297.728607 -22.886073 -1.252835 -6.115969 5.216162 -4.499411 -2.157468 1.042554 2.042752 0.466725 -0.429181 -0.060752 -0.364443 -3.630311 2.045666 2.302016 0.245147 0.269528 -1.121281 0.373061 1.156154 0.075933 0.461629 0.225726 -0.132840 2.199576 0.703630 -0.213381 -0.350031 0.170080 1.030999 -0.180862 -0.586109 -0.243862 -0.054937 0.197047 -0.351083 
271.186157 -30.146695 2.838497 -1.511938 5.706457 -3.960356 -4.400031 1.788677 4.355059 0.618592 0.494076 0.390699 -0.630124 0.768840 3.452926 1.875253 -0.454914 0.609687 0.940716 0.011336 -0.016065 -0.411790 0.351755 0.619819 -0.835007 6.260721 -1.105842 -1.924756 -0.018943 0.456730 2.255697 -0.740180 -1.648012 -0.445664 -0.459634 -0.002067 -0.252719 
260.350098 -21.348392 5.653017 -2.365464 4.306334 -3.280037 -0.276036 1.065227 2.010621 -0.356854 0.274328 1.178886 -2.034457 8.891132 -0.166018 -1.547497 0.207261 1.182987 3.390114 -1.107298 -2.139870 -0.815395 -0.457640 0.221593 -0.638279 -0.620946 -3.629711 -1.304243 0.792760 0.579870 -0.133558 -0.381431 -0.653286 0.179294 -0.300724 -0.538169 0.249691 
0.000000 -12.364431 2.506462 -4.606931 6.120979 -1.594382 2.380197 -0.425920 0.075319 -1.012198 -0.421203 0.833884 -1.906681 -0.473051 -3.806496 -0.733233 1.130606 1.769426 0.673600 -0.751527 -1.322637 -0.053202 -0.249694 -0.456519 -0.335624 -12.050729 -1.609733 0.625057 -0.142325 0.098546 -2.762835 0.822355 1.190140 0.602427 0.106548 -0.509633 0.614977 
0.000000 -22.294494 -1.959976 -3.831930 6.567546 0.258816 1.071163 -0.437826 -0.634653 -0.463258 -0.225060 0.265848 -2.705706 -15.210325 -3.385483 -0.297383 -0.077389 1.380078 -2.135556 0.537412 0.240410 0.389458 -0.244543 -0.797673 0.591676 -0.815401 0.249391 -0.865530 0.394213 -1.615887 -0.874619 0.443714 1.303731 0.093511 -0.053212 0.382947 0.817762 
280.839996 -42.785082 -4.264504 -5.201697 5.966200 1.165775 -1.890914 0.648904 0.556139 -0.233282 -0.910289 -0.761461 -0.723330 -2.103852 -3.307715 -2.464294 1.919032 -1.462348 -1.075638 0.135901 1.284826 0.133820 -0.356119 0.309376 1.299899 14.592208 1.361078 -0.281393 1.142875 -1.474663 1.104442 -1.412518 -0.213681 -0.112078 0.282240 0.419861 -0.445396 
0.000000 -26.502198 -8.575407 -8.760518 10.405609 -2.665881 -1.080113 -0.166025 1.934999 -0.195619 -0.937298 0.884599 -0.105909 13.974092 -0.663327 -0.860169 2.208360 -1.569249 0.073329 -2.287623 -0.186953 0.165302 0.319936 0.042050 -0.299116 5.105447 3.471690 1.289623 -2.510881 0.588602 0.315128 -0.539831 -1.331855 0.281977 0.614663 -0.695865 -0.824812 
0.000000 -14.836899 -5.591159 -6.922035 10.382921 -1.972723 -1.744256 -3.926342 0.182233 0.097322 -0.270418 -0.677361 -1.321562 8.107041 3.635664 0.114952 -3.102730 -0.285144 -0.445382 -0.943761 -1.378884 0.697774 0.873207 -1.082354 -0.349725 -5.891819 1.963289 -0.224847 -3.414253 0.626630 0.081810 1.862953 -0.520244 0.094337 0.346240 -0.020030 0.352808 
355.308960 -10.288115 -1.304078 -8.530613 4.200148 -3.236169 -1.970877 -2.053547 -0.822769 1.199929 0.809117 -1.280108 -0.805359 2.190454 3.263250 -1.309863 -4.620145 -0.315988 0.236950 1.438282 -1.227440 0.353977 1.012416 0.001991 0.406500 -4.499335 -1.510840 -0.075255 1.291059 0.660979 0.625941 0.753557 0.595371 -0.916802 -0.167522 0.704124 0.427235 
340.698029 -10.455990 0.935342 -9.541762 1.142630 -2.604699 -1.270356 -1.049778 -2.272647 0.805275 1.754414 -0.673378 -0.508562 -0.891629 0.613985 -0.035559 -0.520613 1.036813 0.806500 0.563354 -0.188143 -1.135829 0.538163 0.325895 0.504744 -2.456695 -2.422131 1.086865 3.279612 1.100753 0.354534 -0.541690 0.800045 -0.633623 -0.477308 -0.106650 -0.134077 
318.729340 -12.071373 -0.076109 -8.601730 3.158923 -1.162543 -0.357877 -0.926839 -1.199054 -1.071730 1.885442 -0.628319 0.204129 -2.722937 -1.581012 0.863866 1.939078 1.885518 0.946019 0.354902 0.372650 -0.913269 0.057799 -0.211309 0.138346 -2.032490 -0.922859 0.605484 1.121140 0.338841 0.143013 0.343455 -0.090539 0.355988 -0.335296 -0.122068 -0.438796 
296.875916 -15.901863 -2.226682 -7.814029 5.020786 1.166337 0.621681 -0.339974 -1.527347 -1.021262 1.870012 -1.095996 -0.231871 -4.956609 -1.231733 1.175410 1.721668 1.714495 1.092527 1.250264 -0.369221 -0.423854 -0.132430 0.081758 -0.372849 -3.130749 0.953013 0.857141 -0.925239 -0.773169 -0.563856 0.087757 -0.320164 0.364208 -0.033230 0.508327 -0.324712 
282.482635 -21.984592 -2.539575 -6.250911 6.602259 2.266447 1.827177 1.573689 -1.937497 -1.919438 1.620581 -0.464803 -0.541568 -8.984435 0.325013 2.578147 0.088600 0.339179 -0.181694 0.530416 -0.267677 -0.184854 -0.008662 0.805344 -0.511078 4.854600 1.995157 0.087248 -2.126974 -2.288759 -1.146756 -1.138090 0.386955 0.777326 0.027257 0.285685 -0.121896 
264.865601 -33.870732 -1.576655 -2.657735 5.197986 1.844696 0.258294 0.720859 -2.062701 -1.390970 1.852689 0.514692 -1.254026 4.752590 2.758580 1.349905 -2.532280 -2.863022 -1.200986 -1.025916 0.404688 1.130798 -0.077917 0.653129 -0.616641 10.572986 0.421351 -2.285122 -1.189915 -1.852338 -0.104618 -0.752575 0.961294 0.791939 -0.036401 -0.425553 0.506112 
292.915527 -12.479412 2.977585 -3.551101 1.537699 -3.459598 -0.574795 -0.478144 -1.128121 0.342158 1.464747 0.841454 -1.774851 12.161537 1.167716 -1.992097 -2.291231 -3.365497 -0.390930 -0.974733 1.654910 1.399025 -0.081463 -0.045762 0.501146 -2.135798 -1.384341 -2.179289 1.478656 0.898926 0.576014 0.756326 0.442702 -0.382508 0.131305 -0.567365 0.805571 
258.944458 -9.547658 0.758776 -6.641929 0.615524 -4.886298 -0.523565 -1.228607 1.247120 1.407081 1.689763 0.423168 -0.251735 0.480994 -0.010102 -3.008673 0.425033 -1.065170 -0.048958 0.486736 1.290093 0.365782 0.184692 -0.481601 0.994501 -6.762733 0.346027 0.255706 1.568240 1.579021 -0.253406 1.353682 -0.773345 -0.838813 -0.213544 -0.081825 -0.091341 
248.974442 -11.517424 2.957382 -9.568447 2.387764 -5.589938 -0.672711 0.495328 1.452065 1.073722 1.834132 -0.121749 0.214150 -1.363929 1.859771 -1.480685 0.845249 -0.207455 -0.897742 1.732632 0.108221 -0.278600 -0.508552 -0.209412 0.318465 0.385591 -0.264328 2.251290 -0.953981 0.733702 -0.191942 -0.062212 -0.875270 -0.477448 -0.111550 0.199609 -0.464642 
252.846344 -12.275516 4.478318 -9.603299 2.306022 -5.301208 -2.319049 2.236657 1.463562 0.849881 0.672658 0.004344 0.385194 1.252176 -0.538758 1.493908 -1.482930 0.402234 -0.432841 0.362311 -0.460448 -0.589113 -0.038407 -0.082384 0.065216 1.344148 -2.118935 1.400050 -1.682361 0.794250 0.924555 -2.119236 -0.163682 -0.202636 0.049116 0.025678 -0.468177 
262.694489 -9.013071 1.879867 -6.580631 -0.578095 -4.785469 -1.538393 1.219951 0.531169 -0.104504 1.757318 -0.286516 0.344583 1.324366 -2.378099 1.319414 -2.519474 1.381046 0.951368 -2.505841 -0.219143 -0.683872 -0.410321 -0.158056 -0.617889 -1.346209 0.071552 -0.967826 0.464118 0.504991 0.068350 -1.313360 -0.052307 -0.338007 -0.050713 0.119935 -0.148459 
0.000000 -9.626784 -0.277880 -6.964471 -2.732927 -2.539116 -0.416313 -2.775025 1.025276 -0.517863 -0.147983 -0.311768 -0.850583 -1.440241 -0.395654 -0.441743 -0.554693 1.412216 -0.296142 -2.264410 -0.565062 -1.265127 -0.139833 0.157486 -0.231702 -2.975478 3.133605 -0.610489 2.130153 -0.316612 -0.868917 1.446075 -0.406389 0.206203 0.581107 0.152904 0.586084 
314.505646 -11.893553 1.088558 -7.464118 -1.687481 -1.961036 -2.130677 -3.308868 -0.598954 -2.634758 1.477653 0.028455 -0.118821 -4.626590 3.889111 0.098437 1.740832 0.747822 -0.786466 0.386309 -1.031922 -0.271465 0.751894 0.147751 0.554280 -2.280160 2.378742 0.932912 1.052078 0.098833 0.506384 1.472298 -0.133890 1.370931 -0.545783 0.004470 0.121179 
0.000000 -18.879965 7.500342 -6.767597 0.748737 -1.043472 -1.989245 -2.002406 -1.038568 -1.060794 1.355804 -0.016265 0.257977 -6.000562 4.361829 1.424081 1.549462 1.609882 0.716626 0.680187 -0.832841 1.476734 -1.231399 0.166426 0.010656 -0.385825 -1.300866 1.271357 -0.908973 0.285707 1.048716 -0.102498 0.313618 0.840336 -0.687014 -0.032462 -0.477818 
0.000000 -23.894676 9.812216 -4.615955 1.411444 1.258727 -0.697424 -1.948495 -2.264637 0.318711 -0.985145 0.361307 -0.097508 -5.398241 1.287379 2.641151 -0.077115 1.319237 1.310965 0.181313 -0.404687 1.409208 -0.622134 0.082828 -0.401355 -1.686021 -3.137928 1.255369 -1.380598 -0.905039 0.625490 -0.771897 0.353197 -0.399379 1.030788 0.085780 -0.393169 
0.000000 -29.676446 10.075101 -1.485294 0.594508 1.595002 0.632686 -1.639780 -1.847942 1.757622 0.111536 0.149390 -0.544734 -9.372604 -1.914026 3.934820 -1.211733 -0.200197 1.967607 -0.863608 -0.126446 0.677977 0.830178 0.337987 -0.775681 -1.409516 -5.860277 0.288703 -0.146485 -0.799821 0.192612 -0.568154 0.030545 -0.432915 0.339730 -0.314055 0.463812 
292.580811 -42.639885 5.984164 3.253685 -1.012022 0.858334 3.237791 -3.675712 -2.517530 1.674665 0.675210 1.037280 -1.648869 -8.217272 -10.433175 3.218558 -0.370085 -0.280405 1.696189 -0.954996 -0.343597 0.543378 0.057326 -0.545283 0.526269 2.014600 -5.709540 -1.089304 1.115427 -0.434097 -0.876822 1.027067 0.270473 -0.081398 -0.522720 -0.737789 1.006310 
0.000000 -46.110991 -10.791250 4.951821 -0.145663 1.034193 4.025064 -3.549772 -2.535135 2.844378 0.226187 -0.941176 0.507803 -5.343404 -13.333105 1.756212 1.019120 -1.068391 0.213962 1.190526 0.414499 0.515181 -0.215262 -1.137592 1.236938 5.165643 5.781760 -0.480041 0.947135 -0.472108 -1.123395 1.118457 0.195386 -1.301672 -0.577124 0.266622 -0.196585 
0.000000 -53.326693 -20.682046 6.766109 1.026218 -1.278448 3.665716 -1.294660 -1.688531 2.705028 0.244686 -1.237903 0.825007 2.114013 1.130344 2.258475 1.524185 -1.224620 -0.550601 1.281917 0.047174 -2.059966 -1.096922 -0.012038 0.133098 8.880007 11.766865 -2.827739 0.670095 0.508075 0.481248 -1.019609 -0.569769 -1.124506 -0.563264 1.136548 -0.897042 
0.000000 -41.882964 -8.530561 9.468771 2.902707 -1.415048 2.923861 -0.985938 -2.440787 -1.275554 -1.967656 -0.965251 0.774000 12.416609 10.200626 -3.899266 2.359310 -0.052241 1.176458 -0.848692 -0.725039 -1.733831 -1.341789 1.135504 -0.557147 3.713362 1.840032 -4.779097 0.551264 0.161220 0.464033 -1.199254 0.827987 1.623394 0.826900 0.535757 -0.253367 
325.260864 -28.493476 -0.280795 -1.032423 5.744838 -1.382931 6.018631 -2.992045 -3.138609 -0.762634 -2.438893 1.033105 -0.289286 9.540737 4.810409 -7.299719 2.626713 -0.902180 0.377465 -1.116590 1.703148 1.186822 0.556879 1.059477 -0.373636 -4.562290 -4.165563 0.843970 -1.133073 0.194623 -1.761704 1.184295 1.332768 1.099739 1.556540 -0.480938 0.582460 
351.664612 -22.801491 1.090256 -5.130668 8.156133 -3.219407 3.678791 -3.219118 0.965510 1.098090 -0.853899 1.153702 0.026728 3.292029 1.869499 -2.211326 0.093163 0.337005 -2.346950 1.519897 1.940498 0.465647 1.771290 0.173628 0.607773 -3.845268 -1.790999 3.369810 -2.289118 1.301000 -0.703089 1.406025 -0.820550 -0.786621 0.494703 -0.467676 0.400079 
363.471191 -21.909418 3.458204 -5.455074 5.931165 -0.708920 1.324732 0.047749 0.742386 0.168660 1.103687 1.380361 0.926260 1.850202 1.228411 -0.560099 -1.951523 1.699821 -1.028714 1.695460 0.062048 -0.386421 1.546284 0.124124 0.426522 -0.749623 -0.550557 0.618423 -0.295679 0.251766 1.094324 -1.266711 -1.218888 0.062763 -0.784551 -0.250050 -0.553488 
377.175720 -19.101088 3.547079 -6.250866 4.253088 0.180234 1.621364 0.171802 1.089606 0.325248 2.238670 1.401949 0.879772 1.792783 0.768385 -0.974479 -0.498194 0.840537 -0.158303 -1.013524 -0.497278 0.591172 0.202188 -0.326473 -0.499204 0.560975 -0.472405 -0.308903 0.656653 -0.899253 -0.001406 -1.879047 -0.617651 0.311602 -1.369573 -0.432702 -0.609176 
375.239685 -18.323853 4.994975 -7.404033 4.934777 0.972155 1.008126 -1.979300 -0.252170 1.351004 1.508063 0.727416 -0.072148 2.972151 0.283601 -1.177904 -0.638217 -0.098685 -1.031526 -2.062635 -1.173255 0.236784 -1.192862 -0.741281 -0.791830 1.109276 -1.069719 0.530374 -0.864164 -0.778127 -0.517988 0.107405 0.309034 -0.477607 -0.532241 0.005298 -0.049587 
345.126007 -13.156785 4.114280 -8.606673 2.976654 -0.017135 -0.441688 -3.953467 -1.256903 0.798816 -0.147054 -0.080612 -0.703889 4.011335 -1.371053 0.086270 -2.226521 -0.715717 -1.194279 -0.798714 0.120789 -0.364043 -0.862295 -0.315877 -0.598378 -0.833528 -0.444049 0.810273 -0.713962 -0.521736 0.277347 1.539270 1.179074 0.076693 0.780852 0.827379 0.442570 
317.038971 -10.301183 2.252869 -7.231493 0.481736 -0.459279 -1.380432 -3.576728 -0.010592 0.622918 -0.216526 0.095661 -1.268903 1.305095 -0.604498 0.442643 -2.066140 -1.142156 -0.476832 1.015905 1.184894 0.390169 0.368842 0.913477 0.093310 -2.625845 1.467922 -0.663078 0.793853 -0.112498 0.887436 0.734998 0.357396 0.200680 0.554259 0.574948 0.628042 
0.000000 -10.546595 2.905285 -7.721388 -1.155626 -2.301447 -1.395352 -1.921657 1.112884 1.579155 0.590630 1.746342 -0.517268 -1.240356 1.564791 -1.239886 -0.638815 -0.940713 0.580593 0.671282 0.835580 0.037316 0.246223 0.834019 0.657706 -0.899576 0.695071 -0.465881 1.289312 0.690147 0.267094 -0.476997 -0.610716 -0.616147 0.014804 -0.761161 0.038451 
245.469467 -12.781894 5.382450 -9.711265 -0.795894 -2.340706 -0.219246 -2.234164 1.660568 0.697551 0.275920 1.763699 0.046509 -0.494057 0.785643 -0.489119 0.512485 0.238138 0.057357 0.061911 -0.036539 -0.842124 0.398449 -0.608845 0.170213 0.235175 -1.207373 1.104344 0.933357 1.145194 -0.475063 -0.214562 -0.707515 -0.438956 0.431566 -1.330498 -0.381291 
253.237305 -11.534709 4.476571 -8.699625 -0.130657 -1.825170 -1.280637 -1.797834 1.039806 -0.105094 1.387529 0.528651 -0.176843 -0.770005 -0.849956 0.968803 1.227899 1.349675 -0.369533 0.242158 -0.579449 -0.840596 1.109355 -1.826978 -0.104875 -1.446277 -1.319712 1.175208 0.770064 -0.070725 0.313250 0.096941 0.027497 0.149483 0.178614 -0.054535 0.140064 
281.152802 -14.321904 3.682539 -7.773660 1.659904 0.358644 -0.958312 -1.749848 0.501671 -0.983641 2.494629 -1.890257 -0.163241 -3.386612 -1.853781 1.861298 2.052612 0.096689 0.683857 0.255792 0.018456 -0.543157 0.755677 -0.717914 0.450342 -2.033454 -0.693534 0.728766 -0.062919 -1.199295 1.014200 -0.185742 0.647631 0.436835 -0.443922 1.380944 0.212469 
316.540039 -18.307932 0.769010 -4.977029 3.974568 -1.631792 0.087077 -1.286250 1.076717 -1.191408 2.898883 -0.907178 0.723840 -4.836912 -2.237023 2.426335 1.102060 -1.048915 1.658868 -0.129325 0.715813 0.033075 0.221511 0.934910 0.320062 -4.281022 1.242998 0.739822 -1.255163 -0.010965 -0.527887 0.527132 -0.166349 0.488555 -0.975908 0.551548 -0.715221 
328.340973 -23.995729 -0.791506 -2.920989 3.864025 -1.739186 2.359423 -2.008498 1.933296 -0.917491 2.937650 -0.020436 0.476883 -11.948655 0.632215 3.340942 -0.457713 0.074759 -0.371917 1.310056 -0.314242 0.433953 -1.196139 0.385182 -0.980101 2.275378 2.669430 -1.955678 -1.200921 0.692470 -1.605000 1.018097 -1.479291 0.734273 -0.768923 -0.785591 -0.122269 
301.895264 -42.205242 2.033440 1.704855 3.059143 -1.482274 -0.656758 1.333862 0.448234 -0.323502 0.506605 -0.136814 -1.236362 -0.286157 3.101838 -1.485020 -1.299783 0.336025 -1.551133 1.906868 -2.242769 1.501622 -1.316335 -0.636271 0.075525 12.996149 0.966091 -4.320449 0.177099 -0.780990 0.208430 -1.174328 -0.527018 0.204148 0.294567 -0.387125 0.769700 
296.500397 -24.568044 5.412170 -5.891029 1.264460 -1.067135 -0.742842 1.805238 -2.552242 2.085752 0.304980 -1.292979 0.627932 14.043643 2.564397 -5.299955 -0.103514 -1.487221 0.044942 -1.038600 -1.368278 0.842248 -0.607006 -0.389069 0.559299 3.101933 -1.828140 -0.021422 -0.135575 -0.385481 0.325120 -1.747107 1.659736 -1.146485 0.589624 0.646205 -0.212947 
344.714539 -14.117956 7.162234 -8.895055 2.852115 -4.456716 -0.566874 -0.743338 -2.288321 1.360995 -0.707406 -0.914952 -0.117765 5.917709 -0.554443 -1.527864 -1.570933 -0.434937 -0.900893 -1.587347 1.076703 -0.791348 -0.137087 0.656138 -0.350369 -7.032118 -1.671726 2.409251 -0.444906 1.890987 -0.311541 0.364472 0.995516 -0.758008 1.120653 0.387481 -0.259088 
331.713837 -12.732625 4.303285 -8.946756 -1.877407 -1.937009 -2.544628 -1.369456 -0.398837 0.503057 0.030806 0.019297 -0.072806 -0.020594 -0.779054 -0.481452 -0.993325 2.294754 -0.578140 -0.309657 0.622754 -0.673767 1.634301 0.385894 0.041123 -4.498247 -0.212878 0.983276 2.642418 0.128639 1.134483 1.044798 -0.542045 0.536963 0.446206 -0.500264 0.428916 
325.398407 -14.159144 5.604126 -9.857960 0.865464 0.132792 -1.723155 -1.362652 -1.042813 0.013460 2.561196 -0.143164 -0.035519 -3.078785 -0.980199 0.438688 3.713903 -0.177658 1.368074 0.502250 -0.007387 0.282579 0.755326 -0.344390 0.507463 -2.717104 -0.561780 1.424012 2.344230 -1.894638 0.808298 0.446693 0.099148 0.801700 -1.794296 -0.130372 0.494547 
331.662048 -18.890194 2.342887 -8.069381 5.550400 -2.292325 0.191520 -0.364956 -0.413611 1.068216 1.541459 -0.669483 0.942120 -5.454801 -1.902614 2.366571 3.695134 -1.494523 1.038456 0.583729 0.821051 0.929632 -1.954291 0.125150 1.030217 -0.303887 -0.709345 1.909009 -1.477570 0.138285 -0.822170 0.038207 0.414388 -0.260591 -0.998452 0.315847 -0.139223 
333.295441 -25.068746 1.798898 -5.124817 8.255732 -2.856254 0.353757 -0.195193 0.599290 1.872725 -1.347386 0.107135 2.024914 -3.686558 -2.398888 4.256706 0.758764 0.098912 -0.276267 0.578664 0.821389 -0.238602 -1.241577 0.287304 0.229017 6.009426 0.448820 -1.237772 -2.939938 0.690620 -0.993896 -1.030751 -0.817946 -0.811035 1.188693 -0.064724 -1.249013 
330.737823 -26.263310 -2.454890 0.444032 7.067928 -2.094502 -0.361013 0.792372 1.229167 0.591012 -0.941695 -0.094875 1.400154 6.564051 -1.004975 -0.108973 -2.184742 -0.113284 -0.949336 -1.477774 -0.814841 -0.692437 0.423094 -0.004298 -1.467809 5.782750 2.001653 -4.219758 -2.431886 -0.173198 -0.128378 -1.174538 -0.947061 0.236570 0.982530 0.004462 -0.805705 
333.049805 -11.940644 -0.211052 -5.342763 3.886248 -3.082822 -1.544914 -3.150741 -1.030392 0.487851 -0.501197 0.098540 -0.910704 7.878942 1.604417 -4.182809 -4.105009 -0.247483 -0.533023 -1.770413 -1.072734 0.234538 0.723484 0.296228 -1.382393 -3.347562 0.824286 -1.000088 -0.492590 0.464226 0.766243 1.395983 0.541863 0.348013 -0.511601 0.078981 0.567873 
327.962830 -10.505425 0.753945 -7.921586 -1.142089 -2.589469 -1.427059 -2.748454 -0.916300 1.060087 0.505272 0.497580 -1.364633 -0.131074 0.643598 -2.109149 -3.169922 0.815169 0.583150 1.314192 0.268886 0.003590 -0.600107 0.153665 -0.332062 -4.487934 -0.394439 2.043879 1.457860 0.122214 0.175919 1.646577 0.487779 -0.012050 -0.856826 -0.117382 0.946767 
310.590881 -12.202792 1.076143 -9.561061 -2.453597 -1.452484 -0.378614 -0.522356 -0.492621 0.495031 -1.701411 0.405869 -1.574829 -1.096925 0.815539 -0.095051 -1.189289 -0.003055 -0.181184 1.522741 -0.097175 0.210438 -0.990169 0.061464 0.511140 0.054232 0.229913 1.873500 1.637000 -0.780715 -0.570544 -0.675946 0.225018 0.165454 0.690379 0.207016 0.546709 
313.338959 -12.699276 2.385023 -8.111688 -3.520668 -2.595579 -1.789426 0.297027 -1.110650 1.480964 -1.475067 0.620508 -0.342353 -0.022611 1.103423 1.637850 0.104077 -0.746261 -0.557939 -0.037700 0.718921 0.334498 0.780652 0.567698 0.761356 -1.139610 0.656072 0.765678 1.381601 0.537933 0.193241 -0.935788 0.766826 -0.321466 0.952453 0.260407 -0.339295 
329.843140 -12.248013 3.282990 -6.285361 -2.245442 -2.945007 -1.494491 -0.597756 0.945222 1.164026 -0.140108 1.541265 -0.052117 -3.376146 2.127683 1.436305 1.573913 1.072811 0.205299 -0.348836 1.436477 -0.432494 0.914737 0.582278 -0.167450 -5.186247 -0.276157 0.109917 -0.956181 0.684809 0.739973 0.246848 -0.518575 -0.157485 -0.203233 -0.314789 -0.158323 
352.593567 -19.451568 6.640390 -5.239079 -0.372841 -0.449957 -1.378828 -0.400644 1.762305 0.615977 0.354408 1.785065 -0.677253 -10.395104 0.551108 1.857684 -1.808284 0.623357 0.922006 0.455997 -0.318229 0.019527 0.374186 -0.061880 0.444711 2.351274 -1.093637 -0.844672 -0.837044 -0.717193 0.257544 0.120942 -1.080211 0.044561 -0.355713 -0.367259 0.477745 
344.853333 -33.038222 4.385207 -2.569992 -5.862010 -1.698293 0.349521 0.314238 0.308764 1.203080 0.608265 1.417505 0.837305 1.326401 -0.059590 -0.253040 -0.100174 -0.361575 0.720387 -0.106952 -0.723944 -0.343372 0.203310 -0.152239 0.788039 10.353834 0.112237 -2.416350 2.576913 -0.256805 -0.671529 -0.837593 0.305111 -0.357638 -0.099664 -0.159705 -0.610773 
0.000000 -16.798767 6.521210 -5.745159 -0.573189 -1.173108 0.061947 -0.614548 0.314417 -0.070767 0.761029 1.480587 0.898825 10.312563 0.775583 -2.975016 3.345541 0.109746 -0.421052 -1.219188 0.291994 -0.695749 0.174858 -0.381290 -0.776835 0.378363 -0.954146 -0.479855 -0.279875 0.139621 -1.074170 -0.526589 0.595724 0.662776 0.072746 -0.252918 -1.196436 
379.159943 -12.413096 5.936373 -8.520024 0.829073 -1.478802 -0.492583 -2.124139 0.892752 -0.188418 0.957981 0.654925 -0.716364 2.083127 -1.967882 -1.212749 -0.659924 -0.082333 -1.427952 -1.160130 0.467504 0.982180 0.348802 -0.658074 -1.604834 -4.874195 -1.505038 1.815767 -1.928299 0.114028 -0.542242 0.443752 -0.584590 0.802329 -0.093613 -0.043520 0.233776 
352.307556 -12.632513 2.585446 -8.170658 -1.893036 -1.337773 -2.793957 -2.934808 1.249424 1.893594 1.458633 0.164439 -2.310842 0.564174 -2.234493 0.656517 -0.511056 0.337803 -1.505536 -0.331684 -0.877187 0.908910 -0.012367 -0.468330 -0.309284 -1.212034 1.046011 0.738194 2.006107 0.464293 0.642503 0.740253 -0.508826 -0.637671 -0.652521 0.052530 1.085521 
0.000000 -11.284749 1.467387 -7.206989 -0.193040 -0.803196 -3.503655 -2.787507 -0.861621 1.629402 0.933247 -0.281736 -1.334931 -0.340942 0.124140 0.263638 3.352289 0.846253 -0.142947 0.320377 -0.550149 -0.293161 -0.956240 -0.553014 0.566208 -0.789499 1.458831 -0.437357 1.506674 0.120581 0.858719 0.289205 0.691280 -0.534987 -0.340590 0.069202 0.193768 
0.000000 -13.314398 2.833727 -7.643382 4.811542 0.354733 -3.079851 -2.294055 0.149126 1.307272 -0.453847 -0.941589 -1.178426 -1.014824 0.683170 -0.218197 2.502291 0.578965 0.211902 0.246726 0.505374 -0.161065 -0.693547 -0.329927 0.078253 -0.336941 0.279515 -0.240917 -0.424999 -0.133644 0.177425 -0.036825 0.527761 0.066048 0.131346 0.111544 -0.243978 
