398.500885 -34.836908 6.738782 -3.212945 -2.736757 -1.143635 1.384539 0.796235 0.283967 0.350669 -1.202769 -1.226051 0.390174 0.994359 0.042178 0.122601 0.286617 0.248407 -0.154803 -0.258319 -0.255724 -0.688281 0.392938 0.558463 0.059308 1.160874 -0.111969 -0.128591 0.338013 0.319611 -0.537641 -0.542251 -0.080169 0.178468 0.101716 0.031945 -0.158696 
303.305084 -32.848189 6.823138 -2.967743 -2.163523 -0.646820 1.074933 0.279596 -0.227482 -1.025893 -0.416892 -0.109124 0.508791 3.316108 -0.181760 -0.134582 0.962642 0.887628 -1.230085 -1.342821 -0.416062 -0.331344 0.596370 0.622352 -0.258083 2.598640 -0.118976 -0.625827 0.620609 -0.155153 -0.561433 -0.280356 -0.087913 0.606700 -0.088738 -0.273214 -0.036428 
304.064270 -28.204693 6.375262 -3.482108 -0.811472 0.631622 -1.075631 -1.889406 -0.548158 -0.312019 -0.010028 0.018654 -0.125993 6.191640 -0.195773 -1.129053 1.527834 -0.061899 -1.277670 -0.819032 -0.431550 0.525119 0.215462 0.012034 -0.013547 0.627850 0.131058 -0.868032 0.226815 -0.958699 0.645880 0.941007 -0.012271 0.374825 -0.212518 -0.415189 0.384960 
127.693626 -20.464910 6.431592 -5.225848 0.892145 -0.770619 -1.480406 -1.358468 -1.090583 0.024346 0.014031 -0.085056 0.481698 4.571807 0.080357 -1.870646 1.416273 -1.029769 0.061675 0.539193 -0.440605 0.418306 0.171335 -0.208027 0.511837 -2.315429 -0.084752 0.089879 -0.394417 -0.287416 0.805169 0.473979 0.142501 -0.079176 0.095043 -0.066549 0.085440 
254.267181 -19.061079 6.535975 -7.223400 2.021074 -1.427915 -0.952281 -0.811020 -1.429367 0.524592 0.332642 -0.397400 0.897682 1.560783 -0.365277 -0.949295 0.739000 -0.636731 0.332668 0.128927 -0.146548 0.366767 0.405548 -0.121064 0.157333 -1.703193 -0.228262 0.981444 -0.455014 0.472404 -0.083862 -0.166690 0.155258 -0.017280 -0.044002 0.035215 -0.359265 
254.788437 -17.343344 5.701039 -7.124437 2.370144 -2.044081 -0.815070 -1.100614 -1.383679 0.757879 0.825128 -0.327183 0.796363 1.165422 -0.376168 0.092242 0.506246 -0.084961 -0.106048 0.205813 -0.130089 0.383747 0.083331 -0.137597 -0.206694 -0.944203 0.089076 0.648103 -0.224504 0.594032 -0.029271 -0.146970 0.104590 -0.205153 -0.446328 0.017593 -0.215456 
254.332367 -16.730236 5.783638 -7.038915 3.033565 -1.597838 -1.164378 -0.399394 -1.689545 1.292086 0.499303 -0.672595 0.484295 -0.327623 -0.187125 0.346912 0.289991 0.551333 0.274127 -0.165013 0.062631 -0.043539 -0.487108 -0.085878 -0.273579 -1.500874 0.020776 0.726291 -0.506916 0.552286 0.468608 -0.599064 0.524490 -0.322495 -0.326831 0.115172 -0.050265 
253.934692 -17.998590 5.326789 -6.430612 2.950127 -0.941415 -0.266815 -1.430641 -1.258416 0.670801 -0.149088 -0.498940 0.249205 -1.836326 -0.334617 1.544824 -0.507587 1.019610 0.831168 -0.992315 0.918891 -0.261244 -0.570332 0.092746 -0.307223 -2.349662 0.197422 0.709813 -0.263812 0.320677 0.023749 0.079728 0.500800 0.110552 0.347672 -0.090160 -0.122756 
254.079468 -20.402887 5.114404 -3.949266 2.018392 0.441382 0.497958 -2.384024 0.148238 0.769598 -0.641361 -0.487103 -0.130150 -5.026947 0.207720 1.766539 -0.237632 1.192686 0.321626 -0.005557 1.064232 0.177566 0.208236 -0.266198 -0.519091 0.956363 0.672969 -0.952941 0.529680 -0.405748 -0.354807 0.825320 -0.811818 0.026928 0.675925 -0.192867 -0.041967 
252.145645 -28.052485 5.742228 -2.897534 2.474863 1.443957 0.376437 -1.441754 0.870048 1.025933 0.267384 -1.031336 -0.788976 0.076399 1.011322 -0.361058 0.551774 0.208114 0.121554 0.658325 -0.704744 -0.207388 0.781517 -0.292989 -0.391156 5.478318 0.306969 -1.756281 0.131786 -1.001313 -0.092792 -0.217662 -1.148317 -0.379363 -0.006418 0.433769 0.431687 
260.372833 -20.250089 7.137048 -4.671381 3.121940 0.857610 0.741067 -1.067375 -1.261251 0.354822 0.921674 -1.073081 -0.912463 5.929689 0.821658 -1.746023 0.025940 -0.809940 0.136041 -0.440881 -1.232402 -0.581160 0.195401 0.601339 0.344284 0.485157 0.151374 -0.160050 -1.005205 -0.477290 -0.077977 -0.504465 0.434351 -0.274648 -0.702596 0.599300 0.660091 
260.323700 -16.193106 7.385543 -6.389579 2.526742 -0.175923 0.648520 -2.323517 -1.594755 -0.136386 0.658186 0.171342 -0.100408 1.046713 1.314069 -0.681158 -1.458636 -0.746466 -0.034400 -0.350605 0.163958 -0.756684 -0.623674 0.905610 0.929025 -5.588762 0.229107 1.766935 -0.633136 0.135287 -0.143379 0.715620 1.066051 0.176185 -0.512226 -0.319640 0.094709 
258.833527 -18.156662 9.765186 -6.033697 0.204668 -0.635322 0.672268 -1.768584 -0.933334 -1.158547 -0.325674 0.738139 0.945587 -5.247835 1.279871 1.787847 -1.240333 -0.539366 -0.150717 0.990358 0.899699 -0.228789 -0.829051 -0.037941 0.533701 -4.485776 -0.951172 1.544558 0.128687 -0.096512 -0.473052 0.358663 0.146445 0.601045 0.143780 -0.743080 -0.452570 
255.942215 -26.688775 9.945285 -2.813884 0.046077 -1.254655 0.347086 -0.342800 0.204643 -0.593964 -0.999917 0.095461 0.966994 -7.924839 -0.588276 2.407958 -1.201263 -0.939491 -0.980503 0.366721 0.456849 0.445405 -0.336115 -0.580551 0.023886 -0.435824 -1.153615 -0.646255 -0.125596 -0.087267 0.014109 -0.238272 -0.164397 0.270895 0.258669 -0.302672 -0.378680 
257.630463 -34.006340 8.588634 -1.217781 -2.197858 -2.514304 -1.288737 -1.035141 -0.019637 -0.267737 -0.997903 -0.422962 0.993358 -6.119483 -1.027359 0.495338 -1.491524 -0.713899 -0.122499 0.513815 0.570905 0.313001 -0.311714 -0.643285 -0.223660 3.066404 -1.280126 -1.254720 0.525350 0.563462 1.027296 0.444920 0.043107 -0.119386 0.183377 -0.045715 -0.138217 
258.731293 -38.927741 7.890567 -1.823209 -2.936972 -2.682454 0.102089 0.684829 1.346453 0.032037 -1.623345 -1.191108 0.519675 -1.792030 -3.148528 -0.101483 -0.150562 0.187433 1.074090 1.256562 0.543062 0.206634 0.030640 -0.671980 -0.252549 6.213638 -0.301664 0.001750 1.382662 0.881863 0.060254 -0.368012 -0.469085 -0.293667 0.499437 0.616868 0.178352 
258.638245 -37.590400 2.291579 -1.420748 -2.498982 -2.139438 0.859442 1.477983 1.066488 0.145531 -0.936623 -1.766921 0.488260 6.307793 -1.630686 0.498838 1.273800 1.049827 -0.001990 -0.222209 -0.367265 -0.274333 0.687159 0.590451 0.133045 3.779141 2.878969 -0.121042 0.737047 0.493150 -0.721629 -0.693975 -0.390945 -0.409853 -0.083211 0.872820 0.104469 
262.997375 -26.312156 4.629194 -0.825532 -0.389372 -0.582801 0.098109 0.240412 0.611924 -0.516629 -0.249026 -0.010205 0.785765 5.766252 2.609411 -0.343568 1.323532 1.173733 -0.369168 -0.131389 -0.238828 -0.613073 -0.135782 1.073661 -0.043611 -2.873901 0.617244 -0.630192 0.107736 -0.235915 0.484844 -0.040980 -0.119508 -0.169719 -0.386408 -0.346120 -0.531878 
249.599564 -26.057896 7.510400 -2.107884 0.148083 0.208027 0.121105 1.215206 0.588831 -1.080615 -1.208187 0.380401 0.401038 0.559991 -0.396199 -0.761546 1.489272 0.577996 0.967698 -0.304168 -0.606281 -0.613772 -0.085656 -0.101788 -0.930711 -0.031749 -1.900494 -0.053990 0.144533 -0.490200 0.513255 -0.851616 -0.218644 0.206416 0.457961 -0.677036 -0.436480 
256.330017 -25.192173 3.836796 -2.348625 2.589172 0.573192 2.033504 -0.367924 -0.600638 -1.744172 -0.420338 -0.213781 -1.075656 5.702753 -1.191578 -0.451547 1.612597 0.193333 0.657341 -1.834621 -0.676117 -0.200242 0.780139 -0.280410 -0.916572 2.578457 0.537515 0.118746 -0.608080 -0.198624 -0.874437 -0.387778 0.297941 0.307549 0.396135 -0.079071 0.417388 
290.997559 -14.652390 5.127245 -3.010978 3.373277 0.594692 1.435787 -2.454035 -0.763403 -1.481098 0.352091 -0.180420 -1.432106 5.716905 0.678831 -0.524055 0.273111 0.180749 -0.781176 -1.079724 -0.010398 0.001326 0.706615 -0.259931 -0.095934 -2.844436 1.186233 0.105215 -1.192057 -0.197036 -0.418561 1.173917 0.566901 0.072452 -0.495291 0.103263 0.791744 
292.959106 -13.758362 5.194459 -3.396734 3.135395 0.934691 0.471153 -2.527373 -0.621435 -1.741520 0.992891 -0.733642 -1.267523 0.013882 1.180889 -0.241118 -0.771517 -0.200740 -0.179782 0.513214 0.457685 -0.055338 -0.210442 -0.073885 0.666917 -4.454933 0.534038 0.399670 -0.724583 -0.464949 0.461864 1.013762 0.490375 0.121050 -0.576825 0.270549 0.391417 
288.109985 -14.624626 7.489023 -3.493213 1.830242 0.193213 1.076223 -1.427607 0.151966 -1.591773 -0.068794 -0.328189 -0.098273 -3.192961 1.746908 0.275285 -1.176055 -0.749148 0.142553 0.947799 0.970351 0.243426 -0.447035 0.281167 0.686899 -4.882566 -0.568077 0.602025 0.178012 0.091337 -0.051138 0.004205 -0.121926 0.443374 0.203426 0.120099 -0.477774 
271.022858 -20.144285 8.688274 -2.846165 0.783286 -0.563605 0.756258 -0.631776 1.319268 -1.254669 0.098822 -0.171308 0.106276 -9.751249 0.044735 0.962931 -0.415493 -0.018065 -0.282058 0.521624 0.213833 0.831411 0.196410 0.166313 -0.288632 -1.423000 -1.746999 0.207705 0.425067 0.543233 -0.507497 -0.362222 -0.539000 0.067204 0.406855 -0.125744 -0.465854 
253.679031 -34.127124 7.578493 -1.567350 0.999257 0.157082 0.512107 -0.384359 0.579631 0.071048 0.324027 0.004436 -0.675537 -6.038962 -1.747091 0.690694 -0.325920 0.337319 -0.872441 0.223355 -0.107649 0.377833 0.366676 0.029678 -0.244809 7.474324 0.146318 -0.985149 0.591422 -0.361263 -0.013737 0.097645 0.062769 -1.041419 -0.248244 -0.016517 0.541224 
260.667053 -32.222208 5.194093 -1.464777 0.131445 0.111033 -0.988625 -0.185065 1.103969 -0.499004 0.832174 -0.111951 -0.383343 5.197399 0.337372 -1.007366 0.767351 -0.740592 -0.309532 0.716914 0.339371 -1.251427 -0.300077 0.133278 0.793815 3.242046 1.451097 -1.029497 0.854941 -0.080201 0.613983 0.103877 -0.134116 -0.644419 -0.378985 0.088556 0.438616 
239.653702 -23.732326 8.253236 -3.582082 2.533959 -1.324101 -0.106958 1.049468 1.258373 -2.431805 -0.276128 0.270992 0.912093 0.445130 1.155103 -1.368301 1.383963 0.176917 0.355525 0.431110 -0.375882 -0.911006 -0.391295 0.206790 0.632423 -1.776963 -0.881296 0.433711 -0.423879 0.568437 0.737099 -0.927521 -0.679299 0.638103 0.740721 -0.048375 -0.702450 
242.093369 -31.331947 7.504299 -4.201378 2.899370 0.464866 -0.277575 0.677155 0.352204 -2.321016 0.049585 0.301628 0.881504 1.643472 -1.425221 -0.139944 -0.080408 0.396283 1.164665 -1.138128 -1.019227 0.024780 1.181366 0.036529 -0.611085 3.323067 -1.137187 0.678938 -0.721848 -0.297069 0.166155 -0.825871 0.198758 0.285809 0.699407 -0.087401 -0.629695 
252.806839 -20.445381 5.402793 -3.861969 2.373143 -0.531536 2.222373 -1.226788 -0.780080 -2.382246 2.086604 0.344050 -0.310077 7.091264 -1.119271 -0.010424 -0.059734 -0.417222 0.687834 -1.220632 0.021633 -0.339388 1.007520 0.031989 -0.626967 -0.381568 1.090631 -0.215212 -0.022373 0.165066 -0.870576 0.303669 0.738515 0.068653 -0.886993 -0.034702 0.475601 
256.575806 -17.149419 5.265758 -4.222226 2.779903 -0.369578 1.098094 -1.764110 0.395470 -2.999791 2.064624 0.365605 -0.372430 0.880336 0.756040 -0.570368 -0.125153 0.726414 -0.576487 -0.530790 0.457804 0.162085 -0.592619 -0.032874 0.340117 -4.518774 1.209839 -0.146671 -0.154041 0.616017 -0.049569 0.781303 -0.169954 0.467909 -1.082485 0.037972 0.581501 
256.829437 -18.684709 6.914873 -5.002706 2.122836 0.921292 1.069399 -2.288368 0.135529 -2.058077 0.901365 0.278301 0.370158 -1.946283 1.300407 -0.303767 -0.367817 0.814813 0.588696 0.341974 -0.318276 0.596431 -1.157450 0.107932 0.536036 -3.305126 0.197917 0.756785 -0.020708 -0.327791 0.370327 0.805017 0.060208 0.358351 -0.130017 0.028795 -0.171724 
248.695251 -21.041986 7.866573 -4.829759 2.044270 1.260048 2.275485 -1.080163 -0.241082 -1.806929 -0.250275 0.581469 0.699642 -5.729915 1.151874 0.943201 -0.166569 0.070831 0.164167 1.079243 0.578220 0.878787 -0.852653 0.024716 -0.003331 -3.313394 -0.776938 0.540046 -0.123432 -0.599996 -0.860592 0.180670 0.657468 0.027991 0.274323 -0.009637 -0.130156 
244.388046 -30.144538 9.218620 -3.116304 1.789698 1.062953 1.397734 -0.129882 1.291969 -0.300502 -0.803942 0.327734 0.363496 -8.573072 -0.253468 0.776326 -0.614681 -0.385180 -1.132489 0.703314 0.996661 0.652414 -0.608804 0.088659 0.275723 3.633628 -0.630018 -1.162191 0.055509 0.092031 -0.202209 -0.692028 -0.439540 -0.935848 0.443249 0.212089 0.082889 
236.617233 -38.188130 7.359638 -3.277107 0.814907 0.489688 0.010507 0.326465 1.752241 -0.502102 -1.467884 0.758786 1.251088 1.537342 -0.108163 -1.381181 -0.055551 0.254893 -0.240250 -0.304812 -0.300860 -0.992909 0.033844 0.448895 0.162447 7.919306 0.060470 -1.271866 1.064656 0.463023 0.712888 -0.730498 -0.963408 -0.633472 0.931231 0.129628 -0.526759 
231.332352 -27.069855 9.002294 -5.878667 1.678597 1.572739 0.917233 -0.739506 0.690248 -2.286321 -0.736254 1.225524 0.688391 7.265541 -0.132528 -1.767406 1.514631 0.540867 0.293288 -0.757682 -0.930154 -0.614530 1.253658 0.347914 -0.777795 -3.119706 -1.255151 1.406910 0.268887 0.210643 -0.146103 0.324861 -0.325157 0.828382 0.219258 -0.392942 -0.373916 
238.024307 -23.657048 7.094581 -6.811919 3.844169 1.571421 0.597083 -1.188898 -0.108067 -1.731161 1.039432 1.454615 -0.304503 -4.702070 -2.618465 1.432639 0.482223 0.676178 -0.532456 0.344909 -0.951174 0.663855 0.472361 -0.336988 -0.585385 -3.534347 -0.506496 1.571326 -0.468149 -0.140835 -0.312014 0.174963 0.395654 0.727891 -0.682380 -0.534519 0.322208 
238.610886 -36.473995 3.765364 -3.013389 2.643042 2.925095 -0.147679 -0.049689 -1.212099 -0.958611 0.208467 0.551549 -0.482380 0.196846 -1.145520 1.375247 0.578332 0.259197 -0.330741 -0.407756 -0.138846 0.841253 -0.111103 -0.721124 -0.133379 6.301983 1.408838 -1.103439 0.497806 -0.691837 0.245387 -1.011783 1.026745 -0.218437 -0.122623 -0.246715 0.518174 
245.124802 -23.263355 4.803541 -4.061426 5.000833 2.089814 -0.064398 -2.004410 -0.385759 -0.048656 0.817227 0.012367 -0.571261 7.901896 0.199212 -0.774238 1.477834 -0.707495 -0.041681 -1.678658 1.102317 0.226982 0.227114 -0.830418 0.450963 0.109711 0.332672 -0.690647 0.115447 -0.100851 -0.210403 -0.245102 0.279980 -0.679345 -0.213655 -0.092180 0.343651 
240.426895 -20.670203 4.163787 -4.561865 5.598710 1.510104 -0.231041 -3.407004 0.992535 -0.504648 0.662695 -1.109287 0.419546 0.416269 -0.480177 -0.006047 0.809226 0.057495 -0.751547 -0.897960 0.421113 -0.517437 -0.538413 -0.905484 0.553923 -4.956415 -0.408581 0.867828 -0.373173 0.825275 -0.300818 0.998303 -0.614814 -0.239112 -0.591395 0.344351 -0.318282 
221.625259 -22.430817 3.843187 -4.073520 6.619285 2.204805 -1.567491 -3.800330 0.456468 -1.083530 -0.259598 -1.798601 0.536584 -2.010935 -0.617951 0.961417 0.731487 0.943054 -0.643318 0.317949 -0.127310 -0.251242 -0.955677 -0.141717 -0.185601 -0.829317 0.296041 0.108088 -0.734996 -0.136504 0.344398 1.034410 0.256108 0.616117 0.182033 0.657121 -0.477410 
0.000000 -24.692074 2.927885 -2.639031 7.061684 3.396211 -1.517677 -2.771107 0.737915 -1.007132 -1.248659 -1.392721 0.048344 -1.242365 0.111905 0.210129 -0.660766 -0.215513 -0.062751 1.170860 0.933330 0.714798 -0.174347 0.408759 -0.400898 -0.379542 0.890691 -0.949789 -0.931855 -1.149173 0.331763 0.721982 0.472447 0.636310 0.526602 0.037760 0.027574 
0.000000 -24.915547 4.066998 -3.653263 5.297754 1.773780 -1.692994 -1.458611 2.323129 0.346065 -0.608292 -0.981084 -0.265211 -2.770019 1.163432 -0.938161 -1.132223 -1.355292 0.020208 1.761913 0.817585 1.021377 0.097527 -0.066198 -0.130453 -3.110567 0.249115 -0.235924 -0.858386 -0.414437 0.355557 0.149431 -0.636526 -0.385111 0.072588 -0.159592 0.337708 
0.000000 -30.232112 5.254749 -4.515352 4.797238 0.685626 -1.477260 0.752720 2.373084 1.035621 -1.053605 -1.525116 -0.212562 -7.463498 0.610135 -0.261719 -2.377538 -1.044387 0.648363 1.469722 -0.339722 -0.055425 -0.029171 0.089575 0.274518 -2.172241 -0.797543 0.535226 -1.133356 0.256831 0.669827 -0.753783 -0.526756 -0.695770 0.106699 0.332910 0.135521 
0.000000 -39.842543 5.287268 -4.176700 0.542678 -0.314994 -0.396268 1.480834 1.643685 0.235215 -0.666633 -0.801934 0.283824 -7.114501 -0.431653 0.132292 -3.398935 -0.841631 1.359863 0.254347 -0.235927 -0.370162 0.310925 0.599622 0.140588 2.036420 -0.601164 0.584346 0.954690 0.281131 -0.156593 -0.866969 -0.188274 -0.145034 0.049184 0.215241 -0.003338 
256.846771 -44.461114 4.391442 -4.250768 -2.000632 -0.997636 1.242465 1.261414 1.901230 0.295296 -0.431756 -0.325871 0.068615 -3.390658 -0.592193 0.906974 -0.468158 -0.482126 0.335178 -0.264216 -0.716270 -0.345494 0.069197 0.520056 0.267841 5.242131 -0.919129 -0.812123 1.699233 0.996436 -0.915304 -0.191135 -0.354736 0.113164 -0.070443 -0.471263 -0.204376 
88.637970 -46.623859 4.102882 -2.362753 -0.393637 -1.279246 0.274087 0.952401 0.211144 -0.455773 -0.528240 0.238179 0.819506 3.369762 -2.269912 -1.491954 -0.000469 1.151241 -0.470745 -0.127923 -0.945400 -0.143835 0.170039 -0.342904 -0.268164 5.654086 -2.952327 -2.682278 -0.549715 1.313789 0.386490 0.306571 0.017720 -0.124405 -0.050304 -0.368568 -0.066070 
264.398041 -37.721591 -0.148382 -7.234677 -2.001570 1.304846 0.300974 1.005569 0.010431 0.007626 -0.091678 -1.011679 -0.467712 7.917513 -6.496846 -4.457582 -1.567587 2.145451 1.108158 0.348926 -0.680830 -0.594303 -0.031412 -0.217079 0.135701 -0.496741 -1.141247 -0.264238 -0.873315 -0.774615 0.580824 0.327116 0.532745 -0.311451 -0.370182 0.176778 0.362812 
0.000000 -30.788833 -8.890811 -11.277917 -3.528811 3.011657 2.490404 1.650254 -1.150516 -1.644379 -0.591064 -0.195980 1.090909 2.376279 -4.552405 -2.020431 -1.747098 -0.397989 0.690903 0.526309 0.120090 -0.766737 -0.570326 0.010651 0.457460 -5.900819 4.749522 3.208268 0.461475 -2.339988 -1.330642 -0.482985 1.205475 0.770308 0.271024 0.074349 -0.467696 
0.000000 -32.969033 -9.253191 -11.275539 -5.495766 0.508868 1.682781 2.058187 0.250610 -1.525848 -1.232329 -0.990377 0.447209 -3.884126 3.002197 1.958954 -0.644637 -2.534524 -1.553125 -0.617044 1.730120 0.946314 0.510635 -0.068380 -0.799691 -2.227067 5.322182 3.241075 1.788690 -0.424131 -0.861259 -0.918310 0.248081 1.172915 0.767549 0.121733 -0.621006 
0.000000 -38.557085 -2.886417 -7.360010 -4.818086 -2.057391 -0.615845 0.416166 2.309724 0.248249 0.430207 -0.332740 -0.508473 -2.077855 6.091959 4.461719 1.830282 -1.246251 -1.031615 -1.310311 0.616251 1.579093 0.964773 0.254117 -0.784552 2.337521 -1.300516 0.497991 2.030010 1.992237 1.184713 0.010233 -1.560572 -0.569210 -0.361847 -0.055272 0.378836 
0.000000 -37.124743 2.930727 -2.352100 -1.835202 -1.983634 -0.380449 -0.562435 1.483113 1.632339 0.697217 -0.482143 -1.121896 0.790915 0.401165 2.954935 3.415382 1.449949 0.816301 -0.596578 -1.391024 -0.192107 -0.213058 -0.178925 -0.042019 3.929454 -2.751800 -2.132847 -0.579295 0.657879 0.376605 0.694618 -0.675768 -1.352402 -0.734632 -0.124915 0.855248 
272.438721 -36.975254 -2.084088 -1.450139 2.012677 0.842508 1.016757 -0.776989 -0.472324 -0.135965 0.004091 -0.690591 -0.592512 5.781052 0.588358 0.196026 0.671693 0.069506 -0.278404 0.078925 -0.735284 -1.125710 -0.504491 0.004287 0.925943 4.045867 2.688438 -2.694490 -2.639983 -1.331862 -0.925020 0.111423 0.871346 -0.083039 -0.013932 0.216442 0.446061 
264.254211 -25.562638 4.107444 -1.960049 -0.491816 -1.844622 -0.937258 -0.404584 0.012544 -0.619080 -0.311765 -0.473569 0.729989 8.882649 5.778040 -2.434045 -1.864584 -1.213774 -1.033739 -0.373732 0.351669 -0.358184 -0.240923 0.253958 0.850102 -0.770431 0.817362 -1.727811 -0.382180 0.062980 0.147760 -0.436441 0.482135 0.466163 0.406525 0.132483 -0.325646 
231.786591 -19.209955 9.471993 -6.318228 -1.716490 -1.585041 -1.050721 -1.524454 0.231014 -0.852333 -0.477754 -0.182674 1.107693 4.240190 2.223082 -3.259595 -0.092666 0.195465 0.017117 -0.793957 0.228986 -0.193384 0.308559 0.269254 0.274651 -4.108088 -3.031912 0.561769 1.349915 0.764418 0.416576 -0.109007 -0.266908 0.257552 0.412599 -0.050731 -0.367039 
220.283615 -17.082258 8.553607 -8.479239 -0.677149 -1.453691 -0.903025 -1.992499 0.470517 -1.005848 0.305353 0.064939 1.279292 0.666474 -0.285783 -1.310506 0.835246 0.315062 -0.200588 -0.591746 -0.182147 0.156921 0.584275 0.152497 0.116024 -3.297643 -0.796604 1.501433 0.804873 0.659468 -0.180273 0.266091 -0.455481 0.266908 -0.156662 -0.194388 -0.232483 
214.174576 -17.877007 8.900426 -8.939240 -0.045999 -0.954917 -1.451897 -2.707947 -0.133279 -0.538491 0.690795 0.122319 1.339741 -2.355095 0.629873 -0.256729 1.517079 1.514401 -0.343429 -0.261776 -0.681976 0.340431 -0.004764 -0.119523 -0.190314 -3.353901 -0.954670 1.726855 -0.405222 0.691532 0.351663 0.361716 0.034177 -0.086644 -0.430232 -0.331841 -0.344985 
224.219345 -21.792448 9.813354 -8.992697 2.357009 1.575111 -1.589884 -2.516051 -0.893435 -0.324986 0.295824 -0.174107 0.898663 -6.041327 -2.195123 2.143204 0.024801 1.698127 0.502738 0.131685 -0.113793 -0.016367 -0.276190 -0.511184 -0.573946 0.639559 -3.254200 1.717203 -1.329611 -0.860091 0.550890 0.017761 0.273908 -0.592087 0.137220 0.095398 -0.141907 
231.353485 -29.959662 4.510179 -4.652833 0.003603 2.441336 -0.446421 -2.444576 -0.360864 -0.571225 0.138415 -0.900050 0.191848 -1.075977 -5.878527 3.177678 -1.142144 -0.205781 0.758350 -0.226254 -0.134160 -0.843743 0.269675 0.071272 -0.474128 4.384057 -0.905269 -1.589804 -0.200816 -0.591317 0.533738 0.588579 -0.151660 -0.184208 0.115703 0.814807 0.505172 
348.925110 -23.944401 -1.943701 -2.637342 0.072721 1.163550 -0.073183 -2.968559 -1.161756 -2.012472 0.835175 -0.031563 -0.049593 2.726786 -4.005661 -1.036404 -0.376830 0.515493 1.570213 1.308844 -0.417113 -0.384783 -0.044784 1.118430 0.436398 0.353145 2.334777 -2.218497 0.258904 0.351384 0.250660 1.157409 0.179897 0.482147 -0.506396 0.291906 0.539947 
0.000000 -24.506090 -3.501142 -6.725642 -0.750058 3.472322 2.694005 0.173111 -1.195091 -1.340791 0.048848 1.336809 1.064644 -0.369686 -1.208974 -1.259317 -0.624336 0.496988 1.259670 2.088564 0.225634 0.120551 -0.743117 0.655083 0.605765 -1.407814 1.787704 0.910618 0.081942 -0.586446 -0.847069 -0.395557 0.329707 0.084747 -0.152585 -0.573766 -0.193876 
78.047554 -24.683774 -4.361648 -5.155977 -1.175951 2.157525 2.446157 1.208569 -0.710489 -1.771370 -0.651060 1.278604 1.161938 -0.088842 -0.430253 0.784832 -0.212947 -0.657398 -0.123924 0.517729 0.242301 -0.215289 -0.349954 -0.029103 0.048647 0.140422 0.389360 1.022075 0.205695 -0.577193 -0.691797 -0.785418 0.008334 -0.167920 0.196582 -0.342093 -0.278559 
