232.764160 -60.978070 -3.986330 -4.847198 -4.646238 1.253708 1.892274 -1.135097 -1.270153 1.527350 0.823977 -0.167525 -0.323521 5.985834 2.923391 2.706251 1.456015 -1.466845 -0.851941 0.151335 0.352392 -1.033446 -0.838449 -0.056051 -0.156434 2.219291 0.959137 0.468599 0.246141 -0.880572 0.286822 0.328640 0.162367 0.029523 -0.288348 0.097757 0.107067 
0.000000 -49.006402 1.860452 0.565303 -1.734208 -1.679981 0.188392 -0.832427 -0.565368 -0.539541 -0.852921 -0.279627 -0.636388 10.424417 4.841664 3.643448 1.948298 -3.227988 -0.278297 0.808616 0.677127 -0.974399 -1.415144 0.139462 0.057701 -1.270474 -0.632124 -0.424543 -0.252341 -0.071218 0.821937 0.693977 0.090727 0.543483 0.181560 0.061363 0.238147 
227.878479 -40.129237 5.696999 2.439697 -0.749643 -5.202268 1.335681 0.482134 0.084102 -0.421448 -2.006311 0.111399 -0.208119 3.444885 1.659143 1.857164 0.951333 -1.609280 0.791933 1.539289 0.533846 0.053520 -0.475330 0.066675 0.319860 -8.150749 -2.727776 -1.283033 -0.618455 2.149446 0.109327 -0.086552 -0.266485 0.597967 0.829698 -0.246239 0.027997 
225.286270 -42.116632 5.178739 4.279632 0.168458 -4.898541 1.772257 2.246151 0.502323 -0.432502 -1.803581 -0.146277 0.003331 -5.877081 -0.613888 1.077382 0.711388 1.070905 -0.059643 0.635511 0.144158 0.221536 0.244252 -0.353017 0.113694 -4.873978 -0.864729 -0.907541 -0.435389 1.804595 -0.842649 -1.068263 -0.409569 0.060992 0.563509 0.107838 -0.228841 
74.099640 -51.883400 4.469224 4.594461 0.673132 -3.060459 1.216396 1.753156 0.372417 0.021624 -1.517807 -0.594635 0.019268 -6.303071 -0.070315 0.042082 0.080554 1.999910 -0.893364 -0.597237 -0.285293 0.175503 0.651688 0.282350 -0.137823 2.924240 -1.478123 -0.367476 -0.550228 0.277716 -0.080557 -0.781313 -0.327242 -0.092254 -0.021247 0.285518 -0.112700 
303.187653 -54.722775 5.038108 4.363797 0.329566 -0.898721 -0.014472 1.051678 -0.068262 -0.081496 -0.500205 0.418423 -0.272315 -0.028602 -3.570134 0.342430 -0.389069 1.626337 -0.220758 -0.927114 -0.510327 0.037027 0.201758 0.218019 -0.111707 6.430364 -1.893980 0.029125 -0.202716 -0.922948 0.856945 -0.286071 -0.243965 -0.147283 -0.414414 -0.211284 0.088405 
265.873444 -51.940604 -2.671045 5.279322 -0.105005 0.192215 0.774881 -0.101072 -0.648237 0.095677 -1.114291 -0.158598 -0.204146 6.557657 -3.858276 0.100333 -0.324878 0.154015 0.820526 -1.169378 -0.773222 -0.119062 -0.177141 -0.140217 0.038987 7.828927 3.252649 -1.297713 0.409773 -0.878015 0.529538 0.112831 0.013785 -0.151990 0.201251 0.390408 -0.275020 
271.579773 -41.607460 -2.678443 4.564462 -0.320191 -0.590691 1.626580 -1.287079 -1.614707 -0.319620 -0.854486 0.137989 -0.194340 15.629253 2.935163 -2.252995 0.430477 -0.129694 0.838318 -0.701452 -0.482757 -0.266953 0.604261 0.998835 -0.661747 2.488808 3.362663 -1.219310 0.527203 0.377648 -0.308723 0.424218 0.360734 0.244612 0.336463 0.391212 -0.057854 
265.611511 -20.682098 3.199281 0.773332 0.755948 -0.067172 2.451517 -1.503975 -1.613752 -0.438229 0.094231 1.839072 -1.527639 11.535273 2.867050 -2.338287 0.729528 0.909311 0.203080 -0.320942 -0.051754 0.370162 0.495786 0.642208 -0.076721 -7.498531 -1.757506 1.282777 0.252583 0.519260 -0.456191 0.153767 0.597104 0.591414 -0.438773 -0.808927 0.642008 
244.376022 -18.536915 3.055657 -0.112112 1.138864 1.227931 2.032740 -1.928963 -1.718216 0.420704 0.137087 1.422404 -0.347783 0.632191 -0.579848 0.312559 0.935642 0.908827 -0.074064 -0.393918 0.711451 0.915875 -0.273285 -0.619020 0.622269 -6.314332 -1.469621 1.187057 0.480984 -0.052933 -0.225205 0.311751 0.506704 0.029458 -0.399542 -0.827883 0.028549 
237.230423 -19.417717 2.039585 1.398450 2.627233 1.750481 2.303390 -2.291811 -0.190851 1.393521 -0.452340 0.601033 -0.283101 -1.093391 -0.072192 0.035827 1.691495 0.803444 -0.247330 0.302560 0.961654 0.429077 -0.303298 -1.013559 -0.019623 -2.855758 1.414120 -1.115583 -0.426954 -1.020486 0.099806 0.712625 -0.201820 -0.513889 -0.107786 -0.013667 -0.380881 
245.424667 -20.723698 2.911273 -0.040458 4.521854 2.834819 1.538079 -1.323844 0.205092 1.278859 -0.469509 -0.604713 -0.387029 -5.079325 2.248392 -1.918606 0.081734 -1.132145 0.125548 1.031331 0.307810 -0.111903 -0.488858 -0.646353 -0.139492 -7.628621 -0.050271 0.599250 -1.748823 -1.008310 -0.197917 0.414429 -0.267118 -0.450436 0.111625 0.539965 0.100947 
264.287537 -29.576367 6.536369 -2.438762 2.790701 -0.513809 2.554486 -0.229149 0.424769 1.169714 -1.430057 -0.691673 -0.562085 -16.350633 -0.172733 1.234327 -1.806151 -1.213176 -0.643165 1.131417 0.427417 -0.471795 -0.080049 0.066371 0.182271 -2.855254 -0.986418 2.593081 -0.721683 0.701901 -1.088145 -0.014422 0.065801 0.112739 0.591654 0.534283 -0.212906 
243.335449 -53.424964 2.565806 2.428195 0.909553 0.408467 0.251749 0.938991 1.059926 0.335268 -0.629607 -0.471971 -0.022487 -10.789834 0.275557 3.267556 -1.361632 0.271657 -2.050741 1.002487 0.439411 0.113575 0.694450 0.422214 -0.565305 14.168012 1.389592 -0.743139 1.556435 -0.438150 -0.001540 0.149537 0.249787 0.336911 -0.362028 0.369218 -0.446897 
248.316055 -51.156034 7.087483 4.096351 0.067436 0.029506 -1.546997 1.775825 1.303591 1.396864 -0.041157 0.152755 -1.692695 11.985390 2.606451 -0.251952 1.306720 -2.089476 -0.646245 1.430491 0.926991 0.202027 -0.804104 0.804808 -0.711523 11.626110 -0.935299 -2.341398 1.502352 -0.608833 1.740383 0.097363 -0.196274 -0.366911 -1.004072 0.096833 0.327014 
264.677307 -29.454184 7.778707 1.924291 3.522992 -3.770485 -1.040741 3.799973 2.913909 0.739322 -2.237814 1.137645 -1.445532 12.462386 -1.595041 -1.415240 1.643072 -0.946008 1.430026 1.197212 0.046863 -0.620248 -1.313695 0.615881 0.088723 -8.865580 -3.542471 1.395670 -1.620303 2.101672 0.909432 -0.696947 -0.928866 -0.520989 0.466952 -0.556795 0.648175 
259.578949 -26.231261 3.897400 1.265870 3.353581 -1.862510 1.313054 4.170249 1.397318 0.156368 -2.668546 1.384516 -1.515250 -5.745771 -4.478492 2.539388 -1.933887 2.113867 1.172618 0.036597 -0.930740 -0.839952 0.129801 -0.308783 0.584828 -5.740509 0.226102 1.336260 -1.631698 1.136367 -0.138853 -1.426766 -0.769553 0.105326 1.386991 -0.332837 -0.113118 
245.967804 -40.945726 -1.178276 7.003068 -0.344783 0.457249 1.304496 3.873166 1.052428 -0.940581 -1.978213 0.520078 -0.275876 0.981368 -1.142838 1.257279 -1.620323 1.326725 1.152319 -1.656319 -1.492243 -0.409595 1.460288 -0.049794 -0.137513 9.244845 3.027280 -2.702755 1.277625 -1.344746 -0.288230 -1.157054 -0.363831 0.368526 0.560171 0.433760 -0.516824 
244.978714 -24.268525 1.611724 3.780429 0.112934 0.790940 3.617693 0.857611 -1.587168 -0.662822 0.252029 1.284929 -1.790276 12.743920 1.576068 -2.866121 0.621362 -0.575625 0.596159 -2.277512 -1.658402 -0.102900 1.250143 0.558736 -0.448820 2.060631 0.531696 -1.769074 0.652980 -1.268845 -1.136614 0.266299 0.685569 0.108345 -0.892552 0.176725 0.366409 
258.509308 -15.457886 1.973861 1.270825 0.897941 -0.694001 2.496814 -0.681858 -2.264376 -1.146382 0.522073 1.637550 -1.173516 5.102630 -0.079446 -2.280868 -0.314364 -1.210966 -1.120908 -1.123722 -0.121105 -0.192906 -0.324816 0.303656 0.595306 -6.397645 -0.594821 0.608729 -0.759977 -0.066177 -0.772511 1.004101 1.005919 0.236909 -0.893224 -0.176011 0.317362 
252.042664 -14.063265 1.452832 -0.781307 -0.515794 -1.630991 1.375878 -1.389832 -1.829378 -1.048633 -0.397602 1.892241 -0.599664 -0.051371 0.386427 -1.648664 -0.898592 -0.707978 -0.948864 -0.269310 0.353436 0.370918 -0.536306 0.206714 0.185904 -3.461359 0.713764 0.564026 -0.081547 0.725870 0.336385 0.392826 0.171318 0.325994 0.241710 -0.142795 -0.504479 
246.702194 -15.560627 2.746714 -2.026503 -0.899243 -2.109958 0.599087 -1.220478 -1.557504 -0.404545 -0.550539 2.050977 -0.801708 -1.820088 1.348082 -1.152815 -0.477459 0.240774 -0.448138 -0.338070 0.221531 0.459082 0.158604 0.018067 -0.413653 -1.092810 0.282049 0.688281 0.480427 0.607487 0.506600 -0.104972 -0.257456 0.009705 0.370731 -0.207160 -0.416094 
242.306488 -17.703440 4.148996 -3.086937 -1.470711 -1.149443 0.479601 -2.065972 -1.386317 -0.130469 -0.080394 1.928374 -1.426970 -2.236990 0.950526 -0.272101 0.062262 0.506995 0.064336 -0.479253 -0.161476 0.390329 0.205156 -0.207606 -0.646284 -0.037370 -0.956058 1.062395 0.876599 0.155513 0.155739 -0.088762 -0.136250 -0.105098 -0.282369 -0.407620 0.000930 
233.149857 -20.034608 4.647766 -2.570705 -0.774718 -1.095968 0.727759 -2.178984 -1.880456 0.376112 -0.140228 1.635766 -2.094276 -1.894827 -0.564035 0.971974 1.275739 0.551800 -0.136661 -0.515594 -0.050969 0.248887 -0.406134 -0.797174 -0.411793 0.637451 -1.276442 0.819082 0.774628 0.310170 -0.252189 -0.084146 0.216964 -0.249148 -0.339619 -0.488874 0.399826 
217.684067 -21.493094 3.020926 -1.142989 1.080767 -0.045843 0.206280 -3.097160 -1.488254 0.367305 -0.892662 0.334026 -2.250557 -0.962088 -1.602359 1.366063 1.611519 1.127335 -0.440043 -0.647545 0.272453 -0.107967 -0.474082 -1.185353 0.153368 -0.090084 -0.504041 -0.011233 0.177583 0.274846 0.037603 0.505643 0.218050 0.104426 0.128893 0.302121 0.522478 
212.122314 -21.958784 1.443049 0.161421 2.448320 1.158702 -0.152326 -3.474074 -1.335551 0.160178 -1.088392 -0.734940 -1.787539 -2.074995 -1.572116 0.949508 1.630905 1.101493 -0.061454 0.495691 0.385131 0.457739 -0.148348 -0.192931 0.633163 -2.419421 0.484520 -0.509083 -0.354436 0.522173 0.192849 0.859863 -0.072793 0.353908 0.302674 0.851313 0.331514 
213.181473 -25.643085 -0.123307 0.756028 4.342577 2.157143 0.083371 -2.105777 -0.717993 1.282783 -1.189357 -0.051836 -0.984232 -5.800929 -0.633318 0.347897 0.902648 2.171681 -0.054345 1.072182 0.126866 0.599849 0.131266 0.517272 0.816396 -3.440390 3.060633 0.630317 -0.944540 -0.781122 -0.057207 0.574064 0.689472 0.100776 0.473526 0.110094 -0.392213 
211.915955 -33.560642 0.176413 0.857215 4.253616 5.502065 -0.261016 -1.329710 -1.081819 1.359875 -0.825861 0.299605 -0.154748 -8.955776 4.549150 2.210142 -0.258175 -0.460751 -0.175869 1.643819 1.764075 0.659291 0.798705 0.027257 -0.151264 0.049906 2.633099 1.388514 -0.429018 -2.248248 0.052130 -0.138331 0.406641 -0.391733 0.346729 -0.318932 -0.458434 
0.000000 -43.554638 8.974993 5.176311 3.826226 1.235641 -0.268367 1.181862 2.810157 2.601365 0.408054 0.002679 -1.286760 -5.701116 4.632880 3.124925 0.044613 -2.324814 0.049915 0.795520 0.940147 -0.183617 0.824723 -0.120591 -0.100472 4.694292 -1.985306 -0.338373 0.450871 0.034571 0.039405 -1.189648 -1.693528 -0.806385 -0.362324 0.029603 0.476570 
0.000000 -44.962875 9.442173 7.107065 4.342841 0.852437 -0.161185 0.261330 0.798476 0.992641 0.823586 0.058424 -0.355692 0.432808 0.578538 1.533396 0.643566 -0.391609 -0.097059 -0.735477 -1.622981 -0.953479 0.074058 0.086463 0.801877 5.826838 -2.193543 -1.652792 0.044048 -0.079593 -0.425051 0.048386 -0.539231 0.315766 -0.350459 -0.159527 0.092018 
236.217178 -42.689022 10.132069 8.243103 5.113358 0.452424 -0.462485 -0.289091 -0.435805 0.694407 0.556169 0.175604 0.316993 5.952559 0.245793 -0.180659 0.132709 -2.484000 -0.800186 0.892291 -0.138315 0.447915 0.123805 -0.439645 0.083564 3.617402 -0.468833 -2.077548 -0.367064 -1.189880 0.128759 0.990596 1.044809 0.544339 -0.489614 0.222941 -0.443749 
240.642090 -33.057757 9.933760 6.745747 4.608260 -4.115563 -1.761556 2.045911 0.521845 1.888472 1.071196 -0.820865 -0.188565 7.667611 -0.359129 -2.621701 -0.090562 -2.771369 0.160458 1.245714 0.466636 0.135199 -0.905171 0.532345 -0.085621 -2.476994 -1.019087 -1.391341 0.068317 1.167570 1.492057 -0.398912 -0.058758 -0.639588 -0.837722 0.723557 -0.005447 
244.915604 -27.353800 9.413811 2.999702 4.932234 -5.090315 -0.141569 2.202337 0.497467 0.964805 -1.254173 1.240294 0.145750 0.998571 -1.792381 -2.963342 0.269343 -0.148861 2.183928 0.094466 -0.255832 -0.831260 -1.551639 1.007469 0.072670 -8.020383 -2.454716 0.681572 -1.302839 2.534408 0.937575 -1.176517 -0.261174 -0.181544 0.814202 -0.458927 -0.158640 
247.611557 -31.060615 6.348997 0.819063 5.146945 -4.413284 2.606300 2.234844 0.010181 0.225952 -2.032083 1.194073 -0.043226 -8.373154 -5.268560 -1.258557 -2.696241 2.297447 2.035607 -1.107319 -0.055713 -0.227890 0.723233 -0.385509 -0.402901 -0.271640 -0.898638 1.221785 -0.905091 1.473335 -0.908222 -0.822711 0.206651 0.177900 0.876816 -0.733428 -0.274706 
250.696915 -44.100108 -1.123310 0.482588 -0.460248 -0.495422 3.929646 -0.012300 0.386042 0.509026 0.192294 0.469275 -0.660052 0.455290 -3.589657 -0.519773 -1.540839 2.797809 0.367484 -1.550956 0.157470 -0.475459 0.201992 -0.459386 -0.476742 9.427215 3.991233 0.240447 2.386107 -1.812515 -1.029132 0.621919 -0.574415 -0.064576 -0.789216 0.232995 0.313866 
254.257751 -30.150034 -0.830316 -0.220483 2.065267 1.182333 3.341267 -0.867068 0.325122 -0.724967 -1.628098 0.275300 -0.996711 10.481276 2.713907 -0.777663 2.075974 -1.327584 -0.022657 0.136519 -1.204542 -0.357041 -0.855199 0.080481 0.224830 0.666783 3.998711 0.070261 1.206708 -2.973888 -0.323201 1.482749 -0.507541 0.548584 -0.424405 0.227180 0.512134 
0.000000 -23.137555 4.304503 -1.072739 3.691700 -3.150589 3.884332 0.260738 -2.023041 -0.205057 -1.518103 0.630238 -0.210392 1.788856 4.407765 -0.379251 0.872577 -3.149967 -0.278918 1.414541 -0.857612 0.621709 -0.646818 -0.005027 0.547526 -7.679289 -0.309596 0.676592 -1.098447 -0.061624 -0.992959 0.560639 1.028773 0.243132 0.302151 -0.386771 -0.433355 
281.951813 -26.572323 7.985214 -0.978984 3.810421 -5.117600 2.783432 1.962014 -1.390102 0.518451 -2.921734 0.265246 0.098342 -4.877302 2.094714 0.575521 -0.120920 -1.450832 -2.008575 1.257797 0.853004 0.129223 -0.250897 -0.693060 -0.641879 -3.288645 -2.866538 1.040568 -1.281358 2.640734 -0.814468 -0.970620 1.062277 -0.578387 0.755223 -0.357584 -0.358497 
288.822296 -32.892160 8.493931 0.078303 3.449859 -6.052253 -0.132818 2.776331 -0.317033 0.053390 -2.019897 -0.755881 -1.494150 -4.788435 -1.325312 1.701885 -1.690140 2.131502 -1.907854 -0.526698 1.266942 -0.535064 0.863628 -0.720194 -0.169468 1.420443 -3.172197 0.129397 -0.542956 2.556157 1.200328 -1.135887 -0.127304 -0.176651 0.700274 0.413339 0.592190 
296.647125 -36.149192 5.334590 2.424785 0.430142 -0.854597 -1.032276 0.908618 1.143782 -0.551677 -1.194477 -1.175142 -0.240595 -2.036415 -4.249681 0.834315 -1.206832 3.661481 0.392080 -1.013978 0.598396 -0.224078 1.149652 0.133618 0.542501 2.550774 -1.420511 -1.416784 0.830772 -0.800705 1.480531 0.254058 -0.866956 0.288018 -0.082329 0.538344 0.014550 
298.584106 -36.964990 -0.005430 1.746934 1.036195 1.270709 0.651343 0.748375 0.879760 -0.394767 0.279406 -0.488644 -0.409148 0.313113 -4.166333 -1.131683 -0.028595 0.530092 1.053207 -0.018583 -0.466969 0.040971 0.698970 0.356493 -0.140368 0.598362 3.760012 -0.957274 -0.387401 -2.097171 0.041333 1.083508 -0.163670 -0.118387 -0.887474 0.047509 -0.150240 
289.746246 -35.522967 -2.998076 0.161420 0.372952 0.205588 1.074139 0.871453 0.209844 -0.469735 0.203463 -0.462156 -0.521331 -0.839692 3.270342 -1.080232 -1.981634 -0.532861 0.474747 1.153038 0.271057 -0.460852 -0.625296 0.228636 0.242021 1.748095 4.551780 0.142157 0.661611 -0.959322 0.154955 -0.114619 0.174390 -0.024155 -0.849774 0.557613 0.330458 
0.000000 -38.644374 6.535255 -0.413530 -2.927072 0.204987 1.600837 3.054452 1.421874 -1.316470 -0.971187 -0.031372 0.074893 3.809302 4.937227 -0.847368 1.294626 -1.388551 1.363116 -0.247821 -0.118189 -0.007338 -1.000578 1.471718 0.520547 3.761256 -1.693975 0.117145 2.555209 -1.103590 0.650364 -1.354960 -0.474262 0.242963 0.021750 0.739694 -0.016223 
287.303436 -27.904362 6.876378 -1.533316 2.962204 -2.571515 3.800372 0.375812 -0.026533 -0.484412 -1.797692 2.481279 0.519764 6.682820 -0.117607 -0.845942 3.128784 -2.740042 1.775475 -1.556881 -0.677468 0.025075 -0.581797 1.708023 0.209574 -1.308344 -2.861504 0.292311 0.005562 -0.094243 -0.333231 0.111511 -0.325746 -0.114440 0.530386 -0.525968 -0.467156 
238.302872 -25.278735 6.300041 -2.105414 3.330495 -5.275098 5.151786 -0.059311 0.066939 -1.266319 -2.134782 3.384674 0.494042 1.192613 -0.785780 -0.262747 1.305751 -1.577038 0.696654 -0.024799 -0.769681 -0.236219 0.060195 0.419781 -0.413765 -3.578517 -0.231036 1.022067 -1.344126 1.440810 -1.038695 1.139640 -0.077714 0.142682 0.402920 -0.999393 -0.128460 
231.172562 -25.519136 5.304819 -2.058809 5.573706 -5.725591 5.193680 0.326214 -1.565896 -0.956849 -1.677302 3.320842 -0.307767 -0.474214 -0.579679 1.198192 0.440531 0.141578 -0.301915 0.722399 -0.832895 0.310439 0.224042 -0.290762 -0.047345 -2.563967 -1.028965 0.843780 -1.903224 2.698022 -1.384949 0.021436 0.715800 0.453465 0.433538 -0.925397 0.442873 
234.322006 -26.227162 5.140683 0.290971 4.211558 -4.991941 4.547957 1.385487 -1.598851 -0.645441 -1.686698 2.803150 0.399353 -3.935321 -2.843710 1.424813 -2.500697 3.819006 -2.073245 0.018073 0.661919 0.670711 0.927271 -1.431013 0.471980 -2.715385 -1.238152 0.244313 -0.751214 2.140673 -0.494644 -0.472435 0.839347 -0.025977 0.245107 -0.686288 -0.182849 
241.245193 -33.389777 -0.382601 0.790816 0.572312 1.912420 1.047191 0.362361 -0.242059 0.384572 0.177240 0.458816 0.636193 -5.904983 -3.055984 1.686817 -1.061898 4.422924 -1.291203 -0.222472 0.845799 0.258485 0.714255 -1.663339 -0.413044 3.418382 2.081821 -0.684454 1.525284 -2.657265 1.496465 0.362195 -0.480482 -0.821073 -1.050529 0.802666 -0.573021 
244.911026 -38.037128 -0.971285 3.664605 2.087762 3.853907 1.965552 0.940544 0.092748 -0.128470 -0.258188 -0.523528 -0.426735 2.901443 1.319933 0.055905 0.549871 -1.495525 0.919686 0.742463 -0.299045 -0.971434 -1.173788 0.174318 -0.674063 6.379467 2.283101 -2.232160 0.492444 -3.688497 0.859933 0.103155 -1.028233 -0.392215 -0.634709 1.337916 -0.015787 
254.299438 -27.586892 2.257265 0.902626 1.672054 -1.078630 2.886563 1.847287 -0.840148 -1.558296 -2.170335 0.807452 -0.711932 6.853951 1.510219 -2.777503 -0.077010 -2.954070 0.428662 -0.016161 -1.210667 -0.525945 -0.555162 1.012493 -0.444618 -0.495049 -1.303342 -0.970011 0.253820 1.314516 -0.395981 -0.634150 -0.096012 0.791376 0.866599 -0.000353 0.032174 
287.974304 -24.329227 2.049153 -1.890401 1.933741 -2.054233 2.822877 0.908222 -2.328585 -1.180360 -1.368513 1.501458 -1.315970 1.911344 -1.286752 -1.884118 1.057510 1.133508 0.127724 -0.525836 -0.491068 0.611319 0.559411 0.173613 -0.609715 -2.298455 -1.561194 1.338742 1.007875 2.568621 -0.226468 -0.176285 0.777487 0.805016 0.214310 -0.870140 0.295558 
282.723602 -23.764204 -0.316239 -2.865610 3.787074 1.188386 3.142010 0.795614 -1.822284 -0.335659 -1.051512 1.154678 -1.931362 2.257040 -1.612169 -0.100019 1.938740 2.183172 -0.024274 -0.368731 0.344307 1.084087 -0.126542 -0.727786 0.146498 -0.691809 0.095649 1.000561 -0.017167 0.110836 -0.242988 0.163290 0.320609 0.205406 -0.421320 -0.843054 0.562467 
275.863953 -19.815146 -1.175186 -2.090440 5.811220 2.312110 2.774328 0.170760 -1.639972 0.987813 -1.621597 0.045886 -1.022974 0.527726 -1.095454 0.117003 1.023177 1.355181 -0.358252 -0.199257 0.150150 1.022131 -0.283229 -1.512494 0.515218 -2.666241 -0.066829 -0.070762 -1.118898 -0.895540 -0.369804 0.140205 -0.439279 -0.173939 0.128724 -0.035347 0.042330 
276.803070 -22.708752 -2.507148 -2.631603 5.833428 3.898747 2.425505 0.397101 -1.521984 1.708603 -1.617970 -1.870311 -0.900925 -3.075441 -1.745827 -0.241544 -0.299057 0.392092 -0.763883 -0.088322 -0.534252 0.736208 0.130905 -0.798480 0.231159 -5.751668 0.435165 0.461100 -1.181651 -1.181606 -0.159438 0.131153 -0.191473 -0.686063 0.407701 1.140910 -0.132523 
279.495941 -25.966028 -4.666841 -2.573528 5.213107 3.096294 1.246563 -0.005883 -2.708476 2.460228 -1.359787 -1.551075 -0.560656 -10.975611 -0.225124 1.039203 -1.340124 -1.008032 -0.677129 0.063049 -0.232796 -0.349996 0.532174 0.769325 0.250173 -5.239935 -0.930599 2.008900 -0.474837 0.026202 0.026952 0.346144 0.793034 -1.146963 0.291179 0.608700 -0.140697 
262.173645 -44.659973 -2.957395 -0.553197 3.153179 1.882683 1.071248 0.523199 -1.987577 1.008612 -0.553622 -0.331660 -0.400580 -13.555310 -3.607025 3.776256 -1.248731 0.444496 -0.709979 0.603967 1.051817 -1.557719 0.713264 0.418920 -0.050235 6.492766 -1.226650 -0.148499 0.814037 1.143370 0.623741 -0.143554 0.378443 0.540871 -0.030341 -0.440858 0.025976 
257.292053 -53.076649 -11.880891 4.978984 2.715645 3.985287 -0.173395 1.202050 -0.604843 -0.655209 0.066741 -0.713236 -0.661127 2.009922 -2.678423 0.742205 0.287950 1.278707 0.570353 -0.224060 0.524090 0.731747 0.471492 -0.112391 0.302126 13.599545 3.581312 -3.584292 1.137885 -0.386114 1.144719 -0.383540 -1.063052 1.643502 -0.729410 -0.031717 -0.042819 
0.000000 -40.640129 -8.314242 0.931213 3.729078 4.440098 2.211955 0.075080 -0.939396 2.472106 0.389362 -0.556441 0.203671 13.643780 3.555599 -3.392327 1.027039 -0.327732 1.579458 -0.163114 -1.074288 1.729285 -0.745556 0.355486 -0.135873 2.974513 3.017189 -0.765247 -0.426188 -1.332720 -0.337033 0.545525 -0.834216 -0.796342 -0.649352 0.504802 -0.379723 
261.298035 -25.789089 -4.769694 -1.805671 4.769722 3.329824 2.985521 0.875822 -2.753419 2.803360 -1.424371 -0.002264 -0.932872 7.958948 3.355954 -0.788289 -0.564427 -1.386733 -0.103713 0.866991 -1.144343 -0.860936 -0.827212 0.897213 -0.457321 -9.454505 -1.423892 3.023495 -2.073793 -0.242736 -1.223583 0.217538 1.073702 -1.807362 0.593336 -0.110029 0.351053 
262.565552 -24.722233 -1.602333 -0.645365 2.600224 1.666632 2.004528 1.809062 -3.228082 0.750233 -1.265063 1.237984 -0.710971 -5.265229 0.707814 2.654662 -3.120548 -0.813204 -0.867708 0.271961 1.073116 -1.885439 0.441117 0.135428 0.566232 -6.878803 -2.115910 1.431399 -0.735686 0.702562 -0.136749 -0.530824 1.227395 0.001030 0.594338 -0.690954 0.456301 
255.150833 -36.319547 -3.354066 3.503653 -1.471374 1.703416 1.250105 1.419745 -0.607186 -0.967519 -0.542137 0.268592 0.199592 -5.798657 -0.875866 2.074509 -2.035799 0.018392 -0.377212 -0.194658 1.310448 -0.858876 0.361463 -0.484696 0.455282 -0.266714 -0.791840 -0.290076 0.542375 0.415798 0.245248 -0.233310 0.118666 0.513282 -0.039827 -0.310062 -0.055475 
