0.000000 -35.025983 -0.444335 -5.297598 0.666142 0.542047 -0.496513 0.169991 -0.258772 0.197549 0.029476 0.163465 0.144725 3.086321 1.660372 -0.274976 -0.716121 -0.068585 -0.288266 -0.010347 0.291170 -0.439494 0.206699 -0.059677 0.244413 2.421208 0.660149 -0.293736 -0.205994 0.120116 0.199204 -0.324321 -0.007289 -0.078820 -0.025874 -0.054942 -0.067215 
246.562424 -28.853342 2.876409 -5.847550 -0.766100 0.404877 -1.073046 0.149298 0.323569 -0.681439 0.442874 0.044111 0.633551 7.928738 2.980670 -0.862448 -1.128109 0.171647 0.110142 -0.658989 0.276591 -0.597133 0.154951 -0.169560 0.109983 2.016125 0.035924 -0.194305 0.204940 0.114729 0.167346 -0.176158 -0.305725 0.324301 -0.118091 -0.113209 -0.201837 
0.000000 -19.168508 5.517006 -7.022495 -1.590075 0.885340 -0.276230 -1.147986 0.294411 -0.996717 0.339378 -0.175655 0.364691 7.118570 1.732220 -0.663587 -0.306241 0.160873 0.046426 -0.362664 -0.320280 0.209108 -0.029484 -0.286094 -0.159260 -3.651605 -1.921946 0.296040 0.822605 -0.055912 -0.323277 0.506270 -0.022093 0.265653 0.027793 0.122552 -0.105678 
242.630142 -14.616202 6.340848 -7.174724 -1.378583 0.726623 -0.980194 -0.576029 -0.316992 -0.263223 0.383906 -0.528076 0.315031 0.625528 -0.863221 -0.270368 0.517102 0.059823 -0.536412 0.353551 0.232405 -0.065828 0.210536 0.075543 -0.101372 -5.271641 -2.988284 0.152825 0.370719 0.368595 0.243786 0.161376 -0.030599 -0.260009 0.366484 0.144684 -0.177362 
0.000000 -17.917452 3.790564 -7.563231 -0.555871 1.004987 -1.349054 -0.440884 0.759220 -1.128372 0.760450 -0.024570 0.161946 -3.424713 -4.244349 -0.357936 0.435196 0.898063 0.533998 -0.039911 -0.381478 -0.310911 0.703484 0.003274 -0.513983 -1.385067 -0.876714 0.177410 0.174428 0.566787 0.594595 -0.190521 -0.398622 0.143951 0.009748 -0.088893 -0.107318 
0.000000 -21.465627 -2.147849 -7.890596 -0.508190 2.522750 0.087802 -0.655851 -1.079947 -0.885044 1.790874 -0.521529 -0.712935 -2.144606 -2.616649 0.084452 0.865959 1.193396 0.652778 -0.027491 -0.564839 0.222075 0.230032 -0.102243 -0.316008 1.832243 3.567551 0.451491 0.294040 -0.213510 -0.515292 0.255618 0.584734 -0.200054 -0.861017 0.004692 0.392112 
0.000000 -22.206664 -1.442734 -7.394328 1.176047 3.391779 -0.043498 -0.495865 -0.370457 -0.684222 1.220514 -0.229055 -0.470070 0.239773 2.890753 0.545046 1.023276 0.471044 -0.496586 0.471325 0.787991 -0.711020 -1.018550 0.012658 0.270241 1.841954 3.370609 0.065722 -0.934513 -1.287360 -0.761102 0.224363 0.590661 -0.191378 -0.410668 -0.121180 0.234409 
0.000000 -20.986081 3.633657 -6.800503 1.538362 3.464837 -0.905369 0.286799 0.496035 -2.307083 -0.246227 -0.496213 -0.172453 1.539302 4.124569 0.215896 -1.003066 -1.381323 -0.869426 0.421235 0.616483 -0.160682 -0.591305 -0.344602 0.152810 -1.007828 -0.294239 -0.043580 -1.356715 -0.834423 0.244233 -0.424990 -0.339038 0.743289 0.528113 0.050272 -0.121614 
0.000000 -19.128060 6.806403 -6.962535 -0.830085 0.629132 -1.782351 0.346605 0.862508 -1.005585 0.037904 -0.918259 -0.164451 -1.775883 2.302275 0.457887 -1.690155 -1.197802 -0.008120 -0.378656 0.109915 0.775558 0.037676 0.113202 0.027013 -3.600877 -1.249140 0.189715 0.374247 0.881204 0.718769 -0.301559 -0.266483 0.216917 0.277104 0.463261 0.003783 
203.088654 -24.537847 8.238207 -5.884728 -1.841947 1.069233 -0.921609 -0.470513 0.715864 -0.755967 -0.170875 -0.269810 -0.118427 -5.662451 1.626290 0.595326 -0.254572 0.381085 0.568111 -0.181883 0.083516 0.273153 -0.037096 0.581921 0.160376 0.244600 -0.124985 -0.486157 0.888722 0.879558 -0.177276 0.527785 -0.090266 -0.408310 0.036991 -0.018300 -0.103860 
90.277733 -30.452963 10.058982 -5.771884 -1.339228 1.391302 -0.646129 -0.017160 1.029541 -0.459279 -0.036288 0.245583 0.156302 -1.286682 2.052305 -0.514427 0.087290 0.561314 -0.362672 0.676915 -0.070617 -0.041062 0.111659 0.076602 -0.180706 -1.078096 -1.245348 0.450598 0.088690 -0.426252 0.048816 0.137456 -0.285676 0.123866 -0.100027 -0.284215 -0.123992 
0.000000 -27.111210 12.342817 -6.913581 -1.667367 2.191861 -1.646952 0.883317 0.574629 -0.838091 0.052443 -0.116605 -0.479840 -7.818643 -0.864406 1.496522 -0.077192 -0.471419 0.665743 0.093029 -0.487836 0.520884 -0.237150 0.013490 -0.087608 -0.481229 -1.259103 0.084339 0.285746 -0.224856 0.331952 -0.430489 0.027814 0.159939 -0.033605 0.001359 0.135621 
146.469849 -46.090249 8.330171 -2.778840 -1.493611 0.448463 0.685357 0.168898 0.053869 0.582489 -0.510588 0.272563 -0.018915 -2.249141 -0.465902 -0.345750 0.658782 0.111602 0.301232 -0.184062 -0.014990 0.278815 0.044449 0.079320 0.090535 8.228839 1.685682 -1.532287 0.139917 0.609696 -0.714530 0.106874 0.296275 -0.496083 0.284831 -0.067960 0.038232 
0.000000 -31.609491 11.411013 -7.605080 -0.349804 2.415066 -1.044488 0.515193 0.544650 -0.280462 0.141341 0.042035 -0.298769 8.639034 2.506958 -1.568052 0.202642 0.747972 -0.763318 0.306777 0.104713 -0.471282 0.332511 -0.122431 -0.011144 1.690744 0.839040 0.593713 -0.642998 -0.087724 -0.186444 0.131886 0.091164 -0.270607 -0.048747 0.009290 0.041920 
66.451973 -28.812181 13.344086 -5.914943 -1.088328 1.944407 -0.841280 0.782453 0.263295 -0.360075 0.154435 0.027702 -0.041204 1.132348 1.212179 0.841677 -0.627214 -0.063846 -0.071655 0.079709 0.167338 -0.262399 -0.053044 0.097899 0.174375 -4.857926 -1.336469 1.016113 -0.142609 -0.322994 0.474869 -0.189373 0.036928 0.205602 -0.266462 0.057380 -0.062626 
0.000000 -29.344796 13.835371 -5.921726 -1.604231 2.287373 -1.187799 0.674611 0.879326 -0.805259 0.035253 0.237833 0.049981 -1.076819 -0.165979 0.464175 -0.082576 0.101984 0.186420 -0.071969 0.178568 -0.060079 -0.200413 -0.007670 -0.136396 -2.195742 -0.726172 0.340730 0.078806 0.020132 0.379149 -0.113241 -0.084101 0.280488 -0.036437 0.039190 -0.153347 
0.000000 -30.965818 13.012128 -4.986594 -1.253480 2.148375 -0.468440 0.638514 0.620431 -0.480233 -0.246391 0.012361 -0.313995 -3.259137 -0.240165 1.523138 -0.469603 -0.023581 0.686643 -0.146773 -0.000864 0.298576 -0.125918 0.176279 -0.132318 -0.041051 0.250472 -0.341640 -0.237830 0.034244 -0.188599 0.071248 -0.113728 0.044344 0.135087 0.054262 0.089319 
64.734100 -35.863069 13.355040 -2.875450 -2.543436 2.240211 0.185487 0.381065 0.877598 -0.208107 -0.216583 0.590392 -0.214656 -1.158920 0.334966 -0.219104 -0.558236 0.170472 -0.190778 0.070527 -0.048888 0.028609 0.069761 0.100854 0.042242 2.037156 -0.066327 -1.373852 0.384308 0.173947 -0.596606 0.115435 0.140078 -0.278854 0.121925 -0.203198 0.042470 
97.668510 -33.283658 13.682059 -5.424802 -2.369952 2.489318 -0.849995 0.779568 0.522654 -0.423015 -0.106869 0.214069 -0.229512 0.815175 -0.372820 -1.224567 0.299013 0.324312 -0.506570 0.084097 0.279291 -0.259132 0.117931 -0.230116 -0.047379 -0.876920 -1.024499 0.385821 0.710533 -0.734998 -0.243373 -0.670173 -0.111148 -0.164460 0.039498 -0.028696 0.153204 
0.000000 -34.232720 12.609400 -5.324584 -1.945410 2.888835 -0.827652 0.549258 1.436181 -0.726371 0.019280 0.130159 -0.309413 -2.912760 -1.714032 0.552538 0.862830 -1.299524 -0.677523 -1.269818 -0.271185 -0.300311 0.148756 0.043462 0.348650 1.667111 -0.957073 0.302640 0.202652 -0.888088 0.347263 -0.307518 -0.144833 0.063388 -0.012498 0.011994 0.094361 
129.784485 -39.109178 10.253996 -4.319726 -0.644292 -0.109729 -2.205041 -1.760069 -0.019715 -1.023637 0.190644 0.300993 0.467788 4.149396 -2.286965 -0.619286 0.704317 -1.451864 0.187957 -0.530939 -0.010375 -0.132357 0.092936 -0.206129 0.141344 1.676834 1.112998 -0.245132 -0.653827 0.074110 0.195466 0.694493 -0.010812 0.736692 -0.010375 -0.237729 -0.123285 
0.000000 -25.933927 8.035470 -6.563156 -0.536775 -0.014894 -0.451738 -0.512621 1.415430 -0.991085 0.205153 -0.282099 -0.026725 0.440909 0.511964 0.062274 -0.444824 -1.151303 -0.286592 0.119168 -0.292808 1.173073 0.128007 -0.431996 0.102081 -3.715239 2.117104 0.504174 -0.511723 0.402359 -0.656432 0.445310 -0.415254 0.484456 0.065755 0.059586 0.172178 
269.462036 -38.227361 11.277923 -4.195177 -1.533939 -2.412335 -2.778225 -1.521734 -0.605331 1.322508 0.446657 -0.563000 0.671949 -3.281081 1.947244 0.389063 -0.319128 -0.647147 -1.124907 0.359680 -0.840883 0.836554 0.224446 -0.086958 0.485700 1.401858 -0.363313 -0.340154 0.273497 0.435460 0.165173 0.047179 0.206567 -0.579382 0.095115 0.294234 -0.077086 
266.363556 -32.496089 11.929957 -5.785030 -1.175030 -1.309187 -2.701551 0.206740 -0.266336 0.682024 0.654044 -0.456015 0.944676 3.244625 -0.214662 -0.618035 0.102171 -0.280382 0.043754 0.213525 0.120326 0.014309 0.318238 0.156471 -0.052091 2.564465 -1.443019 -0.178564 0.246126 -0.023191 1.074482 -0.762916 0.529190 -0.436504 0.036700 0.131439 -0.398823 
264.003998 -31.738110 10.848600 -5.431246 -1.329597 -2.973099 -2.690716 -1.094683 -0.364678 1.351125 1.083133 -0.250059 0.567767 1.847850 -0.938795 0.031934 0.173124 -0.693528 1.024057 -1.166152 0.217498 -0.036455 0.297846 0.175919 -0.311946 -1.404246 0.185892 -0.025374 0.070333 0.538351 0.307838 -0.055218 -0.268675 -0.055689 -0.104081 -0.241735 0.047165 
259.007599 -28.800390 10.052366 -5.721162 -0.828782 -2.696243 -0.653437 -2.125564 0.168659 0.609115 1.249736 -0.104177 0.320784 0.436133 0.157123 -0.668782 0.242836 0.796320 0.659431 0.103089 -0.417023 -0.097069 0.110075 -0.326999 0.042240 -2.162590 0.915123 -0.282330 -0.475510 0.908480 -0.838045 0.672433 -0.498642 0.113948 -0.339158 -0.271161 0.338389 
248.784546 -30.865844 11.162846 -6.768811 -0.843924 -1.380460 -1.371855 -0.888504 -1.198725 1.156987 1.303283 -0.904056 0.652246 -2.477331 0.891451 -0.532726 -0.777895 1.123433 -0.652033 0.178713 -0.779786 0.191441 -0.380469 -0.366403 0.364833 -1.591286 -0.017128 0.481109 -0.654335 -0.146338 -0.380623 -0.327120 0.215034 0.032990 -0.267817 0.185913 -0.079390 
0.000000 -33.755052 11.835268 -6.786613 -2.384573 -0.449378 -1.957504 -1.768138 -1.390914 0.991996 0.488797 -0.836983 1.050449 -2.746439 0.122866 0.293435 -1.065833 0.503644 -0.101815 -0.551150 0.013045 -0.031089 -0.425558 0.044827 -0.116541 -0.409685 -0.812940 0.903902 0.081864 -0.509432 0.517379 -0.043814 0.507835 -0.038932 0.311610 0.412634 -0.254959 
0.000000 -36.358721 11.408578 -6.181941 -2.975590 -0.373173 -1.575485 -1.990805 -1.172634 1.094809 0.452167 -0.814403 0.419165 -3.296702 -0.734429 1.275078 -0.614166 0.104568 0.382724 0.091084 0.235884 0.113576 0.242751 0.458866 -0.145085 -0.683671 -0.570371 1.122411 0.496476 -0.344795 0.256958 0.541168 0.118613 0.250466 0.463672 0.404418 0.259534 
70.834236 -40.348455 10.366409 -4.236458 -3.612906 -0.240243 -1.192056 -1.585969 -0.919146 1.219147 0.974300 0.080749 0.760279 -4.113780 -1.017875 2.538257 -0.072881 -0.185946 0.412101 0.531185 0.250272 0.469842 0.501786 0.853662 0.402527 -0.393400 -0.149358 -0.058036 0.240178 0.233330 0.792231 0.625001 0.094833 -0.335550 -0.393802 -0.239475 -0.137658 
82.289291 -44.586282 9.372827 -1.105427 -3.121352 -0.745065 -0.751283 -0.928434 -0.672090 2.034494 1.455739 0.892921 1.224219 -4.083501 -1.033146 1.159006 -0.133810 0.571229 1.967186 1.341086 0.425551 -0.557524 -0.544853 -0.020085 -0.420401 5.775308 1.578987 -2.726648 -0.101565 0.940624 -0.409906 -0.074221 0.305264 -1.085640 -0.679408 -0.647274 -0.688904 
128.185059 -48.515458 8.300117 -1.918446 -3.880526 0.902215 2.742317 1.096202 -0.068045 0.104099 -0.115406 0.040579 -0.080523 7.436835 2.140099 -2.915038 -0.276011 1.695301 -0.407711 0.382743 0.860800 -1.701438 -0.857030 -0.440887 -0.975281 6.335248 1.644697 -1.651917 0.316277 -0.055385 -2.013651 -0.987883 -0.098017 -0.123175 0.079392 -0.013829 0.063800 
0.000000 -29.712612 13.653025 -6.935504 -3.673374 2.645537 -1.566705 -0.162949 1.049510 -1.368382 -0.258321 0.011148 -0.726344 8.586995 2.256249 -2.144829 0.498743 0.460459 -2.060115 -0.634680 0.229517 -0.803874 -0.386069 -0.047743 -0.292800 -5.216118 -1.517812 1.942825 0.331203 -1.136301 0.498131 0.173251 -0.325538 1.214894 0.535852 0.276232 0.595329 
66.258568 -31.341467 12.812614 -6.208103 -2.883041 1.823133 -1.377914 -0.173157 0.390989 -1.503648 -0.887544 -0.054908 -0.666124 -2.995400 -0.895525 0.970611 0.386395 -0.577301 0.588551 0.729245 0.209723 0.728350 0.214675 0.111576 0.215377 -3.774860 -2.262509 0.744645 0.040707 -0.343177 1.717126 0.301291 0.086362 0.802865 0.481170 -0.276084 0.223655 
0.000000 -35.703412 11.861976 -4.994282 -2.900584 1.490936 -0.389603 1.295541 1.468955 0.088318 0.171028 0.234301 -0.295589 1.037276 -2.268769 -0.655539 0.580156 -0.225895 1.374137 -0.032098 0.402240 0.801856 0.576271 -0.599911 0.154510 2.097967 -1.846577 -1.421731 0.152658 0.213279 0.298689 -0.713984 -0.277785 -0.552019 -0.223913 -0.314340 -0.069335 
0.000000 -29.266916 8.275076 -7.519181 -1.722729 1.371342 1.370361 -0.237352 1.195470 0.100064 0.264999 -1.254731 -0.357103 1.200533 -4.588679 -1.872852 0.691712 -0.150743 1.185928 -0.698724 -0.345848 -0.375688 -0.233152 -0.517104 0.076708 -7.337559 -3.007917 0.753510 0.869621 -0.370901 -0.889516 0.276192 -0.340866 -0.761493 -0.319687 0.892335 -0.102790 
54.034344 -33.302345 2.684619 -8.739985 -1.517160 1.189449 1.982253 -0.101907 0.777260 -0.663058 -0.295275 -0.799908 -0.142173 -13.637842 -8.284603 0.851482 2.319399 -0.967698 -0.404896 0.520287 -0.279492 -0.721130 -0.063103 1.184759 -0.051069 -8.819252 -0.406907 3.190353 0.815225 -0.301022 -1.329011 0.599651 0.170629 0.038914 0.216077 0.657312 -0.110094 
90.497040 -56.542599 -8.294131 -5.816217 2.916069 -0.564053 0.560570 0.803222 0.636487 -1.342196 0.138794 1.114788 -0.459241 -16.437970 -5.402492 4.507854 2.322161 -0.752788 -1.472094 0.500578 -0.004589 -0.297860 0.199003 0.797519 -0.143481 7.454893 8.130710 2.477016 -1.724051 0.684032 0.529340 -0.095492 0.090700 0.707593 -0.066493 -0.749567 0.284936 
146.649872 -66.178285 -8.120365 0.275724 3.127161 -0.316128 -0.961934 0.899248 0.768081 -1.258778 0.102730 0.795131 -0.429135 1.271943 7.976817 5.805515 -1.128702 0.400365 0.653785 0.329302 -0.098091 0.694056 -0.196089 -0.314375 0.518803 10.507160 5.872714 -1.649278 -1.760570 0.744625 1.477803 -0.079453 0.078519 0.518246 -0.172963 -0.424599 0.305455 
245.226562 -53.998713 7.659503 5.794812 0.658664 0.236678 1.868140 1.461826 0.440305 0.045917 -0.253385 0.486038 0.578364 4.576350 6.342935 1.209298 -1.198980 0.736461 1.483511 0.341671 0.152449 0.738632 -0.146923 -0.051679 0.467428 -1.236180 -5.311620 -4.448971 -0.055243 -0.457008 -0.763425 -0.436625 0.049702 -0.279970 0.189691 0.006920 -0.427921 
393.282196 -57.025585 4.565506 2.694319 0.729201 1.156794 2.005088 1.582591 1.072979 0.218487 -0.191116 0.691774 0.505722 -1.200417 -2.646423 -3.092428 -1.239189 -0.513650 -0.873065 -0.543948 0.001313 0.134116 0.183293 -0.300535 -0.337039 -2.409342 -4.043457 -1.311527 0.193630 -0.836491 -1.078838 -0.542435 -0.137478 -0.341301 0.124188 -0.102372 -0.366144 
115.112793 -56.399547 2.366657 -0.390043 -1.819714 -0.790622 0.122010 0.373931 0.442930 0.314148 0.113202 -0.115033 -0.095714 -0.242334 -1.743978 -1.413757 -0.811720 -0.936521 -0.674165 -0.743198 -0.122508 0.056031 0.101453 -0.256422 -0.264859 0.430630 0.768200 -0.325004 -0.648447 0.920757 1.858652 0.388664 -0.886538 -0.464062 -0.035018 0.336309 0.217904 
0.000000 -57.510254 1.077550 -0.133195 -0.894239 -0.716247 0.656759 0.096194 0.827963 0.330550 0.011790 0.178930 -0.023997 -0.339157 -1.110024 -3.742435 -2.536083 1.327864 2.844239 0.233381 -1.771762 -0.794008 0.113258 0.372082 0.098769 4.835442 2.857575 -0.209738 -0.197181 1.207403 0.578832 0.208360 -0.026074 0.060375 -0.086038 0.008629 0.202432 
98.870773 -57.077861 0.146610 -7.874914 -6.891881 1.865105 5.810487 0.840692 -3.100595 -1.273868 0.339718 0.629131 0.101823 9.428550 3.971172 -1.833233 -1.206081 1.478286 0.483499 -0.326479 -0.174657 0.176782 -0.070624 -0.239165 0.140004 4.713339 2.740135 3.096965 2.520970 -0.849750 -2.593462 -0.404236 1.685337 0.911991 -0.067683 -0.489493 0.028175 
0.000000 -38.653154 9.019894 -3.799662 -3.306402 2.240324 1.623756 -0.556763 0.478649 0.684114 -0.129458 -0.299399 0.256011 9.087521 4.370247 2.451494 2.505857 -0.371637 -2.342684 -0.575091 1.598912 1.029973 -0.022109 -0.606903 0.155118 -7.915874 -3.211046 1.418341 0.957266 -1.639862 -0.541735 0.138977 -0.337927 -0.117543 0.025097 -0.014634 0.017126 
0.000000 -38.902818 8.887104 -2.971925 -1.880166 1.121831 1.125119 -0.309489 0.097228 0.786079 0.295500 -0.584676 0.412059 -6.403198 -2.450920 1.003448 0.708451 -1.801438 -0.599971 -0.048525 -0.850510 -0.058304 -0.020430 -0.268432 0.174256 -7.641853 -3.230775 -1.760145 -3.014676 -1.702972 1.132341 1.418545 -0.473380 -0.817412 -0.284071 0.236105 -0.165662 
125.027359 -51.459550 4.118054 -1.792765 -1.889501 -1.362553 0.423814 -0.653814 -1.222370 0.567505 -0.170317 -0.836263 0.604523 -6.196184 -2.091303 -1.068795 -3.523495 -3.777582 -0.078002 2.262000 0.652151 -0.604851 -0.590251 -0.134693 -0.176206 1.416312 0.785512 -1.072797 -2.229464 -0.369172 0.219111 1.150465 1.458620 -0.089397 -0.054263 0.280641 -0.232502 
203.709045 -51.295187 4.704498 -5.109515 -8.927156 -6.433333 0.969115 4.214510 1.401530 -0.423623 -0.885003 -0.854062 0.059646 -3.570573 -0.879896 -1.142146 -3.750477 -2.539782 -0.161750 2.252405 2.066730 -0.237099 -0.128955 0.292849 -0.290748 1.891759 1.121899 1.989934 3.383307 2.849108 -0.732399 -2.420075 -0.701652 0.412019 0.515248 0.226974 0.000823 
0.000000 -58.600697 2.358263 -4.077057 -9.390455 -6.442117 0.100314 3.850996 2.911091 0.093308 -0.428228 -0.250565 0.023028 -2.412666 0.152494 2.911073 3.243120 1.920634 -1.542800 -2.578151 -0.751153 0.219188 0.440245 0.319255 -0.174560 4.946069 2.790463 2.383370 3.145676 0.967945 -1.120234 -2.193794 -1.518335 0.271608 0.244087 -0.137003 0.195924 
253.625381 -56.120519 5.009486 0.712631 -2.440916 -2.592066 -2.116485 -0.941791 -0.100776 0.014753 -0.004512 -0.215551 -0.289473 6.321564 4.701031 3.624595 2.540876 -0.603892 -2.402219 -2.135183 -0.969940 0.306118 0.359218 0.018842 0.101100 5.495615 1.666559 -1.568697 -1.808589 -1.989135 0.075568 1.686572 0.926568 -0.234959 -0.209117 -0.000367 0.196627 
272.076111 -45.957569 11.760325 3.172133 -4.308704 -7.649901 -4.704124 -0.419370 0.971210 0.705544 0.290208 -0.212880 0.225227 8.578563 3.485613 -0.226321 -0.374057 -2.057637 -1.391663 0.794993 1.101982 -0.250731 0.022012 0.318522 0.218695 -0.820470 -2.427766 -2.994392 -0.471877 0.841365 1.131294 1.393205 0.495127 -0.514690 -0.127733 0.128610 -0.112497 
266.958893 -38.963393 11.980712 0.259990 -3.189030 -6.707340 -4.899812 0.648196 2.103187 -0.486708 0.039512 0.421493 0.147916 4.680624 -0.154501 -2.364188 1.597121 1.078838 -0.139630 0.651226 0.020313 -0.723261 0.103752 0.276063 -0.123895 -3.236697 -1.705575 -0.539043 0.428643 1.426063 0.770794 -0.302024 -1.039375 0.094536 0.219422 -0.034453 -0.306500 
271.705261 -36.596320 11.451323 -1.556243 -1.114462 -5.492224 -4.983385 0.883082 1.011836 -0.740978 0.497712 0.339246 -0.022563 2.105169 0.074463 -1.304406 0.483230 0.794488 0.149925 0.190946 -0.976768 -0.061658 0.460856 0.249617 -0.394306 -2.825016 0.223008 1.406012 -1.256088 -0.077061 0.717251 -0.590505 -0.237277 0.589323 0.059741 -0.236653 -0.255571 
276.486633 -34.753055 12.129639 -2.348822 -2.222571 -5.118365 -4.599963 1.030088 0.149651 -0.610024 0.961223 0.920726 -0.640696 -0.969408 0.291514 0.447836 -0.915055 0.924716 1.294872 -0.529783 -0.454241 0.455385 0.223235 -0.197243 -0.635036 -2.823361 0.000983 1.462848 -0.517741 0.206418 0.879741 -0.665276 0.234531 0.452312 -0.272081 -0.387519 0.220803 
280.055573 -38.535136 12.034351 -0.660572 -2.944571 -3.642793 -2.393641 -0.176484 0.103354 0.169791 0.944181 -0.055240 -1.292635 -3.541553 0.076429 1.621290 -0.552252 1.207323 1.909406 -1.139605 -0.507707 0.842967 -0.083306 -0.525421 0.047301 0.103189 -0.075800 0.092750 0.563200 -0.088610 -0.498818 -0.390546 0.189132 0.083878 -0.193609 -0.053771 0.664230 
285.588013 -41.836162 12.282498 0.893757 -3.327074 -2.703719 -0.781150 -1.249122 -0.865763 1.075909 0.794611 -0.130115 -0.546095 -0.763030 0.139914 0.633336 0.211346 0.747496 0.297236 -1.310876 -0.075977 0.623140 -0.163983 -0.304785 0.693424 1.573979 -0.125845 -0.544541 0.555611 -0.836051 -1.361673 0.546708 0.453545 -0.449134 -0.101795 0.194918 0.198772 
274.995483 -40.061196 12.314179 0.606101 -2.521879 -2.147801 -1.799169 -2.798235 -0.048599 1.416072 0.616216 -0.664810 0.094213 -0.393595 -0.175260 0.532207 0.558971 -0.464779 -0.813939 -0.046188 0.399383 -0.055300 -0.286895 -0.135586 0.444845 -0.596057 -0.377570 0.205315 0.116468 -0.773753 -0.194842 1.260210 0.091820 -0.416309 -0.093785 0.233485 -0.367287 
268.288727 -42.623352 11.931977 1.958170 -2.209133 -3.633277 -2.409029 -1.341499 -0.066997 0.965309 0.220821 -0.401287 0.343595 -1.955143 -0.615226 1.043966 0.444282 -0.800011 -0.092448 1.209544 0.107664 -0.209479 -0.351553 0.162186 -0.041150 -1.121524 -1.328389 -0.254235 0.318576 0.203619 0.644390 0.253543 0.023381 0.139191 -0.026307 0.152526 -0.334584 
270.696167 -43.971482 11.083727 2.694032 -1.633315 -3.747822 -1.984064 -0.379148 0.166729 0.997114 -0.086890 -0.340439 0.011912 -2.636644 -2.832038 0.023736 1.196124 -0.057542 0.474841 0.460898 0.446146 0.223081 -0.339510 0.169466 -0.224323 -0.604303 -3.758336 -1.690547 1.120797 0.652938 0.567010 -0.535815 0.185407 0.480806 -0.086905 0.430310 0.013743 
279.256165 -47.896639 6.267901 2.005643 0.183114 -3.748361 -1.459347 -0.419703 0.825296 1.411471 -0.458200 -0.062354 -0.105050 -3.163749 -8.131897 -2.337128 2.685875 0.505865 1.041572 0.137913 0.478479 0.752133 -0.525364 1.022805 -0.013665 0.717737 -1.445973 -1.008335 0.290768 0.281838 0.152186 -0.151354 -0.148475 0.160937 -0.000099 0.357148 0.134569 
270.350311 -50.298980 -5.180067 -1.980224 3.738435 -2.736092 0.099080 -0.103321 1.123687 2.501381 -1.137618 1.705172 -0.015418 -1.201170 -5.723984 -1.992933 1.777660 0.506135 0.779214 0.158191 0.149195 0.544955 -0.339709 0.883763 0.044816 0.981289 1.203957 0.172097 -0.454107 0.000135 -0.131179 0.010139 -0.164642 -0.103589 0.092827 -0.069521 0.029241 
