306.948181 -28.680669 -0.279480 11.226137 1.094441 -4.442172 -3.631355 0.417963 -3.158507 0.469182 0.267894 -0.676565 -0.549634 -1.509197 -3.281966 0.212273 -0.186435 0.643104 -0.118678 0.025423 0.615487 -0.719260 0.229354 -0.284857 0.352238 0.072828 -1.294986 -2.358845 -0.564580 0.177155 0.113814 0.197926 0.740573 0.574076 0.142893 0.236762 0.275825 
314.517365 -31.699064 -6.843411 11.650683 0.721571 -3.155963 -3.868711 0.468809 -1.927533 -0.969339 0.726602 -1.246280 0.154843 -1.363542 -5.871937 -4.505417 -1.315594 0.997414 0.108950 0.421276 2.096633 0.428892 0.515140 0.188666 0.903889 1.435952 0.643595 -3.714462 -1.421959 -0.443019 0.388447 0.150928 0.347725 0.888635 -0.043222 0.293981 -0.022985 
0.000000 -31.407753 -12.023355 2.215302 -1.536747 -2.447344 -3.413455 1.260515 1.034759 1.326966 1.298173 -0.299234 1.258144 1.362706 -1.994775 -7.216650 -3.030352 -0.242934 0.658215 0.327279 1.310938 1.058010 0.142911 0.303105 0.306268 2.330654 5.458328 1.170494 0.293797 -0.291674 0.587887 0.097662 -1.633316 -0.260437 -0.495199 -0.248181 -0.889112 
0.000000 -28.973651 -10.832961 -2.782618 -5.339133 -3.641831 -2.552281 1.123367 0.694342 1.146682 1.012424 -0.640070 0.767378 3.297765 5.044719 -2.164430 -0.728000 0.414065 1.284724 0.616600 -1.170000 -0.091981 -0.475258 -0.307697 -0.874334 0.516324 4.230201 4.050155 2.466998 0.512389 0.067777 0.138041 -1.098437 -0.569040 -0.475402 -0.026917 -0.314562 
0.000000 -24.812223 -1.933917 -2.113558 -2.992748 -1.619213 -0.844007 2.493714 -1.305241 1.143004 0.347657 -0.914627 -0.490524 2.395353 6.465627 0.883660 1.903645 0.781843 0.793769 0.603361 -0.885937 -0.080069 -0.807892 0.249272 -0.322857 -1.367526 -1.423922 0.910960 0.795539 -0.392909 -0.442113 -0.512965 0.745347 -0.203967 0.054166 0.516870 0.541229 
268.272888 -24.182944 2.098293 -1.015298 -1.531844 -2.078144 -0.964742 2.330088 -1.077532 0.986543 -0.603360 -0.141526 0.121664 0.562713 2.196876 -0.342511 0.863077 -0.371752 0.400498 -0.409331 0.320694 -0.499915 -0.366926 0.726044 0.208124 -1.270062 -3.081772 -1.052815 -1.085342 -0.249231 -0.292682 -0.375766 0.355592 -0.097493 0.271952 0.146707 -0.031201 
213.509262 -23.686798 2.459835 -2.798580 -1.266595 -2.362718 -0.043011 1.675052 -0.663852 0.143175 -0.386195 0.537461 -0.074276 -0.144770 0.302084 -1.221970 -0.267040 0.283381 0.208406 -0.148172 -0.174752 -0.275056 -0.263988 0.542686 -0.385259 -0.360681 -1.163687 0.369084 -0.656696 0.541677 -0.351680 0.377219 -0.411534 0.493160 -0.163423 -0.218377 -0.383118 
202.057938 -24.472485 2.702460 -3.459238 -2.065925 -1.511382 -0.547929 2.033745 -1.427036 0.436432 -1.131337 0.943845 -0.648853 -0.158649 -0.130498 0.395658 -0.450315 0.711602 -0.302862 0.345107 -0.502374 0.486406 -0.693771 0.289289 -0.558113 0.002391 -0.115917 1.395718 -0.119050 0.246508 -0.202062 0.090348 0.210905 0.369853 -0.114727 -0.315419 0.063993 
204.699890 -24.004095 2.198840 -2.007263 -2.167225 -0.939514 -0.648734 2.365267 -1.668599 1.115987 -1.773737 1.116039 -1.190502 -0.139988 0.070249 1.569467 -0.505140 0.776396 -0.195718 0.032524 0.247059 0.464651 -0.493443 -0.088152 -0.257272 -0.368130 0.485139 0.460582 0.053956 -0.187724 -0.081172 -0.131053 0.501748 -0.268063 0.381902 -0.483963 0.462414 
214.819061 -24.752460 2.842958 -0.320305 -3.076204 0.041409 -0.939366 2.098793 -0.932918 1.365734 -2.118223 0.767541 -1.163397 -0.894910 0.839780 1.316822 -0.342404 0.336154 -0.465206 0.083001 0.501123 -0.049720 0.070033 -0.678637 0.366715 -0.236733 0.077019 -0.310317 0.529478 -0.791616 -0.247687 0.207650 0.032988 -0.342320 0.618131 -0.398775 0.412189 
222.846100 -25.793915 3.878400 0.626380 -2.852033 -0.267205 -1.579145 2.531269 -0.666353 1.016547 -1.633672 -0.241235 -0.457072 -0.613453 0.224287 0.948833 0.553817 -0.806836 -0.691092 0.447824 0.313035 -0.219988 0.742819 -0.885702 0.567105 0.070406 -0.104827 -0.319716 0.179535 -0.506790 0.200883 -0.135270 0.029439 -0.083193 0.416421 0.272570 -0.059586 
231.420395 -25.979367 3.291532 1.577361 -1.968569 -1.572263 -2.321549 2.994440 -0.306849 0.925758 -0.632585 -1.003862 -0.029186 -0.754097 0.630126 0.677390 0.016665 -0.677426 -0.063440 -0.187539 0.560001 -0.216106 0.902874 -0.133497 0.247544 -0.227438 0.267211 0.152052 -0.356319 0.041675 0.751210 -0.405207 0.119004 -0.247325 -0.065316 0.334131 -0.265192 
241.024277 -27.302109 5.138651 1.981160 -2.818702 -1.622057 -1.706025 2.156190 0.453648 0.584334 0.172076 -0.508228 0.038016 -1.068329 0.758710 1.252937 -0.158820 -0.723486 0.811328 -0.362591 0.551043 -0.714637 0.612188 -0.217440 0.036721 -0.524627 -0.338780 -0.123053 0.168543 0.346592 0.154224 -0.449011 0.055752 -0.112676 -0.777447 -0.154514 -0.291486 
261.992920 -28.116026 4.808952 4.083236 -2.286210 -3.019235 -0.698893 2.269259 0.795238 -0.503517 0.591791 -1.438743 0.044256 -1.803352 -0.047435 0.431285 0.353752 0.015758 0.245008 -1.085561 0.671506 -0.441458 -0.652019 -0.442526 -0.335427 -1.328872 -0.214984 -1.179782 0.449307 1.213034 -0.401981 -0.323090 0.104898 0.323753 -0.617927 0.204490 -0.077119 
284.820679 -30.908813 5.043782 2.843730 -2.111199 -1.590542 -1.216010 -0.014932 1.796660 -0.298582 -1.131962 -1.393280 -0.632838 -3.726073 0.328742 -1.106627 0.739794 1.702582 0.007365 -1.008772 0.760838 -0.067131 -0.623667 0.191539 -0.117516 0.146591 -1.283046 -0.315093 0.310123 1.334791 0.377714 0.601067 -0.639441 0.124199 0.653878 0.497998 0.273691 
298.773010 -35.568172 5.466435 1.869981 -0.806622 0.385929 -0.684164 0.251716 2.316915 -0.637778 -0.655543 -1.055665 -0.190777 -1.510171 -2.613528 -0.198902 0.973997 2.685340 1.000435 0.116573 -0.607376 -0.193059 0.655737 0.553471 0.211954 -0.223337 -0.418864 0.643754 0.653325 -0.375790 0.186301 0.544946 -0.765882 -0.069554 0.476240 0.215411 0.148968 
0.000000 -33.929154 -0.183274 2.445927 -0.163204 3.780138 0.784861 0.218215 0.581907 -0.684701 0.179513 -0.286339 -0.208931 -4.172746 -0.508986 0.180881 2.046443 0.951002 0.379966 0.081120 -0.770925 -0.206239 0.328813 0.622361 0.180419 -3.168471 1.998102 0.051814 -0.035252 -1.809232 0.020329 0.610948 0.464780 0.279729 -0.379735 -0.278899 0.261212 
0.000000 -43.913665 4.448462 2.231743 3.286265 2.287933 0.075769 0.413955 0.775065 -1.050256 0.002083 0.189056 0.170062 -7.847113 1.382677 -0.095274 0.903493 -0.933124 1.041093 1.338470 0.322184 0.366398 -0.103733 -0.004328 0.734378 -3.943055 -1.424396 0.033625 -1.521949 -0.686477 0.030841 0.109813 0.415125 0.418772 -0.091112 -0.227610 -0.057105 
360.269287 -49.623379 2.582080 2.255378 1.643781 1.913889 2.867046 2.895154 1.226274 0.048095 -0.027953 -0.294994 1.259825 -12.058856 -3.357779 0.248131 -0.997455 -0.421951 0.441648 0.300746 0.059325 0.631306 0.146589 0.167140 0.066208 6.941574 -5.669294 -0.406012 -1.753931 0.085194 -1.607878 -1.481455 -0.319882 -0.089931 -0.037471 -0.035075 -0.930605 
349.332245 -68.031376 -2.267095 2.728005 1.291355 1.444030 0.959064 1.015446 0.893715 0.212355 0.295260 0.523336 0.302479 6.036035 -9.955911 -0.907299 -2.604369 -0.762737 -2.174663 -1.624441 -0.317580 0.186536 -0.178676 -0.074478 -1.126831 18.987242 0.446288 0.056540 -1.265579 -1.037305 -1.093349 -0.429699 -0.017774 -0.219667 -0.371350 -0.451344 -0.395535 
0.000000 -37.551308 -17.329741 0.440781 -3.564957 0.388416 -1.482279 -0.353727 0.591114 0.421168 -0.385305 -0.443951 -0.993836 25.915629 -2.465202 0.361212 -3.528613 -2.496562 -1.745051 -0.558653 0.023778 0.191971 -0.596112 -0.735547 -0.724861 2.479910 6.425643 0.842018 1.163507 -0.382112 0.587892 0.793736 0.138176 0.033042 0.100481 0.031599 0.881292 
0.000000 -16.200119 -7.197499 3.450429 -5.765872 -3.549095 -2.531038 -0.101859 0.941271 0.596297 -0.896963 -0.947758 -1.147243 10.995856 2.895374 0.776737 -0.277355 -1.526961 -0.998879 -0.036968 -0.041227 0.252621 0.022286 -0.011281 0.635752 -14.604478 -1.935952 -1.236195 3.113963 2.535511 1.434012 0.794518 0.143837 -0.161315 0.260394 0.238851 0.592217 
0.000000 -15.559597 -11.538992 1.994255 -4.119666 -2.665507 -3.480038 -0.427663 0.508660 0.926410 -0.340733 -0.466513 0.277668 -3.293327 -6.337106 -2.111179 2.699312 2.574460 1.122973 1.030383 0.311452 -0.130659 -0.075324 -0.257845 0.459574 -7.519307 -2.599575 -0.627781 1.812986 2.136982 1.472970 0.445698 -0.011272 -0.394046 -0.083805 -0.170617 -0.435459 
0.000000 -22.786773 -19.871711 -0.771929 -0.367247 1.599825 -0.285092 1.958907 1.564175 0.334978 -1.047611 -1.463447 -0.228096 -4.042758 -2.303775 -0.478825 3.348618 2.747002 1.947060 0.854428 -0.063770 -0.535470 -0.145324 -0.352514 -0.235166 -0.080792 5.225919 1.462010 -0.359255 -1.009176 -0.366666 -0.364044 -0.011433 0.157620 0.466409 0.620980 -0.024448 
0.000000 -23.645113 -16.146543 1.036604 2.577570 2.828498 0.414083 1.281193 0.381120 -0.144531 -0.631380 -1.171541 -0.192663 -3.454910 4.114732 0.812842 1.980801 0.556109 0.389641 0.302296 0.288585 0.184580 0.857493 0.984115 0.410678 0.974178 3.548556 0.399380 -1.269674 -2.307627 -1.052402 0.539782 0.706147 0.246487 0.358630 0.864325 0.298820 
0.000000 -29.696593 -11.642246 0.853754 3.594355 2.712043 0.494191 2.563498 2.141345 0.704138 0.667376 0.504782 0.593260 -2.094402 4.793336 0.319935 0.809271 -1.868253 -0.157743 1.933993 1.348525 -0.042496 0.571935 1.376136 0.362474 1.703459 0.352038 -0.397775 -1.063022 -0.638184 0.270200 -0.013520 -0.295890 -0.177795 -0.479576 -0.227692 -0.253004 
335.762207 -27.833917 -6.559872 1.676473 4.196111 -0.908008 0.098597 5.149178 3.078169 -0.229522 0.512490 1.580730 0.532285 -0.047991 4.818809 0.017291 -0.145242 -0.720260 0.930041 0.275256 -0.303195 -0.171010 -0.101659 0.528730 -0.095330 1.268488 0.468694 0.020313 -1.060905 0.993186 0.177656 -2.359429 -1.090067 0.238624 -0.296733 -0.761372 -0.055733 
357.207550 -29.792576 -2.004628 0.888335 3.303871 1.271523 2.354273 3.114010 1.534955 0.362118 0.464059 1.562243 0.402600 0.442574 5.730724 0.360562 -1.312539 0.118119 0.197569 -2.784866 -0.831610 0.434751 -0.021531 -0.146609 0.251008 0.854964 -1.262945 0.321278 0.318678 -0.143624 -0.390845 -1.107007 0.507343 -0.067467 0.122852 -0.740896 0.044703 
0.000000 -26.948769 4.901576 2.397596 1.571033 -0.671770 0.493735 -0.420554 1.414948 0.639981 0.469429 1.287512 1.034302 1.661936 2.292919 0.659846 0.492115 -1.007509 0.148352 -1.938757 0.711491 -0.305944 0.144045 -0.953062 -0.005924 0.066895 -3.681418 -0.114040 0.973392 0.197985 0.578710 1.413872 0.968793 -0.502655 0.137953 -0.443237 -0.498258 
0.000000 -26.468704 2.581210 2.208027 4.288100 -0.743495 2.650976 -0.763505 2.957938 -0.249769 0.752148 -0.343881 0.390753 0.576364 -1.632112 0.132481 0.634244 0.514089 1.354989 0.042878 1.105976 -0.570558 0.254375 -1.033082 -0.745507 -1.166683 -1.280396 -0.026891 -0.650070 0.804529 0.013919 1.015437 -0.248883 0.208431 -0.176170 0.351351 -0.545489 
0.000000 -25.796041 1.637352 2.662558 2.839522 0.356408 3.203713 -0.334797 3.626901 -0.501135 0.978179 -0.778652 -0.456712 -0.671430 -0.267873 0.606063 -0.808026 0.601549 0.176190 0.092116 0.213725 0.110918 -0.208295 -0.250360 -1.096902 -2.009604 -0.214281 0.758265 -0.389703 0.177885 -1.488315 0.523540 -0.827656 0.521808 -0.360431 0.609622 -0.037850 
0.000000 -27.811564 2.045465 3.420152 2.672049 0.459603 3.003357 -0.579274 3.385389 -0.027934 0.335559 -0.844602 -1.803052 -3.442844 -2.060675 1.649011 -0.145162 0.869859 -1.621641 1.089957 -0.549336 0.473059 -0.466488 0.186162 -0.821208 -0.030889 -3.862048 -0.852937 -0.750362 -0.075136 -0.689031 0.342239 -0.913743 0.030090 -0.019510 0.277784 0.866753 
0.000000 -32.681728 -2.483999 5.960580 2.549197 2.096125 -0.039570 1.845117 2.528229 0.444982 0.045204 -0.406329 -2.099128 -0.733209 -7.991969 -1.099811 -2.308749 0.451276 -1.201872 0.776594 -1.613760 0.171097 -0.247315 0.305209 0.636603 3.313673 -2.335595 -2.510261 -1.430779 -0.561674 0.838423 -0.779825 -0.520092 -0.362463 0.165958 -0.039172 0.766179 
0.000000 -29.277982 -13.938473 1.220531 -1.945449 1.362155 0.599612 0.973915 0.157869 0.314259 -0.159070 -0.234184 -0.529845 3.184501 -6.731865 -3.371512 -3.006721 -0.253490 0.055205 -0.469693 -1.589520 -0.251867 -0.134571 0.107818 0.711150 1.456663 3.787990 0.028516 0.661495 -0.437753 0.096959 -0.629941 0.469008 -0.300147 0.050587 -0.032061 -0.280612 
0.000000 -26.312726 -15.947729 -0.782444 -3.464245 1.589145 0.070840 0.905730 -0.650811 -0.058751 -0.223938 -0.190693 -0.676828 2.180117 -0.415988 -1.042778 -0.985758 -0.424230 -1.007954 -0.483288 -0.675744 -0.429197 -0.146140 0.241087 0.075379 -1.374327 3.420263 1.529121 1.251547 0.182089 0.035546 0.159707 0.714171 0.171848 -0.124994 0.061014 -0.215326 
0.000000 -24.917748 -14.770449 -0.865025 -3.916965 0.513695 -1.416296 0.007339 -1.193620 -0.544136 -0.451350 0.247991 -0.379088 0.435847 0.108661 -0.313270 -0.503628 0.110688 0.126296 -0.150280 -0.161179 0.091829 -0.384560 0.229845 0.280498 -0.647934 3.004435 2.134041 1.238922 0.541258 1.053912 0.604221 0.695402 0.665433 0.049959 -0.096303 0.003241 
0.000000 -25.441032 -15.730407 -1.408985 -4.471500 1.810521 0.323432 0.605170 -0.973168 0.124908 -0.993058 0.268998 -0.115832 0.884250 5.592883 3.225303 1.492087 0.658287 1.099869 0.725155 0.715061 0.901668 -0.046221 0.048481 0.081862 0.687450 4.330850 1.337598 1.586587 -1.529049 0.496612 0.387000 0.403056 -0.181923 0.472880 -0.048321 -0.129468 
0.000000 -23.149248 -3.584683 5.585582 -0.932792 1.830269 0.783443 1.457648 0.236502 1.259200 -0.543793 0.344953 -0.215365 1.810746 8.770360 2.361926 2.669546 -2.947409 1.119521 0.623721 0.644933 -0.272016 0.561201 0.133204 0.021562 0.449385 -1.689761 -1.829830 -0.782774 -1.923744 -0.551666 -0.363533 -0.430102 -1.076641 -0.141116 -0.496941 -0.396717 
0.000000 -21.819540 1.810313 3.314867 0.867592 -4.084298 2.562473 1.852611 0.316698 -0.419123 0.129344 0.535405 -0.072709 1.783020 2.213360 -0.434356 -0.073462 -3.189201 -0.003463 -0.001911 -0.145143 -1.251615 -0.328453 -0.945401 -0.711572 -0.662350 -4.242856 -0.805925 -1.610192 1.710816 -1.515545 -0.070946 -0.205055 0.133365 -0.552540 -0.332134 -0.200430 
326.732910 -19.583209 0.842037 4.716870 -1.079716 -4.548133 0.776517 1.453827 -0.053783 -1.244029 -1.200698 -1.545849 -1.638508 0.486046 0.284648 0.750075 -0.550839 0.474224 -1.911569 0.481829 0.234822 -0.005287 -0.543880 -0.531065 -0.379299 -0.859277 -1.176576 0.425593 0.011954 1.876151 -0.605999 -0.033490 0.111516 0.647599 0.396766 0.568981 0.491972 
286.874664 -20.847447 2.379608 4.815017 -0.234086 -3.135851 -1.260664 2.816269 0.786342 -0.429697 -0.958415 -0.526724 -0.831306 0.064466 -0.139791 0.416831 -0.049555 0.563102 -1.215461 -0.068890 0.077889 0.043584 0.465080 0.192560 0.272373 -0.371335 -1.118933 -0.298318 -0.038359 -0.380568 0.790797 -0.618338 -0.316239 -0.133207 0.326981 0.239101 0.129481 
0.000000 -19.454276 0.562455 5.550532 -1.178825 -3.421930 -1.654405 1.316048 0.101995 -1.156862 -0.270539 -1.160728 -1.093762 -0.256623 -1.953218 0.153439 -0.627556 -0.286913 -0.329976 -0.754848 -0.397655 -0.271701 0.110082 -0.052863 -0.120338 -3.907705 -0.359008 -0.373899 -0.117340 -0.563978 0.487660 0.155746 -0.127824 -0.143964 -0.474751 -0.061987 -0.204120 
234.294739 -21.360693 -1.526827 5.121894 -1.489198 -3.709678 -1.920615 1.306573 -0.008968 -0.973098 -0.738251 -0.632451 -1.071982 -7.750943 -0.857806 -0.330966 -0.284236 -0.564855 -0.240140 0.242603 -0.177759 -0.244345 -0.484421 0.068586 -0.135866 -10.973867 0.775312 -0.796745 0.520497 0.539938 0.383166 -0.226280 0.274033 0.215062 -0.131937 -0.078057 0.129920 
241.186707 -34.956163 -1.153158 4.888600 -1.747296 -4.551639 -2.134685 1.801253 -0.253524 -1.645552 -1.239381 -1.023555 -1.365494 -22.204358 -0.402594 -1.440050 0.413437 0.792963 0.436356 -1.207408 0.150411 0.158423 -0.153793 -0.208977 0.139502 -0.026966 0.598247 -2.544529 0.049270 1.234183 -0.127614 -0.797564 0.111401 0.423617 0.687839 0.321014 0.357834 
0.000000 -65.769409 -2.332015 2.241793 -0.662325 -2.123753 -1.047904 -1.108242 0.291855 -0.656253 -1.045836 -1.050404 -0.792977 -7.804875 0.338687 -5.420023 -0.185696 1.903511 -0.495369 -1.352526 0.045042 0.602889 0.891257 0.710614 0.579802 19.977641 0.931200 -2.279499 -0.695489 -0.288547 -0.911787 0.670455 -0.312723 0.058730 0.513260 0.266301 0.070195 
75.720589 -50.565913 -0.475784 -5.951447 -2.118687 -0.744616 -3.125422 -0.903798 -0.163440 -0.439773 0.543132 0.397673 -0.205890 17.750923 1.459806 -5.999048 -0.977542 0.215869 -1.387217 0.133502 -0.475034 0.275883 0.872727 0.323625 0.279892 6.700796 0.017585 1.344771 0.193231 -1.281640 0.216684 1.058515 0.010791 0.122653 -0.172561 -0.483130 -0.338964 
0.000000 -30.267562 0.587597 -9.756303 -2.617409 -1.692015 -3.822339 -0.841237 -0.658214 -0.104488 0.699618 -0.403154 -0.233194 5.596717 0.373857 -2.730482 0.200766 -0.659769 -0.062001 0.764505 0.066624 0.848195 0.546134 -0.255646 -0.098125 -18.516341 -2.622939 5.139767 0.887471 0.293678 1.531916 0.100275 0.285613 -0.049546 -0.615720 -0.087736 -0.137652 
0.000000 -39.372479 0.271930 -11.412412 -1.717155 -2.064155 -3.249424 0.625211 -0.030193 1.256617 1.635401 -0.113620 -0.402139 -19.281759 -3.786071 4.280487 0.797399 0.803225 1.676615 0.334053 0.096191 0.176790 -0.358714 0.148153 0.004588 -1.329704 -2.290488 2.884602 -0.290253 0.746616 0.726509 -0.466221 -0.310024 -0.673755 -0.819230 -0.110606 0.033430 
0.000000 -68.831080 -6.984544 -1.195330 -1.022610 -0.085565 -0.469109 -0.173132 -0.465833 0.249092 -0.017809 -0.106848 -0.224018 2.937309 -4.207119 3.038722 -0.379741 0.833462 1.391017 -0.167936 -0.553425 -0.499314 -1.092326 -0.476858 -0.031265 20.547921 1.346294 -2.511769 -1.029131 -0.515795 -0.646781 -0.103694 -0.036196 -0.250819 0.102753 -0.216544 -0.094826 
0.000000 -33.497861 -8.142307 -5.334967 -2.476637 -0.397231 -0.467389 0.289338 -1.137043 0.257989 -0.549252 -1.067336 -0.464670 21.814084 -1.093483 -0.743052 -1.260863 -0.228366 0.383053 0.126664 0.023799 -0.324849 -0.153208 -0.284936 -0.185064 0.315296 2.019591 -0.692569 -0.090985 -0.525918 -0.386019 0.091187 0.339434 -0.045548 0.592458 0.282435 -0.042645 
0.000000 -25.202913 -9.171511 -2.681434 -3.544336 -0.542297 0.296998 0.080196 -0.418235 -0.400605 -0.324225 -0.676719 -0.594146 3.567901 -0.167937 1.653584 -0.561711 -0.218375 0.618979 0.014438 0.125442 -0.590409 0.092589 0.088012 -0.116555 -11.958474 0.622350 0.542563 0.601539 0.241266 -0.109021 -0.046093 0.099579 -0.020921 0.005687 -0.068287 0.166665 
0.000000 -26.362059 -8.478180 -2.027798 -3.600059 -0.833981 0.770568 0.318215 -0.886159 -0.922830 -0.364073 -0.891313 -0.697779 -2.102864 0.151217 0.342074 -0.057786 0.254165 0.165011 0.034478 0.222956 -0.366690 -0.141833 -0.421509 0.148266 -3.739398 0.679297 -0.729678 -0.085135 0.343162 -0.487981 0.150645 0.293112 0.714853 -0.168199 -0.142402 -0.035545 
0.000000 -29.408641 -8.869076 -1.997285 -3.659907 -0.033966 0.627019 0.149151 0.027678 -1.133986 -0.607892 -1.519737 -0.297613 -3.910894 1.190657 0.194227 -0.731980 0.467949 -0.356983 0.315728 0.711667 0.839297 -0.243809 -0.196793 -0.187645 -3.639646 0.702506 -0.107097 -0.377133 -0.306016 -0.803219 0.111468 0.133218 0.664895 0.098248 0.488954 -0.361881 
0.000000 -34.183847 -6.096866 -1.639343 -5.064019 0.101916 0.056602 0.949672 0.537176 0.755764 -0.851691 -1.284898 -1.073068 -9.382156 1.556229 0.127880 -0.812052 -0.357867 -1.441427 0.257413 0.489391 0.963099 0.054663 0.556398 -0.575496 -1.629997 1.997393 2.558263 2.692618 -0.617750 0.288285 -0.984247 -0.366395 -0.790969 0.411409 0.411220 0.272493 
0.000000 -48.172953 -5.756619 -1.741525 -5.284011 -0.749700 -2.255835 0.663978 1.006461 0.792212 -0.498566 -0.406941 -1.448606 -7.170887 5.185443 5.310753 4.653255 -0.767552 0.219586 -1.652767 -0.021122 -0.742641 0.579009 0.625647 0.357342 8.441674 1.504585 2.490655 3.576519 -0.614897 1.006124 -0.433030 -0.387997 -1.071516 0.415117 -0.074332 0.500766 
0.000000 -48.525622 4.274020 8.982163 4.242492 -1.433187 0.495775 -2.355862 0.494931 -0.729518 0.306327 -0.033605 -0.358385 7.501192 4.565399 5.109189 6.340986 -1.587661 0.570822 -0.608647 -0.286603 -1.179933 0.884896 0.407735 0.426035 10.220966 -3.039005 -2.979716 -2.157825 -0.054100 -0.656365 1.435370 0.056172 0.494069 -0.324680 -0.334062 -0.284388 
125.916451 -33.170570 3.374179 8.476853 7.397962 -3.925022 -1.114191 -0.553316 0.433255 -1.567654 1.271226 0.408529 -0.596536 13.271045 -0.892567 -0.648678 0.337606 -0.875751 -1.093144 1.217973 0.091221 0.245498 -0.070351 -0.042478 -0.211433 0.760019 -2.773431 -3.517727 -4.711109 1.047502 -0.269004 0.636637 0.549345 1.141270 -0.958387 -0.338629 -0.065405 
264.749725 -21.983531 2.488885 7.684806 4.917704 -3.184690 -1.690512 0.080085 0.677373 -0.238523 0.165625 -0.118560 -0.781251 9.021229 -0.981464 -1.926265 -3.081231 0.507342 0.032814 0.664628 0.812086 1.102607 -1.031877 -0.269524 0.295225 -5.155600 0.287807 -1.138744 -1.637028 1.009468 1.020746 -0.579995 0.158706 0.009085 -0.343711 0.067010 0.364340 
260.240997 -15.128113 1.411251 4.624322 1.235500 -2.910337 -1.048563 0.775940 2.057428 0.637560 -0.792528 -0.130519 -0.006085 2.959845 -0.316954 -2.926166 -2.936449 1.143184 0.948348 0.057982 0.408634 0.263668 -0.757773 0.091543 0.517246 -6.042969 0.855487 -0.275981 1.271997 0.701617 0.782160 -0.266534 -0.869512 -0.616962 0.289434 0.197293 -0.033096 
249.778702 -16.063842 1.854977 1.832475 -0.955193 -0.898322 0.206183 0.196050 1.494640 0.288813 -1.349921 0.064526 0.253241 -3.064709 0.729511 -2.478227 -0.537237 1.910576 1.597133 0.131561 -0.926937 -0.131317 -0.453010 0.125062 0.229034 -2.778345 0.412301 0.921931 1.747279 -0.119308 0.010706 0.181762 -0.527089 -0.110306 0.291730 -0.032002 -0.208938 
251.802917 -21.257532 2.870272 -0.332133 0.161025 0.910815 2.145703 1.039062 0.203553 0.374926 -1.698547 0.119605 0.451982 -2.596845 0.507647 -1.082304 0.558109 0.904568 0.969760 0.421506 -0.645543 0.043057 -0.174313 0.027540 0.099370 0.233932 -0.110932 0.697962 0.547673 -0.503004 -0.313687 0.144973 0.140697 0.087187 0.139348 -0.048761 -0.064832 
