258.887360 -25.623909 1.332563 1.440246 0.266945 -4.577218 -0.346173 -0.022018 1.081490 -1.151702 0.078038 -0.509962 0.678588 -2.458841 -0.376461 -0.283936 0.011538 0.917831 -0.063041 -0.247069 0.258851 0.354182 -0.017140 0.021033 -0.082951 -1.028137 -1.539252 -0.059774 0.112936 0.043712 0.277578 -0.054603 -0.211827 0.089436 0.006332 0.142268 -0.092464 
268.395111 -30.541590 0.579642 0.872375 0.290020 -2.741557 -0.472256 -0.516156 1.599192 -0.443338 0.043757 -0.467896 0.512686 -4.515115 -3.454964 -0.403484 0.237410 1.005254 0.492115 -0.356276 -0.164802 0.533054 -0.004476 0.305568 -0.267880 -1.272299 -2.441269 -0.392210 -0.046723 -0.340166 0.437576 0.039173 -0.439264 0.002869 0.094956 0.151685 -0.074079 
265.615845 -34.654139 -5.577366 0.633277 0.741764 -2.566710 0.638056 -0.734570 0.751886 -0.085594 0.069086 0.101174 0.142829 -5.003438 -5.258999 -1.068356 -0.081908 0.237498 0.812110 -0.168723 -0.619677 0.359921 0.172772 0.324404 -0.231109 0.362248 0.118044 -0.617445 -0.388623 -0.256891 -0.248645 0.136472 0.121543 -0.255018 -0.003617 -0.205173 0.177093 
0.000000 -40.548467 -9.938356 -1.264336 0.126204 -2.266561 1.151964 -0.853603 0.359837 0.276504 0.389300 0.180912 0.050468 -3.790619 -3.218876 -1.638374 -0.539836 0.491472 -0.005176 -0.083333 0.078285 0.023018 -0.011709 -0.104778 0.086307 0.955723 1.824996 0.227108 0.085312 0.359395 -0.375503 -0.087634 0.440704 -0.076778 -0.236132 -0.211471 0.045527 
0.000000 -42.235377 -12.015117 -2.643470 -0.337908 -1.583766 0.627705 -0.901236 0.908455 -0.039558 0.045668 -0.108382 0.315442 -3.091992 -1.609008 -0.614140 0.088717 0.956288 0.061103 -0.343992 0.261731 0.206364 -0.299492 -0.098539 -0.140055 1.150718 0.730332 0.780740 0.743103 0.565871 0.100904 0.074551 -0.104225 0.136818 0.101335 0.035071 -0.136463 
0.000000 -46.732451 -13.156371 -2.492617 0.303638 -0.353984 1.274171 -1.541587 0.883299 0.689232 -0.209684 -0.016166 -0.229641 -1.489183 -1.758211 -0.076894 0.946370 1.623215 0.196632 0.065768 -0.130165 0.296654 0.190960 -0.034636 -0.186620 3.320210 1.681597 0.408266 -0.503540 -0.754981 0.041166 0.268929 -0.311676 -0.507161 -0.042480 0.107777 0.124419 
101.239845 -45.213744 -15.531539 -2.797259 1.554831 1.662664 1.020970 -0.769700 0.648126 0.553750 0.427588 -0.177653 -0.057798 3.548428 1.754187 0.202393 -0.918364 -0.553674 0.143436 0.193866 -0.361621 -0.807958 -0.384452 0.117015 0.108783 5.218341 3.759249 -0.303167 -1.129332 -1.783370 -0.257728 -0.050275 0.040812 -0.507697 -0.259528 -0.018029 0.164818 
0.000000 -39.635594 -9.647998 -2.087832 -1.533090 -1.461332 1.561043 -1.153855 0.160058 -0.926685 -0.978588 0.217864 -0.012075 8.947498 5.760287 -0.683228 -1.312294 -1.943526 -0.318824 -0.034781 -0.048541 -0.718739 -0.328095 -0.070694 0.143016 2.169739 0.375620 -0.495016 0.673085 -0.051888 -0.380350 -0.220222 0.188078 0.505006 0.355598 -0.110007 -0.113274 
0.000000 -27.318748 -4.010965 -4.163715 -1.069756 -2.224388 0.383321 -0.839261 0.551043 -0.883728 -0.228603 -0.319041 0.228234 7.887907 2.505426 -0.787640 0.427807 -0.657450 -0.617264 -0.246578 0.014536 0.202054 0.326743 -0.102999 -0.117766 -2.692013 -3.120823 0.666089 1.060933 0.918576 0.387502 0.016371 -0.080055 0.386433 0.164912 0.098492 -0.068006 
0.000000 -23.859780 -4.637146 -3.663112 -0.677476 -2.776231 0.326515 -1.647012 0.189129 -0.522576 -0.325103 0.011865 -0.247607 3.563473 -0.481359 0.648950 0.809572 -0.106375 0.456179 -0.002039 -0.208650 0.054127 0.001729 0.126290 0.007004 -2.173312 -1.410274 0.613398 0.214765 0.599650 0.487643 0.355731 0.017097 -0.025438 -0.025178 0.075376 0.138070 
369.787445 -20.191803 -4.973683 -2.865814 0.549389 -2.437137 1.295679 -0.843340 0.133742 -0.775474 -0.225145 -0.066461 0.242242 3.541284 -0.315121 0.439156 0.857336 0.541849 0.358022 0.464884 0.048730 0.151179 0.276387 0.047752 0.158375 -0.471388 0.119884 -0.504757 -0.537122 0.056613 -0.339642 0.105257 0.199687 -0.042853 -0.046143 -0.052165 -0.023745 
157.116043 -16.777213 -5.267389 -2.784801 1.037196 -1.692533 1.042558 -0.717243 0.286589 -0.220219 0.227671 0.107370 0.069143 2.620697 -0.241590 -0.360563 -0.264672 0.006850 -0.223105 0.208474 0.190723 -0.031579 -0.090557 0.021959 -0.040487 -0.915057 0.241886 -0.417313 -0.708319 -0.274160 -0.251304 -0.248432 -0.004922 -0.177082 -0.170745 -0.114954 -0.132632 
74.470947 -14.950409 -5.456863 -3.586941 0.020044 -2.423437 0.849469 -0.426391 0.515189 -0.838632 -0.406259 -0.022543 0.161268 1.711171 0.168650 -0.395470 -0.559302 -0.006471 -0.144585 -0.031979 0.038887 -0.202985 -0.065103 -0.182155 -0.106889 -0.880196 0.562277 0.349404 0.109813 0.289765 0.057670 -0.074888 -0.150392 0.075266 0.123851 -0.019387 -0.012916 
145.893539 -13.354871 -4.930089 -3.575741 -0.081407 -1.705474 0.753388 -0.781202 0.364362 -0.626189 0.097464 -0.256941 -0.144635 0.860306 0.882965 0.338245 -0.045046 0.586380 -0.107765 0.058698 -0.110060 0.118952 0.157145 -0.016814 -0.066318 -1.135998 0.431745 0.283686 0.341055 -0.078877 -0.044344 0.027701 0.000038 0.230130 0.088435 0.111667 0.034467 
64.254303 -13.229797 -3.690934 -2.910451 -0.070049 -1.250676 0.633938 -0.308996 0.295068 -0.600727 -0.091969 -0.056172 0.028632 -0.560824 1.032141 0.171901 0.122808 -0.164225 -0.233273 0.023422 0.038963 0.257275 0.111767 0.041178 -0.037954 -0.510323 0.025056 0.061843 0.124280 -0.577077 -0.023793 -0.093695 0.149428 0.091699 -0.090342 -0.030296 0.014146 
106.470154 -14.476520 -2.865808 -3.231938 0.164209 -2.033924 0.286842 -0.734359 0.442287 -0.111638 0.320998 -0.174584 -0.220544 -0.160341 0.933076 0.461932 0.203513 -0.567775 -0.155352 -0.128692 0.188795 0.302351 -0.023539 -0.077407 -0.038026 0.425784 -0.491644 0.190928 -0.099915 0.098401 0.342757 0.061765 -0.046563 0.067860 -0.108587 -0.052724 0.061775 
0.000000 -13.550478 -1.824782 -1.986586 0.336977 -2.386225 0.323234 -0.566380 0.672658 0.003974 -0.139046 -0.210986 -0.047419 0.290743 0.048853 0.553757 -0.077022 0.032578 0.452241 0.146951 -0.054163 0.392996 -0.105408 -0.064269 0.085595 -0.750451 -0.319978 -0.204995 -0.125155 0.416690 0.275061 0.233005 -0.161009 -0.125884 0.013869 -0.105326 0.035022 
248.925430 -13.895033 -2.768103 -2.124424 0.010164 -1.968768 1.191324 -0.440457 0.333962 0.674353 0.110182 -0.303123 -0.049353 -1.661243 0.293121 0.051943 -0.046796 0.265605 0.394770 0.337318 -0.133223 0.050583 0.004200 -0.288059 0.032018 -1.959809 0.577370 -0.254904 -0.000791 0.159862 -0.421737 -0.035806 0.076482 -0.431726 0.001697 0.056337 -0.004617 
67.912376 -16.872964 -1.238540 -1.882701 0.243385 -1.855016 1.112774 0.108256 0.406213 0.105141 -0.130645 -0.787103 0.016618 -3.628875 1.203593 0.043948 -0.078604 0.352303 -0.391233 0.075339 0.098802 -0.470455 -0.102013 0.048404 0.076360 -0.955067 0.025169 0.063111 -0.077562 -0.013493 -0.410762 -0.296769 -0.053428 -0.041585 0.089095 0.452837 -0.048878 
77.738815 -21.152782 -0.360917 -2.036527 -0.147043 -1.264163 0.408858 -0.289780 0.531566 -0.266558 -0.093844 -0.206315 0.103368 -3.571377 0.343458 0.178165 -0.201921 0.238619 -0.426755 -0.256220 -0.240079 -0.032587 0.182390 0.617615 -0.065738 -1.462260 -1.570311 0.253447 0.150558 -0.178870 0.047075 -0.047247 -0.292001 0.313740 0.000911 -0.014451 -0.096842 
0.000000 -24.015719 -0.551624 -1.526371 -0.160456 -1.377779 0.259264 -0.404185 -0.073946 0.039967 0.234134 0.448127 -0.114859 -6.553395 -1.937029 0.550842 0.222513 -0.005437 -0.297083 -0.019155 -0.485200 0.157024 -0.100190 0.019501 -0.117323 -1.121311 -0.938798 0.126798 0.410284 0.017598 0.061157 0.273979 -0.049824 -0.025811 -0.313196 -0.512956 0.001856 
275.133514 -34.259573 -4.234976 -0.934843 0.297984 -1.275038 -0.185308 -0.328090 -0.438834 0.047489 -0.294224 -0.167312 -0.131278 -5.814000 -1.534137 0.431761 0.618647 0.273815 -0.304441 0.291738 -0.339727 -0.084208 -0.444002 -0.408297 -0.062026 2.623093 0.684274 -0.350786 -0.325356 0.031527 0.037630 0.054444 0.045170 -0.177495 0.025936 -0.084273 -0.047913 
0.000000 -35.643718 -3.619899 -0.662848 1.076837 -0.830148 -0.349617 0.179291 -0.753399 -0.128449 -0.653871 -0.368466 -0.238912 -1.307209 -0.568481 -0.150731 -0.428198 0.057616 -0.221824 0.089732 -0.394861 -0.197966 -0.048318 -0.149044 -0.213149 2.020081 -0.539787 0.279631 -0.643513 -0.207345 0.315419 -0.480068 0.300064 -0.135652 0.331556 0.190111 0.147652 
0.000000 -36.873990 -5.371938 -1.236305 -0.558413 -1.159805 -0.628956 -0.148625 -1.228556 -0.348442 -0.390860 -0.465400 -0.557576 -1.773838 -2.613712 0.991024 -0.668379 -0.140875 0.326397 -0.668397 0.260401 -0.355511 0.219110 -0.028075 0.233278 0.981250 0.003768 0.533726 0.117365 -0.293351 0.014929 -0.416569 0.363949 -0.005469 0.124990 0.258039 0.368058 
123.261604 -39.191395 -8.847323 1.319200 -0.259920 -1.111898 0.303177 -1.157503 -0.232597 -0.839471 -0.215650 -0.424616 0.227644 0.655291 -0.560946 0.916721 -0.193468 -0.529085 -0.191965 -0.743405 0.333036 -0.208903 0.201663 0.367035 0.522968 2.913665 3.439595 -0.820615 0.437606 0.259965 0.023855 0.629912 -0.203771 0.369964 -0.106054 0.143561 -0.150016 
0.000000 -35.563408 -6.493830 0.597137 -0.945348 -2.217975 -1.012886 -1.635436 -0.562483 -0.766249 0.012465 0.268670 0.488360 4.053493 4.265478 -0.650206 0.206833 0.379054 0.374107 0.591426 -0.147140 0.384418 0.007003 0.259047 -0.066754 4.512799 1.921788 -0.824020 0.259196 0.610325 0.588196 0.696222 -0.033758 0.238715 -0.043178 -0.263815 -0.399784 
0.000000 -31.084410 -0.316368 0.018788 0.153745 -0.353790 1.051392 0.025349 -0.526878 -0.070635 -0.201643 0.093479 0.094137 9.680888 3.282629 -0.731319 0.324925 0.691565 0.984427 0.649039 0.265521 0.268526 0.115307 -0.160595 -0.276600 0.423487 -2.428141 -0.087030 -0.359467 -0.452663 -0.435490 -0.583974 0.130694 -0.311298 0.094428 -0.184541 -0.051780 
0.000000 -16.201632 0.071429 -0.865501 -0.295497 -0.834846 0.955968 -0.337359 -0.031442 -0.229198 0.243079 -0.052520 -0.064840 4.900466 -0.590804 -0.824265 -0.512100 -0.526271 -0.496873 -0.576522 0.114247 -0.238178 0.195859 -0.110035 -0.170315 -9.373553 -3.048657 -0.083627 -0.271805 -0.414096 -0.968135 -0.077123 -0.093185 0.012970 -0.255070 0.006875 0.123193 
0.000000 -21.283477 -1.497976 -1.629742 -0.870456 -1.406333 0.057646 -1.127696 -0.298383 -0.546991 0.190075 -0.126590 -0.246493 -9.066218 -2.814684 -0.898572 -0.218685 -0.136628 -0.951844 0.494792 0.079151 0.294466 -0.394833 -0.146845 -0.030213 -6.599303 -0.804482 0.137705 -0.022051 0.022447 -0.072461 0.849635 -0.050733 0.072984 -0.260316 -0.065216 -0.001741 
301.950775 -34.334069 -5.557940 -2.662645 -0.732868 -1.108101 -0.947720 0.652226 0.126861 0.359734 -0.546587 -0.346210 -0.125266 -8.298139 -2.199768 -0.548855 -0.556203 -0.481377 -0.641795 1.122748 0.012782 -0.092210 -0.324774 -0.240467 -0.173798 3.327902 1.319576 0.401268 -0.341226 -0.236335 0.428833 -0.286597 -0.363843 -0.670780 0.087756 0.042124 -0.157790 
0.000000 -37.879755 -5.897511 -2.727451 -1.982862 -2.369087 -1.225944 1.117800 -0.272819 -0.731411 -0.459473 -0.607525 -0.594088 -2.410414 -0.175532 -0.096037 -0.901137 -0.609297 -0.094177 -0.078402 -0.648535 -1.047095 -0.219320 -0.062596 -0.345793 4.186645 1.746915 0.689328 0.461306 0.881223 0.704051 -0.548517 -0.210250 0.087597 0.089805 0.110849 0.342805 
0.000000 -39.154896 -5.909003 -2.854718 -2.535142 -2.326696 -1.136075 0.495423 -1.170209 -1.734457 -0.985228 -0.471403 -0.816851 0.075150 1.294062 0.829802 0.366408 1.281069 0.766307 0.025715 -0.407718 0.082983 -0.145164 -0.018770 0.511813 1.448800 0.815196 0.448397 0.697858 0.894309 0.629868 0.090075 0.208743 0.789424 0.268187 -0.050046 0.308115 
0.000000 -37.729454 -3.309388 -1.067848 -1.250046 0.193051 0.306671 1.169229 -1.088254 -0.565445 -0.749801 -0.645065 0.429539 0.487186 1.454861 0.800757 0.494579 1.179321 1.165559 0.101748 -0.231049 0.531752 0.317054 -0.162688 0.270437 0.187818 0.181760 -0.632639 -0.213096 -0.610498 0.125431 -0.606124 0.459950 0.117107 0.213259 0.170694 -0.388430 
0.000000 -38.180523 -2.999281 -1.253204 -1.545984 0.031945 1.195044 0.698918 -1.632307 -0.670952 -0.351119 -0.796780 -0.275978 0.450786 1.657582 -0.435476 -0.059785 0.060073 1.017170 -1.186533 0.512182 0.317198 0.281355 0.322618 -0.265046 4.309704 0.301938 -0.177644 0.130129 -0.850184 -0.574928 -0.482379 0.550321 -0.183388 0.051915 0.381081 -0.036936 
347.698914 -36.827882 0.005775 -1.938799 -1.369616 0.313198 2.341010 -1.203837 -0.063890 0.068951 -0.187092 0.000171 -0.100554 9.106595 2.058738 0.445469 0.754838 -0.521047 0.015704 -0.863011 0.869592 0.164977 0.420885 0.599473 0.196565 3.842012 -0.379462 0.381261 0.374479 -0.382455 -0.808333 0.754021 -0.189450 -0.337361 -0.127926 -0.210559 0.134449 
0.000000 -19.967334 1.118195 -0.362266 -0.036309 -1.010149 1.226452 -1.027104 0.106878 -0.340999 0.490651 0.402166 0.117153 8.134810 0.898657 0.327047 0.689172 -0.704836 -0.599496 0.321509 0.133282 -0.357523 0.025503 -0.098499 0.003851 -3.586516 -1.082975 -0.421938 -0.384122 0.241436 -0.167110 0.648195 -0.527434 -0.153536 -0.501130 -0.441394 -0.184477 
62.299648 -20.558261 1.803090 -1.284706 0.008729 -1.096474 1.142018 -0.560820 0.202673 -0.646096 -0.136086 -0.196828 -0.092852 1.933564 -0.107211 -0.398406 -0.013406 -0.038176 -0.318516 0.433378 -0.185275 -0.142096 -0.581374 -0.283314 -0.172390 -2.923144 -1.344787 -0.114386 -0.322921 0.602133 0.413717 0.073973 0.072709 0.413687 0.109479 0.117493 0.066945 
0.000000 -16.100207 0.903772 -1.159078 -0.063121 -1.086501 0.589419 -0.160347 -0.263672 -0.625191 -0.672098 -0.164462 -0.227627 2.288523 -1.790917 0.098275 0.043330 0.499430 0.227937 0.469456 0.278701 0.469850 0.244461 0.136486 0.137741 -0.044152 -0.721959 0.539518 -0.036583 0.353615 0.233506 0.038858 0.255281 0.368005 0.438163 0.164916 0.209549 
145.486679 -15.981214 -1.778743 -1.088155 0.095389 -0.097614 1.597891 0.378092 0.760075 0.293604 0.352837 0.076144 0.182630 1.845260 -1.551129 0.680629 -0.086573 0.669053 0.148495 0.511094 0.325286 0.593915 0.294952 0.046517 0.246707 -1.495542 0.876438 0.321737 -0.009769 -0.130666 -0.363191 -0.247787 -0.274458 -0.218697 -0.124213 -0.246666 -0.022702 
181.416489 -12.409686 -2.198487 0.202180 -0.236266 0.251606 0.886410 0.861840 0.386900 0.562639 -0.082193 -0.071428 0.265788 -0.702560 -0.038041 0.741750 0.023792 0.238098 -0.498446 -0.026119 -0.270216 0.032455 -0.003965 -0.356845 0.092337 -6.067054 -0.050850 -0.061337 -0.195528 -0.285509 -0.193826 -0.419886 -0.263540 -0.448104 -0.099633 0.003922 -0.191695 
234.001404 -17.386334 -1.854825 0.395345 0.142972 0.378581 0.600999 0.325854 0.219643 0.358515 0.344907 -0.637546 0.367305 -10.288847 -1.652830 0.557955 -0.477629 0.098035 -0.239158 -0.328677 -0.201794 -0.302293 0.095686 0.054362 -0.136683 -2.799152 -0.152146 -0.075484 -0.455158 -0.210504 0.018955 -0.113423 0.149292 -0.067024 -0.001518 0.356321 -0.135830 
78.886101 -32.987379 -5.504147 1.318090 -1.191524 0.447676 0.408094 0.204486 -0.016688 -0.041948 0.109180 0.037296 -0.007577 -6.300863 -0.342332 0.590782 -0.886524 -0.182910 -0.460536 -0.252965 0.028368 -0.101593 -0.007001 0.355796 -0.179322 6.886703 1.661841 -0.609933 0.375064 -0.034176 -0.178581 0.337396 0.112229 0.181730 -0.059867 -0.008684 0.115224 
57.157688 -29.988061 -2.539489 1.576909 -1.630077 0.012762 -0.320074 -0.180077 0.276380 0.155328 0.330906 0.074046 0.008660 3.484558 1.670851 -0.661912 0.272499 0.029683 -0.596320 0.346116 0.022664 0.061167 -0.024048 0.036994 0.093766 4.290094 0.042000 -0.600528 1.146375 0.262637 0.089562 0.403085 -0.126924 0.021610 -0.031986 -0.145066 0.146135 
75.742958 -26.018262 -2.162444 -0.005733 -0.646526 0.507041 -0.784546 0.896717 0.028640 0.080386 0.061084 0.111285 0.179955 2.279324 -0.258333 -0.610275 1.406225 0.342365 -0.281413 0.553204 -0.225480 -0.058374 -0.070973 0.065664 0.112948 -3.145921 -1.426208 0.363965 0.065106 -0.141445 0.431620 -0.245281 0.002402 -0.017681 0.001660 -0.045178 -0.103011 
0.000000 -25.429413 -3.056154 0.356360 1.182373 0.697491 -0.882899 0.926331 -0.174581 0.038581 0.188960 0.205373 0.234556 -2.807283 -1.181564 0.066019 0.402711 -0.253208 0.266919 -0.144447 0.027467 0.025804 -0.020727 -0.053363 -0.112256 -4.709684 0.297319 0.137028 -1.446429 -0.090351 0.303862 -0.228591 0.194852 0.244122 -0.007816 -0.200394 -0.112865 
79.656723 -31.632827 -4.525572 0.126306 0.158896 0.000626 -0.250709 0.607823 0.083575 0.131994 0.019630 0.004559 -0.044556 -7.140044 0.336306 -0.336219 -1.486634 0.161663 0.326311 0.096022 0.164223 0.429871 -0.086605 -0.335124 -0.112782 -1.881958 1.657036 -0.063187 -1.019925 0.788741 -0.242642 0.683496 0.013359 0.391873 -0.021353 0.001032 0.117618 
200.335083 -39.709500 -2.383542 -0.316078 -1.790895 1.020818 -0.230277 1.118376 0.153866 0.898323 0.015751 -0.464875 0.008993 -6.571199 2.132509 -0.060354 -1.637139 1.324274 -0.218364 1.222545 0.054185 0.809550 -0.063433 -0.051298 0.122979 2.093796 0.433448 0.325289 0.410801 0.481416 -0.455485 0.399951 -0.009940 -0.158618 0.004847 0.113204 0.135790 
133.202011 -44.775225 -0.260555 0.005597 -3.115382 2.649174 -0.687437 3.052914 0.191945 1.751093 -0.107235 -0.098036 0.201402 -2.952452 1.203202 0.314360 -0.665032 1.124496 -0.584660 0.895924 0.144344 0.112636 -0.076912 -0.108717 0.158797 3.782020 -0.652610 0.196478 0.789072 -0.655039 -0.468086 -0.685680 -0.299286 -0.877797 0.242258 -0.084145 -0.029993 
0.000000 -45.614404 0.022862 0.312643 -3.120959 3.269810 -1.399596 2.910223 0.442553 1.123594 -0.138072 -0.682309 0.326588 0.992842 0.827289 0.332602 -0.058995 0.014196 -1.154536 -0.148815 -0.544388 -0.946045 0.421083 -0.219588 0.062993 2.092276 -0.554962 -0.062234 -0.005551 -0.831808 0.044957 -0.706252 -0.594836 -0.334020 0.412259 0.197181 -0.109667 
182.983856 -42.789542 1.394022 0.670801 -3.233371 2.677565 -2.996510 2.755284 -0.896831 -0.140997 0.734931 -0.537212 0.327389 1.232100 0.093278 0.189892 -0.676134 -0.539121 -0.494747 -0.516579 -1.045328 -0.555405 0.747606 0.285646 -0.060536 -1.666719 -1.023886 -0.025993 -0.017984 0.076111 0.793097 -0.161813 0.159666 0.916435 -0.085176 0.228273 0.001000 
0.000000 -43.150204 0.209417 0.692428 -4.473227 2.191569 -2.389090 1.877064 -1.648103 0.012784 1.357140 -0.111018 0.205516 -2.340596 -1.220484 0.280616 -0.094962 0.166417 0.431658 -0.472440 -0.225056 0.886826 0.250732 0.236959 0.064993 -1.393117 -1.176637 -0.296132 0.533584 0.903424 0.309663 -0.078869 0.655702 0.654376 -0.604864 -0.218085 -0.121784 
0.000000 -47.470733 -1.046946 1.232034 -3.423294 3.010398 -2.133193 1.810404 -1.346943 1.632655 1.236395 -0.063294 0.457375 -1.554135 -2.259997 -0.402371 0.391034 1.267728 0.124580 -0.674318 0.266076 0.753347 -0.462121 -0.150523 -0.304103 1.536100 -0.134100 -0.431054 0.168392 -0.031873 -0.257508 0.041679 0.228154 -0.547586 -0.382677 -0.181382 -0.165178 
53.512623 -46.258473 -4.310577 -0.112314 -3.691159 4.727024 -2.139931 0.528428 -1.115950 1.519477 0.432898 -0.412064 -0.402691 0.731605 -1.488684 -0.581492 0.241822 0.102670 -0.083358 -0.389081 0.231252 -0.208346 -0.514622 -0.125805 -0.265362 0.527734 1.439917 0.251282 -0.479045 -1.137488 -0.332601 0.529321 -0.027666 -0.349529 0.002588 -0.112335 0.236951 
0.000000 -46.007524 -4.024313 0.069050 -2.939651 3.215739 -2.299909 1.032242 -0.884440 1.215964 0.207151 -0.314905 -0.073350 -0.498667 0.619838 0.100193 -0.567057 -1.007248 -0.540623 0.384323 0.210745 0.054288 -0.456945 -0.375193 0.169799 -0.753375 1.268036 0.134932 -0.777415 0.141188 -0.230655 0.505232 0.165411 -0.053181 0.250674 0.056571 0.279083 
119.386383 -47.255808 -3.070901 0.088072 -4.825273 2.712528 -3.221177 1.297075 -0.694461 1.628054 -0.480993 -1.162450 -0.063092 -0.775145 1.047388 -0.311627 -1.313008 0.385047 -0.544667 0.621384 0.562073 -0.314708 -0.013274 -0.012664 0.292803 1.863803 0.660791 0.200550 1.041897 1.037051 0.562529 0.016432 0.106300 -0.289198 0.467373 0.340190 -0.092046 
0.000000 -47.557814 -1.929536 -0.554204 -5.565667 3.985834 -3.389243 2.275009 0.239706 0.586548 0.180602 -0.340233 0.512256 3.228938 1.941420 0.501294 1.516738 1.066853 0.584434 0.417187 0.423344 -0.524108 0.477800 0.305186 -0.014292 1.571010 0.719114 1.222614 1.791328 -0.038102 0.756220 -0.132965 -0.121299 0.071019 0.031412 0.005602 -0.371427 
186.698364 -40.797931 0.811940 1.090660 -1.791798 4.846234 -2.052309 2.131448 0.152227 0.579839 0.474607 -0.552078 -0.091677 2.366874 2.485616 2.133600 2.269647 0.308844 0.967772 0.355454 0.319476 -0.172670 0.049550 -0.001460 -0.450051 -2.761835 -0.655563 0.325499 -0.303536 -0.666677 -0.707273 0.057878 -0.033812 -0.071533 -0.197085 0.208348 -0.147978 
200.081512 -42.824065 3.041695 3.712996 -1.026374 4.603522 -1.453698 2.985918 0.878659 0.241207 0.279703 -0.343153 -0.387846 -2.294732 0.630294 1.152292 0.909666 -0.266501 -0.830112 0.532942 0.355720 -0.667173 0.083631 0.721882 -0.310249 -1.591473 -1.754752 -1.418537 -0.560924 -0.157252 -1.045196 -0.096071 -0.159116 -0.160814 -0.002326 0.266589 0.207169 
81.819443 -45.387395 2.072527 3.395245 0.027534 4.313232 -3.712533 3.197333 0.863668 -0.754508 0.641869 0.891686 -0.712174 -0.816072 -1.023888 -0.703473 1.147798 -0.005661 -1.122619 0.163312 0.001244 -0.494298 0.044898 0.531718 -0.035713 2.156348 -0.004983 -0.396917 -0.417066 0.042843 0.979904 -0.364067 -0.477325 0.325244 -0.156512 -0.511164 0.309594 
58.210854 -44.456208 0.993919 2.306049 1.269222 4.592201 -3.698937 3.312541 0.881146 -0.747390 0.369500 0.720282 -0.459271 2.017964 0.620327 0.358459 0.075535 -0.180815 1.129696 -0.195192 -0.598929 -0.016685 -0.229393 -0.300446 0.308939 1.184221 1.091759 0.803265 -0.846553 -0.157320 1.122759 -0.208054 -0.304456 0.237027 -0.069053 -0.373231 0.109100 
58.681377 -41.351467 3.313180 4.112163 0.178604 3.951602 -1.453140 2.806950 -0.334190 -0.787878 0.183084 0.290794 -0.094296 1.552371 1.159631 0.903057 -0.545309 -0.320300 1.122898 -0.252796 -0.607668 -0.020244 -0.093208 -0.214744 0.182488 -0.232797 0.269652 0.272299 -0.310422 -0.069742 -0.003399 -0.028802 -0.004370 -0.001779 0.068092 0.042851 -0.063226 
