240.008194 -30.598763 8.540164 0.800707 -1.557349 -0.020149 -0.948388 0.218396 1.500016 -1.810105 -0.733583 -0.830978 1.793163 -4.633958 -0.869687 0.315420 0.531787 0.220203 0.639239 0.301056 -0.491599 0.414279 0.560042 0.231442 -0.396300 -0.608452 1.240548 -0.176860 -0.388766 0.171117 0.138456 -0.582703 -0.530048 0.063982 0.096584 0.000630 -0.032552 
234.061356 -39.866678 6.800790 1.431547 -0.493775 0.420258 0.330091 0.820508 0.516818 -0.981546 0.386502 -0.368094 1.000563 -5.850862 1.611408 -0.038301 -0.245745 0.562437 0.916151 -0.864351 -1.551694 0.542243 0.753211 0.232702 -0.461404 4.760188 1.649546 -0.524425 -1.024687 -0.152910 -0.090200 -0.666770 -0.357651 -0.379880 0.180336 -0.161698 0.358453 
226.188187 -42.300487 11.762980 0.724106 -2.048839 1.104724 0.883915 -1.510305 -1.603373 -0.725619 0.772838 -0.365573 0.870355 4.886418 2.429404 -0.733430 -1.517588 -0.085617 0.458840 -1.032483 -1.206901 -0.345480 0.920715 -0.091955 0.320605 6.877911 -1.648021 -0.190196 -0.099897 -0.741937 -0.565726 0.879487 0.756559 -0.544408 0.223691 -0.174052 0.405117 
247.575073 -30.093843 11.659599 -0.035313 -3.528950 0.249024 1.247772 -1.244459 -1.896985 -1.672506 2.227931 -0.552003 1.641772 7.904959 -1.684634 -0.418693 -0.445538 -0.921437 -0.215300 0.894624 -0.038576 -0.546573 1.200592 -0.115401 0.348829 -1.248311 -2.086676 0.079347 0.924366 0.078530 -0.812262 0.852383 0.851724 0.327010 -0.395355 0.117064 -0.303061 
239.319031 -26.490568 8.393713 -0.113280 -2.939915 -0.738150 0.453315 0.278942 -1.680524 -1.818765 3.174023 -0.596376 1.568013 2.389796 -1.743948 -0.574736 0.331145 0.071443 -1.165683 0.672282 0.496548 0.308540 0.130004 0.142173 -0.285516 -3.957010 0.734218 0.152255 0.148701 1.065413 -0.348383 -0.560841 0.093135 0.681604 -1.003142 0.225636 -0.317992 
235.574280 -25.314251 8.171703 -1.184785 -2.866659 0.391910 -1.083595 0.100104 -0.903889 -1.055426 2.487939 -0.267656 1.070739 -0.009060 -0.216198 -0.114184 -0.148136 1.209388 -0.912066 -0.227059 0.147694 0.816636 -0.805692 0.335871 -0.287155 -1.704895 0.516928 0.554318 0.061711 0.620541 0.403534 -0.149273 -0.853284 0.353065 -0.501788 0.166878 -0.115057 
234.222565 -26.508688 7.961317 -0.341648 -3.236188 1.680626 -1.370817 -0.175176 -1.385136 -0.185493 1.562639 0.075367 0.993704 -1.019995 -0.710092 0.533900 0.454568 1.312525 -0.358616 0.373736 -1.210020 1.014669 -0.873572 0.475928 -0.515630 -1.102733 -0.262837 -0.079819 1.202782 -0.216809 0.502425 0.450284 -0.433714 -0.283128 0.265896 -0.186359 0.048954 
234.587189 -27.354242 6.751519 -0.116984 -1.957523 3.016959 -1.800826 0.847576 -3.323929 0.973911 0.740795 0.684200 0.039478 -2.214526 -0.741873 -0.273822 2.257427 0.775770 0.092784 0.673510 -0.719734 0.250381 -0.273900 -0.036847 -0.189246 -1.887309 -0.123858 -0.327983 1.100506 -0.091569 0.372431 -0.336046 1.138570 -0.306500 0.394171 -0.587576 0.215065 
235.268143 -30.937740 6.477570 -0.889292 1.278666 3.232165 -1.185249 1.171844 -2.824605 0.315268 1.014840 0.001672 0.615211 -4.794613 -0.957807 -0.122065 2.655579 1.129387 0.386247 -0.298357 1.067121 0.401670 -0.085231 -0.699224 -0.085500 -1.062025 -0.842697 0.934231 0.091865 0.341275 -0.280202 -0.611221 1.089290 0.071876 -0.228124 -0.172144 -0.018262 
233.210846 -36.943468 4.835905 -0.361115 3.353635 5.275732 -1.028332 0.250862 -1.189686 1.777251 0.570333 -0.714247 -0.131521 -4.338577 -2.427268 1.594639 2.441158 1.458319 -0.467620 -0.548933 1.458845 0.394132 -0.730147 -0.381136 -0.225770 0.816644 -0.567721 1.236414 -1.334202 -1.155540 -0.035760 0.064325 0.135290 -0.345408 0.040463 0.177633 -0.084824 
233.594330 -39.614894 1.623034 2.299985 6.160981 6.148803 -2.120488 0.073977 0.093085 1.103531 -0.445454 -0.760599 0.163671 -3.161326 -2.093248 2.350762 -0.012826 -1.181694 0.314727 -0.169707 1.337701 -0.289147 -0.004305 -0.343958 -0.255147 0.818217 -0.692161 -0.707790 -2.055305 -2.914185 1.108836 0.725869 -1.014233 0.141546 0.400176 0.266138 0.015231 
233.844543 -43.266120 0.649409 4.340409 3.327984 2.912344 -0.398878 -0.088551 1.485715 1.198956 0.561723 -1.402163 -0.641816 -2.702143 -3.811589 0.179058 -1.669452 -4.370052 1.750052 0.902805 -0.569621 0.677223 0.070206 0.151140 -0.195309 4.346721 -3.043758 -3.027957 -0.299973 -0.386592 0.309054 -0.004286 -2.214590 -0.022493 0.395892 0.662498 0.058524 
234.762741 -45.019180 -6.000144 2.658102 2.822077 -2.591300 1.379617 1.879588 -1.046157 2.457977 -0.305042 -0.458320 -0.226946 5.532117 -8.180765 -3.705153 -0.612772 -1.954878 0.932836 -0.178278 -3.091479 -0.334132 0.787480 0.981037 -0.138099 6.119466 -0.368569 -1.302609 0.754146 2.527556 -1.167882 -1.286337 -0.816311 -0.931922 0.603589 0.111178 0.161252 
0.000000 -32.201886 -15.712121 -3.069897 2.102441 -0.997412 1.466793 -0.445108 -4.697242 0.530692 2.136682 0.559911 -0.918014 9.536789 -4.548727 -2.426160 -0.161161 0.685060 -0.585711 -1.669868 -2.202242 -1.186620 1.277384 0.373495 0.127195 -1.475073 4.705868 1.788497 0.233770 1.277659 -0.518679 0.127772 1.402088 -0.088580 -0.658524 -0.727948 0.071473 
0.000000 -25.945603 -15.097597 -2.194218 2.499755 -1.221181 0.208195 -1.460149 -5.450641 0.084736 2.249726 0.288669 0.027444 2.581971 1.230972 -0.128159 -0.145232 0.600441 -0.104522 0.077266 -0.287302 -0.511292 -0.529568 -0.474859 0.004846 -6.103368 3.523449 0.805555 -0.268095 -0.390180 0.435190 1.336533 1.251906 0.627080 -0.927433 -0.308275 -0.170145 
0.000000 -27.037944 -13.250177 -3.326215 1.811977 0.203469 1.257748 -0.290576 -5.271846 -0.491892 1.077546 -0.389806 -0.908321 -2.669948 2.498171 -0.815049 -0.697350 -0.095301 0.284669 1.003198 0.301570 0.067539 -0.577482 -0.243054 -0.213096 -3.901258 3.116727 1.298926 0.588278 -0.197843 0.449966 0.637095 0.511941 0.418149 0.134967 0.420781 0.192286 
0.000000 -31.285499 -10.101254 -3.824317 1.105055 -1.411783 0.777533 0.546248 -4.847502 0.219813 1.094762 -0.197439 -0.398747 -5.220545 7.464427 2.469694 1.031325 0.204755 0.795409 1.351456 0.736579 0.325005 -0.259634 0.366703 0.389419 0.146472 3.401085 1.584107 0.040430 0.462726 0.169981 -0.104605 0.465406 -0.062447 0.502095 0.303562 0.156929 
0.000000 -37.479035 1.678678 1.613173 3.874626 0.612978 2.848566 2.412335 -3.798687 0.158119 0.558279 0.343601 -0.129484 -2.377005 9.300341 2.353165 -0.616491 0.830152 0.624632 0.793989 1.232381 -0.057356 0.426708 0.364070 0.100763 3.083571 -1.623375 -1.649773 -1.944763 0.199623 -0.814847 -1.413608 -0.052224 -0.400915 0.324715 0.101012 -0.213983 
239.775665 -36.039508 8.499427 0.882014 -0.127927 0.248522 2.026797 2.134226 -2.382740 0.105102 1.948179 0.530701 -0.197222 0.946597 4.217678 -0.829852 -2.858201 0.604001 -0.834284 -1.475761 0.632132 -0.476824 0.389797 0.568726 -0.038548 0.557541 -4.245368 -1.453455 -0.362944 -0.049567 -0.797733 -1.118398 -0.425564 -0.425074 -0.484937 0.058316 -0.041654 
227.110397 -35.585841 10.114033 -0.046531 -1.841776 1.820981 1.179998 -0.539186 -2.534423 -0.795529 1.337873 1.481054 -0.206580 -1.261924 0.809604 -0.553745 -1.342379 0.731019 -0.970835 -1.442808 0.381253 -0.907503 -0.543165 0.480702 0.017455 -3.528336 -2.239598 0.986036 1.089224 -1.234951 0.560321 0.401944 -0.050871 0.156678 -0.644406 -0.199100 0.025997 
0.000000 -38.563356 10.118636 -0.225476 -2.812685 1.710560 0.085128 -0.751389 -1.620234 -1.709905 0.861850 1.492105 -0.162312 -6.110076 -0.261519 1.142219 -0.679754 -1.865901 0.286359 -0.671873 0.530391 -0.163467 -0.899016 0.170526 0.013445 -0.708282 -2.144640 1.578615 0.656490 -2.525397 0.841049 1.029279 0.120670 0.895711 -0.135502 -0.565499 0.012245 
88.049370 -47.805992 9.590995 2.237907 -3.201284 -1.910822 1.752715 -1.882931 -1.473642 -1.122462 -0.460158 1.822106 -0.179690 -2.678487 -3.479676 2.603486 -0.029398 -4.319774 0.711264 0.615751 0.622594 0.883919 -0.814169 -0.650297 0.041946 3.664753 -1.467759 -0.974117 0.999107 1.735144 -0.177244 0.304988 -0.278409 0.553149 0.624011 -0.572053 -0.132354 
253.669418 -43.920329 3.159284 4.981496 -2.871482 -6.928989 1.507656 0.480113 -0.375045 0.057933 -0.766489 0.191511 -0.078420 1.219430 -3.197037 -0.806015 1.318461 1.604387 -0.068130 -0.061896 -0.026427 0.942830 0.349006 -0.973580 -0.251263 6.794674 2.668117 -3.125375 0.737446 4.473085 -0.684295 -0.729142 -0.969726 -0.417196 0.772158 0.213393 0.004166 
164.808655 -45.367132 3.196920 0.625877 -0.564362 1.297952 1.616455 -2.006722 -1.526497 0.763198 0.237854 -0.125055 -0.682216 10.910861 1.856558 -3.647264 1.445494 4.626397 -0.657326 -0.842533 -1.316858 0.049526 0.730147 -0.223510 0.050277 6.191731 2.411306 -0.034667 -0.680115 -1.013993 -0.955664 0.089793 -0.246397 -0.784147 0.000411 0.768461 0.517786 
0.000000 -22.098608 6.872401 -2.313031 0.019507 2.323804 0.193005 -1.204953 -3.008762 0.156985 0.693804 -0.255510 0.022135 13.602891 1.625574 -0.875350 -0.041769 -0.423599 -1.979458 0.117689 -0.519221 -0.625463 0.349828 0.563341 0.784309 -4.174393 -1.601045 2.380248 -0.846192 -3.288851 -0.666036 0.783259 1.091977 -0.600669 -0.238349 0.202665 0.250767 
277.839691 -18.161350 6.448068 -1.124823 -0.647900 0.450754 -2.342462 -1.771344 -2.564938 -0.487727 0.937511 1.001628 0.886403 2.562075 -1.345532 1.113233 -0.246891 -1.951306 -1.989398 0.723985 0.867095 -1.151812 0.253448 0.181820 0.551812 -6.861909 -1.653301 1.159928 -0.119693 -0.422496 0.598745 0.501020 0.670151 0.151437 -0.282332 -0.595826 -0.540908 
279.836853 -16.974458 4.181337 -0.086565 -0.474274 -1.578808 -3.785792 0.243017 -1.274573 -2.146639 1.200701 0.108130 1.125759 -0.120927 -1.681029 1.444506 -0.281156 -1.268591 -0.781969 1.119729 0.821080 -0.322590 -0.214837 -0.628311 -0.297507 -1.588214 0.083230 0.184705 -0.332518 0.694161 1.028417 -0.647125 -0.365218 0.872092 -0.128334 -0.205388 -0.540853 
284.337280 -18.403204 3.086010 1.764189 -1.210212 -2.086429 -3.906399 0.468115 -0.922778 -1.132907 0.507838 -0.254994 0.291390 -0.614354 -1.179071 1.482643 -0.911927 -0.562985 0.067436 -0.570264 0.136659 0.592371 -0.003220 -0.228956 -0.529895 0.043140 0.537518 -0.623535 -0.251668 0.512776 0.773816 -0.887019 -0.439098 0.299760 0.086140 0.299960 0.161345 
287.998932 -18.203166 1.823195 2.878721 -2.298128 -2.704777 -3.650921 -0.897512 -1.001254 -0.961896 1.194261 -0.349782 0.065969 -0.034648 -0.605993 0.197436 -0.784492 -0.243039 0.765664 -0.654308 -0.057116 0.276930 -0.042558 -0.028392 0.025184 -0.459753 0.593998 -0.732388 0.339946 0.504498 0.557848 0.534891 0.138583 -0.275602 -0.339863 0.220372 0.327519 
289.569214 -18.472499 1.874023 2.159060 -2.779196 -2.572506 -2.375071 -0.840502 -1.037010 -0.579047 0.422723 -0.311778 0.341758 -1.533861 0.008924 0.017866 -0.232035 0.446011 1.183131 0.499517 0.413825 0.041166 -0.682945 0.211788 0.125143 -2.640466 -0.055674 -0.200419 0.708232 0.938148 0.286011 1.212043 0.323146 -0.203482 -0.403132 -0.059371 -0.213539 
286.303650 -21.270887 1.841043 2.914453 -2.762198 -1.812755 -1.284658 0.101522 -0.173603 -0.879563 -0.171628 0.073794 0.316256 -5.315581 -0.717341 -0.203403 0.631972 1.633257 1.337686 1.769778 0.589175 -0.130034 -0.848821 -0.147134 -0.401893 -1.160789 0.063079 -0.280710 0.384285 0.427583 -0.042012 0.189632 -0.359910 -0.185232 0.245532 0.016285 -0.082310 
275.687500 -29.103660 0.439340 1.752254 -1.515253 0.694008 0.300300 2.699055 0.141340 -0.839115 -1.274919 -0.606045 -0.462028 -3.855439 0.135082 -0.543553 0.536535 1.301178 1.099108 0.878780 -0.305995 -0.329297 -0.191881 0.244359 -0.039477 4.395779 1.299228 -0.216638 -0.581760 -1.040354 -1.284640 -1.096774 -0.880804 -0.071596 0.727609 0.630084 0.605674 
275.970825 -28.981766 2.111207 1.827347 -1.689128 0.789601 0.913558 1.859082 -0.785593 -1.538158 -0.555391 0.562513 0.237303 3.475978 1.881114 -0.636679 -0.531548 -0.447451 -1.231595 -0.423769 -1.172432 -0.273226 0.606397 1.113034 0.809456 3.594473 0.258211 -0.425081 -0.681934 -0.885440 -1.221974 -0.447468 -0.062968 0.234788 0.356248 -0.013341 0.061594 
271.337921 -22.151705 4.201568 0.478896 -2.578350 -0.200894 -2.162890 1.851517 -2.203523 -1.385567 -0.062125 1.620023 1.156883 3.333506 0.651505 -1.393716 -0.827332 -0.469702 -1.344839 -0.016156 -0.431931 0.140278 0.520615 0.217678 0.083711 -1.546299 -1.092666 -0.304829 0.164048 -0.009424 1.025090 -0.317706 0.922592 0.272165 -0.322774 -0.761864 -0.482375 
269.013763 -22.314755 3.414217 -0.960085 -3.343791 -0.149802 -1.776121 1.826769 -1.649456 -1.257603 0.485839 0.997868 0.404725 0.383380 -0.304219 -1.246338 -0.203453 -0.466300 0.818585 -1.059180 0.672751 0.271104 -0.039151 -0.410695 -0.155295 -1.490125 -0.607106 0.566540 0.797110 -0.032135 0.668077 -0.447032 0.448801 0.063076 -0.379475 -0.201153 0.051079 
267.047668 -21.384945 3.593131 -2.013779 -2.985256 -1.133494 -0.525720 -0.266844 -0.858020 -0.843360 -0.140428 0.798634 0.846294 0.353256 -0.562708 -0.260635 0.766889 -0.533971 -0.008685 -0.910221 0.465671 0.266430 -0.238336 -0.184629 0.185870 -1.215395 -0.454567 0.901271 0.699203 0.246348 -0.739359 0.657904 -0.313716 -0.093877 0.050569 0.142230 -0.030292 
262.426086 -21.608243 2.288802 -1.481355 -1.810014 -1.217745 -1.793490 0.006328 -0.718115 -0.724742 0.009168 0.628611 0.776465 -2.047410 -1.213352 0.556204 1.194954 0.026396 -0.660134 0.256629 0.045320 0.083349 0.061987 -0.126234 -0.215878 -3.053550 -0.876882 0.201741 0.262630 0.483972 0.015525 0.337980 -0.020115 0.145608 0.036899 -0.133447 -0.229931 
257.045319 -25.479765 1.166428 -0.901370 -0.595349 -1.080702 -1.845988 0.246413 -0.767380 -0.676661 -0.016454 0.546166 0.414538 -5.753844 -2.316472 0.142848 1.292149 0.433974 0.022366 -0.234260 0.425442 0.557646 -0.164537 -0.451523 -0.273992 -3.943708 -0.178885 -0.553996 -0.277804 0.315629 0.721328 0.254674 0.515846 0.193976 0.097829 0.178410 0.260922 
261.891418 -33.115930 -2.344142 -1.195660 0.774285 -0.349797 -1.748757 -0.462193 0.132768 0.390550 -0.319905 -0.274435 0.228481 -9.934827 -1.571123 -0.551788 0.639345 0.657655 0.782522 0.765976 1.077012 0.471302 0.257645 0.230585 0.305965 -0.083300 3.633009 -0.950389 -2.585583 0.046085 1.141531 0.511182 -0.465362 -0.243156 0.754643 1.061957 0.308925 
103.346710 -45.349418 -1.975817 -2.004947 0.683341 0.234608 -0.280943 1.778365 1.386644 0.265943 0.498837 1.007336 1.026468 -5.920444 4.949547 -1.757931 -3.879017 0.526144 2.305429 0.788103 -0.505282 0.071335 1.344749 1.672391 0.343858 7.845821 3.069096 0.758264 -1.001337 -0.277025 0.218563 -0.687213 -1.538604 -0.623953 -0.045575 -0.396627 -0.573077 
0.000000 -44.956818 7.554952 -4.711522 -6.983749 0.702491 2.862100 1.114013 -0.877797 0.533219 2.369593 3.070346 0.916197 5.756815 4.567069 0.964739 -1.363328 0.103606 1.219649 -0.608451 -2.000196 -0.776603 0.166496 -0.562668 -0.840189 9.308871 -2.640346 2.066390 3.236751 -0.659038 -1.815461 -0.096097 -0.400836 -0.563162 -1.039938 -1.503009 -0.168857 
0.000000 -33.835788 7.158320 -0.075469 -2.043316 0.441819 2.158356 0.561464 -2.613748 -1.287264 0.831829 -0.118000 -0.653909 12.697297 -0.331146 2.374850 2.594486 -0.791932 -1.325494 0.595910 -1.306955 -1.054989 -0.735126 -1.333626 0.006144 1.046660 -3.256302 0.030429 1.039835 -0.276036 -1.220224 0.576910 0.653575 0.507073 0.153713 0.095928 0.747508 
267.115875 -19.562224 6.892661 0.038178 -1.794777 -0.881374 0.211112 2.305833 -3.491706 -1.576758 0.899341 0.403093 0.928485 7.850135 -1.945536 1.025597 0.716341 -0.448466 -1.220799 0.545369 -0.693045 0.237543 0.473923 -0.370813 0.654828 -7.456442 -0.671753 -0.655565 -1.064898 0.819638 0.994323 -0.139405 1.037040 0.613926 0.272789 0.807804 -0.305808 
255.564056 -18.135517 3.267249 1.975724 -0.610634 -0.455113 -0.283243 1.652201 -3.999839 -0.812177 1.779675 -0.859625 0.655748 -2.215586 -1.674652 1.063720 0.464690 0.847345 0.663152 0.317099 0.767125 0.172862 -0.189548 0.281982 -0.605472 -7.059188 1.277925 0.118749 -0.007832 0.888492 0.729678 -0.351762 0.938153 -0.106383 -0.452797 0.441964 -0.591544 
246.377472 -23.993397 3.543357 2.165618 -0.865396 0.813316 1.537415 2.940031 -1.957455 -1.231034 0.520245 0.967057 -0.282459 -6.268241 0.610314 1.263094 0.700677 1.328518 0.238556 -0.158156 1.183260 0.024778 -0.431672 0.513115 -0.528259 -1.348344 -0.957665 1.100010 -0.743199 0.401716 -0.787590 -0.695201 -0.349117 -0.105854 -0.298006 -0.222594 0.512646 
244.212433 -30.671999 4.487878 4.501912 0.790721 2.201924 0.193869 1.335888 -1.633319 -0.762620 0.916331 0.166605 -0.400770 -4.912275 -3.589983 3.263741 -1.021708 1.650776 -0.912029 -1.073302 0.068891 -0.038845 -0.785559 -0.163206 0.419820 2.326410 -3.650462 0.110827 -1.202664 -0.557957 -0.543364 -0.236755 -0.607047 0.170087 -0.294520 -0.386031 0.340205 
253.512482 -33.817947 -3.636609 8.693100 -2.908813 4.114867 -0.286644 0.793426 -1.819673 -1.308724 -1.050874 0.640644 0.557181 -1.615421 -6.690610 1.484749 -1.704651 0.212605 -0.848172 -0.631665 -0.030835 0.364951 -1.020712 -0.258947 0.152151 2.257962 0.039641 -2.769292 0.565112 -1.289143 0.044885 0.265134 0.149727 0.724202 0.605317 -0.106239 -0.542963 
0.000000 -33.902842 -8.893342 7.471409 -2.618581 2.627133 -1.502475 0.072558 -1.694988 -0.032717 -1.125092 -0.351290 -0.096468 -0.396351 -3.510701 -2.274844 0.108516 -0.927509 -0.822260 -0.543034 0.368345 1.409560 0.425074 -0.375684 -0.666107 1.660626 5.068768 -0.913044 0.873140 -0.691272 0.707592 0.406832 0.403882 0.041989 0.543735 0.071677 -0.190940 
0.000000 -34.610649 -10.658011 4.143412 -2.691781 2.259849 -1.931165 -0.292642 -1.082983 1.510396 -0.200726 -0.110724 -0.775032 1.705830 3.446927 -0.341339 0.041629 -1.169940 0.567013 0.181998 0.776929 0.448930 0.066759 -0.115593 -0.229730 3.078320 5.506980 1.219686 0.668100 -1.104730 0.681131 1.059188 -0.566996 -1.284107 -0.525084 -0.176945 -0.011469 
0.000000 -30.491181 -1.999488 6.788730 -2.535323 0.287253 -0.368449 0.436554 -0.141131 0.865143 -0.991575 -0.582477 -0.555929 5.760289 7.503260 0.164529 1.444716 -3.136970 0.540001 1.575343 -0.765646 -1.158654 -0.625095 -0.729574 -0.689045 1.928445 -0.010291 -0.474141 0.474975 -0.644463 -0.504054 0.574615 -0.923453 -0.549153 0.026243 0.152408 -0.157479 
302.849091 -23.090070 4.348508 4.472470 0.197651 -4.014091 -0.851163 2.858043 -2.614276 -0.806913 -1.450916 -1.569871 -2.153121 5.562720 3.426346 -1.289621 0.991579 -2.458866 -0.441095 1.331228 -1.069976 -0.649377 0.119246 0.189223 -0.544687 -1.873742 -3.455542 -0.308810 -0.949954 1.509569 -0.347498 -1.132852 0.535459 0.753622 0.524306 0.790343 0.829187 
295.716309 -19.365742 4.853203 4.209488 -0.552165 -4.630479 -1.250639 3.099009 -2.281083 -0.433611 -0.753083 -0.204031 -1.645304 2.012806 0.592176 -0.453092 -0.455192 -0.117832 -0.154996 -0.690362 0.305271 0.348589 0.423518 0.851113 0.969330 -3.708491 -1.116663 0.434255 -0.311276 1.406187 0.054608 -1.322117 1.074023 0.015435 0.267809 -0.201792 0.793238 
286.791107 -19.064459 5.532861 3.566286 -0.712734 -4.249756 -1.161154 1.477320 -2.003734 -0.109735 -0.603880 0.132355 -0.214461 -1.854263 1.193020 -0.421112 0.369028 0.353508 -0.331879 -1.313007 1.078070 -0.618506 0.654864 -0.214361 1.041789 -3.497470 -0.377763 -0.010851 0.324732 0.780231 0.090914 -0.250076 0.281068 -0.309378 0.084885 -0.500304 -0.514411 
280.743805 -23.074267 7.239244 3.367265 0.185890 -3.923463 -1.914397 0.472996 -0.124944 -1.670624 0.556644 -0.632753 0.438274 -4.982134 -0.163350 -0.474794 0.194271 1.442630 0.026832 -1.190513 0.867407 -0.270168 0.593289 -0.149495 -0.059493 -0.190701 -3.149011 -0.762669 -0.290868 0.713705 0.160577 0.469023 -0.622318 0.746429 -0.587992 0.200864 -0.795681 
281.900452 -29.028726 5.206160 2.616699 -0.324192 -1.364495 -1.107490 -0.903706 -0.268921 -0.650071 0.582697 -0.166634 -0.333447 -2.235664 -5.105001 -1.946449 -0.212709 1.780917 -0.010724 -0.374962 -0.166566 0.874351 -0.521121 0.187368 -0.549574 2.122780 -2.698687 -1.251695 -0.413135 -0.766781 -0.364534 0.671850 -0.505978 0.455129 -0.516541 0.224617 -0.055905 
281.229462 -27.545596 -2.970759 -0.525634 -0.239528 -0.361629 -1.935845 -0.276928 -0.458076 0.078078 -0.485597 -0.258017 -0.660874 -0.736573 -5.560724 -2.978183 -0.631999 -0.090931 -0.702235 0.153187 -0.144549 0.640091 -0.439794 0.299740 -0.171304 -0.408427 4.840430 1.678157 -0.308462 -1.120033 0.186248 0.462426 -0.222995 -0.622637 -0.008655 0.296263 0.427069 
0.000000 -30.501872 -5.915287 -3.339667 -1.588191 -1.546358 -2.511960 -0.597332 -0.558018 0.630111 -0.296891 0.432845 -0.676055 -3.052518 4.575858 1.409864 -0.829634 -0.459149 0.361771 0.549891 -0.612555 -0.370922 -0.538431 0.779895 0.304564 0.814361 6.792952 2.933146 -0.239513 0.650082 0.221579 0.507052 -0.102206 -0.732097 -0.129243 0.319816 0.248407 
0.000000 -33.650631 6.180957 2.294093 -1.898796 -1.279926 -1.212302 0.822854 -1.683186 -0.663766 -1.562460 1.301772 -0.051745 0.892150 8.025181 2.888110 -1.111026 1.209233 -0.259078 1.167290 -0.348960 -0.824103 -0.698280 0.939373 0.325511 2.626594 -1.599623 -0.963615 0.099194 0.914645 -0.404839 -0.253256 0.439651 0.181681 0.063808 -0.248715 -0.171533 
267.931702 -28.717572 10.135074 2.436553 -3.810242 0.872108 -3.030116 1.737249 -1.255938 -1.018096 -1.693451 2.311590 -0.025033 2.200669 1.376613 -0.517367 -0.631246 1.370141 -0.447907 0.043379 0.266746 -0.007561 -0.410816 0.282464 -0.038501 -1.639171 -4.325532 -1.867606 1.051770 -0.624601 0.383237 -0.731379 0.429771 0.215481 0.549582 -0.793151 -0.153067 
255.811584 -29.249293 8.934183 1.259359 -3.161289 1.460357 -2.108116 0.909611 -1.149695 -0.678888 -2.384091 1.866700 -0.128747 -2.386193 -0.625883 -0.847102 0.992513 -0.039970 0.507395 -0.295468 0.510583 -0.393141 0.400885 -0.646929 0.019376 -2.160501 -0.701025 0.129431 0.649641 -0.852118 0.247151 0.037486 0.095357 -0.277592 0.578511 -0.353474 0.054867 
252.406525 -33.489958 8.883309 0.742348 -1.825216 0.792169 -2.015325 1.146313 -0.234773 -1.804377 -0.891680 1.017732 0.013720 -2.120333 -0.025437 -0.258505 0.668036 -0.334094 0.046395 0.118351 0.457461 -0.562745 0.746206 -0.424484 0.071233 0.132930 0.300223 0.294299 -0.162238 -0.147062 -0.230500 0.206909 -0.026561 -0.084802 0.172660 0.111223 0.025928 
