391.893860 -52.397255 1.305110 4.757995 3.827471 -0.527299 2.640470 0.940217 -0.088216 1.034455 1.294637 1.706141 1.491840 -3.875003 -0.239989 -0.461151 -1.031613 1.343299 0.265661 0.759737 0.430300 -0.192842 -0.214159 -0.083503 -0.341077 0.015373 -0.001369 -0.217056 0.171819 -0.027069 -0.283972 -0.093063 0.210752 0.149595 0.061978 -0.139130 -0.012394 
375.237640 -60.147261 0.825131 3.835694 1.764245 2.159299 3.171793 2.459690 0.772384 0.648770 0.866319 1.539134 0.809687 -3.844257 -0.242728 -0.895262 -0.687975 1.289161 -0.302284 0.573610 0.851805 0.106348 -0.090204 -0.361764 -0.365864 3.782098 1.216340 0.664858 0.953154 -1.736665 -1.152389 -0.376741 -0.098361 0.377301 0.388394 -0.497047 -0.264527 
325.945618 -60.085769 0.819654 2.967471 2.451522 2.051024 2.035903 2.087437 1.615394 1.247151 1.114230 0.982613 0.760111 3.689193 2.192690 0.868565 0.874694 -2.130031 -2.039117 0.006255 0.233578 0.561760 0.562629 -1.077598 -0.870131 4.671736 1.501411 1.203288 0.948838 -1.777252 -1.104302 0.058305 -0.339628 -0.162189 0.309130 -0.033896 -0.387416 
234.855225 -52.768875 5.210511 5.572823 3.513633 -2.100763 -0.906441 2.472201 1.239540 1.772290 1.991576 -0.616061 -0.930575 5.499216 2.760094 1.511313 1.209702 -2.265343 -2.510889 0.690220 0.172549 -0.218029 0.528056 -0.429555 -1.140696 -3.798017 -2.096715 -0.406606 -0.535592 1.611281 0.975573 -0.357139 -0.158488 -0.585507 -0.523347 0.632102 0.349179 
219.665359 -49.087337 6.339842 5.990097 4.870927 -2.479662 -2.985875 3.467877 1.960491 0.811093 2.170341 0.123504 -1.521280 -3.906841 -2.000741 0.055352 -0.196490 1.092531 -0.087970 -0.708022 -0.083398 -0.609254 -0.484065 0.186606 -0.171774 -7.833471 -4.787291 -2.341214 -2.138108 1.697291 1.972785 -1.174178 -0.575305 -0.099284 -0.868651 0.150017 0.905352 
221.294525 -60.582557 1.209030 5.683528 3.120652 0.084300 -1.082381 1.056157 1.072743 0.553782 1.023446 -0.242850 -1.274123 -10.167726 -6.814488 -3.171115 -3.066513 1.129239 1.434681 -1.658136 -0.978062 -0.416596 -1.209247 -0.129521 0.670008 3.158170 0.975564 -1.103096 -0.177342 -0.854924 0.358769 0.441702 -0.310891 -0.091133 -0.162048 -0.148076 0.240640 
82.523872 -69.422789 -7.289134 -0.352134 -1.262100 -0.221184 -0.116512 0.151606 0.004368 -0.022099 -0.248153 -0.135538 -0.181265 2.409499 -0.049613 -2.150840 -0.551174 -0.617317 0.629567 0.175382 -0.705180 -0.791519 -0.808161 -0.109546 0.309507 13.998373 6.290370 2.369992 3.010550 -2.244649 -0.477163 1.592895 0.946441 -0.534627 0.455034 -0.223885 -0.591227 
340.307251 -55.763559 1.109803 1.381849 2.018304 -1.150334 0.176753 1.406921 -0.337617 -1.029257 -0.592875 -0.461941 -0.655109 17.829020 5.766253 1.568869 2.954586 -3.360059 0.480356 1.527655 0.914821 -1.485851 -0.299179 -0.577292 -0.512447 5.988720 0.249911 1.326478 0.000690 -0.108992 -0.303003 0.275697 0.551289 0.331389 0.415234 0.036547 -0.264484 
0.000000 -33.764749 4.243372 2.785604 4.647073 -6.941302 0.844199 3.206916 1.834010 -2.993801 -0.846511 -1.290122 -1.206158 14.386940 0.450209 0.502117 -0.549793 -0.835300 0.023561 0.726776 0.397397 -0.128742 0.022307 -0.036452 -0.219461 -10.381126 -3.348423 -0.889018 -2.608544 3.105147 -0.385252 -1.133040 -0.837525 1.328633 0.205216 0.542648 0.373892 
0.000000 -26.989680 2.010220 2.386083 0.918718 -2.820934 0.223875 2.860474 0.457177 -1.286740 -0.548261 -0.534845 -1.094031 -2.933233 -0.930592 -0.209166 -2.262501 2.850235 -0.290148 -0.738425 -0.760229 1.171415 0.111253 0.508004 0.235337 -15.139420 0.472893 -0.243273 0.453410 1.078361 -0.306841 -0.887345 -0.207291 0.012263 0.032238 -0.118299 0.102869 
96.255737 -39.631215 2.382188 2.367271 0.122071 -1.240832 0.263903 1.730065 0.313552 -0.650972 -0.624005 -0.274114 -0.735484 -15.891901 1.395994 0.015572 0.357027 1.321421 -0.590120 -1.047915 -0.017185 -0.104216 0.086782 -0.273049 -0.013722 -2.652148 -1.276652 -1.376065 2.002452 -0.308697 -0.324294 -0.132018 0.425051 -0.640326 -0.076222 -0.266142 -0.047164 
0.000000 -58.773482 4.802208 2.417227 1.632771 -0.178091 -0.956366 0.764644 0.422808 -1.495173 -0.374696 -1.080944 -1.121475 -8.237528 -3.483897 -2.961296 1.742403 2.232842 -0.938736 -1.002461 0.089874 -0.109237 -0.041191 -0.024280 0.141010 12.451170 -3.457504 -2.120772 0.515003 0.574453 0.142107 0.065131 0.304411 0.590734 0.151580 0.417741 0.390841 
0.000000 -56.106271 -4.585605 -3.555320 3.606877 3.224853 -1.613569 -0.274856 0.493299 -0.869447 -0.706387 -0.322673 -0.453465 9.010438 -5.519013 -4.225973 1.387034 2.470327 -0.305907 -0.917653 0.591638 1.077253 0.389943 0.562433 0.767960 8.784989 1.881393 0.845898 -0.725949 -0.885659 0.958113 0.873407 0.052907 0.277400 0.180159 0.059569 0.119880 
0.000000 -40.752605 -6.235819 -6.034719 4.406838 4.762563 -1.568180 -1.070662 1.606083 0.659333 0.405189 0.043923 0.414445 9.332450 0.278890 -1.269500 0.290505 0.461525 0.977490 0.744354 0.195687 0.445562 0.319128 0.094859 0.380770 -4.761539 2.894801 2.435271 -0.173502 -1.954456 0.404776 0.894801 -0.590024 -0.688635 -0.193680 -0.447641 -0.545739 
0.000000 -37.441372 -4.027825 -6.094320 4.187887 4.147902 0.341412 1.213851 0.884674 0.021678 -0.068131 -0.132956 0.308076 -0.512640 0.270588 0.644570 1.040029 -1.438586 0.503645 0.871948 -0.588410 -0.300017 0.002583 -0.332849 -0.323517 -5.360920 -1.081964 1.220717 0.788961 -0.266691 -0.802775 -0.563249 -0.271934 -0.232716 -0.170614 -0.160021 -0.305847 
0.000000 -41.777885 -5.694642 -4.745579 6.486895 1.885392 -0.560890 0.673235 0.429264 0.059299 0.410355 -0.621774 -0.232589 -1.389390 -1.885038 1.171934 1.868426 -0.071857 -0.628060 -0.382144 -0.348181 -0.019870 -0.022100 -0.225183 -0.230923 1.301614 -0.395914 -0.187192 0.100428 1.230959 -0.358848 -0.300042 0.120130 -0.014043 -0.100156 0.167534 0.025833 
0.000000 -40.220152 -7.797901 -3.750452 7.924739 4.004188 -0.914708 0.449564 0.188311 -0.018063 -0.112330 -0.583322 -0.153771 2.090587 -0.521239 0.270185 1.240885 1.023332 -0.214050 0.271865 -0.348150 -0.328103 -0.197730 0.002220 -0.271852 2.947627 1.176326 -0.981430 -1.066430 0.296188 0.221972 -0.673329 0.203746 0.030916 0.367362 -0.124919 -0.034950 
0.000000 -37.596710 -6.737121 -4.205209 8.968666 3.932055 -0.988990 1.216964 -0.267036 -0.596907 0.014895 -0.617335 -0.776293 4.505863 0.467614 -0.790927 -0.264433 0.520518 -0.184116 -1.728801 0.059312 0.041962 0.712625 -0.475022 -0.300824 1.885086 0.776174 -0.074136 -2.212349 -1.014137 -0.294814 -1.128969 0.599673 -0.130071 -0.220843 0.062250 0.490454 
0.000000 -31.208426 -6.862674 -5.332305 7.395872 5.045224 -1.282939 -3.008039 0.306934 0.065862 1.312919 -1.533365 -0.755418 5.860759 1.031109 0.121913 -3.183813 -1.004942 -0.803679 -1.986073 0.851197 -0.588244 -0.639417 0.126720 0.709056 0.604553 1.437984 1.344412 -1.833876 -1.796435 -0.175414 1.356818 0.213397 -0.103206 -0.673851 0.504144 0.640894 
0.000000 -25.875191 -4.674902 -3.961383 2.601040 1.922171 -2.596347 -2.755181 1.435357 -1.773396 -1.263938 -0.363896 0.641820 5.714969 3.343581 1.897898 -3.932186 -3.072351 -0.534944 0.984836 0.486105 -0.164449 -0.635078 0.533267 0.980965 -2.588434 0.582566 0.807599 1.201395 0.184045 0.247320 1.555732 0.084576 0.563245 0.463033 0.073501 -0.191716 
0.000000 -19.778488 -0.175511 -1.536509 -0.468501 -1.099478 -2.352826 -1.038367 1.279145 -0.263035 0.042763 -0.466832 1.206512 0.683891 2.196241 1.737110 -0.781024 -0.636853 -0.309038 1.125392 1.020349 0.538246 0.286650 0.273722 0.325624 -5.782136 -2.274238 -2.269080 2.423212 2.553081 0.408877 -0.299469 0.060518 -0.008811 0.362333 0.004022 -0.716625 
54.835842 -24.507409 -0.282420 -0.487163 1.038992 0.648466 -3.214424 -0.504398 3.476056 -0.696904 -0.690638 0.183549 1.293068 -5.849302 -1.204895 -2.640262 0.914238 2.033812 0.282810 0.385898 0.607142 -0.182070 0.089587 0.541311 -0.452284 -1.754560 -2.681497 -2.905628 -0.302234 0.170111 0.408310 -0.689426 -1.281967 -0.185403 0.308758 -0.181267 -0.068204 
87.013557 -31.477093 -2.585300 -6.817032 1.359975 2.968145 -1.787207 -0.266571 2.493429 -0.627176 0.221938 0.615790 0.301943 -2.825230 -3.166752 -4.074146 -1.385492 -0.296630 0.507581 -0.253460 -1.543584 0.167441 0.904167 -0.088811 0.189216 4.175481 -0.775825 0.851797 -1.008579 -2.016194 -0.271487 -0.465263 -0.846591 0.004237 0.119332 -0.314575 0.634232 
0.000000 -30.157868 -6.615925 -8.635455 -1.731992 0.055206 -2.199262 -1.011318 0.388887 -0.362021 1.117696 0.005927 1.671500 2.501659 -2.756544 -0.936668 -1.102920 -1.998576 -0.260165 -0.544628 -1.086040 -0.173597 0.328251 -0.087839 0.816179 1.898633 1.374728 2.248791 0.852374 -0.243089 0.194564 0.304811 0.948429 -0.297295 -0.368876 0.031004 -0.297935 
0.000000 -26.473775 -8.098388 -8.690368 -0.845865 -1.029007 -2.307536 -1.355827 0.321349 -0.974370 0.878441 0.440112 1.934301 0.972037 -0.417297 0.423436 0.319256 -0.782808 0.896709 0.356162 0.353274 -0.427149 0.166414 -0.026803 -0.406654 -0.303288 2.334364 0.615069 0.140477 0.929574 0.566601 0.787181 0.444651 0.025602 0.126493 0.124814 -0.729295 
0.000000 -28.213795 -7.450519 -7.788583 -1.093480 -1.510410 -0.405844 -0.298994 1.095435 -1.216319 1.450524 -0.047679 0.858192 1.895083 1.912183 0.293471 -0.821965 -0.139427 0.873037 1.029733 -0.196737 -0.122392 0.581237 0.161789 -0.642412 1.368064 0.477011 -0.362499 -0.507625 0.091478 -0.467034 0.282237 -0.517033 0.147810 -0.036480 -0.183371 0.115384 
0.000000 -22.683610 -4.274022 -8.103426 -2.489795 -1.307860 -0.561462 0.703640 -0.072126 -1.219155 2.040914 0.763690 0.649477 3.708164 0.536725 -0.301561 -0.695995 -0.599853 -0.037359 0.920635 -0.680791 -0.131529 0.093454 -0.393545 -0.175887 -1.428768 -1.392494 0.159189 0.529899 -0.302262 -0.220348 -0.147979 -0.172431 -0.027091 -0.241401 -0.560395 0.248029 
0.000000 -20.797466 -6.377069 -8.391705 -2.485469 -2.710116 -0.480563 1.542276 -0.266148 -1.479377 1.637432 -0.834768 0.506418 -0.962454 -0.872804 0.611850 0.237833 -0.743950 0.432340 0.733775 -0.541600 -0.176575 0.098435 -0.959000 -0.146353 -3.802865 -0.164024 1.467613 0.232988 0.778980 0.556478 -0.404726 -0.031822 -0.005163 0.033384 0.451687 0.258798 
0.000000 -24.608518 -6.019630 -6.879727 -2.014128 -2.795760 0.303219 2.171190 -1.155326 -1.572304 2.237785 -1.154310 0.356771 -3.897566 0.208677 2.633665 -0.230018 0.958107 1.075596 0.111182 -0.744435 -0.141854 0.160223 0.509829 0.341710 0.368690 0.496163 0.407610 -0.534113 0.562460 -0.104373 -0.736766 0.121869 -0.479451 -0.001592 1.329144 0.475522 
0.000000 -28.592599 -5.959716 -3.124376 -2.945506 -0.793902 1.670629 1.764640 -1.755019 -1.763086 1.957878 0.184889 1.189837 -0.225075 0.119522 1.427070 -0.830393 0.380969 0.223593 -0.739757 -0.297861 -1.135477 0.095251 1.699287 0.804692 3.322649 0.046210 -1.590378 0.126272 -0.781022 -1.085029 -0.712884 0.645677 -0.408791 -0.262286 0.191329 -0.001110 
0.000000 -25.058668 -5.780586 -4.025587 -3.674914 -2.033821 0.750406 0.691676 -1.751049 -3.843257 2.428287 2.244264 1.966155 2.747731 0.301097 -0.547092 0.022526 -0.603937 -1.094461 -1.314587 0.546920 -0.959437 -0.364349 0.892487 0.339490 -0.929911 0.239343 -0.506438 0.510546 -0.046825 -0.401906 -0.294361 0.082873 1.274107 -0.337068 -1.246522 -0.868560 
0.000000 -23.097138 -5.357521 -4.218559 -2.900454 -2.001776 -0.518293 -0.864533 -0.661180 -3.681959 1.229180 1.969863 1.868816 -2.084897 0.598208 0.414194 0.190698 0.287319 -0.580220 -1.328479 -0.132115 1.412737 -0.578885 -0.793756 -0.932429 -3.565745 0.311315 0.161595 -0.387672 0.253939 0.748757 0.337915 -0.317089 1.153287 0.279565 -0.507378 -0.476548 
0.000000 -29.228462 -4.584171 -3.197200 -3.293518 -1.459184 -0.410033 -1.965283 -2.015278 -1.017783 1.270517 0.656753 0.101298 -4.383759 0.923728 -0.223901 -0.752817 -0.096058 0.403052 -0.638757 -0.087259 1.347138 0.194781 -0.122268 -0.613606 2.391740 -0.761341 -0.261635 -0.671189 -0.927588 -0.155096 0.594544 -0.025783 -0.491088 0.115324 0.416604 0.809255 
0.000000 -31.864655 -3.510065 -4.666361 -4.406088 -2.193892 0.287811 -2.142048 -0.835698 -0.987683 1.618742 1.725326 0.641605 2.698583 -0.924473 -0.109077 -1.151679 -1.567857 -0.890411 -0.139390 -0.183681 0.430561 -0.348238 0.039452 0.686082 4.945493 -1.338668 -0.336924 0.489448 -0.249611 -1.014584 0.203429 -0.468055 -0.777149 -0.226001 -0.104128 0.277489 
0.000000 -23.831297 -6.433117 -3.415354 -5.596876 -4.594898 -2.190856 -2.244063 -2.382640 -0.156660 0.574042 0.735657 1.473462 5.507227 -1.753608 -0.897749 0.226079 -0.595281 -1.626115 -0.231900 -1.023369 -0.207160 -0.257221 -0.330524 -0.058627 -1.473935 0.467851 -0.479075 1.557664 1.294407 0.443481 0.378227 0.463473 -0.519754 -0.094175 -0.300445 -0.739298 
0.000000 -20.850202 -7.017280 -6.461859 -3.953930 -3.384454 -2.964419 -2.605847 -2.882435 -1.402003 1.104300 1.064278 0.524351 -0.249288 0.011229 -1.067227 1.963649 1.020956 -0.003450 0.617064 0.743266 -0.608947 -0.536587 -0.561438 -0.792515 -4.645614 2.279013 0.859486 0.342456 1.199833 1.133626 0.428317 1.249156 0.131003 -0.029186 0.024599 0.177173 
0.000000 -24.329872 -6.410659 -5.549808 -1.669578 -2.552985 -2.197756 -1.009935 -0.896107 -1.374554 -0.499133 -0.387220 -0.111567 -3.784002 2.804418 0.821223 0.910991 1.804385 0.641137 0.624735 1.474944 0.054846 -0.315593 -0.281325 0.295718 -1.917183 2.086917 0.634452 -0.610866 0.052283 0.420644 -0.022791 -0.109849 0.382673 0.421701 0.721916 0.696410 
235.606049 -28.418206 -1.408445 -4.819414 -2.131947 0.224317 -1.682146 -1.356377 0.067453 -1.292311 0.473113 0.501629 1.115787 -4.083655 4.185062 0.201676 0.741918 1.125522 0.837839 0.571481 0.523568 0.156399 0.306814 0.882393 0.600306 2.211957 -1.992103 -0.687309 0.695194 -1.000583 -0.686624 -1.065459 -1.034481 0.224869 0.188639 -0.129133 -0.568364 
0.000000 -32.497181 1.959465 -5.146456 -0.185742 -0.301941 -0.522078 0.133027 0.151028 -1.061756 0.114495 1.377566 1.089046 0.639912 -1.179788 -0.553395 2.301379 -0.196780 -0.732111 -1.506183 -0.594018 0.504584 0.061685 -0.539591 -0.841009 4.887324 -3.110479 -0.719179 0.479636 -0.626903 -0.864440 -1.182926 -0.490325 -0.047195 -0.062787 -0.833126 -0.585604 
0.000000 -27.138382 -3.768021 -5.926203 2.470811 -0.169243 -3.146367 -4.368742 -1.120584 -0.283144 0.596483 -0.577553 -0.566230 5.690993 -2.035896 -1.236682 1.701190 -0.128285 -0.891042 -1.794371 -0.457082 0.062009 0.181239 -0.783859 -0.570902 0.573308 1.582762 0.073774 -1.498731 -0.473623 0.462476 1.346025 0.455467 -0.639514 -0.276885 0.837444 0.430135 
218.390793 -21.115195 -2.112328 -7.619819 3.216637 -0.558510 -2.304161 -3.455714 -0.763136 -0.937738 0.476973 -0.190151 -0.052757 1.786527 1.985737 -0.405846 -0.696082 -1.144027 0.192841 1.185867 0.316917 -0.774444 -0.492086 1.135297 0.019260 -4.068336 1.308102 1.570928 -1.713683 -0.712969 -0.682650 1.734124 0.754359 -0.156268 -0.646046 0.653520 0.059268 
218.393463 -23.565328 0.203453 -6.737895 1.078646 -2.457296 -2.760686 -1.997009 -0.486750 -1.832032 -0.387689 1.693042 -0.527710 -2.445679 0.580308 1.905175 -1.726177 -1.554223 -2.256342 1.673877 1.051636 -0.250527 -1.110853 0.523181 -0.452367 -2.977378 -0.839478 1.475911 0.204080 0.252689 -1.260997 -0.450338 -0.036452 0.568183 -0.389370 -1.200804 -0.392701 
0.000000 -26.006554 -0.951711 -3.809470 -0.235717 -3.666957 -6.816846 -0.107961 1.340135 -1.438792 -1.744734 0.856210 -0.957491 -4.168229 0.306781 2.545976 -0.287923 -0.638648 -2.329153 0.285190 0.244013 0.361922 -1.270825 -1.266310 -0.766141 -1.964738 1.323046 0.583571 0.982556 1.133675 1.456225 -1.377035 -0.968055 -0.007048 0.160265 -0.594459 0.222761 
378.675781 -31.901785 0.817015 -1.645944 0.502800 -3.734592 -7.418992 -1.426629 0.001276 -1.108189 -2.929339 -0.839577 -2.059992 -6.375156 3.226401 3.072316 0.238935 0.713127 0.656108 -1.080192 -0.884474 -0.264622 -0.790324 -0.665738 -0.006845 -2.466424 0.711996 -0.527707 0.387091 1.054291 2.015114 -0.288872 -0.029502 -0.401425 0.959432 1.091465 0.744949 
0.000000 -38.756866 5.501090 2.335161 0.242153 -2.240703 -5.504630 -2.268345 -0.428813 -1.968036 -3.325382 -0.475266 -0.971181 -9.101076 1.730774 1.490562 0.486259 1.469934 1.701076 -0.292554 0.185009 -0.440928 0.648040 0.916620 0.723757 -2.369535 -2.692899 -1.856835 0.042291 -0.476775 1.291394 1.231949 0.524955 0.484242 1.170254 0.625508 0.271232 
0.000000 -50.103938 4.278563 1.335180 1.475317 -0.794724 -4.016840 -2.011737 0.371294 -1.990044 -1.633260 0.993663 -0.612477 -11.114226 -2.159397 -0.641354 0.323516 -0.240422 3.238895 1.383706 0.165436 0.703863 1.550183 0.585278 0.535619 3.903417 -2.332935 -0.796520 -0.832279 -1.822755 0.201004 0.577959 -0.708531 0.429318 0.042658 -0.907386 -0.068386 
237.780151 -60.985318 1.182296 1.052453 0.889185 -2.721548 0.973159 0.499066 -0.097942 -0.560310 -0.225016 0.695290 0.100057 -1.294242 -2.935096 -0.102479 -1.178299 -2.175575 2.103084 0.863364 -1.232053 0.417708 0.733356 -0.898153 0.586984 11.893270 -0.148109 1.152146 -1.014336 -0.740959 -1.841432 -0.927746 -0.786777 -0.857304 -0.743958 -0.714632 -0.105390 
0.000000 -52.692422 -1.591630 1.130222 -0.881280 -5.145874 0.189327 -0.285009 -2.092812 -1.154628 -0.166549 -0.802643 0.561492 12.672314 -2.455614 1.662937 -1.705155 -1.722340 -0.443969 -0.471786 -1.408119 -1.010745 0.062268 -0.843987 0.324840 6.098815 0.050050 0.724595 0.163373 1.272517 -1.269000 -0.574970 0.607502 -1.271185 -0.002477 1.037590 -0.435508 
0.000000 -35.640690 -3.728932 4.378328 -2.521124 -6.166228 0.085220 -0.444506 -2.914180 -2.581801 -0.100480 -0.992684 0.749736 10.903388 -2.834996 1.346710 -0.851553 0.369459 -0.434916 -0.286577 -0.017049 -2.124662 0.728402 1.177027 -0.284031 -3.796153 1.376789 -1.117516 0.487137 1.189255 -0.257069 0.075892 0.916475 -0.048620 -0.118563 1.025036 -0.547626 
0.000000 -30.885646 -7.261622 3.823642 -2.584387 -4.406956 -0.680505 -0.858163 -2.126911 -5.403952 1.290255 1.551411 -0.006569 5.080009 0.297963 -0.572095 -0.730881 0.656169 -0.958108 -0.320002 0.424830 -1.107986 -0.174859 1.206084 -0.770412 -5.237197 3.311214 -0.436549 0.141637 -0.035838 -0.491209 -0.046381 0.508989 1.578939 -1.050199 -0.962271 -0.244335 
0.000000 -25.480671 -3.133007 3.234137 -3.982887 -4.853890 -1.830995 -1.084510 -2.064519 -4.797772 -0.450197 1.419484 -0.791088 0.428993 3.787432 0.473611 -0.568280 0.297783 -1.417334 -0.379339 1.000928 1.033215 -1.371997 -0.747515 -0.772701 -4.499929 -0.463952 0.626643 -0.240485 0.189062 -0.493650 0.259060 0.623266 0.962354 0.081065 -0.954922 0.124245 
0.000000 -30.027659 0.313241 4.770864 -3.720948 -3.811391 -3.515174 -1.616840 -0.125055 -3.337522 -1.453740 0.056380 -1.551971 -3.919848 -0.629942 0.681191 -1.211851 1.034293 -1.945408 0.198117 1.671363 0.816723 -0.012729 -0.703761 -0.521922 -1.552997 -3.146511 -1.132829 -0.499837 0.395429 0.040933 0.497190 0.290473 -0.137219 1.350874 0.512150 0.431162 
373.186432 -33.320368 -4.392891 4.596520 -6.406589 -2.785304 -5.721812 -0.688275 1.278206 -3.164327 -0.475656 0.011962 -1.834933 -2.677000 -2.505589 -1.792047 -1.567954 1.088640 -1.335469 0.615040 1.581873 0.758777 1.329751 0.276785 0.089623 -0.147493 1.423560 -2.470049 1.172516 -0.367949 0.704113 0.482225 -0.593747 0.018004 0.436935 0.431880 0.490520 
0.000000 -35.381660 -4.697938 1.186771 -6.856856 -1.634110 -6.186112 -0.386759 3.038691 -1.819967 1.205761 0.609951 -1.372725 -4.214834 2.217178 -4.258907 1.133182 0.298394 -0.537183 1.162567 0.483868 0.852732 0.861141 0.159999 0.459118 0.503841 3.462405 -0.662967 0.943186 -1.014567 0.386090 0.470233 -0.663235 -0.037622 -0.654125 -0.151562 0.018625 
0.000000 -41.750036 0.041465 -3.921293 -4.140226 -2.188516 -6.796177 1.636860 2.245943 -1.458864 1.246625 0.331960 -0.916697 -1.669317 4.419221 -3.117980 0.318419 -0.940495 -0.563289 1.555506 0.255404 0.683533 0.021501 -0.026339 0.126873 5.506126 -1.637631 1.850448 -0.938042 -0.233039 0.319368 -0.413034 0.057733 -0.385286 -0.381798 0.107761 -0.320374 
0.000000 -38.720294 4.140504 -5.049189 -6.220019 -3.515100 -7.312691 2.724253 3.549498 -0.452902 1.248764 0.557273 -1.118979 6.797419 -1.058084 -0.558010 -0.742902 -0.167685 0.101554 0.336500 0.599335 0.082160 0.097545 0.375522 -0.181629 4.251688 -4.343559 1.677621 0.699287 1.482773 0.988909 -1.483476 -0.400427 -0.299431 0.053064 -0.061981 -0.090498 
0.000000 -28.155198 -2.074702 -5.037313 -5.626030 -2.523886 -6.593070 2.309860 3.444613 -1.294544 1.441714 1.083004 -1.279955 6.834058 -4.267896 0.237261 1.716992 2.025051 1.414528 -1.411446 -0.545451 0.084671 0.127629 -0.150301 -0.054124 -2.685241 1.210065 1.609331 2.113951 1.197881 0.955407 -1.004530 -0.782133 0.644159 -0.361855 -0.695081 0.157325 
370.136108 -25.052178 -4.395289 -4.574666 -2.786036 0.535002 -4.483635 -0.098638 2.458596 -0.283560 1.504022 0.256672 -1.227227 1.426937 1.362047 2.660652 3.485000 2.228077 2.012368 -1.672561 -0.964931 1.370477 -0.626165 -1.014640 0.133020 -3.078095 4.788032 0.795194 0.130766 -2.038964 0.049731 0.685794 -0.218222 0.332874 -0.761396 -0.088399 0.323978 
245.359024 -25.301325 0.649392 0.283992 1.343970 1.932269 -2.568334 -1.035261 1.514751 1.446411 0.189384 -0.946277 -1.013914 0.677869 5.308168 1.827649 1.978524 -2.052877 1.513990 -0.039858 -0.981894 0.750420 -1.395163 -0.327098 0.593831 1.437041 -0.617550 -1.773538 -1.683675 -2.683166 -0.830059 0.614387 -0.291042 -1.041952 0.234400 1.056256 0.388033 
269.122345 -23.696440 6.221048 -0.919369 1.171012 -3.570753 -1.455654 -0.178353 0.494808 1.217280 -1.286304 -0.397524 -0.039564 4.301019 0.126947 -0.886425 0.117650 -3.138255 0.352250 -0.443787 -1.547015 -0.713427 -0.157365 1.097872 0.909087 1.410354 -3.983524 -1.056197 -0.887197 0.833067 -0.859040 -0.416192 -0.027575 -0.674641 0.987821 0.575297 -0.085960 
266.304779 -16.699288 0.903287 -1.488858 1.579270 -4.344242 -1.863835 -1.922836 -1.579279 0.019556 -0.125346 1.249467 0.804259 3.498576 -2.658880 -0.284744 0.204129 -0.386744 -0.204090 -0.872241 -1.037043 -0.598862 0.580479 0.823496 0.421912 -0.401221 -1.392914 0.300840 0.043240 1.375755 -0.278170 -0.214227 0.254986 0.057283 0.368922 -0.137188 -0.243587 
