326.503357 -22.628543 1.034699 -2.559045 4.150553 2.557243 -0.636620 1.808753 -1.607984 -1.994481 1.019699 0.064718 0.414382 3.287426 -0.575192 -0.290192 -1.722018 -0.395679 0.458661 -0.055253 1.097837 0.516088 0.284791 0.551438 0.307044 0.790132 0.324788 0.037137 -0.221120 -0.716736 -0.154105 0.086736 -0.288403 0.028590 -0.034195 -0.169097 0.264827 
342.255981 -16.053691 -0.115685 -3.139429 0.706516 1.765885 0.280702 1.698247 0.587689 -0.962305 1.589280 1.167594 1.028470 4.867690 0.074384 -0.215918 -2.164259 -1.829151 0.150451 0.118219 0.521031 0.573268 0.216401 0.213244 0.836698 -0.936607 1.005490 0.182993 0.245656 -0.980389 -0.368240 -0.125272 -0.754636 0.107196 -0.180375 -0.137175 0.186487 
369.732544 -12.893164 1.183468 -2.990881 -0.177965 -1.101058 -0.335717 2.045191 -0.565921 -0.847946 1.452501 0.491207 2.087779 1.414212 1.435788 0.075794 -1.230705 -2.356457 -0.277818 -0.305796 -0.411436 0.730479 -0.075959 0.277088 0.680019 -4.396097 -0.336554 0.456055 1.089399 0.467566 -0.042676 -0.191312 0.235784 0.167839 0.044757 -0.025812 -0.499834 
395.601807 -13.225268 2.755892 -2.987840 -1.754895 -2.947029 -0.274935 1.086655 -0.235182 0.498653 1.437362 1.721769 2.388508 -3.924505 -0.598723 0.696192 0.014538 -0.894018 0.065100 -0.264405 0.992600 0.908946 0.305916 0.161620 -0.162970 -4.074503 -2.724071 0.185313 1.244963 1.301095 -0.347749 -0.041046 0.463062 -0.132994 0.006942 -0.505602 -0.690771 
0.000000 -20.742173 -0.013978 -1.598498 -0.148888 -2.889095 -0.205517 1.516382 1.419279 0.969946 2.064333 0.814447 1.761840 -6.734794 -4.012353 0.446421 1.259221 0.245734 -0.973317 -0.387889 0.514688 0.464491 -0.062076 -0.734117 -0.701524 2.249397 1.313494 -0.288606 0.384089 -0.341636 -0.879201 -0.020312 -0.802915 -0.397649 -0.634973 -0.207660 -0.321253 
379.159515 -26.694855 -5.268813 -2.094998 0.763548 -2.455561 -2.221568 0.310878 0.794194 1.427634 1.313210 0.253536 0.985459 0.574289 2.028266 0.118980 0.782717 -1.577291 -1.693303 -0.305028 -0.613229 0.113648 -0.964029 -0.253699 -0.805475 6.095677 4.546988 -0.693348 -0.128069 -1.658952 0.479272 0.032839 -0.330129 -0.410296 -0.234188 0.298184 0.038149 
0.000000 -19.593595 4.042553 -1.360538 1.416546 -6.043677 -3.592122 0.906326 0.192822 1.197241 0.136274 0.307050 0.150889 5.456561 5.081622 -0.940275 1.003083 -3.072171 -0.014773 -0.322211 -0.145570 -0.356101 -0.530452 -0.137749 -0.625226 -0.377212 -1.000687 -0.228370 -0.079222 0.304960 1.367334 -0.087674 0.730064 -0.105124 0.760083 -0.076578 0.579309 
0.000000 -15.781733 4.894431 -3.975548 2.769714 -8.599904 -2.251114 -0.333544 0.503054 0.715432 0.252306 -0.021962 -0.264993 -0.180135 0.026891 -0.337760 0.624273 -0.967372 1.041365 -0.480377 0.846899 -0.096601 0.556136 -0.406856 0.353142 -4.606745 -2.398026 1.705204 -0.691718 1.854970 0.075316 0.319041 0.136758 0.088825 0.709863 -0.140520 0.684225 
0.000000 -19.953866 4.096335 -2.036058 2.665092 -7.978420 -1.509392 -0.054428 1.886620 1.004040 1.248546 -0.506662 0.857174 -3.756929 0.285570 2.470134 -0.380352 0.637768 0.135858 0.315871 0.127945 -0.178451 0.889274 -0.418789 0.743224 -1.094506 0.185181 1.742194 -0.565877 0.793718 -0.508017 0.414073 -1.034035 -0.168078 -0.061488 -0.140470 -0.069999 
242.060059 -23.295592 5.465571 0.964721 2.009009 -7.324367 -1.979398 0.298199 0.758945 0.358530 2.030855 -0.859541 1.221455 -2.369148 0.397253 3.146627 -0.507480 0.620065 0.025332 0.347769 -1.221172 -0.432757 0.433160 -0.687796 0.213144 -1.228634 0.263227 -0.760841 -0.403483 0.610800 0.549164 0.210270 -0.651136 0.079293 -0.519629 0.000247 -0.453697 
241.208435 -24.692161 4.890842 4.257196 1.650131 -6.738290 -1.458729 0.641111 -0.555723 0.138527 2.114865 -1.882254 1.283461 -6.214197 0.812023 0.948451 -1.187319 1.859369 1.234186 0.736410 -1.174328 -0.019864 -0.149984 -0.418295 -0.164170 -2.058118 0.325405 -2.262487 -0.880046 0.922330 -0.322554 0.018295 0.622988 0.081631 -0.709708 1.008027 -0.699329 
237.400223 -35.723987 7.089617 2.861624 -0.365629 -3.605629 0.488975 1.771019 -1.589710 0.318801 1.730886 -1.696130 0.893115 -6.485384 1.048063 -1.378347 -2.267573 2.464725 -0.619776 0.384360 0.024804 -0.269494 -0.986257 1.328258 -1.185515 6.873887 -0.795158 -1.090107 0.474281 -0.926300 -1.606319 -0.374332 0.985152 -0.183777 -0.122527 0.842868 -0.216264 
213.680679 -37.662929 6.986967 1.500502 -2.885015 -1.808840 -2.698281 1.409830 -0.506114 -0.400461 0.142350 0.774262 -1.087569 7.533577 -0.778293 -1.231763 -0.238758 0.006770 -1.978452 -0.012254 0.795976 -0.387419 -0.395039 1.267441 -0.596697 8.505839 -1.244849 -0.061895 1.631653 -2.131281 0.371967 -0.068167 0.121818 0.325525 0.774975 -0.863305 1.016013 
241.478485 -20.656834 5.533032 0.398098 -0.843144 -3.592090 -3.467928 1.746511 0.002241 -0.456038 0.940808 0.838752 -0.300279 10.526294 -1.441636 -1.502137 0.995732 -1.797838 0.124158 0.248025 0.268440 0.381556 0.563693 -0.398351 0.846511 -2.555600 -0.157579 -0.246261 0.279972 -0.407229 1.108183 0.073288 -0.104480 0.409187 0.254546 -0.868711 0.528282 
235.256165 -16.610341 4.103695 -1.503771 -0.893550 -5.404515 -2.449965 1.905880 0.030765 0.362652 1.269737 -0.022441 0.605452 2.422377 -1.093451 -1.724286 0.321186 -0.807687 0.237913 0.134322 0.587017 0.430955 0.114052 -0.469980 0.459866 -5.484751 0.557742 0.412963 -0.102528 0.625588 -0.129350 -0.271066 0.384103 -0.098625 -0.336827 0.124052 -0.311399 
229.985443 -15.812081 3.346130 -3.050473 -0.200772 -5.207465 -2.992101 2.015154 1.176275 0.405872 1.168913 -0.101208 0.619453 -0.443208 -0.326153 -0.676211 0.790677 -0.546662 -0.134542 -0.294106 1.036645 0.184307 -0.109960 -0.150247 0.223712 -2.842781 1.105746 0.989807 0.179512 -0.032993 0.047295 -0.329022 -0.023046 -0.399851 0.006375 0.003779 -0.176937 
222.604141 -17.496756 3.451389 -2.856193 0.687803 -6.497839 -2.719049 1.317667 2.104055 0.731266 1.049816 -0.322935 1.052876 -3.263185 1.118042 0.255328 0.680210 -0.873674 0.332504 -0.523723 0.540924 -0.368748 0.126802 -0.462422 0.105992 -3.763655 0.157281 0.083655 -0.042099 0.224748 -0.051733 0.304902 -0.787836 -0.079167 0.093975 -0.084210 -0.119079 
219.333176 -22.338451 5.582214 -2.539818 1.159648 -6.954813 -2.327093 0.967708 2.258124 -0.331624 1.422516 -1.026053 0.831438 -7.970519 -0.011591 -0.508902 0.706479 -0.097165 -0.238007 0.315698 -0.539028 0.025973 0.077989 -0.318668 -0.014447 -2.082686 -0.028879 0.987636 0.487218 0.787837 -0.241838 0.812164 -0.988555 0.478614 -0.395136 0.215196 0.111032 
0.000000 -33.437794 3.428208 -3.873997 2.100761 -6.692170 -3.195064 1.949063 1.025999 0.783213 1.205795 -0.960270 1.023982 -7.428557 1.060283 2.230600 1.654646 0.702000 -0.151171 1.100604 -1.436185 0.588481 -0.663471 -0.032031 0.328057 3.704686 1.968331 2.745846 -0.082397 0.529074 0.268740 -0.046260 -0.107037 0.240515 -0.000456 0.316315 -0.257900 
212.418762 -37.195564 7.702780 1.921381 4.468941 -5.550813 -2.629436 3.168916 -0.614247 0.845337 0.095574 -1.090114 1.487551 -0.561147 3.925071 4.982791 0.541685 0.960983 0.299473 0.223178 -0.753102 0.507004 0.077078 0.313963 -0.530246 3.640827 0.219041 0.357533 -1.161223 0.681420 0.366974 -1.446668 0.977757 -0.203401 0.632003 0.381714 -0.462991 
244.118820 -34.560088 11.278350 6.091584 3.184130 -4.770205 -2.596118 2.395420 -0.480204 1.797221 1.359950 -0.332345 -0.036510 -0.146902 1.498366 2.945666 -0.667799 2.064841 0.582776 -1.792731 0.519328 0.181680 0.600535 0.731398 -0.597925 -2.281403 -3.086386 -2.614642 -0.176849 1.052919 0.595013 -0.759908 0.622455 -0.618333 -0.433882 -0.263574 0.129336 
235.968246 -37.489367 10.699512 7.812713 3.133343 -1.421131 -1.463885 -0.416546 0.424410 1.208697 1.296645 0.372681 0.291701 -5.123953 -2.247701 -0.246493 0.187987 3.066820 1.489499 -1.296639 0.491808 -0.729662 -0.790686 -0.213185 -0.271574 -1.750331 -2.705480 -2.369265 0.272386 0.129333 -0.048112 1.379893 -0.039402 -0.297256 -0.920682 -0.660613 -0.121820 
250.972916 -44.807995 6.782947 5.598599 3.560104 1.363435 0.382881 -0.197858 0.503413 0.337897 -0.221422 -0.758716 -0.579659 -3.647563 -3.912595 -1.792863 -0.123028 2.323506 0.486551 0.967055 0.440524 -0.412832 -1.240829 -0.589829 -0.841565 1.860999 -1.335537 0.602419 -1.254063 -0.666023 -1.319387 1.106778 -0.176555 0.305281 0.335666 0.075817 0.114510 
272.602844 -44.784493 2.874321 4.226987 2.887287 3.225881 -0.490782 1.517564 1.305457 0.383033 -1.185012 -0.806976 -1.391430 -1.401955 -4.918776 0.958344 -2.320140 1.734773 -1.149274 0.916918 0.138698 -0.119101 -0.119354 -0.061551 -0.042553 4.272325 -0.053662 1.281576 0.043757 -0.755716 -0.211955 -0.642890 -0.562641 0.244318 1.211401 0.367979 1.185580 
283.976044 -47.611905 -3.054605 7.515287 -1.080176 4.832981 -1.915666 1.635978 0.780808 0.099696 -0.460129 -0.881817 -0.664765 4.897086 -4.019920 0.770288 -0.035514 0.812074 0.062641 -0.318724 -0.684758 0.075803 1.181973 0.146129 1.529595 4.688318 3.948225 -1.130708 2.757772 -1.501522 1.145299 -0.735151 -1.046501 -0.096769 0.572336 -0.148636 0.405742 
290.378326 -34.990321 -5.165519 5.767562 2.816258 4.850030 -0.365499 0.880115 -0.064058 0.534640 1.178934 -0.514717 1.667761 7.974681 2.977673 -1.303071 3.195404 -1.268272 1.141325 -0.553385 -1.954304 -0.312639 1.025317 -0.358823 0.768931 -1.999161 5.734544 -0.755793 -0.242628 -1.594607 0.424204 0.113063 -0.093520 -0.724573 -1.203177 0.012274 -1.075201 
358.596466 -31.662543 2.900742 4.909144 5.310632 2.296438 0.366983 0.529208 -3.127800 -0.525583 1.590506 -1.599462 0.873097 0.898764 7.449168 -0.741299 -0.520770 -2.377139 0.911050 -0.092598 -0.871797 -1.373342 -1.224381 0.170677 -0.620806 -3.051321 -0.500425 -0.663879 -1.793839 -0.320019 -0.368219 0.391707 0.959822 -0.139956 -1.176216 0.221782 -0.487302 
348.569427 -33.192793 9.732817 4.284965 1.774717 0.095751 1.456600 0.694920 -1.807652 -2.212044 -1.269828 -0.173364 0.426148 1.872039 1.976823 -2.630830 -0.392275 -1.908309 0.404887 0.230029 -0.034659 -0.592551 -1.327114 0.084742 -0.205673 2.014308 -4.727748 -0.827656 0.832085 0.997557 -0.389138 0.585174 0.492521 1.183853 0.708630 -0.497490 0.036009 
320.931152 -27.918466 6.854387 -0.352515 4.526081 -1.520181 1.176757 0.989267 -3.197118 -1.710686 -1.063722 -1.429978 0.461751 4.927380 -2.006328 -2.396612 1.143399 -0.382026 0.132775 1.077751 0.113244 0.994365 0.192879 -0.824303 -0.548788 0.439724 -1.389555 1.686911 -0.401282 1.312363 -0.482086 0.287466 0.847937 0.776828 0.861954 0.055943 -0.147404 
291.505676 -23.338033 5.720162 -0.508259 4.061515 -0.668301 1.722150 2.850421 -1.581165 -0.223315 -0.884070 -1.821970 -0.671428 2.751487 -0.802287 0.742992 -1.194840 0.716416 -0.559285 0.804961 1.661216 0.961105 0.396794 0.196629 -0.500481 -6.829974 1.281843 1.255639 -1.313484 0.321421 -0.570751 -0.881557 0.706885 -0.084920 0.035068 0.583368 0.267286 
270.160217 -22.415492 5.249813 1.133468 2.136401 -0.087349 0.058186 2.599190 0.125313 0.211524 -0.270134 -1.036719 -0.539210 -8.732568 0.557359 0.114666 -1.483569 0.260815 -1.008728 -0.685363 1.527013 0.824525 0.263015 0.342432 -0.014216 -8.561882 0.770136 -1.440948 -0.028085 0.062523 0.009087 -1.419533 -0.320305 0.378322 -0.423980 -0.557117 0.287275 
254.255814 -40.803168 6.834880 -0.278928 1.094376 -0.146671 -0.295305 1.479695 1.472862 1.425736 -0.358040 -1.137105 -0.699859 -14.372276 0.737984 -2.138905 -1.251011 0.841461 -0.541111 -2.034104 1.020606 1.717748 -0.451165 -0.917605 0.074070 4.139922 -0.437344 1.726097 1.800059 0.268732 0.286838 -0.489064 -1.547133 -1.436495 -0.611982 -0.057033 0.003687 
239.158676 -51.160045 6.725781 -3.144343 -0.365621 1.595574 -1.024037 -1.469019 2.166525 3.647021 -1.172465 -2.871929 -0.391070 -0.452723 -0.317329 3.566860 2.116549 0.798279 -0.435051 -1.663491 -1.567252 -2.048464 -0.960949 0.228365 -0.006841 10.919475 -0.741457 2.738945 2.658093 -0.104404 0.084540 0.782773 -1.007504 -2.597830 -0.062623 1.048985 0.164546 
308.991241 -41.708615 6.200223 6.854793 5.327474 1.449888 -1.165408 -1.847286 -1.661642 -2.671192 -2.279938 -0.680374 -0.713541 7.466674 -0.744929 3.338985 4.065176 0.632654 -0.372032 -0.468558 -0.994403 -3.477912 -0.576412 1.180365 0.403161 3.154974 -0.672021 -3.489638 -0.942192 -0.080103 0.841708 1.176392 1.159795 0.872300 0.995172 0.053780 0.758527 
311.501556 -36.226697 5.235924 3.533627 7.764731 2.860881 -1.768102 -2.406134 0.177718 -3.308802 -2.325289 -0.511199 0.415253 5.857225 -1.661370 -3.412415 0.232164 0.638074 1.248364 0.689293 0.752338 -0.303864 1.029395 0.335926 1.510214 -2.701253 -0.386585 -2.567641 -2.625217 0.108347 0.547355 0.722134 0.749743 1.857641 1.288520 -0.442920 0.010249 
326.065735 -29.994164 2.877483 0.029963 5.791803 2.726036 1.331321 -0.468701 -0.156966 -3.278919 -0.221147 -0.008523 2.306887 2.064168 -1.518099 -1.796297 -1.185259 0.849349 0.722677 0.975711 0.505083 0.237369 2.000628 0.294525 0.423660 -3.755662 1.038113 2.305096 -0.434663 0.053733 -1.557359 -0.325131 -0.108029 1.158152 -0.458450 -0.083101 -1.223884 
342.820129 -32.098360 2.199725 -0.058966 5.394214 4.559579 -0.322747 -0.454712 1.187885 -2.834064 1.675967 0.077852 1.262573 -1.654099 0.414857 1.197776 -0.637162 0.745540 -1.866354 0.039030 0.536281 2.012440 0.112496 0.169725 -0.937554 0.615549 -1.203358 0.053240 -0.230670 -0.379972 -0.208695 -0.077406 -0.762110 0.705869 -1.495922 -0.312120 -0.213085 
350.864410 -33.302363 3.707197 2.425515 4.517480 4.217115 -2.401387 -0.390641 0.915595 0.745961 0.003845 0.330926 0.431779 3.295267 -3.924815 -1.689817 -1.646598 0.089405 0.305287 0.820898 -1.019136 1.649108 -0.991216 -0.329715 -0.002510 2.439100 -0.827098 -2.253508 -0.984107 -1.096284 1.218837 0.448071 -0.533637 -1.134002 -0.240076 -0.155697 0.540977 
330.590820 -25.507826 -5.649905 -3.438601 2.101017 4.738389 0.287827 1.187084 -0.850387 0.464152 -0.306464 -0.581578 1.257554 3.224100 -1.239340 -3.309239 -2.605376 -1.447028 0.571320 0.935173 -0.530992 -0.255564 -0.367657 -0.141670 0.144400 -0.971731 5.504216 0.503107 0.946966 -1.901555 -0.703181 -0.174501 0.602624 -0.841381 0.503939 0.203689 -0.095553 
0.000000 -26.854162 1.228517 -4.192963 -0.693273 1.323060 -1.258747 1.479704 -0.146389 0.234832 -0.731469 0.047586 0.720578 1.351805 7.083616 -0.683603 0.247334 -3.713705 -1.101075 0.471897 0.186111 -0.033655 0.016662 0.077662 -0.193615 -0.580917 2.016294 1.991343 2.457794 -0.175410 -0.201845 -0.326062 0.107262 0.627477 0.481034 -0.028142 -0.268804 
276.943909 -22.804217 8.517328 -4.805806 2.595686 -2.689021 -1.914322 2.130879 -0.478165 0.396841 -0.273141 -0.426254 0.870324 2.062267 2.793248 0.673447 2.310211 -1.797847 0.167631 0.283049 -0.316468 0.999389 0.594412 -0.197955 -0.393208 -1.476782 -4.199940 1.269371 0.131821 2.365202 0.827048 -0.153929 -0.321090 0.663823 -0.146579 0.207571 -0.192599 
235.740524 -22.729628 6.815014 -2.846068 3.927148 -2.272634 -0.923486 2.045802 -0.779324 2.233609 0.457354 -0.348323 -0.065839 -1.601759 -1.316263 1.855139 0.510976 1.016698 0.553022 0.164039 -0.456070 1.293991 -0.276495 0.492804 -0.578813 -1.245290 -2.314895 -0.165011 -1.251308 1.920779 -0.194955 0.190144 -0.163539 -0.570864 -0.609284 0.067702 0.249122 
232.487122 -26.007734 5.884801 -1.095528 3.617637 -0.655625 -0.808277 2.458957 -1.390305 2.984824 -0.826131 0.559355 -0.287303 -0.428313 -1.836542 0.343425 -0.192406 2.043711 -0.222279 0.663338 -0.643545 -0.142339 -0.624156 -0.062550 0.105036 0.624315 -0.762456 -0.765677 -0.648845 1.718441 -0.293510 -0.358512 0.256489 -1.284729 0.495478 -0.741274 0.289772 
241.547852 -23.586254 3.141930 -2.159218 3.542336 1.814788 -1.368044 3.372478 -2.066414 1.948931 -0.790958 -0.473423 0.144233 -0.353129 -2.841175 0.323786 -0.786715 4.453580 -0.033997 -0.552985 0.056908 -1.275466 0.714461 -0.989743 0.000731 -0.534117 -2.940991 0.205702 0.450454 0.005780 0.239776 -0.789356 0.701578 -0.284508 0.636701 -0.068963 -0.207102 
251.922485 -26.713992 0.202451 -0.447957 2.044207 8.251536 -0.876272 1.352988 -1.276488 0.433892 0.602790 -1.420131 -0.285841 -1.496547 -7.718523 0.754829 0.708501 2.055271 0.257273 -0.915374 0.759611 -0.711356 0.649245 -0.200477 -0.309168 -0.531611 -3.634790 -1.272130 0.868768 -3.337634 -0.279923 -0.039225 0.287235 0.779167 -0.538005 0.842554 0.279893 
253.498215 -26.579348 -12.295117 -0.649560 4.959339 5.925330 -0.853498 1.541729 -0.547192 0.526219 0.507533 -0.874378 -0.474103 -1.416351 -10.110755 -2.220474 0.950821 -2.221688 -0.593844 -0.631435 0.631378 0.282869 -0.361549 0.695364 0.560516 -1.077698 1.643817 -1.819618 -0.713527 -1.720978 -0.590187 0.077361 -0.201666 0.411690 -0.495531 0.353726 0.444125 
0.000000 -29.546694 -20.019059 -4.888905 3.945850 3.808160 -2.063959 0.090117 -0.013731 0.999630 -0.120308 -0.029403 0.835191 -3.651943 -4.430890 -2.884406 -0.718553 -1.386685 -0.923100 -0.760651 0.356278 0.112025 -0.341817 0.506975 0.579083 0.898980 7.403734 1.740652 -0.075963 1.464097 0.506702 0.537120 -0.645163 -0.265871 0.024283 -0.488667 -0.386508 
0.000000 -33.883234 -21.156897 -6.418373 3.522233 3.151959 -2.699698 0.020427 0.165365 0.750269 -0.176101 0.139572 0.684063 0.381609 4.696713 1.260830 0.798895 0.706506 0.419559 0.442805 -0.658947 -0.248873 -0.312982 -0.281970 -0.212499 4.493199 6.640323 2.460058 0.457763 1.406023 0.910618 0.594381 -0.626991 -0.363128 -0.011224 -0.636988 -0.573590 
0.000000 -28.783477 -10.625633 -2.367244 5.543640 5.221171 -1.224840 0.975727 -1.331626 0.501883 -0.746272 -0.593342 0.410192 5.334456 8.849756 2.035710 0.196973 1.425361 0.898137 0.428111 -0.897703 -0.614230 -0.364264 -0.767001 -0.568098 0.690393 0.817630 -0.504045 -0.831446 -0.532829 0.139691 -0.189431 0.263111 0.040601 -0.136370 -0.062345 -0.097968 
286.363037 -23.214323 -3.457384 -2.346953 3.916179 6.002681 -0.903424 0.876649 -1.630041 -0.478192 -0.904630 -1.394431 -0.452132 1.762395 6.331974 0.252740 -0.863997 -0.359152 0.698942 0.063943 -0.132725 -0.167672 -0.585723 -0.406659 -0.408436 -2.265677 -2.463951 -0.969165 0.339880 -2.076423 0.321385 -0.320373 0.093851 0.332158 -0.079080 0.463192 0.193546 
284.564240 -25.258686 2.038314 -1.861764 3.815645 4.502867 0.173044 1.103613 -1.597077 0.166540 -1.917718 -1.406660 -0.406680 0.803101 3.921854 0.097379 0.876733 -2.727486 1.540906 -0.212635 -0.710000 0.050086 -0.522424 0.159383 -0.181005 1.179163 -2.514116 -0.250389 0.501955 -1.342340 -0.139665 -0.443132 -0.094689 -0.435321 0.732407 0.258579 0.098867 
289.476959 -21.608120 4.386324 -2.152195 5.669645 0.547710 2.178388 0.451378 -3.050041 -0.378020 -1.949477 -1.075665 -0.814143 4.120721 1.303743 -0.248039 0.139913 -3.043832 0.419612 -0.822321 -0.322104 -1.038314 0.879091 0.110499 -0.210701 1.285874 -2.306165 -0.234863 -1.142380 0.508608 -1.516966 -0.402885 0.861741 -0.599318 1.073327 -0.454838 0.165997 
295.446869 -17.017245 4.645800 -2.357842 4.095471 -1.584797 1.012269 -0.541029 -2.241284 -1.910089 -0.159536 -1.185662 -0.828082 3.374850 -0.690477 -0.372348 -1.408027 -1.710269 -1.493027 -1.018405 1.013482 -1.148550 1.624231 -0.750294 0.150988 -1.306652 -1.166621 0.286267 -0.601957 1.054955 -0.795953 0.174130 0.585970 0.225696 0.033369 -0.259210 0.374797 
297.915649 -14.858421 3.005370 -2.896891 2.853592 -2.872828 -0.807665 -1.585432 -1.023077 -2.675120 1.298985 -2.576252 -0.512167 1.507416 -1.029499 0.324495 -1.064002 -0.933922 -1.172294 -0.474061 0.849836 -0.586923 0.945828 -0.407921 0.538893 -2.195345 0.598479 0.342087 0.369193 0.768938 0.546132 0.542445 -0.530010 0.491738 -0.561730 0.763349 0.132721 
298.121307 -14.002412 2.586802 -1.708852 1.967467 -3.452642 -1.332318 -1.489151 -0.541612 -3.083934 1.732120 -2.001505 0.249704 -1.015841 0.506481 0.311827 -0.669641 -0.172394 -0.400762 0.066485 -0.046538 -0.165074 0.500771 0.776404 0.416429 -6.117059 1.327488 -0.193489 0.213588 0.693022 0.700575 0.520341 -0.725683 1.083709 -0.637205 0.647328 -0.306371 
296.884796 -16.890103 4.018332 -2.273238 1.514309 -3.217615 -1.609188 -1.452462 -1.116154 -3.005267 2.300527 -1.023445 0.320692 -10.726702 1.625478 -0.062482 -0.636825 0.452122 0.228856 0.566621 -0.601529 1.580495 -0.328583 0.886735 -0.073849 -9.857109 -1.044881 0.517613 -0.081055 0.451110 0.655249 0.601571 -0.265854 0.871772 -0.345849 -0.020734 -0.271925 
295.845337 -35.455816 5.837758 -1.833817 0.693818 -2.548398 -0.874606 -0.355909 -1.744670 0.077056 1.074954 -0.228034 0.102006 -20.730060 -1.583282 1.347053 -0.831751 0.729826 0.909736 1.269627 -0.578246 1.578469 -0.190928 0.734936 -0.127420 -1.609760 -3.994853 0.216644 0.357621 -0.502103 -0.461934 0.378372 0.458844 -0.728640 0.482585 -0.473503 -0.055940 
293.181274 -58.350223 0.851768 0.420868 -0.149193 -1.757964 0.210284 1.086791 -2.272646 0.151671 1.918671 0.446428 0.065853 -13.946221 -6.364227 0.370806 0.078418 -0.552085 -0.695012 1.323366 0.316159 0.123216 0.636588 -0.060271 -0.185729 14.176680 2.820034 0.867587 1.238557 -0.236204 -0.762895 -0.324220 0.857076 -0.600647 0.086021 -0.725021 -0.158478 
314.228455 -63.348258 -6.890697 -1.092205 0.850654 -3.652568 -2.264631 2.290822 -1.112352 0.323488 2.348130 -0.348576 -0.269452 7.623301 4.056786 3.082227 1.645364 0.257418 -0.616053 0.621186 1.135905 0.377176 -0.018886 -0.715105 -0.444376 15.560488 6.788414 2.581266 0.251666 0.332334 0.381909 -0.058329 0.060200 0.113433 -0.417619 -0.375942 0.221785 
0.000000 -43.103621 8.965340 6.585322 3.141535 -1.243127 -1.021823 2.329164 -0.000836 0.906023 1.880899 -0.983782 -0.822898 17.174755 7.212600 5.533338 0.581749 0.112583 0.068805 1.206707 0.436558 0.350082 -0.198650 -0.812155 0.257840 -0.285432 -2.386102 -0.693826 -1.104528 -0.674778 0.031727 0.283175 -0.627552 -0.159180 0.026925 0.110276 0.489469 
239.034088 -28.998749 7.534503 9.974470 2.014152 -3.427403 -2.127020 4.704236 -0.239236 1.023653 1.950829 -1.972886 0.246228 7.052436 -0.715418 1.694574 -0.563691 -1.092138 -0.552599 1.187536 -0.119200 0.058815 0.034965 -0.494552 0.534563 -5.061159 -3.964009 -1.919382 -0.572720 -0.602360 -0.310702 -0.009586 -0.277879 -0.145634 0.116808 0.158801 0.138362 
