224.323486 -19.772148 1.946468 0.462877 1.113927 -0.470420 1.095820 0.296221 -0.318622 -0.641705 -0.458713 0.225495 0.445157 -0.509777 1.381763 0.896273 0.100973 -0.838474 -1.071855 0.083678 0.208186 -0.029902 0.240450 -0.521645 -0.188934 0.282365 -0.150299 0.251351 0.787430 -0.392473 -0.297046 0.055977 -0.046238 -0.060168 0.055006 0.081175 -0.080618 
210.397415 -20.791702 4.709994 2.255424 1.315872 -2.147368 -1.047889 0.463578 0.097750 -0.701509 0.022187 -0.817795 0.067289 0.054954 1.081166 1.398976 1.675832 -1.623420 -1.665946 0.195632 0.115709 -0.150238 0.350462 -0.359296 -0.350169 0.595123 -0.918493 -0.205422 1.022478 -0.144177 0.175818 -0.064753 -0.050840 -0.024284 -0.188086 0.107368 0.150118 
216.489441 -19.662240 4.108799 3.260829 4.465592 -3.717261 -2.236072 0.687486 -0.087203 -0.942180 0.242211 -0.493096 -0.255182 0.680469 -0.455224 0.485430 2.145929 -1.126828 -0.720220 -0.045828 0.106506 -0.078470 -0.135722 -0.306910 0.111302 0.667745 -0.951182 -1.135047 -0.511872 0.542720 1.261834 -0.166309 0.048099 0.003734 -0.390528 0.110214 0.267294 
215.029083 -19.430764 3.799547 3.226285 5.607730 -4.401024 -2.488328 0.371922 0.310762 -0.858449 -0.249258 -1.431615 0.289894 1.390445 -0.821199 -0.871118 0.652088 -0.537980 0.857722 -0.136985 0.211908 -0.142770 -0.430593 -0.138868 0.184419 0.070389 -0.300965 -0.651102 -1.366596 0.768723 1.195237 0.377685 -0.257780 0.068423 -0.116784 0.546155 0.003970 
220.233185 -16.881351 2.466401 1.518592 5.769767 -4.793221 -0.520629 0.413515 0.336612 -1.227720 -0.618976 -0.770831 0.113656 0.821247 -1.057153 -0.816774 -0.587263 0.410618 1.670254 0.709543 -0.409053 0.058376 -0.369290 0.785400 0.119243 -0.821287 0.001949 0.633250 -0.698242 0.703916 -0.037228 0.832149 -0.169829 0.146762 0.145508 0.404161 -0.167413 
230.243576 -17.788270 1.685240 1.592738 4.433205 -3.579788 0.852181 1.791008 -0.507343 -0.741697 -0.987838 0.139186 0.528380 -0.252130 -0.817302 0.395382 -0.744397 0.869852 0.783265 1.527312 -0.127751 0.150755 -0.139577 0.669454 -0.150407 -0.548411 0.256590 0.828258 0.356530 -0.029028 -0.865832 0.206712 0.140045 -0.023637 0.391925 -0.327592 -0.373409 
242.707748 -17.385612 0.831798 2.309357 4.280973 -3.053517 1.045901 3.468138 0.081110 -0.926210 -0.898130 0.568078 -0.187158 -0.275575 -0.543974 0.839742 0.125797 0.352561 -0.061410 1.122967 -0.128962 0.011101 0.414561 0.130216 -0.627575 -3.267311 0.560832 0.206057 0.494198 -0.345198 -0.639088 -0.928438 0.190909 0.217885 0.294158 -0.482542 -0.000031 
248.871582 -18.339421 0.597293 3.272221 4.684799 -2.874665 0.729360 4.036941 -0.765267 -0.719495 -0.158717 0.399618 -0.726771 -6.786752 0.304363 0.807497 0.243999 0.179456 -0.494911 -0.329563 0.254068 0.586526 0.448739 -0.295630 -0.150470 -5.274135 0.749888 0.149020 -0.877660 0.416499 -0.050868 -1.102905 0.646522 0.374624 -0.120000 -0.249170 0.265029 
245.828079 -30.959116 1.440524 3.924350 4.768972 -2.694605 0.056079 2.809012 0.589246 0.246841 -0.000652 -0.023183 -0.488097 -10.823845 0.955802 1.137782 -1.629524 1.185559 -0.163146 -1.082844 1.164081 0.760349 0.174561 -0.368125 -0.097517 -0.001611 0.348950 -0.187785 -0.691893 0.904166 0.539056 -0.452242 -0.149684 -0.239853 -0.259212 0.289779 0.114728 
237.784149 -39.987110 2.508898 5.547785 1.425752 -0.503547 0.403069 1.871252 1.562896 0.801204 0.190405 -0.336631 -0.921805 -6.789973 1.002263 0.431927 -1.139786 1.987789 0.583200 -1.234047 -0.045301 0.106820 -0.069684 0.283928 0.078985 6.947277 -0.435412 -0.192338 1.626892 -1.356625 0.226346 0.245152 -0.748858 -0.192402 -0.085510 0.671120 0.000688 
229.332565 -44.539062 3.445050 4.788204 2.489400 1.280972 1.222480 0.340917 0.498644 0.460481 -0.140020 0.544673 -0.330127 3.070709 0.084979 0.753106 1.624260 -1.527691 0.289546 -0.592539 -0.333635 0.375545 0.003541 0.974116 -0.096140 5.039247 -1.320187 -0.016644 1.396290 -2.252154 -0.057925 0.714273 0.492837 0.148632 0.139942 0.236891 -0.303748 
203.691971 -33.845692 2.678856 7.053997 4.674271 -3.558928 0.982160 0.686174 0.895626 1.552293 0.197486 1.611601 -1.114086 3.288521 -1.638110 0.398638 1.652794 -2.516519 0.467350 0.194498 0.940372 0.404084 0.210199 0.757710 -0.528510 -4.732976 -0.503915 -1.056196 -1.263081 1.466002 0.413752 0.328402 0.499366 -0.254489 0.046980 -0.355807 0.161687 
199.712265 -37.962021 0.168830 5.585480 5.794987 -3.752065 2.157180 0.729914 2.379389 1.268649 0.280377 2.060094 -1.387146 -6.395243 -0.922850 -1.359286 -0.901902 1.404313 1.117050 0.064265 0.665097 -0.133433 0.097501 0.262501 0.227235 -2.789904 0.512674 -0.387314 -1.229036 2.274323 0.253648 0.281672 -0.486697 -0.642683 -0.067246 -0.550418 0.299951 
379.124359 -46.636179 0.833155 4.335425 2.870467 -0.750303 3.216260 0.814704 2.225821 1.285428 0.392488 2.136603 -0.659617 -2.291288 -0.612762 -0.375989 -0.805278 2.032128 0.974647 0.757842 -0.033021 -0.881282 0.075706 -0.343126 0.071392 7.530297 -0.362201 0.580437 1.102275 -0.723568 -0.264807 0.618618 -0.470355 -1.063020 -0.357599 -0.209852 -0.189357 
376.238159 -42.544596 -1.056693 4.833503 4.184431 0.312190 4.106474 2.245599 2.313347 -0.493915 0.431789 1.373843 -1.244362 8.665351 -1.647252 -0.198412 1.302647 -0.042823 0.587435 1.301501 -0.275613 -2.259472 -0.617697 -0.157202 -0.151480 5.675690 -0.011356 -0.227456 0.817717 -0.942250 -0.500747 -0.801213 -0.653588 -0.410612 -0.369201 0.179077 -0.086058 
377.642517 -29.305476 -2.461350 3.938602 5.475762 -0.835948 4.391130 3.417705 1.674595 -3.233516 -0.842906 1.822199 -0.962577 9.060092 -0.635474 -0.830901 0.830156 0.147627 -0.026847 -0.844584 -1.340196 -1.702507 -0.662696 0.015028 -0.100723 -3.656835 1.174275 -0.052767 -0.547938 0.610186 -0.575997 -1.757612 -0.481569 1.439139 0.353066 -0.316706 -0.100044 
190.896820 -24.424413 -2.327641 3.171701 5.844744 0.607445 4.052780 0.556430 -0.367045 -3.898929 -0.893603 1.403898 -1.445809 1.351682 0.701297 -0.303946 0.206772 1.177548 -0.564558 -2.213723 -1.238751 0.618807 0.088434 -0.790615 -0.351569 -6.335657 0.742043 -0.663180 -0.801935 0.342134 -0.759707 -0.029200 0.489286 1.960687 0.708434 -0.487792 0.438739 
186.697174 -26.602113 -1.058756 3.330710 5.889307 1.519149 3.262013 -1.009740 -0.802907 -1.995903 -0.666039 0.240968 -1.665714 -3.611221 0.848611 -2.157262 -0.773713 0.831895 -1.546260 -0.902984 -0.361625 2.218866 0.754171 -0.960555 0.776754 -0.601539 0.815593 -1.484439 -1.119328 -1.370423 -0.903033 0.853900 0.744528 0.558518 0.426456 0.403331 0.958096 
183.718353 -31.646856 -0.630419 -1.142823 4.297318 2.271234 0.960260 -1.249537 -1.090294 0.538804 0.614739 -0.517213 0.107698 0.148603 2.332484 -3.272824 -2.031884 -1.563298 -2.370625 -0.505922 0.250304 1.735842 0.941346 0.016048 1.564622 3.475394 0.602908 0.348880 -0.309469 -1.892304 -0.204981 0.510580 0.459446 -0.857400 -0.191414 0.864228 -0.022007 
183.791107 -26.304906 3.606212 -3.214939 1.825539 -1.607448 -1.479236 -2.021584 -0.302299 1.475781 1.216653 0.273063 1.463530 3.339566 2.054428 -1.459502 -1.392650 -2.952714 -1.956222 0.118175 0.557268 0.504067 0.371344 0.767901 0.732740 -0.469262 -1.143882 1.946405 0.654038 0.754132 1.157836 0.705304 0.042289 -0.803713 -0.440965 -0.184400 -0.875867 
0.000000 -24.967723 3.478438 -4.061826 1.512018 -3.634194 -2.952185 -1.013186 0.024241 1.546938 1.357427 1.018589 1.573177 -0.789921 0.044719 0.619986 -0.723808 -0.055034 -0.054952 0.904685 0.334883 0.128417 0.059417 -0.352752 -0.187111 -2.903684 -1.084876 1.698545 -0.151688 2.110566 1.276505 -0.046280 -0.056512 -0.171384 -0.372557 -0.653053 -0.343184 
0.000000 -27.884748 3.695651 -1.974968 0.377923 -1.717515 -1.589141 -0.212214 0.367467 1.732615 1.335487 -0.432441 1.089308 -2.467802 -0.115323 1.937589 -1.696026 1.268418 0.596788 0.025614 0.444244 0.161299 -0.373769 -0.538205 0.046372 -0.342000 -0.864920 -0.168929 -0.324091 -0.227569 0.403438 -0.782459 -0.509022 -0.343251 -0.407477 0.310889 0.037433 
0.000000 -29.903328 3.247792 -0.186648 -1.880035 -1.097358 -1.758608 -0.961957 0.912730 1.869537 0.609888 -0.057821 1.665921 -1.473921 -1.685120 0.282127 -1.371991 -0.510171 0.751923 -0.660232 -0.683161 -0.558085 -0.755537 0.269026 -0.112245 1.324372 -0.932699 -1.646996 0.652521 -1.036460 0.026508 -0.575084 -1.032399 -0.492834 -0.148771 0.154341 -0.436752 
0.000000 -30.832590 0.325411 -1.410714 -2.366059 -2.737857 -0.085296 -1.532678 -0.998856 0.616445 -0.175588 0.105611 0.864817 0.180942 -1.980721 -1.356402 -0.390984 -0.804502 0.649804 -1.124554 -1.620553 -0.824368 -0.671312 -0.229522 -0.827132 1.146464 0.227707 -0.707310 0.983545 0.604293 -0.641549 -0.307168 0.042253 0.304330 0.439068 -0.124265 -0.202055 
315.169525 -29.541444 -0.713650 -2.899453 -2.662004 -2.706362 -0.459001 -3.211066 -2.328375 0.220802 -0.732736 -0.516865 0.011657 0.819007 -1.229706 -1.132494 0.595099 0.698415 -0.531176 -1.274569 -0.598656 0.050575 0.122599 0.020496 -0.516356 -1.166659 0.527779 0.321462 0.658117 1.226831 -0.137960 0.570812 0.865671 0.525190 0.613656 0.390966 0.292407 
316.623230 -29.194576 -2.134002 -3.675702 -1.175860 -1.341028 -1.147647 -4.081816 -2.196168 0.717595 0.069609 0.146604 -0.167895 -2.152377 -0.925163 -0.713479 0.925249 1.649160 0.373884 0.017070 0.110789 0.226013 0.556001 0.552410 -0.242317 -4.182228 0.761359 -0.221335 -0.336861 -0.155354 0.486042 0.625509 0.243414 0.174054 -0.022912 0.300652 0.344691 
312.510681 -33.846199 -2.563976 -4.326410 -0.811507 0.591959 0.288767 -3.176926 -2.106796 0.672827 0.379266 0.587955 -0.472978 -7.545449 0.293012 -1.575164 -0.078623 0.387707 0.440908 -0.023551 -0.111828 0.398683 0.076774 0.621800 0.173026 -1.090985 0.600567 0.725940 -0.199698 -0.623365 -0.229677 0.442519 0.278855 0.026860 -0.173534 -0.364866 0.366604 
0.000000 -44.285474 -1.547978 -6.826029 -1.333106 -0.565613 -0.265832 -4.128919 -2.419823 1.514962 0.223157 1.390204 0.178157 -4.334346 0.275972 0.738402 0.525852 0.402430 -0.085470 0.902108 0.668500 0.279733 0.208933 -0.177322 0.490890 3.077709 0.268044 2.129439 0.191247 0.092784 -0.419660 0.673013 0.698037 -0.419507 0.029557 -0.662633 -0.118238 
0.000000 -42.514891 -2.012033 -2.849606 0.240197 1.396819 0.117826 -1.372709 -0.769797 1.232293 0.797131 0.233312 0.508803 -1.390030 0.829100 2.683714 0.303870 0.573275 -0.398411 1.322476 1.284247 -0.440331 0.135888 -0.703465 -0.063450 1.279410 0.326080 0.096046 -1.013524 -0.033051 -0.277300 -0.657025 0.343985 -0.128486 -0.216582 0.253286 -0.315198 
216.345947 -47.065535 0.110223 -1.458601 -0.725366 0.580937 -1.062655 -1.483968 0.148670 0.634299 0.494932 -0.016727 0.051257 -1.775526 0.928131 0.930494 -1.501196 0.336328 -0.640069 -0.411942 1.356470 0.022761 -0.224230 0.329251 -0.139505 2.713993 -0.561281 -0.907943 -1.085976 -1.100674 -0.029449 -0.945174 -0.234585 0.178546 -0.135290 0.763333 0.229292 
210.800568 -46.065944 -0.155771 -0.988618 -2.762195 2.069476 -1.162313 -2.196593 1.943144 1.277815 0.348671 0.891814 0.229794 4.037956 -0.293462 0.867828 -1.868083 -1.628074 -0.457309 -0.567873 0.815077 -0.083239 -0.134692 0.823200 0.395135 3.682913 -0.514124 -0.060814 0.373037 -2.007381 -0.333008 0.288843 -1.187650 -0.491749 0.102219 -0.108740 0.359677 
105.858078 -38.989623 -0.476700 0.277054 -4.461532 -2.675210 -1.977272 -2.619714 1.778824 0.467821 0.225548 1.629673 0.841526 5.590300 -0.100118 0.808867 -0.755122 -3.678435 -1.306085 0.165745 -1.018830 -0.960738 -0.019792 0.111770 0.579849 -0.944390 1.020406 0.434641 1.818502 0.405336 -0.065104 0.950748 -0.955949 -0.160185 0.123732 -1.016655 -0.358492 
0.000000 -34.885345 -0.356006 0.629116 -4.272438 -5.287394 -3.774483 -1.865104 -0.094516 -0.643661 0.309087 1.115355 1.389492 2.149175 1.747350 1.737111 1.768922 -0.817401 -0.587518 1.333623 -1.096821 -0.403609 0.112772 -1.210110 -0.321849 -3.982152 1.029440 0.565608 1.382137 2.713010 0.879728 0.178275 0.654897 0.481420 -0.014408 -0.503029 -0.726843 
0.000000 -34.691273 3.018000 3.751276 -0.923687 -4.310012 -3.152308 0.047532 -0.414818 -0.339397 0.451092 -0.790547 0.197828 -2.374005 1.958762 1.940082 2.009153 1.747585 0.453371 0.522294 0.290964 0.002103 -0.048609 -0.894287 -0.873837 -3.023325 -1.399719 -0.899400 -0.867523 1.485720 1.048871 -0.625927 0.699834 -0.028027 -0.293795 0.686904 -0.024585 
293.941193 -39.633354 3.561518 4.509280 -0.254132 -1.792225 -2.867742 -0.820516 0.487412 -0.639455 0.211870 -0.673219 -0.358182 -3.897476 -1.052089 -0.061689 0.033876 2.154040 1.510224 0.081768 0.302847 -0.459663 -0.474818 0.163698 -0.371019 -0.693885 -2.032985 -1.040593 -1.344885 -0.345014 0.593107 -0.046240 -0.269301 -0.244303 -0.106378 0.681808 0.373048 
295.454529 -42.486224 0.913822 3.627897 -0.855936 -0.001933 -0.131860 0.211069 0.190875 -1.258723 -0.498544 -0.463152 -0.544209 -3.761774 -2.107209 -0.141103 -0.680617 1.057557 1.639584 0.429815 -0.247638 -0.486502 -0.261364 0.469329 -0.127741 -0.098529 -0.120150 -0.491616 -0.674460 -1.467835 -0.418009 0.058004 -0.272431 -0.004764 0.248604 0.134629 0.450140 
0.000000 -47.156903 -0.652900 4.227074 -1.615365 0.322889 0.411426 0.039114 -0.007863 -1.612460 -0.310858 0.265439 -0.613664 -4.094535 -1.292388 -1.044921 -1.315045 -0.781631 0.674207 0.197776 -0.242015 -0.469190 0.022389 0.432955 0.529262 0.504371 1.421973 -1.118891 0.811847 -0.565804 -0.680517 -0.176069 0.428508 0.742330 0.256535 -0.316840 0.230209 
295.089355 -50.675293 -1.670954 1.538056 -3.486027 -1.565195 1.216554 0.606621 -0.293155 -2.197104 -0.453766 0.402758 0.514315 -2.753032 0.736736 -2.378885 0.943077 -0.074051 0.278550 0.077676 0.609378 0.998158 0.251705 -0.164351 0.332677 4.201133 1.771967 -0.491432 2.108245 1.468287 -0.395726 -0.564890 0.437982 0.761172 0.073699 -0.326101 -0.567346 
244.077698 -52.662968 0.820573 -0.530697 0.270788 0.174786 0.968526 0.194467 1.210894 0.383856 0.192552 -0.063264 0.051691 4.307731 2.251545 -2.027785 2.901445 2.154943 -0.117245 -0.932005 0.633948 1.053153 0.169788 -0.219247 -0.605429 6.340449 0.213203 -0.144178 0.285183 0.991109 -0.186605 -0.841733 -0.725251 -0.949694 -0.186249 0.164158 -0.532142 
154.270248 -42.059832 2.832137 -2.517514 2.316864 2.744692 0.982065 -1.257389 0.974741 -0.090797 -0.114190 -0.035736 -0.696542 9.927866 1.163143 -2.667242 1.513442 1.908167 -0.094661 -1.605790 -0.841123 -0.901231 -0.120792 0.163964 -0.731606 1.416865 -1.366359 -0.044562 -1.071665 -0.818090 -0.009547 -0.148426 -0.635189 -0.741499 -0.049111 0.320317 0.216529 
145.447968 -32.807236 3.146859 -5.865181 3.297673 3.991120 0.779205 -3.017113 -0.471352 -1.418607 -0.049032 0.264665 -1.411521 7.141460 -0.481173 -2.116910 0.758115 0.518764 -0.136338 -1.228858 -0.636430 -0.429845 0.071566 0.421388 -0.172370 -2.961062 -1.135480 1.646150 -0.751439 -0.863008 -0.048140 0.471461 0.699461 0.730659 0.002174 -0.124177 0.499114 
162.571106 -27.776913 1.869792 -6.751334 3.833093 3.782219 0.709389 -3.715104 -0.298118 -0.950486 0.028942 0.807040 -1.041282 4.005741 -1.107817 0.625057 0.010564 0.182151 -0.190940 -0.662869 0.557798 0.560087 -0.116444 -0.084390 0.266621 -3.776560 0.257479 1.998691 -0.661404 -0.240258 0.312983 0.670236 0.460396 0.350386 -0.059030 -0.411111 0.136893 
0.000000 -24.795754 0.931226 -4.615067 3.318801 4.355422 0.397325 -4.342851 0.644244 -0.298434 -0.281920 0.095884 -0.878278 -0.411659 0.033786 1.880473 -0.564694 0.038248 0.489629 0.111615 0.284363 0.270928 -0.046494 -0.400835 0.101417 -2.952113 -0.749908 0.741581 -0.867134 -0.911743 0.389339 0.906478 -0.378069 -0.097533 0.071089 0.125407 0.011301 
190.147308 -28.600231 1.937365 -2.990389 2.703705 3.858716 1.688646 -3.491874 0.270607 -0.408629 -0.064047 0.005370 -0.838448 -1.898486 -2.607632 2.108219 -1.723703 -1.641336 0.587739 1.150086 -0.198341 0.365021 0.025735 0.166424 0.289223 0.172589 -2.046789 -0.397246 -0.662764 -0.956765 -0.536942 0.239879 -0.180158 -0.005798 -0.019174 0.217776 0.147286 
209.155609 -28.592726 -4.284039 -0.398628 -0.128606 1.072751 1.572803 -2.042678 0.247563 0.431609 -0.230450 0.428731 -0.299832 -0.066481 -4.059792 1.085981 -1.890222 -1.875282 -0.584255 0.591373 -0.075954 0.259332 -0.084842 0.034717 0.395989 0.377691 0.652527 -0.815609 0.441723 0.441356 -0.740684 -0.421410 0.087097 -0.223586 0.029859 -0.145496 -0.119757 
211.769089 -28.733193 -6.182220 -0.818426 -1.076738 0.108152 0.520136 -2.309128 0.118700 0.110035 -0.233731 0.074803 -0.046471 -1.143104 -1.302578 0.477002 -0.840257 -0.758623 -0.893628 0.307266 -0.024146 -0.082151 0.085452 -0.124568 0.049709 -0.321284 2.764734 -0.041097 0.849925 0.770096 0.424397 -0.173180 0.189140 0.065775 0.321111 0.195047 -0.203464 
222.182816 -30.878934 -6.889194 0.555375 -1.809119 -0.444495 -0.214454 -1.428146 0.199271 0.267307 -0.059545 0.179596 -0.200414 -0.709048 1.469675 1.003787 -0.190371 -0.335090 0.264539 0.245014 0.302326 0.390882 0.557379 0.424811 -0.010940 1.892882 3.100929 -0.661188 1.301175 1.141704 1.386316 0.094299 0.127126 0.024806 0.118767 0.318109 -0.140228 
234.935242 -30.151289 -3.242871 1.189149 -1.457480 -0.562029 1.049214 -1.819099 0.723351 0.891800 0.881027 0.924425 -0.068351 2.642661 4.899280 -0.845373 1.762094 1.524786 1.879004 0.495864 0.230107 -0.032539 0.322986 0.511650 -0.230747 2.434942 1.386098 -1.553019 1.131368 1.402863 0.597370 0.259087 -0.535448 -0.689758 -0.386803 -0.393394 -0.323800 
222.691666 -25.593613 2.909367 -1.135372 1.715069 2.605076 3.543554 -0.436419 0.659484 0.202228 0.586427 1.202896 -0.661908 4.160836 4.241870 -2.102250 2.072366 2.470635 1.459279 0.763189 -0.768571 -0.988635 -0.216227 -0.361977 -0.658540 -0.550501 -1.411754 -0.336511 -1.115454 -0.171407 -1.171700 -0.581401 -0.649124 -0.307026 -0.342910 -0.543841 0.128363 
184.516647 -21.829617 5.240868 -3.015351 2.687252 4.379241 3.967771 -0.292722 -0.813790 -1.085469 0.448573 0.200470 -1.385431 1.541658 2.075771 -1.518395 -0.468814 1.181972 -0.464396 -0.666939 -1.068141 -0.646591 -0.362834 -0.576031 0.025979 -2.502573 -2.114912 0.610478 -1.840564 -1.474506 -0.934805 -0.759776 0.444616 0.515930 -0.241694 -0.087719 0.772308 
0.000000 -22.510297 7.060910 -4.172162 0.777441 4.969020 2.614763 -1.770297 -1.476798 -1.090955 -0.139241 0.050833 -0.609949 -0.844310 0.012046 -0.881294 -1.608762 -0.478378 -0.410330 -0.756362 0.120661 0.043226 -0.699616 -0.537415 0.886076 -2.106202 -1.877372 1.038034 0.029130 -1.075762 0.214819 0.468948 1.131258 0.561522 0.106635 0.057310 0.144162 
150.286499 -23.518236 5.264961 -4.777938 -0.530271 3.422484 3.147110 -1.805447 -0.572468 -0.999018 -0.950658 -0.874360 0.386720 -2.670747 -1.678973 0.557673 -0.410554 -0.969552 -0.034758 0.270956 1.194375 0.476452 -0.149564 -0.461411 0.314303 -1.649599 -0.945057 1.226526 1.118325 -0.452827 -0.436857 0.434166 0.476378 0.641715 0.668023 0.327112 -0.572279 
69.904900 -27.851790 3.702963 -3.056816 -0.043668 3.029916 2.545247 -1.228384 0.911952 -0.138050 -0.438369 -0.871989 0.018657 -4.143509 -1.878069 1.571757 0.627888 -1.384031 -1.284044 0.111969 1.073417 1.326655 0.636430 0.116809 -0.258483 0.906109 0.200430 -0.226567 0.454355 0.160531 -0.772080 -0.353855 -0.352018 0.365600 0.382174 0.310382 -0.075246 
254.591461 -31.805254 1.508824 -1.634423 0.725505 0.654422 0.579022 -1.581509 1.574367 1.654292 0.322203 -0.640741 -0.130247 -0.858529 -1.278113 0.104538 0.498156 -0.648490 -1.578918 -0.436753 0.490338 1.207652 0.614784 0.159352 0.163811 2.585649 0.678072 -1.018532 -0.475179 0.768986 0.375708 -0.140042 -0.374319 -0.534477 -0.265773 -0.080687 0.159275 
75.177368 -29.568849 1.146737 -2.847739 0.952644 1.732936 -0.612589 -2.101889 1.892627 2.277255 0.791199 -0.553284 0.346278 1.027790 -0.521924 -0.465307 -0.322469 0.153941 -0.532627 -0.168114 0.324779 0.257700 0.104885 -0.044565 0.060067 0.695399 1.080471 0.382798 -0.210848 0.113156 1.024608 0.148971 -0.354987 -0.756366 -0.564839 -0.130592 -0.182176 
149.831863 -29.749673 0.464976 -2.565037 0.080567 0.962305 -0.486233 -1.917737 2.223925 2.169693 0.531973 -0.729872 -0.010113 0.532268 0.882828 0.870135 0.076460 -0.422178 0.470298 -0.138811 -0.219636 -0.305079 -0.514894 -0.101832 -0.200540 -0.168360 0.992922 0.878004 0.409018 -0.353330 0.277992 0.037537 -0.553796 -0.670172 -0.540630 -0.135810 0.009624 
249.308655 -28.504313 2.912394 -1.107470 1.105563 0.888580 0.328007 -2.379511 1.453355 1.667097 -0.238589 -0.756948 -0.054803 0.691071 1.463920 1.290701 0.495568 -0.552718 0.023356 -0.093041 -0.782813 -1.082644 -0.976374 -0.316186 0.079314 -1.163163 -0.991609 -0.261898 -0.186399 -0.178015 -0.563695 0.056533 -0.267275 -0.180265 0.206959 0.085259 0.195169 
132.446640 -28.367532 3.392816 0.016364 1.071703 -0.143132 -0.439520 -2.103818 0.658298 0.004405 -1.420776 -1.362244 0.148516 -1.794057 -1.100389 0.346339 -0.296338 -0.778208 -0.657092 -0.025745 -0.754187 -0.665608 -0.100976 0.068686 0.189797 -2.311014 -2.039856 -1.217608 -0.818534 -0.392847 -0.420491 0.153008 0.440212 0.711624 0.719531 0.405714 -0.111870 
335.693085 -32.092427 0.711616 -0.414792 0.512887 -0.667836 -0.986178 -2.431000 -0.055019 0.335880 -0.440541 -0.619577 0.324790 -3.930957 -2.615792 -1.144515 -1.141499 -1.338413 -0.817627 0.212975 0.097611 0.340603 0.462687 0.495241 -0.144426 0.686080 -0.516195 -1.672734 -0.191417 0.238261 -0.345359 -0.090544 0.767229 0.813444 0.210699 0.060205 0.069408 
336.570221 -36.229446 -1.838767 -2.272666 -1.211295 -2.819959 -2.074774 -1.677869 0.853519 0.685611 -0.495401 -0.371761 -0.140337 -0.421897 -2.132778 -2.999128 -0.679172 -0.301686 -1.347811 -0.206832 0.780272 0.961280 0.320422 0.189096 0.328612 2.788785 0.879103 -0.462838 0.662209 1.056394 0.007057 -0.398186 0.114196 0.222906 -0.057418 -0.215027 0.352801 
0.000000 -32.936222 -3.553941 -6.413049 -0.845457 -1.271209 -3.681800 -2.844663 1.505525 2.258440 0.200303 -0.241385 0.982014 1.646612 -0.857587 -2.070191 0.182919 0.774375 -0.803513 -0.583397 0.326003 0.786415 0.347852 0.065188 0.561175 1.034255 0.637596 0.464469 0.431045 0.538031 0.272149 -0.188283 -0.227134 -0.087433 0.013715 -0.061954 0.116282 
