333.304047 -20.564477 8.021239 -1.810322 0.950189 -2.850984 -1.997985 3.097959 -1.376603 -1.352927 0.778125 0.959929 0.172143 -0.769299 0.610739 -0.595713 0.766240 -0.321648 -0.035335 0.106994 -0.255219 0.351794 -0.210815 0.029801 -0.070097 -0.418087 0.188121 0.230393 0.042970 0.039643 -0.255342 0.149065 0.104299 -0.110971 -0.039988 -0.084136 -0.114140 
331.864594 -22.103076 9.242717 -3.001748 2.482669 -3.494280 -2.068655 3.311946 -1.887042 -0.649339 0.356495 1.019532 0.031950 -1.605473 0.986980 -0.134928 0.852180 -0.242361 -0.546019 0.405125 -0.046621 0.129853 -0.290791 -0.138470 -0.298377 -1.262730 -0.014449 1.183007 -0.571970 -0.022250 -0.083778 0.167820 0.510719 -0.366801 0.031600 -0.314001 0.004866 
330.899567 -23.775423 9.995199 -2.080178 2.654550 -3.335707 -3.090022 3.908208 -1.469845 -1.093222 0.196543 0.682990 -0.424611 -3.294759 0.581842 1.770302 -0.377701 -0.366148 -0.202892 0.442635 0.766218 -0.381809 -0.147615 -0.598201 -0.060365 -1.969015 -0.478543 1.489769 -0.641675 -0.083576 0.760136 -0.396011 -0.252784 0.207057 0.432367 -0.472148 0.548939 
327.078339 -28.692593 10.406400 0.538856 1.727267 -4.226575 -2.474438 4.197215 -0.354607 -1.412957 0.061265 -0.176870 -0.088779 -5.543503 0.029894 2.844610 -0.431170 -0.409514 0.974254 -0.386897 -0.552190 0.543967 0.573943 -1.082767 0.799501 -0.251633 -0.450541 -0.041174 0.700096 -0.186685 0.625089 -0.641726 -0.945132 0.633900 0.328067 0.032819 0.197826 
324.270294 -34.862429 10.054988 3.609042 1.792209 -4.154735 -1.141515 3.134413 -2.574225 -0.005287 1.344430 -1.482544 1.174391 -3.798024 -0.319241 1.687953 1.022491 -0.739517 1.047286 -0.840817 -1.124046 0.885992 0.508519 -0.532563 0.335288 2.273183 -0.153005 -1.367335 0.732761 0.137139 -0.626199 -0.068077 0.202755 -0.230562 -0.342007 0.665978 -0.552729 
319.982025 -36.288642 9.767919 3.914762 3.772249 -5.705609 -0.379866 2.515581 -2.602698 0.359027 1.078302 -1.241996 0.581797 -0.997137 -0.276115 0.109939 1.034352 -0.135235 -0.278144 -0.523052 -0.146679 0.082844 -0.110071 0.249189 -0.305957 1.856077 -0.619978 -0.310037 0.116477 0.517661 -0.929362 -0.288951 0.216715 -0.283085 -0.330499 0.265646 -0.117445 
315.192383 -36.856702 9.502757 3.828919 3.860913 -4.425206 -1.697803 2.088309 -2.867583 0.160402 1.124288 -0.984166 0.562477 -0.085870 -1.559197 1.067878 1.255444 0.295806 -0.811438 -1.418719 -0.690616 0.319821 -0.152480 -0.001271 0.100399 1.467630 -0.395481 0.155211 0.122554 -0.348304 0.131273 0.147854 0.194435 0.237512 -0.196891 -0.440597 -0.258124 
306.232666 -36.460383 6.649524 6.050519 6.283136 -5.113997 -2.002742 -0.321858 -3.983929 0.998669 0.773342 -1.244538 0.782595 1.938123 -1.067078 0.420361 1.279459 -0.831843 -0.015597 -0.227344 0.242192 0.557869 -0.503853 -0.632005 -0.822205 2.331377 1.579286 -1.861268 -1.755700 -0.407857 0.473560 1.720499 0.662018 -0.458988 0.007955 -0.069508 -0.271819 
296.939331 -32.980456 7.368602 4.669641 6.419831 -6.088893 -1.728998 1.633621 -2.383199 1.276139 0.116582 -2.248176 -1.081932 4.576883 1.599376 -2.654658 -2.255956 -0.519907 0.135682 2.022279 0.633421 -0.598156 -0.136571 -0.140288 -0.443239 0.788834 1.016049 -1.323137 -2.104617 0.532003 0.027160 0.741624 -0.216856 -0.557313 0.164488 0.693212 0.777874 
289.652924 -27.306617 9.848275 0.741203 1.771225 -6.153812 -1.731378 3.722700 -2.717088 -0.197643 0.500200 -1.525113 -0.103883 3.515792 0.965021 -2.225913 -2.929775 0.232163 0.038723 1.255903 -0.191521 -0.556758 -0.174877 0.754419 0.733543 -1.659980 -0.859990 0.966537 0.735271 0.538973 -0.144703 -0.898571 -0.345130 0.297190 0.109517 0.246242 0.392477 
281.890320 -25.948872 9.298644 0.217814 0.560281 -5.624567 -1.651552 4.145428 -2.766241 0.162624 -0.233173 -0.739337 0.385153 1.256924 -0.120604 -0.721584 -0.785415 0.558038 -0.153725 0.225136 -0.056839 -0.003777 0.082462 0.352197 0.341715 -1.343399 -0.470306 0.712637 1.430183 0.107192 -0.320708 -0.719491 0.253607 0.304886 0.281173 -0.482603 -0.221493 
278.966156 -24.792769 9.607068 -0.701965 0.200396 -5.037736 -2.038828 4.172972 -2.830767 -0.205196 0.665124 -0.820719 0.579547 0.828995 0.024410 -0.800639 -0.069408 0.446547 -0.602692 -0.183079 0.315694 0.053015 0.387468 -0.210787 0.290556 -0.896969 -0.088732 0.328134 0.646814 -0.328599 -0.134261 -0.210575 0.181519 0.203520 -0.003380 -0.387179 -0.060732 
276.553833 -24.290883 9.347464 -1.383465 0.421465 -4.731474 -2.856937 3.779271 -2.134853 0.268654 0.541763 -1.160912 0.966265 -0.537014 -0.298067 -0.065316 0.508213 -0.099160 -0.422247 -0.196015 0.306199 0.403263 0.075701 -0.422160 0.220250 -1.444977 0.064599 0.719526 0.344901 -0.754704 0.531642 0.037604 -0.164549 -0.004331 -0.079517 0.191668 -0.243135 
271.856628 -25.866797 9.010934 -0.832596 1.216823 -5.236055 -2.883322 3.780942 -2.218369 0.601330 0.816527 -1.665040 1.020047 -2.060959 0.153607 0.638412 0.620393 -1.062861 0.460592 -0.107872 -0.013404 0.044354 0.228433 0.172549 -0.195715 -1.293018 0.411563 0.433496 -0.162965 -0.353770 0.249742 0.371497 -0.146777 -0.398873 0.110353 0.352308 -0.167611 
264.968689 -28.412801 9.654679 -0.106640 1.662251 -6.857196 -1.935752 3.563528 -2.161661 0.357361 0.998630 -0.815814 0.574836 -3.123050 0.525059 0.801677 0.182283 -0.806700 0.077236 0.546980 0.012646 -0.394483 0.296408 0.282456 -0.114971 -0.192494 0.063831 -0.124237 -0.156958 0.750726 -0.508372 0.244394 0.147617 -0.278789 -0.004116 -0.129035 0.040420 
258.168274 -32.112896 10.061052 0.770757 1.581388 -6.849455 -2.728849 4.874901 -2.193077 -0.187636 1.409343 -1.100129 0.790105 -2.445946 0.281270 0.389938 0.306477 0.438590 -0.556153 0.380917 0.281829 -0.513225 0.220201 -0.085521 -0.114874 1.052892 -0.554674 -0.595834 -0.146354 0.585748 -0.174906 -0.316903 0.211099 -0.008741 -0.221950 -0.234614 0.005112 
251.083023 -33.304693 10.217219 0.673236 2.275204 -5.980015 -3.048057 4.325361 -1.598002 -0.669088 1.439032 -0.986856 0.345087 -1.017265 -0.584288 -0.389991 -0.110424 0.364797 -0.272575 -0.086825 0.434843 -0.411965 -0.147491 -0.186772 -0.104746 -0.935166 -0.859101 -0.607140 -0.399201 -0.481495 0.187640 0.116184 -0.006469 0.168328 -0.141861 -0.034221 0.212325 
252.415848 -34.147426 8.892476 -0.009224 1.360539 -6.119862 -3.273999 4.701250 -1.323391 -1.011566 1.114360 -1.473673 0.580613 -4.316279 -1.436933 -0.824341 -0.491926 -0.524400 -0.180874 0.613285 0.268891 -0.176569 -0.063521 -0.153962 0.309775 -4.702593 -1.367186 0.138482 -0.251180 -0.229648 0.432036 0.435665 0.106931 0.273123 0.023980 -0.011845 0.018738 
270.571198 -41.937251 7.343353 -0.975445 1.291352 -7.028816 -3.409804 5.551931 -1.060221 -1.022226 1.311991 -1.294780 0.964637 -10.422452 -3.318661 -0.113028 -0.612784 -0.094500 0.591497 0.784504 0.648704 0.134282 -0.099532 -0.210462 -0.067270 -2.747708 -2.519778 0.643932 0.433513 1.549631 0.169204 -0.497093 -0.738735 0.656300 0.083073 0.053009 -0.598661 
315.545197 -54.992330 2.255154 -0.235279 0.134972 -6.308863 -2.091006 6.270259 -0.025982 -0.743001 0.915296 -1.894597 0.446074 -9.811694 -6.476489 0.463523 0.375100 2.574861 0.157534 -0.380900 -1.208580 1.136030 0.102625 -0.047945 -0.887546 12.370995 2.831842 -1.925372 2.050233 2.221810 0.111575 -1.659227 -1.426112 -0.266108 -0.133883 0.709583 0.445065 
0.000000 -61.560638 -5.609626 -0.048399 2.041552 -1.879093 -3.094737 4.790130 -3.477381 1.249834 1.517241 -1.390671 -0.810454 14.319539 2.345022 -3.963772 3.487683 4.349119 0.814646 -2.533950 -2.203519 -0.397933 -0.367298 1.208704 0.822860 15.046167 6.969005 -2.330398 0.937089 -0.709226 0.479984 -0.800965 0.379479 -1.234955 -0.603693 0.247520 0.948577 
0.000000 -26.353252 6.945198 -8.162822 7.110338 2.389375 -0.461713 1.202359 -4.433020 -1.538868 0.180699 0.522811 2.091793 20.280640 7.461520 -4.197274 2.249277 1.156410 1.117502 -1.982830 -0.449622 -1.333881 -1.104761 0.447095 1.009608 -5.830847 -0.783855 1.808954 -2.178884 -2.989182 -0.508030 1.335846 1.179948 -0.024195 -0.046950 -1.062391 -0.578169 
370.623871 -20.999358 9.313415 -8.442947 6.540107 0.433727 -0.859733 0.824469 -4.376624 -1.417928 -0.692282 -0.496482 1.208761 2.657844 0.777312 -0.345863 -0.870084 -1.629245 -0.201414 0.137742 0.156377 -0.446324 -0.461198 -0.916079 -0.333479 -9.290220 -4.762278 2.470993 -1.914536 -1.346547 -0.287744 0.739353 0.886041 0.282839 1.040588 -0.565671 -0.509750 
364.249481 -21.037563 8.499822 -8.854549 5.370171 -0.869115 -0.864541 1.477843 -4.120266 -2.431515 -0.741697 -1.309346 1.424835 1.700199 -2.063036 0.744711 -1.579794 -1.536684 0.542014 -0.504124 1.322460 -0.768202 0.976414 -0.684248 -0.009892 -0.604945 -1.536603 0.913658 -0.191265 0.501221 0.427811 -0.524016 0.589592 -0.088208 1.087814 0.148796 0.149765 
365.183655 -17.598960 5.187343 -6.953524 3.380519 -2.639640 0.224295 -0.183778 -1.731705 -2.954332 1.260547 -1.864977 1.188977 1.447955 -2.295895 1.481453 -1.252614 -0.626803 0.654208 -0.910291 1.335562 -0.622739 1.714430 -0.618486 -0.033950 -2.688820 0.715397 0.331682 0.711990 0.897631 0.008467 0.229844 -0.642671 0.404879 -0.453214 0.317947 0.019488 
364.680145 -18.141654 3.908033 -5.891643 2.864943 -2.122721 0.443875 -0.342738 -1.449142 -3.676993 2.687163 -2.546318 1.356936 -3.677441 -0.632242 1.408075 -0.155814 0.258579 0.558948 -0.044435 0.037117 0.041556 0.069987 -0.048355 0.029084 -8.066635 0.802687 -0.372082 0.363339 0.878552 0.011796 0.823803 -0.722349 0.996622 -1.431274 1.187597 -0.131690 
369.713959 -24.953842 3.922859 -4.137374 3.068891 -2.122482 1.342192 -0.272649 -1.657471 -2.871221 1.400521 -1.961687 1.247145 -14.685316 -0.690521 0.737290 -0.525936 1.130301 0.677800 0.737315 -0.109136 1.370505 -1.148118 1.756707 -0.297330 -8.946516 -2.160316 0.305372 -0.971177 0.335916 -0.651194 0.015572 0.152982 0.541178 -0.426750 0.494281 -0.431987 
370.812958 -47.512286 2.526991 -4.417064 1.813072 0.137881 1.799475 1.131892 -1.667414 -0.935983 0.390926 0.967096 0.762276 -21.570472 -4.952874 2.018818 -2.098168 0.930410 -0.743440 -0.013292 0.343081 1.123911 -0.783513 0.940206 -0.834890 6.604619 0.679488 0.485637 0.788637 0.272596 -1.205382 -1.195656 -0.068925 -0.603674 0.380534 -1.390678 -0.136504 
365.223419 -68.094787 -5.982889 -0.099738 -1.127445 -0.261662 -0.144687 -0.299233 -0.971310 -0.623399 -0.166506 -0.081274 -0.422635 -1.476078 0.668454 1.708565 1.051339 1.675493 -1.732965 -1.653997 -0.246986 0.163156 -0.387051 -1.024649 -0.570338 20.604818 5.752014 -2.585598 2.868560 0.281313 -0.006838 -0.464081 -1.165179 -0.663247 0.271758 -1.072004 0.533225 
300.952942 -50.464442 3.863900 -0.999934 3.915751 3.488866 -1.666454 -2.176103 -2.161386 -0.609671 -0.383176 -1.082201 -0.378400 19.639165 6.551154 -3.152379 3.638952 1.493036 -0.757116 -0.941455 -1.987277 -0.202582 -0.239997 -1.203801 0.231561 6.546851 0.469190 -2.638798 -0.207829 -1.617503 1.137942 0.937301 -0.407445 -0.092131 0.292247 0.089795 0.283662 
313.128326 -28.816458 7.119419 -6.404495 6.150458 2.724411 -1.658919 -2.182143 -4.945864 -1.028563 -0.646499 -2.488876 0.040487 11.617623 1.606834 -3.569032 0.635681 -1.559514 0.542918 0.220605 -1.061876 -0.021105 0.197443 -0.845059 -0.003015 -7.978626 -4.325784 1.406160 -2.235417 -1.419426 0.938083 0.279747 1.734933 -0.042387 0.702713 0.551628 -0.120969 
308.314209 -27.229196 7.077567 -8.137999 5.187112 0.369838 -0.580617 -1.734892 -4.285138 -0.651881 0.011709 -2.772319 -0.384429 3.681913 -2.100415 -0.340058 -0.831883 -1.345815 1.119050 -0.381961 1.482589 -0.287356 1.165429 -0.100546 -0.010378 -3.728127 -2.299360 2.634185 -0.743195 0.688302 0.173932 -0.341868 1.451538 -0.159329 0.358472 0.698363 0.164926 
299.861603 -21.452632 2.918590 -7.084612 4.486693 0.032780 0.579181 -2.946064 -1.980687 -1.603275 1.684359 -2.689969 0.019731 4.161368 -2.991886 1.699339 -0.850709 -0.182910 0.890783 -0.463131 1.841199 -0.339764 0.914387 0.551667 0.326837 -0.851562 0.384946 0.963800 0.357044 0.514633 -0.569294 0.478797 -0.333079 0.212648 -0.580381 0.295326 0.027016 
291.540710 -18.906459 1.093796 -4.739322 3.485694 0.004019 1.200949 -2.661155 -0.602740 -1.331408 1.840484 -1.668986 0.269244 1.978790 -1.330522 1.587542 -0.117795 -0.316549 -0.019539 0.575633 0.816430 0.137940 0.004668 0.490106 0.043654 -2.003089 1.228969 -0.557286 0.747619 -0.086223 -0.460519 0.447482 -0.829747 0.223103 -0.560673 -0.284155 -0.181429 
285.357544 -17.495052 0.257546 -3.909529 4.251102 -0.600317 0.540103 -1.794798 -0.347827 -1.327396 1.693696 -1.709756 0.107040 0.155190 -0.533948 0.584766 0.644528 -0.355355 -0.030255 0.431832 0.181705 0.106442 -0.206959 -0.016643 -0.036021 -1.760422 0.659485 -0.649080 0.189474 0.222183 0.102601 -0.305690 -0.394457 0.015876 -0.098363 -0.132548 -0.021933 
282.825928 -18.596080 0.025901 -3.569790 4.774750 -0.706691 1.140439 -1.797490 -0.239330 -1.118525 1.426566 -1.702273 0.197202 -1.542055 -0.011552 0.289382 0.261153 0.127817 0.185663 -0.035746 0.027515 0.169692 -0.192057 0.225011 -0.000211 -0.872056 0.535555 -0.199363 -0.592538 0.169264 -0.063260 -0.307082 -0.153194 -0.040647 0.031796 0.273832 0.108894 
277.647156 -20.579162 0.234441 -3.330765 4.773409 -0.344683 0.911428 -1.866290 -0.292796 -0.988011 1.309581 -1.259735 0.106618 -1.588921 0.537163 0.186040 -0.540547 -0.016826 -0.156774 -0.182332 -0.124682 0.025148 -0.143367 0.531021 0.181766 0.085274 0.585049 -0.210624 -0.677606 -0.423680 -0.217609 -0.112156 -0.220895 -0.123907 0.083828 0.206223 0.271796 
275.245270 -21.773922 1.100226 -3.197710 3.693656 -0.740344 0.826892 -2.162155 -0.488695 -1.068228 1.139831 -0.640231 0.560734 -1.371507 1.158545 -0.131866 -1.094060 -0.719544 -0.249555 -0.260057 -0.414276 -0.078121 -0.024401 0.637458 0.543380 -0.186678 0.489164 -0.594251 0.010489 -0.657250 -0.025405 0.036873 -0.024113 -0.165625 0.076548 -0.025341 0.173244 
268.414948 -23.322176 2.551532 -3.594498 2.585289 -1.783770 0.412319 -2.386405 -1.121348 -1.144254 1.260778 0.015180 1.193378 -1.962277 1.515490 -1.002461 -0.519569 -1.331327 -0.207583 -0.108586 -0.172908 -0.306102 0.009728 0.480340 0.528255 -0.770699 0.087499 -0.346307 0.326313 -0.137931 0.259621 0.488997 0.401219 -0.150565 -0.219616 -0.286054 -0.095155 
266.872925 -25.698476 4.131206 -5.202633 2.654517 -3.402999 0.411726 -2.379326 -0.834510 -1.680432 1.159287 0.320449 1.617244 -2.912904 1.333544 -0.824481 -0.441434 -0.995405 0.269686 0.717937 0.388162 -0.379251 -0.463633 0.065349 0.353069 -1.117714 -0.101032 0.483729 -0.066093 0.493657 0.123760 0.715674 0.201940 0.171310 -0.320730 -0.263511 -0.247660 
268.574890 -29.147984 5.218619 -5.243461 1.702422 -3.774579 0.951691 -0.950531 -0.345025 -1.902755 0.333513 0.145878 1.899517 -4.197705 1.313426 -0.035003 -0.651755 -0.344014 0.039938 1.322762 0.230972 0.036518 -0.631732 -0.046681 0.032934 -1.185507 -0.223326 0.391128 0.234297 0.347090 -0.355636 -0.055452 -0.229789 0.366622 0.009761 -0.074616 -0.250432 
0.000000 -34.093886 6.758059 -5.272639 1.351006 -4.091026 0.491601 0.266199 -0.372567 -1.607396 -0.104178 0.227086 1.683111 -5.283918 0.886892 -0.042226 0.027161 -0.301224 -0.441586 0.607032 -0.071417 0.353993 -0.444111 -0.083883 -0.147794 0.143425 -1.826148 1.728381 -0.213132 0.802003 -0.451104 -0.487560 0.088586 0.080291 0.157346 0.111250 -0.364305 
0.000000 -39.715821 6.992402 -5.327913 1.756744 -4.377027 0.068519 0.263534 -0.487858 -1.194769 -0.554710 -0.021889 1.603929 -3.910855 -2.338870 3.421760 -1.078019 1.259992 -0.862271 0.347642 0.408143 0.197101 -0.317041 0.175820 -0.695676 0.196577 -2.355063 1.972806 -0.461774 1.036444 -0.113498 -0.439998 0.236632 0.079002 0.205106 0.081351 -0.334285 
129.786728 -41.915595 2.080319 1.570881 -0.805032 -1.571042 -1.232942 0.961484 0.443718 -1.213195 -0.738260 0.578725 0.291760 -4.890764 -3.823234 3.903386 -0.896387 1.771665 -0.668581 -0.272964 0.401847 0.511998 -0.033899 0.078818 -0.816365 -4.567075 -0.229901 -2.092690 0.250148 -0.634767 0.523922 -0.459413 -0.457340 0.089577 0.307458 -0.197625 0.331157 
100.103172 -49.497349 -0.654066 2.478858 -0.036031 -0.833697 -1.268644 -0.282394 0.315837 -0.170773 -0.622509 0.135748 -0.028801 -13.045005 -2.798673 -0.763620 -0.577724 -0.009541 0.185573 -0.571184 -0.506536 0.376254 0.297875 -0.219430 -0.033361 8.743961 3.790356 -3.228226 0.489268 -1.616163 0.451786 0.992251 -1.049898 -0.491103 0.507476 -0.246550 0.624248 
66.667122 -68.005604 -3.517026 0.043642 -1.960479 -1.590125 -0.861796 -0.180885 -0.569354 -0.460687 -0.142509 0.139866 0.225038 12.597157 3.757477 -2.553066 0.082149 -1.460662 0.234990 1.711537 -1.697948 -0.470207 0.981053 -0.414282 0.432131 18.224694 4.230129 -0.832479 0.598035 -0.551093 -0.230693 0.951112 -0.148142 -0.353389 0.036390 -0.230644 0.168278 
0.000000 -24.303034 6.860888 -2.627273 0.128268 -3.755020 -0.798664 3.140680 -3.080059 -1.111188 1.339598 -0.692816 0.835461 23.404384 5.661585 -2.428578 0.618346 -1.111728 -0.275814 1.331039 -0.802820 -0.330524 0.370654 -0.680718 0.303195 -5.126344 -1.858259 0.778469 -0.056198 0.981187 -0.337944 -0.831217 1.259835 0.168074 -0.742785 0.065979 -0.275330 
241.001129 -21.196837 7.806145 -4.813514 -0.723787 -3.813581 -1.413425 2.481193 -2.174994 -1.121735 0.598800 -1.221569 0.831428 2.344469 0.040958 -0.996127 -0.030247 0.501712 -0.440898 0.049104 0.821723 -0.134060 -0.504516 -0.282324 -0.118529 -11.990205 -2.573560 1.182444 -0.123848 0.807202 0.399583 -0.524148 0.607423 0.115062 -0.447190 0.324009 -0.388079 
237.303268 -19.614096 6.942804 -4.619528 0.067775 -2.751597 -1.680460 3.238888 -1.436614 -1.379309 0.330565 -1.257465 0.598403 -0.576025 0.514465 -0.063690 0.370651 0.502677 0.523352 0.282744 0.412025 -0.100401 -0.523726 -0.032700 -0.472962 -2.325118 0.652982 0.451725 0.036830 -0.272312 0.440941 -0.032953 -0.073288 0.158357 0.144765 0.325594 -0.002804 
233.349411 -22.348888 8.835076 -4.940895 0.017515 -2.808228 -0.366721 3.046681 -1.350944 -1.322537 -0.448652 -1.286969 -0.114497 -2.305766 1.346922 -0.092676 0.043414 -0.042912 0.440984 -0.016802 0.675147 0.182654 -0.214986 0.368864 -0.124138 -0.404072 0.126809 0.310121 -0.198240 -0.161274 -0.421383 -0.211563 0.005756 0.249387 0.523395 0.106487 0.274696 
225.436722 -24.225628 9.636648 -4.804881 0.154603 -2.837422 -0.798493 3.205284 -0.086320 -1.014000 -0.099406 -0.519736 0.350127 -1.384170 0.768083 0.556552 -0.025829 0.180128 -0.319414 -0.140381 0.423536 0.398373 0.523064 0.180273 0.076429 1.802710 -0.731211 0.335865 -0.201320 0.183281 -0.467208 -0.136461 -0.432652 0.122796 0.414915 -0.169656 -0.041105 
219.088089 -25.117228 10.371241 -3.827790 -0.034144 -2.447972 -1.005548 2.765918 -0.503871 -0.525792 0.597477 -0.926423 0.038362 1.299653 -0.115499 0.579053 -0.359227 0.323650 -0.493433 -0.289723 -0.190157 0.428246 0.614845 0.029553 -0.206348 1.203504 -0.508585 0.002202 -0.428867 -0.184251 0.281182 0.067829 -0.286539 -0.072051 -0.052469 0.027685 -0.045708 
213.818680 -21.626321 9.405650 -3.646774 -0.563851 -2.190121 -1.785359 2.625837 -0.466634 -0.157508 1.130284 -0.460630 -0.062569 1.022838 -0.249087 0.560957 -0.883563 -0.188374 0.242950 -0.004723 -0.149542 0.254271 0.418127 0.235644 -0.014986 -1.985759 -0.235555 0.528338 0.148789 -0.441721 0.446802 0.133579 -0.086164 -0.188334 -0.326419 -0.076874 -0.030076 
210.638443 -23.071551 9.873067 -2.705877 -1.801270 -2.824720 -0.519648 2.756473 -0.802955 -0.017249 1.433732 -0.455136 0.008389 -2.671865 -0.586610 1.635729 -0.061649 -0.559791 0.400172 -0.022565 -0.362486 0.051578 -0.037994 -0.124195 -0.266500 -2.217510 -0.531591 0.538478 1.103315 0.261478 0.090257 -0.161637 -0.156864 -0.312019 -0.495616 -0.350282 -0.145959 
208.231903 -26.970051 8.232429 -0.375316 -0.687150 -3.309703 -0.985015 2.580706 -1.191607 -0.054351 1.054297 -0.709020 -0.595569 -3.412181 -1.312269 1.637913 1.323067 0.334581 0.423463 -0.327996 -0.463271 -0.369767 -0.573105 -0.464921 -0.306905 -0.088826 0.105418 -0.092370 -0.132451 0.409584 -0.092765 -0.479065 0.400535 0.050456 -0.176904 0.006415 0.115411 
209.613251 -29.895913 7.248528 0.569949 0.844864 -2.155557 0.327278 2.100481 -1.729497 -0.756783 0.287521 -1.384978 -0.605420 -2.849517 -0.375773 1.450990 -0.326551 0.259377 0.214642 -0.980695 0.438584 0.152491 -0.391802 -0.111366 -0.035678 1.907941 0.962405 -1.124549 -1.378974 -0.397905 -0.761807 -0.124097 0.535125 0.336669 0.219503 0.608197 0.204605 
199.603485 -32.669084 7.480883 2.526664 -1.340253 -2.790950 -0.555731 0.619316 -0.314439 0.250632 0.270693 -0.931751 -0.666924 0.403701 0.612541 -0.611186 -1.434882 -0.461229 -1.100150 -0.576191 0.606979 0.303571 -0.134099 0.751473 0.102304 2.376319 0.225460 -1.930644 0.120619 0.101615 -0.255167 0.785397 -0.127929 -0.365311 0.179644 0.516691 0.209038 
133.511932 -29.088511 8.473611 -0.652423 -2.024900 -3.078016 -1.873022 0.948100 -0.515540 -0.149641 0.019323 0.117968 -0.400811 1.903121 0.075146 -2.410298 -0.085313 0.462606 -0.295692 0.590099 0.182727 -0.578131 -0.032513 0.922016 0.382399 -0.166526 -0.381569 -0.004364 0.614498 0.653839 0.903547 0.338866 -0.142984 -0.477237 -0.084081 -0.239484 0.229513 
130.653366 -28.862842 7.631175 -2.293933 -1.510878 -1.865737 -1.147116 1.799515 0.051014 -0.905629 0.205667 0.912280 0.097874 0.070649 -0.150597 -0.619913 -0.205886 0.846448 0.706944 0.101541 0.321011 -0.650904 -0.302260 0.272504 0.561330 -1.728902 0.190889 1.040581 0.321125 0.134195 0.234965 -0.172085 -0.288238 0.408975 0.259613 -0.771786 -0.125356 
197.193405 -28.947214 8.172417 -1.892249 -2.436672 -1.385120 -0.459133 1.151181 0.126481 -1.451448 -0.585198 0.662976 0.721850 -1.554683 0.456923 -0.329136 0.556937 0.730997 0.174237 0.245930 -0.393749 0.239819 0.486712 -0.621557 0.131688 -0.791573 0.168450 0.044968 0.612860 -0.177880 -0.438349 0.234278 -0.376247 0.581816 0.592202 -0.384704 -0.370815 
212.684769 -31.972208 8.545022 -2.952204 -0.397003 -0.403743 -0.798641 2.291375 -0.736484 -0.425992 1.179090 -0.330833 0.361249 -1.512497 0.186302 -0.529978 1.019834 0.490689 -0.169754 0.570097 -0.431483 0.512728 0.882144 -0.496905 -0.180300 0.021093 -0.135311 -0.100421 0.231449 -0.120154 -0.171996 0.162083 -0.018867 0.136455 0.197716 0.062326 -0.155994 
