0.000000 -29.447882 -11.625164 -1.596906 9.139121 1.851857 0.097024 2.097727 1.616885 0.179626 1.717084 1.099460 0.540841 1.731874 0.899793 0.343200 1.577088 -0.435493 -0.179745 -0.260109 -0.528411 -0.507303 -0.229794 0.077075 -0.197847 -0.016554 0.408545 -0.052947 -0.016125 0.121911 -0.132833 -0.076443 -0.042467 -0.161059 -0.023168 -0.078925 -0.048389 
0.000000 -25.984135 -9.825578 -0.910507 12.293298 0.980870 -0.262467 1.577509 0.560064 -0.834981 1.257495 1.253610 0.145147 1.698766 1.716884 0.237305 1.544839 -0.191671 -0.445412 -0.412995 -0.613344 -0.829421 -0.276129 -0.080774 -0.294625 -2.135061 1.117450 -0.094341 -1.634541 0.487273 -0.393745 -0.103437 0.094249 0.176878 -0.040843 -0.508614 0.059004 
370.293518 -26.050350 -8.191397 -1.122295 12.228800 1.468515 -0.793801 1.271737 0.390197 -1.479216 1.164825 0.937912 -0.048409 -2.538249 3.134693 0.154518 -1.691993 0.539052 -0.967236 -0.466984 -0.339912 -0.153547 -0.311481 -0.940153 -0.079838 -0.665294 2.572496 0.181636 -3.188754 -0.695360 -0.179205 -0.217699 0.266738 0.600760 -0.020384 -0.362575 -0.044210 
362.825195 -31.060633 -3.556191 -0.601471 8.909311 2.058975 -2.196939 0.643542 -0.119759 -1.142075 0.634534 -0.626695 -0.014529 0.368178 6.861876 0.600578 -4.832668 -1.582391 -0.803823 -0.848394 -0.079869 0.372098 -0.316898 -0.805924 -0.383044 2.225821 1.072581 0.061817 -0.858916 -1.892782 0.321427 0.080744 0.067306 0.264082 -0.051216 0.418288 -0.231787 
337.020538 -25.313994 5.532354 0.078861 2.563464 -1.696267 -2.401447 -0.425050 0.230459 -0.735020 0.531029 -0.673936 -0.814496 1.913392 5.279855 0.278153 -3.409825 -3.246512 -0.324383 -0.305496 -0.205301 0.374618 -0.413914 -0.103576 -0.543413 -0.606933 -3.267822 -0.891866 2.259293 0.187604 0.331833 0.348243 0.090552 -0.000644 -0.159780 0.796536 0.299486 
317.082489 -27.233849 7.003520 -0.045166 2.089661 -4.434049 -2.845704 0.032549 -0.530360 -0.392839 -0.193294 -0.833848 -1.101354 -0.845688 0.326233 -1.183154 -0.314082 -1.207182 -0.140157 -0.151907 0.101236 0.370809 -0.636459 0.787148 0.215929 -2.338266 -2.616886 -0.618673 1.893504 2.551917 0.103700 0.492760 -0.006460 -0.261175 0.241122 0.538428 0.360727 
291.420502 -27.005370 6.184820 -2.287447 1.935301 -4.110631 -2.681761 -0.728864 0.432931 0.006598 -0.741889 0.900360 -0.382638 -2.763141 0.046082 -0.959194 0.377182 1.857322 -0.116983 0.680024 -0.218220 -0.147732 0.068330 0.973280 0.178041 0.228441 -1.884104 0.275073 0.147701 1.601585 0.535179 0.171043 -0.133472 -0.129755 0.475669 -0.432290 -0.173281 
289.092773 -32.760130 7.095685 -1.963553 2.844026 -0.719404 -3.079669 1.392596 -0.966801 -0.688303 -0.056634 1.112713 -0.745272 -0.388806 -3.441976 -0.633009 -0.018680 1.995988 0.930201 0.190179 -0.165708 0.111299 0.314879 -0.077432 -0.130634 4.100402 -2.462460 -0.405739 -0.522191 -1.426561 1.121948 -0.954384 0.651590 0.232622 0.107532 -1.042086 0.262220 
284.043030 -27.782982 -0.699131 -3.553464 1.897942 -0.118656 -0.821359 -0.348507 0.101515 0.229197 -0.112131 0.745497 -0.643905 5.437664 -4.878838 -1.770672 -0.667200 -0.995800 2.126913 -1.228744 1.084960 0.317513 0.283393 -1.110891 0.702482 3.310316 1.459529 -1.446262 0.019419 -2.154149 -0.321106 -0.265851 0.336969 -0.056987 0.055725 -0.296157 0.299964 
285.260834 -21.884803 -2.661991 -5.504898 1.509625 -2.711004 1.174157 -1.064893 1.203119 -0.053277 0.510152 -1.109069 0.659693 6.231827 -0.522917 -3.525532 0.020159 -2.312310 0.287990 -0.341523 0.508230 -0.002674 0.426329 -0.669745 0.469295 -0.387588 2.188634 -0.185486 0.838223 -0.105663 -1.220242 0.490334 -0.108796 -0.128788 -0.059017 0.681549 -0.374223 
257.584564 -15.319328 -1.744965 -10.604528 1.938260 -4.743275 -0.245380 -1.031553 1.117974 0.223849 0.740527 -0.593993 0.294684 4.662487 -0.501569 -2.141644 1.009245 -1.207125 -0.313570 -0.248076 0.867369 0.059937 0.165359 0.252207 -0.045964 -3.158017 -0.054401 2.655513 0.724203 1.266156 -0.234086 -0.153144 0.360198 0.165591 -0.129390 0.387976 -0.065130 
250.541229 -12.559829 -3.665129 -9.788185 3.528115 -5.125255 0.547018 -1.561045 2.937857 0.066596 0.840871 -0.604655 0.567765 -0.084207 -0.631718 1.785495 1.468564 0.220002 -0.180182 -0.647811 1.228625 0.328509 0.167548 0.106207 0.339035 -5.792463 1.402822 2.291307 -0.386811 1.711824 0.048287 0.295379 -0.706526 -0.036673 -0.137016 -0.241108 -0.297919 
247.187546 -15.487742 -3.008400 -7.033539 4.875389 -4.303271 -0.605743 -2.327176 3.575225 0.880867 1.075623 -0.381578 0.972755 -6.922440 2.304075 2.440970 0.235622 2.216523 -0.216996 0.342683 -0.545682 -0.013410 -0.108673 -0.230008 -0.641801 -4.054182 1.461203 -0.469634 -0.868055 0.780413 0.311756 0.404768 -0.960228 -0.250285 -0.474891 -0.047112 -0.444737 
257.003052 -26.404708 0.943021 -4.906245 3.999359 -0.692209 0.113026 -0.875680 1.846492 0.039777 0.623525 -1.064672 -0.715838 -8.192572 2.290689 0.846226 -0.267546 1.780828 0.443330 0.161724 -0.691830 -0.172062 -0.782234 0.011983 -0.550438 1.104043 -1.386397 -1.594525 -0.419204 -0.735706 0.214110 -0.466837 0.534465 0.257323 0.001611 0.354979 0.431817 
276.479950 -31.872886 1.572978 -5.341087 4.340298 -0.741615 0.280917 -2.003728 2.191565 0.536742 -0.488845 -0.357613 -0.128121 -4.714354 -0.468720 -0.748080 -0.602786 0.745111 0.211224 -0.590992 0.523247 0.501237 -0.105451 0.479950 0.221833 3.369855 -1.347821 0.080521 -0.335420 -0.233236 -0.005424 -0.183348 -0.040488 -0.094408 0.192406 -0.068954 0.062217 
276.413910 -35.833416 0.005581 -6.402404 2.793787 0.798012 0.535473 -2.057663 2.892987 1.042252 0.412623 -0.104772 -0.272172 -1.452863 -0.404952 1.007268 -0.938385 1.314356 0.432483 -0.204973 -0.772805 -0.360878 -0.397422 -0.125926 -0.426003 3.413473 1.515403 1.178104 0.292736 -1.089859 -0.494942 0.239218 -0.874900 -0.479544 0.010475 -0.420328 -0.358901 
278.175385 -34.778612 0.763074 -3.326550 2.463528 1.887098 1.145882 -2.413673 0.645955 -0.185013 -1.283690 -0.609464 -0.980127 2.112593 2.562086 1.608129 -0.017315 -1.434606 -0.778660 -0.112556 -1.226552 -0.457851 -0.084500 -0.360705 -0.495969 0.696862 1.658930 -0.171243 0.973108 -1.031567 -0.999883 -0.398274 0.312457 0.639568 0.752141 0.007162 0.284533 
308.967804 -31.608230 5.129754 -3.186146 2.759158 -2.071201 -1.021848 -2.282775 0.439883 0.126549 0.243622 -0.826182 -1.264110 -0.059138 2.912907 0.664783 1.007832 -0.748777 -1.567283 -1.001521 -0.147891 0.918259 1.106860 -0.111603 0.143062 -2.771887 -0.526415 -0.186218 0.063172 1.536193 0.320139 -0.302957 0.577643 0.721316 -0.139606 0.197775 0.465021 
317.118866 -34.896889 6.588888 -1.996984 4.479192 0.389544 -1.988684 -4.416715 0.350174 1.651505 0.930030 -0.832670 -0.694003 -3.431181 1.509257 1.235693 0.109030 1.637780 -0.138382 -0.718470 -0.071265 0.984781 -0.363712 0.034845 0.434074 -2.634886 -1.563026 -0.200238 -0.803334 0.907972 0.759511 0.861772 0.034722 -0.247605 -0.714517 0.258517 0.107974 
320.771484 -38.470592 8.148268 -0.714760 2.977217 1.204359 -1.298611 -3.719715 0.297352 2.096110 -0.483801 -0.756493 -0.395962 -5.328911 -0.213144 0.264306 -0.598835 1.067168 -0.048262 0.722023 -0.078447 0.423048 -0.322174 0.405431 0.359010 -1.791618 -2.328460 -0.714092 -0.232261 0.106208 0.415587 0.964983 0.268447 -0.332959 0.536897 0.099810 0.034839 
316.233429 -45.554711 6.162599 -1.468372 3.281521 2.523880 -2.085209 -2.972668 0.193279 2.497601 0.285682 -0.021809 0.024017 -7.014416 -3.147662 -0.192491 -0.355493 1.850195 0.692792 1.211495 0.465629 0.318862 0.710082 0.234464 0.503752 -0.902487 -1.455753 0.821471 0.105955 -0.198357 0.803411 0.375850 0.345277 -0.135926 0.343822 -0.170758 0.035641 
303.813019 -52.499425 1.852944 -1.099742 2.266232 4.904749 0.086973 -1.296725 1.228610 2.733834 0.936363 -0.287566 0.611542 -7.133885 -3.124650 1.907248 -0.386925 0.670454 1.558560 1.473722 0.612107 0.151197 0.365471 0.063915 0.430291 7.344284 1.765140 -1.585328 -0.287143 -2.783623 -0.861149 -0.722715 -0.433578 -1.185939 -0.104449 0.295558 -1.010643 
305.891998 -59.822482 -0.086701 2.346125 2.507671 3.864787 1.031912 -0.025223 1.417492 2.799995 1.016624 0.106022 0.884599 7.674152 0.382618 -3.363147 -0.929778 -3.717051 -1.029507 -0.233934 -0.401528 -2.053016 0.501184 0.825579 -1.517535 13.965651 2.414668 -4.416394 -0.230566 -2.332913 -1.730950 -1.180526 -0.569552 -1.205983 -0.031805 0.213986 -0.826413 
313.814636 -37.151122 2.618180 -7.826035 0.406676 -2.529354 -1.972041 -1.764594 0.425554 -1.372198 1.938730 1.363592 -2.423527 20.797417 1.704685 -6.925540 -0.848057 -3.995372 -1.903340 -0.887329 -0.526997 -2.260769 0.301861 0.491888 -1.222534 0.583118 -0.240924 0.205442 0.380349 1.725805 0.805994 0.614645 0.155688 1.107621 -0.463845 -0.660458 1.168336 
0.000000 -18.227647 3.322669 -11.504956 0.811556 -4.125956 -2.774767 -1.799881 0.363498 -1.721542 1.620346 1.089797 -1.560468 8.840387 -0.099230 -2.952263 -0.169080 -0.265441 0.582480 0.995356 -0.090151 0.162225 -0.426506 -0.495336 0.819138 -11.604851 -1.024564 3.059965 0.270521 2.293043 1.462812 0.849297 0.189708 1.655628 -0.349463 -0.173626 1.054242 
307.097565 -19.470347 2.419720 -13.730560 0.068515 -3.060235 -0.807080 0.226117 0.245251 -1.047747 1.085718 0.372919 -0.785251 -2.412284 -0.344444 -0.805610 -0.307016 0.590713 1.022285 0.811264 -0.147581 1.050487 -0.397066 0.144637 0.885951 -6.525473 0.603880 2.245961 1.082316 0.494752 -0.646659 -0.263421 0.093651 0.438451 0.155576 0.739345 -0.060769 
307.303925 -23.052215 2.633782 -13.116176 0.197524 -2.944529 -0.730198 -0.177354 0.068337 0.379431 0.826213 1.379070 0.211434 -4.210558 1.108530 1.539660 1.995551 0.724063 -0.710837 0.468513 0.097151 1.039127 -0.115353 0.983354 0.697600 -1.652086 0.669897 1.551453 0.895841 0.519069 -0.657119 0.003404 0.352388 -0.603672 0.061561 -0.082406 -0.781543 
319.492401 -27.891464 4.636781 -10.651240 4.059618 -1.612108 -2.228755 1.163144 0.439553 1.030506 0.855012 2.339627 0.609949 -5.716457 0.995350 2.297296 1.484665 1.628851 -0.291953 0.818072 0.557196 -0.156857 -0.273944 -0.020175 -0.677135 3.722625 -0.476201 -0.674499 -1.274699 -0.901259 0.417741 -0.720231 -0.276841 -0.899104 -0.194607 -0.533548 -0.424067 
317.492432 -34.485129 4.624482 -8.521583 3.166855 0.313173 -1.314103 1.458791 1.182729 0.065717 0.278326 1.338720 -1.142837 3.234692 0.156128 0.190663 -0.553846 -1.078454 0.124645 -0.971948 -0.456531 -0.759081 -0.504568 -0.083741 -0.150534 7.348935 -0.512486 -1.611580 -0.965791 -2.372283 0.140757 -0.869350 -0.741100 -0.319265 -0.022614 0.217025 0.719944 
328.501465 -21.422079 4.949037 -10.269915 2.951925 -3.769016 -1.979465 -0.780752 -0.473509 -0.487656 -0.154123 2.172144 0.308881 8.981413 -0.029621 -0.925865 -0.446916 -3.115715 -0.010438 -0.920629 -0.925004 -0.795388 -0.319172 0.413875 0.762753 -1.215206 -0.335674 0.012506 0.055212 -0.121700 0.010525 0.668606 0.845407 0.444877 0.321763 0.179297 -0.032262 
316.721741 -16.522303 4.565239 -10.373313 2.273024 -5.918257 -1.334978 -0.382467 -0.667279 -1.525059 -0.360019 2.166470 0.382670 0.804281 -0.515220 0.215674 -0.443422 -1.321853 0.145694 0.365265 1.234282 0.130673 0.138958 0.274852 -0.215058 -5.860724 -0.012963 1.085568 0.574949 1.809574 -0.208678 0.227925 0.884922 0.622395 0.547234 0.180787 -0.422582 
316.961792 -19.813518 3.918597 -9.838567 2.065082 -6.412722 -1.688076 -0.050223 1.995056 -0.226309 0.123793 2.721848 -0.121235 -2.740036 -0.055548 1.245272 0.702982 0.503434 -0.427793 -0.464778 0.844841 0.449402 0.775296 0.775450 -0.082410 -2.448316 0.418522 0.830318 1.088276 1.563087 0.112259 -0.210027 -1.032414 -0.268075 0.029767 -0.525721 -0.162400 
321.395660 -22.002374 4.454143 -7.882768 3.678987 -4.911390 -2.190565 -1.312024 1.022403 -0.626255 1.190573 3.717370 0.217850 -4.092351 0.321825 1.876309 1.733130 1.804321 0.370212 -0.054789 -0.830546 -0.405477 0.198493 -0.776589 -0.539858 -1.532465 0.496521 -0.189391 -0.521280 0.426544 0.680088 0.755852 -0.653665 -0.441767 -0.572398 -1.016130 -0.331439 
318.436035 -27.998220 4.562247 -6.085949 5.531342 -2.804080 -0.947651 -0.159801 0.333963 -1.037264 0.520779 1.168669 -1.200952 -5.804965 0.937494 0.866490 -0.339579 1.356522 0.932383 1.046925 -0.462490 -0.434132 -0.369501 -1.256810 -0.745288 0.832397 1.140396 -0.147666 -1.532888 -0.853441 -0.278950 0.400739 0.206657 -0.227941 -0.000657 0.389442 0.456692 
305.988983 -33.612305 6.329131 -6.149787 2.999828 -2.198347 -0.325799 0.781826 0.097422 -1.494519 0.451571 1.203750 -1.272727 -2.427557 2.602617 1.580977 -1.332646 0.097439 -0.187688 0.746689 -0.417232 -0.861359 0.197178 0.002295 0.373525 4.117741 -0.161574 1.061794 0.352486 -1.461834 -1.025127 -0.852958 0.202707 0.264898 0.622850 0.391018 0.464478 
267.871155 -32.853334 9.767482 -2.923995 2.866051 -2.609201 -1.323026 1.333576 -0.500502 -2.759982 0.915136 1.173259 -0.453902 2.430517 0.614345 2.990079 0.365393 -1.567147 -1.117872 -0.658991 -0.057077 0.095664 0.876200 -0.474773 0.183668 1.745492 -2.125553 0.049819 1.022255 -1.005591 0.413693 -0.751787 0.288787 0.644740 -0.114423 -0.227711 -0.288839 
250.417755 -28.751270 7.557821 -0.169629 3.730615 -5.332640 -2.561543 -0.536157 -0.016732 -1.303191 2.203970 0.254205 -0.905390 1.063427 -1.648489 1.680615 0.711865 -1.913743 0.639699 -0.756886 0.160341 0.428121 -0.031669 -0.453126 -0.204152 -2.058691 -1.194195 -1.269261 -0.802951 0.295407 1.456188 0.833930 -0.056475 -0.103599 -0.889382 -0.008231 -0.056779 
235.237030 -30.726480 6.470503 0.437234 4.289780 -6.436686 -0.043628 -0.180196 -0.179819 -1.903741 0.851798 0.267006 -0.862206 -1.686864 -1.774045 0.451558 -1.240509 -0.976332 1.794504 1.008868 -0.170028 -0.111533 -0.902564 -0.491234 0.070110 0.113884 0.597888 -0.907798 -0.738963 0.607213 -0.393797 0.624355 -0.149509 -0.336734 0.054075 0.024270 0.175573 
231.739822 -32.124998 4.009731 0.733487 1.249597 -7.285305 1.027464 1.481579 -0.356787 -1.526258 0.398841 -0.728264 -0.765170 1.291194 -0.452713 -0.134980 -0.766062 -0.699317 -0.147894 0.491823 -0.138677 -0.245348 0.076481 -0.404586 0.146994 2.241739 1.215871 -0.600874 1.133244 0.252276 -1.388278 -0.668740 -0.013487 -0.138516 0.593993 0.526901 0.254390 
242.049622 -28.144091 5.565077 0.167273 2.757656 -7.835319 -0.339417 0.803450 -0.457174 -2.394437 1.004760 -0.542165 -0.568219 2.796615 0.657697 -0.750190 1.025978 -0.471779 -0.982053 -0.328613 -0.197001 -0.388565 0.285422 0.562569 0.578891 -0.507823 -0.042006 -0.431834 0.535437 0.382902 0.101281 -0.200501 0.299104 0.288999 -0.151606 0.239575 0.121185 
251.906784 -26.531769 5.325124 -0.766892 3.301553 -8.228863 -0.936641 0.824353 -0.750789 -2.303389 0.969685 0.396873 0.392612 0.275549 -0.536725 -0.998648 0.304811 0.066487 0.054668 0.090821 0.459531 0.332650 -0.226732 0.074565 0.389363 -1.407155 -0.412752 -0.320357 -0.926516 0.770657 1.062420 -0.061881 0.022899 0.416145 -0.028288 -0.445249 -0.387573 
264.616272 -27.592994 4.491626 -1.830024 3.367279 -7.702346 -0.230081 0.985093 0.461888 -1.729137 0.551296 -0.393034 0.210507 -0.017696 -0.167807 -1.390904 -0.827053 1.069535 1.142787 -0.452376 -0.151203 0.443725 0.228845 -0.327929 -0.196255 1.404185 -0.123250 -0.677812 -0.354815 0.349113 -0.054947 -0.544472 -0.694026 0.126026 0.200967 0.220281 -0.294007 
277.585999 -26.567160 4.989509 -3.548700 1.647447 -6.089793 1.348934 -0.080398 -1.053195 -1.415939 1.427375 -0.258984 0.000101 3.083919 -0.783226 -2.354272 -0.404818 0.764714 -0.055225 -0.998123 -0.928521 0.584702 0.175202 0.515128 -0.198651 0.826027 -1.142801 0.393736 0.346980 0.158216 -0.917828 0.234731 0.000072 -0.154834 -0.120587 0.212147 0.271318 
270.266663 -21.425156 2.925174 -6.538568 2.557642 -6.172918 -0.340532 -1.011153 -1.395153 -0.559733 0.901699 0.637221 -0.186796 1.634359 -2.453409 -0.603431 -0.133093 1.385968 -0.692869 0.017087 -0.151059 0.134056 -0.012330 0.096365 0.346381 -1.133462 -0.034143 0.809482 -0.445938 -0.068660 -0.231033 0.938931 0.545900 -0.252361 -0.170667 -0.452063 0.022165 
262.869415 -23.298442 0.082691 -4.755562 1.381261 -3.317858 -0.036803 -0.046225 -1.355313 -1.147827 1.402716 -0.066254 0.692864 0.816995 -0.851511 -0.735308 -1.296694 0.627393 -0.517292 0.879740 0.163279 0.079980 -0.166132 -0.388999 -0.154322 -0.174657 1.572242 -0.900162 0.087761 -0.793847 0.278763 0.588375 0.274349 0.596551 -0.203473 0.186370 -0.322904 
243.123566 -19.791167 1.222152 -8.009184 -0.035747 -4.918132 -1.375116 0.748326 -1.068595 -0.399773 0.569435 -0.140777 -0.495439 1.285045 0.691076 -2.403756 0.042429 -0.201727 -0.135342 1.193837 0.397638 1.327159 -0.419275 0.469105 -0.299428 -0.412334 0.409819 0.448001 1.280128 0.136883 0.511057 -0.368190 0.393243 0.377388 0.312868 0.351041 0.179444 
227.379669 -20.728352 1.464843 -9.563074 1.466118 -3.721311 -0.307488 2.341450 -0.560037 1.506491 0.564166 0.871957 0.094008 -0.007674 -0.031873 0.160694 1.263562 0.901159 0.504822 0.143359 0.949766 0.834756 0.459603 0.313082 0.204566 -1.015551 -0.206014 2.504519 0.189570 0.526222 -0.165278 -1.234497 -0.033429 -0.560169 0.333752 -0.351765 0.143167 
219.865280 -19.806515 1.158406 -7.687795 2.491377 -3.115813 -0.365471 1.035044 0.830937 1.269740 1.488641 0.485388 -0.086307 -0.746058 0.279048 2.605282 0.421569 0.850718 -0.465897 -1.275157 0.330781 0.206821 0.248229 -0.234424 -0.013095 -2.739869 -0.117294 1.340766 -1.326984 0.723888 -0.579663 -0.161061 -0.803326 -0.455146 -0.216501 -0.258431 -0.102617 
229.985275 -22.220468 2.022939 -4.352511 2.309256 -2.019875 -1.239283 -0.208865 0.101525 1.920133 1.060623 0.403108 0.067819 -5.487412 -0.266460 2.842227 -1.390407 2.348935 -0.654504 -0.178763 -0.656886 -0.075536 0.026600 -0.203779 -0.000667 -2.441440 -1.199752 -0.607629 -0.787247 0.974230 0.803163 0.641152 -0.257255 -0.347037 0.040905 -0.094858 -0.176630 
0.000000 -30.781339 0.625485 -2.003341 -0.289437 1.582057 -1.674480 0.677518 -0.482835 1.118667 1.541841 0.077829 -0.087641 -5.628937 -2.120455 1.390023 -1.152925 2.799178 1.140429 0.007146 -0.183729 -0.487253 0.330039 -0.424141 -0.366354 1.902416 -0.074783 -1.776360 1.333995 -0.945890 1.233911 0.324720 0.131857 -0.348689 -0.041360 -0.341854 -0.300113 
0.000000 -33.478341 -2.217971 -1.572465 0.003407 3.578481 1.041575 -0.194572 -0.265933 0.945627 1.720701 -0.445173 -0.664888 -1.682581 -0.416027 -0.710492 1.277583 0.457156 1.813318 0.470676 -0.393171 -0.772914 -0.056121 -0.887488 -0.600894 2.105535 1.618995 -1.145396 0.908533 -1.472436 -0.581515 0.418786 -0.115743 -0.015402 -0.382922 -0.295139 0.185229 
0.000000 -34.146501 -0.206569 -3.424325 2.265729 2.496369 1.952156 1.618870 -1.269177 -0.427162 1.429600 -1.697147 -1.289429 -1.417867 1.117535 -0.900769 0.664141 -0.145694 -0.022601 0.844718 -0.415216 -0.518057 -0.435804 -1.014419 0.004105 1.586581 -0.006084 0.235212 -0.608294 -0.585606 -1.576789 -0.775087 0.079336 0.459585 0.090317 0.706203 0.262508 
265.670319 -36.314075 0.017098 -3.374003 1.331690 3.287093 0.996373 1.494864 -1.096365 -0.090487 0.849093 -2.474010 -0.656678 1.490580 -0.428194 -0.240067 0.060995 -0.714055 -1.340261 -1.079497 -0.234499 0.146256 0.124514 0.524917 -0.075878 5.685433 -0.798983 -0.534757 0.520502 -1.554664 -0.697867 -1.734147 0.365380 0.021639 0.432287 0.975199 0.100770 
0.000000 -31.165340 -1.062957 -3.904460 2.387718 1.068259 -0.728366 -0.540124 -1.738175 -0.134650 1.678629 -0.647313 -1.441185 9.952999 -0.480431 -1.970284 1.705145 -3.255022 -1.418335 -2.623576 0.315545 -0.474779 0.428770 0.935980 0.205646 3.143066 -0.325157 -1.026536 0.805979 -1.015832 0.157711 -0.342964 0.767881 -0.227297 -0.205822 -0.240739 0.600478 
290.156097 -16.408077 -0.943764 -7.314571 4.741979 -3.222950 -1.840296 -3.752288 -0.465274 -1.040046 1.706633 -0.602051 -0.245387 7.776712 -1.078509 -2.293139 1.672952 -2.745718 -1.024839 -1.765424 1.301263 -0.308338 -0.287129 0.043440 1.125078 -5.572072 -0.578198 1.289673 -0.023857 1.360272 0.605474 1.361787 0.488482 0.051802 -0.486838 -0.456894 0.285174 
284.934174 -15.611915 -3.219975 -8.490738 5.733623 -4.423178 -2.778044 -4.070973 0.864352 -0.751326 1.104370 -0.560433 0.808972 -1.191145 -1.636827 0.609063 1.657431 -0.534478 -0.207386 0.099998 1.292510 -0.371176 -0.544907 0.022191 0.775994 -5.587360 0.358372 2.424605 0.082559 1.548883 0.788208 1.120319 -0.366957 -0.011610 0.142690 -0.039114 -0.621054 
283.715546 -18.790367 -4.217417 -6.096446 8.056842 -4.291906 -2.255068 -3.552291 2.119746 -1.782398 0.616819 -0.557670 1.306601 -3.398008 -0.361765 2.556070 1.838070 0.352047 0.551578 0.475213 0.567350 -0.331558 -0.001748 -0.034788 -0.117030 -2.633965 1.155701 0.607614 -0.419269 1.136975 0.410419 0.046334 -1.098232 0.485903 0.445623 -0.027836 -0.807434 
280.988373 -22.407930 -3.943506 -3.378598 9.409763 -3.719084 -1.674888 -3.120547 1.999051 -1.414442 1.100874 -0.630010 0.574912 -6.459076 0.674575 1.824291 0.818893 1.739472 0.613452 0.192667 -0.903954 0.600630 0.346340 -0.033482 -0.838873 -1.505652 0.510129 -0.685961 -2.000968 0.968463 -0.810943 -0.122536 -1.354347 0.615355 -0.033746 0.426573 -0.126544 
276.944550 -31.708519 -2.868267 -2.447864 9.694628 -0.812961 -1.028164 -3.166958 0.311838 -0.581138 1.309499 -0.624634 -0.371145 -6.409312 0.658494 1.184148 -2.163865 2.288973 -1.070309 0.230140 -2.141343 0.899153 -0.069240 0.818357 -0.370117 2.195469 -1.262551 -0.033647 -1.518018 -0.404646 -1.148997 -0.155629 -0.183360 0.138396 -0.412244 0.566077 0.714395 
282.238037 -35.226554 -2.626519 -1.010301 5.082032 0.858862 -3.815505 -2.660267 -2.283636 0.383863 0.962393 1.006705 -0.165323 -2.068138 -1.850527 1.756997 -2.217143 0.930181 -1.684542 -0.118592 -1.270675 0.877421 -0.478148 1.098672 0.589917 3.050096 -1.314947 -0.072966 1.126510 -1.097352 0.389719 -0.301039 1.084203 -0.252116 -0.117677 -0.267677 0.428561 
282.393158 -35.844794 -6.569321 1.066130 5.260343 1.047401 -4.397248 -3.404141 -2.229512 1.173704 0.353203 1.572711 0.808688 -0.309120 -1.971401 1.038216 0.089155 0.094269 -0.290871 -0.371937 0.027062 0.394920 -0.304595 0.283003 0.487006 0.879509 -0.060437 -0.359391 1.153149 -0.417956 0.696835 -0.126673 0.648868 -0.241250 0.086776 -0.407835 -0.051456 
