252.842026 -25.992441 -4.217364 5.767372 0.840477 -3.869868 1.457607 -1.877812 1.152800 -0.297233 -0.576389 0.428918 -0.584897 0.431369 0.225193 2.124113 0.788204 -1.019741 -0.644303 -0.348288 0.348695 -0.447045 0.161446 0.660762 -0.293978 0.295525 -0.015160 0.242286 0.080436 0.012269 -0.162923 -0.054633 0.028396 0.095900 0.052786 -0.109305 -0.225890 
252.662506 -25.129704 -3.766977 10.015597 2.416885 -5.909350 0.169000 -2.574388 1.850190 -1.191323 -0.253498 1.750443 -1.172852 1.022419 0.194873 2.608685 0.949075 -0.995202 -0.970148 -0.457553 0.405488 -0.255244 0.267018 0.442153 -0.745757 -0.278582 -0.189370 -0.633667 0.011870 0.677804 0.067176 0.228564 -0.088141 0.227458 0.056271 -0.439601 -0.158690 
271.247803 -23.947603 -3.827618 10.984741 2.738628 -5.860273 -0.482690 -2.792919 1.963775 -0.807721 -0.042353 1.313223 -2.076411 -0.125795 -0.153547 0.856779 0.811943 0.335867 -0.509951 0.108841 0.172413 0.007870 0.273988 -0.218439 -0.611358 -2.854446 -0.456098 -1.456325 -0.626424 0.932539 0.603888 0.351735 -0.167250 0.055086 -0.160614 -0.322198 0.501768 
275.589874 -25.381295 -4.074072 11.729156 4.040771 -5.237615 -0.850901 -2.356707 2.195015 -1.175582 0.294479 1.313565 -2.395568 -4.686473 -0.717322 -0.303965 -0.303774 0.869876 0.237628 0.245916 0.070987 -0.145073 -0.054210 -0.202244 0.257779 -2.085900 -0.171690 -0.607794 -1.075139 0.375644 0.864711 -0.486224 -0.202717 0.128017 -0.195189 0.027216 0.875504 
267.021423 -33.320548 -5.262262 10.376811 2.131080 -4.120521 -0.007434 -2.301087 2.105749 -1.097867 -0.150773 0.908735 -1.560853 -4.297596 -0.496927 -0.358809 -1.338336 1.087156 1.219471 -0.863607 -0.233021 0.263904 -0.116389 -0.164007 1.139650 0.519641 0.720257 0.192022 -0.005882 0.364276 0.207596 -0.124028 -0.173427 0.341411 0.036266 0.031159 0.204199 
0.000000 -33.976486 -5.067927 11.011537 1.364099 -3.063302 1.588041 -4.083921 1.728974 -0.647775 0.061700 0.985551 -0.116267 -3.647191 0.723192 0.080079 -0.315537 1.598428 0.652821 -0.002141 -0.275867 0.537748 0.018322 -0.139927 0.666176 -4.453372 0.251120 -2.455893 0.527069 0.273494 -0.955418 1.249522 -0.188848 -0.046688 -0.142990 -0.193082 -0.611844 
229.831192 -40.614930 -3.815878 10.536968 1.500006 -0.923664 1.298207 -2.305369 1.554014 -0.022370 -0.114129 0.628881 -0.228501 -13.204340 0.005312 -5.270595 -0.284198 1.634144 -0.691365 1.635436 -0.610716 0.170528 -0.402369 -0.550170 -0.084038 0.003779 0.035104 -1.225822 0.076122 -0.827025 0.345895 -0.186316 -0.201621 -0.130210 0.128526 0.231234 -0.181780 
0.000000 -60.385165 -5.057304 0.470347 0.795704 0.204986 0.205311 -0.813049 0.507542 -0.306719 -0.743039 -0.114788 -0.284343 -3.639632 0.793400 -2.371565 -0.163294 -0.055622 1.344611 -0.374774 -0.679110 0.277329 0.275375 0.322540 0.302616 12.243350 0.636346 3.228927 0.386327 -0.998455 1.658876 -1.851095 0.472149 0.259607 0.461233 0.594352 0.244895 
101.255493 -47.894194 -2.229078 5.793838 1.173419 -1.034908 3.987428 -3.054918 0.195794 0.532288 0.436620 1.273961 0.376731 11.282361 1.278004 1.187260 0.488456 -0.362765 2.626388 -2.066754 0.333582 0.689742 0.520097 0.638534 0.405752 4.575976 -0.188405 0.007868 0.133412 0.110941 -0.708613 -0.205037 0.582532 -0.165166 0.042674 -0.116034 -0.163209 
222.719284 -37.820443 -2.501295 2.844867 1.772616 -0.520543 5.458087 -4.946557 1.174705 1.072766 0.297155 1.162281 0.527161 5.512321 0.416591 -2.355829 0.103530 0.166260 -0.072615 -0.784849 0.485954 -0.053002 0.360722 0.090473 -0.023802 -6.576916 -0.236589 -0.971451 0.088967 -0.202284 -2.304458 1.568837 0.026208 -0.487475 -0.092324 -0.386370 -0.398915 
210.069122 -36.869553 -1.395896 1.082180 1.380480 -0.702388 3.842198 -4.624615 1.167703 0.426284 1.158064 1.454908 0.329128 -1.871471 0.804825 -0.755643 0.666390 -0.767332 -1.982529 1.070921 0.385997 -0.285207 0.335450 -0.134205 -0.392079 -4.844244 0.173931 1.292674 -0.089334 -0.526906 -0.767372 1.091521 -0.234439 -0.078338 -0.402865 -0.218711 -0.166562 
208.134247 -41.563385 -0.891644 1.333581 3.105396 -2.055208 1.493028 -2.804716 1.946699 0.502352 0.968055 0.893870 -0.256997 -4.176168 0.764452 0.229519 -0.075138 -0.887552 -1.607360 1.398194 0.017075 -0.209679 -0.445009 -0.346948 -0.356926 1.285788 -0.536389 0.754222 -0.462502 1.244078 1.772646 -0.944627 0.087911 0.014214 -0.425135 -0.119237 0.032802 
105.467606 -45.221889 0.133007 1.541218 1.230204 -2.477492 0.627479 -1.828227 1.201853 0.006925 0.268047 0.761011 -0.384724 0.700106 -0.267953 0.752802 -0.258615 1.720823 1.562763 -0.818333 0.561819 -0.256778 -0.514820 -0.372678 -0.326474 5.270809 -0.188524 -0.714638 0.248289 0.523912 1.458543 -0.464523 0.082108 -0.079391 0.274590 -0.061345 0.303433 
237.360809 -40.163174 -1.427550 2.839185 2.588166 1.386439 4.618554 -4.441381 3.070338 -0.011204 -0.061584 0.148513 -0.909945 6.365450 0.387405 -1.199757 0.421440 0.160271 1.309727 0.469147 0.181291 -0.368461 0.104172 -0.469638 0.249940 2.347822 -0.030011 -0.712339 -0.159501 -1.888335 -0.806547 1.026446 -0.780770 -0.135747 0.274625 0.294174 0.332563 
229.127625 -32.490988 0.907816 -0.858297 2.073084 -2.156950 3.246934 -0.889932 1.564436 -0.729996 0.476391 -0.178266 0.115157 5.395749 -0.327974 -0.671877 -0.577618 -2.055848 -0.050332 1.234559 -0.999721 -0.528271 0.034430 0.215670 0.338652 -2.300739 -1.699675 1.693935 -0.099706 -0.337872 -0.607550 -1.304196 -0.695536 0.122566 -0.236716 0.771074 -0.148405 
0.000000 -29.371675 -2.083498 1.495431 1.432931 -2.725256 4.517890 -1.972264 1.070895 -1.067747 0.007276 0.579854 -0.232640 1.763973 -3.011945 2.188113 0.222028 -0.515474 0.094626 -2.139244 -1.209780 -0.123328 -0.369260 1.072510 -0.046870 -1.563985 -0.581575 0.454069 0.550543 0.818384 -0.372816 -1.459098 0.312528 0.419293 -0.105264 0.081096 0.164092 
0.000000 -28.963043 -5.116074 3.517930 2.517140 -3.187897 3.436186 -5.168420 -0.855125 -0.976652 -0.262129 1.966754 0.021417 2.267779 -1.491125 0.236262 0.523469 -0.419079 -0.795963 -1.683638 -0.374666 0.310314 -0.176097 0.377862 0.666837 -0.509824 0.912381 -0.775605 -0.603010 0.236563 0.003544 1.449131 0.946300 0.165230 -0.004605 -1.009798 0.439516 
0.000000 -24.836118 -5.065749 1.967955 2.479868 -3.563414 2.925964 -5.339540 0.321564 -0.447120 -0.344918 1.335577 1.101035 0.744324 -1.187183 0.636903 -0.983992 -0.042348 0.101713 0.759018 0.682820 0.207132 -0.378470 -0.947086 0.832163 -0.148916 0.225319 -0.202699 -0.611690 0.569073 0.089892 0.760145 -0.167664 -0.908887 0.030796 -0.311816 -0.769330 
0.000000 -27.474395 -7.490439 4.791735 0.549156 -3.272592 3.639613 -3.650384 0.510516 -0.562388 -1.019070 0.072582 1.685743 1.969946 -1.040488 -0.169136 -0.699911 0.719066 -0.616178 -0.163347 -0.709995 -1.507460 -0.114506 -0.245771 -0.871823 2.127109 0.617833 -0.970620 0.833449 0.700303 -0.715577 -0.802909 -0.599996 -0.707508 0.338980 0.627582 -1.124144 
0.000000 -20.896225 -7.146724 1.629683 1.080045 -2.125281 1.693608 -5.666234 -1.098425 -3.462039 -0.573930 0.844035 -0.642611 4.998541 0.048484 -1.304337 0.682907 1.358258 -1.329441 -0.846799 -0.517171 -1.207883 0.299490 0.308079 -1.416125 -0.911069 0.163386 -0.037335 0.775430 0.530095 0.460667 0.174925 0.594337 1.304231 0.022174 0.003951 0.565756 
0.000000 -17.477313 -7.393471 2.183062 1.914970 -0.556076 0.980731 -5.343982 -0.523827 -2.978155 -0.420090 0.688739 -1.146508 0.147808 -0.713716 -0.243807 0.850949 1.779256 0.305156 0.186503 0.478679 1.101003 -0.070158 -0.237868 0.259690 -4.364596 -0.183687 0.801286 0.051101 -0.522238 1.053148 0.279371 0.305659 1.213752 -0.255050 -0.185505 0.830928 
0.000000 -20.600608 -8.574156 1.142070 2.781944 1.433231 2.303920 -5.293228 -0.141067 -1.260032 -0.714245 0.368299 -0.123230 -3.730651 -0.318890 0.298234 0.785109 0.313782 0.776854 -0.288057 0.094146 1.219622 -0.210610 -0.062932 0.245732 -1.120734 0.537452 0.671738 -0.677538 -1.365117 -0.601070 -0.305959 -0.254514 -0.247421 0.044939 0.292012 -0.195771 
0.000000 -24.938615 -8.031250 2.779530 3.485188 0.071487 2.534439 -5.920096 -0.335535 -0.538911 -0.841310 0.562874 -0.655045 -2.093659 0.361189 1.099669 -0.504127 -0.950978 -0.896984 -0.425415 -0.030348 0.606161 0.019721 0.346156 -0.131851 -0.260783 0.586309 -0.110713 -1.396413 -0.452129 -0.983080 0.140009 -0.158389 -0.653214 0.102980 0.132748 -0.001143 
0.000000 -24.787927 -7.851778 3.341409 1.773689 -0.468726 0.509953 -6.144058 -0.201762 -0.047711 -0.674804 1.060611 -0.386933 -4.252218 0.853729 0.076809 -2.007717 -0.590476 -1.189307 -0.008038 -0.222633 -0.086806 -0.004650 0.202563 0.243445 -4.683403 0.485797 -0.774970 -0.420276 0.603502 0.294522 0.612398 -0.117398 -0.677217 0.001398 0.007541 0.006720 
0.000000 -33.443051 -6.323793 2.933147 -0.530245 -1.109465 0.155826 -5.936172 -0.780800 -0.712523 -0.850610 0.968000 -0.168156 -11.460465 1.332784 -0.450272 -1.344680 0.256026 -0.307940 0.799381 -0.265145 -0.748273 0.022517 0.361238 -0.118411 2.653215 -1.632633 -0.546747 1.625502 0.196803 0.717559 0.053895 0.243313 0.415185 0.465455 0.192723 0.086874 
51.765877 -47.708856 -5.186211 2.440866 -0.915671 0.043326 -0.105927 -4.545296 -0.732052 -1.544258 -0.629770 1.783088 -0.623756 1.054212 -2.411537 -1.016685 1.243287 -0.196869 0.245812 0.099753 0.263993 0.743565 0.926261 0.588009 0.417193 12.852763 -1.876184 -0.220393 1.228442 -0.597474 0.316095 -0.718862 0.052431 0.700720 0.322098 -0.073084 0.362617 
0.000000 -31.334628 -11.146867 0.899778 1.956329 -1.503204 0.647449 -5.736667 -0.252815 0.774607 1.001912 2.144019 0.666230 14.245061 -2.419584 -0.891057 1.112204 -0.938922 0.324250 -0.638343 -0.160283 0.653168 0.666714 0.215070 0.606824 0.781458 2.202679 0.836698 -0.730699 0.223036 -0.293560 0.031382 -0.115884 -0.490977 -0.555160 -0.510993 -0.547765 
296.839081 -19.218735 -10.025379 0.658753 1.308737 -1.834519 0.542572 -5.821983 -1.052618 -0.237923 0.703658 2.213227 0.589891 2.617127 1.993822 0.656712 -0.218112 0.249203 -0.341309 0.162517 0.032225 -0.238388 -0.184060 -0.433977 -0.678338 -10.853827 2.272815 0.755217 -0.388716 1.098178 0.310855 0.940966 0.537476 -0.227932 -0.372921 -0.299886 -0.604765 
0.000000 -26.100374 -7.159224 2.213201 1.520105 -1.004798 -0.035168 -5.411632 -0.188366 0.297830 0.633792 1.276065 -0.690445 -7.462592 2.126046 0.619377 0.334772 1.257434 0.945960 1.243588 0.914670 0.197304 -0.079127 -0.384702 -0.602707 -3.346515 -0.524227 -0.145908 0.282366 -0.452469 0.484429 0.266479 0.032041 0.132454 0.198888 0.505934 0.700928 
0.000000 -34.143919 -5.773287 1.897506 1.978282 0.680348 2.434493 -3.334807 0.776722 0.156686 0.545404 1.443824 -0.615523 -4.075902 0.945367 0.364896 0.346620 -0.655734 0.627550 0.695476 0.096306 0.026519 0.213716 0.577890 0.723517 3.035183 -1.055125 0.290465 0.052030 -1.187313 -0.313769 -0.421892 -0.384891 -0.026564 -0.106622 0.219578 0.485890 
59.038277 -34.252179 -5.268490 2.942993 2.213346 -2.316267 1.219932 -4.020681 0.004247 0.350868 1.061224 2.431844 0.756589 -1.392226 0.015796 1.200306 0.438833 -1.117192 0.318422 0.399805 0.144887 0.144177 -0.292372 0.054453 0.369074 -0.293188 -0.274533 0.076849 -0.377251 0.644640 -0.325780 0.391058 0.183849 0.036816 -0.136742 -0.743052 -0.331530 
236.049072 -36.928370 -5.741694 4.298118 2.855948 -1.554036 3.071338 -2.535197 1.066496 0.445040 -0.039340 1.552731 0.122625 -4.662278 0.396301 0.518594 -0.407881 0.633547 -0.024009 1.477592 0.464004 0.100150 -0.059768 -0.908215 0.060457 -2.093883 -0.015962 -0.630076 -0.186307 0.444884 -0.612331 0.418939 -0.044109 -0.003694 0.168991 -0.467380 0.139469 
224.415680 -43.576736 -4.475889 3.980180 1.397584 -1.049174 1.171913 -1.065497 0.932255 0.551168 0.941688 0.615415 0.877503 -5.579991 -0.016128 -0.059845 0.066219 -0.227425 -0.906239 1.237683 0.056670 0.136788 0.045609 -0.880306 0.648012 3.328037 -0.083371 -1.732079 0.464241 -1.397385 -0.272564 -0.703811 -0.287666 -0.376791 0.209351 -0.229360 0.071167 
75.555862 -48.088353 -5.773950 4.178427 2.988386 -2.008886 1.258860 -0.059830 1.179836 0.718617 0.051879 -0.207881 1.418650 1.993795 0.229558 -2.945563 0.520602 -2.161223 -0.569138 0.069970 -0.111327 -0.653432 0.358934 -1.366934 0.202791 7.115078 0.607232 -0.851744 -0.171878 -0.585075 0.278062 -1.223184 -0.015603 -0.583446 0.152666 -0.099284 -0.321570 
0.000000 -39.589147 -4.016774 -1.910946 2.438787 -5.371619 0.033637 -0.925556 0.709601 -0.755696 1.659555 -2.118453 1.283085 8.650165 1.198336 -1.763333 -0.277538 -1.397576 -0.350115 -1.208684 0.025464 -1.030104 0.350942 -1.078873 0.004873 0.851790 0.147794 2.611588 -0.160871 1.190106 0.567284 -0.560431 0.016129 0.403669 -0.170442 0.742523 -0.181686 
0.000000 -30.788023 -3.377279 0.651762 2.433310 -4.804038 0.558629 -2.477199 1.230765 -1.341592 0.753764 -2.365627 1.428396 3.697374 0.525146 2.277613 0.198860 0.218989 0.565431 -1.050891 -0.079070 0.153906 0.018049 0.118112 -0.160582 -3.470004 -0.291227 1.524088 0.355041 0.141197 -0.152793 0.082071 -0.293307 1.054105 -0.193543 0.920214 -0.122193 
245.912598 -32.194399 -2.966481 2.644280 2.836507 -4.933640 1.164499 -3.027338 0.551461 -0.447884 1.695654 -1.882228 0.961921 1.710158 0.615882 1.284844 0.432544 -1.115181 -0.655702 -1.044543 -0.561150 1.078105 -0.036143 0.761555 -0.239513 -1.530413 0.281403 -0.824716 -0.358140 -0.992367 -1.019709 0.265577 0.061389 0.374026 -0.383768 0.222803 -0.150251 
265.890839 -27.367708 -2.145514 3.221451 3.298399 -7.034400 -0.752774 -4.566284 0.108465 0.814619 0.681478 -0.842517 0.949370 0.636549 1.087952 0.628182 -0.517419 -1.765744 -1.473988 -0.519738 0.043709 0.901957 -0.749486 0.563719 -0.461084 -1.914946 0.586742 0.511250 -0.952956 -0.124171 0.390381 0.769985 0.744791 -0.479337 -0.133058 -0.061936 -0.558311 
266.015350 -30.921301 -0.790577 3.900643 1.801669 -8.465128 -1.783476 -4.066814 0.638879 1.356030 0.196681 -0.754790 0.039753 -2.119735 1.789366 2.307344 -1.473368 -1.363524 0.125061 0.495427 0.928433 0.119431 -0.302260 0.637682 -1.356135 -0.634479 0.198215 0.701505 0.392696 0.902298 1.386133 0.444133 0.561422 -0.743999 0.494071 0.058261 -0.035067 
259.083923 -31.607178 1.433218 7.836139 0.351663 -9.761447 -0.502653 -3.575431 1.965331 1.053481 0.076959 0.432847 -1.762900 -0.632409 1.484383 2.031192 0.267972 0.038853 1.298278 0.368529 1.166553 -0.586040 0.238656 0.680241 -0.531218 0.583192 -1.046660 -1.226850 1.687694 0.966555 0.247340 0.040872 -0.401233 -0.301414 0.117581 -0.225522 1.034707 
253.155319 -32.186119 2.178189 7.963026 2.337614 -8.387423 0.813080 -3.329756 2.971984 0.183949 0.673993 0.605692 -1.022683 -0.953351 -0.303954 -0.146356 1.902021 0.569587 0.619740 0.577171 0.125968 -0.483397 -0.067098 0.186638 0.713278 1.573829 -1.578927 -0.824291 -0.093357 0.407099 -1.139847 -0.078435 -0.802842 0.313800 -0.350265 -0.188239 0.269679 
248.249512 -33.513880 0.825311 7.543428 4.155706 -8.622273 0.736827 -2.421089 2.217266 0.086686 -0.057237 0.806123 -0.336344 2.515250 -1.673471 0.382611 0.081259 0.853050 -0.981415 0.211658 -0.439131 0.041559 -0.461874 0.303764 0.008140 2.284567 -0.625219 -0.109430 -1.762036 0.441258 -1.112375 -0.771959 -0.325581 0.375202 0.055656 -0.157488 -0.297937 
256.915833 -27.155620 -1.168752 8.728248 2.500132 -6.681323 -1.149750 -2.906439 2.093721 0.267067 -0.249755 1.213221 -1.006403 3.615783 -1.554391 -0.365215 -1.622050 1.452102 -1.605011 -0.966747 -0.525194 0.267007 0.044214 -0.128338 0.117404 -0.610474 0.955941 -0.981191 -0.596026 -0.758989 0.201468 -0.171542 0.136643 -0.087748 0.065243 -0.283631 0.200227 
262.441864 -26.282315 -2.283472 6.812998 0.911605 -5.718070 -2.473194 -4.354582 1.166877 0.620700 0.031191 0.549447 -0.101536 1.294301 0.238411 -1.579772 -1.110793 -0.664927 -0.578480 -0.131426 -0.165846 -0.133936 -0.331389 -0.263498 0.408593 -2.182085 0.868710 -0.506459 0.914756 -0.635182 1.612156 0.519725 0.145835 -0.389647 -0.138253 0.194308 -0.175386 
260.109070 -24.567018 -0.691930 5.568704 0.278546 -8.011177 -2.306710 -3.169291 1.762030 -0.000806 -0.912533 0.686226 -0.189217 -0.748387 0.183028 -1.378133 0.207461 0.181739 1.619301 0.072703 -0.233524 -0.512288 -0.232293 0.260278 -0.233369 -2.468875 0.238665 -0.066661 0.596524 1.247028 0.791194 -0.260342 0.014620 0.064635 0.348729 0.160869 -0.428102 
246.473724 -27.779088 -1.917416 4.056732 1.326526 -5.354593 0.765409 -4.209177 0.699830 -0.403877 -0.433395 1.070002 -0.568274 -3.643449 0.715740 -1.713095 0.082256 1.829129 1.003909 -0.652110 -0.136606 -0.004666 0.366069 0.058241 -0.447611 -1.840862 1.387197 -0.122939 -0.286197 0.143908 -0.776566 -0.131866 -0.047327 0.372426 0.253971 -0.276150 -0.207434 
378.152649 -31.853915 0.739550 2.142515 0.443057 -4.352919 -0.298892 -4.473510 1.488818 -0.010138 -0.180395 0.802708 -1.084438 -4.430111 2.957422 -1.624012 -0.364933 0.469555 0.066170 -0.191030 -0.328177 0.232564 0.275650 -0.292022 -0.648237 -0.431693 1.127070 0.151067 -0.006380 -0.483828 -0.911957 0.871073 -0.379892 0.323948 -0.248366 -0.007925 -0.011518 
0.000000 -36.639310 3.997427 0.808709 0.596661 -4.415483 0.897750 -4.591236 0.043477 0.061251 0.117905 0.485958 -1.864748 -4.506836 2.969881 -1.410961 0.069496 0.861474 -0.820006 1.090036 -0.896390 0.643229 -0.130663 0.042391 -0.470647 0.302199 -0.669532 0.031806 0.520360 1.024904 -0.955080 1.511980 -0.039568 0.444173 0.032225 0.125002 0.650139 
341.904541 -40.867586 6.679311 -0.679407 0.582050 -2.629971 -1.938903 -2.293438 -0.303962 1.276319 -0.441721 0.887491 -2.025733 -3.825713 1.618358 -1.560400 0.675788 2.519362 -1.843990 2.832931 -0.407313 1.120909 0.340100 -0.042019 0.652041 6.953461 -3.455176 -0.578915 0.027263 -0.779585 0.893396 -0.023405 0.582901 -0.823580 0.120671 -0.291027 0.698042 
247.437988 -44.290736 7.234143 -2.312090 1.948237 0.623242 -2.790230 1.074625 -0.771150 2.303070 0.798105 0.401920 -0.560666 9.400086 -3.940471 -2.568792 0.124022 -0.697696 0.966786 1.043226 0.269412 -1.003932 0.110680 -0.539662 0.925437 7.872666 -3.100670 -0.219991 -0.774927 -2.575443 1.498044 -1.897403 0.322521 -1.457235 -0.507828 -0.217988 -0.343671 
245.045090 -22.067414 -1.201632 -5.816990 0.830094 -4.025364 -0.005332 -0.206987 0.234863 -0.731545 -0.220361 -0.191832 -0.174859 11.919619 -4.582982 -2.000382 -0.874067 -2.631523 1.152098 -0.961875 0.237729 -1.793560 -0.675557 -0.477995 -0.035302 -12.662468 2.548069 1.946496 -0.567862 1.055192 -0.949590 -0.622301 -0.479442 0.418082 -0.125519 0.197928 -0.355363 
50.116734 -20.451497 -1.931822 -6.312854 0.200104 -4.639804 -0.486034 -0.849125 -0.295692 -1.284051 -0.553009 -0.554069 -0.631270 -15.924851 1.155667 1.324201 -1.011702 1.412688 -0.932395 -0.201376 -0.689471 -0.167769 -0.140358 -0.143805 0.214711 -10.419273 3.687332 0.748470 0.335999 2.213470 -0.746839 0.745815 -0.331897 1.668092 0.665235 0.235458 0.159670 
0.000000 -53.917116 1.109703 -3.168587 -1.193310 -1.199989 -1.870121 -0.609739 -1.144080 -1.067083 -0.501076 -0.479442 0.254562 -8.918927 2.791683 -0.503442 -0.202069 1.795417 -0.341580 0.529754 -0.426066 1.542623 0.654913 -0.007078 0.284039 14.782497 -0.080348 -0.500019 0.809911 -0.734238 0.566492 -0.143703 0.556215 0.435788 0.418577 -0.027814 -0.128515 
0.000000 -38.289352 3.651544 -7.319737 -0.204033 -1.048969 -1.169195 0.210383 -1.147825 1.801195 0.756817 -0.568225 -0.063191 13.640143 0.994972 0.324163 0.608120 -0.055789 0.200589 -0.488782 0.422958 0.703808 0.696796 -0.199433 -0.042319 4.487379 -1.527234 1.619341 0.120655 -1.055331 0.161313 -0.618632 0.396257 -1.277477 -0.400883 -0.014471 0.036916 
0.000000 -26.636830 3.099647 -2.520262 0.022930 -1.311568 -1.468944 -1.587303 -0.298163 0.340532 0.892517 -0.878308 0.169923 0.055830 -0.262785 2.735241 0.039240 -0.315246 -0.018955 -0.707509 0.366449 -1.012330 -0.146853 -0.036019 0.357871 -11.343735 -0.285273 -0.699776 -0.523359 -0.297384 -0.353313 0.481222 -0.604697 -0.595302 -0.580231 0.190137 0.027824 
137.578705 -38.177692 3.125974 -1.849256 -0.125552 -1.679460 -1.207105 -1.204635 -0.414927 -0.223465 0.463111 -0.640264 0.652551 -9.047326 0.424425 -1.075389 -0.438599 -0.650557 -0.506037 0.473662 -0.786436 -0.486796 -0.463665 0.180842 0.013329 -0.716365 0.291085 -1.610276 -0.420173 0.216067 -0.614479 0.850884 -0.709646 0.712604 -0.056838 0.226993 -0.164219 
123.854462 -44.731483 3.948497 -4.671040 -0.854269 -2.612682 -2.481017 -0.639979 -1.871035 -0.633060 -0.034814 -0.516624 0.196580 -1.376900 0.319384 -0.485312 -0.801105 0.116888 -1.247913 0.994260 -1.052843 0.412877 -0.260529 0.417967 0.029433 5.788407 -0.179913 1.377550 0.240551 0.632168 -0.217346 0.284093 0.249464 0.469123 0.314847 0.020503 0.189339 
0.000000 -40.931492 3.764742 -2.819880 -1.727763 -1.445684 -3.702931 0.783884 -2.520614 0.602289 -0.057947 0.195670 0.711417 2.529487 0.064598 1.679711 0.042502 0.613779 -0.940729 1.041847 -0.287509 0.451449 0.166030 0.221848 0.392008 0.191510 0.416436 0.604780 0.381168 0.176301 0.696260 -0.145063 0.547579 -0.412831 0.219446 0.045010 0.017548 
0.000000 -39.672508 4.077694 -1.311618 -0.769265 -1.385124 -4.362475 1.443715 -2.446052 0.269838 0.297246 -0.072928 0.980596 -0.993880 1.152257 0.724248 -0.038769 0.469489 0.144608 0.704133 0.042314 -0.412784 0.178364 0.507987 0.064529 -2.992389 -0.172702 -0.770429 0.026614 0.268520 1.093029 -0.405868 0.492886 -0.339457 -0.108135 0.177460 -0.417821 
129.359192 -42.919252 6.069255 -1.371383 -1.805301 -0.506706 -3.413715 2.192150 -2.435986 -0.223280 0.298781 1.211645 0.840474 -3.455291 -0.280806 0.138853 0.095730 1.150820 1.245330 0.230112 0.698263 -0.227464 -0.050240 0.576768 -0.443635 -0.419020 -1.214422 -0.277756 0.326259 0.121061 0.313171 -0.424119 0.325458 0.215939 -0.114686 -0.286753 -0.219051 
253.065521 -46.583090 3.516081 -1.033912 -0.577805 0.916515 -1.871814 1.903938 -1.049525 -0.185091 0.196765 1.080607 0.093325 -1.831919 -1.276587 0.168735 0.613748 0.711611 0.770951 -0.144106 0.693230 0.019094 -0.051008 -0.065519 -0.373574 0.811686 -0.497890 0.014941 0.259009 -0.219604 -0.237190 -0.187109 -0.002516 0.123279 -0.000384 -0.321143 0.035030 
