225.786575 -46.665466 3.112667 -3.057676 6.672478 7.368378 0.125134 1.026060 1.122225 -0.714182 -0.144620 -0.672258 -0.997011 0.008291 0.308429 0.344429 -0.777382 -0.845941 -0.315603 0.172038 0.435892 -0.095767 -0.608256 -0.230303 0.075253 -0.086001 -0.035906 0.444162 -0.387450 -0.572667 0.203531 0.328117 -0.166994 -0.369840 -0.105760 0.292641 0.168265 
249.086960 -46.648883 3.729525 -2.368819 5.117714 5.676497 -0.506071 1.370135 1.994008 -0.905717 -1.361133 -1.132864 -0.846504 -0.163711 0.236617 1.232752 -1.552283 -1.991276 0.091460 0.828272 0.101905 -0.835447 -0.819777 0.354979 0.411783 3.543367 1.246400 -0.101640 -0.194987 -1.507898 -0.078401 -0.468090 -0.732738 0.290347 0.469377 0.365502 0.237877 
281.050110 -46.992887 3.585900 -0.592173 3.567913 3.385827 0.308055 2.682604 1.326034 -2.385076 -1.784173 0.037700 -0.173446 7.095025 2.801228 0.141148 -1.167356 -3.861737 -0.472405 -0.764143 -1.029583 0.484926 0.330498 0.500701 0.551008 5.804162 0.698156 -1.383182 0.232425 -1.376850 -0.261347 -1.329977 -0.475031 0.569875 0.878758 -0.369272 0.055200 
296.970825 -32.458833 9.331982 -2.086522 2.783001 -2.046976 -1.450881 -0.158151 -0.065159 0.064136 -0.700138 -0.131462 0.255511 11.444613 1.632928 -1.533613 -1.087433 -4.744975 -0.431233 -1.831683 -0.848158 0.304303 0.937740 -0.383566 0.522182 -0.977101 -2.374162 -0.447587 0.027558 0.980591 0.694490 0.315507 0.439416 -0.543203 0.132054 -0.190426 -0.079118 
320.305542 -24.103661 6.851757 -3.659398 1.393046 -6.104123 -0.554411 -0.980761 -0.370282 -1.776470 0.091306 -0.729432 0.870918 5.140824 -1.947096 -0.754025 -1.112240 -1.900554 0.916576 -0.133129 -0.150751 -0.601481 0.594606 0.119850 0.392771 -5.863856 -1.816413 1.167870 0.159391 2.594630 0.327452 1.020451 0.361961 0.014600 -0.323932 0.365390 -0.217742 
0.000000 -22.177186 5.437791 -3.594573 0.558521 -5.848084 0.382271 -0.424410 -0.366661 -1.138825 0.489074 0.108239 1.041053 -0.283100 -1.999897 0.802127 -0.768651 0.444285 0.223671 0.209220 -0.124235 0.333503 0.289875 0.347215 0.086697 -6.952288 0.607686 0.658967 0.224673 1.089724 -0.567079 0.047545 -0.045511 0.310966 -0.297476 0.035177 -0.117915 
0.000000 -24.669861 2.851964 -2.055144 -0.144255 -5.215553 -0.107069 -0.562322 -0.618752 -1.109464 0.671057 -0.035003 1.044313 -8.763752 -0.731724 0.563908 -0.662893 0.278894 -0.217582 -0.038040 -0.241772 0.020451 -0.000346 0.190205 0.156942 -7.568542 0.469662 -0.679641 -0.196398 0.083663 0.150533 0.374106 -0.047482 0.018010 -0.427814 0.127704 -0.023889 
0.000000 -39.704689 3.974343 -2.466757 -0.767265 -5.290296 -0.052893 -0.500491 -0.850206 -1.097923 0.488381 0.488649 1.354938 -15.420184 -1.060573 -0.557155 -1.161447 0.611610 0.524737 0.957431 -0.219199 0.369524 -0.565752 0.602622 0.038919 -1.697972 -1.261632 -0.730989 -0.743917 0.543219 0.523183 0.474212 0.044846 0.117845 -0.187198 -0.131475 -0.291835 
96.902763 -55.510230 0.730817 -3.169455 -2.467150 -3.992332 0.942404 1.352540 -1.057151 -0.370417 -0.460448 1.170241 1.122151 -12.159695 -3.254988 -0.898069 -2.150727 1.365332 0.828783 0.910385 -0.152080 0.256142 -0.374742 -0.072745 -0.426728 12.687761 1.897235 1.328274 1.163790 0.319401 -0.771877 -0.874200 0.167806 -0.205696 0.407446 -0.516602 -0.220062 
0.000000 -64.024078 -2.535633 -4.262896 -5.068718 -2.559633 1.604674 1.320278 -1.154366 -0.585639 -0.261103 0.343158 0.501481 9.955338 2.733896 2.099392 1.166134 1.250413 -1.019018 -0.790969 0.116413 -0.041869 0.249139 -0.430582 -0.401206 15.050658 4.338151 0.652978 2.747579 -0.852575 -1.115079 -0.657800 0.311628 -0.091970 0.428277 -0.168043 0.199250 
0.000000 -35.599553 6.198610 1.029329 -0.134883 -1.491506 -1.095632 -0.229399 -0.824325 -0.454155 0.037830 0.309077 0.319739 17.941621 5.421315 0.407887 3.344432 -0.339818 -1.401375 -0.405216 0.471175 0.072203 0.481812 -0.408831 -0.028228 -2.351554 -1.168763 -2.146110 -0.238409 -1.193509 0.533766 0.737105 0.028194 0.107704 -0.094515 0.006164 0.190296 
243.051514 -28.140836 8.306996 -3.447122 1.620146 -3.239269 -1.198077 0.509846 -0.212015 -0.441233 0.702522 -0.474504 0.445026 5.252229 0.396370 -2.192828 0.689316 -1.136605 0.048514 0.683240 0.172802 0.173540 0.060109 -0.418253 -0.020614 -8.150610 -3.146966 0.031100 -1.369500 -0.318229 0.968590 0.276066 -0.294994 -0.000669 -0.413076 0.148363 -0.106677 
232.736984 -25.095094 6.991351 -3.356326 1.243749 -3.764715 -0.998604 1.137081 -0.478722 -0.107075 0.158048 -0.527429 0.278511 1.640400 -0.872618 0.470086 0.605433 -0.976277 0.535805 0.146915 -0.118813 0.070865 -0.344340 -0.112105 -0.241581 -3.124000 0.174039 1.452194 0.302235 0.420605 0.333967 -0.561670 -0.215285 -0.171423 -0.218419 0.076580 -0.084141 
229.864349 -24.860035 6.561760 -2.506950 2.831011 -5.191823 -0.126467 0.803677 -0.449641 -0.299504 0.013842 -0.698714 -0.038136 -0.995770 0.744449 0.711561 1.293786 -0.295395 0.716448 -0.440100 -0.257768 -0.169306 -0.376730 -0.265093 -0.188896 -2.728417 0.809707 0.360983 -0.068668 0.997865 0.068658 -0.149833 -0.065288 -0.203242 -0.034609 0.017706 -0.087171 
224.328659 -27.086633 8.480249 -1.933205 3.831321 -4.355505 0.434293 0.256882 -0.994258 -0.445688 -0.595411 -1.057615 -0.099281 -3.816434 0.746797 1.192052 0.468097 1.019454 0.673121 -0.152751 -0.249390 -0.335619 -0.413558 -0.076692 -0.415924 -1.410046 -3.311334 -0.060633 -1.389045 1.755162 -0.093214 -0.488609 0.582153 0.292965 0.253044 -0.000267 0.156765 
224.250946 -32.492903 8.055354 -0.122846 3.767205 -3.152915 1.219774 0.498174 -0.948421 -0.970743 -0.813275 -0.852097 -0.869983 -3.815862 -5.878218 0.590294 -1.484304 3.214929 0.530021 -1.417317 0.906538 0.416623 0.129359 -0.265628 0.124633 2.270711 -4.180287 -1.194436 -0.676125 0.868203 -0.126802 -0.394118 0.189769 0.429994 0.429299 0.148962 0.479584 
239.863861 -34.718358 -3.276187 -0.752616 0.862714 2.074353 1.494334 -2.577753 0.818819 0.387558 -0.336693 -1.588871 0.149985 0.724988 -7.613777 -1.196820 -0.884153 2.755859 0.419517 -0.940988 0.130149 0.524368 0.445039 0.221232 0.543244 2.869016 2.672116 -1.202753 1.109367 -2.161192 -0.456898 0.752522 -1.115021 -0.369867 0.232181 0.565546 -0.204249 
263.482880 -31.042928 -7.172200 -2.516485 1.998900 2.358803 2.058807 -1.383803 -0.688123 0.077994 0.076803 -0.409634 0.216504 1.922170 -0.533986 -1.815212 0.734429 -1.107454 -0.383775 0.087727 -1.323504 -0.323111 0.593721 0.865465 -0.283865 -0.066505 6.344837 0.254018 0.994178 -2.293133 -0.354930 0.074880 -0.399453 -0.336382 0.046638 0.084579 -0.605482 
0.000000 -30.874019 -4.344158 -4.383041 2.331572 -0.140555 0.726784 -2.402299 -1.828189 -0.258664 0.850750 0.142058 -0.417744 0.591977 5.075898 -0.688784 1.104204 -1.830407 -0.290343 -0.791229 -0.668757 -0.148395 0.538314 0.390390 -0.667720 0.081559 2.467486 0.683560 0.181802 0.641491 -0.145947 -0.432363 0.454090 0.378609 -0.287032 -0.152903 0.270963 
270.680969 -29.858974 2.979595 -3.894053 4.207308 -1.302011 1.478122 -2.966260 -2.025636 -0.218797 1.153430 0.371146 -1.118936 2.085287 4.400987 -0.448093 1.098033 0.175528 -0.675668 -0.777000 -0.415324 0.434107 0.019657 0.559658 0.258061 0.534708 -2.652562 0.251042 -0.127434 1.220490 -0.559299 0.235857 0.326105 0.455781 -0.437950 -0.259320 0.466681 
274.014740 -26.703445 4.457816 -5.279228 4.527638 0.210500 -0.624553 -3.956299 -2.658836 0.609551 0.890064 1.261374 0.098378 1.661394 -0.229226 -0.186699 0.849336 0.610573 -1.408941 -0.319515 -0.016546 0.763167 -0.337586 -0.128250 0.265643 -1.402207 -2.555618 0.663971 0.404483 -0.560833 0.026778 0.643113 0.770958 0.007430 -0.365393 -0.700942 -0.513015 
271.529297 -26.536186 2.521144 -4.267452 5.905979 -0.080865 -1.339759 -3.605290 -2.058728 1.307538 0.478258 0.114647 -0.587651 -0.719127 -0.710248 0.879848 1.907000 -0.946138 -0.622112 0.509226 1.126593 0.448968 -0.711129 -0.842226 -0.767968 -1.463603 0.639005 0.439214 0.630165 -0.529820 0.763742 0.582774 0.308069 -0.277454 -0.036985 -0.010942 -0.158539 
296.554810 -28.141698 3.037319 -3.519532 8.341638 -1.681776 -1.868776 -2.937847 -0.405651 1.507486 -0.532194 -0.423078 -1.437558 -1.265812 1.048784 0.691730 2.109666 -0.449067 0.118544 0.846033 0.599593 0.208260 -0.411557 -0.150134 -0.051435 -0.552034 1.001686 -0.152133 -1.530139 1.082367 1.156382 0.361796 -0.660874 -0.150291 0.405629 0.805691 0.949962 
324.464142 -29.067810 4.618713 -2.883993 10.125310 -0.978998 -1.102672 -1.913224 -0.859542 1.724057 -0.344855 -0.185622 -0.690521 -1.823194 1.293125 0.575581 -1.153279 1.218596 1.690652 1.232817 -0.195156 0.148385 0.100129 0.769156 1.131955 0.287308 -0.480202 -0.092963 -2.572526 0.398249 0.829639 -0.495997 -0.211621 -0.054213 0.657540 0.768222 0.848336 
351.060852 -31.788085 5.623569 -2.368370 6.035080 0.755417 1.512528 -0.472213 -0.795964 1.804256 -0.331936 1.115235 0.826352 -0.691196 0.088380 0.505803 -3.035387 0.347431 1.777823 -0.145960 0.176352 0.099834 0.903523 1.386310 1.645237 2.716476 -0.979176 -0.384298 -0.708904 -0.973748 -0.365124 -1.462253 0.076634 -0.283144 1.077177 0.062169 -0.212430 
382.672394 -30.450202 4.795472 -1.872387 4.054535 -0.284136 2.452973 -2.205144 -0.506839 1.923724 1.462191 2.586997 2.599953 3.609757 -0.665228 -0.193014 -2.571086 -0.728899 0.960404 -1.691689 -0.041889 -0.417903 2.254483 0.893494 0.707095 2.448097 -0.158279 -0.834008 0.429367 -0.269192 -0.875465 -0.641010 -0.133205 -0.321975 0.215180 -0.656554 -0.844967 
0.000000 -24.568570 4.293113 -2.754398 0.892908 -0.702381 3.433335 -3.855592 -0.879741 0.968449 4.177031 2.902223 2.240543 4.204999 -0.228178 -1.162214 -2.176653 -0.190954 0.026892 -1.427981 -0.090058 -0.544117 1.333883 0.073201 -0.044697 -1.004013 0.613202 -0.131838 1.295345 0.344250 -0.973618 0.496359 0.237761 0.323537 -1.339573 -0.909589 -0.382796 
0.000000 -22.040205 4.339116 -4.196814 -0.298772 -0.666044 2.506758 -5.061105 -0.686954 0.835491 4.129956 2.733400 2.510559 1.601731 0.561175 -0.456690 0.019605 -0.040398 -0.986833 -0.698972 0.433634 0.229170 -0.424663 -0.925683 -0.058498 -1.543583 0.448040 0.923640 1.590212 -0.069650 -0.518398 0.910773 -0.054806 -0.107240 -0.741233 -0.376248 -0.476069 
0.000000 -21.365108 5.415464 -3.667779 0.932118 -0.783178 1.459670 -5.253535 -0.012473 1.426789 3.327704 1.050858 2.123547 1.117832 0.667901 0.685067 1.003770 -0.330253 -1.009904 0.393564 -0.199670 -0.758597 -0.148584 -0.679294 -0.996835 -0.531340 0.327770 0.236719 0.538316 0.039082 -0.075069 0.997094 -0.753492 -1.353019 -0.625880 0.163168 -0.612532 
0.000000 -19.804541 5.674919 -2.826680 1.708768 -1.326551 0.486949 -4.273976 -1.086294 -0.681703 3.832788 1.374812 0.516889 0.539051 1.216716 0.016747 1.096236 0.037766 -1.136970 1.295217 -1.073350 -2.476867 -1.676423 -0.599347 -1.283561 -1.709503 0.242617 0.188746 -0.482736 -0.302324 0.128994 0.366650 0.272142 -0.253964 -1.281300 -0.266930 0.146672 
383.992035 -20.287006 7.848896 -3.634286 3.124590 -0.707646 -0.814270 -2.663102 -2.159174 -3.526945 -0.025143 -0.147837 -0.443575 -2.301173 1.153135 1.062559 0.038298 -0.934901 -0.751916 1.126864 0.344614 -1.266525 -2.711184 -1.213154 -0.703491 -3.766996 -0.509268 1.931231 -0.417032 -0.908005 0.631784 -0.200806 0.856020 1.825369 0.717805 0.419303 0.457822 
0.000000 -24.406887 7.981189 -0.701563 1.785363 -3.196352 -1.016882 -2.020249 -0.397066 -3.214753 -1.589580 -1.051495 -0.890093 -6.994941 0.198179 3.879210 0.262172 -1.778243 0.126597 0.893604 0.638690 1.173870 -0.240813 0.239258 -0.367918 -3.127471 -0.003734 0.941671 0.697673 0.951951 0.584227 -0.449430 -0.557715 1.643691 2.006262 0.789909 0.335407 
309.381592 -34.276888 8.245254 4.124134 3.648933 -4.264131 -0.561076 -0.875894 -0.881793 -1.179205 -0.506768 0.330679 -1.179412 -8.556116 1.145668 2.945902 1.433643 0.969001 0.416537 0.228004 -0.770816 2.020857 1.301340 0.366663 -0.032677 1.073359 0.584028 -1.285204 -0.137538 1.610715 -0.092260 -0.163075 -0.375497 -0.275636 0.366191 -0.286489 0.341974 
277.333405 -41.519119 10.272525 5.190241 4.652649 -1.258351 -0.183807 -1.564240 -1.938698 0.826962 1.013101 -0.318168 -0.955448 -4.848223 1.366235 1.308801 -0.012904 1.443188 -0.057922 0.567455 -0.112304 0.622597 0.491570 -0.333719 0.316029 3.203395 -1.245006 -0.979475 -0.312823 0.064319 -0.285639 0.333092 0.612575 -1.387319 -0.956955 -0.328157 0.209704 
252.672531 -43.973334 10.977723 6.741735 3.623124 -1.377756 -0.676919 0.259016 -1.106401 0.065989 0.476372 -0.336760 -0.547353 -2.149325 -1.344345 0.986951 0.807998 1.097638 -0.154741 0.894188 0.454334 -0.753780 -0.612569 -0.289650 0.386731 2.156030 -1.477613 -0.280188 0.635030 0.210694 0.324222 -0.618721 -0.045202 -0.574710 -0.649115 0.121331 0.128164 
251.285660 -45.817769 7.583836 7.164142 6.268644 0.936925 -0.493289 0.224136 -1.030030 -0.680599 -0.212037 -0.897468 -0.181986 -0.536164 -1.588991 0.748425 1.257156 1.864575 0.590523 -0.669987 -0.202708 -0.526822 -0.806660 -0.091056 0.572358 2.723730 0.392056 -0.181744 -0.164660 -0.474308 0.216602 -0.519844 -0.447912 0.247425 0.417217 0.102295 -0.101505 
249.608566 -45.045661 7.799741 8.238585 6.137436 2.351395 0.504126 -1.080959 -1.511817 -0.987656 -1.136948 -0.518872 0.597363 3.298135 -0.560233 0.623462 0.478677 0.149022 0.278463 -0.145501 -0.441491 -0.258931 0.221866 -0.085061 0.183720 2.562407 0.363445 -0.323925 -0.506481 -1.964250 -0.562447 0.312318 0.223156 0.199291 1.217788 0.019843 -0.204791 
246.644928 -39.221499 6.463370 8.411067 7.225999 1.234969 0.063637 -0.066866 -1.913011 -1.198461 0.231695 -1.067590 0.185454 4.588651 -0.862102 0.100575 0.244194 -2.063924 -0.534370 -0.045352 0.243604 -0.128241 1.628916 -0.051370 0.162776 -0.309103 0.385797 -0.239581 -0.805641 -1.672599 -0.405606 -0.156085 0.430614 0.240062 0.613897 0.007051 0.040303 
240.304138 -35.868359 6.075537 8.439735 6.625824 -1.776454 -0.564615 -1.171664 -1.024609 -1.244137 2.120884 -0.621612 0.922915 2.679930 0.211361 0.144300 -1.132605 -3.196175 -0.532749 -0.457670 0.419737 0.221193 1.449659 -0.070959 0.264326 -0.921958 0.704447 -0.293484 -0.631260 -0.161252 -0.388324 0.161826 -0.145100 0.199205 -0.809560 -0.056557 -0.348776 
235.491241 -33.861639 6.886092 8.699666 4.960789 -5.157382 -1.001862 -0.982206 -1.073538 -0.756074 3.131014 -1.209507 0.714107 2.744736 0.546793 -0.486393 -1.018327 -2.386428 -1.311019 0.278301 -0.046595 0.270169 0.009795 -0.164484 -0.534776 -0.249855 -0.003358 -0.665355 0.304693 0.913807 -0.066573 0.569538 -0.175440 -0.254132 -1.273671 -0.219365 -0.471613 
234.141129 -30.378887 7.169123 7.466949 4.589169 -6.549310 -3.186653 -0.615062 -1.117800 -0.703799 2.140474 -0.950580 -0.146637 2.180219 0.204646 -1.186410 -0.523219 -1.368561 -0.665896 0.681407 0.068856 -0.287070 -1.097683 -0.509689 -0.678900 -1.187674 -0.279335 -0.572306 0.307280 0.628428 0.599136 0.195707 0.278117 -0.127185 -0.271124 -0.100686 0.213110 
227.520050 -29.501200 7.295383 6.326845 3.914351 -7.894503 -2.333655 0.380608 -0.935825 -1.330213 0.935647 -2.228885 -0.643692 0.369388 -0.011878 -1.631005 -0.403768 -1.129573 -0.112747 0.669714 0.509639 0.015800 -0.532454 -0.365856 -0.108556 -0.704434 -0.398866 0.127354 0.203440 0.467426 0.184108 -0.179143 0.035628 0.249600 0.380085 0.254111 0.489266 
210.618134 -29.640110 7.145367 4.204938 3.781634 -8.808457 -3.412146 0.724365 -0.098522 -0.672200 1.075566 -1.682292 -0.363748 0.771352 -0.593085 -0.931702 -0.116340 -0.433709 -0.297681 0.323120 0.140112 0.212130 -0.337513 -0.001467 0.299633 0.234551 -0.331676 0.533033 -0.068161 0.702285 0.245502 -0.189659 -0.528378 -0.205724 0.033566 0.243814 0.237262 
192.156128 -27.958496 6.109213 4.463441 3.681671 -8.761921 -2.929016 1.026848 -0.655601 -0.905954 0.260622 -2.231820 -0.044427 0.838490 -0.675231 -0.564939 -0.540089 0.274996 0.378258 0.290396 -0.547117 -0.395647 -0.465322 0.121771 0.365967 -1.147704 0.494402 -0.388537 -0.303577 0.509722 0.170831 -0.039551 -0.369616 -0.246296 -0.182653 0.344175 -0.018721 
0.000000 -27.963131 5.794905 3.075060 2.701455 -8.258465 -2.655631 1.305158 -1.192755 -1.463495 0.144923 -1.438751 0.368187 -1.524056 0.395718 -1.708777 -0.723495 0.585736 0.043982 0.244019 -0.599120 -0.280463 -0.702819 0.686883 0.262191 -2.870749 0.581648 -0.548714 0.543846 0.277022 -0.213262 -0.257979 0.051745 0.266358 -0.416218 0.134399 -0.203674 
0.000000 -31.006607 6.900649 1.045887 2.234682 -7.590449 -2.841053 1.514886 -1.853840 -1.466880 -1.145017 -0.858055 0.479956 -4.903009 0.488065 -1.662367 0.547602 0.829039 -0.048267 -0.225562 -0.443626 0.137069 -1.297758 0.390568 -0.041380 -4.367635 -0.790888 0.218437 0.427827 0.850115 -0.028236 -0.601009 0.526310 0.381657 -0.045667 -0.400395 -0.248933 
0.000000 -37.769149 6.771036 -0.249675 3.796659 -6.600387 -2.752166 0.854034 -2.080007 -1.189357 -2.450594 -0.657614 0.285428 -10.259325 -1.186059 -1.271904 0.132160 2.285965 -0.012491 -0.958000 0.453499 0.482852 -0.794153 -0.113907 -0.235676 -3.776408 -2.635024 0.567032 -1.061419 1.783814 0.711851 -0.459250 0.790348 0.671008 1.145361 -0.322760 0.115282 
0.000000 -51.525257 4.528531 -1.497920 2.499003 -3.018519 -2.866034 -0.401113 -0.946842 -0.501175 -2.733323 -1.085869 0.008605 -12.455825 -4.781982 -0.528303 -1.575236 4.396667 1.375435 -1.144062 1.137070 1.479086 0.992963 -0.254951 0.189184 7.048091 -1.767222 0.612271 0.038764 -1.211172 1.002721 0.621369 0.377743 0.199237 0.997360 0.138058 0.190816 
51.276772 -62.680799 -2.792928 -1.306281 0.646187 2.192946 -0.001297 -1.434091 0.194132 1.768814 -0.464669 -1.167516 0.663796 3.836857 -4.720502 -0.047361 0.209688 -0.136379 1.992951 0.284739 1.208985 0.881327 1.200566 0.162208 0.145957 12.631964 1.301295 -0.672442 0.579940 -3.429326 -0.173203 1.264230 -0.061113 -0.911074 -0.025603 0.420855 -0.100370 
267.346497 -43.851544 -4.912473 -1.592642 2.918379 -3.291277 1.119867 0.168365 1.471128 1.261479 -0.332190 -0.761453 0.300519 12.808103 -2.179392 -1.873186 -0.415355 -2.461986 1.029028 1.384397 1.014843 -0.343062 0.941758 0.586758 -0.011557 0.328656 1.981626 -0.225364 -0.735062 0.546784 -0.467562 0.224739 -0.528027 -0.270502 -0.329866 0.063838 0.141612 
255.024063 -37.064593 -7.151713 -5.052654 -0.184524 -2.731026 2.056760 1.334703 2.223819 1.082691 1.418847 0.006001 0.640683 4.494169 -0.757251 -0.498088 -1.260436 0.957188 1.057826 0.734217 0.152932 0.340324 0.540834 0.289884 0.429181 -5.130382 3.706003 2.430152 0.465505 1.224857 -0.878945 -0.949169 -1.220529 -0.060693 -0.995498 -0.394310 -0.102948 
363.201935 -34.863206 -6.426975 -2.588819 0.397506 -1.376900 3.235519 1.636798 1.776991 1.942126 0.749477 -0.181685 1.158881 2.547338 5.232613 2.987117 0.515655 -0.012272 -0.728862 -0.513942 -1.426214 -0.464447 -1.049238 -0.201861 -0.217453 -1.496564 3.910664 1.096262 1.624995 -0.776047 -1.731843 -0.588493 -1.008985 -0.495149 -0.316369 -0.354753 -0.476631 
282.815369 -31.969917 3.313513 0.921580 0.846787 -2.755570 0.599037 0.306819 -0.628609 0.153796 -0.679629 -0.397721 0.205777 1.501041 7.064076 1.694436 1.989554 -0.594906 -2.405860 -0.442769 -1.865038 -0.649975 -0.091904 -0.419622 -0.524081 -0.362246 -1.262772 -2.030733 0.357406 -0.184188 0.041555 0.197980 0.242846 0.015819 0.408370 0.108911 0.060216 
262.158051 -31.861124 7.701178 0.800052 4.376613 -2.566713 -1.576200 0.751261 -1.953084 0.642175 0.565668 -1.020929 0.110720 1.822847 2.707069 -1.074350 1.230468 -0.380649 -0.645752 -0.117983 -0.940522 -0.432810 -0.232497 0.015961 -0.097021 0.565655 -3.566583 -1.072529 -1.203242 0.397230 1.647525 0.084346 0.737128 -0.024075 -0.458305 0.260157 0.376052 
290.567383 -28.324223 8.727651 -1.227119 3.307723 -3.516868 -0.692467 0.070853 -2.509654 -0.711823 -1.144624 -0.365798 0.011735 2.632351 -0.069091 -0.450622 -0.416930 0.199554 0.889191 -0.274077 -0.390782 -0.698126 -1.008514 0.100692 0.228023 -1.651189 -3.115730 1.405324 -0.940448 1.380405 0.710734 -0.147998 1.048915 -0.004763 0.292423 0.195379 0.400814 
337.845612 -26.596422 7.562996 -0.101191 3.542753 -2.167605 0.202181 0.203108 -2.734649 -0.754077 -1.451359 -0.819545 0.566765 -1.479530 -3.524391 1.736298 -0.650428 2.380162 0.775716 -0.413979 1.157308 -0.442336 0.352348 0.406719 0.704607 -3.735178 -3.312879 0.463748 0.230737 1.519930 -0.383021 -0.138722 1.015416 0.257184 0.729070 0.160577 0.031767 
371.450684 -31.283284 1.678868 2.245476 2.006866 1.243455 0.858965 -0.757106 -0.195037 -1.596496 -0.439929 0.447639 1.420948 -4.838005 -6.694850 0.476874 0.044544 3.239415 0.123148 -0.551520 1.640050 -0.183758 0.449626 0.421846 0.291556 -0.044594 -1.289068 -1.976995 0.388420 -0.562819 -0.360994 -0.019662 -0.781988 0.464800 -0.125825 -0.419069 -0.551465 
368.569763 -36.272432 -5.826703 0.852557 3.631840 4.311225 0.448478 -0.899932 0.545452 -1.121593 -0.552108 0.024147 1.149877 -1.568719 -6.102527 -2.217692 0.126412 1.254524 0.053729 -0.453304 -0.406667 0.487264 0.100698 -0.431419 -0.398322 3.680024 2.596694 -1.272440 -0.649411 -2.361412 0.025902 0.124535 -1.400699 -0.146268 -0.482583 -0.642400 -0.510541 
377.286957 -34.420722 -10.526186 -2.189908 2.259690 3.752503 0.966422 -1.663715 -1.008371 -0.621968 -0.238532 -0.415199 0.624303 2.522042 -1.501462 -2.068005 -1.254278 -1.483409 0.174952 -0.302449 -1.161347 -0.476294 -0.515540 -0.862955 -0.729526 1.935734 4.753961 0.637626 -0.607440 -2.113464 -0.014275 0.260194 0.421028 0.124285 -0.046817 0.110777 -0.213359 
0.000000 -31.228347 -8.829627 -3.283453 1.123283 1.344407 0.798382 -1.504830 -1.777242 -2.074181 -1.583189 -1.701762 -0.309174 2.302749 3.405395 -0.942440 -1.088467 -2.972404 0.025179 0.067083 0.435388 0.735833 0.007065 -0.209866 -0.825040 -0.907740 2.029289 0.836169 0.367007 -0.142474 -0.032876 0.145045 0.990586 0.969117 0.597467 0.648185 0.185612 
0.000000 -29.815223 -3.715396 -4.074789 0.082755 -2.192305 1.016780 -1.529548 -0.137594 0.849698 -0.224403 -0.834930 -1.025776 0.706562 2.557115 -0.395668 -0.520264 -1.768356 0.109199 -0.012359 0.819824 1.461940 0.679393 0.433416 -0.358301 -0.798094 -0.424140 0.273386 0.284102 0.602024 0.042010 -0.039721 0.192218 0.363053 0.336164 0.321641 0.233369 
