242.172379 -28.072300 -5.092043 1.840263 5.360485 1.373726 5.475708 0.123287 -2.124195 -1.613911 2.175385 -0.924709 -1.154160 0.428901 1.407841 0.212256 -0.594262 -1.253153 -1.071750 -0.342459 0.526226 0.014322 -0.146361 0.318972 0.273123 -1.192242 -0.223604 0.259093 -0.026153 -0.238444 0.181183 0.288815 0.269783 -0.286265 -0.107832 -0.026710 0.075960 
252.344818 -27.214498 -2.276361 2.264776 4.171961 -1.132580 3.332209 -0.561631 -1.071742 -1.585267 1.882664 -0.286764 -0.607914 -1.955583 0.960632 0.730442 -0.646568 -1.730040 -0.709383 0.235172 1.065793 -0.558208 -0.362025 0.265551 0.425043 -1.762562 -1.485556 0.645293 0.608711 0.242614 1.284628 1.077141 0.291625 -0.639041 -0.436111 -0.243688 -0.037735 
257.821075 -31.983465 -3.170779 3.301147 4.067350 -2.086355 4.056942 0.593630 0.007390 -2.730328 1.451335 -0.393606 -0.304075 -3.096223 -1.563271 1.502843 0.623161 -0.767925 1.497507 1.811823 1.109475 -1.263759 -1.018583 -0.168404 0.197653 2.553184 -0.371794 -0.092322 0.693586 -0.161934 -0.092812 0.272652 -0.281306 0.337826 -0.011039 0.038075 -0.118566 
256.147491 -33.406945 -5.402903 5.270461 5.418282 -2.668430 6.327223 3.062015 1.147208 -4.112786 -0.154502 -0.623572 -0.212609 3.150786 0.217044 0.545798 0.740604 -2.053909 -0.895007 0.780476 0.503181 0.117443 -0.384103 0.341701 0.187910 3.685015 2.259404 -1.459302 -0.460686 -1.076185 -2.199863 -1.012584 -0.847467 1.162315 0.537622 0.160837 -0.012737 
245.577011 -25.681894 -2.736691 4.392744 5.548558 -6.194173 2.266929 2.154582 1.013753 -2.495442 0.683129 0.289796 0.071746 4.273806 2.955537 -1.415760 -0.298212 -2.920294 -2.902219 -0.213345 -0.585459 1.060871 0.056662 0.153270 0.172179 -1.692764 0.796839 -1.053750 -0.737031 0.453124 0.147925 -0.287731 -0.460296 0.074509 0.228670 -0.407862 -0.048127 
235.681763 -24.859332 0.508172 2.438940 4.821859 -8.509018 0.522785 2.635325 -0.023710 -1.991044 -0.041179 -0.317031 0.131749 -0.234742 1.810721 -1.561701 -0.733458 -1.147661 -0.599156 0.205013 -0.417411 0.266461 0.073237 -0.474023 0.091656 -2.594348 -1.631176 0.184464 -0.362481 1.728095 1.442095 0.036283 0.402971 -0.600534 0.538838 -0.199378 0.033045 
229.368408 -26.151379 0.884751 1.269342 4.081642 -8.489496 1.068617 2.564609 0.178930 -1.962520 0.829603 -0.658250 0.255059 -0.914890 -0.306815 -1.046832 -1.023174 0.535896 -0.018029 -0.140778 0.220483 -0.140198 1.134338 -0.245485 0.238269 0.841216 -0.973296 0.186574 -0.429706 0.925526 0.408671 -0.242561 0.076429 -0.084425 0.274574 0.519198 0.112376 
224.298264 -26.689112 -0.105458 0.345276 2.775512 -7.437226 0.486726 2.353768 0.417255 -2.271440 2.227497 -0.808001 0.608287 1.447691 -0.135871 -1.188552 -1.592869 0.703391 0.218187 -0.280109 -0.264554 0.097611 0.622384 0.564373 0.316408 0.877622 0.288270 -0.031045 -0.064482 0.206005 0.236084 -0.125878 -0.239095 0.055614 -0.714263 0.630753 0.016606 
216.530045 -23.255997 0.613009 -1.107762 0.895903 -7.082714 1.504991 2.004390 -0.350177 -1.767298 2.074370 0.470496 0.887874 0.840354 0.269724 -1.108923 -1.152138 0.947907 0.454139 -0.392535 -0.257707 -0.028970 -0.294188 1.016021 0.271481 -3.516103 0.547801 0.211071 0.768355 0.397638 -0.182096 -0.187426 0.096035 0.054178 -0.310969 -0.123569 -0.275270 
214.042648 -25.008405 0.433991 -1.872569 0.471236 -5.541413 1.395004 1.568698 -0.098160 -2.329380 1.639121 1.224042 1.151249 -5.584516 0.959731 -0.766411 -0.056159 1.498666 -0.146004 -0.654961 -0.072483 0.205968 0.000446 0.317235 -0.234133 -1.468528 0.292039 0.332039 1.249617 0.232136 0.029251 0.047189 -0.640824 0.627065 0.451943 -0.799824 -0.435638 
213.186798 -34.425030 2.532471 -2.640583 0.783585 -4.085381 1.212983 0.694468 -0.495144 -1.355361 2.075262 1.104966 0.419609 -2.096702 0.853803 -0.444844 1.347096 1.412179 0.512641 -0.298157 -1.539355 1.225159 0.609698 -0.583628 -0.599795 3.339372 -1.603061 0.947091 0.691560 -0.178170 0.605011 0.347622 -0.609451 0.087584 -0.008118 -0.443734 -0.049166 
215.707001 -29.201809 2.141596 -2.762258 3.165427 -2.717056 2.420287 0.972384 -3.176870 0.120938 2.858517 0.056787 -0.048342 1.094228 -2.246391 1.127772 1.326960 1.142327 1.064017 0.040284 -1.291385 0.381136 -0.015790 -0.570233 -0.332464 -1.459443 -4.512332 1.231577 -0.404060 -0.497706 -0.403398 -0.262605 1.649606 -0.659259 -0.440761 0.137696 0.402897 
221.974243 -32.236574 -1.960311 -0.385040 3.437505 -1.800727 3.341018 0.775035 -3.077914 -0.593088 2.043681 -0.035501 -0.245318 -5.015588 -8.170860 2.018310 0.538975 0.416767 -0.294154 -0.823367 1.759857 -0.093359 -0.271824 -0.308235 0.205998 -5.443663 -3.194541 -0.381239 -0.943676 -0.986921 -1.049106 -0.201416 1.703923 -0.173727 0.040314 0.116893 0.409662 
219.493668 -39.232986 -14.200125 1.274362 4.243377 -1.883522 1.831978 -0.674351 0.342844 -0.065781 2.314869 -0.559684 0.363655 -9.793097 -8.635472 0.365295 -0.560392 -0.831514 -1.034195 -0.362549 2.116461 0.033682 0.064838 -0.336447 0.486860 -2.758129 4.151179 -1.629641 -1.853401 -0.339232 0.195871 0.260939 -0.574930 -0.273951 -0.307388 0.069255 -0.098365 
0.000000 -51.822768 -19.231255 0.345550 2.316721 -3.463756 1.272627 0.049937 1.155008 -0.525724 2.173358 -0.708395 0.728402 -10.531846 0.131497 -1.240971 -3.167828 -0.261697 0.097587 -0.301490 0.609998 -0.641261 -0.886601 -0.169725 0.009268 6.417316 9.573292 0.746254 0.550292 1.467724 0.491828 0.248282 -1.603088 0.140224 -0.683323 0.191613 -0.301619 
0.000000 -60.296678 -13.937131 -1.207580 -2.092278 -2.406917 2.027152 -1.277330 1.562840 -1.348303 0.541668 -0.899134 0.382192 3.041535 10.511113 1.857802 0.540193 2.103933 -0.050539 0.134016 -1.089715 0.314129 -1.301807 0.046778 -0.116377 12.110803 4.187542 2.722210 3.225280 -0.675879 -0.357342 0.643660 -0.534868 0.984658 0.542567 -0.103162 -0.248154 
0.000000 -45.739698 1.790970 4.061154 3.397106 0.744110 1.171549 0.317969 -1.024422 0.102534 -0.430257 -0.614840 0.495648 13.689760 8.506581 4.203450 3.282733 -1.613456 -0.617097 0.985829 -0.459738 1.328054 0.198534 -0.376050 -0.487040 3.144912 -4.779101 -1.209248 -0.851585 -2.352833 0.523747 0.294247 0.800072 -0.279659 0.900248 -0.247073 -0.297087 
247.992554 -32.917158 3.076031 7.199319 4.473188 -5.633829 0.792959 0.694329 0.643365 1.307805 0.938736 -1.651234 -0.591888 9.331359 0.952911 -0.560695 -1.162977 -2.601733 0.996955 0.722511 0.510428 -0.245190 0.498688 -0.447368 -0.710550 -4.331158 -4.764681 -4.201715 -2.148178 2.010299 1.230965 -0.871681 -0.279649 -0.914050 -0.470633 0.521558 0.372800 
263.891052 -27.076979 3.696793 2.939765 1.071151 -4.459356 3.165460 1.762991 -0.003565 -0.387846 0.567120 -1.509575 -0.925453 5.027444 -1.022780 -4.199979 -1.013623 2.407142 1.844834 -0.757532 -1.019035 -0.500045 -0.742733 0.667066 0.258560 -4.104105 -1.483927 -1.093242 1.732617 2.347399 -0.409255 -1.228737 -0.684160 0.103409 -0.318599 0.634492 0.528662 
280.075745 -22.862270 1.030470 -1.200640 2.445942 -0.819545 4.482626 -0.820735 -1.394705 0.307714 -0.546730 -0.317102 -0.074769 1.123149 -2.014942 -2.747178 2.302257 2.093065 0.178445 -1.734963 -0.857892 -0.038371 -0.138509 0.821616 0.346775 -1.220065 -0.125020 1.540874 1.611554 -1.126573 -1.449713 -0.338383 0.419048 -0.041056 0.623561 -0.149378 0.038130 
278.305908 -24.830681 -0.333092 -2.554592 5.675666 -0.273226 3.522349 -1.706935 -1.719350 -0.464588 0.290101 0.133657 -0.231904 2.587314 -1.272820 -1.118231 2.209484 0.153996 -1.054592 -1.434299 -0.180939 -0.582157 0.504390 0.368310 0.334820 1.587523 0.472359 0.579504 -1.450065 -1.471956 -0.877090 0.588699 0.408220 -0.124723 0.438372 -0.148827 -0.156143 
141.928787 -17.687643 -1.515170 -3.437103 6.864910 -0.511553 2.373442 -3.689333 -1.756584 -0.856600 0.462050 0.419518 0.594872 4.298195 -1.070224 -1.588171 -0.597872 -0.850846 -1.575735 -0.557566 -0.041453 -0.287818 0.738234 0.523962 0.034489 -0.675839 0.918039 -0.092302 -1.820406 -0.736165 -0.094229 1.090297 -0.026386 0.336138 0.231848 -0.270627 -0.317005 
282.907166 -16.234291 -2.473540 -5.730934 4.479923 -1.974918 0.370878 -2.822066 -1.802256 -1.040223 1.766570 1.181582 -0.162926 1.235635 0.563259 -1.302835 -1.431328 -1.318334 -1.243050 0.746295 -0.233712 0.090120 0.968085 -0.172944 -0.299189 -2.718457 0.735202 1.182819 0.420012 0.505435 0.713548 0.489854 0.098954 0.479772 -0.494744 -0.574531 -0.014819 
278.059631 -15.216372 -0.388653 -6.042773 4.002254 -3.148222 -0.112658 -2.196743 -2.224008 -0.676361 2.398221 0.073630 -0.003506 -1.138718 0.400181 0.777467 0.242153 0.160023 -0.148639 0.422142 0.156456 0.671726 -0.251255 -0.625099 0.004851 -3.715503 -0.921067 2.349677 0.884606 1.267651 0.984546 -0.225282 0.652487 0.047430 -0.867131 0.121766 0.043272 
270.960388 -18.511728 -1.673178 -4.176000 4.964229 -1.654872 0.073600 -1.977782 -1.489344 0.303229 1.264061 -0.068616 -0.153224 -6.195371 -1.278875 3.396520 0.337883 1.216968 0.726041 0.295732 1.071262 0.184980 -0.766177 0.070588 -0.212645 -3.031061 -0.309809 1.847813 0.142071 0.253957 0.535448 0.134115 0.436141 -0.575432 -0.060416 0.462590 -0.035743 
262.145081 -27.607115 -2.946402 0.750266 4.678020 -0.714286 1.339423 -1.605279 -0.081485 -0.306400 0.865868 0.214807 -0.428795 -7.200841 -0.219436 4.473094 0.526295 0.667936 0.922257 0.690372 1.028737 -0.479139 -0.372086 0.300082 -0.066636 1.812132 0.411674 -0.685891 0.850037 -0.623959 -0.524298 0.302539 -0.456430 -0.011008 0.396359 -0.162899 0.315328 
244.820480 -32.913409 -2.112051 4.770187 6.016820 -0.319000 1.918114 -0.597038 0.568130 -0.655048 0.519890 0.531547 -0.286495 -2.571107 -0.455528 2.024737 2.037957 -0.030949 -0.322554 0.900810 0.158401 0.162965 0.026542 -0.255209 0.418010 5.826556 0.171855 -3.286211 0.671623 -0.506293 -1.092279 -0.515705 -0.535831 0.771140 0.411360 -0.518045 -0.158335 
233.394028 -32.749329 -3.857457 4.799741 8.753935 -0.776184 0.694314 0.196341 0.235317 0.019530 0.918952 -0.295611 0.407226 4.452271 0.124273 -2.099329 1.869540 -0.344650 -1.262300 -0.341039 -0.042925 1.063141 0.450634 -0.736009 -0.383306 4.238386 1.236940 -2.638961 -1.952644 -0.809892 -0.335870 -0.563102 0.223109 0.109619 0.257365 0.262847 -0.585936 
217.028534 -24.008867 -1.863506 0.571529 9.755901 -1.008300 -0.606486 -1.279115 0.482279 1.471235 1.421158 -0.940471 -1.053107 5.905664 2.018353 -3.253184 -1.867332 -1.650732 -0.994293 -0.225394 0.604618 0.382204 0.541272 0.270485 -0.753861 -2.386838 0.060624 0.910380 -1.707822 0.169836 1.432767 0.944536 -0.004308 -1.292519 -0.397820 1.042409 0.210329 
213.815170 -20.938000 0.179249 -1.706626 5.019271 -4.077648 -1.294272 -0.254448 1.444552 0.783937 2.001496 0.245359 -1.100497 -0.321405 0.245520 -0.278568 -1.546104 -0.004977 1.603234 1.548034 -0.051541 -1.521897 -0.345005 1.348810 0.037351 -5.746008 -1.138949 2.587263 1.267003 1.694960 1.461577 0.399464 -0.677508 -0.769294 -0.579408 0.259606 0.520513 
216.651901 -24.651678 -1.372465 0.014393 6.663692 -1.018254 2.599981 1.816954 0.379198 -1.572558 0.731148 1.757149 -0.978405 -5.586353 -0.259544 1.921342 0.666674 1.739188 1.928861 0.573533 -0.750398 -1.156385 -0.617543 0.789698 0.287166 -1.521574 2.279572 0.213442 -0.332692 -0.103977 -1.220279 -1.432695 -0.600845 0.582444 0.172039 -1.084911 0.020063 
297.062958 -32.110706 -0.339840 2.136057 6.352619 -0.599271 2.563449 0.892619 -0.056244 -1.528832 0.766410 1.824756 -0.526165 -3.364553 4.804665 0.148316 -2.211488 -0.212932 -0.837324 -1.317356 -1.253230 -0.357008 -0.000927 -0.821011 0.077478 3.726921 1.334863 -2.057315 -1.271923 -1.079748 -1.158918 -0.388118 0.104426 0.882571 0.469174 -0.626902 -0.112960 
324.356232 -31.380785 8.236866 0.311025 2.240717 -1.444117 0.925333 -0.817758 -2.127261 -2.286574 0.729294 0.115126 -0.823450 1.867489 2.410181 -2.193288 -1.877172 -0.420307 -0.388974 -0.202703 -0.541547 0.608757 0.320805 -0.464106 0.061245 2.158112 -3.200922 -0.484705 1.102188 0.858545 0.826422 0.562776 0.875004 0.524520 0.055145 0.471420 0.169475 
345.541504 -28.375728 4.480522 -2.250519 2.598276 -1.439886 1.785501 0.487212 -1.139337 -0.311318 1.408019 0.896543 -0.403675 0.951670 -1.597178 -0.821094 -0.007111 1.504157 0.815520 -0.191803 0.496778 0.692032 0.109364 0.121830 0.416428 -1.345430 -2.075171 1.252517 0.821758 0.264936 0.398205 -0.263099 0.276349 -0.355544 -0.321582 0.268378 0.132730 
0.000000 -29.477445 5.042510 -1.331162 2.226495 1.564197 2.556373 -1.201364 -1.133705 -0.902509 0.948021 0.358785 0.009406 -0.823372 -1.740162 0.311745 -0.233655 0.109566 0.407436 -0.728901 0.011151 -0.102331 -0.322359 0.072650 0.326705 -1.340925 -1.507432 0.955719 0.456999 -1.068416 0.224142 0.642433 0.007337 -0.311182 -0.041588 -0.116033 -0.295347 
347.282013 -30.022472 1.000198 -1.627029 2.130966 -1.220755 2.600373 -0.970590 -1.117036 -0.515980 0.763302 1.041842 0.249736 -1.730180 -4.612042 1.090345 0.906887 -0.632674 1.263804 1.093062 0.511453 0.069668 0.026188 -0.110236 -0.174266 -1.386739 -2.527797 0.825227 0.909351 0.057994 0.227089 0.706338 0.233603 0.204751 0.239038 -0.446542 -0.290232 
228.178833 -32.937806 -4.181575 0.849529 4.040268 0.298849 5.083981 0.984760 -0.110800 -0.763172 1.000398 0.138312 -0.339127 -3.596850 -6.795756 1.962199 1.585047 0.225555 0.861615 0.683776 0.478356 0.307171 0.155717 -0.820434 -0.253760 -2.974586 -1.046024 -0.704091 -0.743500 -0.600028 -1.301476 -0.962088 -0.158561 0.156134 0.125260 -0.046848 0.218897 
233.018280 -37.216171 -12.591315 2.297369 5.301060 -0.769646 4.323602 0.396961 -0.160325 0.098361 1.074736 -0.599027 -0.257784 -7.679352 -6.704090 -0.317837 -0.580114 -1.832730 -1.339148 -0.831113 0.194330 0.381936 0.276709 -0.203932 0.263527 -0.859317 5.632068 -1.414510 -1.993217 -0.442022 -0.444876 -0.383505 -0.152592 -0.629063 -0.769093 0.578759 0.364085 
0.000000 -48.296510 -17.589756 0.213854 2.880041 -3.366611 2.405685 -0.677467 0.277859 0.000699 1.553815 -0.269552 0.187926 -5.315485 4.468379 -0.866821 -2.401387 -0.658490 -0.028137 -0.083234 0.173172 -0.950955 -1.382469 0.337084 0.474410 8.897919 7.641650 1.120718 -0.109163 0.432919 1.870020 0.783592 -0.309495 -0.838365 -0.628793 -0.045654 -0.117972 
0.000000 -47.847140 -3.654556 0.563726 0.498287 -2.086626 4.267328 0.230493 0.186019 -1.803549 -1.690202 0.075141 0.691036 10.116487 8.579210 1.923599 -0.798439 -0.966893 2.400892 0.736071 -0.424659 -1.294794 -0.980878 -0.295241 0.027583 9.160801 -1.543702 0.925076 1.843659 -0.486051 -0.211343 -0.002146 -0.215240 0.605307 1.240412 -0.544365 -0.390428 
293.353790 -28.063536 -0.431335 4.061052 1.283163 -5.300397 7.207469 0.794675 -0.571460 -2.588889 -0.407941 -0.860034 0.243092 13.006117 1.380975 0.983331 1.285930 -1.630592 -0.450823 -0.087526 -0.257309 0.259660 1.098356 -0.751645 -0.306446 -3.171471 -4.037054 -1.652757 0.871332 0.069161 -2.601575 -0.292597 0.430783 0.930344 0.636604 0.288030 -0.011624 
120.788254 -21.834907 -0.892606 2.530388 3.070148 -5.347810 3.365681 0.055440 -0.328598 -1.284230 0.506510 -1.428149 0.078144 3.773544 0.505103 -1.381914 0.944226 -0.828570 -2.802258 0.150876 0.436906 0.565893 0.292329 0.280819 0.004336 -4.666628 -0.199646 -1.730535 -0.572176 0.161270 -0.391489 0.294517 0.376546 -0.151775 -0.653611 0.833938 0.191036 
114.196587 -20.516448 0.578871 1.297223 3.171614 -6.957537 1.602952 1.096428 0.302352 -1.457103 0.176717 -0.298396 0.251764 3.672861 0.981682 -2.477740 0.141577 -1.308052 -1.233802 0.501508 0.495784 -0.043890 -0.208867 0.916231 0.075626 -1.010843 -0.111195 -0.697876 -0.496467 0.198810 0.952947 -0.091549 -0.078683 -0.339551 -0.154994 0.133379 -0.004040 
218.097534 -14.489186 1.070758 -2.425091 3.353303 -7.963914 0.898077 1.058455 0.662970 -1.372010 0.088776 0.404314 0.229397 1.751859 0.282713 -2.777667 -0.048709 -0.430950 -0.896364 -0.032221 0.279539 -0.113210 -0.017659 0.547577 -0.003745 -3.049486 -0.626450 0.619315 -0.510172 0.633472 0.426211 -0.182829 -0.406609 0.189259 0.231209 -0.392364 0.046304 
209.101425 -17.012730 1.144296 -4.258111 3.074197 -7.819438 -0.189776 1.031985 0.861429 -1.683523 0.141399 0.796757 0.244273 -2.426112 -0.271217 -1.239110 -0.878766 -0.041109 -0.381381 0.135849 -0.317434 0.334627 0.253552 0.131503 0.168235 -2.544140 -0.033331 1.919244 -0.205226 1.045170 0.928404 0.366285 -0.164312 0.444691 0.120806 -0.527197 0.001236 
198.770172 -19.341410 0.528324 -4.903311 1.595770 -8.046132 0.135315 1.330154 0.028102 -0.702755 0.595880 0.667321 0.565867 -3.336421 0.216050 1.060820 -0.459161 1.659391 0.960444 0.700349 -0.049086 0.776173 0.223953 -0.506818 -0.001274 -4.722961 1.663638 2.437760 0.607232 1.297533 0.147711 -0.323356 0.023649 -0.081508 -0.462068 -0.400072 -0.229232 
301.417847 -23.685573 1.576396 -2.136470 2.155875 -4.500657 1.731112 2.432683 0.763258 -0.131176 0.589305 -0.216878 0.241725 -11.872034 3.056058 3.636411 0.335698 2.553956 -0.085960 -0.510863 -0.270137 0.171611 -0.670584 -0.668641 -0.290229 -1.025897 1.008152 0.861209 -0.247983 -1.027610 0.029390 -0.371819 -0.182628 -0.817828 -0.383303 0.343757 -0.007220 
276.674347 -43.085478 6.640440 2.369511 2.267166 -2.938219 -0.036605 0.308427 -0.512172 -0.359532 -0.745289 -0.669961 -0.014592 -5.388216 2.232355 2.783238 -0.955127 -0.395830 1.019225 -0.043289 -0.414341 -0.859482 -0.542652 0.180696 -0.015714 6.145476 -2.886524 -2.005913 -0.720782 -2.069621 0.835960 1.007302 0.488628 -0.003935 0.756075 0.251842 0.239305 
360.072723 -34.462004 6.041105 3.430006 0.245621 -5.292316 3.769561 2.346106 -0.065424 -1.850140 -0.495998 0.144513 0.210297 0.418918 -2.716989 -0.375416 -1.105867 -1.585286 1.585961 1.503741 0.707119 0.163741 0.841567 -0.164956 0.188381 0.090111 -4.126936 -2.973884 -0.089773 0.019027 -0.708458 0.006741 0.368795 0.966104 0.526158 -0.399308 -0.123577 
307.417206 -42.247643 1.206462 1.618680 0.055432 -6.108791 3.135317 3.315908 0.902066 -0.032050 0.937844 -0.999874 0.362170 -5.207995 -6.021518 -3.164531 -1.134672 -0.357776 -0.397691 -0.029806 0.323248 1.072726 0.509665 -0.617920 -0.262869 -2.018072 0.054316 -0.022905 1.073333 1.664229 -0.971345 -1.741420 -0.617372 -0.248159 -0.622303 0.301491 -0.115490 
265.949188 -44.877993 -6.001931 -2.899055 -2.023724 -6.007869 2.974179 2.286493 0.581073 0.295311 0.523332 -1.091326 -0.315441 -3.617227 -2.608357 -0.421226 1.040799 1.743173 -0.356729 -1.979100 -0.527625 -0.332576 -0.403040 0.438025 -0.042599 6.668921 4.740888 3.804656 2.277045 0.894726 -0.049199 -0.866775 -0.352942 -0.563984 0.000467 0.520258 0.153809 
0.000000 -49.482098 -4.010252 0.776228 2.137030 -2.622445 2.421860 -0.642291 -0.153185 -0.697203 0.131764 -0.123823 0.276973 8.129848 3.460258 4.444782 3.419417 1.431675 -0.496088 -1.763355 -0.382636 -0.055242 0.510598 0.422597 0.044749 7.135504 2.519854 2.019594 0.125452 -1.782906 -0.504698 1.236528 0.583516 0.575517 0.851227 -0.307739 -0.253885 
0.000000 -28.618298 0.918585 5.990508 4.815109 -3.144519 1.982003 -1.240217 -0.184199 0.184826 1.544529 -0.246132 -0.225942 10.653781 2.431350 3.617961 1.291702 -1.822640 -1.366125 0.493957 0.639407 0.818459 1.299414 -0.177453 -0.550368 -5.264134 -2.595721 -1.882579 -2.058170 -1.257290 -0.138771 1.677555 0.778802 0.221087 -0.158051 -0.317964 -0.182817 
238.796432 -28.174535 0.852448 8.012151 4.720435 -6.267724 -0.310389 0.345623 1.125629 0.939714 2.730591 -0.478728 -0.823763 -2.398420 -1.731184 0.679624 -0.696923 -1.082904 -0.773629 1.591756 1.174967 0.386933 0.194496 -0.213331 -0.320885 -8.124407 -3.085905 -2.201830 -1.158958 1.529766 1.082850 -0.496010 -0.338906 -0.511678 -0.779150 0.140840 0.429094 
241.120743 -33.415137 -2.543783 7.349757 3.421263 -5.310328 0.434744 1.943294 2.165736 0.958691 1.933522 -0.672794 -0.867713 -5.595033 -3.740460 -0.785698 -1.026215 1.236892 0.799575 -0.498064 -0.038406 -0.204897 -0.258886 0.104227 0.307821 -0.538975 -0.553339 -2.046213 -0.480260 1.697279 1.192060 -1.791862 -1.415696 -0.302489 0.027960 0.316980 0.366637 
99.116600 -39.364600 -6.628473 6.440755 2.668005 -3.793941 1.288760 -0.650505 1.048817 0.529921 2.212820 -0.270275 -0.208122 -3.476369 -2.837862 -3.412801 -1.657443 2.311654 1.610491 -1.991969 -1.656424 -0.218045 0.250416 0.420628 0.412389 3.960566 0.812194 -3.708919 -0.821071 0.519841 0.210982 -0.387985 -0.451763 -0.377744 0.172374 -0.017172 0.035495 
0.000000 -40.367876 -8.219507 0.524155 0.106378 -0.687020 3.655727 -2.040645 -1.147112 0.522601 2.434354 0.168461 -0.042935 2.326100 -2.116073 -8.203536 -2.668356 2.276574 1.221539 -1.274034 -0.941931 -0.960386 0.085863 0.069883 0.378810 7.630648 3.117140 0.289107 1.803572 -1.415419 -1.559460 1.079530 1.139166 0.366979 -0.396383 -0.262363 -0.110774 
0.000000 -34.712399 -10.860619 -9.966316 -2.668707 0.759208 3.731838 -3.198573 -0.835045 -1.390850 2.384546 -0.130509 0.549499 11.784927 3.396418 -2.834587 1.949702 -0.519185 -1.508429 0.167090 0.621908 0.515913 -0.542351 -0.104099 0.190840 4.513175 3.587005 4.925762 2.821526 -1.959774 -1.370575 1.006960 0.899619 1.390482 -0.270142 0.137514 -0.305791 
0.000000 -16.798022 -1.426670 -5.145018 4.005782 -1.725390 0.638868 -1.706465 0.096703 1.554426 1.349652 -0.039737 0.338746 11.352451 5.057937 1.647988 2.974697 -1.642974 -1.519611 0.739887 0.857307 1.820578 -0.454421 0.344911 -0.232772 -5.359451 -1.388199 0.996496 -0.947301 0.055552 0.660513 -0.426195 -0.276011 -0.432791 0.322968 0.083874 -0.003436 
338.429749 -12.007498 -0.744745 -6.670340 3.280686 -2.526740 0.692616 -1.718800 0.879568 2.250305 1.475703 0.559314 0.083954 1.066025 0.620020 -0.841595 0.055099 -0.408080 -0.187404 -0.685300 0.069885 -0.349669 0.103585 0.063649 0.183968 -6.340844 -2.389440 -0.863461 -1.278525 0.817785 0.652666 -0.709510 -0.589427 -1.259093 0.247490 -0.290394 0.272068 
165.997375 -14.665972 -0.186630 -6.828209 4.115980 -2.541550 0.264060 -3.077066 0.236473 0.855088 1.556822 0.087561 0.706683 -1.329237 0.279058 -0.078935 0.417647 -0.007405 -0.214278 -0.679133 -0.321548 -0.697608 0.040559 -0.235876 0.311364 -1.197631 -0.170481 0.381330 0.181274 0.200338 -0.013437 0.003084 -0.195716 -0.173970 -0.031513 -0.149763 0.063698 
