368.299164 -23.093030 0.413896 5.015648 -5.376007 -2.351493 2.871388 -0.190243 -1.311065 -1.275950 -1.320981 -0.360643 1.231190 -0.917160 0.875846 -0.055966 -0.170442 -0.250818 -0.100608 0.137215 0.449651 -0.039549 0.289587 0.251412 0.245000 -1.556041 0.472149 0.771306 -0.208760 0.128777 0.073793 0.045535 0.141987 0.280745 0.147790 0.326742 -0.134406 
369.299774 -24.927351 2.165588 4.903715 -5.716891 -2.853128 2.670171 0.084188 -0.411762 -1.355047 -0.741808 0.142182 1.721190 -4.029242 1.820144 1.486647 -0.587961 0.006736 0.046978 0.228286 0.733624 0.521942 0.585166 0.904897 -0.023812 -3.923374 -1.615434 1.543035 0.315415 0.619393 0.251956 0.053182 -0.281883 0.275656 -0.331520 0.374653 -0.202028 
381.995514 -31.151514 4.054183 7.988941 -6.551930 -2.338021 2.965344 0.266330 0.156184 -0.232066 -0.150648 1.449150 1.183567 -8.763909 -2.355022 3.030104 0.460387 0.987968 0.403303 0.243579 -0.114115 0.511763 -0.373454 1.000718 -0.159056 -1.248014 -2.554938 0.206053 0.766098 0.853255 -0.099494 0.218312 -0.998548 -0.912644 -0.763095 -0.350925 0.350516 
378.069153 -42.455169 -2.544457 10.963923 -4.796117 -0.877192 3.476778 0.571347 -0.639993 -0.331521 -1.488716 2.143618 1.403079 -6.525269 -3.289733 1.898753 0.944236 1.713246 -0.152010 0.664910 -1.263472 -1.303346 -0.941023 0.203046 0.677221 5.455501 2.425804 -1.479882 -0.796761 -0.465738 -0.934462 0.429755 -0.095730 -0.378451 0.824002 -0.651653 0.276568 
381.608643 -44.202052 -2.525282 11.786447 -4.663458 1.088471 2.661325 1.596150 -2.370761 -2.838759 -2.032694 1.855242 2.538009 2.147094 2.496587 0.070339 -1.133135 0.056493 -1.465620 1.103089 -0.305575 -0.245140 1.274549 -0.302588 0.394080 6.806577 3.967260 -2.126131 -1.257471 -1.215223 -0.300948 -0.150891 0.447150 0.923207 0.739266 -0.518067 -0.697246 
385.921631 -38.160982 2.448717 11.104602 -7.062386 -0.764206 0.545537 2.777526 -1.251142 -0.821801 1.060382 1.538442 2.191239 7.087885 4.644788 -2.353509 -1.570707 -0.717200 -0.753906 0.363128 -0.369172 0.543069 0.537509 -0.833089 -0.717270 1.911821 -0.002302 -1.913239 0.486376 -0.303974 0.862996 -0.891846 -0.671552 0.272926 -1.454457 -0.647566 -0.477547 
387.615509 -30.026282 6.764293 7.079429 -7.804872 -0.345928 1.153513 2.322405 -3.109104 -1.752621 -0.957677 0.189065 1.103468 5.970736 2.491982 -3.756138 -0.160383 -0.551456 0.260373 -0.680602 -1.648679 0.300712 -1.634365 -1.597720 -0.561013 -3.411265 -3.050617 0.116691 1.107443 0.040706 0.148191 0.032774 0.295085 0.116475 -0.430098 0.054950 0.320099 
363.305847 -26.219510 7.432680 3.592325 -7.383152 -1.867118 1.066282 1.416322 -4.548501 -0.220377 -2.208347 -1.656998 1.069213 0.265354 -1.456447 -2.120128 0.644179 -0.635788 -0.457524 0.428676 0.220998 0.776019 -0.322687 -0.723188 -0.077073 -5.394319 -2.237362 1.812674 0.264858 1.087629 -0.191726 0.677576 1.659252 -0.093640 1.129062 0.997992 0.249166 
348.948486 -29.495574 3.851400 2.839174 -6.516514 -1.617504 0.238465 3.179757 -2.667108 -0.200583 -1.603051 -1.257311 0.949323 -4.817901 -1.982742 -0.130790 0.369332 1.623802 -0.123079 0.674550 1.669824 0.113431 0.623760 0.398264 -0.062682 -2.059022 0.900524 1.300058 -0.313754 1.374941 0.539963 -0.349395 0.267813 -0.332527 0.209309 0.274453 0.155043 
332.436798 -35.855313 3.467197 3.330745 -6.644488 1.380487 0.820125 2.765422 -1.208852 0.006485 -0.960828 -0.860469 0.943849 -3.852691 0.344602 0.479988 0.016671 2.114095 0.622402 -0.270113 0.756624 0.110965 0.095932 -0.174282 0.233013 2.762762 0.590794 -0.387692 0.953679 -1.254559 0.293961 -0.267381 -0.953443 0.066046 -0.325891 -0.040140 0.136461 
327.881378 -37.200955 4.540603 3.799150 -6.483172 2.610686 1.483269 2.639530 -1.153860 0.021347 -1.411187 -1.605875 1.415350 0.707623 -0.801153 -0.906173 2.276690 -0.885315 0.464844 0.139789 -0.237062 0.245524 -0.028022 0.317984 0.210239 5.257202 -1.141310 -1.042844 1.963732 -2.430667 -0.669153 -0.501223 -0.051531 -0.253924 -0.227613 0.430861 -0.034078 
341.285004 -34.440067 1.864890 1.518398 -2.091108 -0.390144 1.749813 3.045000 -1.682975 0.497533 -1.016872 -0.224501 1.364328 6.661714 -1.938018 -1.605700 3.944135 -2.747239 -0.715905 -1.272559 0.653562 -0.396882 -0.359294 0.687441 0.164858 3.363952 0.252918 0.074409 -0.245260 -0.130603 -0.798641 -1.434234 0.476400 -0.585940 -0.262519 -0.497031 -0.283355 
364.889832 -23.877528 0.664566 0.587750 1.405098 -2.883793 0.051459 0.094413 0.153264 -0.772417 -2.129774 -0.230993 1.745065 7.435527 -0.295318 -0.757356 1.786169 -1.146521 -1.132437 -2.728680 0.715738 -0.926356 -0.553059 -0.676079 -0.356471 -2.017722 1.253826 0.396215 -2.488067 0.937702 0.882279 -0.382151 -0.664468 0.246070 0.395746 -0.557969 -0.838741 
366.818207 -19.569014 1.274254 0.003687 1.481231 -2.683186 -0.515061 -2.412359 -0.251499 -1.355179 -2.122990 -1.576659 0.651385 2.626270 0.569634 -0.813271 -1.031999 -0.871834 1.048653 -2.036860 -0.675374 0.095258 0.432199 -0.428498 -1.512624 -4.307777 0.477745 0.090949 -1.656023 0.273577 1.414070 1.052639 -0.906963 0.599324 0.512856 0.545558 -0.345392 
358.531006 -18.624987 1.803834 -1.038792 -0.658899 -4.627462 2.148766 -3.979308 -1.197483 -0.581902 -1.265377 -1.087989 -1.280183 -1.180027 0.660173 -0.575458 -1.525876 -0.599366 1.695703 -0.623402 -1.098188 0.272292 0.472654 0.415038 -1.047256 -3.592067 0.027082 0.426326 0.019124 1.040673 -0.268129 1.854312 0.113287 -0.096868 -0.246281 0.747971 0.978388 
340.885559 -21.929067 2.594599 -1.147229 -1.570522 -3.881919 2.876345 -3.659162 -2.447875 -0.810594 -1.177683 -0.746584 -1.443126 -4.557864 0.623798 0.039381 -0.993750 1.209512 0.512394 1.671765 -0.448800 -0.098479 -0.060364 1.067443 0.444152 -2.366924 -0.393895 0.559198 0.428065 1.435029 -0.705248 1.514854 0.460357 -0.733871 -0.387106 0.085765 1.213138 
327.298920 -27.740716 3.051431 -0.960029 -2.646399 -2.208438 3.173555 -0.635778 -2.095083 -0.778861 -1.386106 1.046898 -0.391879 -5.913875 -0.127617 0.542938 -0.669747 2.270692 0.285207 2.406305 -0.177475 -1.195450 -0.301558 0.586568 1.379021 1.476917 0.646769 0.591419 -0.133247 -0.917284 -0.427066 -0.420959 -0.101726 -0.146678 0.099143 -0.752105 0.056259 
317.002991 -33.756816 2.339365 -0.061353 -2.910017 0.659465 3.446759 1.153448 -2.802825 -3.201494 -1.780799 0.426552 1.314915 -1.604031 1.917336 1.222219 -1.260245 -0.625057 -0.341738 0.829846 -0.652252 -0.391835 0.137921 -0.436766 0.556669 5.320251 1.106078 -0.207280 -0.234965 -2.780713 -0.329853 -1.172337 -0.299055 1.371868 0.582117 -0.397878 -1.024239 
307.960083 -30.948778 6.886103 1.484408 -5.166888 -3.458551 2.490079 1.023915 -3.399587 -1.562531 -1.110265 0.173366 0.721458 4.726628 2.084540 0.128379 -1.139676 -3.290735 -0.374499 0.061632 -0.775584 1.548285 0.862675 -0.209189 -0.669457 2.227176 -1.179287 -1.074521 0.804337 -0.221589 -0.100060 -0.446086 0.535117 0.646835 0.114726 0.299509 -0.517672 
327.027832 -24.303561 6.508444 0.195405 -5.189369 -5.922005 2.697762 1.276711 -4.353994 -0.104923 -0.055450 0.008174 -0.024000 2.850321 -0.441237 -0.926824 0.348429 -1.068234 -0.541858 -0.062326 0.417982 0.901836 0.367372 0.162252 -0.478675 -2.843856 -0.815020 -0.243200 0.225606 2.389458 0.125645 -0.020508 0.702185 -1.106543 -0.400814 0.076638 0.352802 
323.863007 -25.248135 6.003628 -0.369239 -4.470031 -5.595020 1.406364 0.899263 -2.563623 0.241141 -0.375520 0.497870 -0.235891 -0.961084 0.454499 -0.358021 -0.688464 1.488182 -0.123208 0.020615 0.628786 -0.664802 0.061048 -0.055912 0.036146 -2.059905 0.606911 0.675666 -0.471073 1.804999 0.554329 -0.075647 -0.071041 -0.933552 -0.000220 -0.122132 0.279513 
323.129181 -26.225729 7.417443 -0.520637 -6.566297 -2.945641 2.451346 1.317941 -3.096421 -1.434527 0.066646 -0.103650 0.048292 -1.269488 0.772585 0.424508 -0.593717 2.541765 0.566801 -0.213619 0.275901 -0.965268 0.366932 -0.082012 0.080351 -1.888766 -0.610480 0.605990 1.271300 0.386133 -0.287986 -0.276145 0.135796 0.619431 0.242001 0.157043 0.075705 
324.532318 -27.787112 7.548798 0.479778 -5.657465 -0.511491 2.539965 0.472026 -2.011822 -1.689395 0.358344 0.333846 -0.075189 -4.738617 -0.766461 0.853958 1.854137 2.260447 -0.699180 -0.531674 0.900378 0.574060 0.545049 0.258174 0.187557 -2.525237 -3.947618 1.795038 0.596186 -0.883727 -0.594974 0.167133 0.101751 0.691813 -0.505707 0.416867 0.055145 
333.842651 -35.702963 5.884521 1.187279 -2.858023 1.575254 1.052985 0.254593 -1.295665 -0.286407 1.156745 0.412698 0.423406 -6.319961 -7.122651 4.014585 0.598656 0.774310 -0.623147 0.120648 0.479402 0.418359 -0.644482 0.751722 0.190641 3.080675 -4.289665 0.666438 -2.070254 -1.959261 1.118711 0.617879 0.148211 -0.051378 -0.535625 0.148081 0.092542 
331.936340 -40.427034 -6.696504 8.508948 -4.460153 1.037129 1.293671 0.713321 -1.053018 -0.852678 -0.930621 1.837289 0.306093 1.422733 -9.345790 2.186834 -2.286370 -1.658075 1.538241 0.704085 1.196801 0.471304 -0.526200 0.554337 0.372640 5.188317 0.615999 -3.180026 -0.422981 -1.222887 0.804813 -0.099314 0.299236 0.153518 0.540946 -0.651025 0.082574 
0.000000 -32.857498 -12.807059 5.560946 -7.430764 -1.740896 4.129466 1.662762 1.097936 0.656201 0.104344 1.521371 1.168686 4.056673 -5.890652 -2.345467 -0.247307 -1.671464 0.986480 -0.077981 1.077875 0.725394 0.437410 -0.550329 0.355788 -0.952654 5.755760 0.282155 3.337828 1.489953 -1.320090 -1.302771 -0.717466 -0.156441 0.459021 -0.323333 -0.019452 
0.000000 -32.313688 -18.477808 3.818014 -4.954767 -2.305800 3.266630 0.557360 1.102732 0.598110 -0.055801 0.736632 1.017670 -0.482575 2.165731 2.751143 4.389286 1.321831 -1.101940 -1.901458 -0.238131 0.158422 0.391841 -0.092329 0.333736 -2.075221 10.046833 0.301953 0.916099 1.827400 -0.872566 -0.324375 -1.284007 -0.619553 -0.160402 -0.096057 -0.168180 
0.000000 -33.822648 -8.475598 11.063233 1.347808 0.902766 1.925587 -2.140155 0.621674 0.973045 0.888026 1.336714 1.836158 -0.093769 14.203014 -1.741562 1.584891 1.983336 -0.758653 -0.726730 -1.490139 -0.513711 0.116606 -0.742444 0.019428 1.737424 2.895464 -3.703972 -3.640177 -0.777488 0.408971 1.315793 -0.386209 -0.750768 -0.299167 -0.814766 -0.287255 
383.001007 -32.501225 9.928219 0.334891 -1.784985 1.660873 1.749324 -0.896101 -1.877545 -0.429313 0.177411 -0.748255 1.056526 2.992274 7.956658 -4.656801 -2.891069 -0.233145 -0.283997 0.730127 -1.010550 -1.343114 -0.206492 -1.721860 -0.240773 1.909107 -8.388169 1.541587 -1.789879 -1.931460 0.434095 0.782054 1.031376 0.064394 -0.206100 0.248507 0.160242 
358.307556 -27.838100 7.437719 1.749631 -4.434330 0.436476 1.357593 -0.679901 -1.399425 -1.713184 0.475041 -2.107006 1.354611 3.724445 -2.573324 1.341612 -1.994867 -1.879583 0.109536 0.837377 0.572614 -0.384924 -0.295593 -0.245429 0.339913 -1.774105 -4.360395 3.229207 1.034265 -0.617829 0.314815 0.297660 0.695011 0.752818 0.195535 1.500611 0.171278 
359.910095 -25.052335 4.781572 3.018114 -5.774719 -2.098292 1.968396 0.778653 -0.732317 -1.199160 -0.413775 -1.239113 1.736352 -0.555936 -0.764131 1.801613 -0.822540 -1.468803 0.345633 1.325447 0.379472 0.162521 0.184577 1.279362 0.101783 -5.142313 1.233801 0.307737 1.378993 1.162117 -0.324657 -0.146760 -0.118182 0.139492 0.286659 0.533178 -0.336641 
369.122772 -28.949972 5.909457 5.352856 -6.079409 -2.501131 2.048858 1.970993 -0.640481 -1.388141 0.844196 0.451719 1.558177 -6.560181 -0.105722 1.957086 0.763118 0.444651 -0.539777 0.543857 0.336250 -0.105939 0.277726 0.820926 -0.333369 -7.752915 -1.550951 -1.345592 1.486360 1.354841 -0.768411 -1.103348 -0.143396 -0.004786 -0.463520 -0.646984 -0.116781 
378.309235 -38.172697 4.570127 6.932286 -4.248483 -1.208989 0.888841 1.866368 -0.059818 -1.411039 0.141677 0.402740 1.069614 -16.061767 -3.866033 -0.889570 2.150181 1.240878 -1.191189 -0.881249 0.092681 0.152950 -0.742462 -0.014606 -0.131779 1.238720 0.551944 -2.199222 -0.119174 0.383480 0.561237 -0.042461 -0.174817 0.315441 -0.206065 -0.116268 0.287783 
380.448639 -61.073506 -1.822608 3.573716 -1.779048 -0.019374 -0.333520 0.208495 -0.455118 -1.082241 -0.640729 0.422507 1.294620 -4.082742 0.998165 -2.441358 0.524770 1.211611 0.582696 0.458935 -0.013385 0.524942 -0.134403 0.588390 0.242198 15.520596 5.063722 0.577729 -2.667338 -0.657502 1.029345 1.219062 -0.633367 -0.225126 0.313267 0.103448 0.131415 
378.635986 -46.338181 6.566457 2.049570 -3.198943 1.214232 2.054233 2.784237 -0.086587 -0.361155 -0.127130 1.579521 1.554009 14.979424 6.261411 0.265888 -3.184496 -0.074125 0.867501 1.556875 -1.174052 -0.297303 -0.115928 0.192291 0.131051 7.609439 0.265132 1.100586 -1.268658 -1.274344 -0.682484 -0.722849 -0.768671 -0.524806 -0.061073 -1.032631 -0.351737 
381.498993 -31.114657 10.700214 4.105492 -8.148039 -0.167625 1.401482 3.322244 -2.803223 -1.676847 -0.872585 0.807089 1.556721 11.136135 1.528428 -0.240186 -2.012547 -1.337078 -0.782272 -0.986763 -1.550727 -0.524670 -0.256550 -1.476871 -0.461277 -6.170973 -3.820028 -0.975778 1.682935 -0.281290 -0.493978 -1.523612 0.583820 0.337655 0.040092 -0.384446 -0.632343 
362.717255 -24.065911 9.623313 1.569198 -7.224037 -1.459925 0.489689 0.810711 -3.188041 -1.410496 -0.640230 -1.374221 0.631455 2.637477 -1.378646 -1.685668 0.181374 -0.636706 -0.120456 -1.490349 -0.006412 0.378007 -0.035745 -0.576600 -1.133635 -7.749306 -1.528676 0.031577 1.162968 0.972226 0.877853 0.553250 1.529446 0.355770 0.101607 1.301933 0.086896 
339.911346 -25.839703 7.942922 0.734155 -7.785291 -1.441038 1.160570 0.341547 -2.816047 -0.920833 -0.944075 -0.346111 -0.710550 -4.362476 -1.528923 -0.177032 0.313389 0.607373 0.973434 0.119738 1.508166 0.186869 -0.053335 1.126996 -0.287485 -4.716446 0.729346 1.067130 1.078970 1.178287 0.213278 1.173660 0.528052 -0.466187 0.021274 0.523754 0.978792 
326.102325 -32.790863 6.565467 1.215134 -6.597260 -0.245178 2.436557 1.050186 -0.171710 -1.036757 -0.746900 0.879770 0.056485 -6.795414 0.080047 0.448591 2.339315 1.719869 0.306099 0.856972 1.049692 -0.554367 0.006804 0.470909 0.823948 0.848042 0.652985 -0.321560 1.166693 -0.264528 -0.922231 0.643774 -0.517780 0.334565 0.475004 -0.439211 0.393142 
319.417847 -39.430531 8.103016 1.631337 -3.106661 1.998700 1.772769 2.055491 -0.716662 -2.029566 -0.930467 0.595707 0.937347 -2.666392 -0.222954 -0.820152 2.646774 0.078316 -0.871027 1.407286 0.472605 0.855999 0.896672 0.248574 0.498799 7.402310 -2.320861 -0.584409 0.153707 -1.972421 -0.630789 -0.567169 0.102256 0.837463 0.210100 -0.169753 -0.444995 
328.897827 -38.123646 6.119560 -0.425171 -1.303712 -0.088545 0.694503 3.864758 0.773500 0.675242 1.046444 1.376919 1.054083 8.009205 -4.561676 -0.720228 2.646728 -2.224973 -0.955479 -0.277367 1.254205 1.120559 0.427003 0.131402 -0.066041 6.395712 -1.708994 0.899152 -0.406184 -0.705341 0.239063 -2.158265 -0.320079 -0.654010 -0.918937 -0.573506 -0.589524 
356.736603 -23.412120 -1.020337 0.190881 2.186795 -2.451247 -0.138189 1.500757 1.791747 0.211552 -0.076461 0.858511 0.805266 10.125032 -3.640942 0.978152 1.834406 -1.332365 -0.392901 -2.909243 -0.167553 -0.452021 -0.941202 -0.898438 -0.680249 -2.020117 3.115122 0.040879 -1.887391 1.064472 0.573649 -1.214690 -1.237567 -0.731933 -0.250372 -0.619704 -0.322278 
371.699280 -17.873582 -1.162325 1.531134 2.365099 -2.753276 -0.091299 -1.953728 0.438393 -0.228800 -0.835960 -0.419957 -0.306415 3.968971 1.668569 -0.638469 -1.128053 -0.096029 0.191820 -2.706747 -1.220929 -0.343306 -0.073741 -1.108007 -0.710597 -5.714868 3.569380 -1.911008 -1.983891 0.691376 0.375309 1.235201 -0.490307 0.221021 0.925909 0.241170 0.021077 
365.718170 -15.474178 2.316801 -1.086058 -0.069311 -2.643305 0.245450 -3.912737 -0.650111 -0.475061 -0.223943 -1.357502 -0.615928 -1.304703 3.497817 -2.843863 -2.133377 0.050387 0.357718 -0.438841 -1.148167 -0.009979 0.910615 -0.416098 -0.638095 -4.681960 0.917562 -0.943090 0.057864 0.373589 -0.132071 2.361029 -0.036685 0.420931 0.352197 0.633614 0.378845 
346.473297 -20.482989 5.833310 -4.156591 -1.901656 -2.652503 0.624136 -2.831411 -1.857942 -0.248758 0.985271 -1.252153 -1.582605 -5.394950 3.503693 -2.524650 -1.012325 0.651150 -0.072323 2.015311 -1.294299 0.498555 0.630652 0.159221 0.047092 -1.719062 -1.128691 1.178990 0.709881 0.337542 0.003438 1.300466 0.203161 -0.134827 -0.784667 0.463918 0.942878 
326.394073 -26.264077 9.324186 -6.135359 -2.093961 -1.341005 0.100805 0.117885 -3.238709 0.522050 1.037361 -1.039059 -0.521744 -4.742828 1.240435 -0.485882 -0.713616 0.725470 0.364594 2.162091 -0.741845 -0.279634 -0.658719 0.511737 1.247661 0.752593 -2.928079 2.292286 0.538983 -0.317548 0.305936 -0.899620 0.577408 -0.352444 -0.556214 0.024450 0.049745 
311.733612 -29.968645 8.314180 -5.128356 -3.328887 -1.201563 1.353323 1.492771 -3.341631 -0.808025 -0.332167 -0.228678 0.912716 -3.889763 -2.352466 2.059922 0.065641 0.016053 0.539550 0.216072 -0.139484 -0.206333 -0.481775 0.208121 0.146583 4.221588 -1.334084 0.969924 -0.059906 -1.060277 0.080502 -0.970778 0.164680 0.052452 0.414667 -0.280020 -0.789748 
307.123627 -34.043603 4.619255 -2.015515 -1.962679 -1.308899 1.179904 0.550030 -3.517677 0.109384 0.073811 -0.622817 -0.228579 3.700349 -1.427734 1.453966 -0.833427 -1.395085 0.525597 0.220536 -0.412484 -0.174730 0.170616 -0.048302 -0.331835 5.697364 1.147295 -1.027630 -0.951986 -1.284210 -0.225252 0.106664 0.062781 -0.116113 0.158402 0.278133 0.168493 
312.493439 -22.567947 5.458712 -2.220424 -4.995741 -3.991733 2.404516 1.933842 -4.166600 -1.157486 0.009065 -0.325283 0.249047 7.504965 -0.057875 0.004662 -1.838330 -2.552367 0.089046 0.429401 -0.013922 -0.438559 -0.164970 0.764388 0.483570 -0.938446 0.236927 -0.440384 0.437268 0.203652 -0.684908 -0.634722 0.564672 0.250858 -0.193461 0.173773 0.037463 
315.034576 -19.033674 4.503505 -2.006191 -5.639340 -6.413633 1.357997 1.408831 -3.545521 -0.767734 -0.256128 0.905960 0.738561 1.823458 -0.953880 0.573198 0.041109 -0.987780 -0.844218 -1.048908 0.716859 0.326985 -0.216305 0.299243 -0.256909 -4.298982 0.517986 0.067943 1.075443 1.828787 -0.351671 -0.551011 0.186112 0.199662 0.166474 -0.614642 -0.817484 
311.970215 -18.921031 3.550953 -1.074028 -4.913523 -5.967294 0.716080 -0.163974 -2.732881 -0.503516 -0.423546 0.273204 -0.264772 -1.092999 0.978096 0.140548 0.312556 1.105207 -0.614296 -0.672621 0.358302 -0.039235 0.167979 -0.464896 -1.151398 -3.008135 1.888195 -0.937660 0.566707 1.809782 0.286249 0.505640 -0.394332 -0.209253 0.564672 -0.233352 -0.319059 
315.656372 -21.219672 6.459698 -1.725095 -5.014228 -4.203219 0.129404 0.063590 -2.828917 -0.846204 0.079829 -0.023832 -1.564235 -4.192813 2.822510 -1.302122 1.174524 2.631784 -0.271721 -0.037627 -0.071804 -0.091522 0.913038 -0.167461 -0.895028 -5.577629 -1.187340 -0.175778 0.555718 0.721809 0.615107 0.507340 0.036891 -0.056671 0.135753 0.206376 0.690200 
315.016754 -27.306657 9.195973 -3.678272 -2.564475 -0.703725 0.172639 -0.239229 -2.876489 -0.686560 1.402530 -0.061717 -2.054827 -12.248256 -1.396583 -0.211009 1.423992 2.548825 0.615918 0.342059 0.432084 -0.152577 0.439485 -0.052143 0.229002 -1.310007 -7.388541 2.037230 -1.451905 -1.156297 0.523979 0.291475 0.893649 0.284826 -1.301720 -0.090345 0.844719 
324.985199 -45.716184 3.666531 -2.147112 -2.166244 0.894430 1.361241 0.747708 -1.964749 -1.151358 0.958799 -0.128118 -1.106232 -6.812827 -11.954573 2.772339 -1.729287 0.319190 0.776237 0.545324 1.715494 0.478131 -1.690403 -0.348151 0.794411 10.124735 -4.747581 1.254158 -1.245314 -1.631364 -0.396116 -0.609968 0.642421 0.848322 -0.932584 -0.180529 0.371330 
315.274658 -40.932311 -14.713172 1.866406 -6.023048 -0.065346 1.725113 0.851418 0.554500 0.269703 -1.978275 -0.758020 -0.466006 8.001214 -10.891745 2.297308 -1.066635 -0.713904 -0.176313 -0.877877 1.716926 1.544068 -1.425683 -0.413201 0.971663 7.194906 6.564829 0.044517 2.332073 0.387060 -0.441438 -1.127491 -0.684613 0.375483 1.252542 0.292836 0.175148 
0.000000 -29.713756 -18.116959 2.447503 -4.299515 -0.533379 1.008615 -1.008046 1.469104 1.936777 -1.892566 -0.954520 0.837094 7.576986 1.175085 2.861374 2.934860 1.093310 -0.106639 -1.709658 0.346268 1.229098 0.814682 0.237521 1.144707 -1.962475 9.222419 -0.378337 0.810794 1.115520 0.362892 0.115727 -1.454694 -1.154799 1.138370 0.479938 -0.535245 
0.000000 -25.778339 -12.363003 7.589154 -0.153329 2.121274 1.511836 -2.567897 1.247036 2.727899 -0.348911 -0.282978 1.823408 4.076264 7.553092 1.540633 0.554953 1.517135 0.549471 -0.646423 -1.192462 -0.765530 0.851057 0.546674 -0.098827 -3.442835 4.123444 -3.191527 -2.698244 -0.854105 -0.163366 1.483723 -0.728652 -1.819414 -0.300866 0.024002 -1.058959 
0.000000 -21.561228 -3.010775 5.528770 -3.189609 2.500892 2.107556 -2.300891 -0.915821 0.405718 -0.190453 0.138829 0.639439 0.691316 9.421973 -3.521680 -2.461629 -0.614900 -0.433371 1.257788 -1.111035 -2.409729 0.212951 0.285525 -0.973210 -3.726094 -0.182995 -2.337647 -0.469802 -1.515749 -0.755881 1.386254 0.557858 -0.145100 -0.452283 -0.274893 -0.164076 
351.097565 -24.395708 6.480943 0.545794 -5.076586 0.891474 0.645094 -0.052321 -0.975035 -2.091560 0.076992 0.288071 -0.123013 -3.375923 7.187102 -3.134661 -0.384650 -1.514362 -0.962291 2.126086 -0.076747 -1.055730 -0.053509 -0.003112 -0.426979 -0.823297 -4.244511 2.378151 1.058842 0.075280 0.172597 -0.126963 0.625869 1.329571 -0.127145 -0.162414 0.733602 
354.503998 -28.313074 11.363429 -0.740552 -3.958910 -0.527832 0.182974 1.951280 -1.069314 -1.705743 -0.297472 0.132605 -0.214518 -0.955278 0.932950 1.234622 -0.343944 -0.464339 -0.088178 1.003861 0.140703 0.249413 -0.041339 -0.039303 0.493993 2.189664 -4.347697 2.506228 -0.259066 0.879838 0.552587 -1.062012 0.132295 0.556117 0.099701 0.020771 0.483362 
362.880035 -26.306265 8.346844 3.015039 -5.764475 -0.037204 0.468739 1.955401 -0.693629 -1.592733 -0.005685 0.209465 0.864974 1.003404 -1.508292 1.877796 -0.902783 0.245314 0.142883 0.002061 0.187842 0.056505 0.145893 0.038430 0.539746 0.979341 -1.220621 0.321587 -0.279419 0.354827 0.115530 -0.500900 0.023570 -0.096454 0.093616 0.038866 0.022876 
