0.000000 -24.346543 -12.192496 -3.466501 -0.551066 -2.963851 4.488299 2.581081 -0.872102 -0.504027 1.302382 -0.422111 0.096644 -5.341613 0.987344 2.010136 2.390605 1.006025 -0.209035 -1.026035 -0.329118 -0.064175 -0.323731 0.220491 -0.079419 2.501449 1.543021 -0.832022 0.794873 0.682901 -0.605361 -0.488648 0.085791 0.023096 -0.138435 -0.357295 -0.232082 
0.000000 -35.029769 -10.217807 0.553770 4.230144 -0.951801 4.070229 0.529011 -1.530338 -0.632376 0.654920 0.018872 -0.062194 -0.338715 4.073387 0.346092 3.980351 2.371826 -1.419757 -2.003331 -0.157536 -0.017982 -0.600600 -0.494099 -0.543583 5.864069 0.962091 -2.001565 -0.648784 0.065785 -0.629157 -0.018164 0.722841 -0.138595 -0.166226 -0.285660 -0.088107 
301.106750 -25.023973 -4.045722 -2.774318 7.409635 1.779802 1.648786 -1.425581 -1.187173 -0.539991 0.101182 -1.410308 -0.990522 6.386524 2.911527 -1.992994 1.093037 1.137596 -1.467349 -1.062364 1.116564 -0.341365 -0.656183 -0.350829 -0.255633 -0.013045 -1.617457 -0.303343 -2.274989 -1.054473 0.856075 1.257759 0.761103 -0.366005 0.098876 0.557553 0.241640 
290.202026 -22.256721 -4.394753 -3.432217 6.416217 1.323390 1.135531 -1.595716 0.702791 -1.315107 -0.657446 -0.682785 -0.573459 -0.364804 0.838472 -0.260595 -0.569627 0.262881 0.292394 0.512187 1.364670 -0.749992 -0.402849 0.621008 -0.060303 -4.606747 -0.473339 1.162392 -0.219061 -0.197596 1.711275 1.281459 -0.886402 -0.060710 0.731554 0.285391 -0.238120 
279.966858 -25.753582 -2.368777 -3.295508 6.270380 2.305563 2.233573 -0.401207 1.542166 -2.039975 -0.704515 -0.168292 -1.111128 -2.826970 1.964848 0.331790 0.654915 0.742403 1.955202 1.500555 -0.656239 -0.462785 0.806926 0.219953 -0.731872 1.215101 -0.786880 -0.207217 -0.305721 -0.460973 0.636606 -0.092333 -1.296739 0.837000 0.557125 -0.158365 -0.126525 
265.217407 -27.910662 -0.465056 -2.768637 7.726047 2.808197 5.045935 1.405393 -0.609688 -2.240678 0.956405 -0.242880 -2.037203 2.065397 -0.735288 -0.675030 -1.181070 -0.659066 1.565605 0.327521 -1.228808 0.924008 0.711402 0.304278 -0.313353 2.522855 -4.100533 -1.216740 -2.029328 -1.094317 -1.057609 -1.399161 0.388963 0.803032 -0.700024 0.113996 0.660775 
259.972626 -21.622788 -3.839354 -4.645567 3.908241 0.987431 5.364783 0.253834 -0.915451 -0.191959 0.718289 0.440264 -1.737834 2.218740 -6.236218 -2.101689 -3.403742 -1.446231 -0.160016 -1.297767 0.121686 1.143279 -0.593123 0.447945 0.589677 -4.374594 -1.905724 0.318269 0.475963 -0.263378 -1.114914 -0.775375 0.429949 -0.280104 -0.296497 -0.190684 0.420375 
0.000000 -23.473181 -12.937492 -6.972015 0.918563 -0.084264 4.725903 -1.190141 -0.366316 0.045881 -0.229841 0.653010 -0.857849 -6.683792 -4.546737 -0.038491 -0.229145 -1.185821 -0.664223 -1.223228 -0.368911 0.363800 0.118409 -0.077089 0.527396 -2.898932 5.739017 1.866656 3.064830 1.311868 0.284610 1.056168 -0.181139 -0.864397 0.487517 -0.379357 -0.667298 
0.000000 -34.990372 -12.932828 -4.722548 3.449951 -1.384212 4.036338 -2.192622 -1.653272 0.535641 0.955106 0.286086 -0.683042 -3.579123 5.241817 1.631623 2.725918 1.177505 0.409205 0.814570 -0.240592 -0.585515 0.381912 -0.310770 -0.744920 7.116130 5.785684 -0.220824 1.039388 1.144056 0.572404 1.054932 0.552425 -0.529352 0.011189 0.074713 -0.723864 
0.000000 -30.631427 -2.453858 -3.708768 6.370398 2.270746 5.544313 0.438998 -0.847501 -1.125149 0.533982 0.031470 -2.347688 7.548468 7.024630 -0.480138 1.849631 1.102291 0.480586 0.886636 0.735939 -0.694903 0.140786 0.072336 -0.920332 3.162829 -1.947983 -1.250622 -1.454847 -1.335770 -0.365543 -0.840465 0.319447 0.403625 0.114005 0.379100 0.312762 
239.164719 -19.893436 1.116433 -5.682825 7.149213 0.820371 4.997509 -0.419350 -0.181394 -0.854165 1.236679 0.430758 -2.523706 2.746535 1.345850 -0.869621 -0.183776 -1.494036 -0.321882 -0.866360 0.398301 0.221736 0.609922 0.447431 -0.119396 -7.605226 -4.599556 0.742257 -1.329735 -0.516157 -0.151498 -0.213993 -0.881503 0.235647 -0.156715 -0.232387 0.194473 
234.714478 -25.138356 0.237843 -5.448011 6.002847 -0.717326 4.900549 -1.293723 -0.050898 -0.681677 1.753826 0.926331 -2.586480 -7.661984 -2.174481 1.004375 -0.809838 0.069978 0.177590 0.458650 -1.027067 -0.223609 -0.172644 -0.392437 -0.531385 -4.488735 -3.249150 1.269307 -0.580195 1.333681 0.642128 0.201909 -0.580375 0.005032 -0.610434 -0.367768 0.098624 
281.625854 -35.217404 -3.232530 -3.674074 5.529537 0.960326 5.352689 0.497950 -2.235527 -1.301382 0.891392 -0.354116 -3.586477 -6.230935 -5.152450 1.668993 -1.344166 1.173325 0.962374 -0.462543 -0.762449 0.231799 -0.610946 -0.288105 0.077853 5.127376 -1.071689 -0.828139 0.107579 0.068433 0.340014 -0.872395 0.659849 0.485385 0.118736 0.288792 0.739065 
287.017517 -37.600226 -10.067057 -2.110025 3.314516 1.629325 6.825298 -2.218808 -1.575795 -0.218079 0.531933 0.350122 -2.430774 2.592768 -4.317860 -0.651903 -0.594681 0.206843 0.857617 -1.286140 0.292632 0.747161 0.064829 0.185147 0.946745 5.802720 3.238705 -1.071387 1.096053 -0.304223 -0.867348 0.267279 0.577359 0.093705 0.352835 0.130598 0.380133 
286.484955 -30.031868 -11.868250 -4.977879 4.340175 1.374012 7.067923 -2.074330 -1.650263 0.192940 1.021050 0.016177 -1.692986 5.374505 1.324960 -0.473782 0.847941 0.564880 -0.772321 0.072016 0.392270 0.419209 0.094723 -0.026908 0.838119 -1.812441 4.376894 0.750736 0.254554 0.719449 -0.587007 0.959018 0.046360 -0.143485 0.154200 0.185131 -0.132570 
0.000000 -26.851215 -7.417138 -3.057588 5.010397 2.759085 5.280655 -2.074776 -0.791255 0.620339 0.721380 0.296305 -0.754536 -1.032115 4.435928 0.849569 -0.085573 1.645740 -0.316398 0.631897 0.385352 0.460191 0.373229 0.555409 0.681606 -3.210532 1.636312 0.054359 -0.722929 -0.082140 0.851695 0.122243 -0.460790 -0.569847 -0.096383 0.297913 -0.847456 
215.624893 -32.096098 -2.996394 -3.278741 4.169028 4.665492 6.435128 -0.810536 -0.879560 1.113322 1.767509 1.126994 -0.329774 -1.046559 4.597584 -0.365064 -0.597918 0.400599 0.931068 0.316503 -0.529309 -0.720486 -0.098043 0.568917 -0.856792 3.494044 -0.083646 -1.086856 -0.439218 -1.978842 -0.951127 -0.417334 -0.313584 -0.788821 -0.590013 -0.287408 -0.602677 
0.000000 -28.944334 1.778030 -3.787717 3.814561 3.560283 7.142792 -1.441771 -1.849873 -0.820633 0.525295 1.434140 -2.468121 5.955974 4.268637 -1.324143 -0.964010 -2.311943 -2.218651 -0.202772 -0.241817 -1.117452 -0.806797 -0.019406 -0.523748 3.006120 -1.132797 -0.795059 -0.309088 -1.826191 -2.141743 0.238318 0.367107 0.217950 -0.057331 -0.273657 1.043608 
204.919373 -20.184150 5.540879 -5.927026 2.241009 0.041606 1.997826 -1.216079 -1.363193 -1.121582 0.153916 1.088181 -1.377271 4.965680 2.331990 -1.955183 -1.216094 -3.251782 -3.352418 0.793138 0.204905 -0.284585 -0.212704 0.021602 1.230424 -3.527288 -1.376731 -0.011738 0.360751 0.225018 0.472460 0.787493 0.223379 0.573209 0.423356 0.312058 0.551986 
203.858841 -19.012974 6.442009 -7.698082 1.382374 -2.943282 0.437956 0.144506 -1.440063 -1.389803 0.099886 1.477345 -0.007274 -1.098603 1.515174 -1.347619 -0.242508 -1.861907 -1.273731 1.372214 0.204941 0.028967 0.039915 0.604709 0.580223 -3.617784 -0.681198 0.939866 0.705191 1.630901 1.554654 0.089902 -0.066540 0.272382 0.126009 0.087906 -0.609247 
205.737793 -22.381356 8.571227 -8.622265 1.755993 -3.682208 -0.549637 1.528350 -0.953311 -1.063648 0.233745 2.297599 -0.216824 -2.269888 0.969594 -0.075451 0.194289 0.010021 -0.243110 0.972942 0.071824 0.260179 0.039314 0.197415 0.011930 -1.871122 -1.595513 1.640907 0.291354 1.992986 1.446826 -0.786582 -0.036724 0.225223 0.054117 -0.463426 -0.268960 
205.345825 -23.552750 8.381198 -7.848985 1.770952 -2.923241 -0.048265 2.090390 -1.296415 -0.869446 0.178513 1.872175 0.016585 -4.840846 -1.675851 1.934194 0.340201 2.124064 1.619921 -0.200949 0.131493 0.479414 0.148149 -0.322143 0.042302 -2.180482 -2.898749 0.866532 0.787499 1.003182 0.501777 -0.262579 0.344053 -0.041093 -0.173024 -0.574181 0.148889 
209.245575 -32.063049 5.219524 -4.753877 2.436395 0.565919 2.690205 1.126452 -0.690325 -0.104819 0.530043 1.653313 -0.132220 -6.630852 -4.827904 1.657613 1.769287 2.016384 0.760444 0.447784 0.759930 0.177993 -0.306735 -0.950946 0.309708 4.015133 -2.171777 -0.997312 0.245752 -0.946704 -0.974793 0.329784 0.068228 -0.448101 -0.280716 -0.379510 -0.161916 
222.310303 -36.814454 -1.274609 -4.533759 5.309526 1.109527 1.472623 2.985957 0.223445 -0.513461 -0.434956 -0.029718 0.636002 3.189420 -6.019404 -0.060430 0.831706 0.230656 -0.329666 0.458619 0.267950 -0.416788 -0.413283 -1.081163 -0.281530 6.358861 3.092489 -0.392594 -1.263710 -0.792161 0.061372 0.024946 -0.344855 -0.288360 0.072375 0.133579 -0.728533 
0.000000 -25.684209 -6.819285 -4.874738 4.099806 1.027232 2.030874 2.043690 -0.154425 -0.938396 -0.296523 -0.509014 -0.695280 6.086869 1.357075 0.872426 -0.758133 0.432062 0.883188 0.497676 0.070220 -0.398728 -0.161985 -0.683789 -1.147357 -1.914895 6.559319 0.378120 -0.542986 0.169015 0.348542 -0.000145 -0.229248 0.627346 0.256113 -0.032180 0.187422 
260.036621 -24.640715 1.439540 -2.788907 3.793260 1.973652 3.238998 3.981310 0.363886 -1.310916 -0.758927 -1.397295 -1.658711 -0.640370 7.099234 0.695809 -0.254266 0.568687 0.367418 0.458328 -0.190547 0.837904 0.098944 -1.145523 0.093313 -4.666289 1.960069 -0.437388 -0.620317 0.165817 -0.790021 -0.736761 -0.153091 0.969875 0.523484 0.047551 1.051385 
257.882690 -26.964949 7.379184 -3.483119 3.591275 2.164606 2.765710 2.960347 -0.535518 0.737413 -0.098636 -2.800061 -0.508654 -3.245708 5.277213 -0.002351 -1.998767 0.763696 -0.696855 -0.975846 -0.235962 1.541023 0.884983 -0.588687 0.955414 -3.208956 -2.438068 0.372340 -1.275219 0.176294 -0.375141 -0.895935 0.413508 -0.184137 0.199451 0.995505 -0.034495 
246.044312 -31.132131 11.993967 -2.793610 -0.204274 3.501043 1.845289 2.029618 -0.108038 1.771129 1.011038 -2.574670 0.252117 -7.058282 2.223097 1.440489 -2.804705 0.921274 -0.382864 -1.333542 0.636470 0.469630 0.497846 0.845486 0.024322 -5.362215 -4.496172 1.540379 0.842495 -0.492455 0.177205 0.322944 0.173795 -1.169157 -0.489174 0.873495 -0.470345 
234.638443 -41.081513 11.825378 -0.602142 -2.018134 4.007155 1.999982 0.293264 0.737421 1.676672 0.897057 -1.109089 -0.460009 -13.970138 -3.715132 3.078407 -0.313777 -0.221215 -0.342446 -0.329958 0.111628 -0.797292 -0.093364 1.158303 0.014724 -4.446467 -5.057355 0.574596 2.262625 -0.708300 -0.421938 0.792698 -0.255662 -0.711647 -0.336853 -0.154626 0.265417 
222.132217 -59.072408 4.563703 3.363204 -0.831828 3.058614 1.160398 1.369701 0.115219 0.176545 0.824309 -0.258064 0.281566 -15.951216 -7.891613 2.589680 1.720545 -0.495326 -1.226741 0.251854 0.125145 -0.953665 -0.175860 0.536234 0.555157 9.649470 1.964818 -3.845702 0.660908 -0.667865 -0.649119 0.537617 -0.009011 -0.046465 0.386799 -0.555499 -0.425564 
220.236588 -72.983946 -3.957848 4.577218 1.422956 3.016502 -0.453500 0.796971 0.987711 -0.230659 0.545336 -0.036621 0.650305 5.328801 0.214504 -4.612996 1.008039 -1.556945 -1.640684 0.745275 0.093607 -0.890222 0.680233 0.047305 -0.836404 19.090358 7.083075 -3.048512 -0.523130 -1.143933 -0.141355 0.014533 -0.156647 0.019976 0.357063 -0.381817 -0.848630 
252.828522 -48.414806 4.992712 -5.862789 1.184249 -0.055276 -2.120970 2.860252 0.302432 -1.603898 2.184774 -0.163454 -1.391242 22.229500 6.274536 -3.507345 0.674286 -2.783193 -1.509451 0.280921 -0.188149 -0.913714 0.538265 -0.227400 -1.142103 2.813337 0.536912 3.660679 -0.175429 -0.507892 0.521478 -0.922438 0.012748 0.408347 -0.681010 0.091548 0.338068 
0.000000 -28.524946 8.591223 -2.437472 2.771528 -2.549884 -3.472402 1.358812 0.611414 -2.058087 1.621865 -0.491420 -1.633901 10.955476 1.288328 2.708361 0.657180 -2.572729 -0.597728 -1.099601 0.119104 -0.073528 -0.681787 0.230401 -0.160269 -10.875722 -3.356548 1.937810 -0.413050 0.493682 0.565134 0.014957 -0.064040 0.781469 -0.446017 0.423660 0.739001 
0.000000 -26.503854 7.569368 -0.446067 2.498609 -5.200734 -3.316426 0.661049 0.540640 -1.750954 0.821200 0.297347 -1.711779 0.478055 -0.438559 0.368275 -0.151815 -1.795830 -0.379182 0.310834 -0.316228 0.649224 -0.353770 0.619920 0.335899 -5.797851 -1.163690 -1.200608 -0.750408 0.989526 0.079972 1.095195 -0.232098 0.082311 0.480481 -0.086744 0.369395 
0.000000 -27.568835 7.714104 -1.700921 2.467898 -6.141543 -4.230767 1.980480 -0.021042 -0.759639 0.914325 0.748421 -0.962103 -0.640226 -1.039052 0.307145 -0.843636 -0.593676 -0.437783 1.090789 -0.345093 0.091094 0.279174 0.056912 0.578521 -0.224593 -0.564051 0.262339 -0.712213 1.064938 0.066934 0.269782 0.135418 -0.607272 0.225119 -0.346459 -0.131385 
109.764847 -27.784306 5.491265 0.168222 0.811336 -6.388086 -4.191992 2.842628 -0.149546 -1.568766 1.379549 0.411172 -0.554737 0.028870 -1.566662 0.892954 -1.576242 0.334045 -0.245313 0.850398 -0.045393 -0.565321 0.096468 -0.072998 0.073130 -0.442513 0.389274 -0.539598 0.080890 0.678614 -0.041745 -0.237892 0.104407 -0.156647 -0.448401 -0.000495 -0.181454 
0.000000 -27.511095 4.580780 0.084986 -0.684585 -5.473453 -4.721393 3.681277 -0.111828 -1.890281 1.107261 0.602424 -0.815843 -1.525253 -0.260504 -0.772051 -0.681855 0.763552 -0.521273 0.615004 -0.136278 -0.222200 -0.617628 0.055923 0.215613 -3.950267 0.928514 -1.131819 0.876371 -0.055508 -0.013258 -0.409433 -0.060569 0.211342 -0.262276 -0.112658 0.319374 
0.000000 -30.834812 4.970257 -1.375880 -0.552374 -4.860983 -5.234538 4.072637 -0.422103 -2.013167 0.144293 0.523018 -0.123511 -7.871663 0.290366 -1.370684 0.176499 0.223029 -0.271829 0.031532 -0.166531 -0.142636 -0.428084 -0.298314 0.711877 -6.046741 -0.298526 -0.377432 -0.181921 0.167487 0.783470 -0.955280 0.058803 -0.088755 0.450590 0.107251 -0.240490 
0.000000 -43.254422 5.161512 -2.656381 -0.331586 -5.027395 -5.265052 3.744341 -0.444891 -2.175553 0.251094 0.005796 0.607911 -13.618735 -0.857556 -1.526914 -1.045697 1.098525 1.045667 -1.295556 -0.018672 -0.399710 0.283552 0.270426 -0.265367 6.930309 0.872469 -0.829951 0.018212 0.736973 0.433812 -0.130143 -0.075654 0.125370 0.650264 0.515115 -0.652171 
0.000000 -58.072281 3.255144 -4.429709 -2.643768 -2.663932 -3.143205 1.481525 -0.459446 -2.812587 0.711396 1.063869 -0.654245 5.988955 2.035304 -3.030585 0.212924 1.696975 0.595794 -0.228754 -0.317839 0.108103 0.872444 0.731916 -0.592465 15.771909 1.585357 -0.491819 1.571690 -0.496661 -0.580802 1.053703 -0.352657 0.926362 -0.022800 -0.048990 0.126910 
0.000000 -31.276511 9.232121 -8.717552 0.094262 -1.633446 -4.073464 3.286832 -1.080569 -1.959348 1.995983 1.469629 -0.577020 17.925084 2.313159 -2.510551 2.097683 0.105203 -0.115938 0.811851 -0.723985 1.453013 0.237951 0.172445 -0.011547 -0.119853 -1.872413 1.450042 0.154884 -1.110613 -0.074104 -0.060062 -0.288278 0.589723 -0.899651 -0.349278 0.129526 
0.000000 -22.222113 7.881462 -9.450812 1.551598 -2.453525 -3.375081 3.105227 -1.907416 0.093438 1.187299 1.408760 -0.677339 5.749250 -1.709522 -0.130502 0.522693 -0.524252 0.447585 -0.348879 -0.894396 1.287549 -0.926858 0.033361 -0.333413 -8.499622 -1.719127 1.454110 -1.378767 -0.273971 0.238909 -0.619873 -0.076409 -0.887212 -0.325609 -0.146458 -0.247684 
267.479889 -19.778010 5.813077 -8.978556 1.139648 -2.681950 -3.178294 2.589074 -2.869361 0.615749 0.142267 1.536350 -1.243847 0.925840 -1.125095 0.397669 -0.659851 -0.442738 0.361881 -0.427896 -0.876803 -0.321411 -0.413268 -0.120471 -0.506916 -2.870627 1.050795 0.136828 -0.370486 0.279279 0.047705 0.069143 0.191297 -0.687827 0.784230 -0.158824 0.126063 
285.116760 -20.370434 5.631271 -8.655473 0.231897 -3.339002 -2.651319 2.249436 -3.661022 -0.549384 0.360764 1.167817 -1.691171 0.007996 0.392067 0.143155 -0.218278 0.034305 0.542996 -0.210593 -0.511803 -0.088106 0.641601 -0.284288 -0.081288 -0.305942 0.744027 -0.152534 0.816426 0.283150 -0.016999 0.202679 0.426758 0.599774 0.461668 0.068326 0.437745 
300.717987 -19.762019 6.597211 -8.692247 0.703092 -2.613340 -2.092303 2.167888 -3.892967 0.439537 1.425469 0.967775 -1.406423 0.313956 0.362959 0.092601 0.973002 0.123562 0.327884 -0.022537 -0.023286 0.878137 0.510068 0.016181 0.368575 -0.310239 -0.259735 0.007498 0.692581 -0.465279 -0.300714 -0.138554 0.353599 0.020018 -0.427956 0.165918 0.143066 
314.171875 -19.742521 6.357188 -8.470271 2.177901 -3.091878 -1.995552 2.204363 -3.707594 1.206890 1.380899 1.200178 -0.954021 -0.612482 -0.127403 0.158151 1.166884 -0.896254 -0.058432 -0.487702 0.195395 -0.048070 -0.214310 0.047548 0.204844 -2.406240 0.101468 0.883074 0.108658 -0.242390 -0.034630 0.239749 0.608068 -0.869795 -0.623779 -0.050443 0.007351 
313.363647 -20.986984 6.342405 -8.375945 3.036860 -4.405847 -2.209166 1.192485 -3.502177 0.343397 0.996850 1.062871 -0.996735 -4.498523 0.565895 1.858750 1.190317 -0.361219 0.258623 0.456962 1.192851 -0.861453 -0.737489 -0.084705 0.383276 -3.450759 0.461963 2.164377 0.489762 0.518613 -0.009363 0.963916 0.563795 0.002149 -0.129030 -0.192497 0.295898 
291.391907 -28.739568 7.488979 -4.752771 4.558536 -3.814316 -1.478305 3.118287 -1.321893 -0.516015 -0.094079 1.030768 -0.187469 -7.514000 0.796522 4.486904 2.146409 0.140971 -0.077158 1.440130 1.322984 -0.043773 -0.472370 -0.337445 0.796640 -0.285502 -0.781273 1.411444 0.159857 0.009711 -0.450394 -0.458620 -0.466747 0.672565 0.615870 -0.068026 0.104828 
236.015701 -36.014984 7.935450 0.597863 7.329677 -4.123904 -2.363482 4.072745 -0.856209 0.255851 0.052110 0.387980 0.596545 -5.069528 -0.996650 4.681639 1.510031 -0.341798 -0.642164 -0.460278 0.259357 0.483678 0.494250 -0.220756 0.592932 5.171225 -1.918746 -2.090220 -1.994335 -0.486321 0.320172 -1.023402 -0.128894 -0.144639 0.319737 0.082641 -0.628094 
226.717560 -38.878623 5.495679 4.610506 7.578598 -4.497912 -2.762634 2.197730 -0.803179 0.451341 0.894421 0.589256 0.998396 2.828450 -3.040969 0.306464 -1.842261 -0.831671 0.563187 -0.606674 1.065196 -0.333051 0.167104 -0.172163 -0.459547 7.077112 0.156873 -4.034947 -2.059437 0.185970 0.495625 0.144337 0.278212 -0.673394 -0.393980 0.156743 -0.606729 
231.381897 -30.358084 1.853511 1.210792 3.645156 -5.787246 -1.237108 2.859398 1.274183 -0.410251 0.386319 0.043654 -0.322548 9.084697 -0.682904 -3.388256 -2.608842 0.030142 0.349085 -0.171605 0.815780 -0.863110 -0.293710 0.092729 -0.620526 1.496302 2.699721 -1.907938 0.458921 0.910760 -0.662867 0.220105 -0.987238 0.122364 -0.146435 0.441082 0.329367 
240.047211 -20.709229 4.129870 -2.166006 2.360913 -4.437628 -2.064463 1.854520 0.828382 -1.274878 0.307001 0.774713 -0.242657 5.821054 2.358473 -3.509412 -0.924419 0.989849 -0.762547 -0.166463 -0.909281 -0.088323 -0.125765 0.710001 0.199188 -5.079418 0.727040 0.898290 0.698714 0.140243 -0.417253 0.310049 -0.823976 0.657404 0.149184 0.170238 0.384045 
247.238144 -18.715976 6.570456 -5.808033 1.796319 -3.807547 -2.762202 2.526473 -0.544379 -0.586898 0.134788 1.463657 0.075827 -1.074140 0.771176 -1.591676 -1.211415 0.310628 -0.485421 0.448493 -0.832172 0.451698 0.004659 0.433204 0.147564 -5.759397 -2.538825 1.253534 0.367477 -0.757727 0.932604 -0.020816 0.498186 0.081482 0.204288 -0.421775 -0.257822 
259.819946 -22.857509 5.672222 -5.349358 -0.061917 -3.816372 -3.035305 2.751507 -0.835962 -0.371483 0.316318 1.641121 0.052472 -5.697741 -2.719178 -1.002345 -0.189464 -0.525605 1.102660 -0.208095 0.087090 0.074641 0.282810 -0.133549 -0.316455 -1.744367 -2.654559 -0.243485 0.933393 -0.404783 1.092526 -0.517133 0.576524 -0.427626 0.326914 -0.463340 -0.120626 
266.979340 -30.111457 1.132101 -7.812722 1.417391 -4.858758 -0.556882 2.110282 -0.370199 -0.437615 0.700408 1.196558 -0.557084 -4.562874 -4.537943 -2.078646 0.655371 -0.498938 1.699631 -0.585772 0.320876 -0.403555 0.658487 -0.493477 -0.093687 0.963181 1.107795 -0.344372 0.286491 0.632593 -0.376821 -0.157202 0.005893 0.237572 0.281320 0.152513 0.040542 
0.000000 -31.983257 -3.403665 -9.506650 1.248824 -4.814248 0.363958 1.579964 -0.194209 -1.178592 1.633291 0.654168 -0.134902 -3.771379 -0.503588 -1.691089 0.383518 0.739581 0.349018 -0.522499 0.098876 0.549785 0.845449 0.171476 -0.235372 4.112387 4.612279 1.226803 -0.046049 1.126508 -1.261466 -0.374156 -0.242470 0.413235 -0.381192 0.189630 -0.196134 
0.000000 -37.654215 0.124925 -11.194900 2.184427 -3.379596 0.141155 1.065284 -0.172446 0.661954 2.391307 1.539511 -1.027827 3.661900 4.686615 0.374959 0.563273 1.754078 -0.823300 -1.334084 -0.164064 0.422915 -0.103898 -0.114216 -0.485955 5.830845 1.940230 1.434488 0.348839 0.044185 -0.816024 -0.651723 -0.250104 -0.448966 -0.967994 -0.211973 0.097326 
147.796829 -24.659457 5.969565 -8.756732 2.375370 -1.306091 -1.282642 -1.088204 -0.522338 -0.332763 1.425495 0.425736 -1.106811 7.890311 3.376871 1.177886 1.081196 0.827951 -1.283029 -1.825945 -0.401332 -0.348147 -1.090538 -0.252470 -0.040721 -1.298406 -2.448889 -0.003174 0.790422 -0.449996 0.346255 0.263001 -0.009027 0.135914 -0.283822 -0.271968 0.340426 
307.777405 -21.873594 6.878667 -8.839128 4.346818 -1.723694 -2.424904 -2.586606 -0.975110 -0.034340 0.210231 1.034570 -1.109269 1.065088 -0.211163 0.368611 2.144117 0.854086 -0.130790 -0.808082 -0.182119 0.694744 -0.671543 -0.658152 0.194897 -4.804601 -1.620161 -0.395830 0.343892 0.682711 1.157526 1.656601 0.233977 0.238345 0.498012 -0.138629 0.113224 
300.714020 -22.529282 5.547239 -8.019510 6.663604 0.402081 -1.544222 -2.704367 -0.886575 1.056725 0.082409 -0.890569 -0.717018 -1.718891 0.136549 0.386227 1.768979 2.193373 1.032022 1.487257 0.066621 0.128543 -0.094513 -0.529729 0.185728 -1.228067 0.506713 -0.196097 -0.766766 0.138200 0.361236 1.177109 0.102236 -0.555866 0.320470 0.545497 -0.102647 
285.031891 -25.311375 7.151766 -8.066674 7.884775 2.663052 -0.360859 0.387907 -0.841867 0.222746 0.021205 -0.024887 -0.737812 -1.391047 0.802263 -0.023582 0.610586 1.130485 0.591682 1.546137 0.022354 -0.416989 -0.030602 0.432841 -0.010397 0.163922 0.332857 -0.204905 -0.579197 -0.531444 -0.220170 0.029440 -0.022134 -0.272766 0.031955 0.481285 -0.098063 
