232.620834 -22.226576 9.093021 -8.667174 4.874681 -0.255986 -1.512161 0.341865 -1.480139 1.579314 0.374553 -0.813303 0.387415 -2.481628 0.091677 1.850538 0.784734 0.419867 -0.344265 0.223301 0.491354 -0.683325 -0.436364 0.057594 -0.066366 -0.681112 -0.169719 0.444157 -0.048486 0.237595 0.176292 -0.224202 0.159779 -0.231175 0.179151 0.048715 -0.287600 
261.270782 -27.189832 9.276375 -4.966099 6.444149 0.583747 -2.200691 0.788467 -0.497431 0.212664 -0.498176 -0.698116 0.254684 -3.843852 -0.247761 2.738852 0.687762 0.895056 0.008320 -0.225103 0.810912 -1.145676 -0.078062 0.155024 -0.641565 -0.215383 -0.642150 0.236679 -0.412342 0.199921 1.101065 -0.700273 -0.087268 -0.160695 0.470569 0.145319 -0.167683 
273.735138 -29.914280 8.597499 -3.189469 6.250205 1.534126 -1.495521 -0.108341 0.141685 -0.712038 0.218428 -0.503255 -0.895714 -2.912394 -1.192622 2.323896 -0.039951 0.819708 1.857866 -1.177245 0.316818 -1.004715 0.504773 0.348231 -0.401731 1.041179 -0.103736 -1.497691 -0.459584 0.460657 0.874756 -0.076947 -0.594656 0.100050 -0.012752 0.488251 0.314864 
263.262939 -33.014621 6.891131 -0.318306 6.364246 2.223163 1.515041 -1.566022 0.136204 -1.796766 0.511369 -0.001654 -0.548778 -1.761494 -0.455232 -0.256529 -0.231406 1.816371 1.757832 -0.378997 -0.378400 -0.945576 -0.103567 1.131526 -0.011837 2.242259 0.433726 -2.896702 0.378254 0.616742 -1.372265 1.062601 -0.910945 0.323848 -0.230617 -0.251457 0.187717 
0.000000 -33.437268 7.687035 -3.702527 5.787394 5.166867 2.020142 -0.866336 -0.615115 -2.603189 0.011294 1.759797 -0.919388 1.572124 -0.325169 -3.469508 0.716556 2.053192 -0.886665 0.947957 -1.505071 -0.357020 0.043540 -0.154683 -0.026298 1.669921 -0.303913 -0.523974 0.628779 -0.955735 -1.578630 0.025509 -0.292526 0.544501 0.285683 -1.192196 0.033601 
202.011826 -29.870373 6.240792 -7.257322 7.797358 6.329547 -0.258289 0.329891 -2.873939 -2.510806 0.598449 -0.311021 -0.601374 1.578348 -1.063058 -1.304477 1.026151 -0.095100 -1.399429 -0.327980 -0.963453 0.143426 0.467799 -1.252866 0.055366 -0.111948 0.357660 1.794632 -0.757885 -1.957496 0.553989 -1.124175 0.686113 0.731074 -0.173503 0.210272 0.028527 
0.000000 -30.280572 5.560918 -6.311482 7.839696 4.976668 -0.778715 -1.522295 -2.542021 -2.316338 0.946892 -0.745936 -0.808656 1.348227 0.390150 0.119756 -0.799214 -1.861800 0.221313 -1.300393 -0.132846 1.105127 -0.303466 0.265861 0.030756 -0.407093 0.857795 0.860748 -1.111669 -0.608883 1.310107 -0.196451 0.794478 0.489894 -0.364327 0.978806 -0.214403 
0.000000 -27.173919 7.021092 -7.017810 6.198931 2.605947 0.184336 -2.270896 -3.139631 -0.300551 -0.008484 0.220701 -0.539861 0.764161 0.652533 0.417019 -1.197187 -1.312865 1.220785 -0.720882 0.625502 1.123214 -0.260856 0.704745 -0.373441 -1.826879 -0.523425 1.408944 0.107600 0.583001 0.288844 0.925077 0.941569 -0.541635 0.231934 -0.023805 -0.157358 
203.919937 -28.752250 6.865984 -5.477443 5.445322 2.350938 1.662854 -2.964059 -1.291016 -0.069909 0.425180 0.663554 -1.555538 -2.305530 -0.656700 2.937645 -0.584013 -0.695798 0.799000 0.549760 1.750292 0.021857 0.160402 0.218251 -0.283960 -2.443840 -1.103793 1.262782 0.753825 0.789584 -0.444601 0.521576 0.190518 -0.840147 0.333574 -0.562242 0.122038 
224.502502 -31.784978 5.707691 -1.142521 5.030904 1.214350 1.782337 -1.171376 0.360953 -0.256838 0.312319 0.657202 -1.107782 -4.123518 -1.555053 2.942582 0.310463 0.266302 0.331583 0.322269 1.006539 -0.557080 0.406291 -0.419739 -0.129364 -2.392066 -1.514945 -0.404622 0.313249 0.580018 0.072867 -0.681159 -0.782243 -0.256903 -0.125745 -0.377724 -0.000261 
241.675720 -36.999286 3.755878 0.407721 6.066249 2.883543 2.326019 -2.319520 0.722062 -1.184069 1.237763 -0.175924 -1.814267 -7.089662 -3.686590 2.128401 0.042485 0.464237 0.944734 -0.812558 0.185806 -0.491950 -0.091089 -0.537197 -0.284482 2.866789 -3.223246 -0.985436 -1.398747 -0.434675 0.262410 -0.089095 -1.106382 0.284561 -0.410509 0.455907 0.276137 
253.904068 -45.964302 -1.665489 3.114281 5.115875 2.142824 3.671805 -2.796493 0.732565 -1.240738 0.130142 -0.417192 -1.676747 1.610060 -8.001546 0.971711 -2.487031 -0.603048 0.856403 0.144079 -1.206225 0.012041 -0.414727 0.492074 0.422911 9.147745 2.038807 -2.090000 -1.196789 -0.236001 -0.641819 0.394385 -1.104251 0.212225 0.010951 0.305443 0.362475 
0.000000 -33.779167 -12.247214 2.351143 1.092186 1.677447 4.038824 -2.031363 -1.690388 -1.159986 0.408310 0.808225 -0.968445 11.205829 0.391025 -2.051598 -2.351092 -0.007766 -0.338903 -0.023787 -2.022695 -0.067500 -0.069186 0.073690 0.440467 1.951643 7.697222 -1.640795 1.225646 -0.325933 -0.718907 -0.268151 0.400961 -0.246927 0.072273 -0.668174 -0.160195 
321.099365 -23.552645 -0.883439 -0.988916 0.413691 2.127293 2.993998 -2.844068 -3.312824 -1.375737 -0.008231 -0.269812 -0.795813 5.513346 7.392899 -2.309880 -0.035739 -1.254913 -0.581412 -0.392224 -0.404302 -0.481812 -0.270181 -0.844273 0.102520 -5.871191 1.375290 2.004943 0.747381 -0.920323 0.354862 0.495107 1.512974 -0.279729 -0.419501 -0.179243 -0.131059 
326.667084 -22.752476 2.538584 -2.268616 1.020708 -0.832380 2.876000 -2.815812 -2.498993 -2.123610 -0.132053 -0.880321 -0.763406 -0.536552 3.141604 1.958288 -0.856329 -1.848412 0.370821 0.966426 1.003254 -0.626959 -0.908188 -0.284796 0.178348 -2.230049 -3.535863 2.552758 -0.275027 0.469351 -0.215501 1.108909 1.120537 0.477898 0.018923 0.530747 0.076753 
312.337402 -24.625750 5.399770 2.927661 -1.298968 -1.569530 3.735640 -0.911216 -1.306316 -2.629654 -1.824607 -0.839404 -0.439117 1.053248 0.321173 2.795636 -0.585792 -0.316211 -1.012414 1.825593 1.836771 0.473985 -0.232335 0.217222 0.256026 -2.886810 -0.622711 -0.762736 0.463394 0.990491 -0.825083 -0.237821 0.057006 0.915624 0.943379 0.333973 -0.089107 
0.000000 -20.645981 3.180929 3.322656 -0.150877 -1.464801 0.851173 0.835374 1.174548 -1.175641 -0.596724 -0.445876 -0.251354 -6.310172 1.896183 0.432815 0.070458 0.132570 -1.279344 0.490783 1.117266 1.204290 0.978571 0.383151 0.000135 -6.517628 1.875632 -1.267790 -0.015843 0.362202 0.446246 -0.823863 -1.056551 -0.210466 0.044237 -0.058434 -0.035112 
161.660583 -37.246094 9.192135 3.793292 -1.158052 -1.304391 1.176951 0.070350 0.928215 -0.221074 0.132534 -0.073103 -0.438848 -11.982008 4.072436 0.260055 -0.617479 0.408192 -0.119922 0.177867 -0.276331 0.053052 -0.143862 0.100354 0.185803 6.307407 -0.679694 -1.788821 -0.138773 0.002783 0.144444 -0.617214 -0.367702 -1.060903 -0.849473 0.273482 0.014493 
0.000000 -44.609996 11.325802 3.842765 -1.385835 -0.648417 0.611328 1.191108 0.621887 -1.069537 -0.884448 -0.245169 0.120251 6.304643 0.536795 -3.144827 -0.207087 0.138136 -0.990456 -0.743645 0.381862 -0.917516 -0.720375 0.930114 0.029121 12.159651 -3.050350 -2.079579 -0.135455 -0.397937 -0.088978 -0.691829 0.330049 -0.111582 -0.018195 0.560059 -0.190118 
223.545822 -24.636809 10.265726 -2.496362 -1.572227 -1.028118 -0.803960 -1.416941 1.691940 -2.056107 -1.308216 1.787126 -0.380606 12.337295 -2.028264 -3.899103 -0.888389 -0.387682 -0.297878 -1.205791 0.383767 -0.170111 -0.180252 1.220471 -0.194434 -2.153879 -0.979718 1.458941 -0.483813 0.051021 0.449996 0.607887 -0.039065 0.672307 0.388422 -0.458126 0.182640 
222.363739 -19.935406 7.269273 -3.955441 -3.162612 -1.423781 0.015572 -1.220473 1.389421 -1.409759 -1.244952 2.195772 -0.268616 1.996884 -1.422641 -0.226945 -1.174714 0.240179 -0.090464 0.472128 0.303732 0.427097 0.056468 0.013863 0.394400 -6.886639 1.196817 2.794165 0.837183 -0.126115 -0.116298 0.832826 -0.243054 0.096277 0.327897 -0.914391 0.214597 
231.527679 -20.643040 7.420444 -2.950252 -3.921655 -0.547759 -0.984888 -0.472684 2.299404 -1.201912 -1.195279 1.814851 0.408195 -1.435982 0.365369 1.689228 0.785978 -0.639912 -0.530474 0.459862 -0.102341 0.022442 0.475542 -0.608311 0.234760 -3.208688 1.514856 1.469876 1.728067 -0.900677 0.070272 -0.083730 -0.512004 -0.233996 0.265709 -0.190042 -0.202141 
245.275650 -22.807370 8.000012 -0.576985 -1.590656 -2.703605 -1.045376 -0.300750 1.184739 -1.364875 -0.293868 0.979150 0.200905 -4.420493 1.607070 2.712806 2.281420 -1.561174 0.050081 0.304668 -0.720276 -0.040895 0.587886 -0.366221 -0.009882 -2.516832 0.735978 0.681155 0.404208 -0.219343 0.424773 0.042910 -0.362970 0.717044 -0.170749 0.058445 0.157997 
248.245483 -29.484025 10.634585 2.475361 0.641184 -3.670107 -0.884727 0.136652 0.858852 -1.283703 -0.019506 1.082409 0.388431 -6.469646 1.837325 3.051538 1.594394 -1.078599 0.319071 0.545682 -0.828281 1.456531 0.134044 -0.491421 0.550755 0.937107 -0.478119 -1.016040 -0.854172 1.072318 -0.049951 -0.055996 -0.084697 0.339750 -0.322710 -0.097668 -0.221770 
246.210312 -35.746662 11.674663 5.526091 1.598132 -4.860803 -0.407233 0.790615 -0.471824 1.548187 -0.025780 -0.003693 1.302416 -2.546278 0.650832 0.680726 0.573076 0.583462 -0.049821 0.192676 -0.889669 0.638605 -0.057534 -0.561557 -0.453422 4.707177 -1.214666 -2.792522 -0.862539 1.356165 0.037936 -0.052854 0.297360 -1.318623 -0.280415 0.201772 -0.832268 
229.385483 -34.576581 11.936249 3.836813 1.787336 -2.503184 -0.984369 0.522004 -0.920486 -0.006493 -0.134575 -0.040705 -0.518413 2.944708 -0.592007 -2.533506 -0.130683 1.633731 0.394943 0.439974 -0.233561 -1.180715 -0.426785 -0.087876 -1.113780 4.523221 -2.795059 -1.837604 -0.041474 0.184552 0.252452 0.180095 1.021082 -0.705193 -0.173755 0.293341 0.160139 
199.968857 -29.857246 10.490648 0.459079 1.336766 -1.593341 0.382653 1.670564 -0.938945 -0.813244 -0.879351 -0.179445 -0.925144 6.500164 -4.939285 -2.994481 0.490127 0.952566 0.455082 0.552866 1.152496 -0.771782 -0.405045 0.025124 -0.133144 -1.075013 -2.940721 0.528601 0.595565 -0.635769 -0.113886 -0.429610 0.429950 0.489203 0.186297 0.035664 0.771032 
185.170853 -21.576253 2.057679 -2.152149 2.767590 -0.598053 -0.074204 1.627735 1.384505 -1.550057 -0.944665 0.009544 -0.784700 0.794682 -6.473450 -1.476303 1.060446 0.362194 0.167172 -0.419245 0.626339 -0.202309 -0.054190 -0.016548 0.428285 -6.320704 -1.264493 1.073878 0.314262 0.432346 0.749530 -0.586839 -1.467566 0.635630 0.771485 0.033781 -0.058791 
86.683632 -28.267881 -2.456251 -2.493527 3.457657 -0.868954 0.716997 0.832073 0.313732 -1.217862 -0.987732 -0.212541 -0.068574 -6.141244 -7.468271 -0.846726 1.118652 1.817257 1.954143 -0.620812 -1.782636 0.499478 1.137925 0.092686 -0.250726 -2.962112 0.918371 -0.454526 -1.239272 0.250096 0.662660 0.314079 -0.685935 0.180875 0.409780 0.077413 -0.094159 
0.000000 -33.858741 -12.878864 -3.845601 5.004894 3.036461 3.834082 0.386111 -2.180767 -0.551100 1.331185 0.194917 -1.286152 -5.129541 -4.636708 -2.385355 -1.418099 0.862385 1.492492 0.208913 -0.745532 0.159441 0.765369 0.138277 0.239968 2.492207 8.055092 0.739017 -1.711970 -2.303108 -1.546872 0.420454 1.359008 -0.547449 -0.565735 -0.181668 0.807496 
0.000000 -38.526964 -11.729666 -7.264237 0.621460 0.855816 3.701980 1.249899 -1.177332 -0.898979 0.543006 0.064014 0.411361 -1.156829 8.641913 0.631308 -2.305288 -2.788960 -1.139601 0.220097 0.935380 -0.595421 0.006456 -0.270650 1.364265 4.163888 8.456861 1.433921 -0.093262 -0.554544 -1.794614 -0.501668 0.663023 -0.082416 -0.549821 0.263680 -0.123509 
0.000000 -36.172400 4.404962 -2.582986 0.394318 -2.541459 1.554880 0.826305 -0.310008 -1.741941 1.344096 -0.346384 1.442378 3.198235 12.277015 0.482487 -1.604622 -0.246702 -2.096736 -0.794422 0.580514 -0.005392 -0.334273 0.665637 -0.007050 2.698982 -2.985579 -1.473077 0.732237 2.091787 0.154536 -0.665828 -0.415046 0.503733 -0.122399 0.219811 -0.744676 
188.348938 -32.130494 12.824364 -6.299263 -2.587784 0.362411 -0.491492 -0.338945 -0.016304 -0.909763 -0.125540 1.395288 0.397261 4.241135 2.670755 -2.314846 -0.840814 1.394615 -0.830528 -1.111558 0.105287 0.412046 -0.238342 0.168972 -0.125087 -0.670058 -7.228904 -0.432069 2.053878 0.210832 1.124066 0.405318 -0.695536 0.078349 0.551254 -0.819226 0.047169 
172.661560 -27.690130 9.746473 -7.212677 -1.287311 0.247770 -0.106176 -1.396811 -0.099434 -0.917850 0.867412 -0.008441 1.192204 1.858119 -2.180793 -0.381651 2.503134 0.174961 0.151396 0.016213 -0.810559 0.151306 0.768236 -0.972816 0.087287 -3.394316 -1.632329 1.767921 2.197796 -0.358821 -0.148186 0.939799 -0.436037 -0.010511 -0.278217 -0.163430 0.009587 
179.899307 -28.414256 8.462778 -7.062566 2.418485 0.712334 -0.188700 -0.306519 -1.637421 -0.607150 1.410932 -0.550344 0.571835 -2.547497 -0.593903 1.220996 3.554778 0.676972 -1.126901 0.768040 -0.766787 0.391023 -0.794775 -0.157889 -0.105913 -3.345458 1.174248 1.569216 -0.219693 0.172931 -0.947071 -0.060708 0.852758 0.208200 -0.917575 0.552443 0.239679 
193.880203 -32.785125 8.558666 -4.770686 5.822245 1.601715 -2.359978 0.139268 -1.633008 -0.135803 -0.722139 -0.324220 0.980378 -4.832797 0.167703 2.756781 2.063748 0.520824 -1.742746 -0.105202 0.894958 0.567706 -1.066914 0.132070 0.566646 -1.129330 0.756949 0.858719 -2.375222 -0.028421 0.605886 -0.885454 0.967805 -0.018935 0.471079 0.071748 -0.072989 
209.046768 -38.079850 8.798184 -1.549005 6.545981 1.753982 -3.674191 -0.516924 0.152495 0.528262 -0.722895 -0.286205 1.705127 -4.806157 0.919995 2.938434 -1.195666 0.620130 0.084871 -1.002868 1.168823 0.353154 0.147382 -0.014393 -0.251891 1.303204 0.409105 -0.723821 -1.932977 0.490663 1.777452 -0.427288 -0.949427 -0.722547 0.891507 0.301940 -0.871940 
214.575623 -42.397440 10.398657 1.106182 3.430913 2.841976 -2.190236 -1.866468 0.704637 0.570506 -0.427375 -0.353007 0.476597 -2.226389 0.985912 1.309139 -1.802207 1.502150 1.812158 -0.959779 -1.003896 -0.877389 0.716100 0.735949 -1.177234 4.003517 -0.667900 -2.736171 0.665685 0.276587 0.498764 0.953903 -1.205284 -1.167215 -0.029348 0.382505 -0.025308 
207.620728 -42.532629 10.770009 1.069273 2.941566 4.758282 -0.049875 -2.436481 -1.855297 -1.226515 0.709305 1.185693 -0.649341 3.200878 -0.415804 -2.533908 0.135703 1.173305 1.082400 0.904939 -1.241746 -1.981277 0.088687 0.750617 -0.302507 3.628530 -0.908704 -2.522195 1.425674 -1.060196 -1.060989 0.794918 0.058146 0.444456 -0.324410 -0.455005 0.899742 
192.750778 -35.995684 9.567048 -3.961634 3.702319 5.188585 -0.025436 -0.056590 -1.778855 -3.392048 -0.250002 1.148228 -0.128416 5.030671 -0.831495 -3.735250 1.049141 -0.618241 -0.309819 0.630057 -0.887604 0.011524 0.067281 -0.174062 0.622251 -1.256751 0.485634 0.512992 0.055042 -1.019830 -0.820638 -0.961013 0.272966 1.921716 0.126250 -0.590788 0.372615 
184.912186 -32.471288 9.107018 -6.401228 5.039848 3.521800 -0.669514 -1.176368 -3.630504 -1.203467 0.843867 0.837569 0.595161 0.687375 0.555463 -1.507925 0.245786 -0.866355 -0.558876 -1.017087 -0.695815 1.862156 0.341187 -0.430959 0.442724 -5.234071 0.856920 2.848633 -1.028000 0.933682 0.186630 -0.988261 0.737978 0.504276 -0.211721 -0.322206 -0.318885 
180.936630 -34.620935 10.677974 -6.977484 4.193891 3.455875 -1.143188 -2.090765 -3.170485 0.332265 0.432371 0.286310 0.757031 -5.437471 0.882346 1.962017 -1.006859 1.249123 0.063440 -1.346465 0.588353 1.020076 -0.356161 -0.818473 -0.015518 -5.026465 -1.279703 3.378689 -0.291810 1.087752 0.939272 0.377904 0.767150 -0.694983 -0.144188 -0.100625 -0.382451 
184.602478 -43.346230 10.871709 -2.477195 3.026130 6.020047 -0.542634 -3.869297 -2.453798 0.836686 0.131545 -0.799377 0.564124 -9.365555 -2.003943 5.249454 -0.337834 1.309149 1.319668 -0.261279 0.838486 0.472190 0.052810 -0.632208 -0.322179 -1.219447 -3.295236 1.569444 0.833739 -1.397145 0.596783 1.506529 0.643642 -0.981139 0.354075 0.565559 0.009495 
199.174881 -53.352045 6.670088 3.521424 3.518222 6.074173 1.496149 -2.613324 -1.493514 1.276645 0.537991 -0.978106 0.112674 -7.876365 -5.708126 5.100905 0.660619 -1.545167 1.257006 1.666593 1.875636 -0.942202 0.351990 0.312645 0.003471 4.493396 -4.773131 -1.977773 0.544378 -2.063574 -0.652049 1.415324 -0.010574 -0.366224 0.404571 0.644088 0.241606 
207.018600 -59.098960 -0.544543 7.724615 4.347368 2.929713 1.971377 -0.536110 1.297474 -1.047718 0.835524 -0.174086 0.571066 -0.378763 -11.550206 1.293909 0.750921 -2.817999 0.015570 2.569369 0.817337 -0.260257 0.861951 0.655969 0.161034 9.839238 3.006579 -2.621100 -0.535726 0.486794 -0.659218 -0.802488 -2.074228 0.733546 -0.180437 -0.418025 -0.260185 
389.179565 -54.109572 -16.430324 6.109242 5.020064 0.438176 1.527289 2.525415 0.141161 0.756132 2.261894 0.333832 0.434742 11.802111 0.305031 -0.141294 -0.410833 -0.571580 -0.061431 0.061616 -2.272819 0.524889 -0.008884 -0.523405 -0.516899 5.196915 12.798888 -2.215734 -1.647011 1.637842 0.141515 -1.921695 -1.156357 -0.204248 -0.569206 -0.712745 -0.370152 
0.000000 -35.494738 0.065519 7.442027 3.525702 1.786554 1.848515 -0.412878 -3.248164 0.002061 0.817756 -1.220897 -0.462732 10.015066 14.047571 -3.137559 -2.543102 0.457685 0.298600 -1.274022 -1.495376 -0.668752 -0.276462 -0.769521 -0.579271 -7.047500 3.693824 -1.587523 -1.608157 -0.235600 0.202339 0.134206 1.692653 -0.399368 -0.168079 0.487824 0.272312 
0.000000 -34.079440 11.664818 -0.165876 -0.066139 1.353546 2.124489 -0.022629 -2.849592 -0.581373 1.708971 -1.205209 -0.723799 -2.292889 7.692679 -3.316341 -3.627147 -1.042780 0.343247 0.330029 1.112488 -0.273847 -0.345042 0.452243 0.027726 -8.587986 -6.881284 2.667984 1.015625 -0.675456 -0.497907 0.753108 1.484440 0.455245 -0.304841 0.612559 0.384212 
260.629944 -40.080516 15.450877 0.809346 -3.728592 -0.299007 2.535009 0.247180 -1.023189 -0.545632 0.127673 -0.316411 -0.407280 -7.160906 0.285004 2.198409 -0.511852 -0.893228 -0.697215 0.232194 1.473503 0.241738 -0.886144 0.455598 0.189152 1.430602 -4.089719 2.294581 2.395198 -0.266544 -1.251687 0.224490 -0.156369 -0.363900 -0.139960 -0.039041 -0.092032 
236.549545 -48.401252 12.234825 4.230942 -1.089843 -0.432910 0.730059 0.441759 0.097415 -0.097896 -0.063316 -0.294013 -0.345494 0.568315 -0.486760 1.272820 1.163249 -1.575868 -2.160126 0.779009 0.799750 -1.001646 -0.624961 0.374160 -0.156339 6.367662 0.413422 -1.851329 0.029735 -0.358674 -0.494863 0.206758 -0.700772 -0.604650 0.324833 -0.035914 -0.135233 
220.396408 -38.943886 14.477357 3.354987 -1.402094 -3.450744 -1.785243 1.805197 0.576311 -2.548925 -1.122250 0.431910 -0.719957 5.574417 1.111847 -1.504248 -0.452382 -1.610575 -1.686941 0.645710 0.071960 -0.967561 -0.236477 0.383771 -0.081313 1.093564 -1.541828 -0.971055 -0.417672 1.138930 1.230126 -0.987236 -0.567035 1.132585 0.396786 -0.445343 0.281357 
206.591415 -37.252418 14.458519 1.222445 -1.994607 -3.654060 -2.643822 1.733179 0.241336 -2.033018 -0.536271 0.473530 -0.508119 2.755444 -3.570415 -0.669290 0.327905 0.701991 0.300126 -1.195462 -0.334319 1.263524 0.168611 -0.516526 0.406376 1.077157 -4.170304 0.298646 0.952689 1.846606 1.554324 -0.881203 -0.231354 0.875788 0.026522 -0.477361 0.127842 
201.140060 -33.432998 7.336527 2.016406 -0.746284 -2.046762 -1.184991 -0.585728 -0.092328 -0.021878 -0.785029 -0.601142 0.092795 7.728731 -7.228761 -0.906957 1.452997 2.082638 1.421708 -1.116696 -0.390749 0.784014 -0.183432 -0.570951 0.174372 0.744170 0.093439 -0.389192 0.653859 0.427818 0.048782 0.691121 0.101183 -0.780288 0.072749 0.420834 -0.265660 
205.766342 -21.794956 0.000996 -0.591470 0.911388 0.511215 0.199593 -0.500212 -0.540162 -0.464990 -0.903135 -0.668371 -0.159375 4.243783 -3.383536 -1.447674 1.635622 1.557627 0.397690 0.186779 -0.131952 -0.297053 0.314108 0.325142 -0.124945 -2.893244 3.645566 -0.823988 -0.764183 -1.176930 -0.606598 0.697760 0.288145 -0.472656 0.468682 0.354005 -0.036024 
203.014053 -24.945431 0.569455 -0.878941 2.524961 1.068492 -0.389612 -0.212170 -0.356232 -0.615983 -0.156814 0.049142 -0.157095 1.942243 0.062370 -2.554933 -0.075369 -0.271223 0.208513 0.278823 0.185541 -0.161298 0.753933 0.137060 0.102324 -2.263080 2.515585 0.381480 -1.026764 -0.934291 -0.271455 0.053316 0.382830 0.168579 -0.173964 -0.294537 0.003492 
0.000000 -17.910470 0.125736 -5.701336 0.760650 -0.031231 0.616618 0.057434 -0.169080 -0.787586 0.604731 -0.394251 0.045274 -0.282377 1.647634 -0.684713 -0.417906 -0.310956 -0.145221 0.293412 0.633708 0.040105 -0.033820 -0.263932 -0.117960 -4.796755 0.841003 2.337087 0.273193 0.434088 0.001492 0.362068 -0.291588 -0.089390 -0.892174 0.096199 -0.087175 
174.719040 -25.510186 3.864723 -2.248368 1.689148 0.446581 -0.680055 0.374654 0.911184 -0.535773 -0.224454 -0.478723 -0.393016 -7.651266 1.744375 2.119240 0.471017 0.596952 0.211496 1.002960 -0.397634 -0.340079 -1.030415 0.329457 -0.072026 -0.648348 -1.822339 -0.223722 0.202984 0.483400 0.392692 -0.067438 -0.791166 0.092672 -0.090123 0.408789 -0.017770 
177.756683 -33.213003 3.614486 -1.462856 1.702684 1.162674 1.039611 2.063353 -0.964348 -1.467743 -1.456100 0.264664 -0.098779 -1.579072 -1.997044 -1.132158 -0.011938 0.655844 0.640162 0.158535 -0.948623 0.225449 -0.214066 0.553645 -0.153501 7.205280 -2.704367 -1.894031 -0.943593 -0.324402 -0.368316 -0.750667 0.393619 0.637468 1.006829 -0.144367 0.182862 
178.253387 -28.668331 -0.129365 -4.512685 1.665271 1.758270 0.600269 0.691725 -0.986061 -0.084874 -0.652585 0.628567 -0.700017 6.759293 -3.664358 -1.668821 -1.416169 -0.051852 -0.525136 -0.498375 0.389604 0.934857 0.983244 0.040724 0.293699 3.166565 0.199213 0.206830 -0.697853 -0.461616 -0.549378 -0.060029 0.608786 -0.070326 0.431364 -0.278730 0.329654 
0.000000 -19.694416 -3.714229 -4.800498 -1.129653 1.058970 -0.010661 1.066603 -0.185139 0.401972 0.510388 0.346113 0.488618 4.754057 -1.598619 -0.718498 -1.407644 -0.267387 -0.458595 0.038478 0.268950 0.084798 0.648662 -0.003816 0.505806 -3.246097 1.929086 0.547115 0.702993 0.067058 0.186003 0.174707 -0.260557 -0.546741 -0.458034 0.048343 -0.191105 
0.000000 -19.160217 -3.326602 -5.949680 -1.150017 1.223496 -0.316922 0.768680 -0.448160 0.084722 0.644738 0.620934 0.311596 0.267100 0.193814 -0.574591 -0.010182 0.082263 -0.153130 -0.148961 -0.131511 -0.158625 0.067175 0.137411 -0.088511 -2.243479 0.896216 0.071953 0.698731 0.174825 0.152732 -0.093720 -0.200230 -0.121711 -0.290743 0.070614 -0.297159 
