259.373962 -26.502888 9.051067 -10.194297 0.181708 -4.244246 -2.151364 2.881915 -2.086943 0.080797 1.023570 0.402637 1.463887 -0.648894 -0.860346 1.112582 0.206453 -0.215270 0.984712 -0.203377 0.136214 -0.031515 -0.813592 0.587675 -0.236557 -2.754683 -0.538152 0.824498 -0.215574 0.260191 0.344260 -0.308770 0.139511 -0.168257 0.183897 -0.147285 -0.004131 
122.708481 -27.800676 7.330374 -7.969134 0.594613 -4.674786 -0.181941 2.475161 -1.814516 0.017767 -0.603614 1.577987 0.990773 -6.158260 -1.936650 2.761577 -0.224695 0.305112 1.673231 -0.820917 0.415236 -0.368030 -0.445798 0.293104 -0.244818 -0.974779 -3.927737 -0.395864 -1.249908 0.562778 0.087661 -0.669517 0.266356 -0.081159 1.099907 -0.835717 -0.189985 
124.345894 -38.819407 5.177768 -4.671143 -0.267682 -3.634022 1.195098 1.240082 -1.256472 -0.655263 0.131974 0.988846 0.974250 -2.598453 -8.715821 0.320853 -2.293363 0.910286 1.160034 -1.542411 0.668925 -0.193834 1.386221 -1.083759 -0.616526 5.212084 -3.481190 -2.104606 -0.327739 0.063834 -0.968325 -0.106121 0.176329 -0.102543 0.329751 -0.364472 -0.286489 
0.000000 -32.997583 -10.101268 -7.327427 -3.992114 -2.854214 2.138128 -0.609661 -0.476665 -0.369901 2.168828 -0.589530 -0.242280 4.265909 -8.899029 -1.447636 -0.880173 0.432779 -0.263418 -1.033159 0.767895 -0.573116 0.213704 -0.435840 -0.817796 3.527283 4.595103 0.236255 1.782990 -0.425307 -1.084607 1.012257 -0.188939 -0.059513 -1.162314 0.827248 0.559325 
0.000000 -30.287589 -12.620290 -7.566416 -2.028028 -2.768464 0.668263 -0.826235 0.279317 -1.801495 0.559382 0.117166 -0.661343 4.456112 0.474386 0.793362 1.272617 0.059673 -1.009180 0.482102 0.291047 -0.312861 -0.938406 0.570737 0.502123 -0.451798 6.758019 2.119717 0.596203 -0.194028 -0.177232 1.003329 -0.279947 0.692513 -0.144558 0.296975 0.707280 
0.000000 -24.085358 -9.152497 -5.740702 -1.446880 -2.734869 0.119767 0.354543 0.105428 -0.995622 0.292015 0.551943 0.761966 3.362313 4.617010 2.791799 0.312233 0.044724 -0.617881 0.973499 0.208000 0.811910 -0.075412 0.158110 0.596763 -2.960557 2.055370 1.030398 -0.801674 -0.141315 0.674265 0.147908 -0.339192 0.390845 0.419278 -0.034071 -0.270459 
116.804482 -23.562964 -3.386271 -1.982818 -1.403561 -2.679016 -0.567499 1.120762 0.695318 -0.177676 0.408557 0.433386 0.532184 -1.465001 4.585125 2.854159 -0.330731 -0.222957 0.339350 0.777918 -0.387338 0.468829 -0.099851 0.502594 -0.038795 -3.890723 -0.942635 -0.359157 0.293574 -0.484257 0.458289 -0.258317 -0.430668 -0.312849 -0.148392 -0.073196 -0.442397 
233.149338 -27.015359 0.017753 -0.032385 -2.108342 -3.180783 0.798468 1.910379 -0.669248 -0.057963 0.092313 1.557131 0.684376 -4.419134 2.731740 2.073486 0.899382 -0.923790 0.298697 0.456864 -0.653336 0.186211 -0.372196 0.011718 -0.288031 -5.113417 -2.653900 -0.175358 0.754397 -0.005847 -0.185925 -0.352651 0.368527 -0.228429 0.478981 -0.877712 -0.122066 
228.129562 -32.401232 2.077210 2.164153 0.395202 -4.526597 0.029894 2.034490 -0.611354 0.194745 -0.335835 0.456823 -0.043879 -11.691834 -0.722674 2.503442 1.178064 -0.234651 -0.032499 0.072615 0.349715 0.011971 0.858111 -1.252829 -0.282927 -1.705850 -1.476319 0.344301 0.542309 1.091792 -0.195109 -0.365475 0.157526 -0.000409 0.631536 -0.270004 0.243491 
204.487610 -50.399027 -1.427595 4.974498 0.247786 -3.650084 0.733469 2.055610 0.030183 -0.034022 1.808536 -0.948528 0.118521 -7.830835 -0.220897 2.762088 1.984000 1.259794 -0.091521 -0.274085 -0.338285 0.185393 0.890876 -0.528289 0.198950 8.289939 1.693625 0.159747 0.649482 -0.426891 -0.591083 -0.045816 -0.785945 0.465000 -0.621495 0.715477 0.264511 
222.307526 -48.062901 1.635416 7.688329 4.363202 -2.007010 -0.153148 1.486319 -1.287923 0.565531 1.445917 -0.599756 0.354021 4.888044 2.664577 2.822937 2.477027 -1.088433 -1.214666 -0.019017 -1.222174 0.941970 -0.384878 0.178124 0.246095 8.328865 0.595511 -1.428650 -1.433084 -2.221191 0.135962 0.474133 0.026531 -0.004565 -0.580454 0.294843 -0.246877 
232.766357 -40.622940 3.901558 10.620372 5.201839 -5.826951 -1.695862 2.017575 -2.414165 1.849918 1.038779 -0.592281 0.610711 8.826896 0.970124 -0.095211 -0.882169 -3.182588 0.180402 0.674181 -0.285223 0.176263 -0.270032 0.061396 -0.294804 0.834676 -1.887895 -2.825257 -2.089709 0.246551 1.285497 0.382899 0.939193 -1.122283 0.033548 -0.023928 -0.409802 
241.712631 -30.409108 3.575665 7.497907 2.598863 -8.372186 0.207657 2.834682 -1.858369 0.918057 0.905854 -0.476964 -0.235586 6.557396 -1.111212 -2.827578 -1.702391 -0.595332 1.356329 0.746781 0.656212 -1.302597 -0.317783 0.130268 -0.573508 -7.538466 -1.499467 -0.423754 -0.281233 2.549774 0.363619 -0.473307 0.697158 -0.495965 -0.060649 -0.171378 0.188466 
254.022934 -27.508147 1.679134 4.965216 1.797057 -7.017615 1.016795 3.511137 -1.101742 -0.755277 0.403213 -0.331744 -0.536306 -6.250036 -2.028810 -0.942720 -1.444635 1.916961 0.907640 -0.272433 1.109093 -0.815667 -0.391329 -0.281359 0.082129 -2.984565 0.505137 1.608963 0.096393 0.678322 -0.785058 -0.645488 -0.161698 0.444106 0.026516 -0.190901 0.351102 
256.718597 -42.909181 -0.481955 5.612467 -0.290407 -4.538265 2.022936 2.289817 0.359817 -0.713276 0.123197 -1.039683 -0.071328 0.588267 -0.100939 0.390348 -1.509605 0.761312 -0.213788 -0.544196 0.332816 -0.414385 -0.264752 -0.251533 0.128695 8.634115 1.786289 -0.399631 0.579847 -1.363468 -1.204910 0.326027 -0.809219 0.380561 0.012328 0.322726 0.066324 
277.580017 -26.331613 1.477256 5.745911 -1.222153 -5.494991 0.589219 2.422745 -0.436110 -1.584046 -0.126290 -0.834810 -0.278916 11.018195 1.543767 -1.741983 -0.284941 -0.809975 -1.502181 0.379621 -0.509346 -0.054544 -0.366673 0.364092 0.214778 1.228919 0.136882 -1.318470 0.766059 -0.754053 -0.305200 0.562613 -0.234721 0.555843 0.185804 0.216235 0.115015 
257.631989 -20.872791 2.605580 2.128502 -0.860290 -6.158215 -0.981426 3.049059 -0.658874 -0.822365 -0.610150 -0.311499 0.358228 3.046105 0.172826 -2.246593 0.022514 -0.746795 -0.824188 0.581030 -0.136626 0.697302 0.106857 0.180936 0.358726 -5.209249 -1.151208 0.577063 0.350845 0.179791 0.673986 -0.310038 0.140671 0.081639 0.477281 -0.099901 -0.152099 
250.798660 -20.239404 1.822908 1.252725 -1.177124 -6.988582 -1.059157 3.584804 -0.709362 -0.189442 0.087424 -0.472937 0.438536 0.599697 -0.758649 -0.587856 0.416749 -0.450393 -0.154210 -0.240454 -0.228004 0.108734 0.587889 0.164290 -0.089420 -1.635941 -0.060928 1.185722 0.420618 0.526192 0.198334 -0.559940 0.036820 -0.286438 -0.077331 0.053282 -0.290141 
260.299408 -19.673398 1.088282 0.952789 -0.026792 -7.059000 -1.289845 2.568150 -1.114881 -0.604897 0.565629 0.017081 0.179388 -0.225777 0.050970 0.124852 0.863750 0.305590 -0.427521 -0.538850 -0.062986 0.124425 -0.047804 0.287501 -0.221557 -3.541925 0.471941 0.949442 0.051046 0.272603 0.134746 0.024082 0.596412 0.357618 -0.436601 -0.060534 -0.359430 
263.656616 -20.690958 1.924847 1.502429 0.550376 -6.377402 -1.914198 2.507105 -0.835334 0.059408 -0.008185 0.102065 -0.004577 -6.484154 0.185234 1.311028 0.518841 0.094813 0.115283 -0.192289 0.964820 0.823970 -0.285313 0.043222 -0.808280 -1.178533 -1.786827 -0.860246 -1.777819 0.621592 1.783382 -0.473180 0.076947 -0.372372 0.244674 -0.258355 -0.217684 
132.863480 -32.641706 1.458750 3.574845 1.010890 -6.869375 -1.059279 2.183572 0.814759 1.043042 -0.004996 0.103525 -1.437172 -2.582844 -3.522685 -1.595640 -2.691887 1.548775 3.139243 -1.485210 0.090909 -0.620318 0.441543 -0.229209 -0.656925 5.415824 -2.683655 -2.289823 -1.059240 0.975650 0.275092 -0.445354 -0.460555 -1.004421 0.079999 -0.015107 0.575255 
265.091003 -25.856645 -5.120523 -1.688850 -4.833399 -3.279853 4.364287 -0.463314 -0.653517 -1.181227 0.874902 -0.356353 -1.318426 4.347493 -5.182077 -3.268618 -1.599639 2.046112 0.665468 -1.082997 0.043710 -1.184871 -0.125314 0.013007 0.342229 2.175943 0.760113 0.212671 2.003422 -0.468693 -2.876052 0.927349 0.658014 0.867946 -0.262719 0.356047 0.940486 
0.000000 -23.946719 -8.905403 -2.962392 -2.188388 -2.777151 0.271657 0.017579 0.902180 -1.326701 -0.255625 0.129539 -0.752714 1.769042 -2.002459 -1.170297 1.314956 0.611388 -2.612861 0.369489 1.406936 1.115574 -0.083894 0.482884 1.224047 -2.507560 4.130845 2.174961 0.697379 -0.726542 -0.708882 0.556668 0.320234 0.889287 0.212151 0.238252 0.371229 
0.000000 -22.318562 -9.125442 -4.029443 -2.203486 -2.057078 -0.861435 0.275664 2.160354 1.049921 0.707113 0.609416 1.129668 -0.667626 3.079613 1.081303 -0.204880 0.593029 -0.752297 0.030339 0.684179 0.593703 0.298988 0.489511 1.084688 -3.250133 3.724350 1.265716 -0.614303 0.203496 0.847299 0.004554 -0.596764 -0.815735 -0.105415 -0.067897 -0.377695 
214.504807 -25.281972 -2.746177 -0.799786 -2.598148 -1.591094 -1.232937 0.078257 2.270539 -0.139294 0.342351 1.108562 1.416661 -4.731225 5.446241 1.361136 0.086350 1.018380 -0.918262 0.378597 0.213408 -0.515895 -0.294724 0.347091 0.468658 -5.862271 -0.629500 -0.196670 0.552478 -0.203063 0.586123 0.673460 -0.456984 -0.046757 -0.232727 -0.568331 -0.544542 
215.861359 -31.781011 1.767040 -1.307171 -2.030785 -0.020319 -2.697959 1.032858 2.587171 0.018131 0.117666 1.303598 2.066983 -12.392169 1.820612 0.687964 0.900076 0.186902 0.419950 1.377258 -0.229789 0.500190 -0.166465 -0.647150 -0.004396 -2.426193 -2.951857 0.724640 1.107643 -0.712763 1.079935 0.491286 -0.479005 0.645034 0.297862 -0.671329 -0.903285 
216.345474 -50.066310 0.895047 0.576141 -0.797996 -1.217289 -0.393037 2.832773 1.810962 0.861085 0.009420 -0.185738 1.407869 -9.583610 -0.457472 2.810417 2.301637 -0.407146 1.241608 1.361168 -0.744602 0.774172 0.301000 -0.995566 -1.337911 7.893591 0.031011 1.444829 0.143504 -0.559477 -0.625945 -0.231713 -0.906500 0.134447 0.050128 -0.039080 -0.157403 
212.306168 -50.948232 0.852095 4.313663 2.572489 -0.834611 -0.214743 3.755193 1.097967 1.566476 0.719666 -0.687534 -0.608839 3.395012 1.882634 3.577622 1.187084 -0.932052 -0.831939 0.913832 -2.042788 0.769084 -0.066210 -0.725311 -0.319203 9.254628 1.321196 -1.225637 -1.685461 -0.834459 -0.607469 -0.513528 -0.205590 -0.993935 -0.463365 0.588469 0.697099 
223.892807 -43.276286 4.660315 7.731385 1.576171 -3.081393 -2.056916 4.660437 -2.274615 2.399252 -0.123000 -1.636360 0.769462 8.925645 2.184919 0.359144 -1.069285 -2.076065 0.026670 0.334112 -1.155782 -1.213697 -0.625729 0.181372 0.056286 0.582612 -1.729510 -2.687812 -1.023834 0.212628 1.525354 -0.885741 1.513648 -1.306683 -0.039843 0.760101 -0.225049 
221.845139 -33.096942 5.221934 5.031951 0.433919 -4.986741 -0.161404 4.423418 -1.213596 -0.860919 -0.531792 -0.324789 -0.496266 4.560237 -1.576387 -1.798002 -0.860585 -0.506796 2.218769 -0.857651 0.984507 -1.844283 -0.145896 0.794891 -0.769302 -3.549262 -2.726866 -0.399494 0.456490 1.581857 0.416734 -1.124589 0.876110 0.532880 0.272639 -0.275161 -0.027460 
227.806442 -34.155811 1.507541 4.135382 -0.144999 -4.094986 2.380623 2.945135 -0.305600 -1.289314 -0.414793 -0.046578 -0.769142 1.827121 -3.268813 -0.439844 -0.156305 1.087648 0.860138 -1.915066 0.596438 -0.147938 -0.080451 -0.368950 0.001367 -0.141540 1.356002 0.518647 0.183288 0.324678 -1.825192 0.395502 -0.795990 0.934363 0.074458 -0.420737 0.567486 
0.000000 -29.442700 -1.315692 4.152263 0.121308 -2.811444 1.558872 0.593286 -0.020720 -1.156794 -0.692695 -1.062688 -0.493532 4.277157 1.135617 -0.760708 -0.494009 0.142559 -1.431615 -0.066646 -0.607473 0.024442 0.003021 -0.046582 0.365671 -0.094296 3.195082 -0.300982 -0.460841 -0.947703 -1.358504 1.737744 -0.384722 -0.104649 0.253901 0.433389 0.110245 
120.020775 -25.601497 3.778775 2.613966 -1.133017 -3.809867 -0.482606 2.811843 -1.520547 -1.240429 -0.408751 -0.139742 -0.037801 1.638528 3.121351 -1.041808 -1.077987 -0.807757 -1.856871 1.560422 -0.173006 -0.357235 0.427351 0.497828 0.221857 -2.707090 -0.426435 0.456607 0.098588 -0.435215 0.089042 0.135840 0.391104 0.023229 0.180327 -0.012558 -0.015107 
117.079453 -26.165644 4.927010 2.068647 -2.034666 -4.426959 -2.154870 3.714131 -0.366732 -1.871264 0.162008 -0.067033 -0.049819 -1.137023 0.282746 0.152506 -0.296833 -0.727871 -1.253530 0.205033 0.174735 0.070901 0.363675 -0.071699 0.335456 -1.139835 -2.046313 0.251309 1.149360 0.044267 0.598083 -0.922791 0.107390 0.573904 -0.083419 -0.289868 -0.124688 
116.913025 -27.875543 4.344268 2.918977 -1.726684 -5.265609 -2.989667 3.221910 -1.171077 -1.098628 0.318600 -0.283139 0.633111 -0.641141 -0.971274 -0.539190 1.220733 -0.719223 -0.660705 -0.285160 0.041774 0.790572 0.260514 -0.081907 -0.027519 0.051684 -0.468242 -0.885356 0.708921 0.223575 0.757314 -0.232600 0.134014 0.323457 -0.316822 0.123114 -0.283874 
117.967186 -27.447926 2.984462 0.990268 0.406801 -5.865405 -3.476279 3.143811 -0.283185 -0.290119 0.683036 -0.230848 -0.104857 -1.033656 -0.653737 -1.618206 1.121009 -0.280721 0.261097 -0.260167 0.442762 0.717816 -0.269968 0.174529 -0.232292 -2.434886 0.540552 0.017165 -0.854268 0.241269 0.998755 -0.072859 -0.056166 0.090959 -0.579954 0.224059 0.309741 
233.169479 -29.942855 3.036794 -0.317436 0.515335 -5.827051 -2.467472 2.701576 -0.285552 0.337003 -0.221336 0.065918 0.168527 -5.510913 0.109830 -0.504859 -0.487802 -0.236685 1.336806 -0.430878 -0.070558 0.972491 -0.899394 0.366210 0.591962 -6.251673 0.497418 1.349164 -0.736181 0.601081 0.434668 -0.231545 -0.002896 -0.399955 0.055732 -0.116668 0.204594 
120.028496 -38.469752 3.204121 -0.019450 -0.568803 -6.338775 -0.802668 2.282054 -0.424302 1.654863 -1.115751 0.501572 1.079067 -13.537002 0.341099 1.080121 -0.351353 0.921441 1.130433 -0.723256 0.436970 -0.082094 -0.158504 -0.058808 0.176896 -1.452456 1.312998 0.925943 0.231609 1.460828 -0.678595 -0.257599 -0.025624 -1.131771 0.747821 -0.244017 -0.512906 
257.770660 -57.016858 3.718992 1.842806 -0.187371 -3.984169 -0.206606 1.255064 0.588389 0.172814 -0.538344 -0.051697 0.522318 -8.415825 2.735826 1.347028 -0.024584 2.684970 -0.020384 -0.946077 -0.121806 -1.291052 0.596248 -0.121823 -0.433850 9.670926 -0.843241 -0.938856 1.621192 0.585090 -0.186235 0.564068 -0.842345 -0.084555 0.080608 -0.102004 -0.185337 
0.000000 -55.301403 8.675773 2.674605 -0.617972 -0.968835 -0.843436 0.389900 -0.667914 -0.927240 0.076744 0.257925 0.211367 5.804850 -1.345382 -0.797592 2.891030 2.091621 0.757963 0.404879 -1.247719 -0.251204 0.002713 -0.262815 -0.193778 9.790320 -3.336233 -1.790585 1.926905 -1.338107 0.258701 0.722628 0.081006 1.145541 -0.371141 -0.096428 0.119542 
243.112320 -45.407158 1.028228 0.247623 5.594690 0.199074 1.309321 2.064822 -1.907049 -0.329594 -0.532919 -0.577328 0.134761 11.164814 -3.936641 -2.234143 3.829227 0.008757 0.497018 0.499178 0.040206 1.000030 -0.146034 -0.314678 -0.194766 0.789671 0.150139 0.179581 -1.271680 -1.323965 -0.839099 -0.455526 1.495489 0.336737 0.139527 0.212916 0.180869 
112.672302 -32.971775 0.802491 -1.793681 7.040481 -0.951320 0.150600 1.388255 -0.587502 1.072819 -0.215323 -0.371431 -0.178165 7.384193 -1.045104 -0.438430 0.347670 -0.556308 -0.920235 -0.506172 1.743259 0.422269 0.281766 0.163017 0.167960 -6.051112 0.957109 2.082786 -1.384302 0.335163 -0.607815 -0.318653 0.123177 -0.847344 0.174413 0.053242 0.376574 
225.057266 -30.638771 -1.061980 -0.629237 6.290029 -0.913543 -0.531149 1.052479 1.579470 0.514944 0.030613 -0.251295 0.470681 -0.937410 -2.022423 1.931429 1.060623 0.679083 -0.718612 -0.138129 0.286560 -0.694658 0.202793 -0.208194 0.558382 -5.428136 -0.229394 0.974103 0.559427 1.079050 0.011918 0.086107 -1.198653 -0.605420 -0.414898 -0.325373 0.089850 
215.899643 -34.846595 -3.242355 2.069177 9.161728 0.406847 -1.286624 1.111997 -0.014382 -0.316497 0.190263 -0.787820 0.938599 -3.472078 -1.503892 1.509776 1.466524 1.601792 -0.896400 -0.333958 -0.654046 -0.788571 -0.548029 -0.487729 0.347661 0.220063 1.293856 -1.655863 -0.896777 0.075137 0.017607 0.048456 -0.062911 0.577363 -0.535933 0.105015 -0.287046 
208.448898 -37.582927 -4.069764 2.390315 9.223078 2.290042 -2.323948 0.384562 0.271378 -1.062198 -1.065446 -1.226752 1.166003 -0.497284 0.565289 -1.380297 -0.732931 0.829358 -0.683398 -0.041216 0.160737 0.460067 -0.869074 0.001836 -0.015710 2.112236 2.407789 -2.597438 -1.762990 -0.849345 0.668349 0.780590 0.196041 0.800503 0.237327 0.440441 -0.247553 
205.566452 -35.841163 -2.111776 -0.691417 7.695865 2.065563 -2.653420 1.029565 0.307091 0.603638 -1.547884 -0.784148 0.907179 0.752394 3.311685 -3.685100 -2.059455 -0.096898 0.440299 1.227221 -0.261963 0.812434 -0.073376 0.393154 -0.147446 -1.403235 1.478881 -0.220490 -1.211839 0.054399 0.656673 0.981856 0.128542 -0.352936 0.681332 0.203103 0.054803 
214.545074 -36.078139 2.553606 -4.979885 5.104168 2.096246 -1.443349 2.839004 -0.252549 0.562671 -1.212197 -0.440445 0.871111 -3.303755 3.523051 -1.821277 -3.156610 0.938155 0.629947 1.922496 0.417820 -0.245805 0.493591 0.408041 0.093897 -2.067668 -1.497348 2.458677 -0.084956 0.575579 -0.185440 -0.135206 0.516609 -0.740945 0.064731 -0.160383 0.205498 
214.653915 -42.448672 4.934326 -4.333970 1.382646 3.941874 -1.393526 4.874557 1.142732 0.112028 -0.560702 0.031935 1.094973 -3.382943 0.316989 1.232254 -2.229367 1.054261 0.069419 0.956809 0.771255 -0.669455 0.056087 0.072387 0.263550 1.691285 -2.278485 1.373281 1.350125 -0.255796 -0.245869 -1.046307 -0.008968 -0.162918 -0.522093 -0.361151 -0.146759 
208.396027 -42.844024 3.187585 -2.515378 0.645434 4.204767 -1.304512 4.752622 1.289962 -0.776239 -1.100023 -0.295670 1.398211 0.078816 -1.033920 0.925286 -0.456360 0.426564 0.138210 -0.170118 0.399884 -0.571642 -0.550595 -0.314260 -0.199622 0.532889 0.079206 -0.361460 1.332178 -0.833265 0.129647 -0.688559 -0.331709 0.316152 -0.167804 -0.138660 -0.280320 
105.390953 -42.291040 2.866487 -2.483399 0.469927 4.795002 -1.117107 4.534322 1.942499 -1.031256 -1.661891 -0.596585 0.695728 -2.317165 0.475402 0.509333 0.434989 -0.612270 0.328713 -0.420310 0.107837 -0.037150 -0.279521 -0.204933 -0.297089 -3.050985 0.830437 0.053547 0.869193 -0.937280 0.413990 -0.273352 -0.340192 0.364598 0.271385 0.150867 0.223921 
0.000000 -47.478354 4.138389 -1.496712 1.515412 2.980228 -0.647087 3.912002 1.505636 -0.850540 -1.659065 -0.705537 0.804032 -6.023155 0.626955 1.032379 1.282027 -1.447996 0.966189 -0.716823 -0.280501 0.157555 -0.007825 -0.012526 0.248221 -0.467387 0.012147 0.761562 0.191989 0.120872 0.461229 -0.146610 -0.463323 -0.053041 0.196746 0.029773 0.169393 
236.721207 -54.337349 4.120397 -0.418641 3.033980 1.899010 0.815272 3.100677 1.381497 -0.716146 -1.677541 -0.621637 1.192170 -3.251938 0.499695 2.032456 0.818967 -0.370525 1.251170 -0.713530 -0.818809 -0.143232 0.113971 -0.145387 0.041697 1.668054 -1.675719 -0.193328 -0.690913 0.445653 -0.466428 0.062483 -0.146745 -0.272900 0.219756 0.137459 -0.242765 
237.747314 -53.982230 5.137780 2.568201 3.153345 2.239177 1.855254 2.484941 -0.131982 -1.137004 -1.431123 -0.996310 0.887426 -2.687046 -2.724482 0.645724 -0.099799 -0.556690 0.033334 -0.591857 -0.573992 -0.388245 0.431688 0.262391 -0.237309 -0.376264 -1.807946 -1.344244 -0.357383 -0.153953 -1.086873 0.145513 0.546399 0.020863 0.358956 0.390889 -0.273232 
269.483734 -59.711442 -1.328568 0.872807 2.834383 0.785629 0.881941 1.916962 0.233514 -1.492636 -0.814165 -0.096854 0.717552 -4.004465 -3.116196 -0.656032 0.104200 -0.678432 -0.922575 -0.422503 0.273989 -0.101506 0.831883 0.636391 -0.504767 5.749304 2.275775 -0.481720 0.567652 1.052970 -0.355411 0.282584 0.161467 0.109126 -0.230403 -0.132302 -0.092177 
121.743492 -61.991160 -1.094612 1.256137 3.361745 0.882313 0.010104 1.639935 0.415996 -1.340017 0.232643 0.276472 -0.122108 8.811562 1.827067 -0.317716 1.035506 1.549250 -0.677488 -0.026689 -0.251059 -0.169994 -0.029119 -0.002213 -0.421662 10.322585 1.782208 -0.441172 0.629182 0.544437 0.406955 -0.370518 -0.468866 0.400831 -0.583076 -0.641118 0.391322 
232.153427 -42.088318 2.325565 0.237375 4.905394 3.884129 -0.473036 1.863584 -0.268604 -1.832623 -0.872402 -0.101280 -0.125772 16.640705 0.448220 -1.538376 1.362564 0.410442 -0.108664 -1.163540 -0.663742 0.700156 -0.334268 -0.645844 0.277876 -0.867895 -1.901053 -0.013274 -0.183985 -1.631145 0.086271 -0.437094 0.111228 0.703002 0.266071 -0.245793 0.469371 
228.574020 -28.709751 -0.198172 -1.820615 6.086873 1.703197 -0.207224 -0.687144 -0.911489 0.060294 -0.435893 -1.015215 0.433645 7.075771 -1.975039 -0.344263 0.667535 -1.713040 -0.504946 -0.900877 -0.028603 1.236009 0.503023 -0.493799 0.517081 -8.102241 -0.136557 0.835581 -1.650070 -0.824286 0.083609 0.987049 0.453037 -0.326221 0.176826 0.488335 -0.076827 
226.773804 -27.936775 -1.624513 -0.451151 6.240465 0.458050 -1.482928 0.061830 -0.325810 0.639396 0.133643 -1.088879 0.908389 0.436222 0.175107 0.132787 -1.937576 -1.238130 0.058553 0.810559 0.242331 0.047714 0.019383 0.330826 0.124223 -4.374761 0.967645 0.729587 -2.073913 -0.180928 0.586756 0.962778 0.247035 -0.504280 -0.409139 0.377992 -0.526440 
244.527954 -27.837307 0.152041 -1.555041 2.211721 -0.773063 -0.090117 0.933973 -0.426827 0.155722 -0.397127 -0.353564 0.682092 -1.673750 -0.039749 1.114911 -3.480290 -2.074896 0.668567 1.024679 0.465466 0.227450 -0.315256 0.262184 -0.535799 -1.496716 -0.946054 1.557956 0.218610 -0.429126 -0.361361 -0.360858 -0.072350 0.058759 -0.067941 -0.343202 -0.205163 
263.718109 -31.284275 -1.704012 1.778672 -0.720115 -3.691742 -0.145794 2.111189 0.605122 1.094296 -0.496869 -0.564511 -0.163210 -2.557210 -1.717002 3.248699 -1.500356 -2.096382 -0.664169 0.088843 0.097630 0.165233 -0.116498 -0.355578 -0.286103 0.420012 -0.374613 0.233466 1.722926 0.718927 -0.652449 -0.762222 -0.441905 -0.265752 0.124315 -0.256144 0.336173 
275.473083 -32.951726 -3.281963 4.942357 -0.788991 -4.965827 -1.418456 1.111660 -0.231567 0.486187 -0.630123 -1.064720 0.109886 -0.833725 -0.788976 1.581843 -0.034438 -0.637043 -0.636331 -0.499764 -0.418345 -0.304054 -0.066627 -0.250104 0.136548 0.861742 0.464013 -0.833428 0.732959 0.729670 0.013919 -0.294304 -0.257987 -0.234644 0.024936 0.052737 0.211325 
