268.781189 -31.503796 7.342252 -1.189694 -0.783541 1.716526 0.751965 0.514064 -4.527566 0.634453 1.387321 0.240509 -2.052762 -0.450383 0.416172 0.224378 -0.016364 0.063553 -0.158135 0.186736 0.359228 0.008781 -0.153920 0.108316 0.005810 -1.731408 0.014954 0.596721 -0.263454 0.219058 0.457637 0.060683 0.091315 -0.174322 -0.020927 0.244493 -0.039379 
261.381470 -32.404562 8.174595 -0.740939 -0.816268 1.843632 0.435695 0.887537 -3.809110 0.652015 1.079480 0.457141 -2.041141 -3.913199 0.446080 1.417820 -0.543271 0.501669 0.757139 0.308102 0.541858 -0.339863 -0.195775 0.597303 -0.072948 -6.532626 -1.152838 0.710347 0.061060 -0.378434 0.710156 -0.125907 0.271677 -0.300003 -0.091102 0.082324 0.638612 
253.580872 -39.330194 8.234412 1.645945 -1.870082 2.719864 2.266243 1.130269 -3.443849 -0.045273 0.995771 1.435114 -2.198657 -13.515634 -1.889504 1.645071 0.105756 -0.693316 1.262177 -0.065077 0.902582 -0.591226 -0.336124 0.272963 1.283034 -2.808597 -5.521678 -0.345571 1.465441 -1.085741 -1.084561 0.137477 0.199614 0.200349 -0.161702 -0.739304 0.661865 
239.865860 -59.435830 4.395588 2.549203 -0.604756 0.456999 2.960050 0.757384 -2.003946 -0.530436 0.407231 1.003068 0.524927 -9.530393 -10.597276 0.726678 2.387612 -1.669813 -1.411982 0.583057 0.941086 0.060836 -0.519179 -0.881305 1.250782 7.208478 -2.743404 -1.904026 -0.069281 0.446793 -1.262374 0.171667 -0.556095 0.684144 0.438929 -0.687510 -0.883521 
243.337814 -58.390981 -12.960139 3.099302 2.905142 -0.619762 -0.557722 2.296382 -1.561677 0.076399 -0.042588 -0.327497 0.302906 0.901322 -7.376311 -2.162982 -0.032807 0.200270 -1.262571 0.278258 -0.209608 0.777062 0.541734 -1.102056 -0.484009 8.525661 6.492194 -2.237620 -2.593903 2.097457 1.982899 -1.331004 -0.460892 0.473989 0.292484 0.440909 -0.379709 
0.000000 -57.633186 -10.357034 -1.776761 -0.670369 0.857540 0.434908 1.313900 -2.423162 1.023688 1.490699 -1.201045 -0.443092 7.520930 2.387112 -3.748562 -2.800194 2.525101 2.553816 -2.078952 0.019303 1.008814 0.065789 0.000513 0.491364 3.295254 2.456189 -0.130302 -0.439415 0.911656 1.377499 -1.218942 0.469692 -0.250765 -0.730157 0.832392 0.595575 
0.000000 -43.349121 -8.185914 -4.397823 -2.695247 4.430441 4.549911 -1.861522 -1.523071 2.094027 0.088990 -0.326470 1.285634 7.491830 -2.463934 -2.423587 -0.911637 2.023582 1.492427 -2.159626 0.729776 0.275532 -0.918581 0.562727 0.707140 -4.061271 -3.670341 0.510343 1.385332 -0.825421 -1.595426 0.452500 -0.189867 -0.622846 0.026286 0.130009 -0.388105 
0.000000 -42.649526 -15.284901 -6.623934 -2.493644 4.904703 3.419761 -3.005352 -0.963610 1.574753 -0.346462 -0.075591 0.971189 -0.601612 -4.953570 -2.727877 -0.029530 0.874259 -0.637036 -1.173952 -0.360431 -0.236878 0.118360 0.260531 -0.284846 -4.119418 2.761936 1.958084 1.078231 -0.470366 -0.648527 1.337078 -0.252531 0.174924 0.810912 -0.039987 -0.306909 
0.000000 -44.552346 -18.093054 -9.853577 -2.754307 6.178959 3.275838 -4.209425 -2.243933 1.620272 0.325711 0.194592 0.715942 -0.747006 3.059939 1.492581 1.244825 1.082850 0.195372 0.514531 0.224713 0.625381 0.703243 0.482753 0.093323 -0.333024 5.577302 3.125264 0.749822 -0.000543 0.826945 1.216489 0.700304 0.398267 0.437568 0.221807 0.303563 
0.000000 -44.143537 -9.165022 -3.638771 -0.003995 7.070403 3.810505 -1.976291 -0.514183 2.825515 1.060023 0.889916 1.157835 -1.267661 6.201035 3.522651 1.470114 0.873173 1.016854 1.259027 1.040177 0.559657 0.993496 0.704144 0.322280 -1.036326 -0.530840 -0.494157 -0.831666 -0.946079 0.711401 -0.304439 -0.236036 -0.203272 -0.135319 -0.096054 0.014348 
369.892426 -47.087669 -5.690984 -2.808276 0.185920 7.925305 5.309546 -1.691372 -0.163579 2.739585 2.312702 1.602880 1.360501 -2.819657 1.998259 0.504268 -0.418507 -0.809308 1.618175 -0.094346 -0.247358 0.218838 0.432604 0.290646 0.122018 -1.110427 -3.611982 -0.964622 -1.898496 -1.020575 -0.152709 -0.720323 -0.670120 -0.805157 -0.666464 -0.556775 -0.325189 
315.045776 -49.782851 -5.168504 -2.630236 -0.841009 5.451788 7.046854 -2.164984 -1.008900 3.263192 1.925232 1.471208 1.401872 -3.488514 -1.022929 1.593406 -2.326878 -1.167976 0.711435 -0.181620 -0.300063 -1.050658 -0.339433 -0.409405 -0.328099 -1.921468 -2.260773 1.798527 -0.542278 -0.072768 -1.302003 0.493798 0.365051 -1.080482 -0.461323 0.069912 -0.330397 
287.081573 -54.064697 -7.736843 0.378536 -4.467836 5.589353 6.732416 -2.054611 -0.763705 0.638268 1.633837 0.784070 0.704304 -6.662593 -2.523286 4.101322 -1.503064 -0.954843 -0.985832 0.893250 0.482743 -1.942126 -0.490041 0.430471 -0.538775 -1.311373 -0.729173 -0.489747 2.019367 -0.835581 -2.253258 0.900708 -0.013351 0.602665 -0.414282 0.032654 -0.060476 
282.437164 -63.108037 -10.215077 5.572409 -3.847136 3.542101 5.075191 -0.378483 -0.043413 -0.621060 0.945149 2.332150 0.324322 -6.111260 -2.481276 0.613913 1.711855 -2.839138 -3.795081 1.619797 -0.326765 0.154671 -1.167997 -0.344098 -0.449051 6.633014 2.391573 -1.463284 2.345210 -0.910788 -0.857312 0.424963 -0.785574 1.413418 0.122127 -1.113593 0.044329 
0.000000 -66.287218 -12.699395 1.606362 -1.044125 -0.088924 -0.857745 1.184983 -1.417235 0.947610 -0.702158 0.095875 -0.193798 6.603435 2.259860 1.174754 3.187357 -2.776420 -2.700456 1.743175 -1.088404 0.884711 -0.245788 -1.796716 -0.450117 9.045915 5.900661 1.650667 0.356527 0.442021 1.492063 -0.121812 0.078631 0.097279 1.121486 -0.353523 0.056359 
0.000000 -49.901167 -5.695358 7.921917 2.527578 -2.010739 -0.325722 3.107868 -2.220222 1.148362 0.453573 -1.261282 -0.575913 11.980570 9.320047 3.915247 2.424910 -1.955096 -0.810954 1.376173 -0.169504 0.349228 1.074975 -1.051144 -0.336333 -1.250104 2.957904 -0.574203 -1.471051 1.228879 0.988045 -1.220920 0.857695 -0.158033 0.286056 1.120502 0.293059 
266.129181 -42.326079 5.940698 9.436857 3.805694 -3.999115 -2.479654 3.937328 -1.756243 1.646067 1.447791 -2.006413 -0.866463 4.103228 8.175667 0.026348 0.245255 -0.318663 -0.724366 -0.698665 0.626986 0.568645 0.326325 0.444288 0.136001 -5.470613 -3.061323 -2.836884 -2.816233 0.937815 0.938808 -0.700307 0.452645 -0.091401 -1.120851 1.223012 0.258746 
251.015289 -41.694712 10.655977 7.974613 3.018088 -2.648065 -1.774453 1.710538 -0.966250 2.285651 1.106223 -0.372706 -0.303911 1.039344 3.197402 -1.758521 -3.207556 -0.079466 1.066662 -0.024440 0.735785 0.166426 -1.166728 1.394880 0.181158 -1.828874 -4.219486 -1.017692 -1.536723 0.341495 1.280548 0.979996 -0.611767 -0.837247 -0.644726 0.257764 -0.180360 
0.000000 -40.247390 12.335501 5.919815 -2.609417 -4.158047 -0.346329 3.888448 -0.284672 1.978918 -0.885664 0.783346 -0.504146 0.445480 -0.263306 -2.009037 -2.828191 0.364326 1.836730 1.261326 -0.596548 -1.105849 -0.963128 0.959815 -0.224720 -1.882526 -4.788620 1.449761 1.559543 1.152396 -0.067472 -0.489029 -0.138250 -0.815917 1.075962 -0.771657 0.108892 
215.543671 -40.803752 10.129365 3.956540 -2.638294 -1.919413 1.899006 4.233191 -2.159346 0.073952 -0.820033 1.546925 -0.753350 -2.725708 -6.379839 1.141000 -0.088469 2.225327 0.931717 -1.002498 0.459286 -1.465409 0.985196 -0.148433 0.398943 -2.393420 -5.311049 1.359990 2.421101 1.099863 -1.537270 -1.563507 1.300286 0.748916 0.978582 -1.202398 0.195936 
226.889145 -45.698806 -0.424178 8.201816 -2.786356 0.292606 1.517106 1.883452 0.633900 -0.951900 1.084727 0.486479 0.293739 -4.341359 -10.885403 0.710943 2.014012 2.564051 -1.237811 -1.865687 2.004024 0.391983 0.994037 -1.444980 0.167152 4.349894 3.994297 -2.084464 0.444151 -0.461162 -1.050018 -0.224163 -0.565894 0.944787 -0.291173 -0.158157 -0.421334 
246.370529 -49.486470 -11.641442 5.378425 1.389729 3.208690 -0.576615 0.501818 1.848703 0.857919 1.168040 -1.343036 -0.419046 5.974079 1.608755 -3.027928 0.799834 1.303003 -1.168318 -1.450825 -0.672502 0.424166 0.402850 -0.464747 -0.443726 7.846662 10.802594 -3.124941 -1.335006 -2.061978 0.538964 0.424661 -1.962012 -0.505679 -0.593045 1.099246 -0.444321 
0.000000 -33.750648 2.793333 2.145960 -1.186689 2.898613 -0.819529 -1.018197 -0.711104 -0.103569 1.890428 -0.443015 -0.593714 11.351965 10.719785 -5.538939 -0.656001 -1.559905 -0.159882 -1.016365 -1.920000 -0.619375 -0.192054 0.753511 -0.721489 -1.235624 1.329747 -1.180895 -0.014176 -1.862789 0.594426 0.568132 0.401168 -0.266276 -0.631598 0.539697 0.085540 
337.415405 -26.782540 9.798129 -5.699453 0.077727 0.088881 -0.896380 -1.530912 -1.991297 -0.380832 0.783933 0.163986 -1.862025 3.502831 4.268249 -5.389718 0.771481 -2.422574 0.020535 -0.314561 0.129835 -0.108387 -0.860346 0.614647 -0.272646 -5.398778 -5.210087 2.286720 0.235065 0.376300 0.067253 0.176232 1.131871 0.049929 0.104879 -0.200727 0.469833 
329.873016 -26.744986 11.329831 -8.633476 0.356273 -1.946535 -0.778460 -1.647320 -0.451435 -0.320343 0.169735 0.786279 -1.139005 0.554408 0.299611 -0.965499 -0.185872 -0.807304 -0.025376 -0.663901 0.343742 -0.519518 0.017704 0.352058 0.218176 -2.410288 -2.618749 3.535473 -0.085243 1.834289 0.252090 -0.229504 -0.276478 0.188949 0.730742 -0.327452 -0.047955 
317.506409 -25.673723 10.397351 -7.630451 -0.294017 -1.525727 -0.947132 -2.858715 -1.303813 -1.419868 0.819342 0.868102 -1.425672 -1.317745 -0.969248 1.681228 0.600995 1.246005 0.524715 -0.773570 -0.423121 0.269511 0.601137 -0.040258 -0.368555 -4.598361 -1.423213 2.099287 0.286824 1.426878 0.019026 0.874856 -0.130377 0.629704 0.265771 -0.678901 0.170284 
296.362061 -29.380475 9.391336 -5.271020 1.558263 0.545475 0.270970 -3.194459 -1.297677 0.218680 1.372009 0.705764 -1.876115 -8.642314 -2.546814 3.233074 0.387776 2.046452 0.012675 1.085810 0.082987 0.739891 0.549246 -1.005744 0.558745 -3.025952 -1.678342 1.681164 -0.467477 0.133920 -0.556610 1.024220 0.314101 -0.255162 -0.503898 -0.275156 0.706121 
279.848816 -42.958352 5.303723 -1.164302 0.481536 2.567178 -0.921782 -0.687095 -1.137838 0.059914 1.917833 -1.143386 -0.308182 -7.369648 -4.325933 5.043556 -0.333958 1.513845 -0.588504 1.274871 0.205080 -0.240813 -0.406660 -0.590570 1.043688 6.569739 1.744308 -1.139919 -0.049959 -1.057237 0.086683 0.038742 -0.204048 -0.427513 -1.048640 1.024335 -0.474704 
277.174652 -44.119772 0.739470 4.816091 0.890347 3.573165 -0.906039 -0.644717 -0.887516 -0.262947 0.558690 -0.475376 0.211260 4.497163 0.941801 0.953236 0.287858 -0.068022 0.186041 1.163294 -0.325109 -0.115135 -1.548035 1.042927 -0.390663 5.926846 4.655576 -3.806357 -0.577103 -1.884103 0.437612 0.411758 -0.392163 0.035057 -0.424900 0.850766 -0.963010 
268.286560 -33.964025 7.187326 0.742169 1.057251 2.431134 -0.549700 1.639493 -1.788057 -0.170356 -1.178237 0.942469 -1.089508 4.484043 4.985219 -2.569159 -1.488165 -2.254360 0.286720 2.098387 -0.579245 -0.170699 -1.256459 1.110963 -0.882331 -4.140538 1.131090 -0.035347 -1.058453 -1.039338 -0.214215 -0.084900 0.495967 -0.059267 0.672704 -0.540124 0.133524 
228.696213 -35.151685 10.709907 -0.322227 -2.085982 -0.935555 -0.332598 3.552058 -2.046007 -0.604345 -1.954228 1.746550 -1.553402 -3.783913 3.203982 0.882541 -1.829049 -2.146698 -0.242389 0.993493 0.666825 -0.233668 -0.202627 -0.037321 -0.123616 -4.820527 -1.708273 1.842326 0.473134 1.124358 0.307173 -1.058579 0.644801 -0.053498 1.087186 -0.788350 0.773551 
202.135742 -41.531851 13.595289 2.507250 -2.600846 -1.862262 -1.034479 3.626479 -0.454408 -0.637692 -1.583490 0.867828 -1.336739 -5.157011 1.568672 1.115492 -0.541896 -0.005645 0.901067 -0.018770 0.710357 -0.277696 0.917914 -0.465738 0.664770 -0.074379 -3.938625 -1.587866 1.962564 1.559299 1.582647 -0.919977 -1.028326 0.755130 0.618192 -0.399015 0.389396 
212.979904 -45.465707 13.847251 1.908757 -3.169775 -0.946844 1.469536 3.514517 -0.625293 -1.159736 -0.118400 0.815075 -0.223862 -3.932671 -4.673268 -2.293192 2.096080 0.971899 2.922905 -0.846460 -1.389827 1.276592 1.033756 -0.835351 0.655175 2.586876 -2.421065 -1.483353 1.718259 0.961480 0.528246 -0.652770 -1.279594 0.576198 -0.554825 -0.167263 -0.277355 
222.227005 -49.397193 4.248753 -2.079134 1.591315 0.081537 4.811330 1.933558 -3.234063 1.915492 0.484022 -0.802874 -0.026388 0.016741 -3.273459 -1.851215 2.894622 1.917315 1.957560 -1.324310 -1.848831 0.874701 -0.191736 -0.800263 0.110060 0.778577 3.466940 1.987809 -1.684888 -0.086724 -1.646809 0.296198 1.081862 -1.340272 -0.722906 0.511376 -0.433021 
267.555695 -45.432225 7.300332 -1.793673 2.619469 2.887786 5.384656 0.865896 -4.322955 0.589666 -0.501871 -0.785452 -0.003741 -2.375517 2.260611 1.682426 -1.273696 0.798452 -0.370714 -0.254064 0.773897 -1.403951 -0.412056 0.187401 -0.210866 1.084135 2.787387 2.597773 -2.337607 -2.251740 -1.861815 1.313806 1.944776 -0.700650 0.091190 0.357344 -0.296825 
262.119751 -54.148226 8.769974 1.285719 -0.956077 1.678441 4.069902 1.425430 -1.686269 -0.892410 -0.340089 -0.428073 -0.448121 2.185010 2.301314 3.344332 -1.780591 -2.586164 -1.766070 1.303302 2.040721 -0.526599 -0.009356 -0.085576 -0.483590 5.593076 -0.162743 0.127932 0.900418 -1.734240 -0.898774 0.425641 0.031391 0.997064 0.258134 -0.026557 0.047458 
265.027222 -41.062204 11.902961 4.894991 -0.941714 -2.284542 1.852516 3.472501 -0.241514 -0.463532 -0.520582 -0.956603 -0.970921 8.810635 1.935124 1.938290 0.527140 -2.670028 -2.168263 0.597218 0.836678 0.590178 0.104211 0.134287 -0.115950 -0.462071 -1.152599 -1.187006 1.482992 1.410672 -0.020894 -1.303666 -0.957575 0.517771 0.146753 0.273317 0.304914 
255.820862 -36.526955 12.640223 5.162299 0.098203 -3.661616 -0.266624 2.619865 -0.012913 0.287946 -0.131667 -0.159499 -0.680020 1.260869 -0.003883 0.970320 1.185393 0.235180 -1.807857 -1.304030 0.125570 0.508943 0.284151 0.461058 0.126239 -7.143394 -1.758538 -0.189284 0.497033 2.387691 0.837846 -1.069444 -0.739593 -0.280070 -0.139890 0.087381 0.104627 
252.394562 -38.540467 11.895195 6.835632 1.429073 -1.814182 -1.763199 0.864441 0.009627 0.554354 0.047720 -0.034487 -0.718444 -5.476153 -1.581951 1.559722 1.521206 2.105353 -0.492570 -1.541669 -0.642508 0.030038 -0.175570 0.309049 0.093303 -1.936887 0.069891 -0.571276 -0.675681 -0.626179 0.738770 0.269178 -0.078507 -0.376558 -0.066986 -0.185423 0.116818 
262.054321 -47.479262 9.476322 8.281742 3.140615 0.549090 -1.251765 -0.463474 -1.297929 0.348022 -0.482806 0.458599 -0.493414 -2.612905 0.135898 -0.172233 -0.165969 -1.017178 -0.330317 -0.765674 -0.031443 -0.244173 0.150180 0.090212 0.359875 5.715202 1.260186 -2.709063 -2.196114 -1.815167 0.372701 1.156456 0.380985 -0.082220 0.104870 -0.467321 -0.272577 
267.777893 -43.766277 12.166991 6.491166 1.097136 -3.848538 -2.423833 -0.666907 -0.053260 0.066008 0.348079 0.145937 0.001306 5.954250 0.938422 -3.858404 -2.871022 -1.524982 0.252832 0.771242 0.119462 -0.134402 0.034170 -0.625592 -0.451851 4.008568 -2.072511 -2.276949 0.342562 1.571934 0.656328 0.601636 -0.573252 0.462493 -0.316021 -0.244947 -0.691611 
292.619263 -35.570761 11.353166 0.564935 -2.601430 -2.500874 -0.746101 1.079010 -1.059005 0.079217 -0.414465 -0.792585 -1.397115 5.404230 -4.009124 -4.726131 0.519156 2.126690 0.982339 0.437599 -1.177948 0.680813 -0.481862 -0.399682 -1.023347 -3.108616 -3.141696 2.014712 3.307317 1.774325 -0.474870 -0.453717 -0.225795 0.545365 -0.155574 0.406186 0.132773 
292.395996 -32.957816 4.148744 -2.961095 2.135448 0.404841 -0.459155 0.208290 -2.409155 1.427634 -0.615645 -0.653427 -2.045388 -0.262981 -5.344970 0.171021 3.743611 2.023667 -0.696908 -0.136192 -0.332127 0.956327 -0.276977 0.186780 -0.186305 -4.416522 0.725697 4.039202 1.016811 -0.637730 -0.950527 0.145545 0.848478 -0.462302 0.160323 0.387600 0.640359 
283.544220 -36.096724 0.663226 0.906977 4.885792 1.546461 -2.139917 0.806626 -1.723260 1.991871 -0.968420 -0.419025 -1.769726 -3.428813 -2.557730 3.352274 2.552777 0.851230 -0.918715 0.728689 0.519008 -0.243791 -0.161217 0.375518 0.257370 -2.442611 2.209570 0.924476 -1.071941 -0.756337 0.041300 0.357638 0.422171 -0.752408 0.035517 0.094228 0.375887 
265.012787 -39.815443 -0.966716 3.743452 7.241002 2.107302 -2.296586 1.665668 -1.371139 0.940052 -0.938078 0.097609 -1.530648 -5.148203 -0.925830 2.019973 1.599729 0.510994 -0.614308 0.579085 0.512215 -0.548489 -0.205943 0.375237 0.565468 -3.827392 1.066081 -1.327618 -1.667360 -0.306111 0.959036 -0.506288 0.036826 -0.141194 0.215075 -0.154849 0.130775 
253.702713 -46.393129 -1.188433 4.946923 8.085250 2.568449 -3.368534 1.964795 -0.698830 0.894893 -1.380305 0.331448 -0.638790 -11.083598 -0.425567 0.697038 -0.781944 0.239008 0.999357 -0.283887 0.592660 -0.526178 0.268933 0.065820 0.518921 1.369347 -3.579495 -3.574519 -2.676288 0.456157 1.739796 -1.472206 -0.405331 0.693318 0.515315 -0.442293 -0.236038 
227.351959 -61.982639 -1.817851 5.137528 5.677114 2.585318 -0.297872 1.097895 -0.185820 -0.112305 -0.400212 0.229249 -0.492807 -2.409509 -8.084820 -5.129065 -3.752847 1.423309 2.865285 -2.365327 -0.298446 0.838148 0.824688 -0.509350 0.093391 9.835366 -4.327707 -3.203647 -1.026384 0.418884 -0.093147 -0.859791 -0.634762 0.765462 0.027255 -0.095322 -0.219351 
244.421036 -51.212147 -17.358074 -5.311206 0.579556 5.415067 2.362035 -2.765859 -1.295722 2.571189 0.269071 -0.687251 -0.452008 8.587134 -9.080981 -5.710256 -2.834711 1.076776 0.813062 -2.003469 -0.676865 1.004746 0.323443 -0.124825 0.080218 4.451809 5.913324 3.033214 2.499365 -0.463247 -1.269108 1.352249 0.351878 -0.611530 -0.309842 0.472896 0.096275 
0.000000 -44.808371 -19.979812 -6.282984 0.007692 4.738869 1.328252 -2.909042 -1.539550 1.897186 0.246675 -0.020400 -0.332371 6.494109 3.741827 0.937363 1.245883 0.496815 0.327068 0.339171 0.405310 -0.384912 0.205005 0.436442 0.285940 -2.261136 10.374078 3.498358 1.638951 -0.194144 0.153347 1.478743 0.729846 -0.518967 0.009831 0.187295 0.270001 
0.000000 -38.223930 -9.874420 -3.436480 3.071321 6.408698 3.016171 -2.087517 -0.485103 1.801366 0.679081 0.185632 0.119872 4.064863 11.667175 1.286460 0.443191 0.688488 1.119757 0.954017 0.782827 -0.033189 0.343105 0.249764 0.620221 -2.429996 3.041197 -0.977610 -0.910869 -0.751698 -0.330325 0.015337 -0.234252 0.240392 0.065383 -0.237315 0.070599 
0.000000 -36.678646 3.354538 -3.710064 0.894073 6.115846 3.567765 -1.001008 0.026103 1.830808 0.932886 0.479129 0.908071 1.634117 9.824220 -1.017857 -0.575856 -1.006581 -0.333582 0.369845 -0.063193 0.095872 0.335770 -0.038187 0.427138 -1.396166 -3.728058 -1.106535 -0.031647 -0.822618 -1.186123 -0.527235 -0.999976 -0.357757 -0.400310 -0.503982 -0.607689 
212.772385 -34.955695 9.774021 -5.472194 1.919609 4.395535 2.349008 -1.347828 -0.611490 1.993110 1.350621 0.109257 0.974148 1.272531 4.211060 -0.926610 0.379897 -0.956748 -1.252489 -0.100453 -1.217126 -0.748703 -0.457515 -0.758199 -0.595157 -1.824203 -4.509434 0.714769 -0.411288 0.399322 -0.352630 -0.393076 -0.532015 -0.770489 -0.432884 -0.240470 -0.556805 
205.614288 -34.133584 11.776658 -5.563285 1.653868 4.202349 1.062786 -1.201915 -2.408149 0.333402 0.017856 -1.037270 -0.282243 -2.014289 0.805352 0.411681 -1.398431 -0.207937 -1.038841 -0.416307 -1.127224 -1.445105 -0.529998 -0.519128 -0.686471 -6.911892 -2.987495 1.636135 -1.031402 0.288228 0.768404 -0.112617 0.643499 0.067077 0.364322 0.630090 0.225378 
0.000000 -38.984273 11.384725 -4.648833 -0.877254 3.979662 0.271326 -2.180442 -2.865938 -0.897101 0.290625 -0.928998 -0.398794 -12.551252 -1.763930 2.345659 -1.682906 -0.380292 0.284318 -0.325687 0.069873 -0.614550 0.271130 0.501980 -0.144402 -6.642944 -4.692355 0.984080 0.684674 -0.768802 0.458783 0.613882 1.161016 0.826540 -0.014973 0.453824 0.419377 
0.000000 -59.236088 8.248798 -0.871968 -1.711944 3.441764 1.631423 -1.853289 -2.268404 -0.895698 0.560115 -0.033309 -0.571047 -15.300177 -8.579358 2.379840 -0.029083 -1.745542 -0.121274 0.811457 1.194807 0.207975 -0.559944 0.388521 0.152282 7.252174 -1.982458 -1.443230 1.205045 0.033973 0.092012 0.682941 0.286615 0.460088 -0.051669 -0.085834 0.246436 
0.000000 -69.584627 -5.773990 0.110848 -0.935421 0.488578 0.028778 -0.557529 -0.476324 -0.481152 -0.829263 -0.151957 -0.094230 1.953095 -5.728847 -0.540801 0.727184 -0.312346 0.468341 1.040194 0.643102 0.305625 0.167792 0.330312 0.348470 12.181994 5.747554 -1.547908 -0.255649 1.046948 0.863718 -0.314122 -0.339699 -0.042362 0.703084 -0.156767 -0.358125 
99.747070 -55.329897 -3.208896 -1.953570 -0.257576 2.817073 2.568106 0.227100 -0.982199 -0.284448 0.895699 0.627315 0.125893 9.063812 2.915750 -0.715976 -0.540381 0.348353 1.606161 0.183213 0.515410 0.123251 0.846224 0.074987 -0.563967 2.612165 4.977997 1.915436 -1.517384 -0.458342 0.694467 -0.813275 0.378584 -0.636186 -0.173794 -0.408296 -0.701088 
273.012482 -51.457004 0.057510 -1.321104 -2.016183 1.185285 3.241099 -0.191102 0.554495 -0.234651 0.863186 -0.001983 -1.222165 7.177425 4.227148 3.290071 -2.307583 -1.229030 1.857275 -0.586355 1.400270 -0.966747 -0.179796 -0.486279 -1.053707 -0.766723 0.451693 1.724726 -0.499111 0.341250 -0.154771 -0.096924 -0.344366 -0.290259 -0.836012 -0.002909 0.101448 
281.952393 -40.975047 5.245400 4.626572 -4.872742 0.359013 6.282656 -0.945611 1.818341 -2.217941 0.536107 -0.345243 -1.981521 7.530366 3.819136 2.733477 -1.538603 1.030853 1.296619 -0.010634 -0.173322 -0.457268 -0.825800 0.069168 -0.361071 -4.380979 -1.333831 -2.456321 1.358817 1.156126 -1.072685 0.440337 -1.071777 0.899694 -0.034494 0.302816 0.364784 
277.967255 -36.396272 7.695783 4.145850 -5.093388 3.246990 5.834338 -0.212370 0.207852 -1.149186 -0.788414 0.136353 -1.944306 -1.584532 1.559486 -1.622571 0.410051 1.083221 -0.288094 0.294318 -0.743284 0.832642 -0.248783 0.119354 -0.324138 -5.702143 -1.742421 -2.057844 1.029488 -0.695810 -0.680277 -0.030834 0.117641 0.377766 0.619639 -0.095306 0.009162 
274.930237 -44.144111 8.364372 1.381430 -4.052640 2.525455 5.706468 -0.356974 0.331773 -0.552657 0.038540 -0.106535 -2.629798 -3.873919 0.334294 -1.382210 0.520374 -0.360767 -0.063935 -0.072302 0.061961 0.298264 0.413477 -0.121444 -0.342746 -1.144694 -0.612596 0.120180 0.055161 -0.721994 0.112080 -0.183310 0.402622 -0.267189 0.331130 -0.120399 -0.009304 
