221.283020 -43.357212 6.087263 -1.585687 4.115847 4.150555 -0.500579 -1.066364 0.881989 0.877651 -0.125281 -1.361086 -0.088715 -0.250897 1.103139 1.543306 -1.485675 -0.417855 0.435184 0.636500 0.741260 -0.740204 -0.334728 0.702858 0.360489 0.957590 0.363264 -0.134263 -0.327906 -0.044566 0.075789 0.423998 -0.000738 -0.166190 0.314043 -0.159189 -0.565709 
223.057709 -43.859007 8.293541 1.500924 1.144497 3.314844 0.369788 0.206635 2.364509 -0.602757 -0.794736 0.044629 0.632263 1.664283 1.829667 1.274780 -2.141488 -0.506987 0.586762 1.484496 0.739784 -1.072583 0.293359 0.384479 -0.770929 2.286895 -0.674253 -1.526161 -0.280863 -0.221128 0.160980 0.312051 -0.369854 -0.082451 0.431738 -0.429618 -0.519147 
234.297775 -40.028647 9.746598 0.963873 -0.167128 3.136580 0.672945 1.902628 2.361557 -1.267515 0.461437 -0.592129 -1.630573 4.322893 -0.245367 -1.509016 -2.047402 -0.860110 0.757144 1.260602 0.001552 -0.905106 0.528748 -0.156378 -0.677805 2.498998 -0.630292 -1.110810 0.818418 -0.732899 -0.689353 -1.189247 -0.461494 0.125177 -0.036451 -0.013420 0.670559 
237.640182 -35.213220 7.802808 -1.517108 -2.950307 1.594623 1.884075 2.727839 2.367613 -2.412968 0.262760 -0.268128 -0.723348 6.662279 0.569083 -0.946839 -0.504651 -1.972786 -0.791944 -0.893998 -0.183203 -0.822228 0.220457 0.357638 0.570190 0.109690 0.799568 0.471234 1.518083 -0.425977 -1.214048 -1.233884 -0.304443 0.352004 -0.160777 0.021366 0.528818 
241.744476 -26.704089 10.884764 -0.929805 -1.176430 -0.808991 -0.910944 0.114632 1.995150 -2.911971 0.902352 0.123147 -0.490192 4.542273 1.353769 -0.566548 0.988764 -1.712065 -1.670952 -1.207166 -0.607335 -0.201097 0.207194 -0.113647 0.379830 -4.358182 -1.753961 -0.255677 0.251823 0.401318 0.442234 0.660764 -0.234090 0.696989 -0.077331 -0.073463 0.037227 
237.822647 -26.128674 10.510346 -2.650204 -0.972779 -1.829506 -1.457829 0.313507 1.152943 -2.815162 0.677148 -0.495422 0.036312 -2.054084 -2.938838 -1.458192 -0.001006 -1.170150 0.092524 0.427530 -0.651383 0.571750 0.065796 0.210711 0.644645 -5.694504 -3.397470 -0.646174 -0.464973 0.317545 1.010276 0.522742 -0.144327 0.635703 -0.041882 0.290105 -0.124624 
223.410538 -30.812257 5.007088 -3.846189 -1.178442 -3.149292 -0.725897 0.969691 0.692385 -1.768471 1.033944 0.544570 0.799098 -6.846736 -5.441171 -1.858896 0.058819 -1.076974 0.349600 -0.161682 -0.895988 1.070310 0.123430 0.466562 0.130582 -3.522444 -1.308429 0.159114 -0.002506 1.349230 0.314046 -0.476637 -0.036671 0.114156 -0.134003 -0.027908 -0.333556 
56.355682 -39.822146 -0.371996 -6.367996 -0.855141 -3.983454 -0.758628 -0.009857 -0.639033 -0.674542 0.924009 0.437703 0.297476 -9.098973 -5.555695 -1.139965 -0.006018 1.528309 0.720616 -0.525744 -0.724725 0.800062 -0.202210 0.154896 -0.022468 1.601001 1.511370 0.587419 0.257101 2.173834 0.243870 0.628764 0.898606 -0.520981 -0.313189 -0.556259 -0.183697 
192.207336 -49.010204 -6.104303 -6.126120 -1.190478 -0.092673 0.715334 -0.081797 -0.757065 -0.168347 0.629524 0.854362 0.754162 -3.644734 -2.418431 -0.684058 0.573020 3.270694 0.837341 1.095846 0.901224 0.028348 -0.502948 -0.645955 -0.236812 8.321333 4.006301 -0.292076 1.303264 -0.266878 -0.273931 0.805565 0.667221 -0.766674 -0.538212 -0.759227 -0.444928 
0.000000 -47.111613 -5.208858 -7.736112 0.290899 2.557934 0.916054 2.181836 1.163416 -0.617845 -0.081888 -0.854207 -0.176148 7.543693 2.456908 -1.724117 2.600509 0.994553 0.172754 1.085386 0.609717 -0.733286 -1.278633 -1.363559 -0.912323 5.550063 2.145278 0.519212 1.217926 -1.872544 -0.613240 -1.358077 -0.790306 -0.167212 -0.249267 0.187710 0.110172 
0.000000 -33.922818 -1.190488 -9.574354 4.010541 1.896434 1.060843 2.088974 0.462369 -1.634920 -1.927743 -1.872755 -1.070484 7.455392 1.872124 0.354366 3.008871 -0.474395 -0.389139 -1.620309 -0.679387 -0.306075 -1.001482 -0.270535 -0.016468 -4.302180 -2.122665 0.731663 -1.385023 -0.629372 -0.220854 -1.023576 -0.166777 0.562799 0.696972 0.910950 0.696531 
0.000000 -32.200829 -1.464610 -7.027381 6.308641 1.609145 0.137776 -1.058781 -0.195359 -1.229995 -2.084852 -1.395278 -0.209084 -1.060667 -1.788423 -0.260792 -0.169537 -0.264190 -0.268954 -0.961767 0.276164 0.392312 0.115311 0.458342 0.480738 -8.594001 -2.143427 -0.969942 -2.300619 -0.008645 0.144352 0.884511 0.361096 0.392139 0.608194 0.392014 0.159274 
0.000000 -36.044151 -4.767334 -10.095937 3.671467 1.368055 0.522935 0.165441 1.014696 -0.850295 -1.697120 -0.956071 -0.109009 -9.732610 -2.414729 -1.585519 -1.592367 -0.491685 -0.100435 0.148713 0.042804 0.478202 0.214906 0.513493 0.302080 -5.278154 0.877685 0.592208 -0.624114 0.349059 -0.439989 0.322767 -0.395805 0.005926 0.222406 -0.002844 -0.151711 
0.000000 -51.666050 -6.294069 -10.198419 3.123907 0.625775 -0.063094 -0.761356 -0.109752 -0.273590 -1.655041 -0.368293 0.395076 -11.616974 -0.033053 0.923624 -1.417764 0.433929 -1.148932 -0.316232 -0.515446 0.404165 0.560124 0.452653 0.177316 10.804242 4.238443 4.092766 0.692532 0.076448 -0.180930 0.234489 0.587600 -0.553678 0.046983 -0.084484 -0.528521 
0.000000 -59.278100 -4.833440 -8.248690 0.835938 2.235913 -1.774928 -0.467023 -0.016196 -0.041964 -0.576872 -0.050765 0.245623 11.875874 6.062156 6.600014 -0.207302 -0.338790 -0.462295 0.617692 1.218004 -0.629154 0.308871 0.344525 -0.754962 15.363406 3.408496 2.210547 1.232940 -0.813082 0.496132 0.247317 0.803157 -0.654151 -0.373631 -0.011008 -0.150741 
0.000000 -27.914302 5.830244 3.001608 2.709303 -0.051804 -0.987684 0.474027 2.326257 -1.531897 -1.037300 0.320758 -1.114848 19.109839 6.783939 5.344717 1.048115 -1.192234 -0.156668 0.178401 1.090868 -0.904137 -0.187137 0.430637 -0.124166 -4.404288 -1.566815 -4.034833 -0.568774 -0.175068 0.180400 0.025233 -1.008530 0.312762 -0.235841 -0.262529 0.606211 
256.986420 -21.058422 8.734438 2.440744 2.932168 -0.148556 -2.088264 -0.110220 2.165540 -1.850238 -0.951146 0.810510 -0.002709 3.067298 2.928526 -1.469653 -1.344850 -0.688925 -0.101495 0.668157 -0.799056 -0.003629 -0.162811 -0.180532 0.457459 -10.585702 -2.898383 -4.860877 -0.948503 1.378466 0.385300 0.404932 -0.949978 0.366856 0.083670 -0.485814 -0.044425 
280.191406 -21.779707 11.687296 0.062302 0.019602 -1.429655 -1.190674 1.810340 0.728144 -1.539155 -1.362921 -0.040305 -0.199930 -2.061564 0.987173 -4.377037 -0.848892 1.564699 0.613932 0.988266 -0.809088 -0.170425 -0.019797 -0.540992 -0.213017 -2.697211 -2.768736 -1.134593 1.378220 0.995696 -0.047664 -1.079006 0.250851 -0.016773 0.332546 -0.244896 -0.778779 
288.506744 -25.181551 10.708784 -6.313330 1.234385 2.980842 -0.860400 1.866311 0.547364 -2.191089 -0.990740 -0.271473 -0.428743 -2.327124 -2.608946 -3.738839 1.411590 1.302467 -0.196822 -1.489855 -0.297355 -0.037176 0.502280 -0.670323 -1.100098 1.841439 -2.090603 2.293638 0.806353 -1.654465 -0.417769 -1.664738 0.296386 0.195761 -0.245191 0.099508 -0.385784 
300.719391 -26.433956 6.469405 -7.415375 2.842781 1.175279 -1.584319 -1.169370 0.133433 -1.613507 -0.358361 -1.380952 -2.400127 1.621314 -3.194034 0.210239 0.763814 -1.744231 -0.221605 -2.341210 -0.216315 0.221097 -0.510179 -0.341975 -0.984585 1.916239 0.777166 2.160192 -0.942329 -1.191976 0.622490 0.220686 0.337109 -0.137105 -0.606132 0.558156 0.716151 
299.374146 -21.938923 4.320716 -5.892851 2.762012 -0.507621 -1.303609 -2.816109 0.114733 -1.748895 -2.011098 -0.955423 -2.397913 1.505354 -1.054613 0.581545 -0.473069 -1.081485 1.048158 -1.048483 0.376863 -0.311386 -0.709983 0.445988 0.332204 -1.729036 1.638471 -0.443613 -0.583088 0.655974 0.842297 1.143696 0.635590 -0.327103 0.482010 0.533262 0.717587 
301.846100 -23.423248 4.360179 -6.252285 1.896643 -0.987691 0.511998 -3.266337 0.887159 -2.236279 -1.778327 -0.488975 -1.735719 -1.836758 0.082908 -0.676987 -0.402361 -0.432282 1.462988 -0.053819 1.054864 -0.433109 0.453842 0.724549 0.450589 -0.133911 1.100302 -0.607294 0.038618 0.293354 -0.540300 0.905632 -0.473932 0.278270 0.444504 -0.031734 -0.086201 
311.439362 -25.612438 4.486532 -7.246825 1.957290 -1.372185 1.622367 -2.923746 2.224462 -2.615113 -1.103414 0.493675 -1.496735 1.237531 1.145990 -0.633044 -0.395834 -0.494776 -0.032441 0.762780 -0.571001 0.245153 0.179025 0.382521 0.159801 3.001869 0.526004 0.336931 0.039335 -0.140437 -1.146767 0.306962 -1.299458 0.195167 -0.229620 -0.595429 -0.224601 
320.445312 -20.948185 6.652160 -7.518373 1.104975 -1.977244 0.447116 -1.740777 -0.254843 -1.745973 -1.420278 0.276067 -1.416116 4.166980 1.134916 -0.003124 -0.323691 -0.713156 -0.830545 0.560106 -1.544052 -0.042774 -0.005397 -0.466309 0.001386 -1.222930 -0.496087 0.503901 0.119603 0.442663 -0.330051 -0.445349 0.799427 -0.569411 0.028870 -0.347129 0.002322 
326.263245 -17.278478 6.756363 -7.253073 1.309908 -2.798498 -0.038723 -1.803535 -0.863642 -2.700662 -1.114209 -0.438943 -1.493963 -1.208330 0.153815 0.374758 -0.156627 0.390549 -0.692544 -0.127917 1.027854 -0.893668 0.236764 -0.311736 0.164446 -3.264387 -0.090068 0.287120 -0.479331 0.787661 0.286534 -0.254841 1.345169 -0.258550 -0.332040 0.285467 0.057918 
328.191772 -23.364845 6.959790 -6.768856 0.791721 -1.196145 -0.937971 -1.996612 1.800864 -3.533310 -0.946749 -0.347405 -1.087224 -2.361794 0.954781 0.571116 -1.282353 0.862166 -0.257478 0.050424 1.146286 -0.559875 -0.669478 0.104624 0.117223 1.880792 0.464836 -0.255059 -0.511245 -0.267910 0.384236 0.525540 -0.707643 0.345988 -0.189222 0.412216 0.155482 
309.795380 -22.002067 8.665925 -6.110842 -1.254798 -1.074166 -0.553679 -1.702688 1.428930 -3.820411 -2.453165 -0.229694 -1.259517 2.553254 1.083488 -0.135360 -1.179116 -0.145271 0.075929 0.923163 -0.387432 -0.201693 -0.141680 0.512697 0.475411 1.693338 -0.576500 -0.438924 0.752822 -0.370536 0.403694 0.111000 -0.723612 0.500210 0.831045 0.285870 0.285364 
296.918182 -18.258337 9.126767 -7.039575 -1.566512 -1.486688 -0.786114 -0.150285 1.026001 -3.936696 -1.230110 0.677990 -0.136403 1.024882 -0.198220 -0.306732 0.223290 0.121095 0.549910 0.272424 -0.300937 0.440545 0.992611 0.676365 0.687952 -2.407875 -0.948797 0.584107 1.338322 0.294182 0.588561 -0.478426 -0.152165 0.542032 0.316221 -0.263689 -0.351013 
288.023438 -19.952302 8.269485 -6.724306 -0.808218 -0.831977 0.546141 -1.157839 0.827057 -2.939320 -0.467942 1.123036 0.116386 -2.262495 -0.814107 1.032855 1.497528 0.443093 1.253051 -0.033690 -0.691761 0.882371 0.490761 -0.014682 -0.226614 -1.875233 -0.509695 0.766733 1.013965 -0.090234 0.142046 0.041371 -0.155600 -0.025332 -0.435019 -0.648736 -0.585140 
285.977234 -22.783327 7.498553 -4.973866 1.428545 -0.600502 1.719989 -0.217664 -0.357521 -2.171953 -0.248587 0.648626 -0.589632 -2.725584 -1.217610 1.226734 2.251219 -0.059373 0.834003 0.355166 -0.612137 0.389881 0.122574 -0.621107 -0.482329 -1.509954 -2.310684 0.012185 -0.011978 0.092517 -1.199648 0.422438 0.092633 -0.210993 0.101641 -0.235470 0.143681 
289.162628 -25.403470 5.834265 -4.270838 3.694220 -0.950722 2.214147 -0.447507 -0.397216 -2.159559 -0.222794 -0.119178 -0.848271 -5.282403 -5.435476 1.057225 1.473573 0.628128 -1.146244 0.811186 -0.506495 0.460386 0.694044 -0.485622 0.060748 -1.125748 -3.540492 -1.291299 -1.675993 0.115477 -1.274917 -0.055970 0.316705 0.301720 0.262269 0.275295 0.153220 
295.806427 -33.348134 -3.372398 -2.859416 4.375691 0.655754 -0.572500 1.404707 -1.370511 -1.251181 1.139500 -0.322618 -0.468136 -4.977079 -8.298594 -1.355864 -1.100767 0.171580 -1.715831 0.243225 0.021274 0.993320 0.647111 -0.070517 -0.175888 2.759259 1.203813 -1.394236 -1.264998 -0.532342 0.551457 -0.286678 0.688211 -0.174828 -0.471073 0.214747 0.043608 
0.000000 -35.357629 -10.762923 -6.982565 1.492686 -0.607561 -1.217516 0.038944 -0.354669 -0.172918 1.071428 -0.260211 -1.200047 0.236115 -3.027850 -1.731248 -1.056424 -0.436555 -0.043331 0.237830 0.869927 0.110729 -0.248103 -0.056128 0.147963 4.440906 8.229718 1.796355 0.666846 -0.090523 1.003666 0.745286 0.417200 -1.007432 -0.746244 -0.076421 0.280095 
0.000000 -32.875904 -9.428098 -6.321912 2.262843 -0.217357 -0.659161 1.880366 0.369344 -1.029724 0.643295 -0.434875 -0.172209 3.904732 8.160842 2.236847 0.232924 -0.009466 0.291501 1.733798 0.855673 -1.021543 -0.845378 -0.223358 0.384301 1.005262 5.701395 1.791106 -0.137462 -0.179789 0.188386 -0.475096 0.625100 -0.543868 -0.262844 0.097183 0.035772 
0.000000 -27.548164 5.558761 -2.508870 1.958535 -0.626493 -0.634515 3.506540 1.356677 -2.216005 -0.619328 -0.706927 -0.431445 2.246638 8.374940 1.850964 -1.331348 -0.796133 0.333441 -0.712362 2.120128 -0.977007 -0.773792 0.138238 0.219508 -1.481252 -3.808330 -2.137248 -0.663792 -0.642737 -0.021834 -1.898495 -0.086069 0.491560 0.396711 0.212529 -0.290683 
273.260010 -28.382628 7.321783 -2.619985 -0.399854 -1.809623 0.007721 0.455642 4.609599 -2.983738 -0.904289 -0.158398 0.266806 0.942229 0.544183 -2.037649 -1.094659 -1.294940 0.247833 -2.063192 0.683536 -0.038423 -0.051956 0.201700 -0.197065 1.385107 -3.992260 -1.676085 0.513599 -0.165754 -0.219758 -0.035158 -2.297344 0.774515 0.224934 -0.210479 -0.343361 
284.277985 -25.663707 6.647127 -6.584168 -0.230783 -3.216373 -0.138848 -0.619845 2.723749 -2.292852 -0.723241 -0.303527 -0.825575 5.016851 0.390421 -1.501206 -0.304150 -1.127640 -0.106075 -0.782678 -2.474560 0.572024 -0.323923 -0.282720 -0.467215 1.716105 -0.188215 0.744958 0.059160 0.355428 -0.369178 0.977615 -1.282122 -0.149595 -0.070946 -0.047432 0.110513 
297.408142 -18.348926 8.102624 -5.622398 -1.008154 -4.064903 -0.204429 -1.109713 -0.339521 -1.839690 -1.552135 -0.723839 -0.667623 4.374439 0.167754 -0.547732 -0.976338 -0.584084 -0.490522 -0.107963 -1.880708 -0.337614 -0.193847 0.106836 0.023961 -2.825689 -0.406148 0.410969 -0.059544 0.907098 0.201263 0.422310 1.179468 -0.744897 0.358852 0.300028 0.309860 
307.487701 -16.914829 6.982634 -7.679633 -2.183460 -4.384542 -1.119893 -0.835771 -1.037667 -2.968079 -1.110935 -0.089856 -0.777653 -0.634527 -0.421876 -0.679269 -0.423238 0.686555 0.296451 0.061942 -0.115624 -0.917771 0.393781 0.317336 0.152506 -6.723787 -0.725350 1.943425 0.447443 1.252446 0.673276 0.406542 0.980925 0.167163 0.255971 0.082904 -0.033853 
318.249146 -19.617979 7.258872 -6.980935 -1.854631 -2.691792 0.388473 -0.985830 -0.570770 -3.675232 -0.764573 -0.089167 -0.362611 -9.073135 -1.282946 3.339117 -0.081453 1.920807 0.856029 0.705122 0.081143 -0.003288 0.318094 0.272644 -0.043745 -8.785582 -1.020087 1.898017 -0.181672 -0.093353 0.365682 0.935651 0.046196 0.479046 -0.091689 0.286666 -0.104579 
314.296204 -35.061100 4.416741 -1.001399 -2.346365 -0.542927 0.592164 0.574473 -0.875382 -2.974655 -0.474747 0.455432 -0.865142 -18.205692 -2.462050 3.116765 -0.786583 0.499849 1.027815 1.933243 -0.023233 0.040320 0.210402 0.890669 -0.056651 1.906251 -1.355645 -3.262406 1.549268 -0.716020 -0.318809 -0.327855 -0.159714 0.813984 -0.093070 -0.233515 0.296225 
317.821930 -56.029362 2.334771 -0.747405 -3.427796 -1.692094 2.444103 2.880656 -0.617236 -3.594592 -0.343769 1.692170 -0.475913 -5.260633 -3.994236 -3.185694 3.017083 0.488768 0.218411 0.049412 -0.238284 1.624681 0.131953 -0.194387 0.548704 17.430178 1.143453 -3.082720 2.402116 0.338971 -0.982098 -1.699024 -0.039454 0.980028 0.142658 -0.933126 0.135455 
315.965576 -45.582367 -3.571730 -7.372787 3.687801 0.434609 1.028986 0.673298 -1.351950 0.274707 -0.210840 0.066658 0.232266 16.654665 -0.175144 -3.048675 4.017650 1.177790 -0.936380 -1.464805 -0.102140 2.000376 0.495719 -0.975584 0.214260 9.674429 4.188341 1.067272 -1.509923 -0.121632 -0.221370 -0.345169 0.858890 -0.585866 0.291161 0.221039 -0.294686 
318.319916 -22.720033 1.984482 -6.844754 4.607503 0.663486 0.571342 -0.048954 -0.821516 0.406159 0.647668 -0.258998 -0.047394 14.088225 4.382447 -1.051150 -0.002764 0.245504 -0.224329 -0.640925 1.479495 0.452949 0.714275 0.247692 -0.040668 -6.676147 0.465749 0.695852 -2.131220 -0.347466 0.083741 0.620527 0.767101 -0.911787 -0.362174 0.793627 -0.159659 
341.419159 -17.405918 5.193163 -9.475087 3.682273 0.925617 0.580328 -0.608552 1.607041 1.180605 1.217709 0.562042 0.150930 3.302371 0.756353 -1.656971 -0.244790 0.482858 -0.768898 -0.223752 1.432061 0.176801 -0.228629 0.611670 -0.105058 -6.857341 -2.580561 0.269185 0.454250 -0.250183 -0.410911 -0.021968 -0.724198 -0.723915 -0.950303 -0.172166 -0.076751 
348.399872 -16.115290 3.497188 -10.158697 4.117922 1.629202 -0.966453 -0.496457 2.042606 0.759761 0.190410 0.964342 -0.257510 0.373542 -0.778675 -0.512780 0.905735 -0.254862 -1.046151 -0.684860 0.031099 -0.994882 -1.186332 -0.096640 -0.194169 -1.762365 -0.694935 0.837646 0.352257 -0.598473 0.179844 -0.239295 -0.993513 -0.727976 -0.284325 -0.546286 -0.216771 
0.000000 -16.658834 3.635813 -10.500648 5.493744 0.415892 -1.511974 -1.978272 1.669238 -0.809159 -1.154955 0.368762 -0.237409 -0.222358 -0.633517 0.018320 0.459724 -0.714088 -0.409209 -0.702342 -0.554965 -1.279151 -0.797279 -0.480902 -0.538600 -1.093146 0.532186 0.637492 -0.409382 0.424498 0.704307 0.650639 -0.061145 0.290654 0.765340 -0.076843 -0.108429 
312.139587 -16.560006 2.230155 -10.122057 5.037371 0.201025 -1.784871 -1.901141 0.932675 -1.798541 -1.404148 0.002539 -1.334710 -1.812751 0.285698 0.762204 0.086971 0.594133 0.362464 0.616418 -0.091190 -0.413575 0.344348 -0.250327 -0.411028 -3.032372 0.885030 1.268712 0.187438 0.606035 0.798720 0.884484 0.471685 0.838861 0.693769 0.272533 0.451195 
300.369110 -20.284336 4.207209 -8.976239 5.667686 1.604157 -0.787047 -0.745436 1.486858 -1.636308 -0.466258 -0.131892 -1.059465 -6.287103 1.136543 2.555745 0.834600 0.497982 1.188232 1.066625 0.388404 0.398571 0.590260 0.064164 0.363791 -3.505810 -0.738400 0.828972 0.400933 -0.182834 0.203115 -0.151378 0.197593 0.356562 -0.008968 0.061163 0.360650 
257.651978 -29.134212 4.503240 -5.010567 6.706571 1.196990 0.591593 0.232109 1.709482 -1.001398 -0.223628 0.130868 -0.607128 -8.824371 -1.191102 2.420148 0.888837 0.228464 0.768694 0.313663 0.303995 0.299549 0.326413 -0.128001 0.310272 -0.626998 -1.841966 -1.627934 -0.638662 -0.345317 -0.656953 -0.645713 -0.413189 0.178185 -0.189402 -0.102487 -0.196757 
0.000000 -37.933079 1.825005 -4.135944 7.445359 2.061086 0.750342 -0.118110 2.094848 -1.037210 0.186567 -0.387895 -0.438921 -7.541098 -2.547389 -0.700124 -0.442724 -0.192652 -0.125675 -0.224800 -0.437974 0.754942 0.211455 -0.140809 -0.029724 5.674358 -0.516431 -2.948383 -1.505783 -1.263793 -0.298910 -0.045968 -0.546900 0.296159 -0.102100 0.144116 0.033628 
272.986176 -44.216407 -0.591538 -6.410815 5.821123 0.811686 0.340244 -0.217491 0.833535 0.508485 0.199282 -0.150750 -0.666576 2.524345 -2.223963 -3.476618 -2.122730 -2.299121 0.170873 0.221727 -0.789805 0.891867 0.122213 0.160231 0.377528 6.901404 0.598975 -1.006009 -0.590542 -0.627792 0.054051 0.088714 -0.052769 -0.415596 -0.092427 -0.023845 0.341238 
0.000000 -32.884389 -2.622922 -11.089180 3.199900 -2.537157 1.092089 0.325343 0.515237 0.746523 0.430993 -0.067434 0.316135 6.261711 -1.349439 -2.712141 -1.623808 -1.448236 -0.017572 -0.047372 -0.543511 -0.076251 0.026601 -0.188499 0.652753 -4.983279 0.562007 1.651147 0.990961 1.103705 -0.371796 -0.253715 0.047665 -0.295178 -0.124783 -0.097516 -0.102696 
0.000000 -31.692986 -3.290416 -11.835098 2.573508 -2.084787 0.305099 -0.312236 -0.253487 0.355984 0.252485 -0.527749 0.638930 -7.442213 -1.099949 -0.174325 -0.140807 -0.091710 -0.572719 -0.285703 -0.694476 0.301510 -0.127352 -0.034801 0.172137 -6.568091 -1.103900 0.085859 0.299040 0.647064 0.529373 0.684669 0.179770 -0.329020 -0.327933 0.343773 -0.012811 
0.000000 -47.768816 -4.822821 -11.437830 2.918286 -2.720578 -0.053349 -0.246063 -0.873715 1.349544 0.176289 -0.137035 0.660408 -6.874471 -3.557239 -2.540423 -1.025729 -0.154109 1.041173 1.321966 -0.183970 -0.734290 -0.629264 0.499046 0.627131 6.790453 -0.202643 -1.243454 -1.249083 -0.786847 0.321715 0.421974 0.835226 -0.432648 0.084243 -0.137486 -0.062158 
0.000000 -45.441928 -10.404895 -16.915943 0.522051 -2.393004 2.387446 2.331695 -0.621428 -1.112597 -1.006044 0.470344 1.893192 6.138692 -1.505236 -2.661233 -2.638973 -1.665403 0.070712 0.558244 0.975976 -0.563786 0.041134 -0.309772 0.047821 4.733471 3.007680 1.778778 -0.242032 -0.662123 -0.951892 -0.911454 0.414418 0.771978 0.498424 -0.553770 -0.771001 
0.000000 -35.491431 -7.833293 -16.760297 -2.359660 -6.051384 0.088074 0.870425 1.078237 0.221971 0.258558 -0.756580 0.756050 2.592470 2.458120 1.017133 -1.509793 -1.478355 -0.862610 -0.500942 0.644865 0.809665 0.367585 -0.608493 -0.914870 -7.964680 2.538008 4.157880 1.550891 2.219031 -0.001896 -0.294601 -0.714375 0.361236 -0.083824 0.198667 -0.331470 
0.000000 -40.256988 -5.488654 -14.881677 -2.497536 -5.349713 0.662226 1.329811 0.668303 0.506732 -0.270875 -0.746642 0.063452 -9.790668 3.570779 5.654527 0.462808 2.772659 0.066920 -0.030958 -0.452773 0.158686 -0.126514 0.087562 -0.615119 -1.033081 1.569070 4.103889 2.074153 2.065078 -0.559157 -0.623549 -0.534885 -0.857654 -0.643056 0.417650 0.556363 
143.447006 -55.072766 -0.691735 -5.451242 -1.434043 -0.506067 0.221915 0.808508 0.172691 0.539343 0.005530 -0.581455 -0.474189 0.526308 5.596260 9.224910 2.638512 2.651801 -1.980925 -1.748041 -0.424905 -0.905644 -0.918527 0.226807 0.197856 12.272080 0.629014 -1.197555 0.619934 -2.087227 -0.607202 -0.252948 0.412425 -0.072822 0.092357 0.337760 0.314506 
0.000000 -39.204373 5.703866 3.568144 2.779487 -0.046110 -3.299624 -2.166271 -0.181507 -1.304555 -2.107928 -0.293028 0.459165 14.753492 4.828807 3.259418 1.702676 -1.401796 -1.147483 -0.536855 0.372076 0.013042 0.058200 0.763081 0.013893 3.146493 -1.982627 -5.237593 -1.521300 -2.141788 1.297106 1.349288 0.487040 0.920318 1.016728 0.196030 -0.325320 
0.000000 -25.565783 8.965879 1.067593 1.971309 -3.309659 -2.073051 -0.265202 0.916843 0.565428 0.121931 0.944708 -0.446403 6.819295 1.631006 -1.250275 -0.404089 -1.631774 0.613286 0.950535 0.549175 0.934991 1.114930 0.618868 -0.452784 -3.967098 -1.598900 -2.254847 -1.053382 -0.114989 0.880385 0.743695 0.088549 0.460975 0.528365 -0.072107 -0.233338 
