235.511902 -10.589032 2.577736 -1.756279 1.619095 1.568302 -0.158402 -1.267093 -0.541916 -1.190787 -0.145816 0.420065 -0.070559 -7.609032 2.535684 1.076155 -0.538363 -0.619448 -0.425057 0.607304 0.152029 -0.336776 -0.334204 -0.716345 -0.239682 -2.751909 1.346927 0.628555 -0.518099 -0.443108 0.234868 0.421284 0.151762 0.037708 -0.309587 -0.127315 0.051103 
0.000000 -25.807096 7.649104 0.396031 0.542369 0.329407 -1.008516 -0.052485 -0.237859 -1.864340 -0.814224 -1.012625 -0.549922 -13.112849 5.229538 2.333265 -1.574561 -1.505663 0.044679 1.449872 0.455553 -0.261359 -0.953378 -0.970975 -0.137475 0.419994 -1.778307 1.659103 -1.434780 0.276713 0.252063 0.572914 0.056463 0.246426 -0.126187 0.133173 0.427316 
0.000000 -36.814730 13.036811 2.910252 -1.530027 -1.443024 -0.069044 1.632650 0.369191 -1.713506 -2.052572 -1.521885 -0.345509 -6.769044 -1.020929 4.394360 -3.407923 -0.066022 0.079070 1.753133 0.264955 0.156076 -0.586578 -0.450000 0.614951 9.217062 -6.495508 -0.354451 0.517638 1.668471 -0.453638 -0.971206 -0.244019 0.016544 0.639226 0.822625 0.250502 
243.353653 -39.345185 5.607245 9.184752 -6.273476 0.197363 -0.850377 3.453781 0.292052 -1.552188 -1.987379 -1.912624 0.679979 5.321275 -7.761479 1.624364 -0.539285 1.831279 -0.862596 -0.492540 -0.032485 -0.228272 0.325074 0.674275 0.363530 9.791028 -2.138634 -3.895112 4.279929 0.262695 -0.285865 -1.661489 -0.040451 -0.312408 0.300399 0.927424 -0.416968 
0.000000 -26.172180 -2.486146 6.158979 -2.608596 2.219534 -1.794236 0.647571 0.304220 -2.170050 -1.402424 -0.173336 0.381550 12.813011 -5.298198 -3.395864 5.151936 0.459368 -0.492661 -1.569846 0.184052 -0.468740 0.014220 1.404849 -0.218985 -0.015565 3.577381 -1.954358 3.139401 -1.939393 0.581841 0.013353 0.490361 -0.226908 -0.354285 -0.621088 -0.442231 
153.834564 -13.719162 -4.989150 2.393023 4.030396 1.116100 -1.835698 0.314088 0.660157 -2.489667 -1.958939 0.897073 0.242008 5.290145 -0.606717 -2.284352 5.739517 -2.047507 0.301086 -0.465833 0.948237 -0.682087 -0.383497 -0.567902 -0.520933 -7.442701 3.436725 1.629756 -1.485372 -1.661129 0.670886 1.074799 0.509157 -0.307598 -0.058176 -1.190264 -0.286784 
313.949524 -15.591891 -3.699580 1.590276 8.870439 -1.875479 -1.192064 -0.284096 2.200693 -3.534225 -2.169418 -1.309139 -0.660317 -2.072391 1.575253 -0.136351 2.181191 -2.862889 0.849110 0.579752 1.202366 -1.083936 -0.102132 -0.975680 -0.792553 -3.546381 2.126688 1.167661 -4.236583 0.206963 0.406486 0.410623 -0.266899 0.562760 0.542056 0.365978 0.211590 
316.396118 -17.863943 -1.838644 2.120321 8.392778 -4.609677 -0.137477 1.473592 3.064888 -4.657539 -2.163203 -1.054287 -1.343097 -1.802617 3.646659 0.050971 -2.733649 -1.633581 1.114057 0.355414 0.414438 0.443432 0.700615 0.164055 -0.097753 -1.114408 2.395884 0.302828 -3.332348 1.197022 -0.297735 -0.644046 -0.793991 1.462297 0.396135 0.641127 0.491863 
322.110077 -19.197125 3.593737 1.692218 3.403141 -5.142640 1.036051 0.426732 3.029569 -2.647360 -0.768188 -0.981029 -0.855823 -4.301206 6.367022 0.469304 -4.483505 -0.468846 0.253641 -0.708341 -0.385617 1.840659 0.690137 0.306574 0.191174 -0.991759 0.357021 -0.082678 -0.017254 1.021956 -1.192554 -0.203516 -0.794822 0.371189 -0.396943 0.015814 0.068011 
318.311432 -26.466355 10.895400 3.058928 -0.574231 -5.547369 0.369804 0.056911 2.293654 -0.976221 -0.782929 -0.441139 -0.960749 -3.786136 4.360700 -0.114386 -2.768158 0.410332 -1.271052 -0.051618 -1.175205 1.185810 -0.093271 0.195684 0.038269 6.593005 -5.161756 -1.111999 2.103928 0.859151 -0.661166 0.024396 -0.288002 -0.624987 -0.476956 -0.031433 0.070490 
310.008209 -26.769397 12.315136 1.463446 -2.133174 -4.321977 -1.506053 0.323496 0.679158 -0.275739 -0.954731 -0.589661 -0.779285 8.884805 -3.956489 -1.754695 -0.275649 1.249456 -1.068692 -0.659548 -0.961620 0.590684 -0.263775 0.243708 0.332154 7.365227 -4.894267 -0.706877 1.699603 0.162686 0.822016 -0.232181 0.618220 -0.415935 0.158486 0.213751 0.231221 
294.236053 -8.696746 2.982421 -0.450461 -1.125528 -3.048457 -1.767579 -1.262186 0.370414 0.205148 -1.310480 0.046277 -0.296442 10.944318 -5.427833 -1.528139 0.631048 0.735704 0.372981 -0.515979 0.061236 0.353941 0.223700 0.623186 0.500711 -3.594796 1.623470 0.558748 0.245168 -0.477783 1.148552 0.443938 0.524590 -0.287377 0.436354 0.142969 -0.092042 
272.683472 -4.880762 1.459469 -1.592831 -0.871079 -2.850570 -0.760091 -0.708462 0.801630 0.432143 -0.507331 0.656710 0.222136 1.695212 -0.709549 -0.637199 0.214687 0.293890 1.228412 0.228328 0.087559 0.015931 0.608933 0.529646 0.148069 -7.790002 3.249074 1.024882 0.142526 0.112665 0.247530 0.099605 -0.060013 -0.379783 0.179806 -0.191436 -0.308647 
245.125061 -5.306321 1.563324 -1.724859 -0.696154 -2.460676 0.689244 -0.805529 0.545533 0.237011 -0.092614 1.105569 -0.000305 -4.635686 1.070315 0.521625 0.916100 0.961034 0.868042 -0.316770 -0.058791 -0.405625 0.583311 0.240314 -0.116584 -8.408699 2.237780 0.444659 -0.398787 0.279453 -0.160268 0.565535 0.238357 -0.370921 -0.192040 -0.335949 -0.215394 
235.244202 -14.152134 3.600100 -0.549580 0.961122 -0.928501 0.975992 -1.342001 0.684047 -0.379106 0.659291 1.137339 -0.011032 -15.122185 3.766011 0.252118 -0.582887 0.852797 0.907875 1.359398 0.564274 -0.725911 0.224852 -0.142251 -0.282719 -3.954503 0.616485 -1.091263 -1.080824 1.149910 -0.084142 0.079763 1.171837 0.621624 -0.519447 -1.091296 -0.156753 
222.050217 -35.550692 9.095346 -1.220622 -1.861929 -0.755081 2.504994 1.913266 1.674081 -1.214812 0.357091 0.821066 -0.565743 -12.544692 2.303286 -1.660900 -1.245547 3.260855 0.699757 -0.157244 2.284882 0.837624 -0.455583 -1.942277 -0.430089 8.684031 -4.066134 -1.023769 0.331201 1.681361 -0.613243 -2.084400 0.420899 0.978679 -0.224954 -0.574230 -0.056418 
0.000000 -39.241517 8.206671 -3.871381 -1.529972 5.593208 2.375507 -1.656488 5.253811 1.296142 -0.251876 -2.747215 -0.871211 2.245876 -4.366257 -1.795419 0.079514 4.215519 -0.318611 -2.809402 1.406073 1.231447 -0.225056 -1.290711 -0.395556 10.007724 -3.615184 1.441431 1.829324 -2.393850 -1.309800 -0.553172 -2.111399 -0.583959 0.293265 1.679676 0.125100 
0.000000 -31.058940 0.362833 -4.811460 -1.702901 7.675957 1.867773 -3.705538 4.486227 1.248083 -0.093022 -1.760357 -1.356854 7.470757 -4.927082 1.221962 2.413101 -1.526845 -1.919842 -1.263587 -1.937916 -0.330293 0.130947 1.417076 -0.179890 4.110651 2.083328 1.735620 0.967133 -3.931375 -0.988729 1.272941 -1.997313 -0.924405 0.110350 1.147643 0.872648 
0.000000 -24.300003 -1.647493 -1.427458 3.296229 2.539518 -1.464177 -4.183661 1.377979 0.635556 0.010018 0.086936 -1.230991 10.467178 -0.199601 1.675822 2.013780 -3.647230 -2.296069 -0.263520 -2.588552 -0.617363 -0.004357 1.004574 1.349741 1.190054 2.489883 -0.407922 -1.335690 0.186420 0.910235 1.086248 0.638720 -0.127369 -0.387670 -0.696226 0.733818 
287.397339 -10.124584 -0.036370 -1.459815 2.324659 0.381496 -2.724366 -4.232577 -0.690878 0.013357 -0.101736 0.248791 1.342629 9.850866 0.052685 0.406118 -0.258280 -1.154005 -0.099371 0.908908 -0.660476 -0.585030 -0.644394 0.024624 1.287746 -4.199696 -0.472069 -0.428336 -0.275302 2.491498 1.815276 0.864309 1.687508 -0.014423 -0.459915 -0.411794 -0.704971 
258.353943 -4.598271 -1.542124 -0.615221 2.779669 0.231508 -1.662919 -2.365844 0.057027 -0.534504 -1.278770 0.136184 1.344501 2.067786 -1.143739 0.819150 1.463177 1.335766 1.334482 1.465099 0.786464 -0.646209 -0.924188 0.180985 -0.060201 -5.815039 0.031701 0.111039 0.481943 1.047065 0.951257 0.194560 0.511453 -0.051553 0.367010 -0.004253 -0.965453 
257.856232 -5.989011 -2.323848 0.178485 5.251013 3.053028 -0.055401 -1.302380 0.882051 -1.279060 -1.950111 0.610761 1.222227 -1.779212 0.116086 0.628197 0.705605 0.940126 1.803143 1.298028 0.362430 -0.688137 0.089625 0.016118 -0.643161 -3.491014 -0.715939 0.337525 0.554743 -0.985145 -0.573859 -0.956495 -0.040378 0.082466 0.648953 -0.459659 -0.213352 
0.000000 -8.156696 -1.309952 0.641173 4.190879 2.111759 1.943366 0.230211 0.781886 -1.910778 -1.099519 0.168420 0.058179 -4.914241 -2.575616 1.494199 2.572662 -0.634524 0.186764 -0.447892 0.705709 -0.481276 0.373719 -0.738333 -0.486904 -1.425282 -1.574531 0.354411 1.559199 -0.624474 -1.366930 -0.973718 0.311548 0.282753 -0.002531 -0.390353 0.187507 
275.413971 -15.817493 -7.475079 3.166884 10.396337 1.783981 0.318127 -2.198164 2.293469 -2.241612 -1.202673 -0.865906 0.248418 -4.629776 -3.032977 1.337018 3.824003 -0.308823 -0.930718 -0.649409 0.985527 -0.122631 0.084564 -0.764587 -0.268148 2.862631 2.203295 -0.855654 -1.290208 0.330077 -0.301850 0.272362 -0.493540 0.471678 0.040051 0.225908 0.195927 
277.115387 -17.416248 -7.375905 3.315210 11.838885 1.494114 0.081929 -1.068608 2.752939 -2.156040 -0.930390 -1.360755 -0.478116 0.811021 1.830975 -0.217109 -0.007754 0.025630 -0.416936 0.096832 -0.281371 0.462079 0.453821 -0.286518 -0.095050 0.604584 3.690788 -0.835663 -2.845379 0.508226 0.442048 0.262334 -0.968824 0.263693 0.112430 0.595332 0.153977 
280.103760 -14.195450 -3.813129 2.732666 10.380830 1.835241 -0.515746 -2.004501 1.730728 -1.317454 -0.295032 -1.438941 0.058317 -3.420608 4.348599 -0.334308 -1.866755 0.707630 -0.046623 -0.124742 -0.952121 0.404755 0.309425 0.426076 0.039806 -7.062854 0.964547 0.389575 -0.430204 0.390611 0.222848 0.433266 0.299281 -0.381784 -0.392157 0.440689 -0.146861 
278.525299 -24.257464 1.321293 2.646593 8.105374 2.909374 -0.011316 -1.318093 0.848696 -1.346530 -0.311540 -0.508603 -0.398505 -13.314687 3.760069 0.562041 -0.868162 0.806852 0.028760 0.963365 0.317191 -0.301489 -0.330494 0.594860 -0.388771 -6.329360 -0.980024 1.063776 0.184954 -0.092492 0.252127 0.670180 0.409668 -0.068509 -0.214365 -0.231871 -0.171248 
251.334915 -40.824824 3.707008 3.856747 8.644505 3.448946 -0.458226 -0.077772 2.365109 -1.920432 -0.956019 -0.249221 -0.719226 -16.079327 2.388552 1.793244 -1.496848 0.522647 0.457631 1.215617 -0.132786 0.267736 -0.119304 -0.037666 -0.302690 -1.648459 -3.053227 -0.220095 -1.222630 -0.904423 0.090626 -0.472991 -0.795697 0.553248 0.238368 -0.305515 0.286326 
0.000000 -56.416119 6.098396 6.233082 5.111678 3.954668 0.903946 1.113142 0.583124 -0.811059 -0.550148 -0.583935 -1.003885 -16.611605 -2.346384 0.121850 -3.313422 -1.001994 0.210012 0.017383 -1.274203 0.805008 0.146242 -0.016170 0.183880 4.837487 -4.028461 -2.178736 -0.723667 -1.386717 -0.580683 -0.884426 -0.161373 -0.000500 0.113694 0.012930 0.474265 
275.059906 -74.048035 -0.985761 4.100447 2.017661 1.444958 -0.038202 -0.043006 -0.183296 -0.310416 -0.663535 -0.281561 -0.351466 -6.404353 -5.668371 -2.564227 -2.944181 -2.250787 -0.703735 -0.553234 -0.455533 0.266737 0.108085 -0.011805 0.645839 16.717460 4.210085 -0.702932 0.588657 0.147746 0.150151 0.138691 0.744039 -0.234312 0.186067 0.084224 -0.053983 
0.000000 -69.224826 -5.238345 1.104627 -0.776685 -0.546906 -0.503523 0.006674 -0.327942 -0.277585 -0.333979 -0.607546 0.287794 16.823315 6.073786 -1.284014 -2.136109 -0.706502 0.510314 0.294765 0.213875 0.336385 0.518375 0.152278 0.075914 14.038559 7.310544 0.724968 1.446099 1.336784 0.273673 0.635767 0.159938 -0.307625 0.226923 -0.027750 -0.500067 
0.000000 -40.401406 11.161810 1.532419 -2.254557 0.031954 0.982426 0.546523 0.244454 0.362353 0.373215 0.022995 -0.199637 21.672764 8.952718 -1.114292 -0.051984 0.422781 -0.156388 0.718300 -0.135658 -0.348513 0.561930 -0.067306 -0.354295 -1.711518 -4.774317 -0.128540 1.534928 0.529961 -0.486705 -0.256031 -0.367690 -0.612284 -0.092869 -0.246111 -0.103566 
0.000000 -25.879298 12.667091 -1.123957 -0.880653 0.298657 -0.816298 1.443274 -0.599257 -0.974611 0.789881 -0.742158 -0.420797 13.400280 -3.474849 -1.541093 0.933747 0.353420 -0.463096 -0.217298 -0.521506 -0.888184 0.332638 -0.339945 -0.131217 -6.346833 -6.794931 0.462636 0.209955 -0.307427 0.541773 -0.648812 0.093385 0.392884 -0.475100 0.108686 0.333750 
0.000000 -13.600847 4.212112 -1.549767 -0.387062 0.738795 0.056235 0.111927 -0.798558 -1.414015 1.038490 -0.656894 -0.462071 8.979098 -4.637145 -0.189021 0.367926 -0.192072 0.927159 -0.579325 0.051112 0.437256 -0.388269 0.150066 0.313205 -5.466080 1.995132 0.496784 -0.682399 -0.774549 -0.260552 0.101836 0.525816 0.848653 -0.560100 0.227330 0.318604 
0.000000 -7.921102 3.392801 -1.501998 -0.144800 -0.085487 1.038020 0.284624 -0.497034 -0.100098 0.013342 -0.442027 0.205613 2.468121 0.515415 -0.547524 -0.431051 -1.195677 -0.984199 -0.013626 0.530127 0.809122 -0.787562 0.114715 0.505990 -5.163596 2.372498 -0.089197 -0.572725 -0.387479 -1.173855 0.054640 0.407319 -0.074980 0.259855 -0.130404 -0.087058 
258.585480 -8.664606 5.242942 -2.644815 -1.249164 -1.652560 -1.912164 0.084675 0.261696 0.204230 -0.536634 -0.427463 0.549910 -1.348095 0.107851 -0.367414 -0.777523 -0.967030 -1.420551 -0.470046 0.865749 0.287297 0.131440 -0.110743 0.139090 -0.676364 -1.088771 0.459332 0.494687 0.837063 0.712370 -0.248870 -0.104179 -0.594444 0.599710 -0.124385 -0.265177 
256.686279 -10.617292 3.608503 -2.236827 -1.699847 -2.019548 -1.803082 -0.655467 1.234465 0.474497 0.276222 -0.663512 0.483792 1.115392 -1.662127 0.371140 0.558323 0.478448 0.440540 -0.511365 0.321769 -0.379765 0.411857 -0.134055 -0.024364 -0.052613 0.527333 -0.180924 0.574250 0.736406 0.591117 0.071866 -0.453581 -0.173221 -0.372287 0.397847 -0.211126 
0.000000 -6.433822 1.918687 -1.902536 -0.132519 -0.695664 -1.031083 -0.938056 0.905234 -0.555301 0.287081 -0.695572 0.501181 -1.453321 1.162517 -0.729261 0.370977 0.505781 -0.238317 -0.326313 -0.041412 -0.059145 -0.613133 0.684952 -0.283163 -5.407832 3.073910 -0.674630 -0.691025 -0.315921 -0.609094 0.368006 -0.035316 0.117892 -0.637821 0.366265 -0.185086 
264.159882 -13.523934 5.933536 -3.695350 -0.957893 -1.007985 -2.279716 -1.308094 1.151642 0.356207 -0.950045 0.706392 -0.082533 -9.700271 4.485692 -0.978120 -0.823727 -0.153394 -0.777647 0.224647 0.251137 -0.143981 -0.863785 0.598474 -0.394535 -4.672934 0.632351 0.651173 -1.104081 -0.218717 0.605190 0.851354 0.150568 0.020520 0.548991 -0.422808 0.264573 
274.655182 -25.834364 10.890072 -3.858776 -1.779973 -1.002453 -2.586377 -0.488761 1.407509 -0.843263 -1.440490 0.501376 -0.287890 -10.799190 2.427219 0.573085 -1.837185 0.068347 0.972063 1.376394 0.259723 -0.018105 0.484849 -0.160664 0.245983 5.255380 -1.569546 0.448524 0.292683 0.244648 0.154201 -0.208641 -0.287580 0.033352 0.526569 -0.324409 0.409317 
309.155945 -35.122313 10.787973 -2.549180 -4.632263 -0.871290 -0.335590 1.444694 1.671088 0.319997 0.019654 0.385064 0.409432 0.810488 1.346600 -0.081073 -0.238361 0.335901 -0.469244 -0.192634 -0.324022 -0.077276 0.189353 -0.050344 0.424098 8.772449 -1.203696 -0.842804 1.966499 0.218605 -0.706105 -1.602825 -0.719881 -0.016219 -0.395477 0.201430 -0.234148 
284.937958 -24.213387 13.583271 -4.020922 -2.256695 -0.330651 -3.524866 -0.874029 0.759465 -0.997815 -1.061785 0.400688 0.560306 6.745707 0.019826 -1.112522 2.095813 0.505558 -0.440148 -1.829257 -1.180039 -0.050543 -0.306105 0.242195 -0.222313 1.700331 -1.683301 0.128656 0.458939 0.054429 1.022189 -0.191495 -0.306683 0.370315 0.228360 0.031437 -0.436997 
284.107025 -21.630899 10.827626 -4.774225 -0.440636 0.139826 -1.215885 -2.213820 -0.688990 0.218911 -0.592557 0.869455 -0.035194 4.211150 -2.020003 0.176239 0.679518 0.444760 1.575134 -0.575623 -0.937388 0.663354 0.646072 0.012530 -0.449897 -2.635986 -0.081848 0.943002 -0.742614 -0.192231 0.420081 1.079790 0.137008 -0.093448 0.636529 -0.248015 0.026640 
275.996338 -15.791088 9.543265 -3.668444 -0.897660 0.558868 -0.374598 -2.025276 -1.115311 0.328893 0.230359 0.425748 -0.339488 1.473735 -0.143870 0.773482 0.610585 0.121097 0.400015 0.330323 -0.906024 -0.237438 0.966952 -0.253834 -0.169033 -3.829219 1.664433 0.119565 0.486015 -0.355890 -0.854453 0.571155 0.023773 -0.594176 -0.066676 0.078492 0.321276 
274.235779 -18.683428 10.539885 -3.227260 0.780534 0.382020 -0.415855 -1.553173 -2.501038 -0.255965 1.341347 0.361787 -0.373260 -3.447288 1.308863 0.415369 1.651548 -0.267021 -0.133772 0.566687 -0.889842 -0.524998 0.512720 0.169514 0.192656 -3.118438 0.453231 0.583035 -0.099545 0.025960 0.179610 0.279340 0.416051 -0.235135 -0.686762 0.272127 0.291491 
272.685547 -22.685664 12.160992 -2.837707 2.405437 0.024825 -0.642142 -0.891901 -2.894996 -0.721102 1.255798 0.764776 0.045823 -4.763141 0.762591 1.939552 0.411494 0.173017 0.759234 0.889003 -0.073923 -0.707709 -0.406571 0.290421 0.413948 -1.478668 -0.511866 1.008053 -1.758074 0.068192 0.795961 0.306803 0.668613 -0.040171 -0.546230 -0.052886 -0.025877 
267.970032 -28.209711 12.065068 0.651844 1.603523 0.728054 1.102613 0.224834 -2.648883 -1.671382 0.528205 0.942628 0.454636 -6.404624 0.285132 2.431475 -1.864599 -0.130638 1.458150 1.180292 0.447383 -0.605339 -0.579740 0.063743 0.140903 1.726313 0.060843 -0.703426 -1.751999 -0.304548 -0.029857 -0.106340 0.583924 0.570601 0.168624 -0.406758 -0.283804 
263.955475 -35.494912 12.731256 2.025242 -1.323761 -0.236451 2.274158 1.468684 -2.000230 -1.931780 0.096319 0.892261 0.327629 -1.310515 0.884278 0.532699 -3.092504 -0.436079 0.699521 0.676324 1.093924 0.433493 -0.069324 -0.523095 -0.153660 0.966087 -0.892048 -1.367099 0.517567 0.133812 -0.882805 -0.501830 0.046622 0.663295 0.326452 -0.288420 -0.378884 
0.000000 -30.830741 13.833624 1.717243 -4.581484 -0.144105 2.501655 1.577483 -0.461035 -0.804395 0.389558 -0.103562 0.147317 -4.472450 -1.498963 -0.302724 -0.829464 0.136987 -0.307460 0.176631 0.540627 0.721251 0.073164 -0.513096 -0.616866 -6.737469 -3.264760 -0.425215 2.035241 0.327885 -0.499545 -0.382667 -0.527606 -0.089102 -0.023185 0.297829 0.037589 
0.000000 -44.439812 9.733330 1.419795 -2.982689 0.037523 1.659237 1.821947 -0.918976 -0.489278 0.242647 -0.133931 -0.906103 -14.785454 -5.645242 -0.317730 0.977979 0.219690 -0.299569 -0.089010 0.038712 0.255290 -0.115694 0.072562 -0.078482 2.414736 -0.090682 -1.323128 1.282570 -0.061652 -0.069162 0.465775 0.199271 -0.301249 -0.007500 0.090317 0.505691 
72.894165 -60.401648 2.543139 1.081783 -2.625527 0.295276 1.902517 1.399463 -0.383610 -0.293816 0.158171 0.041563 -0.009647 0.357021 -1.680326 -2.948980 1.735677 0.013682 -0.445783 1.108181 0.939169 0.118752 0.058165 -0.332463 0.394517 15.794713 4.096531 -0.626824 0.778500 0.056889 0.322600 0.659653 0.455522 -0.226995 0.134469 -0.183834 -0.235139 
92.710533 -43.725770 6.372678 -4.478166 0.488664 0.064888 0.767670 4.038309 0.959363 -0.251774 0.358977 -0.798858 -0.117070 16.803972 2.547820 -1.571377 2.534979 0.333469 0.345631 1.230297 0.949757 -0.198700 0.153244 -0.295105 -0.548760 4.093761 0.650780 2.413929 0.176651 0.947670 1.161975 -1.026404 -0.842699 -0.627445 0.249088 0.458029 -0.436529 
0.000000 -26.793704 7.638778 -2.060971 2.444431 0.962213 2.593779 3.860056 1.515903 -0.691215 0.464659 -0.548647 -1.107167 8.544543 -0.378765 1.878878 2.088978 1.909023 1.878166 -0.944626 -0.746228 -1.136137 0.556341 0.583594 -0.478542 -11.658480 -1.721521 1.522120 -0.854005 1.055933 0.316771 -1.269309 -1.137074 0.045187 0.117938 0.400861 0.316348 
0.000000 -26.636684 5.615147 -0.720410 4.666620 3.882933 4.524001 2.149057 -0.533094 -2.524048 1.471660 0.368331 -1.074154 -6.512989 -0.895223 1.472863 0.826968 2.445335 0.979174 -1.308322 -1.324392 -0.108325 0.389120 0.506617 0.083936 -4.991786 -0.964700 -1.057515 -0.119911 -0.566145 -2.167565 0.185891 1.105750 1.042761 -0.529735 -0.366114 0.170669 
214.677780 -39.819682 5.848333 0.884755 4.098368 5.852883 4.552128 1.243413 -1.132881 -0.907866 1.242899 0.464587 -0.939294 -1.439029 -2.308166 -0.236151 1.849156 0.776732 -2.456964 -0.572844 1.465271 0.949386 -0.503129 -0.148634 -0.137204 9.669246 -1.722322 -0.880046 0.357859 -1.406889 -1.773498 0.494419 1.503700 -0.049291 -0.388267 -0.371344 0.020826 
0.000000 -29.514741 0.998814 -1.192711 8.364933 5.436397 -0.389927 1.003370 2.397448 -0.625277 0.465401 0.071063 -1.348562 12.825504 -4.339866 -0.287230 1.542686 -0.368443 -2.567822 -0.319484 1.683009 -0.206908 -0.387413 -0.236072 0.125588 5.020565 0.123822 0.364510 -1.267109 -0.538559 0.664813 -0.166684 -0.784415 -0.492517 0.134371 0.089177 0.503631 
0.000000 -14.168674 -2.831400 0.310296 7.183740 5.115997 -0.583515 0.604445 2.233137 -1.321681 0.468073 -0.007556 -0.688117 8.602102 -2.060523 0.492868 -0.685062 -0.300387 -1.127338 -0.906212 -0.103560 -0.035648 -0.234388 0.029721 0.870058 -8.424196 2.807376 -0.331059 -0.740654 0.438295 1.212857 -0.308557 -0.937806 0.418010 0.122531 0.060629 0.016870 
225.132782 -12.310537 -3.122232 -0.206974 6.994809 4.835623 -2.644603 -0.809055 2.190328 -0.696574 -0.003375 0.130505 0.391553 -4.022887 1.274886 -0.949348 0.061377 0.508146 -0.142108 -0.936598 -0.192604 0.629113 -0.142351 -0.114813 0.159329 -10.560179 2.781189 0.046415 0.854653 0.438080 0.940455 0.901078 -0.148599 -0.090051 0.138416 -0.114075 -0.641922 
222.507095 -22.214448 -0.281627 -1.588401 7.306494 6.132290 -0.867731 -1.268751 1.847930 -0.063455 0.183372 -0.237182 -0.369459 -12.518257 3.501854 0.585698 1.024244 0.575773 0.753571 0.895944 -0.400758 -0.215749 0.042444 -0.198428 -0.413786 -3.094166 0.200424 0.775815 -0.054687 -0.030404 0.281394 1.018674 0.028023 -0.277910 0.178306 0.145358 -0.194145 
225.525558 -37.347050 3.881476 0.964422 9.043298 5.987170 -1.137462 0.982833 1.388811 -1.128073 0.081512 -0.266352 -0.436018 -10.211220 1.675735 0.602282 -0.047998 0.447338 0.420679 1.100749 -0.136558 0.073292 0.214261 0.175902 -0.228960 4.936669 -1.953835 -0.629914 -0.970322 -0.027938 -0.099013 -0.460493 0.246879 0.410675 0.111373 0.194458 0.109053 
0.000000 -42.636888 3.069842 -0.383836 7.210499 7.026966 -0.026372 0.932748 1.574813 0.083130 0.611893 0.114623 -0.827379 -2.644919 -0.405817 -0.674129 -0.916400 0.519898 0.555545 -0.025043 0.093001 0.605601 0.265190 0.190487 -0.195681 3.783150 -1.040776 -0.638206 -0.434201 0.036280 0.067433 -0.562896 0.114780 0.266154 0.025465 0.007292 0.016640 
