0.000000 -36.357159 -2.207591 -1.523727 0.353227 -3.983601 -3.161078 -0.962367 -1.143193 0.201340 0.278627 -0.150559 -0.144008 1.408948 2.974010 -1.736607 1.551123 0.790658 0.907326 0.698940 0.038889 0.445252 -0.364551 -0.249319 -0.189656 0.884392 0.564537 -0.488518 0.280186 -0.591044 0.068002 0.045607 -0.017722 0.280850 -0.107936 -0.117652 0.099050 
0.000000 -33.539263 3.740429 -4.996942 3.455474 -2.402284 -1.346425 0.435513 -1.065414 1.091845 -0.450475 -0.649197 -0.523321 3.177732 4.103085 -2.713642 2.111495 -0.391429 1.043330 0.790155 0.003445 1.006953 -0.580424 -0.484623 0.008444 0.457829 -1.313273 0.244559 -0.575265 -1.125821 -0.264130 -0.584721 0.002222 0.110027 0.100579 0.012737 0.258452 
277.121338 -30.001694 5.998578 -6.951012 4.576216 -4.766459 -1.074418 0.617942 -1.136304 2.215247 -0.882221 -1.119805 -0.127120 2.324607 0.347465 -1.247489 0.400594 -1.460984 0.379067 -0.470502 0.043333 0.665307 -0.163393 -0.223845 0.327248 -0.995895 -2.968165 1.638724 -1.396403 0.205090 -0.676380 -0.513932 0.144590 -0.613690 0.387089 0.322905 -0.101383 
276.677643 -28.890050 4.435359 -7.491919 4.256662 -5.324252 -0.588292 -0.505491 -0.978748 2.422459 -0.777261 -1.096887 0.131174 1.185943 -1.833245 0.563806 -0.681311 0.018752 -0.309431 -0.237710 0.292625 -0.220426 0.193754 0.161187 -0.194322 -1.261965 -0.512677 1.362401 -0.372779 0.748201 -0.824104 0.585051 0.082815 -0.687880 0.420231 0.120347 -0.368185 
277.320923 -27.629808 2.332089 -5.823401 3.213593 -4.728955 -1.693280 0.142523 -0.551055 1.774395 -0.494712 -0.797430 -0.515765 -0.199324 -0.677890 1.477314 -0.344964 0.035417 -1.269141 0.699600 0.208964 -0.710454 0.677069 0.016848 -0.409121 -0.162358 -0.181015 0.319824 -0.283729 0.203551 -0.285671 0.200494 0.137360 -0.140130 0.113307 -0.089935 0.323236 
277.293945 -29.288699 3.079579 -4.537291 3.566733 -5.253417 -3.126574 0.893709 -0.560819 1.001551 0.576877 -1.063190 -0.687068 0.861227 -2.195274 1.203453 -1.248770 0.425854 -0.880773 0.163279 0.567345 -0.500686 0.420369 -0.018683 0.452150 0.231525 -0.909543 -0.398881 -0.520052 0.251415 0.562918 -0.444973 0.229634 0.264925 -0.367182 -0.004515 0.367171 
277.045807 -25.907355 -2.058460 -3.416495 0.716053 -3.877246 -3.454826 0.469081 0.583635 0.773022 0.346026 -0.834795 0.388534 0.263726 -2.496976 0.679553 -1.385067 0.538248 -0.143304 -0.190346 0.668233 -0.180603 -0.057295 0.007819 0.325221 -1.766840 1.992353 -0.335664 0.828701 -0.455918 0.485610 0.116019 -0.339486 0.307808 -0.214035 -0.060719 -0.380956 
275.840912 -28.761246 -1.914372 -3.178186 0.796599 -4.176920 -3.413183 0.513017 0.775647 0.640345 0.462286 -1.047552 -0.036626 -2.672453 1.789433 0.532125 0.408631 -0.485981 0.090448 0.395317 -0.111626 0.114930 -0.007701 -0.140121 -0.309763 -3.277748 1.631646 0.467706 1.877742 0.018756 0.555187 0.717256 -0.620424 0.164216 -0.038779 -0.023906 -0.361183 
276.561981 -31.252262 1.520406 -2.352244 1.533316 -4.849208 -3.273931 1.259714 0.360382 1.002882 0.330624 -1.115038 -0.230991 -6.291770 0.766316 1.614965 2.370417 0.575759 0.967070 1.244165 -0.572615 0.147829 -0.134853 -0.039993 -0.397145 -3.664314 -1.691597 0.192974 1.132442 0.961035 1.024127 0.669328 -0.649587 -0.363640 -0.130028 0.091500 0.218415 
276.635651 -41.344785 -0.381740 0.051744 5.537432 -3.025401 -1.479043 3.001346 -0.369584 0.936002 0.192581 -1.127538 -0.830916 -10.001081 -1.593761 0.918074 2.673516 1.436088 2.138701 1.733973 -1.410801 -0.612350 -0.267757 0.042878 0.127067 -0.887622 -1.842166 -1.471622 -1.450876 0.275716 -0.776678 -1.003528 0.583932 -0.385946 0.030402 0.123708 0.516085 
0.000000 -51.254424 -1.667116 -0.516096 6.880348 -1.977032 1.003471 4.727661 -2.461220 -0.221818 -0.204890 -1.029281 0.023143 -8.067013 -2.918016 -1.328280 -0.531334 1.127192 -0.586286 -0.762890 0.595248 -0.624064 -0.074048 0.207422 0.635025 6.923358 -2.177139 -1.667610 -1.898700 -0.637753 -2.171219 -1.988242 1.701094 0.385993 0.245697 0.003862 0.016632 
303.856628 -57.478811 -6.217773 -2.604816 4.474764 -0.771017 -2.651615 1.475566 0.820913 -0.312126 0.044484 -0.712693 0.439134 3.845634 -5.948038 -2.417145 -1.123884 0.160583 -2.203738 -2.242510 1.991386 0.159636 0.223637 0.050603 0.160331 6.832205 0.398268 0.045717 0.286470 -0.705841 0.683739 0.048758 -0.270468 0.549530 0.081989 -0.136988 -0.377237 
0.000000 -43.563156 -13.563192 -5.350386 4.632580 -1.655866 -3.404005 0.242641 1.521553 0.097453 0.242383 -0.928076 0.343805 5.597398 -2.121480 -1.236846 0.041606 -0.284491 0.781192 -0.665374 0.054312 0.474995 0.089929 -0.066554 -0.119449 -2.051236 4.626560 0.389003 -0.019217 0.130387 2.108287 1.019726 -1.626778 0.090126 -0.061722 0.011082 -0.138487 
0.000000 -46.284015 -10.460733 -5.078509 4.557976 -1.339999 -1.089231 0.144818 0.929536 0.637864 0.224342 -0.845801 0.200236 -0.256838 3.305083 -1.639139 -1.162319 0.421356 2.012837 -0.203058 -1.262169 0.339889 0.100193 0.072766 -0.116643 1.047137 0.809092 -0.110549 -0.716316 0.785564 0.024934 0.828267 -0.216474 -0.588011 0.066986 0.233897 0.189914 
0.000000 -44.076833 -6.953026 -8.628665 2.307943 -0.813153 0.621669 -0.163475 -1.002785 0.777230 0.442769 -0.782544 0.110519 7.691671 -0.503295 -1.457945 -1.391026 1.286637 0.831061 0.991160 -0.378636 -0.701026 0.223902 0.401240 0.260379 3.391771 -4.233346 0.817851 0.488622 0.160125 -1.157071 0.245898 0.661495 -0.424237 0.110798 0.224696 0.027433 
0.000000 -30.900674 -11.467323 -7.994400 1.775924 1.233274 0.572890 2.127137 0.172264 -0.764188 0.672146 -0.043321 0.720995 6.526704 -5.161608 -0.003437 -0.185075 0.741607 -0.301306 0.288739 0.060821 -0.508585 0.321789 0.522158 -0.061777 -4.325737 -1.082689 0.613274 0.640629 -1.063974 -1.173985 -1.027448 0.069643 0.586824 -0.089139 -0.345410 -0.360070 
0.000000 -31.023425 -17.276243 -8.635538 1.937792 0.670061 0.019056 0.414004 -0.881144 -0.239939 1.086347 0.261772 -0.013036 -0.959803 -2.668673 -0.231397 -0.109767 -0.841312 -1.516910 -1.063736 -0.239350 0.472622 0.045623 -0.289580 -0.459762 -3.530663 3.052086 0.126780 0.141290 -0.638166 -0.090469 0.078601 0.124323 0.353997 -0.186784 -0.621712 0.071212 
0.000000 -32.820280 -16.804668 -8.457195 1.556389 -0.449351 -2.460930 -0.000336 -0.306435 0.181057 0.763392 -0.622481 -0.198528 -0.534622 0.942564 0.250123 0.097505 -0.534724 -0.482244 0.445940 0.309466 0.199409 -0.051779 -0.721265 0.080646 0.464506 2.095120 -0.086300 -0.028753 0.287029 1.189345 1.144138 0.025100 -0.644439 -0.114022 0.079257 0.325657 
0.000000 -32.092669 -15.391114 -8.135292 2.132802 -0.399388 -0.945432 1.305884 -0.262212 0.158879 0.982789 -1.180758 0.148256 -0.030791 1.521567 -0.403997 -0.167273 -0.267255 0.861779 1.224539 -0.189150 -0.816256 -0.182421 -0.131065 0.191553 0.085081 0.694146 -0.499038 -0.331137 0.209467 0.125852 -0.377447 -0.165860 -0.298365 0.062220 0.441079 -0.116964 
0.000000 -32.881862 -13.761534 -9.265189 1.221843 -0.983860 -0.737372 2.448742 -0.684735 -1.451455 0.398550 -0.884612 0.184578 -0.364460 2.330856 -0.747952 -0.564769 -0.115791 -0.230540 -0.308954 -0.022255 -0.397320 0.072661 0.160893 -0.153283 0.625019 0.091695 0.713190 -0.136727 0.183034 -0.848566 -1.259636 0.284637 0.721629 0.390821 0.056213 -0.312839 
0.000000 -32.821589 -10.729401 -9.631197 1.003264 -0.630970 -1.406512 0.687975 -0.306722 -0.635760 1.128111 -0.858972 -0.158310 1.219247 1.704958 1.022383 -0.440728 0.098813 -0.835352 -1.294732 0.380124 0.627002 0.599222 -0.018640 -0.434124 -0.088536 -2.311111 1.120140 0.585758 0.365089 -0.007229 -0.061573 0.005542 0.363853 -0.191721 -0.055240 -0.030985 
0.000000 -30.443369 -10.351618 -7.220423 0.340388 -0.786233 -2.408077 -0.140722 0.075512 -0.197451 1.596994 -0.921891 -0.683671 -0.541531 -2.291366 1.492329 0.606748 0.614387 -0.244999 -0.432101 -0.011171 0.330386 -0.310780 0.050413 -0.215253 -1.737233 -2.336121 -0.364843 0.821224 0.053866 0.585778 0.460234 -0.167780 -0.101633 -0.733002 -0.132681 0.442810 
0.000000 -33.904651 -15.312133 -6.646540 2.216760 0.597805 -1.896509 -0.176228 -0.329064 0.025011 0.506551 -0.758146 -0.588816 -2.255218 -2.967284 0.292697 1.201721 0.206545 0.336204 -0.374264 0.044563 0.423736 -0.866782 -0.284002 0.451495 0.024080 1.176184 -0.869196 -0.134643 -0.657039 0.181430 0.209174 -0.086275 -0.127459 0.077661 -0.205044 0.249222 
0.000000 -34.953805 -16.286186 -6.635029 2.743830 -0.373144 -1.735670 -0.889250 0.164638 0.650021 -0.136571 -1.489895 0.219319 -0.493371 0.061002 -0.246064 0.337463 -0.699691 0.117862 -0.013752 -0.183720 0.075468 -0.155457 -0.359675 0.283190 0.665913 3.256128 -0.023339 -0.847521 -0.620874 -0.163775 0.649628 -0.381195 -0.575218 0.371014 0.157679 -0.231749 
0.000000 -34.891394 -15.190130 -7.138668 2.891685 -0.801577 -1.660786 -0.203733 -0.696504 0.175946 0.195636 -1.477497 -0.022435 -0.923393 3.544972 0.246019 -0.493321 -1.035204 0.008654 0.924993 -0.717827 -0.726700 -0.124754 0.031355 -0.012002 -2.461525 2.682167 -0.270015 -0.893355 0.252227 0.345915 0.494523 0.304421 -0.324289 0.063737 0.471457 0.053475 
0.000000 -36.800592 -9.196242 -6.142991 1.757189 -2.443551 -1.718362 0.960735 -1.271015 -0.803379 -0.386079 -1.427184 0.195315 -5.416422 5.425335 -0.786095 -1.449247 -0.195237 0.809691 0.975294 0.425123 -0.573111 -0.027983 0.583238 0.390140 0.678340 -1.769399 -0.124941 0.764514 0.713529 -0.097556 -0.756979 0.522671 0.762531 0.531734 0.322144 0.395028 
0.000000 -45.724237 -4.339459 -8.710858 -0.006810 -1.192051 -0.041403 1.746855 0.153742 -0.970275 0.139670 -0.311020 0.757844 0.433286 0.006174 -0.003864 1.035707 0.391855 -0.186459 -0.588965 0.327516 0.798361 0.938714 0.675644 0.778054 6.372824 -4.336787 1.758672 1.789232 0.064666 -1.497438 -1.516422 -0.404170 0.535570 0.107162 -0.267125 -0.299934 
382.812225 -35.934020 -9.183895 -6.150720 3.828602 -1.659841 -2.091279 -0.217196 -0.615983 0.793343 1.491349 -0.075897 1.751423 7.329226 -3.248238 2.731249 2.129217 -0.065906 -2.185185 -2.057550 -0.383218 0.498029 0.186342 0.048989 -0.209729 0.963792 -0.611023 0.889382 -0.402380 0.129352 -0.130197 0.000757 -0.084377 -0.885566 -1.100568 -0.775515 -0.935176 
0.000000 -31.065785 -10.835936 -3.248359 4.251624 -1.323862 -4.411773 -2.368244 -0.612695 0.025782 0.512355 -0.213041 0.338386 2.360871 -1.215872 1.774900 0.230946 0.650559 -0.446854 -0.587451 0.158762 -0.972771 -1.262422 -0.875386 -1.092297 -4.249435 1.323763 -1.356183 -1.292373 0.156430 1.445186 1.414809 0.288462 -0.485622 -0.229012 -0.258370 -0.064630 
0.000000 -31.212279 -11.615640 -2.600919 4.290494 -0.358723 -2.984987 -1.392097 -0.298459 -1.152199 -1.033495 -1.826669 -0.433172 -1.169644 -0.600713 0.018883 -0.455529 0.246955 0.705187 0.772069 0.193707 -0.473215 -0.271682 -0.467750 -0.338989 -1.978539 0.857422 -1.263291 -0.598870 -0.295718 0.349353 0.432789 -0.003054 0.639092 0.717749 0.582000 0.724572 
0.000000 -33.405073 -12.037362 -3.210594 3.340565 -0.829953 -3.001399 -0.824107 -0.225281 -0.920648 -0.031009 -1.148541 -0.339592 -1.596207 0.498971 -0.751681 -0.966793 0.059122 0.251851 0.278127 0.152654 0.305412 0.173077 0.288614 0.356846 0.275050 -0.055725 -0.640695 -0.027352 0.392420 -0.135899 -0.491475 0.027548 0.537490 0.119086 0.086043 0.267703 
0.000000 -34.404692 -10.617698 -4.104281 2.356908 -0.240478 -2.481284 -0.835844 0.006849 -0.541374 -0.687342 -1.249441 0.280520 -0.619544 -0.712163 -1.262508 -0.510234 1.031794 0.433390 -0.210882 0.248803 0.601765 -0.033509 -0.295665 0.196417 0.971953 -1.519800 -0.575146 0.038516 0.586995 0.070249 -0.120617 0.054037 0.139319 0.192918 -0.059963 -0.418728 
0.000000 -34.644160 -13.461688 -5.735610 2.320098 1.233635 -2.134620 -1.245872 0.272324 0.282883 -0.098027 -1.739871 0.053242 0.347700 -2.540629 -1.901972 -0.889761 1.233113 0.392349 0.036892 0.260727 0.584049 0.558913 0.168688 -0.480609 1.020344 -0.064470 0.420194 0.269590 -0.465584 -0.119622 0.274746 -0.136396 -0.121907 0.239154 0.206164 -0.129678 
0.000000 -33.709293 -15.698955 -7.908225 0.577386 2.225747 -1.696587 -0.762060 0.528302 0.626725 0.430483 -0.912066 -0.680699 1.421144 -0.841102 -0.422120 0.028946 0.100627 0.194145 0.338610 -0.023990 0.357951 0.444799 0.116663 -0.062938 0.370793 1.657803 1.678515 1.157690 -1.061583 -0.202909 0.031494 -0.428044 -0.503973 -0.285247 -0.211000 0.289959 
0.000000 -31.801872 -15.143892 -6.579850 2.377991 1.434889 -1.746330 -0.568652 0.224344 0.998785 0.791570 -1.506545 -0.072634 1.089285 0.774977 1.455058 1.425618 -0.890053 -0.013469 0.099879 -0.595362 -0.423896 -0.011581 -0.253312 0.099309 -0.674208 0.609030 0.479353 0.183557 -0.321246 -0.208541 -0.215704 -0.065867 -0.447254 -0.459914 -0.106570 -0.032275 
0.000000 -31.530722 -14.149001 -4.998108 3.428622 0.445640 -1.723524 -0.562301 -0.662421 -0.221068 0.407322 -1.418689 -0.482081 0.072728 0.376957 0.536586 0.396060 -0.541866 -0.222938 -0.092798 -0.155723 -0.536556 -0.475029 -0.096477 -0.127488 -0.577937 -0.892773 -0.888590 -0.979060 0.516594 -0.031850 -0.172829 0.476256 0.423787 -0.029834 0.040863 -0.106969 
0.000000 -31.656416 -14.389978 -5.506679 3.170110 0.351158 -2.192205 -0.754248 -0.087103 -0.074326 -0.158488 -1.699498 -0.327610 -0.066589 -1.010569 -0.322122 -0.532502 0.143135 -0.077168 -0.245779 0.357150 0.423678 -0.071248 -0.171586 -0.114629 -0.118249 -0.787226 -0.382555 -0.289130 0.342768 0.125071 -0.014854 0.313279 0.294974 0.428496 0.295393 0.085658 
0.000000 -31.663900 -16.170140 -5.642352 2.363619 0.731911 -1.877860 -1.053859 0.051880 0.626289 0.264825 -1.761861 -0.711338 -0.163770 -1.197496 -0.228525 -0.182200 0.143670 0.027204 -0.122506 0.470834 0.053393 0.381964 0.494310 0.043828 0.094071 0.207121 0.212129 0.254358 -0.064821 -0.078782 0.211283 0.042482 -0.272625 -0.089095 0.085105 0.179321 
0.000000 -31.983957 -16.784969 -5.963728 2.805710 0.638497 -2.137796 -0.999260 0.854566 0.032460 0.605440 -0.710878 -0.239954 0.121552 -0.596328 0.102135 -0.023786 0.013494 -0.234732 0.176788 0.442115 -0.121572 -0.249438 -0.001375 0.244014 -0.004812 0.585768 0.235778 -0.350950 -0.172686 0.049943 0.001231 -0.171863 0.121916 -0.266607 -0.411846 -0.029434 
0.000000 -31.420796 -17.362797 -5.438083 2.316046 0.758898 -2.347323 -0.700284 0.936110 0.383144 -0.234051 -1.764611 -0.223311 -0.173394 -0.025960 0.243031 -0.884099 -0.201703 0.127091 -0.120044 0.127108 0.297226 -0.151251 -0.329381 -0.015039 -0.474389 0.841003 0.150963 0.198003 0.147777 0.174234 -0.152654 -0.491345 0.098172 0.283994 0.024676 0.042771 
0.000000 -32.330746 -16.836888 -5.477667 1.037512 0.235091 -1.883614 -1.239348 1.108782 0.626911 0.302939 -1.369641 -0.270033 -0.827226 1.085677 0.404062 0.372221 0.309048 0.113736 -0.128520 -0.540575 0.074771 0.318550 0.047977 0.329555 -0.308286 1.348218 0.692869 1.298748 0.072458 -0.425897 0.390142 -0.632460 -0.297166 0.156561 0.060008 0.125566 
0.000000 -33.075247 -15.191442 -4.629959 3.060487 1.376995 -2.119851 -0.957325 -0.145041 0.532686 0.403049 -1.668657 0.435799 -0.789966 2.670476 1.628768 1.713397 -0.056788 -0.724703 0.660240 -1.137812 -0.297106 0.161871 -0.209366 0.236092 1.414303 1.550146 0.478241 -0.339486 -1.147190 -0.382644 0.621050 0.384356 -0.510036 -0.350491 0.085132 -0.120392 
0.000000 -33.910677 -11.495936 -2.220130 4.464307 0.121516 -3.333020 0.081132 -1.166842 0.032698 0.626681 -1.788373 0.202152 2.001379 4.185969 1.360544 -0.306752 -1.985331 -0.651553 1.113580 0.228137 -0.945301 -0.382432 0.218241 0.088771 2.019480 -0.112242 -1.069728 -1.775826 -0.567611 0.756949 -0.265736 0.817110 -0.249192 -0.366334 0.437018 -0.152245 
0.000000 -29.072488 -6.819503 -1.908872 2.446983 -2.593668 -3.422958 1.269835 0.311233 -1.357916 -0.361814 -1.232175 0.613341 3.248995 2.445992 -0.510688 -1.838256 -1.192010 0.789195 0.128767 0.496409 -0.795490 -0.570797 0.664670 -0.068398 -0.602869 -2.075564 -1.148197 -0.100635 1.217021 0.595161 -0.817675 -0.252210 0.314317 0.051474 0.154291 -0.156164 
220.485931 -27.412687 -6.603952 -3.241506 0.787796 -2.262504 -1.754631 0.338666 -0.174024 -1.558281 -0.514912 -0.459033 0.065356 0.795641 0.034841 -0.935851 -0.508021 0.448710 0.538768 -0.521771 -0.276283 -0.316667 -0.279483 0.526822 -0.223557 -2.934395 -2.402960 0.318572 1.692328 0.717985 -0.914323 0.215756 -0.324105 0.272430 0.227460 -0.377587 0.096542 
0.000000 -27.481206 -6.749820 -3.780573 1.430941 -1.696249 -2.345421 0.226292 -0.241333 -1.991249 -0.920780 -0.178530 0.166226 -2.619795 -2.359928 0.126456 1.546401 0.243961 -1.039451 0.560280 -0.151802 -0.250630 -0.115877 -0.090503 0.124685 -2.027728 -1.693461 0.741098 1.399849 -0.125958 -0.334849 0.307209 0.187659 0.579866 0.424929 -0.329393 0.055380 
0.000000 -32.652277 -11.323808 -2.988593 3.880598 -1.774581 -3.833534 1.459227 -0.477628 -2.059541 -0.746667 -0.640040 0.314726 -3.259815 -3.352081 0.546346 2.291676 0.196794 -0.130930 0.092647 0.099034 0.843066 0.570376 -0.131964 -0.112798 1.108676 0.440541 -0.079149 -0.329781 0.001866 0.707120 -0.557455 0.504359 0.223388 0.274203 0.259673 0.006579 
0.000000 -34.000836 -13.453983 -2.687882 6.014292 -1.302661 -2.607281 0.411587 -0.043264 -0.305117 0.219973 -0.442459 -0.059370 -0.402442 -1.478845 -0.031841 0.886839 0.247693 0.374788 -0.554630 0.856916 0.196147 0.432529 0.428844 0.137843 1.549499 1.487896 0.113301 -1.164441 -0.111131 -0.292398 -0.144378 0.304228 -0.643043 -0.398506 0.242227 0.074071 
0.000000 -33.457161 -14.281499 -3.052275 5.654276 -1.279195 -3.083958 0.349967 1.236204 -1.667246 0.118391 0.217647 0.590411 -0.160818 -0.376290 0.772948 -0.037206 -0.025467 -0.715725 -0.196108 0.707491 -0.443019 -0.226636 0.352489 0.035344 -0.018877 -0.015134 0.555853 -0.586092 -0.166271 -0.118614 0.287534 -0.490108 0.121492 -0.372864 -0.045353 -0.301622 
0.000000 -34.322471 -14.206562 -1.141987 5.939880 -1.353595 -4.038731 0.019370 1.371718 -1.191155 -0.233300 0.262520 0.011318 -0.440195 -1.509113 1.079865 -0.285346 -0.084850 0.137561 0.020437 -0.123300 0.439132 -0.313199 0.338138 -0.465402 -0.297939 -0.626054 0.043568 -0.251095 -0.141575 0.942318 0.276710 -0.432773 0.222454 0.120631 -0.077246 -0.140752 
0.000000 -34.337551 -17.299726 -0.892544 5.083585 -1.448895 -2.808836 0.390842 0.989604 -0.788982 -0.508007 0.893923 -0.340392 -0.756696 -1.628398 0.860084 -0.539396 -0.308617 1.168911 0.357312 -0.158055 0.001888 0.014625 0.197998 -0.246160 -0.129756 0.748574 -0.030148 -0.036539 -0.363732 -0.145842 0.237693 -0.163887 -0.400871 0.347209 -0.294447 0.239198 
0.000000 -35.835864 -17.463358 0.578182 4.861089 -1.970830 -1.700909 0.733994 1.055608 -1.187379 -0.204051 0.658516 -0.481001 -0.699707 -0.011965 1.019569 -0.358424 -0.812314 -0.154123 0.495823 -0.451073 -0.362610 0.381219 -0.250755 0.012995 1.605699 2.017363 -1.285195 -0.688945 -0.278241 -0.725850 0.205875 -0.080148 -0.090560 0.011423 -0.272914 0.051817 
0.000000 -35.736965 -17.323655 1.146593 4.366736 -3.073524 -3.117082 1.382489 0.087457 -1.514203 0.254430 0.392412 -0.314401 2.454701 2.406327 -1.710306 -1.917286 -0.865099 -0.282789 0.769062 -0.318351 -0.179233 0.037471 -0.347829 -0.142526 2.506656 2.019867 -2.387246 -0.930298 0.867406 0.559560 -0.304217 0.230928 0.594526 -0.025129 -0.066484 0.099238 
0.000000 -30.926461 -12.650703 -2.842430 1.026516 -3.701027 -2.266486 2.272118 0.418907 -1.545844 -0.129108 -0.037143 -0.766053 4.313604 4.027770 -3.754922 -2.219021 0.922497 0.964996 -0.112610 0.010782 0.826441 0.330960 -0.383723 0.211472 0.050391 -0.239574 -0.182783 1.173674 1.674136 0.674861 -0.706477 0.148231 0.579857 0.494371 0.161863 0.138978 
0.000000 -27.109757 -9.268116 -6.363251 -0.071306 -1.228529 -1.187089 1.157268 0.109022 0.138679 0.916351 -0.375034 0.108543 2.555482 1.927179 -2.075872 0.430062 2.483174 1.066934 -0.643891 -0.021889 0.980482 1.026214 -0.024104 0.135430 -2.215982 -1.514720 2.186134 1.532688 -0.390946 -0.662810 -0.232959 -0.020207 -0.268209 0.066638 0.368891 0.099327 
0.000000 -25.815497 -8.796346 -6.994174 1.886639 1.265320 -0.132617 0.984337 0.375129 0.415120 1.923320 -0.085351 -0.495193 -0.118360 0.998329 0.617346 0.846355 0.140606 -0.360624 -0.578529 -0.029633 0.290023 0.464236 0.354059 0.410126 -1.960207 0.079887 1.757091 -0.416406 -1.644483 -1.001016 -0.205714 -0.209575 -0.205773 -0.593339 0.132866 0.469522 
0.000000 -27.346477 -7.271457 -5.128560 1.621404 -0.947317 -1.908337 0.000210 0.049757 0.718725 1.844822 0.333083 0.928795 -1.364931 2.086953 1.438310 -0.402750 -0.805793 -0.935099 -1.055320 -0.441038 0.568935 -0.160464 0.241627 1.074474 -1.335489 0.432393 -0.521533 -0.620500 0.066730 0.031059 0.222678 -0.686305 0.349386 -0.165989 -0.566790 0.046768 
87.516396 -28.545359 -4.622440 -4.117555 1.081138 -0.346265 -2.002815 -1.126302 -0.506947 1.552991 1.602391 0.397903 1.653755 -2.789337 1.863116 -0.425720 -0.394645 0.274066 -0.298507 -0.133173 -1.402242 0.988795 0.132259 -0.779522 0.503661 -0.703034 -2.030374 -1.191212 0.885705 0.064450 0.962905 0.067506 0.022844 -0.394673 0.095364 -0.237865 -0.981028 
147.744003 -32.925151 -3.545226 -5.979999 0.832114 -0.399186 -2.505350 -0.266137 -2.754728 2.696315 2.109340 -1.225960 1.936117 -2.770999 -1.973796 -0.944114 1.368660 -0.676893 0.990711 -0.920307 -0.395351 -0.220410 0.030264 -0.234104 -0.887582 2.108672 -3.714261 0.701622 0.554124 -0.625763 0.315742 -0.347150 1.612070 -0.476671 -0.118341 0.415111 -0.871827 
0.000000 -34.087357 -8.570032 -6.005782 3.818459 -1.700051 -0.021392 -2.966916 -1.297649 1.112171 1.662920 -0.070305 -0.121408 1.428007 -5.565407 0.977524 0.713603 -0.977461 0.332978 -0.827473 1.821897 0.035452 -0.104423 0.050701 -1.239993 2.390055 -0.539604 0.967265 -1.074115 0.174932 -0.949856 0.721612 0.744354 0.523967 0.044262 -0.146512 0.338175 
0.000000 -30.069137 -14.676040 -4.024951 2.259320 -2.354109 -1.839395 -1.921083 0.889066 2.767219 1.900494 -1.124559 -0.543870 2.009110 -3.053004 0.990416 -0.779570 -0.327029 -0.909002 0.522917 1.093357 0.827524 0.118787 -0.527127 -0.211231 0.290552 1.256202 0.006446 -0.746586 0.325216 -0.620990 0.675195 -0.364270 0.396036 0.111605 -0.288914 0.514381 
