0.000000 -19.258931 -14.949534 1.048647 3.347582 1.218653 -1.168600 -0.378088 -1.299422 -0.011769 0.577986 0.138963 0.338257 1.590168 6.789125 0.326306 -1.714037 0.150193 0.769275 0.261071 0.775481 0.641452 0.142376 -0.114407 -0.252536 -0.142906 1.617703 -0.586322 0.106555 -0.395417 0.256064 -0.409782 -0.112779 0.000176 -0.004041 0.215748 0.210082 
0.000000 -16.078595 -1.371284 1.701258 -0.080492 1.519039 0.369949 0.144054 0.251540 1.271134 0.862738 -0.089851 -0.166815 1.304356 10.024531 -0.846339 -1.500926 -0.640641 1.281402 -0.558492 0.549924 0.641804 0.134294 0.317090 0.167629 0.241949 -2.222233 -1.540925 0.860434 -0.844898 -0.468643 -0.605905 -0.727547 -0.412232 -0.196097 0.137723 0.061011 
0.000000 -16.650219 5.099528 -0.644030 0.345730 -0.062630 1.394204 -1.495072 -0.199574 1.271839 0.846573 0.773142 0.673515 2.074066 2.344660 -2.755544 0.006832 -1.539603 -0.168011 -0.950739 -0.679613 -0.183013 -0.249818 0.161039 -0.130514 0.535334 -5.498913 -0.206960 0.714332 0.026952 -1.110735 0.414696 -0.600478 -0.420990 -0.289510 -0.357981 -0.262246 
335.983551 -11.930463 3.318036 -3.809830 -0.066829 -1.560167 0.033927 -1.757425 -1.107685 0.905108 0.363102 0.232227 -0.427842 2.375024 -0.973296 -1.260260 -0.072262 -0.586737 -0.940067 0.270899 -0.651031 -0.200175 -0.444726 -0.398872 -0.356862 -1.590389 -1.050910 1.427759 0.575802 1.231543 -0.052823 0.699669 0.191146 0.234826 -0.129192 -0.124332 0.290350 
333.772583 -11.900170 3.152937 -3.164550 0.201206 -1.236105 -0.485930 -0.953274 -1.501637 0.871489 -0.042878 -0.024601 -0.040209 -1.106712 0.242841 0.099974 1.158436 0.923483 -0.273657 0.448599 -0.297320 0.286640 -0.508202 -0.087625 0.450186 -2.565236 1.560392 -0.046934 0.857416 0.383833 0.780478 0.041958 0.283153 0.218021 -0.225879 0.314414 0.594675 
341.133423 -14.143887 3.803718 -3.609881 2.250043 0.286800 -0.513387 -0.860227 -1.702325 1.478388 -0.653302 0.056977 0.472529 -2.755447 2.147489 -1.354128 1.642570 0.180928 0.620888 0.354814 -0.084725 0.235866 -0.896484 0.229957 0.832488 1.382681 -0.224945 -0.040424 -0.812373 -0.683538 0.265927 -0.373887 0.232217 -0.602314 0.205189 0.005440 -0.305279 
341.715302 -17.411064 7.447916 -5.872806 3.486346 -0.874249 0.755846 -0.243646 -1.671086 1.343222 -1.835846 0.435313 1.624767 1.658649 -0.207050 0.019127 -0.466310 -0.443593 0.258197 -0.299175 0.167114 -0.917989 -0.097823 -0.076745 -0.160373 3.838400 -2.725449 1.415493 -1.699099 -0.369329 -0.663937 -0.216078 0.074086 -0.591712 0.959623 -0.195005 -0.924442 
334.236359 -10.826589 3.389617 -3.571627 1.317424 -0.600386 0.003006 -1.458578 -1.368097 -0.357591 -0.848949 -0.096513 0.151783 4.921353 -3.303408 1.476857 -1.755628 -0.557731 -0.706986 -0.077341 0.063447 -0.947558 1.022762 -0.160054 -1.016396 -1.244212 -0.448384 0.514419 0.047676 -0.271803 0.004773 0.802368 -0.164154 0.738774 0.557740 0.163778 0.095160 
336.318939 -7.568357 0.841101 -2.919092 -0.024909 -1.989710 -0.658126 -0.398329 -1.544192 -0.551895 0.209677 0.115205 -0.408024 -0.829775 -1.103818 1.047964 -0.370958 -0.987199 0.267743 1.305560 -0.161195 0.559559 1.017656 0.250812 0.029947 -9.545048 3.070604 0.988345 2.042573 0.466796 0.814389 0.362001 -0.120574 1.011929 -0.462819 0.181790 0.809151 
345.920868 -12.486139 1.181981 -1.475699 0.575508 -2.574784 0.538493 1.152542 -1.690486 0.761527 1.186363 0.405111 0.211678 -14.168743 2.837800 3.453547 2.329518 0.375861 0.921791 0.646662 -0.177700 1.076300 0.097123 0.203525 0.601907 -3.584958 0.843753 -0.751794 0.453477 1.343298 0.934192 -1.079690 -0.246100 -0.687205 -0.247254 -0.222843 -0.346977 
357.840149 -35.905843 6.516700 3.988002 4.634127 -1.237987 1.185456 0.894995 -1.899592 1.600705 0.403923 0.522256 0.795790 -7.999692 0.583687 -0.455623 0.535995 1.699397 2.136127 -0.853819 -0.653395 -0.814852 0.523149 -0.194874 -0.664006 12.778775 -2.986560 -2.941038 -2.047634 -0.266517 -0.270225 -0.438230 0.247002 -0.743604 0.551612 -0.252743 -0.528930 
339.804932 -28.485523 2.349355 -2.386944 1.647499 0.824009 4.810747 -0.555097 -2.997276 -0.868176 2.232660 0.015363 -1.116335 11.388807 -3.135321 -2.428529 -1.765750 -0.157173 0.381342 -0.229799 0.316303 -0.410907 1.200347 -0.301961 -0.455952 7.899279 -0.678793 0.490475 -0.540976 -1.233780 -1.772383 0.287290 0.754367 0.942393 -0.241909 0.107992 0.644454 
386.434814 -13.128230 0.246059 -0.869056 1.102627 -1.552333 1.948140 0.435397 -1.266986 0.778891 2.804618 -0.081666 -0.116115 7.798865 -0.773899 0.525328 -0.545956 -0.768164 -1.408639 -0.279240 0.855340 1.069934 0.039331 0.021110 0.624901 -9.259951 2.368678 1.569391 1.151538 0.486052 -0.336545 0.239316 -0.040800 0.800086 -0.829788 0.533978 0.187998 
391.496521 -12.887793 0.801558 -1.336287 0.555587 -0.712319 1.993469 -1.113577 -1.286595 1.271693 2.311322 0.057582 0.133467 -7.131096 1.602036 0.710253 0.537327 0.814930 -0.291749 0.248833 0.234704 1.189265 -0.459228 0.765996 -0.079955 -7.290122 0.896833 -0.030763 0.761904 0.535946 1.713207 -0.052904 -0.899743 -0.047446 -0.131698 0.316646 -0.238610 
364.071289 -27.390422 3.450131 0.551449 2.177281 0.077527 1.364642 0.933064 -0.797578 3.157421 1.886163 1.450325 -0.276025 -6.781380 1.019768 0.463803 0.977852 0.303727 2.017774 -0.385047 -0.944146 0.975041 -0.224065 0.654401 0.147681 5.927528 -1.045135 -0.738602 -0.364644 -0.970586 1.103908 -1.231679 -0.394348 -0.503025 0.348356 -1.222935 0.417766 
357.337921 -26.450552 2.841094 -0.408682 2.511291 -0.104865 6.029018 -1.883672 -3.174887 3.221776 1.863192 1.366384 0.428829 4.723960 -0.488234 -0.766951 -0.191961 -1.126242 1.916068 -2.214525 -0.553992 0.183216 0.237484 -1.679874 0.755577 4.667972 -1.365928 0.107982 -0.599919 0.034987 -1.928733 0.144364 0.868870 -0.377331 0.168976 -1.239288 -0.092263 
359.962128 -17.942502 2.473662 -0.982454 1.793358 -2.174956 5.196779 -3.495986 -1.905563 3.523852 2.361131 -1.909422 1.235129 2.554564 -1.712087 0.679767 -0.221986 0.373701 -1.839691 -0.096320 0.793593 0.220380 0.113888 -1.824174 -0.036844 -3.819675 -3.429380 2.677957 0.803178 1.282569 -2.084150 1.806408 0.854663 -0.732717 -0.741756 1.142755 -0.602171 
355.691589 -21.341424 -0.583081 0.950852 2.067320 0.642537 2.349636 -2.076311 -1.587701 3.662535 2.090968 -2.281965 0.355140 -2.915390 -7.346995 4.588963 1.414395 1.438896 -2.252232 1.398291 1.155333 -1.282218 -1.246028 0.605637 -0.448765 -2.370923 -4.898810 -0.086036 0.180838 -0.443001 0.903853 0.738646 0.194053 -0.709296 -0.762286 1.369210 0.189061 
345.938965 -23.773281 -12.220329 8.195472 4.622148 0.702837 0.692314 -0.699404 0.405104 0.959417 -0.130925 -0.698149 0.337598 -2.187283 -11.509708 0.507694 0.139690 -0.512301 -0.031985 1.380972 1.181698 -1.198212 -1.410684 0.914245 0.341277 1.429495 2.244183 -3.878277 -1.037751 -0.958998 1.512753 0.072373 -0.125831 0.852962 0.649729 -0.126964 0.452945 
0.000000 -25.715989 -23.602497 1.966240 2.346700 -0.382065 2.285666 0.685633 0.775696 1.266111 -0.730399 -0.453476 1.037695 -0.056399 -2.858629 -3.167591 -0.661108 -0.479099 0.773275 1.543037 0.903672 0.423705 0.053431 0.351709 0.457124 1.362310 10.479863 0.265730 1.415509 0.272584 -0.885875 -0.966078 -0.623140 0.517763 0.652234 -0.529926 -0.256281 
0.000000 -23.886080 -17.937586 1.860290 3.299932 -0.255362 2.238864 2.386669 2.212448 1.806827 -0.024063 0.005270 1.251847 0.537337 9.450019 1.039154 2.970708 0.032867 -1.803735 -0.551183 -0.064582 -0.162685 -0.106215 -0.145608 -0.171284 -2.259073 6.780277 1.491331 1.197303 -0.110028 -1.103454 -1.343707 -0.843427 -0.520981 -0.604464 -0.711341 -0.564990 
339.180573 -24.641315 -4.702459 4.044547 8.288116 -0.316331 -1.321803 -0.416734 0.646532 0.940740 -0.942830 -0.744692 0.695128 -4.574546 10.701925 -0.184928 1.733498 -0.699154 -1.433634 -1.144378 -0.783182 -0.618257 -1.155497 -1.070972 -0.672855 -5.337788 -1.742556 -0.351291 -2.636841 0.293371 0.946320 0.593385 0.597669 -0.263058 -0.368715 0.089936 0.048627 
321.752380 -33.035172 3.466265 1.490434 6.766927 -1.653671 -0.628404 0.097914 0.646084 0.570313 -2.335057 -2.136674 -0.093863 -10.138239 5.964906 0.336571 -2.302975 0.619609 0.088906 0.635586 1.130757 -0.688802 -0.843645 0.034263 -0.074029 5.237602 -5.084848 0.427250 -2.437889 -0.565325 0.456682 0.664610 0.719006 -0.122797 1.306891 0.848501 0.259796 
308.269806 -44.917793 7.227353 4.717689 3.682167 0.922887 -1.143992 0.854438 2.908046 -0.436864 -2.630119 -0.676166 0.547070 5.900657 0.532229 0.669571 -3.142280 -1.829804 -0.520269 0.184841 0.654830 -0.863851 1.458286 0.626029 -0.153264 12.694984 -4.023338 -1.474745 -0.219037 -1.569169 -0.151956 -0.652371 -0.739728 0.404335 1.272675 -0.246586 -0.126273 
307.587463 -21.233857 4.530723 2.829576 0.482367 -5.313279 -1.668942 0.467597 1.955743 -1.157389 0.581515 -0.884616 -0.400390 15.251730 -2.081769 -2.612919 -2.741049 -2.518730 -0.215006 -0.669156 -0.348699 0.119867 1.701705 -0.458908 -0.326575 -1.090028 -0.906065 -1.202241 1.230408 1.009583 0.234255 -0.332935 -0.266597 0.683813 -0.647111 -0.555824 0.160096 
340.908295 -14.414334 3.063815 -0.508149 -1.799930 -4.114574 -1.574004 -0.483875 2.210649 -0.197129 0.773290 -1.593983 -0.106079 3.720602 -1.279902 -1.734912 -0.681464 0.189362 -0.051758 -0.481029 0.121635 0.503776 0.164065 -0.485619 0.166929 -7.250936 0.683527 0.922147 1.497108 1.380320 0.151955 0.129342 -0.412813 -0.305351 -0.829401 0.654108 0.275392 
344.026062 -13.792653 1.970918 -0.640247 -0.880562 -4.934554 -1.772459 -0.494461 2.199014 -0.149837 0.909645 -1.855853 -0.066531 0.749858 -0.714714 -0.768626 0.253168 0.241909 0.088904 -0.410473 -1.174325 -0.490835 0.042903 0.849307 0.224209 -1.902834 0.770927 0.252899 0.854848 0.704495 0.463584 -0.021378 -1.061116 -0.302377 -0.262562 0.812795 -0.274748 
329.684113 -12.914617 1.634386 -2.045401 -1.293595 -3.630755 -1.396196 -1.304821 -0.138002 -1.178799 0.859097 0.104631 0.342339 -0.085066 0.261951 -1.229113 1.028232 1.598352 0.875410 -0.523785 -2.000596 -0.100978 -0.361060 1.139972 -0.382566 -1.781734 0.820195 0.449229 1.413711 1.371623 0.198774 0.012717 0.472074 0.714998 -0.235076 -0.577830 -0.412149 
316.309570 -13.962785 2.494821 -3.098474 1.175903 -1.737849 -0.021638 -1.542030 -1.802178 -0.351794 0.187526 0.424091 -0.831663 -2.813610 0.925675 0.129833 3.080590 2.985156 0.486452 -0.385040 -0.230177 0.939162 -0.427248 -0.306354 -0.600089 -1.655176 0.722854 0.549843 0.633556 0.203881 -0.293217 0.203064 1.340766 0.337745 0.129509 -0.859636 0.324847 
287.680084 -18.541836 3.485737 -1.785735 4.867585 2.339558 -0.423291 -2.074901 -0.598355 0.699525 0.004601 -0.508076 -0.857838 -3.395418 1.707660 -0.129426 2.295345 2.006115 0.288976 -0.117656 0.680936 0.574512 -0.102042 -0.579300 0.267127 1.452373 -0.238380 -0.417918 -2.178753 -1.881561 -0.465818 0.551068 -0.209264 -0.550158 0.272380 0.405207 0.462009 
271.893463 -20.753621 5.910140 -3.357326 5.766592 2.274381 0.556314 -1.777343 -0.440307 0.797229 -0.016559 -0.734509 -0.297409 0.091136 0.448915 -0.706004 -1.276916 -0.777966 -0.445183 0.717096 -0.648705 -0.161153 0.117512 0.504061 0.323930 2.012875 -1.365275 0.217170 -2.679501 -1.870305 -0.494226 0.648684 -0.817723 -0.438842 0.115941 0.461039 -0.103317 
244.433563 -18.359564 4.383566 -3.197742 2.313753 0.783626 -1.313656 -0.640709 -1.895765 0.377218 0.239626 0.500046 -0.209978 0.630332 -1.022889 0.304914 -3.063657 -1.734496 -0.699476 1.179712 -0.954509 -0.303173 0.129839 0.342777 0.060494 -2.335418 0.287024 0.570761 0.159246 -0.515528 0.524542 0.277988 0.078643 0.170793 -0.158165 -0.416104 -0.038909 
233.252289 -19.492956 3.864362 -2.747499 -0.360722 -1.194610 -0.842638 0.582081 -2.349326 0.190884 0.243119 -0.048956 -0.176421 -4.579700 1.022962 0.435519 -0.958423 -1.809022 0.603901 1.273071 -0.491419 0.180432 -0.198817 -0.328146 0.246112 -5.566249 0.495114 -0.541039 2.213725 0.088618 1.307801 0.645405 0.658085 0.266307 -0.743489 -0.035868 -0.206141 
234.537979 -27.518965 6.429489 -2.326704 0.396906 -2.834418 -0.105853 1.905434 -2.878603 0.738082 -0.158009 -0.156247 0.282245 -10.502166 -0.032661 -0.777164 1.363793 -1.557260 1.916125 2.470522 0.361661 0.229442 -1.357138 0.271040 -0.351789 1.319214 -0.365421 0.296133 0.657419 -0.074063 -0.116753 -0.570791 0.658350 -0.761927 0.353303 0.126300 -0.023876 
254.044937 -40.497288 3.799040 -4.301827 2.366864 -4.309130 2.989612 5.523124 -1.626004 0.649768 -2.471157 0.493125 -0.879999 -1.941272 0.292120 1.027785 0.356415 -1.957147 0.370396 0.131489 0.825281 -1.343421 0.507789 -0.075546 0.198360 11.032552 0.290773 1.332435 -1.507352 0.072999 -1.269581 -2.494313 -0.107737 -0.542843 1.606631 -0.282150 0.620893 
263.335785 -31.401509 7.013729 -0.271135 1.109737 -6.748712 0.634939 2.168412 -1.228040 -1.948760 0.857570 -0.307340 0.678966 11.562939 0.548886 1.887705 -1.650910 -1.411261 -0.623037 -2.518104 0.146187 -0.856244 1.856123 -0.293260 0.889997 4.656382 -1.030702 -0.679998 -1.036091 0.923373 0.283852 -0.366570 -0.431243 1.134668 -0.024004 0.055724 -0.092201 
268.433380 -17.371409 4.896812 -0.526416 -0.934956 -7.131653 1.743539 0.486917 -1.333629 -1.062719 1.241088 -0.093395 0.899995 7.371493 -1.769284 -0.332212 -1.715766 -0.110401 0.938101 -0.601651 -0.037204 0.925916 0.459781 0.035901 0.013958 -5.828561 -0.556496 -1.088609 0.304756 0.963137 0.494528 1.362030 0.097052 0.746642 -1.016887 -0.037624 -0.523446 
260.028748 -16.658524 3.475162 -0.935558 -2.321795 -6.969513 2.511141 0.965109 -1.302449 -0.096928 1.777131 -0.235538 0.706882 -0.094182 -0.564107 -0.289514 -1.041398 0.515013 0.366020 0.205957 0.340292 0.637041 -0.177651 -0.368508 -0.156896 -4.221866 0.989523 0.025017 0.707763 0.182434 -0.531717 0.147816 0.054374 -0.455026 -0.476633 -0.045343 0.007212 
245.474869 -17.559774 3.768598 -1.105444 -3.017752 -6.101627 2.475578 0.898831 -0.653045 0.211363 0.885787 -0.830411 0.586202 -1.072239 0.209763 -0.282179 -0.300239 0.254468 -0.125332 -0.306020 0.071543 0.015864 -0.493485 -0.054784 0.028381 -1.478362 0.514393 -0.247348 0.590850 -0.599815 -0.195861 -0.317910 -0.206642 -0.580465 0.181033 0.269350 0.107342 
233.510315 -18.803001 3.894688 -1.499916 -2.922274 -6.460577 2.260476 0.353070 -1.159362 -0.065200 0.790161 -0.345106 0.763644 -3.050906 0.464680 -0.784209 0.140302 -0.684617 -0.025703 -0.429864 -0.072993 -0.523889 0.184415 0.170192 0.057788 -4.559153 -0.247250 0.042078 -0.232578 -0.643099 0.077467 0.174742 -0.274213 0.072314 0.228083 0.208394 -0.253914 
219.056671 -23.661586 4.697957 -2.673863 -2.737149 -7.470860 2.424173 0.039103 -0.799030 -0.836416 1.254616 -0.490027 0.701778 -10.190544 -0.284737 -0.198022 -0.765396 -1.031730 0.029601 0.043465 -0.476882 0.160492 -0.037318 0.362003 -0.479446 -7.763826 -0.915468 0.312014 -0.299763 0.619198 -0.083584 0.765183 -0.234503 0.493662 -0.196923 0.344447 -0.117420 
0.000000 -39.184088 3.325214 -1.895959 -4.453066 -8.524036 2.319678 0.439999 -2.113127 0.255784 0.715524 0.378901 -0.195248 -18.578557 -1.366257 -0.160181 -0.459225 0.553779 -0.192870 1.100502 -0.541999 0.463436 -0.209431 0.859085 -0.177053 3.606711 0.098960 1.499619 1.525041 2.639269 -0.310257 0.065386 0.838149 -0.359043 -0.432839 -0.203928 0.265341 
269.483154 -60.818700 1.965443 -2.994225 -3.655599 -6.363302 2.038433 2.240107 -1.883028 0.090456 0.835754 1.228144 0.347672 -2.977122 -0.086816 2.801216 2.284687 4.246809 -0.590914 0.174236 1.199416 -0.557595 -0.902997 -0.045852 0.051237 15.135420 2.291306 2.094147 1.090413 0.479358 -0.534608 -0.657554 0.564243 -0.109619 -0.294229 -0.620119 -0.067666 
387.467194 -45.138332 3.151581 3.706474 0.116307 -0.030418 1.137849 0.788472 0.285705 -0.859406 -1.090470 0.287196 -0.092775 11.692284 3.216355 4.028113 1.721601 1.512495 -1.262086 -0.214606 0.586487 0.244198 -0.797889 -0.381152 -0.312384 6.085014 1.205191 -1.646958 -1.129338 -2.999553 0.591904 -0.469647 -1.338022 0.633112 0.695016 -0.224417 -0.009640 
0.000000 -37.434132 8.398153 5.062002 -0.212397 -3.338311 -0.485740 1.810895 -0.710053 0.578852 -0.760025 0.465840 -0.277096 9.192906 2.323566 -0.492700 0.026011 -1.752297 0.592894 -0.765057 -1.476628 0.708629 0.487035 -0.494687 0.031956 -2.588481 -2.237189 -2.687990 -0.495254 -0.295506 1.080056 -0.516270 -0.558038 -0.019567 0.412085 -0.263778 0.290064 
319.863739 -26.752521 7.798713 2.721074 0.168328 -3.535012 2.323638 -0.741642 -2.667551 0.557851 -0.116400 -0.702178 -0.028862 6.515321 -1.258023 -1.347867 0.731094 0.921483 0.898026 -1.247147 -0.529589 0.205065 0.026280 -0.908707 0.267743 -2.435070 -1.717590 -0.036061 0.319079 1.107513 -0.406535 0.231508 0.965935 -0.419105 -0.133452 0.098678 0.125210 
316.703918 -24.403490 5.882108 2.366268 1.249790 -1.495345 1.310311 -0.683399 -1.769230 0.988982 -0.707464 -1.351575 0.258391 4.322765 -1.111614 -0.564821 0.664168 0.462730 -0.220176 -0.302041 0.455243 -0.129581 0.220131 -0.297330 0.282375 -1.022486 0.343043 -0.082096 -0.619901 -0.259925 -0.735937 0.111035 0.162801 -0.343440 0.161624 0.554017 -0.203067 
319.888397 -18.106991 5.575485 1.591432 1.496665 -2.609552 1.883287 -1.345724 -1.757066 0.298688 0.323862 -1.296838 0.535888 4.470349 -0.571936 -1.512059 -0.508708 0.401633 -0.573848 -1.025077 -0.203986 -0.481815 0.349528 0.199327 -0.138390 -1.691818 0.072912 -0.690493 -0.758135 0.000978 -0.640013 -0.200288 -0.372803 -0.087754 -0.210062 0.067807 -0.481929 
319.685791 -15.462791 4.738237 -0.657850 0.232375 -0.692079 0.162616 -2.733554 -2.177202 0.025352 -0.008409 -0.952920 -0.018389 0.939129 -0.965790 -1.945808 -0.852101 0.464685 -1.500202 -0.702616 -0.290364 -0.305089 -0.199993 -0.161716 -0.681482 -2.375040 -0.233643 1.076235 0.323805 -0.408292 -0.073267 0.499003 0.604375 0.313264 -0.230044 0.061642 -0.118337 
314.456146 -16.228732 3.643904 -2.300184 -0.207537 -1.680182 -1.117118 -2.750957 -2.337794 -0.311491 -0.076125 -1.620270 -0.827075 -0.279731 -1.039221 0.640411 0.138903 -0.414951 -0.720381 -0.027071 1.004763 0.144713 -0.110560 0.322612 -0.375063 -0.116365 0.134832 1.509939 0.425801 -0.514511 0.586537 0.913560 0.870958 0.090840 -0.059545 0.365547 0.691704 
296.660492 -16.022254 2.659794 0.622971 0.510181 -1.521981 -1.278146 -2.787696 -0.167675 0.314779 -0.229528 -0.307697 -0.768516 0.706400 -0.696125 1.074071 -0.000499 -0.564336 -0.327129 1.124503 1.451551 -0.123409 -0.319084 0.569377 0.701926 0.421767 0.554010 -1.039561 -0.350948 -0.160489 0.281322 0.508254 -0.490774 -0.449707 -0.129793 0.100035 0.602661 
281.183075 -14.815933 2.251653 -0.152041 -0.208536 -2.808854 -1.771376 -0.501950 0.565309 -0.558309 -0.714294 -0.481515 0.576777 0.563802 0.068799 -1.438711 -0.562994 -0.735928 -0.157736 0.989436 0.023216 -0.754701 -0.370145 0.522681 0.830258 -1.005011 0.523362 -0.873508 0.137855 0.511303 0.540705 -0.974487 -1.129555 -0.000412 0.356713 -0.274936 -0.528352 
277.648682 -14.894650 2.797392 -2.254452 -0.615808 -2.993838 -1.593618 -0.808824 -0.121243 -1.194624 -0.969818 0.737666 0.891999 -1.303622 0.350599 -0.672946 0.275210 0.458269 0.754281 -0.824471 -0.807558 -0.124234 0.394341 0.019505 -0.354777 -4.793040 -0.219107 1.167152 0.832530 0.919833 0.592854 -0.830224 -0.115707 0.754158 0.137550 -0.594695 -0.753288 
288.827606 -17.423177 2.952852 -1.497933 0.341885 -1.892317 -0.262813 -2.150893 -1.049808 -0.806776 0.074389 -0.442504 -0.132778 -9.022278 -0.369414 0.895592 1.102065 1.103738 1.027972 -0.671012 -0.208199 0.753614 -0.095045 -0.666708 -0.676317 -2.923212 -4.257488 1.046545 0.427198 -0.090467 -0.665807 0.120116 0.511383 0.464027 -0.372504 0.030505 0.295000 
322.895813 -32.939205 2.058564 -0.463267 1.588323 -0.786361 0.462325 -2.150848 -0.537641 0.312604 -1.159909 -0.595749 -0.460636 -7.150046 -8.164376 1.420144 1.129607 0.277335 -0.577333 -0.584240 0.215208 0.803820 -0.350667 0.080515 0.235224 8.685355 -1.206788 0.172134 -0.517518 -0.082153 0.025362 0.748800 0.283155 -0.320899 0.315363 0.541697 0.535303 
314.301331 -31.723269 -13.375901 1.342355 2.601099 -1.337647 -1.417480 -3.319372 -0.619392 0.800863 -0.626944 -0.281474 0.337670 8.348432 -2.782991 1.239860 0.067030 0.939433 1.078696 0.826587 0.358112 0.111815 0.535681 0.416685 0.394289 7.767935 7.891041 -1.189371 -1.303352 0.270724 1.274616 1.064560 0.246716 -0.391934 0.566855 -0.158939 0.153203 
0.000000 -16.242341 -3.507419 2.016453 1.722383 1.092505 2.619718 -0.497674 0.178583 0.536235 -0.088547 0.237621 0.327942 8.385825 7.617706 -0.958598 -1.477098 0.818783 1.971900 1.544880 0.708641 0.019951 0.783043 -0.237362 0.541631 -6.567091 3.706895 -1.417673 -0.688974 -0.807622 -1.112358 0.066643 0.058833 -0.219841 -0.118266 -0.442252 -0.043222 
0.000000 -14.951619 1.859512 -0.574840 -0.353096 0.299920 2.526320 -0.229613 0.797889 0.840765 0.939142 -0.756199 1.420931 -4.785750 4.630800 -1.595485 -1.310919 -0.675811 -1.146020 0.959873 0.475778 -0.327867 0.299149 -0.467819 0.307845 -10.151460 -2.682748 0.886010 0.666313 -0.744896 -1.865527 -0.546116 -0.199526 -0.545231 -0.474309 0.294631 -0.543969 
0.000000 -25.813842 5.754181 -1.174518 -0.899455 -0.259118 0.327677 1.422073 1.130138 -0.119500 0.509752 -0.698016 0.943631 -11.917095 2.252211 0.813423 -0.144471 -0.671008 -1.759153 0.452647 0.309589 -1.070511 -0.165576 0.351900 -0.546308 5.028130 -3.273233 0.711401 0.501884 -0.518358 -0.003107 -0.630581 -0.431323 -0.012793 -0.165654 0.497500 -0.374714 
0.000000 -38.785808 6.363934 1.052005 -0.642039 -1.042096 -0.991987 0.675682 1.417067 -1.300258 0.607990 -0.052398 0.328315 5.270509 -1.915667 -0.172683 -0.307151 -1.712528 -1.152233 -0.301288 -0.386867 -0.353454 -0.032159 0.527182 -0.441583 11.836794 -2.236377 -1.049684 -0.145694 -0.325015 0.633376 -0.190370 -0.419960 0.653718 0.042149 -0.073764 0.206191 
343.304077 -15.272824 1.922847 -1.519885 -1.513757 -3.684175 -1.976789 0.819497 0.356404 -0.826409 0.445434 0.356348 0.060466 11.756492 -2.220544 -1.285945 -0.435859 -1.321039 -0.492401 0.071908 -0.530332 0.236925 -0.081278 0.204373 -0.133925 3.242992 -0.152438 -0.556631 -0.064354 0.195745 0.329916 0.186598 -0.071732 0.295190 -0.024560 -0.161404 0.153829 
