0.000000 -25.620527 -16.977981 -5.481373 3.682749 3.112627 -1.268960 -1.830261 0.168913 0.371890 0.491048 -0.405486 -0.688585 -4.314807 3.437973 -0.209078 -0.415074 -0.036150 -0.196042 0.299913 -0.014900 0.397593 0.186679 -0.258045 0.268056 -2.769633 1.897709 0.407089 0.037412 -0.606558 0.190582 0.177082 0.115101 -0.335935 -0.444525 0.292641 -0.007564 
0.000000 -34.250141 -10.102036 -5.899528 2.852601 3.040327 -1.661044 -1.230435 0.139113 1.167077 0.864406 -0.921576 -0.152474 -9.854074 7.233391 0.605100 -0.340249 -1.249266 0.185121 0.654076 0.215303 -0.274277 -0.702371 0.327237 0.252927 -0.819846 0.447674 0.787137 0.341224 -0.486222 0.479410 0.236078 0.076603 -0.528091 -0.322851 0.422865 -0.211163 
0.000000 -45.328674 -2.511198 -4.271173 3.002251 0.614094 -0.898717 -0.522108 0.599519 -0.176663 -0.913693 0.248989 -0.182732 -5.954498 4.333320 1.365197 0.267375 -1.008593 0.762777 0.772069 0.138306 -0.658589 -0.459023 0.587686 -0.154270 5.208765 -2.691535 0.106086 0.264844 0.580312 -0.059252 -0.043877 -0.490220 0.093413 0.541959 -0.131887 -0.214755 
255.509033 -46.159138 -1.435396 -3.169134 3.387351 1.023141 -0.135490 0.313703 0.415726 -0.150102 -0.053639 0.253795 -0.461014 0.563457 1.850321 0.817272 0.189438 -0.088642 0.066616 0.566322 -0.765136 -0.087451 0.381546 0.063463 -0.176584 3.384119 -1.341324 -0.448465 -0.556196 0.119180 -0.535054 -0.183265 -0.195583 0.274529 0.177064 -0.238941 0.110457 
236.059998 -44.201761 1.189443 -2.636629 3.381127 0.436810 -0.765485 0.610536 -0.930754 -0.351565 -0.150600 0.375915 -0.535900 0.813739 1.650672 0.468267 -0.845018 -0.770233 -0.307331 0.405540 -0.252859 -0.109531 -0.104894 0.109804 0.066644 -0.466941 -0.798262 -0.276297 -0.623189 -0.170069 -0.041018 -0.356829 0.807243 0.146334 -0.196809 -0.100620 0.105745 
81.975494 -44.531659 1.865948 -2.232599 1.697316 -0.517325 -0.750152 1.124782 -0.089992 -0.369165 -0.263426 0.473403 -0.327726 -0.370425 0.253797 0.264679 -1.056940 -0.428780 -0.015420 -0.147335 0.849349 0.205216 -0.012071 -0.137777 0.034906 -3.351455 -1.194698 0.233353 0.415648 0.561919 0.075691 -0.518316 0.272423 0.246354 0.059562 -0.311880 -0.124382 
163.674988 -44.942610 1.697037 -2.107271 1.267246 -0.420749 -0.796324 0.315866 0.767944 0.058867 -0.174742 0.100361 -0.466087 -5.889171 -0.738725 0.934973 -0.013721 0.353605 -0.155950 -0.631092 0.291988 0.383177 0.014230 -0.513955 -0.182119 -2.478119 -0.922862 0.828820 0.415907 0.633194 0.404732 0.223413 -0.503114 0.126931 0.122003 0.129901 0.120603 
163.464584 -56.310000 0.388499 -0.362653 1.669874 0.189885 -1.062052 -0.137402 0.493983 0.397189 -0.234967 -0.554507 -0.691964 -5.326662 -1.591927 1.922319 -0.225126 0.837608 0.794045 0.299491 -0.156878 0.459079 0.231935 0.122024 0.276112 4.784458 -0.714485 0.754989 0.090313 0.598689 0.602947 0.766340 -0.395615 -0.255333 0.009496 0.392539 0.170291 
290.801605 -55.595933 -1.486817 1.737367 0.816995 1.254467 0.791767 0.914848 0.454187 0.977025 0.289127 0.344409 0.086137 3.679744 -2.167695 2.444952 0.166905 1.550983 1.049944 0.901587 -0.499243 -0.127488 0.033221 0.271122 0.158464 5.951116 0.518073 0.219464 0.740230 0.116640 -0.110267 0.488238 -0.069376 -0.507590 -0.092949 -0.149566 -0.231671 
297.292786 -48.950512 -3.946892 4.527251 2.003684 3.291851 1.037837 1.665772 -0.504503 0.142214 -0.168525 -0.012263 -0.375036 6.575571 -0.555780 2.361247 1.255334 1.070887 0.573512 1.275966 -0.295631 -0.556101 0.046037 -0.177108 -0.187230 -0.460861 1.612892 -1.508111 -0.051442 -0.862140 -0.530012 0.104163 0.463822 0.144783 0.041669 -0.162047 0.036441 
0.000000 -42.444792 -2.598377 6.459862 3.327663 3.396242 1.938792 3.466780 -0.137076 -0.135177 0.381201 -0.009806 -0.288322 2.758022 1.058088 -0.571271 0.064021 -0.173296 -0.010080 1.109913 0.428401 0.162078 0.116559 -0.052972 0.231346 -2.665089 0.650831 -2.499863 -1.187660 -0.714548 -0.971180 -0.714829 0.339602 0.481082 -0.325735 0.081548 0.089743 
0.000000 -43.434467 -1.830715 3.384710 2.131727 2.945258 1.017676 3.885598 0.352300 0.466369 0.064594 -0.118206 0.087656 1.245393 0.745882 -2.638479 -1.119987 -0.358208 -1.368848 -0.153692 0.383573 0.406063 -0.605432 -0.014012 -0.007743 -0.773155 0.505495 -0.262871 -0.567893 -0.215411 -0.047809 -0.624327 0.129756 0.069150 -0.346283 -0.129989 -0.150878 
0.000000 -39.954005 -1.106614 1.182904 1.087690 2.679826 -0.798905 3.159396 0.630071 0.676950 -0.829663 -0.037830 -0.303808 1.211711 2.069079 -1.097012 -1.071765 -0.604119 -0.105698 -0.138741 0.687913 0.300378 -0.576007 -0.312950 -0.070411 -0.271170 1.143387 1.361896 -0.255790 -0.376826 1.181193 0.606718 0.270342 -0.290393 0.217801 -0.328359 -0.010249 
341.122437 -41.011045 2.307442 1.190686 -0.011803 1.737021 0.806281 3.608115 1.728127 1.067126 -1.087420 -0.744106 -0.053166 0.703053 3.032655 0.085313 -1.631567 -1.111861 0.993537 1.059745 0.924258 -0.174723 -0.169830 -0.670731 -0.028241 1.689716 -0.535317 0.088124 0.038828 -0.447006 0.062089 0.509772 -0.207854 -0.370589 0.399832 0.052013 -0.105994 
73.613762 -38.547900 4.958697 1.353529 -2.175444 0.456104 1.188169 5.278885 2.478587 0.327504 -1.169323 -1.379291 -0.360289 4.591144 0.998445 -0.920764 -0.994108 -1.498130 0.018479 0.880802 0.272205 -0.440800 0.223657 -0.208923 -0.282399 -0.034448 -2.455382 -0.658042 1.462828 0.712902 -0.828616 -0.739474 -0.694849 0.075186 0.485106 0.798703 -0.060215 
0.000000 -31.828757 4.304331 -0.650841 -2.000019 -1.259238 0.843240 5.369720 2.272536 0.185525 -0.640106 -1.161953 -0.617964 0.634156 -1.878110 -1.230770 1.294090 0.313943 -0.663695 -0.419203 -0.465439 -0.024351 0.800382 0.926675 -0.148671 -3.831487 -1.284543 0.564087 1.306002 1.687410 -0.099118 -0.655242 -0.518154 0.043643 0.291088 0.530747 0.264369 
85.731369 -37.279588 1.202477 -1.108011 0.412735 1.083989 -0.139221 4.440479 1.547709 0.278803 0.431440 0.474059 -0.657632 -3.071829 -1.570641 0.207410 1.617896 1.876689 -0.179756 -0.429682 -0.764104 -0.353514 0.805833 0.852570 0.246338 -0.139799 0.890926 1.515341 -0.130670 0.529099 0.719786 0.088237 0.104266 0.123440 -0.170106 -0.420541 0.309221 
344.314362 -37.972415 1.163050 -0.236021 1.235772 2.494140 0.483727 4.510355 0.744328 -0.521503 0.971559 0.543187 -0.125287 0.354558 -0.096257 1.799912 1.032750 1.372141 0.775876 -0.242729 -0.256907 0.222530 0.460169 0.085594 0.469770 1.246535 0.907365 1.165609 -0.416146 -0.302068 0.470325 -0.355068 0.331415 0.624289 -0.613753 -0.488413 -0.135457 
352.642517 -36.570471 1.009963 2.491813 2.478235 3.828272 1.412532 3.955022 1.033896 0.723864 1.351778 0.645246 0.281908 -0.578760 0.244089 2.538629 0.785603 1.272554 0.760893 -1.139818 -0.101274 0.895064 -0.421673 -0.124255 -0.024575 0.542584 -0.641426 -2.295627 0.287704 -0.114142 -0.888517 -0.007198 0.285183 -0.319704 -0.155418 -0.141520 -0.579723 
358.604919 -39.129934 1.651227 4.841237 2.806978 5.039249 2.005513 2.230720 0.541781 1.268625 0.128212 0.294676 -0.174437 1.439727 -1.379110 -2.791342 1.608158 1.143858 -1.001158 -0.257124 0.313460 -0.416878 0.149333 -0.197446 -0.689676 2.187685 -0.388299 -3.562641 -0.216339 -0.391711 -0.457529 1.091743 0.018822 -1.304985 0.157341 0.065574 -0.267459 
365.215240 -33.691017 -1.748257 -3.090871 5.694551 6.115987 -0.589784 3.440774 1.660816 -0.109892 1.650444 0.250355 -1.097444 3.796611 -0.532509 -4.586653 0.352924 0.489132 -0.154164 1.043668 -0.063630 -1.714906 -0.106991 0.006892 -0.559492 -3.610618 1.722625 1.121694 -1.395983 -0.838803 0.932988 0.282827 -0.739905 -0.146605 -0.457466 0.247456 0.311995 
397.735870 -31.536713 0.586209 -4.332068 3.512827 6.017512 1.697185 4.318055 0.414521 -2.161187 -0.085769 0.308460 -1.293422 -5.781509 2.066141 -0.547954 -1.183809 -0.533749 0.864818 0.308530 -1.166351 -0.710089 -0.765598 0.297467 -0.065686 -7.464320 -0.248407 1.138955 -0.801468 -1.748734 -0.063478 -1.400742 -0.304264 1.110398 -0.084437 0.016198 0.565673 
0.000000 -45.254036 2.384024 -4.186780 3.326933 5.048490 1.139851 4.057835 -0.671886 -1.530070 0.119248 0.845289 -1.228817 -11.132030 -1.029324 -2.308743 -1.250012 -3.008335 -0.281120 -1.757816 -0.672158 0.505890 -0.275865 0.039288 0.571853 0.882143 -2.170143 -0.856602 -0.392629 -1.177277 -0.775211 -1.088438 0.593489 0.838309 0.301506 -0.313025 0.185134 
0.000000 -53.800773 -1.472438 -8.949555 1.012803 0.000842 1.134946 0.802424 -0.929795 -1.149408 -0.637500 0.387037 -0.149716 -4.017222 -2.274145 -2.261159 -1.969066 -2.888304 -0.685604 -1.868346 0.020626 0.966529 -0.162586 -0.328583 0.304582 6.610079 0.099756 1.474480 0.165117 1.138809 -0.074096 0.837621 0.552397 0.055266 0.326407 -0.135020 -0.455429 
0.000000 -53.288481 -2.164266 -8.709098 -0.611199 -0.728118 -0.231356 0.321142 -0.630634 0.402988 -0.205924 0.188122 -0.619653 2.088128 -0.829813 0.640217 -0.919777 -0.730718 -0.429312 -0.082573 0.432636 0.616422 0.376949 -0.230751 -0.339004 3.633436 1.346796 1.177458 1.121685 1.310865 0.650454 1.013591 0.259600 -0.289642 0.198367 0.044647 -0.062048 
0.000000 -49.624518 -3.132063 -7.669120 -0.826752 -1.460594 0.276321 0.637277 -0.064524 0.083437 0.116398 -0.074464 -0.827724 3.249650 0.419447 0.093758 0.274304 -0.266574 0.615304 0.158835 0.539827 0.387245 0.234148 -0.239289 0.180486 -1.723703 1.039252 -0.355986 0.936609 0.693710 0.468861 0.034356 -0.041360 -0.111098 -0.299609 0.110686 0.345170 
51.936665 -46.789180 -1.325371 -8.521582 -0.062590 -1.261266 0.999252 0.638813 0.449019 1.177477 0.262371 -0.290456 -0.258680 -1.359277 1.248692 -0.071754 0.953440 0.656703 0.508410 -0.013861 0.349915 0.394226 -0.222269 -0.009378 0.351336 -2.395815 0.871257 1.382319 0.984149 1.722332 0.031908 0.367650 -0.144342 -0.270003 -0.152455 0.204770 0.134999 
122.157028 -52.343073 -0.634679 -7.812628 1.080128 -0.147189 1.293142 0.609556 0.635307 0.871890 -0.328140 -0.093220 -0.125052 -1.541980 2.161961 2.858396 2.242603 3.178090 0.679121 0.894136 0.251143 -0.152762 -0.070762 0.170252 0.450484 1.892795 0.196045 1.208991 0.061009 0.603440 0.196589 0.522589 -0.258799 -0.272323 0.139177 0.000296 0.004955 
0.000000 -49.873139 2.998551 -2.804791 4.422617 5.094915 2.357494 2.427084 0.951305 0.871953 0.120847 0.050047 0.642288 2.426313 1.640783 2.346229 1.075458 1.863582 0.901589 1.031318 -0.167683 -0.150420 0.056085 -0.008785 0.361247 1.452422 -0.841701 -1.816263 -1.252236 -2.040683 -0.004538 -0.421715 -0.367605 0.195351 0.016373 -0.114851 -0.219790 
301.444061 -47.490447 2.646887 -3.120170 3.231043 3.579975 3.096320 2.672192 0.299941 0.571050 -0.215970 -0.110791 0.597443 1.362865 0.478558 -0.774130 -0.261869 -0.903276 0.670044 0.050705 -0.484067 0.237940 -0.038017 -0.059450 0.010904 -1.771372 -0.943512 -2.185647 -0.517329 -0.960809 -0.792636 -0.951515 0.058192 0.486834 0.110137 -0.003931 -0.160976 
135.492401 -47.147410 3.955668 -4.353050 3.898879 3.288362 3.697583 2.528494 -0.016830 1.347832 0.044813 -0.068853 0.664095 -1.116432 -0.246241 -2.025065 0.040800 -0.058037 -0.683683 -0.871712 -0.051298 0.823247 0.276358 -0.016648 0.039295 -1.430180 -0.638358 0.402824 -0.354721 0.660047 -0.599321 -0.143716 0.432907 -0.048317 0.183466 0.190129 -0.037992 
385.549072 -49.723311 2.154406 -7.170301 3.312642 3.463901 1.728953 0.928769 0.197345 2.217544 0.336746 -0.144086 0.676033 -1.497495 -0.798158 0.031519 -0.971310 0.416819 -0.528598 -0.236727 0.381746 0.141305 0.328915 0.320809 -0.065080 0.181095 0.295740 1.722319 -0.481144 0.163884 0.812931 0.680048 -0.131486 -0.695797 -0.050142 0.167233 -0.043314 
289.160889 -50.142400 2.359353 -4.290012 1.956258 4.121999 2.640386 2.055041 0.746662 1.630442 0.702642 0.572764 0.533936 -0.754241 0.345240 1.419574 -0.921488 0.269732 0.942178 0.488385 -0.314269 -0.568348 0.176074 0.317819 -0.047332 0.965181 0.631130 0.020535 0.415367 -0.283798 0.311258 0.300247 -0.157834 -0.411452 -0.192885 -0.126271 0.100489 
331.638306 -51.231793 2.844885 -4.331154 1.469666 4.003364 3.613309 1.905540 -0.431194 1.080849 0.688895 0.491552 0.581368 0.432868 0.464103 0.072590 -0.140576 -0.150777 0.093918 0.363767 0.066077 -0.681600 -0.056856 0.068267 0.135898 0.432675 0.263577 -0.618865 0.630979 -0.144209 -0.584371 0.157911 0.338888 -0.030579 -0.073831 -0.211877 -0.029633 
286.292084 -49.276663 3.287559 -4.144832 1.675107 3.820445 2.828221 2.782576 0.878817 0.267241 0.588931 0.709298 0.805732 0.111109 0.872393 0.181844 0.340470 -0.018686 -0.226564 0.804207 0.363506 -0.629506 0.028413 -0.105934 -0.106598 -1.098187 0.073371 0.035150 0.078032 0.447038 -0.172447 0.248805 -0.336383 0.298044 -0.062179 -0.114957 -0.232344 
299.665222 -51.009575 4.589672 -3.967465 2.150607 3.965992 3.160180 3.513954 0.295819 -0.178164 0.745721 0.279684 0.368172 -1.763506 0.610845 0.142890 0.015488 0.743300 -0.250977 0.861377 -0.606688 -0.085513 -0.181214 -0.161648 -0.328790 0.561785 -1.297154 0.132017 -0.088748 1.105990 -0.766250 -0.446003 0.030602 -0.032014 -0.119926 0.300278 0.003943 
0.000000 -52.803675 4.509248 -3.859052 1.706082 5.307045 2.326268 4.505330 -0.334558 0.096216 0.226504 0.386002 0.148152 1.234680 -1.721915 0.445878 0.162974 2.193294 -1.759065 -0.087799 0.424711 -0.693535 -0.211439 0.494622 -0.098713 2.657116 -1.052561 0.668462 0.328618 0.551521 -0.527764 -0.896552 0.503978 -0.186790 0.256218 0.023759 -0.039828 
388.705261 -48.540216 1.145842 -3.075710 2.476554 8.352580 -0.357949 3.338357 1.145242 -1.565234 0.322843 1.268929 0.170745 3.550726 -1.494278 1.479815 0.672724 1.846342 -1.306504 -0.931726 0.401269 -0.459093 0.331222 -0.114130 -0.408447 0.352371 1.103132 0.088366 -0.707769 -1.401949 0.902769 -0.522873 -0.429120 0.991944 0.665268 -0.456541 -0.058690 
0.000000 -45.702223 1.520693 -0.899423 3.051530 8.999730 -0.286740 2.641879 0.467980 -0.821970 0.888947 0.157743 -0.668741 1.939421 0.484350 0.622610 -1.252565 -0.610603 0.046473 -1.133545 -0.433528 1.290353 1.119096 -0.418459 -0.216092 -2.316500 0.904794 -0.985034 -1.535558 -2.365542 0.356009 0.006475 -0.158146 0.775448 0.100468 -0.109685 0.256908 
346.155945 -44.661374 2.114542 -1.830489 -0.028575 7.131374 -0.265004 1.071267 0.278186 1.015472 2.561035 0.432012 -0.261439 -1.082274 0.315310 -0.490252 -2.398391 -2.884742 -0.594486 -0.918776 0.084978 1.091803 0.532158 -0.333499 0.105370 -7.186777 -2.272019 0.185512 0.504971 -1.398009 0.144697 0.304451 0.224241 -0.825747 -1.182696 0.053985 0.107479 
336.114899 -47.866770 2.151312 -1.879928 -1.745252 3.230245 -1.475711 0.804327 0.637935 1.361636 1.953262 -0.509256 -0.458000 -12.434133 -4.059687 0.993635 -0.242623 -3.406622 0.335868 -0.524644 0.014954 -0.361141 -1.246296 -0.310489 -0.001134 -5.787833 -2.771377 0.445242 1.380506 0.694749 0.623314 0.267324 -0.186531 -0.994893 -0.776395 0.339824 0.133050 
0.000000 -69.529640 -6.004832 0.156781 -0.513821 0.318130 0.406732 0.021979 0.308093 0.293191 0.068443 -0.188966 -0.263707 -12.657940 -5.227445 0.400232 0.362621 -1.495244 0.652142 -0.384128 -0.288084 -0.897983 -1.020632 0.346149 0.371470 11.323478 5.655950 0.445619 0.613036 1.667893 -0.384858 0.066537 -0.318492 -0.117155 0.458126 0.082811 0.006125 
0.000000 -73.182650 -8.303578 -1.079465 -1.020010 0.239757 -0.171427 0.036071 0.061767 -0.434329 -0.088003 0.183042 0.284939 10.212824 7.252214 1.884872 0.983450 -0.070836 -0.433848 -0.391570 -0.622030 -0.595451 -0.330044 -0.144867 0.011115 15.862004 7.208113 2.271921 0.660868 0.448606 -0.758317 -0.183461 -0.368735 0.117077 0.120606 -0.541186 -0.446107 
139.430954 -49.103993 8.499595 3.926526 1.453079 0.176458 -0.460964 -0.761160 -0.935967 -0.897712 -0.591646 -0.478701 -0.241477 19.066068 9.188782 4.944074 1.684356 -0.598031 -0.864492 -0.751050 -1.025555 -0.663829 -0.779420 -0.736222 -0.520745 -0.616902 -2.563845 -0.522659 -1.249011 -0.798672 -0.227346 0.094024 0.359826 0.471282 0.224123 -0.044207 -0.352656 
0.000000 -35.050514 10.073986 8.808683 2.348703 -0.956305 -1.900412 -1.466030 -1.989343 -1.761987 -1.646842 -1.289402 -0.756551 8.979019 2.124524 0.839555 -1.514573 -1.668180 -0.888540 -0.203521 0.097622 0.347113 0.118201 -0.233282 -0.694196 -8.407177 -3.778038 -3.093223 -1.734772 -0.179246 0.489009 0.708911 0.900334 0.576589 0.505423 0.321154 0.138568 
301.066895 -31.145955 12.748643 5.605636 -1.576067 -3.159902 -2.238043 -1.168202 -0.740724 -0.203486 -0.355243 -0.945264 -1.629869 2.251714 1.632707 -1.242372 -1.785188 -0.956522 0.113525 0.666772 0.775113 0.489350 0.231426 -0.093914 -0.243609 -5.152625 -2.000991 -0.526794 1.517858 1.670608 0.723939 0.507752 -0.165008 -0.241333 -0.116510 0.005409 0.397121 
299.480560 -30.547085 13.339400 6.323940 -1.221674 -2.869350 -1.673361 -0.132485 -0.439117 -0.783287 -1.183989 -1.477231 -1.243770 -1.326231 -1.877458 -0.214032 1.521143 1.673035 0.559339 0.811983 -0.232394 -0.135553 -0.114818 -0.222464 0.100046 -2.016554 -2.591741 -0.541439 2.022640 1.199667 0.158661 -0.149032 -0.524434 -0.191142 0.141785 0.055821 0.179588 
297.224518 -33.798416 8.993728 5.177571 1.466219 0.186169 -1.119366 0.455764 -1.205512 -0.474593 -0.584879 -1.390192 -1.429776 -1.781393 -3.550776 -2.325250 2.260092 1.442812 0.430847 0.368708 -0.273756 0.107067 0.514996 0.017728 0.115567 1.352524 0.851709 0.056229 -0.461777 -0.942196 -0.256012 -0.738447 0.146357 -0.081191 -0.061501 0.127567 -0.076985 
288.135376 -34.109871 6.237848 1.673439 3.298510 0.016274 -0.811667 0.604931 -0.986628 -0.569154 -0.153998 -1.441775 -1.012636 1.378817 -0.174039 -0.101575 0.597588 -0.211356 0.047315 -0.664911 0.060320 -0.297935 -0.237820 0.032670 -0.053923 2.084921 2.074737 2.313401 -1.229853 -0.607955 -0.153448 -0.441625 0.186635 -0.124836 -0.487981 -0.020456 -0.124034 
302.634735 -31.040782 8.645651 4.974421 2.661396 -0.236544 -1.024737 -0.874058 -1.084871 -1.070463 -1.060519 -1.324851 -1.537622 2.388449 0.598697 2.301552 -0.199614 0.226903 0.123952 -0.514541 0.099515 -0.142605 -0.460966 -0.023183 -0.132500 -0.485577 0.229934 0.227267 -0.127827 0.218766 -0.089699 0.149715 -0.235837 -0.009172 -0.067425 -0.140740 0.103866 
295.764648 -29.332973 7.435243 6.276542 2.899282 0.470079 -0.563763 -0.424151 -0.787599 -0.854365 -1.075930 -1.488142 -1.277637 0.407664 0.285829 0.352959 0.341934 0.226175 -0.132083 -0.365481 -0.411353 -0.316280 -0.372670 -0.248810 0.153809 -1.530328 0.025019 -0.913188 0.090622 -0.144401 -0.261515 -0.164575 -0.448817 -0.188566 0.123364 0.122407 0.212726 
300.104675 -30.225454 9.217309 5.680338 3.345264 0.215805 -1.288903 -1.605020 -1.907577 -1.703022 -1.805860 -1.822471 -1.230004 -0.672208 0.648735 0.475175 -0.018370 -0.061899 -0.399078 -0.843691 -0.798119 -0.519737 -0.214237 0.221630 0.292952 -1.195520 -0.250351 -0.106180 -0.380142 -0.107026 0.214182 0.325993 0.246608 0.213212 0.302390 0.380038 0.092750 
309.243744 -30.677389 8.732713 7.226893 2.862542 0.346280 -1.361920 -2.111533 -2.383838 -1.893839 -1.504404 -1.044883 -0.691733 -1.983376 -0.214873 0.140598 -0.418349 0.012122 0.296282 0.286506 0.081863 0.110145 0.232109 0.511265 0.339309 -1.933260 -1.252984 -1.593764 -0.253914 -0.000623 0.346437 0.915950 0.907410 0.704634 0.351806 0.059266 -0.065262 
321.231171 -34.192205 8.787563 5.961535 2.508566 0.240049 -0.696339 -1.032008 -1.743850 -1.482733 -1.341642 -0.799941 -0.551386 -4.538727 -1.857232 -2.712354 -0.526199 -0.063146 0.293795 0.988210 1.016701 0.889530 0.489374 0.340162 0.162427 -0.209805 -1.232859 -1.051824 -0.049707 0.051653 -0.406025 -0.306137 0.020397 -0.095477 -0.196411 -0.333291 -0.187396 
296.921539 -39.754844 5.018248 1.802185 1.810145 0.219989 -0.774331 -0.135114 -0.350436 -0.114779 -0.525657 -0.364558 -0.366878 -2.402986 -2.680592 -1.963049 -0.517763 0.115428 -0.515769 -0.325769 0.122658 -0.080810 -0.160714 -0.155317 -0.035484 2.498755 0.237166 1.232556 0.179714 0.206707 -0.202445 -0.983514 -0.862046 -0.677203 -0.441080 -0.512952 -0.199948 
241.979492 -38.998178 3.426379 2.035437 1.473040 0.470906 -1.727877 -1.683545 -1.498535 -1.644353 -1.663069 -1.110576 -0.622353 0.458782 -1.382900 -0.247242 -0.166771 0.350268 -0.111095 -0.978819 -0.707391 -0.464876 -0.392786 -0.685743 -0.237468 1.861461 2.107915 1.005311 0.532762 0.371724 0.706763 0.441904 0.014552 0.147793 0.250908 -0.009566 -0.018789 
0.000000 -38.837281 2.252447 1.307700 1.476603 0.920525 -0.996520 -2.092751 -1.765219 -1.044530 -1.311229 -1.736044 -0.841815 1.319937 1.535237 0.047574 0.547760 0.858877 0.897756 0.558039 0.151761 0.214776 0.341102 -0.174450 -0.073061 1.817112 2.112305 0.880796 0.616395 0.203429 0.188496 0.547653 0.344707 0.055263 0.191472 0.371018 -0.011872 
117.725449 -36.358305 6.496853 2.130584 2.568560 2.188660 0.067634 -0.567467 -1.195013 -1.214802 -0.980865 -1.459476 -0.768475 4.093006 2.841710 1.514350 1.066019 0.757127 0.265896 0.116486 -0.017977 -0.354350 -0.009842 0.056294 -0.261212 -0.114543 -0.486877 1.200299 0.025509 -0.644399 -0.513944 -0.595619 -0.278988 -0.266847 -0.203208 0.052925 0.041518 
297.626099 -30.651269 7.935866 4.336399 3.608642 2.434778 -0.464727 -1.859779 -1.801172 -1.753230 -1.330913 -1.623456 -1.364239 1.090850 0.561483 2.448172 0.598778 -0.429921 -0.130133 -0.633199 -0.406216 -0.318918 -0.065313 -0.068601 0.009974 -6.903405 -1.746697 -0.646465 -1.052143 -0.914773 -0.096681 0.269804 0.248671 0.523547 0.176053 0.351708 0.464903 
298.149017 -34.176604 7.619819 7.026929 3.766115 1.328818 -0.192631 -1.833866 -2.007444 -1.852637 -1.111491 -1.596678 -0.748526 -9.713804 -0.651685 0.221420 -1.038266 -1.072420 0.072534 0.656094 0.479365 0.692743 0.342265 0.759710 0.668594 -4.520993 -0.527572 -1.786009 -0.857890 -0.044760 0.033309 0.638169 0.494358 0.530682 0.148933 0.407461 0.175382 
301.691833 -50.078877 6.632497 4.779239 1.532111 0.289938 -0.319659 -0.547590 -0.842443 -0.367744 -0.646383 -0.104037 -0.027051 -7.951136 -0.493661 -1.123845 -1.117002 -0.519440 -0.063514 0.643138 0.582501 0.742447 0.232554 0.746321 0.360738 0.881334 0.079012 -0.672632 -0.039368 0.276490 -0.068024 -0.006478 0.051568 0.024852 -0.054856 -0.006694 -0.153928 
