242.034897 -33.976312 -16.103382 2.175618 4.228349 0.592275 -2.520007 2.609398 -1.319617 0.879451 -0.046502 -0.626727 -0.249255 -1.813818 -3.120751 -1.382260 -0.136397 0.531935 -0.254499 -0.948804 0.579795 -0.078359 0.193989 0.126258 -0.119785 -0.739852 -0.368663 -0.487023 0.225216 -0.044619 0.214822 0.023228 0.067116 -0.049667 0.043548 -0.046775 0.081945 
0.000000 -37.603948 -22.344885 -0.588901 3.955555 1.656146 -3.029005 0.711790 -0.160027 0.722733 0.341477 -0.374212 -0.488824 -3.293521 -3.858077 -2.356307 0.314034 0.442697 0.175144 -0.902349 0.714028 -0.177693 0.281086 0.032708 0.044106 1.473361 4.890632 2.666581 1.198295 -0.150753 0.417992 0.607583 -0.149588 -0.747284 -0.492761 -0.216740 -0.048585 
0.000000 -40.563355 -23.819537 -2.536995 4.856417 1.477670 -2.169719 0.804701 0.108438 0.524065 0.515669 -0.561311 -0.161043 1.132905 6.660514 3.950903 2.260192 0.230429 0.581484 0.266361 0.280618 -1.572928 -0.791532 -0.307222 -0.216954 4.649524 6.461535 2.427150 0.779846 0.996864 0.468588 -0.037500 -0.178004 -0.146385 -0.531860 -0.217368 -0.405309 
0.000000 -35.338137 -9.023858 7.312904 8.475940 2.117004 -1.866036 1.244512 0.401209 -2.423122 -1.241587 -0.988656 -0.922733 6.005526 9.064992 2.497993 1.873726 2.436425 1.112321 -0.977348 0.358019 -0.470464 -0.782634 -0.402029 -0.766513 2.602673 -1.225259 -3.770276 -2.290760 0.183795 0.135989 -1.025507 -0.303170 1.628835 0.899334 0.037023 -0.050019 
278.048370 -28.552302 -5.689552 2.458991 8.603869 6.350519 0.054922 -1.149995 0.824476 -0.416862 -1.049599 -1.365369 -1.694068 6.338251 4.209995 -3.589650 -2.321327 0.598019 0.853463 -1.784652 -0.325723 1.684742 1.007137 -0.233177 -0.316993 -2.511556 -1.848530 -1.626061 -3.664150 -2.334849 -1.070204 0.448130 -0.251414 0.565221 0.478444 0.163011 0.474589 
275.019836 -22.661635 -0.603867 0.133605 3.833286 3.313041 -0.159111 -2.324793 -0.250236 0.946363 0.772688 -1.455010 -1.556718 0.982415 5.367933 -0.754129 -5.454575 -2.233272 -1.028087 -0.081087 -0.144809 0.659978 0.174255 -0.076006 0.182665 -5.346090 0.057465 1.939392 -0.778721 -0.073845 -1.192206 1.275369 0.353448 -0.936095 -0.781942 0.182342 0.462954 
286.282745 -26.587472 5.046314 0.950733 -2.305280 1.883974 -2.001251 -1.312170 0.534858 0.903094 -0.701089 -1.517380 -1.328738 -4.353929 4.324926 0.289134 -3.878768 0.450329 -1.530950 0.766086 0.381173 -0.187447 -0.556747 0.131507 0.608914 -2.727314 -3.912212 0.965602 2.908340 0.259391 1.314065 0.071876 0.389553 -0.518774 0.392607 0.035098 -0.269958 
299.897827 -31.369492 8.045985 0.711872 -3.924251 4.213699 -3.221012 -0.792620 0.512110 0.571468 -0.340807 -1.191997 -0.338890 -4.472212 -2.456491 1.177074 0.362105 -1.714490 1.600043 0.062664 0.634297 -0.377569 0.959469 -0.005809 -0.357250 1.513486 -6.960834 -0.630271 2.301520 -1.286356 2.026112 -0.408640 -0.152062 0.207307 0.843429 0.306025 -0.465737 
298.642853 -35.531897 0.133333 3.304881 -1.581071 -1.545005 1.198835 -1.186841 1.803453 0.147955 1.217849 -1.528997 -2.043238 -1.326957 -9.596743 -0.971409 0.724272 -2.122382 2.521273 -0.051193 0.077049 0.227168 1.130111 0.743556 -0.322559 3.930475 0.101325 -0.660405 0.264261 1.430337 -0.943623 0.075254 -0.600633 0.063217 -1.024308 0.194516 0.433285 
283.543182 -34.023405 -11.147502 -1.230945 -2.475706 -0.031064 1.821534 -0.895007 0.666209 1.025803 1.919416 0.295116 -0.984009 3.388737 -2.253841 -0.143735 0.890627 1.146183 -0.287203 0.213173 -0.566969 -0.251136 -1.089146 0.383223 0.509321 3.124347 8.686129 2.132698 -0.566379 -0.061747 -1.359210 0.237565 -0.382168 -0.984606 -0.952384 -0.620446 0.214422 
297.403717 -28.754422 -4.374350 3.017410 0.200183 0.747361 0.624429 -0.760495 0.669515 -0.354317 -0.960443 -0.762552 -1.024597 4.921737 7.775515 3.293987 -0.408486 -2.245877 -0.197147 0.423936 -0.687287 -1.742044 -0.774656 -0.497336 0.106284 0.566251 3.097680 0.556037 -1.901328 -2.250038 0.312485 0.713784 -0.412967 -0.644393 0.923974 -0.354748 -0.257783 
311.785370 -24.179931 4.403527 5.357028 -3.292678 -4.522817 1.427240 -0.047135 -0.708366 -2.458285 0.370103 -0.699557 -0.771441 4.521240 3.941518 0.968339 -2.912030 -3.353892 0.337768 1.640742 -1.392903 -1.539922 0.758802 -0.326274 -0.006246 -1.009152 -4.216004 -1.778924 -0.253684 1.045831 -0.263015 0.757294 0.220177 0.814094 0.351088 0.189738 0.203071 
304.424622 -19.711943 3.508687 4.954089 -5.623876 -5.960423 1.299964 2.520989 -2.116291 -3.434160 0.557161 -1.415099 -1.037088 2.903432 -0.656493 -0.263860 -0.915854 -0.154214 -0.723176 1.938525 -0.246934 -0.113856 -0.072481 -0.117860 0.512426 -2.288394 -2.172099 -0.323241 1.454873 1.982595 -0.721993 -0.774595 1.322492 1.280873 -0.370240 0.163707 0.288209 
290.556427 -18.373066 3.090542 4.829307 -5.124387 -4.831246 -0.019111 3.829915 -1.202233 -2.685997 0.225140 -0.935278 0.253412 -0.055549 -0.402681 0.321858 -0.002284 0.611298 -1.106218 0.091552 1.252081 1.021824 0.018322 0.001140 0.570172 -3.589972 -0.640137 0.303733 0.522385 -0.083829 0.311331 -1.205642 0.258340 0.690753 0.098072 0.357743 -0.271260 
276.393799 -19.823040 2.703325 5.597805 -5.628445 -4.737828 -0.912472 2.704093 0.387870 -1.390513 0.593806 -1.412820 0.103256 -4.276511 -1.936766 0.343606 0.128916 -0.321872 -0.100515 -0.472759 0.269746 1.267649 0.123664 0.597625 -0.030094 -2.018229 -1.939241 -0.892034 0.035693 -0.709908 0.595300 -0.167212 -0.914184 -0.055374 -0.260007 0.473552 -0.201744 
262.507416 -26.926089 -0.782991 5.516520 -4.866555 -5.474989 -0.220141 2.884397 -0.662741 -0.150698 0.472468 0.259973 0.193225 -4.092008 -4.281162 -1.462210 0.069101 -0.808519 0.084382 -0.242871 -0.576287 0.911075 -0.501692 0.948244 0.166683 1.783168 1.676555 -0.032031 0.536514 -0.144211 -0.302100 0.210513 -0.053218 -0.429000 -0.195650 -0.358117 -0.070127 
230.997604 -28.007056 -5.858998 2.673385 -5.490243 -6.354866 -0.743708 2.218350 -0.764704 0.431638 -0.409578 0.483668 0.436622 -0.710175 1.416344 0.279543 1.201943 -0.610293 -0.704715 -0.051732 0.163310 0.409650 -0.267637 -0.118610 -0.170348 1.691524 5.719639 1.479462 0.660901 0.336703 -0.236039 0.324462 0.551572 -0.708904 0.324089 -0.742244 -0.319108 
228.906036 -28.346438 2.049698 6.075607 -2.462670 -6.695576 -1.629570 2.780932 -0.336122 0.668602 -0.062807 0.022754 -0.147471 -0.708960 7.158117 1.496714 1.390903 -0.135114 -0.387697 0.406053 0.526857 -0.506734 0.146486 -0.536244 -0.471532 -0.229618 1.585622 -0.678532 -0.989074 0.663179 0.230592 0.050793 0.126289 -0.658892 0.048395 -0.015157 -0.062821 
226.600494 -29.424976 8.457236 5.666814 -2.708438 -6.625093 -1.519101 3.030457 0.289010 -0.581829 -0.116605 -0.588821 -0.506442 -1.169411 4.587589 -1.077520 -0.776206 0.716064 -0.243532 0.049854 0.415889 -0.908134 -0.170846 -0.148924 -0.295989 -0.561551 -2.009965 -1.824507 -1.352322 0.883719 0.703232 -0.708260 -0.308599 0.247067 -0.339196 0.199754 0.399932 
209.925064 -30.685260 11.224877 3.920566 -4.015082 -5.263448 -2.116634 2.880641 0.495655 -1.147665 -0.404499 -0.275095 -0.739449 -1.832061 3.138187 -2.152299 -1.313742 1.632324 1.018767 -1.010466 -0.090341 -0.012600 -0.531907 -0.136736 0.328332 -0.448321 -1.296694 -0.789389 0.378154 0.757643 1.227647 -0.622036 -0.588187 0.608616 0.067820 -0.015547 0.308034 
199.304337 -33.089098 14.733610 1.362216 -5.335921 -3.360444 0.518433 1.009524 0.108327 -0.607030 -1.180418 -0.862292 0.150222 -2.066053 1.994201 -2.656298 -0.019898 2.231350 2.211761 -1.194217 -0.760485 0.309098 -0.035207 -0.180019 0.320079 -0.460858 -1.192400 0.505642 0.822512 -0.096621 0.098405 0.709604 -0.236915 -0.197123 0.436705 0.171107 -0.279880 
191.500244 -34.817366 15.213278 -1.392030 -4.054878 -0.800748 2.306889 0.492208 -1.025315 -0.529468 -0.474914 -0.635133 -0.099291 -2.753776 0.753388 -1.141014 0.331281 1.439083 1.215578 0.408741 -0.564172 -0.406847 0.341504 0.205478 -0.231428 0.778025 -0.681280 1.119781 -0.474034 -0.832819 -0.979570 0.384402 0.154281 -0.215136 0.234580 0.114099 -0.236014 
180.332245 -38.596650 16.240385 -0.919812 -4.673358 -0.482278 2.949588 1.827007 -1.020017 -1.420723 -0.497409 -0.451336 -0.312634 -0.510002 0.631641 -0.416735 -0.967966 0.565712 0.252621 -0.425412 -0.451923 -0.121174 0.433952 0.048179 -0.151949 3.113456 -0.290132 -0.456867 -0.264883 -0.315823 -0.990706 -1.164633 0.243261 0.750822 -0.204401 -0.239726 0.318700 
180.675232 -35.837370 16.476560 -2.225501 -5.990810 0.330676 2.812130 -0.358617 -1.929162 -0.771816 0.392991 -0.538775 -0.403189 3.473137 0.173124 -2.054749 -0.198485 0.807438 -0.765834 -1.920525 -0.077650 1.094797 -0.067297 -0.273975 0.405973 1.931353 -0.474997 -0.547336 0.578555 0.231830 -0.657982 -0.306976 0.636050 0.434599 -0.483758 -0.139415 0.434079 
191.530014 -31.650376 16.586634 -5.029311 -5.070329 1.132597 1.417920 -2.014042 -1.175318 0.768871 -0.632003 -0.999286 0.499312 3.352704 -0.318353 -1.511408 0.189145 1.029373 -1.063343 -1.039365 0.820178 0.748023 -0.533564 -0.230651 0.716209 -0.342365 -0.711976 1.054864 -0.086875 0.079703 0.058353 0.697309 0.644349 -0.779299 0.083509 0.293162 -0.172675 
201.499237 -29.131961 15.839854 -5.248317 -5.612520 2.389421 0.685444 -2.437346 -0.288806 0.724231 -0.674137 -1.000078 1.029229 2.788406 -1.250828 0.054979 -0.372236 0.966845 -0.649129 -0.525906 1.211047 -0.463801 0.099721 0.312349 0.060622 -0.020154 -1.045218 0.706634 0.561449 -0.690005 0.287524 0.784441 -0.534791 -0.249383 0.425102 0.190075 -0.484719 
209.685379 -26.073565 14.084978 -4.919354 -5.814801 3.066286 0.119662 -3.065855 1.246776 -0.158731 -0.432560 -0.374588 0.620557 3.312396 -2.408788 -0.098140 1.312043 -0.350638 -0.488295 0.529517 -0.249404 0.249256 0.316639 0.149498 -0.253230 -0.204899 -1.195773 0.320390 1.107696 -0.986131 0.251007 1.199968 -1.615068 0.751605 0.168197 -0.230986 -0.089334 
219.279770 -22.507169 11.022277 -5.444598 -2.988435 1.688144 -0.291146 -1.378312 -0.787614 1.222744 -0.040858 -0.701082 0.522770 2.378608 -3.642374 0.695759 1.843157 -1.005418 -0.147116 1.874029 -2.019090 1.039410 0.436115 -0.149624 -0.118046 -2.772034 -1.838020 1.380849 0.097499 -0.520901 0.179485 0.536547 -0.186779 0.062129 0.356784 0.114655 -0.273457 
232.677078 -21.316350 6.800230 -3.527836 -2.128487 1.055450 -0.174569 0.682202 -2.791404 1.920088 0.439671 -0.673837 0.384465 -2.231673 -6.084828 2.663557 1.507040 -1.392441 -0.129325 1.602612 -0.622962 0.373514 1.030206 0.378809 -0.800144 -4.971053 -2.589635 0.918392 -0.261815 -0.226545 -0.374246 -0.411442 1.410146 -0.706614 -0.147074 0.587186 -0.234952 
244.135071 -26.970515 -1.147380 -0.117483 0.025645 -1.096738 -0.549797 1.826911 -2.033538 1.969772 2.019555 0.056536 -1.077519 -7.563499 -8.821644 2.532542 1.319528 -1.458509 -0.895608 1.051146 0.801202 -0.373817 0.141968 1.024747 -0.587950 -3.329492 -1.536489 -1.179998 0.181388 0.493049 -0.448005 -0.814587 0.781384 -0.760398 -0.767904 0.108080 0.469073 
232.264786 -36.443348 -10.843059 1.537248 0.510569 -1.861569 -1.965784 2.784494 -1.189000 1.172453 0.723607 1.375657 -0.791435 -8.890656 -9.157806 0.303560 1.869815 -0.406344 -1.025335 -0.026563 0.939806 -1.147282 -0.505602 0.594969 0.138002 0.823764 2.654612 -1.855905 0.199348 1.468898 0.059727 -0.863853 -0.127531 -0.092510 -0.281407 -0.811949 0.337895 
0.000000 -44.751827 -19.462992 0.489638 3.765276 -1.909425 -2.600467 1.773785 -0.153925 -0.324793 1.008350 1.246474 -0.801514 -5.915970 -3.512421 -1.179268 1.718225 1.479287 -0.776153 -0.676560 0.546139 -0.558838 -0.420845 -0.599151 0.087840 4.234549 9.962245 0.160606 -1.390418 1.413440 1.125204 -0.309850 -0.504257 0.488920 -0.336610 -0.689792 0.020021 
0.000000 -48.275289 -17.867901 -0.821288 3.947019 1.097005 -3.518090 1.431373 -0.096723 0.054778 -0.118084 0.177354 -0.615755 -0.421559 10.766684 0.624772 -0.911021 2.420535 1.225072 -0.646263 -0.068707 -0.169443 -1.178821 -0.784615 0.178045 7.873411 8.367110 -0.035037 -2.043570 -0.256506 1.007790 0.156844 -0.791289 0.053817 0.133823 -0.257558 0.186513 
0.000000 -45.594944 2.070376 1.739182 1.943233 2.931645 -0.150322 0.481260 -0.291340 -0.663678 -1.349292 -0.322757 -0.445425 9.830852 13.221799 -1.249341 -2.368915 0.966274 1.239428 -0.362872 -1.036438 -0.451204 -0.153199 -1.114268 0.460866 6.093445 -4.062327 -1.555124 -0.224454 -1.349219 -1.137131 0.505887 -0.365354 0.261119 0.733873 -0.157666 0.360349 
291.544708 -28.613586 8.575697 -3.319971 -0.790811 3.029553 -1.039234 0.705629 -2.169599 -0.847630 -0.424483 -2.051181 0.305978 11.765331 2.642030 -2.485475 -1.359929 -0.277903 -1.049190 0.365511 -0.799415 0.352794 0.288925 -1.099946 0.898742 -4.036723 -7.132027 1.341893 0.622949 -0.587821 -0.921597 0.246367 0.840360 0.698116 0.035472 0.376013 -0.119074 
294.865906 -22.064283 7.354436 -3.231768 -0.776626 2.375839 -2.248702 1.212283 -1.890170 0.041910 -0.771442 -2.522649 1.352058 1.757406 -1.042255 1.434445 -1.123016 -0.209367 -0.603767 0.129863 0.644281 0.945028 -0.082255 -0.362241 0.222718 -7.053060 -1.986694 1.674915 0.361875 0.287629 0.469452 -0.082652 0.821508 0.036248 -0.427940 0.393922 -0.756291 
291.035950 -25.098773 6.491187 -0.451081 -3.036844 2.610818 -2.246769 0.965355 -0.881036 1.042427 -0.588992 -2.775663 0.751414 -2.340789 -1.331358 0.864356 -0.636179 0.297354 -0.110286 0.200208 0.843600 0.425290 -0.566955 -0.312103 -0.613841 -2.226706 0.450967 -1.012162 0.753493 0.406144 0.438191 -0.175352 0.031817 -0.583607 -0.504253 0.439985 -0.345897 
295.642334 -26.745861 4.691719 -1.503057 -2.048983 2.970547 -2.469274 1.612699 -0.202970 0.892489 -1.905351 -3.146855 0.124376 -2.696006 -0.140320 -0.589880 0.383969 0.602922 0.272615 -0.220840 0.707915 -0.222185 -1.090760 0.517728 -0.469077 0.945549 0.549423 -0.985915 1.574710 -0.678590 0.524867 -0.736833 -0.139431 -0.081067 0.218761 0.597549 -0.000124 
297.056946 -30.490786 6.210546 -1.630841 -2.268906 3.816662 -1.701539 0.523675 0.534794 0.598056 -2.770513 -1.740207 -0.186740 -0.449691 -0.232512 -1.107474 2.513242 -1.059826 0.939448 -1.273459 0.564738 0.263155 -0.129433 0.882996 -0.614090 4.094570 -1.977264 0.871941 1.668158 -1.223525 0.089577 -0.495682 -0.445767 0.021069 0.545450 -0.215221 0.358470 
294.843964 -27.645244 4.226695 -3.718004 2.977500 0.850896 -0.590379 -0.934219 0.926507 1.418799 -2.164216 -1.380864 -1.103804 5.493134 -4.094848 1.154003 3.720285 -1.844129 0.451768 -1.212204 -0.183619 -0.180048 0.000140 0.087286 0.247863 3.117124 -1.409647 1.761192 -0.967574 0.130336 -0.923343 0.489955 -0.330417 -0.149898 0.154867 -0.551695 0.646279 
294.365265 -19.504518 -1.979151 0.677165 5.171664 0.128405 -0.798003 -1.900732 0.167556 0.237959 -2.770234 -1.565635 0.308987 5.784556 -3.051806 2.414911 0.578094 -0.799153 -0.907239 -0.293548 -0.096096 -0.036640 0.180301 -0.220394 0.678468 -1.396657 2.306573 -0.763890 -2.811362 0.807291 -0.917426 0.735934 0.314147 0.194031 0.472086 0.035520 0.059503 
290.267395 -16.076131 -1.876917 1.111818 4.133688 -0.747411 -2.404857 -1.521315 0.734314 1.345518 -1.803614 -1.821651 0.253131 2.699821 0.518298 -0.373777 -1.902440 -0.229546 -1.383083 0.259665 0.444676 0.208014 0.944312 0.158326 0.366870 -3.368935 2.046305 -1.294928 -1.226282 0.625638 0.412790 0.400027 0.178384 -0.204140 0.129994 0.327351 -0.041309 
283.273743 -14.104877 -0.942555 -0.070389 1.366784 -0.330688 -3.564170 -1.381402 1.056909 0.653987 -0.881609 -1.248982 1.042727 -0.953314 1.040804 -0.174945 -1.874471 0.452122 -0.081660 0.506506 0.260672 -0.444920 0.440290 0.434308 0.595850 -3.788078 0.997647 0.250411 0.001853 1.080780 0.637338 0.279604 -0.235091 -0.108809 -0.308055 0.001549 -0.084561 
275.519440 -17.982760 0.204691 0.761927 0.384746 0.156834 -2.568177 -0.508304 1.255658 0.455678 -0.923035 -0.953035 1.444830 -4.876336 2.513591 0.127046 -1.898735 1.932014 -0.108407 0.818874 -0.025506 -0.009604 0.328203 0.161425 0.197749 -2.134997 0.834408 0.047766 0.212010 0.647688 -0.542649 -0.064010 0.028579 0.402560 -0.054635 -0.282730 -0.273704 
259.754913 -23.857550 4.084628 0.183702 -2.430686 3.533341 -3.780984 0.256345 1.005897 0.634780 -0.225203 -0.926132 1.438225 -5.223309 2.709621 -0.079414 -1.450451 1.747498 -1.166958 0.378486 0.317830 0.360200 0.331020 -0.131152 0.048442 1.499123 -2.696986 -0.275886 0.436778 -1.698141 1.698806 -0.725354 -0.302512 0.023946 0.151707 0.421902 -0.681239 
247.636765 -28.429378 5.623933 0.603100 -2.516157 3.651830 -4.902093 0.248668 1.891318 1.176078 -0.260995 -1.215339 1.541714 -1.878090 -2.880381 -0.424726 -1.025179 -1.464268 3.289205 -0.631833 -0.630530 0.038289 0.631617 1.005228 -1.164729 1.561490 -4.603439 -0.799996 0.043999 -1.995132 2.603853 -0.174712 -0.939738 -0.332448 0.212996 0.390603 -0.627217 
243.210907 -27.613729 -1.676134 -0.665750 -4.481043 0.604804 2.797426 -1.007322 -0.255162 0.711357 1.038030 1.084323 -0.891234 -2.100329 -6.497257 -1.679405 -1.362453 -2.242766 4.040748 0.029062 -1.561646 -0.304696 0.757011 0.650055 -1.205992 -0.584942 1.436919 -0.216709 0.604134 0.028178 -1.604238 0.712068 0.303818 0.171870 -0.305398 -0.784917 0.831799 
232.136887 -32.630036 -7.370580 -2.755710 -5.241063 -0.833702 3.179403 0.306793 -1.231973 0.566685 1.253027 0.084772 -0.870271 -3.047974 -0.006543 -0.858144 0.183089 -1.407912 0.080729 0.792302 -0.022894 0.382028 0.020821 -0.564605 0.498869 2.176479 6.004847 1.559510 0.706575 0.603915 -2.228075 0.095973 1.040120 0.443566 -0.610095 -0.200945 1.180972 
206.210251 -33.709677 -1.689221 -2.382037 -4.114864 -2.211020 2.958884 0.577282 -0.300949 1.475413 1.079672 -0.044887 0.106504 2.252629 5.512437 1.439615 0.050698 -1.034936 -0.415402 0.221008 0.518593 0.582436 -0.463179 0.248166 1.155952 2.818387 2.679976 1.142543 -0.614183 0.745663 -0.417543 -0.442242 0.070398 -0.551372 -0.455117 0.407468 -0.068873 
210.644440 -28.124777 3.654294 0.123521 -5.139668 -2.903574 2.348598 0.748808 -0.194786 1.731557 0.326669 0.581103 1.441633 2.588801 5.353408 1.426941 -1.045276 0.083414 -0.754357 -0.092181 0.117903 -0.720716 -0.889413 0.250330 0.361123 -3.107160 -0.823490 -0.168826 -0.177058 0.847550 -0.203243 0.237224 -0.176445 -1.055747 -0.054010 -0.142526 -1.063666 
192.867615 -28.532076 9.017595 0.471846 -6.205416 -2.044192 1.450171 0.392919 -0.065143 0.033982 -0.699154 0.455773 0.828750 -3.961691 3.865458 1.101963 -0.303418 0.660165 -0.821888 0.695456 0.165703 -1.529059 -0.571200 -0.036885 -0.971379 -5.172897 -2.662512 -0.018030 1.335682 0.275286 0.145667 0.530318 0.299016 0.311105 0.315656 -0.460911 -0.500619 
186.497482 -36.048159 11.385211 2.327447 -5.746504 -1.583245 0.704822 2.139721 0.136619 -1.326561 -0.815731 0.507333 -0.501125 -7.756994 0.028384 1.390882 1.626087 0.633986 -0.463022 0.968456 0.715936 -0.098506 -0.258101 -0.671491 -0.640115 1.887553 -2.019257 0.689449 0.019653 -0.668214 0.390312 -0.272127 0.567889 0.851060 0.104916 -0.677078 0.568371 
179.959915 -44.046063 9.074364 3.253610 -2.953241 -0.776219 0.524128 2.329830 1.366729 -0.163031 -1.215357 -0.887209 -0.451479 -0.186584 -0.173056 2.480862 -0.264113 -0.676263 -0.041264 0.151203 1.301480 0.173062 -0.361368 -1.391041 0.165364 4.942376 0.374402 -0.258662 -1.050017 -0.593458 0.557395 -0.386523 0.099674 -0.016554 0.169649 0.117140 0.376523 
193.119904 -36.421326 11.039100 7.289171 -6.274729 -2.935772 0.622295 2.442126 2.739579 -0.980437 -1.538467 -2.274749 -0.170397 2.127758 0.777188 0.873558 -0.473946 -0.552929 0.651768 0.195409 0.915283 -0.131614 0.081196 -0.437211 0.112931 1.606485 -0.287402 -1.528645 0.902646 0.021424 0.661448 -0.605547 -1.208241 -0.151748 0.117621 1.379587 -0.164437 
197.168030 -39.790547 10.628740 5.000726 -3.901133 -1.882078 1.827663 2.720649 3.197295 -0.426258 -1.052965 -1.761631 -0.225617 3.026386 -0.747859 -0.576427 1.541180 -0.633416 1.281631 -1.059891 -1.115002 -0.130434 -0.126127 1.368133 -0.163510 3.683600 -1.211527 -1.251798 0.138962 -0.042696 -0.744639 -0.592552 -1.655472 0.133563 0.055765 0.662618 -0.242013 
205.200516 -30.368555 9.543382 6.136317 -3.192369 -4.202603 3.185558 0.322344 0.509574 -1.241305 -1.790721 0.461516 -0.497417 9.494958 -1.645865 -1.630037 -0.196022 -0.638322 -0.837511 -0.989695 -2.395661 0.135513 0.192726 0.888025 -0.371095 1.582784 -0.448235 -1.242266 -1.084206 0.538314 -1.469147 0.408763 0.276136 0.349114 0.416188 -0.863975 0.262050 
207.757248 -20.800630 7.337010 1.740652 -4.293176 -3.158721 0.152642 0.741259 -1.594026 -0.155233 -0.667513 0.014418 -0.967808 6.191954 -1.644328 -3.060958 -0.627231 0.443213 -1.656663 -0.242364 -0.562731 0.567794 0.706248 -0.359817 0.360590 -4.002513 0.348164 0.363900 0.062446 0.168492 0.423768 0.410120 1.501971 0.010824 0.028282 -0.410169 0.528417 
208.968704 -17.984647 6.254726 0.014400 -4.446831 -3.316177 -0.127769 -0.162385 -0.615888 -0.105717 -0.378225 -0.258117 0.223762 1.489933 -0.949537 -0.902238 -0.071129 -0.301337 0.010025 -0.169455 0.608282 0.157161 0.249290 0.067688 0.685740 -3.467799 0.848068 1.760598 0.254500 -0.414018 0.992509 0.260448 0.404424 -0.193895 -0.294810 0.213506 -0.038549 
213.650208 -17.820765 5.437936 -0.063825 -4.435435 -3.761396 0.172692 0.402348 -0.377462 0.159090 -0.168934 0.149793 0.403672 -0.743645 0.051808 0.460238 -0.118231 -0.384822 0.328355 0.278531 0.246117 0.180005 0.116628 0.067196 0.283492 -1.347253 0.935557 0.822614 -0.129176 -0.164133 0.247563 -0.285730 0.058196 -0.272999 -0.165695 -0.112478 -0.150587 
217.418152 -19.471936 6.358342 0.934876 -4.683292 -4.085821 0.528942 0.394676 -0.123653 0.254293 -0.144968 -0.123726 0.790747 -1.204572 0.921576 0.742990 -0.329481 -0.629603 0.505152 -0.740915 0.724674 -0.388836 -0.082100 -0.157269 0.384565 0.182329 0.204783 -0.108299 -0.043661 -0.041284 -0.000664 -0.507805 0.175826 -0.308221 -0.105356 -0.043853 -0.046232 
221.067947 -20.229910 7.281089 1.422156 -5.094397 -5.020601 1.182997 -1.079482 1.071887 -0.618583 -0.333134 -0.164745 1.172802 -0.378987 0.461373 0.243640 -0.205552 -0.467390 0.327027 -0.737079 0.597770 -0.436438 -0.094083 -0.020509 0.191028 0.412793 -0.230101 -0.249675 0.061964 0.081106 -0.089062 0.001918 -0.063452 -0.023801 -0.005991 0.068380 -0.096769 
