291.619202 -37.310466 9.514420 1.550939 2.610982 -0.578868 -4.856828 -2.677386 0.725678 0.151761 -1.185639 -0.481882 -0.205255 1.967437 0.348092 -0.389070 0.583117 0.768631 -0.274374 -0.186055 0.012970 0.243366 0.082894 0.046668 -0.371395 0.078330 0.082874 -0.048549 -0.109848 0.125502 0.056975 -0.018724 0.184142 -0.056781 0.015171 -0.030399 -0.031020 
324.984680 -33.375592 10.210604 0.772798 3.777215 0.958394 -5.405576 -3.049496 0.751619 0.638492 -1.019851 -0.388546 -0.948045 2.124096 0.513840 -0.486169 0.363421 1.019635 -0.160425 -0.223504 0.381255 0.129804 0.113236 -0.014130 -0.433435 -0.778162 -0.208240 0.079578 -0.311398 -0.235133 0.251929 0.008460 0.103104 -0.241983 0.060226 0.006758 0.016842 
342.936523 -33.062274 10.542099 0.578600 3.337825 1.460402 -5.177677 -3.124394 1.488188 0.411370 -0.959167 -0.510142 -1.072124 0.411113 -0.068388 -0.229915 -0.039680 0.298366 0.229483 -0.169135 0.219177 -0.240600 0.203346 0.060185 -0.337712 -0.807865 -0.384639 0.207127 -0.021196 -0.599030 0.053030 -0.091576 -0.306475 -0.122157 -0.063631 0.109023 0.045527 
343.843842 -32.553366 10.073828 0.312968 3.697854 1.555125 -4.946610 -3.387765 1.189974 0.157293 -0.613159 -0.268176 -1.623468 0.508367 -0.255439 -0.071915 0.321030 -0.178424 -0.054365 -0.406657 -0.231694 -0.114510 -0.014026 0.203915 -0.342380 -0.410147 0.112634 0.292652 -0.040963 -0.220273 -0.202881 -0.018997 0.003604 0.088313 -0.251844 -0.043664 0.242405 
336.250977 -32.045540 10.031221 0.434770 3.979884 1.103554 -5.286407 -3.937707 1.024800 0.182350 -0.987219 -0.102312 -1.756884 -0.409180 0.156880 0.355390 -0.121607 -0.142180 -0.176279 -0.207129 0.226386 -0.063974 -0.300342 -0.027144 0.147098 -0.701513 0.163402 0.353963 -0.398202 0.145902 0.121377 0.044495 -0.080964 -0.066199 -0.067816 -0.165278 0.366776 
336.454071 -33.371727 10.387589 1.023747 3.454641 1.270766 -5.299168 -3.802023 1.642745 0.029346 -1.213844 -0.322464 -1.329273 -0.894659 0.071366 0.636012 -0.475374 0.113379 0.188389 -0.317667 -0.393622 -0.246907 -0.149657 -0.126640 0.391171 -0.184655 -0.084548 0.113675 0.300502 0.216161 0.387233 0.352006 -0.281263 0.137129 0.294263 0.143303 0.136136 
326.739960 -33.834859 10.173952 1.706794 3.029136 1.330312 -4.909628 -4.573040 0.237555 -0.311463 -1.286534 -0.355592 -0.974541 -0.778491 -0.012215 0.582740 0.479397 0.290142 0.598187 0.496882 -0.336141 0.210285 0.288183 0.259462 0.419369 0.148546 -0.214244 -0.419379 0.757082 0.028420 0.172724 0.786533 0.627442 0.343792 0.139052 0.190218 -0.010375 
302.949677 -34.928709 10.363158 2.189227 4.413435 1.851050 -4.102794 -2.808259 0.970463 0.449916 -0.637477 0.196460 -0.490534 -0.597568 -0.357123 -0.202746 1.038789 0.170219 0.533837 1.255400 0.861261 0.440677 0.128446 0.253796 0.370421 0.177643 -0.423510 -0.473283 0.053310 -0.193350 -0.083293 -0.057787 0.353374 0.119762 -0.210057 -0.214502 -0.109438 
275.091064 -35.029994 9.459706 1.301301 5.106713 1.670751 -3.841955 -2.062241 1.960076 0.569892 -1.029641 0.152001 -0.233699 -0.423206 -0.859235 -0.363825 0.586017 -0.096558 0.431601 0.381309 0.370606 0.449810 -0.131930 -0.169542 0.200494 0.839282 -0.307821 -0.324986 -0.150258 -0.175767 -0.127201 -0.270416 -0.898848 -0.464654 0.442764 0.224270 -0.366078 
259.895050 -35.775120 8.644688 1.461576 5.585469 1.657934 -3.239593 -2.045641 1.711675 1.349535 -0.901337 -0.142624 -0.089546 1.080997 -0.972765 -0.852718 0.738274 -0.181315 0.279434 0.714567 -0.936436 -0.488631 1.013974 0.702336 -0.361735 1.916831 -0.463984 -0.578439 0.184212 -0.099983 -0.104721 -0.084750 -0.718144 -0.485238 0.655262 0.424731 -0.699782 
245.773376 -32.868000 7.514176 -0.404135 6.583261 1.308121 -3.283086 -0.633106 0.087204 -0.407371 0.998306 1.556673 -0.957170 3.410456 -1.787204 -1.520703 0.954441 -0.296525 0.222159 0.211809 -1.065682 -0.520666 1.178594 0.679920 -1.199069 0.205068 -0.178649 0.081251 -0.247857 0.274520 0.173063 -0.614789 0.170368 0.385325 -0.412088 -0.371231 0.029666 
233.229904 -28.954208 5.070281 -1.579830 7.494351 1.064884 -2.795276 -1.622023 -0.419690 0.308204 1.455852 1.217216 -2.487685 1.491134 -1.330064 -0.690217 0.242560 0.367725 0.625559 -0.515010 -0.595701 0.282019 0.189798 -0.040125 -0.302403 -2.505583 0.834661 1.138744 -0.504612 0.404329 -0.028321 0.009145 0.437803 0.183172 -0.871697 -0.282329 1.089352 
224.789032 -29.885732 4.854049 -1.784568 7.068381 2.043571 -2.031968 -1.663127 -1.104198 0.156667 1.377902 1.476423 -1.561975 -1.600709 -0.117882 0.756784 -0.054783 0.512134 0.165517 0.230099 -0.190076 -0.154321 -0.564799 0.115261 0.979635 -1.782802 0.698657 1.311955 0.099114 -0.245564 -0.432194 0.396929 0.486279 -0.025799 -0.380608 -0.037697 0.437950 
216.664764 -32.155626 4.834517 -0.066263 7.384786 2.089152 -2.464243 -1.161826 -0.799842 -0.000439 0.326254 1.447737 -0.528415 -2.074471 0.067251 1.933694 0.440789 -0.123402 -0.238828 0.278848 0.376858 0.230421 -0.571417 -0.115519 0.573497 -0.468503 0.485705 0.528815 -0.117661 -0.323999 0.170135 0.098078 0.335701 0.079383 0.437806 -0.084149 -0.449090 
214.097351 -34.034674 4.988551 2.082819 7.949960 1.796768 -2.509624 -1.105431 -0.350483 0.617510 0.235069 1.245385 -0.414981 -2.537715 0.853527 1.814413 -0.290105 -0.135863 0.505786 0.426254 0.481327 0.004445 0.310812 -0.053037 0.081455 -0.779881 0.673469 0.164784 -1.009211 -0.135629 0.362144 0.198941 -0.092273 -0.496512 0.468114 -0.003576 -0.116825 
213.320465 -37.231055 6.541572 3.562563 6.804577 1.817425 -1.452671 -0.309318 0.162812 0.008452 0.947878 1.341663 -0.365506 -3.634232 1.414189 2.263262 -1.577633 -0.394660 0.485459 0.676729 0.192311 -0.762603 0.364811 -0.122670 0.339848 1.141832 0.246722 -0.541138 -0.463793 -0.791114 -0.567071 0.370935 -0.136100 -0.120135 -0.220870 -0.186424 0.093104 
216.332413 -41.303139 7.816929 6.609344 4.794694 1.007447 -1.538705 0.248026 0.034139 -0.907697 0.964691 1.000046 0.264714 -0.254052 1.346972 0.732136 -1.217692 -1.718091 -0.628357 1.168124 0.209127 -0.235824 -0.130927 -0.425885 0.267662 4.380162 -0.710957 -3.582983 0.539381 0.415580 -0.592027 0.184991 0.536883 0.532654 -0.776564 -0.352629 -0.060948 
223.499725 -37.739158 9.235515 5.026836 4.369193 -1.618756 -2.709385 2.026929 0.581066 -0.463197 0.686024 0.489893 0.169819 5.126093 -0.007726 -4.902703 -0.498872 0.436500 -0.698595 1.046711 1.266077 0.302706 -1.188317 -0.827928 0.217951 3.259077 -4.040798 -2.479041 -0.393007 1.885875 0.937899 -0.906129 -0.304015 0.293536 -0.377316 -0.102549 -0.396772 
229.311966 -31.050953 7.801478 -3.196062 3.796950 1.880447 -2.935895 2.341448 2.566294 -0.302286 -1.411943 -0.655810 0.700616 6.264103 -6.734625 -4.225945 -2.003706 2.053659 1.247441 -0.644133 -0.398903 0.351247 -0.885560 -0.630983 -0.525881 -0.699198 -5.028837 1.769017 -0.587722 -0.088973 1.261975 -0.896209 -1.414933 -0.168693 0.694770 0.529623 -0.439868 
227.535583 -25.210952 -4.233734 -3.425054 0.361781 2.488562 -0.214502 0.738662 -0.216740 0.239297 -1.085096 -0.772073 -0.881943 3.727697 -10.065399 -1.364669 -1.674316 0.258554 1.825355 -0.745708 -1.563789 -0.034681 0.201224 0.231317 -0.661786 -3.306780 0.648717 1.221073 0.817589 -0.955055 -0.359074 0.257265 0.261589 -0.165738 0.561286 0.385690 0.298862 
0.000000 -23.595560 -12.329321 -5.925401 0.448319 2.397555 0.714816 0.850031 -0.561284 -0.371647 -1.009496 -0.193177 -0.622956 -0.349457 -5.437191 -1.783800 -0.368527 0.143550 0.529294 -0.129604 0.124274 0.019771 0.237012 0.140397 0.071844 -2.073749 6.813219 1.696703 1.275337 -0.173338 -0.900606 0.029432 0.528267 -0.180057 -0.253511 -0.449634 0.387767 
0.000000 -25.909865 -15.108116 -6.992654 -0.375273 2.775662 0.844086 0.479454 0.031809 0.278839 -0.611072 -0.491278 -0.738256 -0.419801 3.561038 2.028737 0.876357 -0.088121 0.024143 -0.686845 -0.507256 -0.394794 -0.305798 -0.667952 0.113748 0.729662 7.729634 2.728724 0.681915 -0.890483 -0.557349 -0.097380 -0.092489 -0.524779 -0.427561 -0.124620 -0.088131 
0.000000 -24.435161 -5.207245 -1.867926 2.201033 2.221313 0.763102 -0.523658 -1.575796 -1.161235 -1.621091 -1.529081 -0.395460 1.109868 10.022076 3.673649 0.995303 -1.637416 -0.585404 -0.324364 -0.060704 -1.029787 -0.618111 -0.108843 -0.104419 -0.271447 0.559523 -0.902723 -0.054277 -0.653927 -0.165087 0.472096 0.745772 0.629942 0.110344 0.718296 0.051384 
325.822144 -23.690130 4.936037 0.354643 1.615332 -0.499171 -0.326723 -0.169274 -0.089599 -1.780736 -1.847295 -0.708964 -0.947093 -0.962694 4.680084 0.223291 0.767804 -1.395974 -0.306031 0.257347 0.984289 0.865091 -0.085110 0.768640 0.216517 -2.150004 -5.246500 -2.596231 0.834230 1.259740 0.537729 -0.437475 -0.131307 1.224056 0.244617 0.562209 0.274347 
331.449646 -26.360549 4.152922 -1.421345 3.736642 -0.570636 0.151040 -0.008965 0.392781 0.568947 -1.791312 0.008200 0.037573 -3.190140 -0.470923 -1.518814 2.663762 0.882064 0.490055 -1.199314 -0.323317 1.418325 -0.128877 1.015576 0.444275 0.802578 -1.398625 -0.380513 -0.468880 0.452802 -0.016775 -0.682971 -0.480100 -0.507645 0.163372 -0.536754 -0.421261 
321.692291 -30.070411 3.994191 -2.682986 6.942856 1.264958 0.653386 -2.567901 -0.736233 1.055914 -2.105048 1.322188 -0.058544 0.642462 1.882833 -0.537735 -0.169956 -0.490369 -0.339581 -1.108595 0.024089 -0.150199 0.241634 -0.304869 -0.626005 2.077636 1.440500 1.136985 -2.566143 -1.371449 -0.457741 0.902872 0.429008 -0.570174 0.363131 -0.946249 -0.404250 
305.356537 -25.075625 7.918589 -2.496814 3.396730 -1.551375 -0.528123 -2.226154 0.440960 0.268548 -1.308044 -0.601538 -1.214436 0.965132 2.410076 0.755155 -2.468524 -1.860833 -0.425426 0.606431 0.534699 0.277977 0.597385 -0.876921 -0.364226 -4.922933 -3.797784 -0.092219 -0.290787 0.153232 0.390760 1.029293 -0.550455 0.655339 0.275229 0.134096 0.447722 
283.600922 -28.140147 8.814343 -1.172676 2.005807 -2.456709 -0.197467 -1.355038 0.333165 1.611868 -0.910279 -0.431655 -0.786995 -9.203404 -5.712735 -0.722172 -0.751531 -0.183905 0.441939 0.949991 -1.076820 1.160478 0.792092 -0.036677 0.269438 -2.897477 -4.101443 -0.463693 1.714440 1.776811 0.410786 -0.570073 -1.262688 -0.392113 -0.002220 0.489828 0.363533 
248.656235 -43.482433 -3.506881 -3.941159 1.893668 -1.919185 0.355755 -0.326172 -1.712680 2.589504 0.276140 -0.674892 -0.675560 -4.829822 -5.792810 -0.172232 0.960355 1.692788 0.396145 -0.533714 -1.990676 -0.506249 0.592945 0.102735 0.362840 7.137603 4.892186 2.707136 1.113916 0.546509 -0.488897 -0.978857 0.346395 -1.182797 -0.369246 0.030483 0.095409 
218.399689 -37.799791 -2.771277 -1.517139 3.926516 0.928868 0.594824 -2.422466 -3.648188 0.599371 0.275612 -0.226184 -0.061315 5.071802 4.071638 4.692100 1.476302 0.909113 -0.535854 -1.007723 -0.384030 -1.205115 0.053599 0.024290 0.460257 2.137186 5.291768 2.231380 -0.306785 -1.451564 -0.608183 0.434123 1.427938 0.201713 -0.409621 -0.003843 -0.120982 
213.434952 -33.338829 4.636396 5.443041 4.846272 -0.100958 -0.715953 -2.341619 -2.480741 0.179274 0.383339 -0.626313 0.244955 -0.555450 4.790726 4.290529 0.346785 -1.210341 -0.820220 0.334531 0.865200 -0.102822 -0.226297 0.095048 0.120877 -5.525978 -2.827034 -3.460840 -0.702269 -0.258037 0.422363 1.107818 0.557913 0.661425 0.075567 0.055184 -0.331536 
215.529602 -38.910691 6.810174 7.063918 4.620086 -1.491814 -1.045616 -1.753403 -1.917789 0.393727 -0.176981 -0.036087 0.180438 -5.980155 -1.582430 -2.229580 0.071765 0.393039 0.308871 1.207912 0.731795 0.117734 0.204733 0.134658 -0.202815 -0.224514 -3.836820 -4.898773 0.031266 1.292037 1.076977 0.494564 -0.106571 0.031719 -0.025223 -0.255567 -0.183280 
209.821869 -45.299138 1.471536 0.983881 4.989801 0.685119 -0.098211 0.074205 -1.017150 0.414742 0.792805 -0.356996 -0.160675 -1.004478 -2.882914 -5.507017 0.409317 1.373734 1.333734 1.323659 0.652057 -0.039384 -0.276743 -0.416085 -0.245683 6.113840 1.943038 0.226775 0.811558 0.513971 -0.240961 -0.705628 -0.271040 -0.247284 -0.519542 0.052028 0.106963 
225.328705 -40.919647 1.044346 -3.950117 5.438721 1.255655 1.621851 0.893914 -0.613675 0.314960 -0.730467 -0.868256 -0.310927 6.247525 2.303647 -1.776029 1.694880 1.420981 -0.173050 -0.203344 0.189715 -0.376833 -0.834350 0.238715 0.011111 4.149548 2.205173 3.138035 0.398534 -0.399889 -1.596054 -0.958366 -0.168323 -0.124140 -0.123076 0.694757 0.068072 
269.521179 -32.804089 6.078829 -2.568177 8.379561 3.527081 -0.444312 -0.332482 -0.637719 -0.338924 -0.875895 0.120434 -0.138453 7.294618 1.527432 0.769052 1.206386 0.573956 -1.858375 -0.593074 0.315412 -0.287664 -0.522896 0.973428 -0.109540 -1.731464 -2.209472 1.407516 -1.097199 -1.381772 -0.055713 0.157272 -0.080360 0.121832 0.279720 -0.130408 -0.301704 
278.069397 -26.330411 4.099210 -2.412013 7.851492 2.403567 -2.094899 -0.292234 0.017148 -0.260368 -1.776258 1.078601 -0.530006 2.784597 -2.115297 1.039002 -0.499519 -1.342563 -0.284476 0.111200 0.028995 -0.133169 -0.274910 -0.022101 -0.592297 -3.774911 -1.613976 -0.057278 -0.497169 -1.369271 1.252294 0.107000 -0.365754 -0.202698 0.262346 -0.961021 -0.340898 
283.257904 -27.234894 1.848235 -0.490174 7.380523 0.841954 -1.013265 -0.110081 -0.579730 -0.605261 -1.425714 0.076231 -1.323047 -0.255204 -1.700519 0.654495 0.212048 -2.164586 0.646213 -0.379075 -0.416096 -0.693060 0.001797 -0.948614 -0.791335 -1.463011 0.926819 -0.603270 0.417904 0.116609 0.222390 -0.178316 -0.274897 -0.270998 0.135771 -0.053395 0.329581 
296.212982 -26.840820 0.698171 -1.103024 8.275589 -1.925605 -0.802473 -1.050383 -0.815045 -1.646488 -1.772664 -0.818627 -2.112675 -0.141424 -0.261658 -0.167538 0.336290 -1.109345 0.160304 -0.245431 -0.520800 -0.675166 -0.003368 -0.128891 0.066865 -0.423715 0.527681 -0.506140 0.007559 1.727229 -0.064002 0.086994 -0.175259 0.575524 0.386498 0.357835 0.784493 
304.819000 -27.517742 1.324918 -0.825249 8.053103 -1.376736 -0.692658 -0.600944 -1.621330 -1.955593 -1.432451 -0.181551 -1.189316 -1.102635 -0.645157 -0.357785 0.227167 1.289871 0.518209 -0.205087 -0.766615 0.457987 0.774793 -0.232943 0.777652 0.355707 -2.273197 -0.209911 -0.605351 1.771484 0.379585 0.315328 0.133063 0.443025 0.544379 -0.049256 0.021982 
300.801086 -29.046089 -0.592143 -1.818593 8.729923 0.654138 0.233945 -1.460557 -2.348274 -0.730514 -0.223078 -1.284513 -0.557372 0.569990 -4.808053 -0.587359 -0.874413 2.433623 0.919473 0.385225 -0.254674 0.210884 1.085391 -0.227403 0.110829 -0.039628 -2.934735 -0.476402 -1.214928 -0.225127 -0.151571 0.726031 0.740642 -0.270959 -0.108730 0.298693 -0.366572 
288.792023 -26.377762 -8.291188 -1.999967 6.304278 3.490510 1.146288 0.169507 -2.130679 -1.533825 0.738330 -0.636356 -0.967657 -1.181891 -6.514628 -1.310588 -2.202690 0.839617 0.215068 1.246975 0.714669 -0.083930 0.557333 0.364443 0.044508 -1.620350 1.539124 0.015975 -0.496485 -1.679876 -0.557575 -0.227303 0.376371 -0.019569 -0.719515 0.136010 0.197425 
0.000000 -31.409872 -13.621399 -4.439769 4.324544 2.333373 0.664081 1.033392 -0.918936 -0.898374 0.891589 -0.555627 -0.468356 -2.670711 -1.729805 -0.555408 -1.867382 -0.926130 -0.195676 -0.069381 0.498067 0.171745 -0.353640 0.044616 0.505679 1.809396 7.373266 2.603826 0.965568 -1.151373 -0.711028 -1.142565 -0.621567 -0.111853 -0.637915 -0.371098 0.016532 
0.000000 -31.719184 -11.750798 -3.110783 2.569514 1.638249 0.754935 0.030745 -1.134545 -1.190335 0.031050 -0.547123 0.043702 2.436901 8.231905 3.897064 -0.271555 -1.463128 -1.206988 -1.038155 -0.528465 -0.307637 -0.718497 -0.377753 0.077572 1.933829 6.079328 1.715624 0.989227 -0.455029 -0.390078 -0.355824 -0.216718 -0.018494 0.431344 -0.145973 -0.387785 
307.963654 -26.536070 2.842410 3.354359 3.781435 -0.592884 -1.749895 -1.042918 -1.975865 -1.513647 -0.545405 -1.311133 -0.313211 1.196948 10.428851 2.875840 0.111071 -1.836188 -0.975832 -0.781028 0.064631 0.134757 0.509048 -0.247329 -0.269891 -2.585811 -2.322899 -2.474182 -0.487158 0.958233 1.271278 -0.001763 0.740178 0.635463 0.535687 0.022180 -0.106632 
298.306885 -29.325288 9.106904 2.640896 2.791656 -2.034126 -1.196729 -1.531312 -1.005283 -0.920820 1.049147 -1.041780 -0.496081 -2.734722 3.586107 -1.051300 -1.245871 0.453338 1.335568 -1.041681 0.951892 0.963290 0.352876 -0.333393 -0.135691 -1.117188 -5.183970 -1.736401 -1.440108 1.353894 1.315698 -0.237724 0.367743 -0.227525 -0.540493 -0.421399 0.163009 
288.734802 -32.005515 10.014625 1.251759 1.289694 0.313792 0.921241 -3.126279 -0.072081 0.412933 0.160348 -1.977918 -0.584594 -1.037429 0.060910 -0.596962 -2.769145 0.871600 1.655564 -1.256476 0.800116 -0.320293 -0.571938 -1.090126 0.056127 1.614819 -1.788559 0.687511 -0.488679 -0.359257 -0.691431 0.084596 -0.296547 -1.038370 -0.196675 -0.102174 -0.008854 
293.132721 -31.400146 9.228724 1.446972 -2.746634 -0.290925 2.114400 -4.044265 0.594950 -1.561406 -0.094729 -3.222032 -0.383826 0.494917 0.008990 0.323722 -2.223228 -0.265177 -0.047294 -0.872488 0.358797 -1.113450 -0.040474 -0.537740 -0.153399 0.994260 0.037537 0.298717 1.939755 -0.224912 -1.343236 0.878462 -0.042860 0.212353 0.468375 0.724806 -0.274811 
305.023621 -31.015681 10.032604 1.899203 -3.156763 -0.216563 0.826652 -4.871256 0.645514 -1.813968 0.079399 -3.053399 -0.891392 0.951092 0.135984 0.000472 1.110364 0.421776 -1.030907 0.500448 0.714397 0.104413 0.364812 0.359485 -0.493494 -0.534405 -0.351447 0.083346 2.003902 0.352560 0.236252 1.357152 -0.122133 0.819311 0.206241 0.414334 0.003060 
300.054321 -29.497962 9.500691 1.447915 -0.525906 0.552626 0.052586 -3.043368 2.023743 -1.352579 0.634895 -2.503062 -1.370815 -0.573893 -0.693904 0.490414 1.784576 0.439943 0.425209 1.841815 0.114532 0.525172 0.372008 0.290927 -0.147279 -0.113769 -0.331063 -0.455312 0.275964 -0.094771 1.194625 0.466794 -1.101462 -0.126854 -0.046894 -0.004546 0.482333 
287.982422 -32.163468 8.644797 2.880032 0.412389 0.663323 1.677071 -1.187626 0.874577 -0.763624 0.823416 -2.471544 -1.185950 0.723554 -0.526143 -0.910153 1.662291 0.232233 1.358343 1.434036 -1.488528 -0.149295 0.271024 0.350392 0.471173 1.211591 0.285933 -1.850032 0.522960 0.794352 -0.283376 -1.009487 -0.608560 -0.143284 -0.092333 0.114465 0.205879 
282.454102 -28.050855 8.448406 -0.372390 2.798677 1.017093 2.769273 -0.175295 -0.953313 -1.651170 1.176943 -1.802278 -0.428469 1.849290 -0.122038 -3.209649 2.830496 2.028648 -0.141542 -0.177159 -1.102588 0.238603 0.187343 0.519857 0.264478 -0.713970 0.137344 -0.460588 0.557811 1.007260 -1.484145 -1.044176 0.625940 0.643803 -0.435105 0.014506 -0.268928 
275.193451 -28.464888 8.400720 -3.539266 6.073381 4.720620 1.393986 -1.541945 -1.330599 -0.286418 1.198102 -1.431831 -0.656994 -0.704386 -0.251454 -1.831330 2.777912 2.246754 -1.609947 -0.654315 -0.236648 1.138311 -0.599186 0.379403 -0.066684 -1.047265 -0.030370 1.173037 -1.053557 -0.741784 -0.181477 0.218236 0.571046 -0.345563 -0.474381 -0.039635 0.075478 
266.161835 -29.459627 7.945497 -4.035049 8.354501 5.510602 -0.450620 -1.483925 -1.426608 0.625453 -0.021430 -1.043472 -0.561837 -0.245241 -0.182779 -0.863575 0.723383 0.545080 -0.504497 0.259312 0.039503 -0.452522 -0.761419 0.440586 0.415434 0.377950 0.353735 0.461232 -1.849309 -0.974560 1.322977 0.247020 -0.022391 -1.023356 0.336720 0.090429 0.190091 
255.947662 -28.955370 8.035163 -5.266416 7.520148 5.810780 0.384992 -1.023321 -1.251592 -1.191463 -0.324736 -0.550658 0.173874 0.051514 0.456016 -0.908866 -0.920705 0.297635 1.036007 -0.160274 -0.281429 -0.908400 0.074255 0.560260 0.313497 0.088899 0.275566 0.241391 -0.878057 -0.228957 0.491920 -0.329586 -0.169271 0.047339 0.808307 0.103160 -0.538450 
248.596695 -29.356600 8.857529 -5.852781 6.513092 6.105872 1.621394 -1.804473 -1.989466 -1.191347 0.127080 0.077049 0.065158 -0.067442 0.368354 -0.380794 -1.032731 0.087166 0.479343 -0.399859 -0.299039 -0.357844 0.855194 0.646907 -0.661467 0.422205 -0.598227 0.521841 0.321613 -0.284631 -0.417341 -0.027725 0.191963 0.310950 0.224926 -0.435924 -0.232366 
247.280029 -29.090254 8.771872 -6.028004 5.454686 5.985112 1.343678 -1.823039 -1.849670 -1.907152 1.385653 0.743156 -1.149060 0.895924 -0.740438 0.134816 -0.277478 -0.271627 0.201326 -0.215725 0.102497 -0.286500 0.524106 -0.311588 -0.151235 0.431490 -0.533331 0.314423 0.701425 -0.163855 0.233637 0.088954 0.089684 0.338364 -0.650244 -0.648834 0.611308 
251.694397 -27.564752 7.376654 -5.583149 5.958135 5.562618 2.024045 -2.235923 -1.784471 -1.764348 1.175292 -0.546128 -0.237312 0.795538 -0.698309 0.248053 0.370119 -0.240544 0.946616 -0.221951 -0.119672 0.318883 -0.445293 -0.650761 0.561148 -1.981681 0.068874 0.395709 0.156804 0.165562 0.286457 0.407136 -0.057683 0.599907 -0.399826 0.152799 -0.015432 
253.255890 -27.499178 7.375255 -5.531898 6.194925 5.504025 3.236910 -2.266941 -2.089013 -1.269387 0.495067 -0.558367 -0.026763 -3.067439 -0.602689 0.926234 0.036129 0.059497 0.774240 0.598546 -0.012868 0.913313 -0.275547 -0.005990 -0.182098 -3.386599 -0.141432 1.525837 0.440900 -0.092967 -1.124077 0.873540 0.401547 -0.058277 0.229823 0.245737 -0.657042 
248.811462 -33.699630 6.171275 -3.730681 6.030393 5.681613 3.572525 -1.038830 -1.810208 0.062277 0.624198 -0.558109 -0.601509 -5.977660 -0.981173 3.299727 1.251920 -0.426477 -1.301538 1.525130 0.683422 0.202329 0.014353 -0.159287 -0.752936 1.912324 0.066048 0.219327 0.632801 -0.278828 -0.980243 -0.463566 0.181216 -0.401686 -0.061533 0.092960 -0.153591 
246.960648 -39.454499 5.412908 1.067555 8.698765 4.651071 0.633834 0.783318 -0.722168 -0.864729 0.523774 -0.876942 -1.532635 0.757209 -0.470593 1.364888 1.301731 -0.498158 -1.186246 -0.328586 0.349564 0.109940 -0.398612 0.179931 -0.489280 4.806152 0.444882 -2.166978 -0.642187 0.221795 0.792319 -1.382395 -0.438939 0.185557 -0.181377 0.249317 0.364610 
250.787064 -32.185212 5.230089 -1.000905 8.633855 4.685297 1.200033 -1.696002 -1.111080 0.282156 -0.173026 -0.198247 -1.580069 3.634643 -0.091409 -1.034230 -0.032455 0.017113 0.283100 -1.239660 -0.194456 0.573443 -0.348400 0.339347 -0.023717 1.438717 0.189592 -1.199559 -0.667093 0.257635 0.734673 -0.455537 -0.272010 0.231752 0.025106 0.079708 0.232782 
