217.639694 -18.768299 7.426298 -4.485911 2.756865 -1.737130 -0.644878 -1.666948 -0.918199 0.516349 -0.767731 0.301209 -0.482998 -2.042493 0.203074 -0.319560 0.403239 0.351393 0.395510 0.308453 0.441943 -0.312856 0.384649 0.288681 0.071528 -0.161661 0.394853 -0.570234 0.112914 -0.072152 -0.042386 0.716279 -0.196385 0.192264 -0.018326 0.003261 0.236132 
214.360718 -22.853284 7.832445 -5.125030 3.563342 -1.034344 0.146141 -1.050042 -0.034313 -0.109362 0.001567 0.878572 -0.339943 -2.365815 0.992780 -1.460027 0.629066 0.207090 0.310737 1.741011 0.049173 0.071673 0.347998 0.295202 0.543791 -0.272525 0.290380 -0.641086 -0.446688 -0.259450 -0.039344 0.703348 -0.499093 0.517441 0.063756 -0.140637 0.326016 
210.388321 -23.499928 9.411858 -7.405965 4.014997 -1.322951 -0.023404 1.815074 -0.819853 0.659695 -0.071736 0.891614 0.604584 -2.587543 0.783834 -1.601732 -0.490137 -0.167508 0.316822 1.715150 -0.556243 0.722027 0.512161 0.007408 0.723560 -1.682259 -1.825162 2.266288 -1.307112 0.183872 0.191160 -0.832017 -0.081195 -0.117884 0.102473 -0.218104 -0.393380 
207.801804 -28.028369 9.400113 -8.328494 2.583068 -1.369360 0.779786 2.380258 -1.146800 1.334692 1.025889 0.893387 1.107178 -5.730332 -2.657543 3.072548 -1.985158 0.574833 0.693058 0.076977 -0.113216 -0.164096 0.552943 -0.141006 -0.242969 1.110845 -2.212632 3.471801 -0.362574 -0.092045 0.181574 -1.136723 0.302588 -0.322060 -0.448167 -0.236546 -0.639312 
210.794342 -34.960593 4.096771 -1.260870 0.044682 -0.173284 1.362711 1.969028 -1.046286 0.331504 1.034151 0.609602 0.118646 -0.365852 -3.641429 5.341871 -1.215285 -0.351597 0.679970 -0.558296 0.048932 0.077907 -0.384173 -0.465685 -0.555063 5.930282 2.532888 -1.658958 0.626142 -1.348128 -0.466386 0.000907 -0.092396 -0.296784 -0.249660 0.016998 0.044847 
241.255020 -28.760072 2.117255 2.355248 0.152497 -2.072554 2.139725 1.263665 -1.048935 1.490505 0.257543 -0.037983 -0.002948 6.130231 2.408233 -0.245369 -0.732875 -2.121423 -0.239714 0.078791 -0.298008 -0.757664 0.053623 -0.107010 -0.153275 2.265076 3.294726 -3.726630 0.206414 -0.666491 -0.859854 0.614139 -0.104993 -0.511862 0.535397 0.142043 0.188687 
250.648239 -22.700130 8.913238 -1.751608 -1.421068 -4.416130 0.883283 2.126609 -1.642301 -1.183825 1.141397 0.395583 -0.187903 4.164301 2.948022 -2.111389 -0.802457 -1.684579 -1.039739 0.669982 -0.161053 -0.945817 0.686622 -0.181598 -0.177690 -3.298458 -1.916542 0.337146 0.390567 1.593453 0.059743 -0.295141 0.643750 1.069841 -0.155834 0.154241 0.196513 
109.240654 -20.431470 8.013300 -1.867529 -1.452416 -5.441712 0.060247 2.603628 -1.371041 -0.401129 1.630788 -0.401180 -0.358327 -0.466684 -1.424851 0.428924 0.048260 1.065483 -0.120228 -0.511490 0.989493 1.382017 -0.258044 0.201473 0.239752 -3.139652 -1.371570 0.639646 0.527321 2.001671 0.717473 -0.635981 0.403077 0.964552 -0.707835 0.179201 0.288824 
219.303436 -23.633498 6.063535 -0.893760 -1.324548 -2.285164 0.642827 1.103629 0.336684 1.580210 0.625309 0.798528 0.291601 -2.115003 0.204883 -0.832097 0.252185 2.318762 0.395206 -0.601980 0.645102 0.983288 -0.729048 0.176804 0.399958 1.270532 1.227159 -2.152541 1.318789 -0.206470 -0.615941 0.231925 -0.619315 -0.891397 -0.006974 -0.275265 -0.172353 
224.459015 -24.661477 8.423066 -3.531724 -0.948046 -0.804187 0.850660 1.399668 -0.080838 1.565447 0.172692 -0.047572 0.441589 2.074379 1.029467 -3.876159 2.685838 0.652543 -1.352109 -0.047641 -0.249138 -0.400776 -0.271993 -0.349057 -0.104954 2.818447 -0.777988 -0.588041 1.524519 -1.611033 -1.125018 0.143031 -0.106555 -0.897800 0.214793 -0.047068 -0.096596 
227.946793 -19.484740 8.122468 -8.646078 4.047128 -0.980077 -2.061391 1.008348 -0.161591 0.778659 0.081323 0.100415 0.081694 3.521890 -1.351093 -2.008179 3.301224 -0.903303 -1.854829 -0.315918 0.431992 -0.812311 -0.299462 0.082668 0.206766 -0.088472 -1.287312 2.421937 -0.742546 -0.840691 0.606712 -0.414227 0.717000 -0.146378 0.007649 -0.028487 0.216434 
231.492172 -17.617696 5.720879 -7.548082 5.654402 -2.610792 -2.858999 0.767833 0.783146 -0.059176 -0.426232 0.117763 0.855121 1.897435 -1.545158 0.967716 1.200746 -1.028839 -0.138685 -0.876095 1.184863 -0.693532 -0.256694 -0.406031 0.327915 -0.099142 -0.246421 1.765307 -1.749479 0.248139 1.358548 -0.735199 0.214301 0.228604 0.280829 -0.409923 -0.298595 
229.251556 -15.689869 5.032153 -6.710646 6.448620 -3.037755 -2.338762 -0.743842 2.208135 -0.608406 -0.432065 -0.711647 0.737524 3.323607 -1.843936 1.522435 -0.197734 -0.407025 0.862267 -1.786315 0.860593 -0.355104 0.262196 -0.737178 -0.390424 -0.280183 0.628356 -0.293922 -0.969744 0.488808 0.332784 -0.120466 -0.698138 0.596394 0.429193 0.068833 -0.559259 
225.094421 -10.970483 2.033007 -4.503211 5.258933 -3.424843 -1.134464 -2.804798 2.504333 -0.769384 0.098160 -1.356594 0.074273 1.337070 -0.288446 0.379872 -0.738741 -0.051222 0.526882 -1.117027 -0.211412 0.499255 0.601692 -0.268364 -0.790603 -3.742808 2.188852 -1.018418 -0.790964 1.164268 -0.774895 1.455893 -1.122515 0.612246 -0.050166 0.708013 -0.075291 
216.916504 -13.015730 4.455260 -5.950902 4.971137 -3.140199 -1.284998 -2.977896 1.785310 0.390104 0.771320 -1.248375 -0.843682 -4.162010 2.533768 -0.514401 -1.779662 1.921510 -0.687523 1.125471 -1.384437 0.869388 0.161863 0.678848 -0.541006 -4.665905 0.319009 1.065917 -0.667013 1.410597 0.085546 1.391930 -0.417825 -0.157423 -0.570573 0.862963 0.827820 
206.476837 -19.294502 7.100542 -5.532014 1.699610 0.418177 -2.509510 -0.553857 -0.264541 0.969392 0.421887 0.001103 -1.007739 -7.994740 0.349572 2.511706 -2.072768 2.769972 0.697975 1.666833 -1.047063 0.184410 -0.539453 1.457563 0.865038 -3.476733 -1.345903 1.291861 0.897450 -0.352075 0.861273 -0.387124 0.862080 -0.569477 0.010629 -0.276056 0.703152 
200.743698 -29.005210 5.154405 -0.927489 0.825601 2.399745 0.110951 0.355770 -0.308816 0.758923 -0.307587 1.666750 0.886394 -11.115476 -0.158038 2.069322 0.015238 1.217359 1.035023 0.351222 0.339722 -0.269565 0.183121 0.126736 0.865298 2.629950 0.453698 -2.735913 1.569765 -0.854015 -0.224122 -0.862682 0.270798 -0.218091 0.670887 -0.963829 -0.612939 
192.549667 -41.525454 6.784466 -1.393371 1.730086 2.852896 -0.439463 0.148587 0.414904 0.430262 0.788129 0.254574 0.722857 -2.734841 1.256969 -2.960120 1.066763 1.061942 0.249730 -0.058532 -0.505467 -0.251773 0.802321 -0.470096 -0.360839 8.418748 0.786502 -2.210907 0.024424 -0.849389 -0.429020 0.055956 -0.550821 0.080276 -0.348868 -0.082007 -0.572274 
198.170212 -34.474892 7.668342 -6.847730 2.959127 4.523628 0.610412 0.238706 -1.319750 0.255378 1.297056 0.726559 0.164715 5.722021 1.414966 -2.352492 0.064087 -0.481419 0.176982 0.463133 -0.761920 -0.109013 -0.514616 -0.037278 -0.279249 0.718368 -0.238309 2.121153 -1.508243 -1.778244 -0.062152 0.585372 0.715990 -0.085207 -1.182620 -0.384356 0.170015 
195.325180 -30.081412 9.614397 -6.098354 1.858259 1.890058 -0.085499 1.074853 -1.108936 0.212236 -0.241103 0.180019 0.164359 -1.298105 0.780350 1.282185 -1.949724 -2.494547 0.125426 1.112212 0.926512 -0.422188 -1.562920 -1.238809 -0.020809 -4.086292 -0.398345 2.197590 -0.624711 -1.310472 -0.592376 0.559377 1.381160 0.238355 0.215447 -0.224800 0.312245 
194.493912 -37.071102 9.229043 -4.283360 -0.940321 -0.465466 0.861265 2.463130 0.533274 -0.588998 -1.828783 -1.751058 0.123096 -2.450562 0.618275 2.042689 -1.185335 -3.102363 -1.007769 1.581887 2.000400 0.367696 -0.083722 -0.486877 0.345241 4.472181 -0.021925 -0.127498 1.722370 -0.044738 -1.099513 -0.146589 -0.307317 0.271343 1.281022 1.098692 0.171155 
203.573944 -34.982536 10.850948 -2.012977 -0.512411 -4.314667 -2.101037 4.238627 2.891865 0.947628 -0.408548 -0.793734 0.854841 7.646256 0.736500 1.027189 1.495016 -2.584023 -2.073600 0.819035 0.311879 0.120498 0.999125 0.958576 0.321500 4.220806 -0.716272 -0.227453 0.975716 1.194026 0.284668 -1.194516 -1.667406 -0.560272 0.228419 0.429708 -0.360908 
212.701965 -21.778590 10.702044 -2.228982 2.049712 -5.633512 -3.285935 4.101200 1.157031 -0.348002 0.169466 0.166094 0.766096 5.991049 -0.814269 1.587784 0.766098 -0.714311 -0.438432 -0.807145 -1.334413 -0.752848 0.373115 0.372540 -0.376575 -5.620937 -2.141244 0.453611 -1.807380 1.693608 1.670381 -1.528427 -0.776029 0.038936 -0.493082 -0.596645 -0.497168 
217.402130 -23.000438 9.222409 1.162590 1.019785 -5.743290 -2.977901 2.624336 0.223039 -0.558067 0.337683 -0.048654 0.101691 -3.595617 -3.545987 1.934411 -2.119745 0.803194 1.267161 -2.237819 -1.240179 0.198369 0.012960 -0.234715 -0.672835 -4.816586 -2.816054 -1.144382 -0.860215 1.225741 0.773285 -0.687016 0.186171 0.705969 -0.253113 -0.289734 0.022575 
231.956696 -28.969824 3.610069 1.639839 -2.189777 -4.027125 -0.751613 -0.374438 -1.323327 0.048736 0.195386 -0.303336 -0.579575 -3.642123 -6.446377 -0.700980 -0.954331 1.737170 1.108138 -2.181177 -0.962070 0.659090 -0.133111 -0.206928 -0.331425 1.540816 1.213360 -1.341362 1.582387 0.353265 -0.035517 1.444262 0.551780 -0.129797 0.036010 0.149892 0.375084 
224.066772 -30.284684 -3.670345 -0.239369 -0.888878 -2.268951 -0.761625 -1.738018 -1.701101 0.760113 0.071462 -0.462510 -0.561158 -0.513986 -1.119267 -0.748313 1.045030 1.509723 1.196128 0.650705 -0.136619 -0.061224 0.084980 0.065069 0.077332 3.661791 5.743007 0.471973 0.155752 -0.806888 0.175363 1.807055 0.291323 -0.401336 0.208205 0.085853 0.319414 
247.032562 -29.997796 1.371535 0.143212 -0.099717 -1.007678 1.640642 0.926972 -1.596566 -0.073711 0.365347 -0.173198 -0.424912 3.681459 5.039637 0.242965 -0.642827 0.123394 1.458864 1.432933 -0.379423 -0.143582 0.283299 -0.035222 0.307404 1.171678 2.144076 0.278580 -1.362120 -0.602834 -0.403034 -0.417271 0.287380 0.315243 -0.006352 0.010720 0.202706 
273.484222 -22.921765 6.408929 0.246562 -2.174532 -2.022163 2.156103 1.127849 -2.459947 0.472949 0.638060 -0.532953 0.053649 1.829370 3.168885 -0.191154 -1.679211 0.304055 0.390060 -0.183837 0.438141 0.569262 0.072275 0.086509 0.482744 -3.887320 -2.861061 0.460825 0.112826 0.269596 -0.621720 -0.784210 0.875546 0.124725 -0.381097 0.125614 -0.198740 
223.038254 -26.339056 7.709305 -0.239097 -3.458138 -0.399568 2.420762 0.559297 -0.720284 1.064813 0.509897 -0.000179 0.540575 -4.093181 -0.682485 1.164615 -0.417175 0.662586 0.215424 -0.135487 1.371670 0.105867 -0.478895 0.216007 -0.090076 -1.629800 -2.305028 0.675846 1.512231 -0.672034 -0.578893 0.423435 -0.275567 -0.610644 -0.058653 -0.089602 -0.557921 
225.413467 -31.108127 5.043958 2.575792 -3.008881 -0.696991 2.586950 0.856875 0.283393 0.684684 -0.319730 -0.100939 -0.126504 -1.430230 -1.441172 1.160537 1.345251 -1.040014 -0.767726 0.663033 -0.112993 -0.652026 -0.045031 -0.092694 -0.633098 5.893169 0.776116 -2.057584 1.354122 -1.124382 -0.480187 -0.011629 -1.438279 0.027464 0.334883 0.007173 0.059140 
231.085632 -29.199515 4.826961 2.081977 -0.767637 -2.479597 0.885311 1.885363 -0.946270 -0.239240 0.419835 -0.185568 -0.725620 7.693156 0.869746 -2.950553 2.291069 -1.586178 -0.744950 -0.158745 -1.504889 0.160795 0.190871 0.230354 0.028203 4.904927 0.912459 -2.273853 -0.095916 0.150079 0.303232 -0.834567 -0.375078 0.607744 -0.079821 0.308746 0.542811 
259.063721 -15.721815 6.783451 -3.325314 1.573257 -3.869348 1.097050 0.539385 -2.726385 1.006274 0.062013 0.359770 -0.070097 8.379624 0.383746 -3.387169 1.153419 -0.739857 -0.161262 -1.006101 -0.863150 0.563462 -0.204672 0.524798 0.452524 -3.774689 -0.798992 1.378649 -1.267417 0.498137 0.337334 -0.040385 0.536480 -0.126466 -0.128091 -0.107029 -0.091794 
260.276184 -12.440268 5.594453 -4.692361 1.539200 -3.959310 0.562787 -0.126838 -2.672569 0.887684 0.010491 0.864028 0.179428 0.143777 -0.728239 -0.193255 -0.243764 -0.589903 -0.070281 -0.239515 -0.431929 -0.092138 -0.065311 0.016296 -0.155384 -6.981673 -0.437408 2.221264 -1.330692 0.176482 0.109324 0.616293 0.367010 -0.316207 0.064004 -0.394890 -0.239173 
248.695129 -15.434260 5.326973 -3.711825 1.085730 -5.049155 0.956488 0.060355 -3.590243 0.821999 -0.068610 0.392361 -0.380864 -5.583722 -0.491070 1.055358 -1.507965 -0.386892 0.057386 0.226485 -0.129130 -0.068951 -0.076664 -0.264983 -0.025822 -5.443596 -0.311684 1.475806 -0.508659 1.325984 0.263443 0.202441 0.777376 -0.173179 0.405098 0.099855 0.137098 
0.000000 -23.607712 4.612313 -2.581645 -1.476730 -4.733093 0.677559 0.326132 -2.930829 0.749781 -0.142836 0.334062 0.127784 -10.743414 -1.351607 2.758357 -1.261081 2.062064 0.456605 0.165368 1.122822 -0.438496 0.744885 0.216006 0.118811 -2.499666 -0.542049 0.930286 0.900891 1.737041 0.177730 -0.126500 0.448418 -0.257002 0.228576 0.023790 -0.130248 
188.528656 -36.921088 2.623758 1.804889 -1.436433 -0.925026 1.869697 0.391091 -1.344599 -0.054993 1.421161 0.824374 -0.143241 -10.583055 -1.575169 2.915931 0.293817 3.087191 0.412847 -0.026516 0.767706 -0.582955 0.380488 -0.217403 -0.286318 0.894610 0.335319 -0.430837 -0.107395 -0.732393 0.123646 0.534565 -0.557825 -0.383745 -0.942218 0.017838 0.295488 
140.545868 -44.773822 1.461976 3.250217 -0.889095 1.441289 1.503252 0.273101 -1.395416 -0.416129 0.618141 -0.100744 -0.444852 -8.954193 -0.680969 1.896683 -1.475872 0.597279 0.703897 1.234498 0.007172 -1.205986 -1.139551 0.251682 0.709787 5.199575 1.319450 -1.991146 -0.486234 -1.812906 -0.453475 0.316373 -0.164697 0.328445 -0.191022 0.317269 0.480815 
131.706055 -54.829475 1.261821 5.598255 -4.388177 0.269532 3.277490 2.860087 -1.330255 -2.466965 -0.857941 1.327737 1.276333 -0.183905 1.063732 -1.066360 -0.678651 -0.538622 -0.494104 0.606231 0.438313 0.073936 -0.001556 0.417135 0.675312 12.643457 1.858009 -3.611625 0.974919 -1.688291 -1.667700 -0.712257 -0.011990 1.292419 0.751940 -0.136690 -0.622621 
388.263519 -45.141632 3.589441 1.117496 -2.246397 0.364045 0.515045 1.485563 -0.518791 -0.268257 0.615029 0.733526 0.905773 16.332720 3.035048 -5.326567 0.473967 -2.779304 -2.631503 -0.190015 -0.016808 1.378851 0.364328 -0.021698 -0.535455 7.007190 0.462232 -1.185763 0.037302 -1.038134 -0.335777 -0.139198 -0.333017 0.218439 -0.133400 -0.113615 -0.532795 
0.000000 -22.164034 7.331918 -5.054880 -3.440243 -5.289076 -1.985516 2.480056 -1.363871 0.290738 -0.129284 1.284342 0.205422 13.830476 1.988197 -3.437887 -0.604048 -2.614889 -1.165658 0.327835 -0.227721 0.510814 -0.268355 0.189905 -0.390277 -6.987076 -1.491255 2.642316 -0.367974 1.534704 1.310063 0.097853 0.021781 -0.662650 -0.132544 -0.085011 0.239503 
0.000000 -17.480681 7.565835 -5.758277 -3.454492 -4.865733 -1.816271 2.141232 -0.974232 0.753371 0.078318 1.113335 0.125218 2.358567 0.052539 -0.041935 -0.261982 0.290104 -0.011377 0.005690 0.026755 0.053552 0.099240 -0.191720 -0.056448 -6.810888 -1.332010 2.044309 0.076911 1.223961 0.570901 -0.091091 -0.100768 -0.325253 0.137960 -0.306167 0.146136 
210.854828 -17.446900 7.436995 -5.138750 -3.964208 -4.708869 -2.008271 2.491436 -1.310361 0.397841 0.069195 0.900902 0.092526 0.208700 -0.675823 0.650732 -0.450225 -0.166968 -0.023855 0.145653 -0.429257 -0.139692 0.007565 -0.422430 -0.098005 -1.336907 -0.510053 0.562186 0.046245 -0.310160 0.011405 0.031758 -0.051302 0.143799 -0.043939 -0.161924 0.007883 
209.593307 -17.063280 6.214189 -4.456814 -4.354942 -5.199668 -1.863981 2.432538 -1.832747 0.473986 0.093448 0.268475 -0.070791 -0.315247 -0.967567 1.082438 -0.169492 -0.330216 0.011432 0.069207 -0.075850 0.341149 0.011362 -0.515568 -0.040683 -0.452912 0.109412 0.038671 0.112637 0.002943 -0.091997 0.015137 0.056733 0.299312 -0.132008 0.059866 0.112927 
206.276993 -18.077395 5.501862 -2.973875 -4.303191 -5.369300 -1.985406 2.629850 -1.462060 1.080138 0.091918 -0.130234 0.011160 -0.697123 -0.456998 0.728074 -0.224952 -0.161082 -0.207849 0.175926 -0.315790 0.458933 -0.256451 -0.302697 0.127850 1.252311 -0.016280 -0.865528 0.514065 0.303158 0.297368 -0.467785 0.212354 -0.103412 -0.237587 0.355522 0.103085 
204.099045 -18.457527 5.300194 -3.000666 -4.804846 -5.521831 -2.279679 2.784391 -2.464328 1.391851 -0.419453 -0.336919 0.184909 2.189375 -1.000127 -0.648619 0.858637 0.276100 0.606168 -0.866364 0.348858 0.134324 -0.463813 0.195475 0.165487 0.452854 -0.322366 -0.446647 0.602630 -0.366487 0.510054 -0.389970 0.361954 -0.253008 0.051314 0.370432 -0.066140 
203.916077 -13.698645 3.501607 -4.271114 -2.585917 -4.817100 -0.773070 0.897123 -0.764344 1.348787 -0.835707 0.260717 0.342134 0.208585 -1.101729 -0.165219 0.980309 -0.894056 0.812259 -0.604014 0.408118 -0.047083 -0.153823 0.438167 -0.004431 -3.770733 0.805960 0.747351 -0.713323 -0.930309 -0.449461 0.950223 -0.652260 -0.168140 0.376296 -0.002293 -0.215156 
202.002213 -18.040357 3.096736 -3.331105 -2.844227 -7.309944 -0.655161 1.576362 -1.648091 1.297686 -0.727098 0.539415 0.176047 -5.352091 0.611793 0.846082 -0.568008 -1.584518 -0.292755 1.034082 -0.955662 -0.201956 0.288779 0.190889 -0.264826 -4.460197 1.806201 0.820948 -1.302832 0.615065 -0.642663 0.661494 -0.589466 -0.197524 0.079606 -0.354019 -0.004261 
197.806854 -24.402827 4.725193 -2.578950 -3.721933 -7.986135 -1.358580 2.965288 -2.675668 0.944874 -0.258149 0.642494 -0.187518 -8.711809 2.510673 1.476677 -1.625354 0.336073 -0.473067 0.718974 -0.770814 -0.442131 0.005390 -0.269870 -0.012954 -1.250952 0.246252 0.439255 0.238335 1.811062 0.097645 -0.723078 1.397478 0.019067 0.025995 0.075281 0.230459 
190.569855 -35.463976 8.118082 -0.377750 -6.094935 -6.637798 -1.601294 3.014310 -3.189719 0.413424 -0.716318 -0.000326 0.150140 -7.853996 1.104297 1.724592 -0.091337 2.037606 -0.097465 -0.412073 1.839294 -0.163822 0.340769 0.341452 0.196092 1.527226 -2.457611 -0.261356 2.456315 1.330372 0.516518 -0.876753 1.538680 0.309765 0.332441 0.230813 -0.227492 
0.000000 -40.110818 6.933788 0.870234 -3.904608 -3.910924 -1.553511 2.141142 1.002921 0.617230 0.423388 1.325397 0.204667 -5.657357 -2.404549 0.953965 3.287277 2.996817 0.559968 -1.034531 2.306546 0.177400 0.670273 0.191756 -0.467938 -1.553536 -3.148689 -0.790968 1.201104 0.012271 0.387766 -0.133064 -1.107758 -0.041333 -0.133284 -0.458122 -0.259518 
168.218369 -46.778690 3.308983 1.530181 0.479618 -0.644163 -0.481358 0.945247 1.423373 0.768224 0.624228 0.383186 -0.785736 -10.961067 -5.193080 0.142655 2.310871 2.062148 0.678066 -0.678201 -0.376221 -0.246488 0.074201 -0.574793 -0.322943 2.242202 1.640615 0.172853 -1.558643 -1.485476 -0.622201 -0.136369 -1.839352 -0.581001 -0.614208 -0.226402 0.420720 
178.365829 -62.032953 -3.452372 1.155545 0.717135 0.213372 -0.197378 0.784739 0.250480 0.124255 0.571791 0.175811 -0.441219 -1.172954 0.876681 1.299670 0.169991 0.025865 -0.684434 -1.307270 -1.372158 -0.984603 -0.558143 -0.261049 0.373501 8.892702 4.489943 1.478896 -0.328091 -1.423533 -0.790699 -0.640215 -0.021779 -0.206392 -0.252553 0.474697 0.411542 
0.000000 -49.124597 5.062346 4.129522 0.819600 -0.592433 -1.850226 -1.669293 -1.320943 -1.200981 -0.492057 -0.138911 -0.038733 6.824336 3.786806 3.100447 1.654689 -0.784918 -0.903332 -1.958631 -0.419779 -0.659272 -0.430904 0.374601 0.500141 -0.810721 -2.962465 -0.297723 0.765795 0.008318 0.238973 0.661864 0.796099 0.421778 0.034831 0.412563 -0.169409 
0.000000 -48.384281 4.121240 7.356440 4.026513 -1.356463 -2.004043 -3.132522 -0.589078 -1.194289 -0.290018 0.925013 0.559063 -2.794395 -5.048249 0.704224 1.701582 0.042501 -0.206488 0.016458 0.220040 -0.141046 -0.488481 0.564078 0.034684 1.702065 -1.906360 -4.045789 -2.738758 0.125701 0.406658 1.505872 0.116516 0.375448 0.260563 -0.355078 -0.434148 
146.676086 -54.713387 -5.034152 5.537970 4.222765 -0.507432 -2.263203 -1.636377 -0.880863 -1.483074 -1.469018 0.989244 0.030635 10.228465 -0.025913 -4.991130 -3.822827 -0.533515 -0.090017 1.053113 -0.186748 0.091624 0.090222 -0.335555 -0.368156 8.391387 6.319348 -3.290257 -2.739199 -0.854915 -0.006503 0.432986 -0.306711 0.300366 0.622140 -0.643158 -0.038482 
252.006683 -27.927352 4.069413 -2.625820 -3.619141 -2.423494 -2.184077 -1.026295 -0.962574 -1.011041 -0.109573 0.253904 -0.177249 13.988380 7.590447 -5.876289 -3.776817 -1.667328 -0.219494 0.882430 -0.393382 0.459685 0.755799 -0.722238 -0.042280 -5.992475 0.323474 1.954635 2.492286 -0.665337 0.392596 0.148194 0.053794 0.554869 0.140821 0.072725 0.202531 
216.883911 -26.736627 10.146741 -6.214608 -3.330869 -3.842089 -2.702190 0.128483 -1.667628 -0.563704 0.042580 -0.455231 -0.053925 -1.756486 0.621034 -1.081860 1.161745 -1.864189 0.695175 1.349502 -0.079161 1.201362 0.371864 -0.190105 0.036907 -8.797649 -5.814021 3.465628 2.312585 0.502953 0.536195 -0.224186 0.239098 0.160095 -0.464673 0.286578 0.057848 
225.486221 -31.440323 5.311480 -4.789541 -1.295651 -6.151871 -0.793727 1.672708 -1.120895 1.391682 0.634155 -0.126307 -0.103435 -3.606917 -4.037595 1.054966 0.848353 -0.661423 0.852896 0.434058 0.084813 0.779876 -0.173548 -0.149082 0.073417 0.577328 -1.478677 1.139083 -0.727670 1.056127 -0.366477 -0.803636 0.236289 -0.424573 -0.368607 -0.016522 0.088122 
0.000000 -33.950461 2.071552 -4.104676 -1.634164 -5.164935 -0.996399 0.996600 -1.498002 0.996047 -0.304516 -0.753396 0.092909 -0.601830 -2.336321 1.196306 -0.293594 0.248066 -0.037778 -0.257770 0.393417 0.352217 -0.365349 -0.223148 0.213151 3.667960 3.372464 0.561124 -0.138053 0.339814 -0.608900 -0.127251 -0.143083 -0.084935 0.157491 0.034608 -0.211175 
0.000000 -32.643983 0.638838 -2.396928 -1.882839 -5.655739 -0.869284 1.157167 -0.334060 2.096115 -0.096544 -0.572604 0.322866 3.729004 2.707333 2.177214 0.572247 0.018204 -0.364905 0.179557 -0.201353 0.610006 0.141434 -0.079867 -0.348933 1.838797 2.880006 0.063517 0.495089 0.007770 -0.195342 0.178522 -0.588371 -0.146122 0.201399 0.026443 -0.338531 
375.460083 -26.492454 7.486219 0.249751 -0.489670 -5.128526 -1.726208 1.355713 -1.900708 2.216058 -0.021648 -0.913129 -0.604958 3.075765 3.423690 1.323340 0.696585 0.263606 -0.428462 0.099273 -0.783324 0.059972 0.037448 -0.170262 -0.463912 -0.326619 0.358179 -0.426937 0.062169 0.122701 -0.031779 -0.040142 -0.290985 -0.275017 -0.051993 -0.045198 -0.057489 
