331.719635 -11.780029 1.365085 -4.375283 -4.007711 -4.798131 2.767445 -1.994163 0.030255 -1.130277 0.736652 -0.112401 0.044183 -0.327391 -0.408486 -0.408086 -0.197049 -0.005530 -0.371650 0.499312 -0.467166 -0.051654 -0.093215 -0.153931 -0.237329 0.010390 0.038981 0.065008 0.035193 0.031835 -0.128313 0.156098 -0.179608 0.008805 0.012244 -0.113767 0.097279 
327.780701 -12.434812 0.548113 -5.191455 -4.401809 -4.809190 2.024144 -0.995540 -0.904077 -1.233585 0.550223 -0.420262 -0.430475 -0.306611 -0.330524 -0.278070 -0.126664 0.058140 -0.628276 0.811507 -0.826381 -0.034043 -0.068727 -0.381464 -0.042771 0.394107 0.292136 0.170765 0.200473 0.028157 0.026269 0.095874 0.001550 0.059878 -0.064699 0.036013 0.101840 
325.403442 -12.393252 0.704037 -4.931423 -4.261039 -4.681851 1.510893 -0.371150 -1.622507 -1.198363 0.599198 -0.875329 -0.041358 0.460823 0.175786 -0.066555 0.203898 0.050783 -0.319112 0.691059 -0.464065 0.068101 -0.222613 -0.081904 -0.033650 0.168293 0.390744 0.183131 0.191684 0.002392 0.259337 -0.363752 0.402433 -0.071864 0.047095 0.174892 -0.046993 
322.668243 -11.513166 0.899684 -5.324565 -3.994014 -4.707624 1.385920 0.386579 -1.832206 -1.097382 0.104996 -0.584071 -0.497774 0.029974 0.450964 0.088192 0.256705 0.062924 -0.109601 0.084002 -0.021515 -0.177770 0.025462 -0.031680 -0.136756 -1.220161 0.401443 0.587895 0.274561 0.687223 0.105356 -1.070577 0.442863 -0.175048 0.396805 -0.093141 -0.053359 
321.809509 -12.333303 1.605966 -4.755038 -3.747630 -4.556003 1.291691 -0.203145 -1.665536 -1.553904 0.650122 -0.938688 -0.314870 -1.979500 0.978671 1.109235 0.753019 1.425229 -0.108399 -1.450095 0.421662 -0.281995 0.570996 -0.268187 -0.140368 -2.192393 -0.016512 0.942376 0.471153 1.175987 0.191465 -0.287399 0.045361 0.098277 -0.127158 -0.139798 -0.142663 
326.065796 -15.472165 2.857026 -3.106094 -2.487975 -1.857166 1.169122 -2.513612 -0.988882 -1.661373 1.246988 -1.120444 -0.778511 -4.354811 0.417941 1.972944 1.199010 2.414897 0.273330 -0.490796 0.069206 0.018785 -0.228854 -0.311276 -0.422082 -0.119399 -1.185354 -0.084402 0.950151 -0.497205 0.212188 1.197628 0.027742 -0.171462 -1.250777 0.008044 0.355444 
327.448425 -21.042925 2.441848 -0.809151 -1.349609 0.273791 1.838351 -1.184737 -1.527124 -1.516334 0.192414 -1.561241 -1.159033 -2.218297 -1.392038 0.940431 2.653322 0.430819 0.315977 0.945161 0.477146 -0.624920 -1.930558 -0.252099 0.570521 3.262920 -1.166483 -1.239063 1.468216 -1.518755 -0.346832 0.377330 0.607740 -0.196031 0.004671 0.238494 0.478471 
319.363708 -19.908760 0.072949 -1.225232 2.818670 -0.995527 1.801075 -0.623291 -0.034590 -2.911212 -2.614128 -1.624642 0.362531 2.171029 -1.915025 -0.505182 4.135442 -0.622614 -0.420334 0.263863 1.284687 -0.373277 -0.219512 0.165711 0.534860 1.755110 1.616564 -0.691675 -1.094374 -0.678900 -0.441901 0.024278 0.282925 0.612556 1.438640 0.391015 -0.514404 
295.100525 -16.700868 -1.388203 -1.819515 6.921274 -0.971437 0.997683 -0.657010 1.042250 -2.262888 -0.246610 -1.229819 -0.089314 1.291923 1.841089 -0.442919 0.464575 -0.926980 -0.567826 0.993716 1.042996 0.600192 0.946722 0.529932 -0.458288 -4.636896 2.561881 0.508439 -3.144922 -0.274978 0.019287 0.430089 -0.568230 0.514254 0.154334 0.135649 -0.342321 
279.604065 -17.324915 3.755127 -2.111069 3.747820 -2.849487 0.665423 1.364140 2.051402 -1.710829 -0.720683 -0.564777 -0.554045 -7.102763 3.208737 0.511695 -2.154403 -1.172569 -0.381759 1.124041 0.148227 0.655230 0.089157 0.437009 -0.149782 -5.635278 -0.499017 0.687469 -0.287732 0.573753 0.091374 -0.676355 -0.904726 0.016511 -0.470825 -0.238710 0.294091 
272.253601 -30.906394 5.029270 -0.796124 2.612468 -3.316574 0.234165 1.591071 1.338703 -0.952428 -0.068296 -0.355800 -0.388878 -9.978633 0.843055 0.932019 -0.110889 0.220527 -0.385079 -0.358995 -0.766457 0.633213 0.005072 0.052511 0.129895 5.770335 -0.996811 -0.239813 0.818936 -0.295517 -0.001744 -0.919532 -0.414113 0.009046 0.123134 -0.354894 0.033753 
0.000000 -37.282182 5.441238 -0.247030 3.526042 -2.408434 -0.104734 0.646150 0.518488 -0.444402 -0.710539 -0.459754 -0.294256 4.437908 1.215115 0.032069 -0.516531 -1.763602 -0.385248 -0.715023 -0.679999 0.673322 0.335425 -0.272779 -0.082277 10.138805 -0.549821 -0.457196 -0.977257 -1.262972 0.427640 -0.121441 0.392533 -0.014354 0.494358 -0.299954 -0.149592 
288.708893 -22.030578 7.459501 -0.731987 1.579407 -6.843778 -0.536331 0.161024 -0.021295 0.394216 0.602554 -0.901358 -0.553431 10.298976 -0.256587 0.017627 -2.065404 -2.305417 0.470201 -0.601878 0.018609 0.604506 0.993789 -0.547396 -0.169288 -0.631091 -1.609746 0.090544 -0.923801 0.806725 0.682616 0.078448 0.250502 -0.417937 -0.387854 -0.423864 0.059725 
279.615784 -16.684229 4.928064 -0.211776 -0.604766 -7.019268 0.835667 -0.557606 0.555707 0.764611 1.277039 -1.554546 -0.632832 3.175725 -2.004377 0.213156 -2.364133 -0.150152 0.979984 -0.558127 -0.178996 -0.162553 -0.440282 -1.120508 0.037174 -5.945124 -0.099812 0.520709 0.296346 1.484292 -0.094037 0.276875 0.036545 -0.605977 -1.311048 -0.076984 0.116766 
290.232330 -15.679129 3.450747 -0.305674 -3.148860 -7.144081 1.423637 -0.955230 -0.379288 0.069110 -0.278010 -3.142374 -0.479084 -1.591272 -0.456212 1.059044 -1.472712 0.663167 0.282126 -0.048128 0.091699 -0.607448 -1.628307 -0.701364 0.064243 -4.565135 1.078941 1.104849 1.316175 1.133806 -0.645048 0.695785 0.549539 0.194900 0.129663 1.245085 0.178217 
308.730835 -19.866773 4.015639 1.906311 -3.550190 -5.692934 1.399919 -0.653861 0.739104 -0.450285 -1.979576 -2.957273 -0.504346 -5.954545 0.153505 2.422854 0.268216 2.117459 -0.310112 0.833442 0.920082 0.227246 -0.180955 1.369662 0.393608 0.985843 0.061953 -0.426390 1.214278 0.251786 0.112992 0.361263 -0.210690 0.430323 1.412568 1.190763 0.221453 
326.210297 -27.588220 3.757756 4.540034 -2.612427 -2.909162 0.803413 0.711654 1.460877 0.523602 -0.639921 -0.403050 0.308132 0.380414 -0.332305 0.206265 0.955845 1.166738 0.508110 0.674398 -0.329681 0.253197 1.196829 1.680162 0.507150 6.306541 -0.080764 -2.218330 0.378413 -1.129242 0.527014 -0.865992 -1.299020 -0.390342 0.359999 -0.798860 -0.181893 
384.913818 -19.105945 3.351029 2.318841 -1.638501 -3.359458 2.416138 0.694936 0.079742 0.056110 0.414082 0.403051 0.509953 6.658537 -0.008024 -2.013806 1.025043 -0.141025 0.743917 -0.898542 -1.677958 -0.553439 0.539043 -0.228059 0.029821 -0.462372 -0.302784 -0.475931 0.108808 -0.079557 -0.183064 -0.891218 -0.409747 -0.034900 -0.459212 -1.038909 -0.347581 
365.433258 -14.271145 3.741708 0.512422 -0.562342 -3.191212 2.291247 -1.085430 -1.895038 -0.583275 0.438166 -0.859167 0.367775 -0.544329 -0.937874 -0.745598 1.173461 1.007625 0.141982 -1.108038 -1.149175 0.183398 0.278405 -0.397655 -0.188013 -5.824976 -2.886550 1.338389 0.951937 0.663805 -1.057698 0.229793 1.429142 0.777366 -0.273992 0.187348 -0.234074 
355.950989 -20.194602 1.475281 0.827646 0.708420 -1.344208 2.700102 -1.521141 -2.218608 0.422906 0.970892 -0.392260 0.133927 -4.991414 -5.781124 0.662971 2.928917 1.186586 -1.371479 -0.438956 1.180326 1.001294 -0.008941 0.146637 -0.438327 -1.521384 -2.444026 0.345629 0.680244 -0.224368 -0.913604 0.790190 0.877945 -0.105296 -0.344575 0.111807 0.200085 
342.396667 -24.253972 -7.820539 1.838363 5.295493 -0.818041 -0.451711 -1.963341 0.465613 1.419313 0.420285 -0.565893 -0.508880 -3.587097 -5.825926 -0.054340 2.533948 0.558889 -1.685226 0.472342 0.606716 -0.027195 -0.410744 -0.174042 0.212157 0.901834 3.100186 -0.621994 -0.731125 0.158380 0.377705 0.494155 -0.874686 -0.985557 -0.285611 -0.250564 0.392914 
0.000000 -27.368796 -10.176571 0.718966 5.776317 -0.226430 -0.670351 -0.576457 -1.005176 0.368516 0.149405 -0.740343 0.558242 -3.187745 0.419248 -0.581017 1.466668 1.503345 -0.616068 0.549354 -0.569047 -0.969820 -0.580163 -0.354490 0.347502 0.925499 5.277631 -0.114126 -0.603444 0.798100 0.547131 -0.387475 -0.286712 -0.195552 -0.136236 -0.111303 -0.449740 
0.000000 -30.629463 -6.982044 0.676329 8.228829 2.188649 -1.683847 -0.864634 -0.672481 -0.520327 -0.740042 -1.274872 0.186124 -1.736098 4.729337 -0.282593 1.327061 2.155090 -0.590964 -0.302607 0.033291 -0.418299 -0.683215 -0.396648 -0.687323 0.560496 2.662270 0.575742 -2.179416 -1.372673 0.312506 0.156213 0.512616 0.135802 -0.219510 -0.136853 -0.324416 
296.127533 -30.840992 -0.717897 0.153780 8.430438 4.083749 -1.852280 -1.181672 -0.938594 -0.468083 -1.217025 -1.533639 -0.816404 -2.066753 5.743787 0.570467 -2.892164 -1.242000 0.008944 0.861779 0.456185 -0.698216 -1.019182 -0.628195 -0.301329 -0.152446 -0.550659 0.496958 -2.371441 -2.603674 0.782637 1.013502 0.442116 -0.018711 -0.099215 0.122510 0.560194 
300.663513 -34.762969 4.505529 1.817263 2.444500 -0.295351 -1.665959 0.858924 0.239889 -1.916760 -2.778407 -2.531263 -0.416535 -2.040990 3.628018 0.711323 -3.415821 -3.052259 0.974311 1.724396 0.917523 -0.455722 -0.881645 -0.151627 0.433065 2.721560 -2.207754 -0.583927 1.287014 -0.405352 0.470911 -0.280569 -0.518741 1.088556 1.344654 0.710598 0.408146 
321.766663 -34.922973 6.538139 1.576426 1.598797 -2.020769 0.096342 2.267119 0.896452 -1.379527 -2.980315 -1.836893 0.049725 3.376367 1.328280 -0.597386 -0.318137 -2.052704 0.950766 0.300642 -0.581298 1.478895 1.670126 0.793000 0.514962 5.919028 -2.023402 -0.990256 1.220492 0.225367 -0.686417 -1.136033 -1.017719 0.525558 1.085883 0.135565 -0.139514 
336.673737 -28.010234 7.162089 0.622490 1.808226 -4.400759 0.235572 1.460208 -0.922706 1.041031 0.561846 -0.945264 0.613389 9.797065 -0.418785 -1.269189 -0.974836 -2.601526 -0.398523 -0.547670 -1.117914 0.595394 1.290121 0.119502 0.154037 1.534447 -1.446747 -0.215102 -0.779974 0.137925 -0.872804 -0.351583 0.241880 -1.304648 -1.107594 -0.734904 -0.330690 
345.572723 -15.328842 5.700569 -0.961951 -0.350876 -7.223820 -0.700705 1.171779 -1.339377 -0.188739 -0.400072 -1.597889 0.357798 6.445261 -1.565214 -1.027590 -1.878084 -1.776854 -0.794842 -0.402523 -0.097538 -1.130401 -0.545062 -0.676808 -0.146417 -5.016243 -0.314206 0.507570 0.103284 1.264893 0.262073 0.224577 0.641148 -0.606274 -0.485577 -0.148324 -0.113152 
343.258789 -15.119713 4.031660 -1.432690 -1.947943 -7.954467 -1.354112 0.655162 -1.117781 -1.219771 -0.528279 -2.298880 0.320554 -0.235421 -1.047196 -0.254049 -0.768268 -0.071739 0.125623 -0.098516 0.164382 -0.617153 0.318968 -0.177147 -0.072268 -3.653635 0.706214 -0.372536 1.490922 2.198347 0.701861 -0.187462 0.045276 0.303751 0.320085 0.607882 -0.166779 
342.940460 -15.799683 3.606177 -1.470049 -1.887413 -7.367298 -0.449460 0.974747 -1.010612 -1.423045 0.237863 -1.952182 0.213262 -0.862008 -0.152786 -1.772663 1.103759 2.619840 0.608880 -0.777448 -0.006985 -0.522900 0.095108 0.538955 -0.479974 -0.861058 0.799945 -0.644860 1.540735 2.116225 0.105320 -0.485389 0.203625 0.356632 -0.660831 0.016577 -0.148867 
333.224426 -16.843729 3.726089 -4.978016 0.259575 -2.714787 -0.136352 -0.899735 -1.131752 -2.265571 -0.338064 -1.220969 -0.639394 -1.957536 0.552693 -1.543768 2.313201 4.160711 0.336263 -1.069293 0.571633 0.096110 -1.002694 -0.143993 -0.370002 0.062741 0.130096 0.770795 0.860936 -0.239123 -0.038937 0.209712 0.479714 0.783199 0.152679 -0.460441 0.191728 
313.130249 -19.714756 4.711563 -4.557584 2.738989 0.954124 0.223065 -1.163838 0.132654 -1.230826 -1.767524 -2.240168 -0.526742 -0.736526 0.107406 -0.231073 2.825631 2.141594 0.531007 -0.358024 0.952443 1.043498 0.400465 -0.381928 -0.096518 1.779415 -0.745654 0.422006 -0.654551 -2.756448 0.100768 0.268431 -0.505819 0.157514 1.297832 0.461221 0.244354 
0.000000 -18.316782 3.940901 -5.440162 5.910838 1.568400 0.925663 -1.615783 0.773135 -0.178575 0.462866 -1.984824 -0.832429 1.601294 -0.938616 -0.699755 1.004099 -1.352185 0.537799 -0.532431 -0.440005 0.411138 1.592971 0.778449 0.118705 -0.550795 -0.129524 0.338235 -1.880379 -1.709813 0.036330 0.079286 -0.942642 -0.524970 -0.028140 0.389286 0.228446 
265.425079 -16.512167 2.834330 -5.957094 4.747187 -1.750246 1.298662 -2.228700 -0.747356 -0.408549 1.418418 -0.683270 -0.289332 -1.838117 -0.151643 0.445396 -0.935127 -1.278033 0.603667 -0.199452 -0.932841 -0.006442 0.344185 0.396644 0.360374 -3.228339 0.927672 0.665000 -0.946724 0.548888 -0.072976 0.580603 -0.142878 -0.295767 -1.155418 -0.411912 -0.026247 
269.966431 -21.993016 3.637616 -4.549369 4.040584 -0.987665 2.132997 -2.014688 -1.092546 -0.191458 1.151235 -1.191537 -0.111681 -4.855384 0.916727 0.630244 -0.889350 -0.254410 0.391847 0.628774 -0.725760 -0.180395 -0.717866 -0.045375 0.066211 2.525759 0.505582 -0.387760 -0.220932 -0.557488 -0.461757 0.287152 0.385593 -0.207200 -0.241494 -0.214578 -0.076268 
293.592590 -26.222935 4.667785 -4.696606 2.968488 -2.259065 2.082357 -0.971152 -2.198877 -0.769340 -0.017313 -0.774020 -0.156910 3.213402 0.859522 -0.330124 -1.376990 -2.393009 -0.319846 0.374851 -0.161654 -0.420841 -0.138804 -0.032513 0.207838 3.410615 0.195113 0.304176 -0.131208 -0.628584 -0.482563 -0.229936 0.841225 0.158646 0.680137 -0.052495 0.028097 
316.278442 -15.566213 5.356659 -5.209617 1.286603 -5.773682 1.493304 -1.264985 -1.415854 -1.033140 0.873627 -1.256562 0.303995 1.965846 1.306954 1.238596 -1.151765 -1.511578 -0.573278 0.168903 0.956690 0.136897 0.642409 -0.150366 0.122405 -5.792240 -0.549154 0.506180 0.687293 1.347672 -0.009462 0.346948 0.384048 0.711210 0.169527 0.077710 0.110909 
326.454346 -22.291244 7.281694 -2.219413 0.664958 -5.282222 0.935800 -0.633346 -0.285497 -0.495546 1.267504 -1.074752 0.087900 -8.371079 -0.238786 0.682235 -0.002404 0.302336 -0.338771 1.068747 0.606442 1.001579 0.200250 0.122906 0.429655 -1.321654 -0.914112 -1.314322 0.117067 0.701534 0.620283 0.360530 -0.353632 0.225763 -0.232753 0.395747 0.064462 
337.829834 -32.308371 4.879087 -3.845147 1.281796 -5.169009 0.815762 0.872509 -0.202971 0.970019 1.274127 -1.010749 1.163306 -0.677463 -0.521269 -1.390048 -0.917631 -0.108511 0.667288 0.889963 0.249426 0.588424 0.176903 0.641129 0.251329 9.100336 0.128731 -0.462834 -0.433809 -0.362332 0.544136 -1.178727 -0.068072 -0.821465 -0.047302 -0.089463 -0.406474 
321.945038 -23.646169 6.239156 -4.999508 -1.170304 -5.499244 2.270376 1.146580 0.213354 0.681303 1.621311 0.207506 0.590557 9.829593 0.018677 -0.243432 -0.870021 -0.422328 0.749500 -1.288706 0.470297 -0.641351 0.105646 -0.056020 -0.383293 1.447192 -0.051524 1.139631 0.801770 0.051779 -0.143273 -1.289213 -0.203088 -0.587225 -0.229323 -0.664150 -0.197659 
0.000000 -12.649185 4.916440 -4.332012 -0.458246 -6.013665 2.314761 -1.704902 0.737623 -0.312683 1.485419 -1.122789 0.396720 2.216921 -0.624317 0.889215 0.685909 -0.004952 0.380743 -1.688463 -0.156751 -0.586026 -0.281742 -0.687172 -0.143990 -6.924461 -0.365104 0.491892 0.432114 0.425880 -0.059425 0.620350 -0.343647 0.120119 -0.041432 0.263789 0.078182 
351.645477 -19.212326 4.990523 -3.221079 0.201514 -5.509148 3.031861 -2.230346 -0.100147 -0.490749 1.057826 -1.166837 0.302576 -4.019329 -0.711532 0.740351 -0.005793 0.429433 0.630651 -0.048006 -0.216998 -0.401113 0.022782 0.471558 -0.226930 1.049152 -0.704025 -1.213224 -0.863862 -0.105275 -0.406777 0.728551 0.034196 -0.026274 0.147003 0.375316 -0.112222 
348.605682 -20.687843 3.493377 -2.851310 -0.469831 -5.154800 3.576063 -1.800914 0.303627 -1.114910 1.530983 -0.179674 -0.057140 4.315226 -2.032366 -1.537234 -1.041814 -0.215503 -0.432812 -0.231362 -0.088359 -0.638574 0.012265 0.063460 -0.368434 4.414815 -0.409457 -1.579955 -0.496502 0.093700 -0.743961 -0.033847 0.109699 0.349182 0.003245 -0.476333 0.005349 
335.329102 -10.581874 0.925791 -6.295547 -1.882115 -5.940154 2.166237 -2.693069 -0.276864 -1.767898 1.082356 -1.039917 -0.434292 4.810300 -1.530446 -2.419558 -0.998797 0.616833 -0.857271 -0.115701 0.002400 0.297250 0.029271 -0.481108 -0.216231 -2.449885 0.667659 0.760270 0.603171 1.049317 0.033407 -0.173772 0.223610 0.876378 0.079862 -0.038437 0.228298 
330.296143 -11.067243 0.432484 -7.690427 -2.467425 -3.921135 1.861520 -2.032315 0.308426 -0.520410 1.589526 -1.141889 -0.489602 -0.584544 -0.697048 -0.016694 0.164529 1.883131 -0.365999 -0.578907 0.358862 1.114183 0.171988 -0.013414 0.088162 -4.517740 0.664532 2.529263 1.400266 0.536118 0.083553 -0.450805 -0.206267 -0.109150 -0.602318 0.023302 0.295393 
334.418854 -11.750962 -0.468306 -6.328934 -1.553058 -2.173893 1.434240 -3.850883 0.440860 0.460467 1.426332 -1.066746 -0.257969 -4.225181 -0.201382 2.638967 1.801736 1.689070 -0.690165 -1.017311 -0.410134 0.078950 -1.175364 -0.434503 0.374556 -2.482061 0.989420 1.091377 0.459910 -0.403924 0.125493 0.720103 -0.405829 -1.084692 -0.593885 -0.088341 -0.083895 
331.966827 -19.517604 0.029720 -2.412493 1.136046 -0.542995 0.481191 -4.066936 -0.511842 -0.362509 -0.761202 -2.010895 0.259509 -5.548666 1.281792 2.166061 1.084348 1.075282 -0.115012 0.861300 -0.452796 -1.055201 -1.015783 -0.190097 -0.079628 1.023761 0.175444 -1.064596 -0.368574 -0.462021 0.873865 1.003085 0.389647 -0.257296 0.775475 0.548449 -0.211724 
325.500641 -22.848293 2.095279 -1.996812 0.615639 -0.023328 1.204217 -2.128283 -0.464733 -1.649935 -0.605234 -1.446939 -0.417225 -2.177658 0.149506 0.509775 1.064588 0.765028 1.057565 0.988860 0.369160 -0.435642 0.375585 0.662394 -0.048892 2.655876 -1.472241 -0.350144 0.991321 -0.455601 0.152248 -0.179953 0.395994 0.701877 0.636799 0.301243 0.100953 
293.854431 -23.872919 0.328731 -1.392943 3.265223 0.987061 2.596320 -2.089216 0.226478 -1.233793 -0.010032 -0.686108 0.161725 -0.236914 -1.662689 1.465773 3.066991 0.164080 0.189485 0.501394 0.339192 0.348553 0.257814 0.412390 0.122278 0.657910 0.052437 0.338974 -0.065421 0.147839 -0.579586 -0.366191 -0.493479 0.253366 -0.018427 -0.258856 -0.227805 
272.776215 -23.322121 -1.230099 0.934735 6.749621 0.304832 1.583187 -1.125496 0.213651 -0.952830 -0.089606 -0.622159 -0.172669 -0.861838 0.254380 1.187722 0.933747 1.060706 -0.101607 0.256478 -0.617797 0.071090 0.338731 0.144681 -0.504501 -1.783654 0.637258 -1.366437 -2.582527 0.679584 0.247898 -0.220691 -0.321038 -0.307777 -0.247434 0.074404 -0.023656 
271.168091 -25.596594 0.837492 0.982501 5.132718 3.108472 2.393105 -1.576260 -1.009117 -1.091612 0.667429 -0.396745 -0.847278 -3.804222 -0.388173 -1.267101 -2.098062 1.523249 0.685281 0.060012 -0.302884 -0.267000 -0.237054 0.561198 0.074966 0.304732 0.254306 -1.025487 -1.259870 -1.603529 -0.640583 0.560060 0.351557 -0.081265 -0.798168 -0.621926 0.224567 
271.534698 -30.930564 -2.006445 -1.599468 2.553498 3.351330 2.953749 -1.005472 -0.392117 -1.486831 -0.563714 0.500237 -0.022737 -0.252374 0.762992 -0.863253 -1.585993 -2.146353 -1.382774 1.376597 0.085317 -0.091440 -1.257605 -1.099171 -0.055368 2.980841 2.469640 0.894323 0.918116 -2.398248 -1.793204 0.409555 -0.072777 0.207564 0.080733 -1.010859 -0.284004 
356.927734 -26.101343 2.363477 -0.744004 1.960732 -1.184234 -0.372443 1.176934 -0.838483 -1.274491 -1.847781 -2.595087 -0.958015 2.157460 4.551107 0.521546 -0.261830 -3.273248 -2.901126 0.879122 -0.448438 0.148128 -0.075588 -1.460520 -0.493043 -0.547474 1.149036 1.104787 0.817544 0.215314 0.329645 -1.402754 -0.142836 0.250811 0.835145 0.810923 0.230530 
308.283356 -26.615644 7.095769 -0.556376 2.029838 -3.195166 -2.848503 0.752773 -1.288994 -1.190576 -0.714890 -2.420804 -1.008823 -1.347322 3.061065 1.346322 0.049095 -1.715726 -0.723484 -1.428911 -0.200355 0.410183 0.412684 0.522675 0.405691 -1.590138 -1.777942 0.335910 -0.353912 1.478807 2.358533 -1.337582 0.430515 0.623916 0.278499 1.187877 0.411617 
318.068634 -28.795986 8.485606 1.948639 2.058921 -4.615685 -1.819412 -1.680888 -1.239193 -0.454126 -1.022412 -1.549737 -0.146633 -1.022816 0.995224 1.193365 -0.969653 -0.315634 1.815940 -1.796042 0.412592 1.395959 0.481410 0.915234 0.330191 -0.887326 -1.034889 -0.654976 -0.474217 1.771045 0.990033 0.875190 0.225577 0.226686 0.090604 0.185409 -0.304460 
336.495209 -28.661275 9.086217 1.830354 0.090531 -3.826434 0.783377 -2.839310 -0.463809 1.601342 0.247930 -0.590336 -0.348442 -3.121974 0.991286 0.036369 -0.899339 1.826365 1.256582 0.321469 0.250800 0.863555 0.593892 0.893492 -0.203229 0.016734 -1.319344 -0.667108 0.426193 0.556671 -0.046649 1.868977 0.028686 -0.872738 0.037383 -0.093436 -0.107927 
364.300934 -35.039934 10.468178 2.021378 0.260243 -0.962955 0.693753 -1.037950 -0.737593 1.272984 0.165373 0.237247 -0.553091 -0.989348 -1.643464 -0.140851 -0.117267 0.797709 1.722642 1.941912 0.469965 -0.349517 0.556177 0.728362 0.114337 6.736802 -1.936943 -0.442900 0.436888 -1.699310 0.144335 -0.162946 -0.375174 -0.897758 -0.043750 -0.723457 0.304536 
389.705994 -30.639971 5.799290 1.548652 -0.144002 -2.231017 4.228662 1.044515 0.476120 0.902307 1.360283 0.866389 -0.119768 10.351630 -2.882599 -0.849431 -0.025563 -1.572256 1.545251 -0.004423 -0.499547 -0.931960 0.506392 -0.553422 0.405844 5.088261 0.196525 -0.438692 -0.117269 -1.011467 -1.435381 -1.666503 -0.712858 -0.462865 -0.492228 -0.901908 0.015785 
399.607178 -14.336673 4.702979 0.322515 0.209116 -4.107466 3.784255 -1.046797 -1.736688 -0.590936 1.178156 -0.869597 0.258596 9.187175 -1.250413 -1.018235 -0.351804 -1.225226 -1.148119 -1.391093 -0.955751 -1.275248 -0.428279 -1.075453 0.145908 -5.309450 0.897298 0.341159 -0.145051 0.826909 -1.386531 -0.041703 0.503921 0.066807 -0.511653 0.311901 -0.265380 
351.141052 -12.265621 3.298463 -0.487818 -0.847610 -4.681469 1.932423 -1.737671 -1.435382 -1.648188 0.503724 -1.284517 0.172047 -0.267269 -1.088003 -0.167114 -0.315666 0.081562 -1.227811 -0.087830 0.508295 -0.798347 -0.516914 0.070381 -0.124917 -5.244985 0.432334 0.628144 0.282250 0.796895 0.423112 0.824350 0.656697 0.502763 0.124291 0.676647 -0.113775 
339.914124 -14.871212 2.526973 -0.011712 -0.422217 -3.944342 1.328633 -1.222456 -0.720098 -2.187631 0.144328 -0.728836 0.008763 -1.302796 -0.385745 0.238053 0.212697 0.368563 -0.301895 0.257607 0.357642 -0.269721 -0.179698 0.277840 -0.081642 -0.517763 0.351129 0.202583 0.264182 0.143501 0.462958 0.172718 -0.075326 0.264313 0.168608 0.103730 0.021637 
