297.485840 -22.051393 4.673219 -0.650320 0.671798 -1.512196 0.153008 -0.877696 -0.170185 -1.756358 1.281980 -2.510302 1.128003 -1.021701 -4.239330 1.653111 0.195305 0.998269 1.126892 -0.018305 -1.012927 1.231859 0.079673 0.134346 -0.615346 -0.092698 -2.875985 -0.906923 -0.104529 -0.096772 0.026948 0.241673 0.169786 -0.103915 0.102287 0.272794 -0.057720 
280.434845 -24.094795 -3.805441 2.655903 1.062408 0.484343 2.406792 -0.914306 -2.196038 0.707359 1.441326 -2.241610 -0.102688 -1.207098 -9.991301 -0.160735 -0.013753 0.804726 1.180789 0.465041 -0.673355 1.024030 0.284247 0.679934 -0.730785 -1.087135 -2.751347 -2.025412 0.108093 -0.368970 -0.545197 -0.024613 0.344929 -0.712199 0.155311 0.421609 0.010847 
255.065979 -24.465588 -15.309382 -0.971789 0.644293 0.097257 2.514585 0.052385 -1.516895 0.291701 1.850474 -1.150433 -0.333567 -3.195971 -9.742024 -2.397714 0.411491 0.260329 0.036497 -0.067532 -0.323068 -0.192540 0.390295 0.977563 -0.593652 -3.036563 2.274613 -1.168567 0.002992 0.126895 -0.615993 -0.631852 0.003527 -0.509468 0.000162 -0.103704 0.195597 
0.000000 -30.486737 -23.289489 -2.139524 1.885390 1.005000 2.479787 -1.049370 -2.842173 0.322279 2.221916 -0.286484 -1.289993 -7.280224 -5.442074 -2.497868 -0.007769 1.058515 -0.051197 -0.798664 -0.666301 0.005093 0.284570 0.472527 -0.339591 -1.988960 7.277126 1.826520 -0.524353 0.516718 -0.197286 0.352218 0.439634 0.265152 0.021672 -0.886706 0.739987 
0.000000 -39.026035 -26.193530 -5.967526 0.628755 2.214287 2.412191 -1.544943 -2.849498 0.301887 2.419615 -0.205380 -1.012749 -7.173891 4.812228 1.255326 -0.637214 1.293765 -0.358075 0.636904 0.556201 0.337764 0.433639 -0.795849 0.886322 1.082453 7.844751 5.071737 -1.523902 -0.235411 -0.261668 1.589910 1.957097 -0.339827 -0.723695 -0.846174 0.527950 
0.000000 -44.834519 -13.665034 0.371127 0.610962 3.592531 1.763637 0.224437 -1.729772 0.997806 3.089195 -1.878182 0.482650 -5.115318 10.247427 7.645606 -3.055574 0.587693 -0.574534 2.381157 3.247893 -0.674562 -1.162819 -1.219822 0.716308 3.331432 0.974613 1.559070 -1.390122 -0.385687 0.150031 0.762717 1.225227 -0.411704 -1.252066 0.159230 -0.684775 
226.012924 -49.256672 -5.698675 9.323685 -5.482393 3.389674 1.263124 3.217370 3.646288 -1.047236 0.093976 -2.645023 0.419868 -0.511027 6.761453 4.373466 -3.417459 0.522392 -0.058013 2.162339 3.006654 -0.485645 -2.070493 -0.477389 -0.483228 5.182075 -2.140076 -6.538034 2.309949 0.256415 -0.891806 -1.336276 -1.480436 0.683799 0.158584 1.070364 -0.517761 
222.960052 -45.856574 -0.142127 9.118060 -6.223955 4.637315 1.647611 4.549114 4.283536 0.026517 -1.051791 -2.832961 -0.483806 5.248833 5.967276 -5.430463 1.564325 1.100523 -2.358145 -0.291396 0.287022 0.693035 -0.845651 0.920905 -0.319213 3.551163 -1.303395 -5.234851 3.545339 -0.949956 -1.033592 -1.962956 -1.816667 -0.199227 1.142307 0.940132 0.814652 
228.334763 -38.759006 6.235877 -1.537241 -2.353743 5.590719 -3.453166 2.634577 4.220332 0.338835 -1.597325 -0.803213 -0.218558 6.591298 4.154663 -6.096236 3.673220 -1.377520 -2.125196 -1.763572 -0.626681 -0.884099 0.214122 1.402874 1.146077 1.464312 -4.999768 3.135324 -0.396090 -1.939864 2.033904 -0.986539 -0.844684 -0.544408 0.715220 -0.438902 0.627257 
241.209015 -32.673978 8.167199 -3.074411 1.122484 1.882276 -2.602782 1.021969 3.030175 -1.741682 -0.623547 -0.027212 1.808347 8.177457 -4.032261 0.840185 0.772145 -2.779204 1.709662 -2.264474 -1.402346 -0.395780 0.584789 0.043102 0.935300 0.940291 -4.696013 4.291988 -2.447135 0.151308 1.440475 -0.123228 -0.247853 0.623260 -0.080491 -0.883059 -0.581014 
259.173706 -22.404093 -1.828645 0.143129 -0.809452 0.032310 -0.033842 -1.894372 1.415640 -0.452726 -0.427746 -0.717009 1.652042 8.471879 -5.237363 2.487740 -1.221049 -1.074903 0.755753 -2.010028 -1.122387 0.362420 0.053139 -0.363244 -0.015952 -1.262431 1.776442 -0.096470 -0.763150 0.711521 -1.165742 0.881764 0.407449 0.138659 -0.090904 -0.214807 -0.626000 
275.060242 -15.730219 -2.307528 1.901068 -1.319614 -0.267531 -1.091275 -2.998087 0.785402 -1.016841 -0.517269 -0.753701 1.776444 5.652596 -0.479377 0.647245 -0.754156 -1.356162 -0.621821 -0.500947 -0.587448 -0.118461 0.402982 -0.386512 -0.316700 -2.996955 2.649323 -1.505586 0.400935 -0.071293 -0.437399 1.188414 0.424671 -0.256832 0.316896 0.023633 -0.252200 
290.330475 -11.098902 -2.787399 1.437618 -2.317763 -2.680013 -1.277484 -2.896266 0.240744 -0.689648 0.378217 -1.490033 1.018642 2.477970 0.061283 -0.523433 -0.419179 -1.217490 -0.119045 0.366799 -0.273045 -0.151243 0.686930 -0.315979 -0.520352 -3.023189 0.480325 -0.370178 0.642469 0.623275 0.326023 0.535546 0.305344 0.036858 -0.059734 0.265157 0.137940 
291.397827 -10.774278 -2.184961 0.854202 -2.157972 -2.702511 -1.329364 -2.264488 0.239312 -1.319327 0.856591 -1.385658 0.735740 -0.393782 0.481274 -0.093111 0.530781 -0.109611 0.030226 0.570144 0.023240 -0.044745 0.283514 0.143802 -0.040820 -2.250888 0.368350 0.277574 0.225775 0.489024 0.267396 0.084025 0.061272 0.377480 -0.370076 0.195881 0.440902 
282.419128 -11.886465 -1.824851 1.251396 -1.256200 -2.899235 -1.217032 -1.755977 0.287224 -0.779138 0.945245 -1.202428 0.937002 -2.023807 0.797984 0.031714 0.032371 -0.239442 0.415748 0.534849 -0.150501 0.603718 -0.053221 0.075783 0.361451 -1.155254 0.180607 0.012648 -0.434031 -0.101890 -0.218744 0.276746 -0.173251 0.122373 -0.235049 -0.171812 0.131703 
270.251923 -14.821891 -0.588993 0.917631 -2.093229 -3.181396 -0.497869 -1.194790 -0.061690 -0.111892 0.750150 -1.234093 1.458641 -2.704290 0.842487 -0.067815 -0.337281 -0.313391 -0.407262 1.123636 -0.323262 0.200001 -0.186584 -0.199821 0.222587 -0.268402 0.097744 -0.001149 0.190621 0.388872 -0.873628 0.071012 0.151529 -0.453221 0.066715 -0.064285 -0.334500 
250.899109 -17.295046 -0.139877 1.115765 -1.930762 -3.526016 -2.031556 0.491295 -0.359300 -0.379137 0.572078 -1.602071 1.382175 -2.560611 0.993472 0.029416 0.413613 0.538301 -1.331508 0.676874 0.152557 -0.302724 0.080209 -0.052788 -0.307549 0.261705 0.473660 -0.675829 0.193328 1.037250 -0.121062 -0.756986 0.173469 -0.340961 0.258154 0.231452 -0.100309 
236.596436 -19.943114 1.397951 0.976462 -1.266003 -2.104795 -3.160886 0.158958 0.243423 -0.717340 0.910569 -1.339669 0.843543 -2.180879 1.789806 -1.419472 0.049374 1.761109 -0.649386 -0.390336 0.023675 -0.481921 0.329724 0.263083 0.021968 0.440141 0.489098 -1.449249 0.012852 0.788655 0.094036 -0.103102 -0.604364 0.021301 0.363264 -0.140316 0.393674 
223.389404 -21.656804 3.439735 -1.723179 -1.832014 -0.003799 -3.330328 -0.289377 -0.311950 -1.342979 1.231526 -1.075905 1.426112 -1.680330 1.971668 -2.869082 0.439318 2.115611 -1.143436 0.470670 -1.056171 -0.260123 0.806738 -0.333421 0.479798 -0.008909 0.085165 -0.559138 0.678114 -0.464224 0.109850 -0.176520 -0.321961 0.561751 -0.366582 0.173130 -0.143550 
215.127701 -23.303773 5.341287 -4.761701 -0.387367 2.126427 -5.447758 1.100299 -1.868919 -1.237585 2.524045 -2.006510 1.803139 -2.198698 1.960136 -2.537748 1.405602 0.832662 -0.429686 -0.743376 -0.620248 0.641580 -0.403439 0.609343 -0.265131 0.789308 -0.847659 1.183538 0.221240 -1.403106 1.106201 -1.060264 0.631178 0.593021 -0.933207 0.689527 -0.410478 
215.657761 -26.054200 7.360007 -6.798675 0.979190 1.661525 -4.189701 -1.776129 -1.552446 -0.059819 0.424647 0.142781 0.895849 -0.101713 0.276350 -0.502006 0.881797 -0.690600 1.068966 -1.649857 0.206185 0.925919 -1.059677 1.045634 -0.341158 1.962341 -1.472185 1.662216 -1.095021 -0.613345 0.547157 0.279893 0.788684 -0.849032 0.766356 -0.529489 -0.057863 
220.972229 -23.507199 5.893986 -5.765713 1.376228 0.745226 -3.309825 -2.199416 -1.456549 0.614254 0.404691 0.084759 1.120823 1.725985 -0.984234 0.786684 -0.784441 -0.394028 0.664628 -0.183591 0.957121 -1.056484 1.129272 -0.449636 -0.380857 0.653831 -0.618438 0.500422 -1.096592 0.412504 -0.475689 1.114950 0.429597 -1.574569 1.538056 -1.045176 0.116797 
223.982956 -22.602230 5.391540 -5.225306 -0.589692 0.873469 -2.860446 -2.143311 0.361796 -2.172787 2.683191 -0.756491 0.134135 1.205948 -0.960526 0.498838 -1.311386 0.134408 0.117589 0.580042 1.065379 -2.223218 2.016435 -1.044718 -0.107564 -0.657808 0.062286 -0.365727 0.313951 -0.187945 -0.221561 0.391163 -0.369105 0.099552 -0.165353 -0.380576 0.509318 
222.082626 -21.095302 3.972934 -4.768036 -1.246544 1.014043 -3.074648 -1.039331 0.674209 -3.832181 4.437561 -2.004678 0.905696 0.410368 -0.859661 0.055231 -0.156539 -0.769919 0.221506 0.598735 0.218912 -0.857380 0.798566 -1.210788 0.637778 -0.736623 0.173569 -0.127334 0.621940 -0.507471 0.102557 -0.312348 -0.415439 1.168696 -1.074389 0.160048 0.133196 
217.915421 -21.781494 3.672219 -5.114843 -0.902770 -0.666370 -2.417435 -0.945840 0.799620 -3.887548 4.280322 -3.178067 1.409692 -0.267297 -0.613388 0.244170 -0.067507 -0.880534 0.322703 -0.044654 0.234501 0.114174 -0.132344 -0.724622 0.158828 0.043956 0.088516 0.195827 0.018565 0.226637 -0.081842 -0.251098 -0.133384 0.586903 -0.476825 0.504459 -0.319252 
211.167633 -21.629896 2.746157 -4.279695 -1.381558 -0.747024 -2.429242 -1.128639 1.143211 -3.603834 4.172873 -3.453922 1.223352 0.498280 -0.682629 0.446885 -0.119409 -0.316646 0.057822 0.096539 -0.047855 0.316425 -0.155084 -0.201870 -0.000725 0.727731 0.000980 -0.058161 0.200163 0.120263 -0.023773 0.113909 -0.217537 -0.009912 -0.117960 0.448303 -0.019390 
210.235443 -20.784935 2.306961 -4.221074 -1.141587 -1.299661 -2.301791 -0.752762 0.703910 -3.254698 3.970153 -3.581806 1.408241 1.188164 -0.611428 0.127848 0.332819 -0.640008 0.275157 0.183164 -0.200573 0.094349 -0.368263 0.171985 0.120048 0.256517 0.096005 -0.069161 0.039915 0.090877 0.097483 0.074991 -0.056182 -0.087675 -0.085483 0.261259 -0.021380 
211.607666 -19.253568 1.523301 -4.023999 -0.715919 -2.027040 -1.878928 -0.762312 0.742064 -3.415135 3.436346 -3.109952 1.463448 1.011314 -0.490619 0.308563 -0.039578 -0.134891 0.252788 0.246521 -0.160219 0.141075 -0.326051 0.320649 -0.043486 -0.341491 0.232688 0.334671 -0.240084 0.445922 -0.177527 0.178490 0.149793 0.127667 0.266041 -0.196910 -0.131376 
219.126740 -18.762306 1.325724 -3.603948 -1.220743 -1.569443 -1.796216 -0.259720 0.383472 -2.972548 3.318051 -2.940509 1.321268 0.505182 -0.146053 0.797190 -0.147349 0.251836 -0.079897 0.540143 0.099013 0.349683 0.163819 -0.221835 -0.142704 -0.659456 0.747455 -0.208287 0.370165 -0.008609 -0.199700 0.188854 0.258881 0.042906 0.220257 -0.274896 0.141741 
229.959503 -18.243205 1.231195 -2.429619 -1.010617 -1.523367 -2.038721 0.317975 0.940090 -2.715768 3.763985 -3.553621 1.178040 -0.307597 1.004292 -0.108011 0.700753 -0.152109 -0.146612 0.624229 0.357543 0.226887 0.114462 -0.229143 0.239996 -0.888098 0.926321 -1.033799 0.668924 -0.413005 -0.065333 -0.019086 -0.279139 0.034046 -0.172370 0.106845 0.224106 
236.524902 -19.377500 3.334307 -3.819969 0.180762 -1.873662 -2.089439 0.988738 1.098557 -2.518774 3.546975 -3.398795 1.801261 -1.271014 1.706589 -1.270408 1.190499 -0.574174 -0.210564 0.501972 -0.459264 0.417775 -0.180921 -0.008144 0.305508 -0.730744 0.232102 -0.483600 -0.017483 -0.330292 0.330483 -0.361931 -0.621785 0.152642 -0.258705 0.419742 -0.069844 
234.775192 -20.785232 4.644373 -4.970434 1.370382 -2.671715 -2.459848 1.321919 0.021561 -1.880217 3.402143 -3.569909 1.789055 -1.769084 1.468496 -1.075212 0.665787 -0.812694 0.514354 -0.099633 -0.886027 0.532171 -0.402948 0.610340 0.100309 -0.419034 0.150532 -0.095600 -0.428425 0.081677 0.245816 -0.163908 -0.304033 0.055893 -0.347234 0.380709 -0.167476 
230.342606 -22.915669 6.271298 -5.970392 1.512336 -3.499050 -1.060732 0.789471 -0.673496 -1.454432 2.741080 -2.178114 2.001880 -2.109083 2.007653 -1.461607 0.333649 -0.410820 0.281069 0.174156 -1.067331 0.529561 -0.875388 0.753273 -0.029445 0.098434 -0.242749 -0.042607 -0.179876 0.426444 -0.651938 0.166332 0.191623 -0.043408 -0.160699 -0.278519 -0.139620 
223.218109 -25.003397 8.659680 -7.893648 2.037680 -3.493354 -1.897710 1.670231 -2.113101 -0.821096 1.651367 -2.063363 1.730164 -1.572216 0.982997 -1.160425 0.306035 0.040194 -0.789523 0.233030 -0.502781 0.445356 -0.724345 0.053303 -0.178930 0.281338 -1.139706 0.752281 -0.417579 0.342753 -0.351224 -0.241864 0.534862 -0.291295 0.533304 -0.510493 0.029706 
216.196487 -26.060101 8.237292 -8.291242 2.124405 -3.418661 -2.639777 1.255531 -1.679058 -0.563720 1.292389 -2.071509 1.644019 -1.546407 -0.271759 0.042956 -0.501509 0.274687 -0.421379 -0.309572 0.002393 -0.053029 0.191219 -0.267712 0.029967 -1.010388 0.163764 0.679946 -0.837298 0.590035 0.138182 -0.158292 0.178681 -0.372888 0.354738 0.098801 -0.055606 
207.747925 -28.096211 8.116161 -7.807737 1.034663 -2.943980 -2.740468 1.051088 -2.108316 -0.927154 2.033806 -2.598787 1.790098 -3.592991 1.310525 0.199468 -1.368561 1.220263 -0.513158 -0.083554 -0.145419 -0.300420 -0.014869 0.250905 -0.290143 -2.933275 1.163347 1.100469 -0.977832 0.602808 0.671329 -0.238618 0.386045 0.015845 -0.793428 0.812964 -0.300684 
199.084625 -33.246083 10.858342 -7.892307 -0.612716 -0.978135 -3.666092 1.088423 -1.969896 -1.164559 1.262651 -1.569700 1.063734 -7.412957 2.054935 2.243893 -2.457174 1.480302 0.921280 -0.786807 0.774482 -0.021339 -1.395637 1.358216 -0.571402 -4.222802 -1.996958 2.741692 0.233876 -0.938160 1.096753 -0.186646 0.427511 0.229980 -0.358092 0.360715 0.013365 
193.360611 -42.922125 12.226031 -3.319951 -3.879684 0.016625 -0.897909 -0.522527 -0.559352 -0.969831 -0.757468 0.117645 0.647294 -12.038596 -2.683391 5.682851 -0.900808 -0.656057 1.680349 -0.456847 0.709603 0.159540 -0.731054 0.972335 -0.263413 -3.019277 -5.821697 -0.462834 1.958282 -0.826681 -0.227969 0.535133 -0.329875 0.260173 0.842415 -0.775141 0.133436 
190.782990 -57.323274 5.491559 3.473395 -2.414332 -2.290248 -0.305395 0.174730 -0.550691 -0.845478 -0.199456 0.374970 0.536909 -13.451512 -9.588459 1.318224 1.459390 -0.173059 0.465341 0.283459 0.114731 0.499008 0.289192 -0.192066 -0.304529 6.225473 -0.465490 -3.469079 1.227398 1.104362 -0.587994 0.371924 -0.081060 0.284883 0.527258 -0.463663 0.063015 
139.379364 -69.825149 -6.950887 -0.683502 -0.960905 -0.329493 0.032773 0.044390 -0.329890 0.028184 -0.179083 -0.266486 0.038236 0.412350 -3.614371 -1.255306 1.553988 1.552667 0.504360 0.287001 0.547483 0.729305 0.323463 0.045008 -0.137382 7.338253 6.071076 -0.157271 -0.021135 0.630987 -0.123003 0.176784 0.384799 -0.153193 0.018019 0.333721 0.167717 
197.481979 -56.498574 -1.737182 0.962783 0.693644 0.815087 0.703325 0.748732 0.544274 0.613132 0.447471 0.464986 0.262145 1.224995 2.553694 1.003683 1.417120 1.088915 0.219334 0.637027 0.884328 0.192621 0.325231 0.475377 0.030904 -4.386641 1.557317 0.778750 -0.675803 -0.786408 -0.311472 -0.261590 -0.137455 -0.387862 -0.064476 0.017246 0.116173 
225.403076 -67.375159 -1.843499 1.323864 1.873335 1.848337 0.471441 1.318444 1.438767 0.413426 0.471379 0.684268 0.100043 -8.360933 -0.499736 0.302194 0.202383 -0.020149 -0.118584 -0.236180 0.272573 -0.046419 0.194511 0.079499 0.094964 6.808567 -0.799922 -0.878250 -1.349190 -1.402075 -0.257141 -0.596178 -0.636838 -0.476986 -0.094961 -0.388337 -0.078247 
233.179626 -73.220440 -2.736655 1.567171 1.098409 0.774789 0.466157 0.276372 1.089420 0.520295 0.836494 0.623985 0.452074 14.842128 0.953849 -0.752817 -1.281260 -1.715236 -0.294948 -0.555330 -0.389347 -0.761351 0.135310 -0.301297 -0.125590 9.331318 0.945894 -0.476061 -0.353403 -0.238193 0.022955 0.316313 -0.181489 -0.402825 -0.049798 -0.194680 -0.176218 
0.000000 -37.690903 0.064199 -0.181770 -0.689185 -1.582135 -0.118454 0.207785 0.660072 -1.109276 0.742000 0.081675 -0.151137 10.301703 1.392052 -0.649928 -0.504424 -0.496536 -0.072673 0.396446 -0.090406 -0.852068 0.094915 -0.309861 -0.257471 -11.428837 -1.321918 1.257952 2.027544 1.565452 0.134051 0.485947 -0.075622 0.318685 0.252622 -0.175836 0.132524 
96.419380 -52.617033 0.047449 0.267314 0.089561 -0.218283 0.320811 1.069265 0.908608 -1.183841 1.026324 0.004263 -0.062869 -8.015546 -1.689986 1.763086 2.773828 1.415667 -0.026846 0.416564 -0.540592 -0.123982 0.640554 -0.652969 0.139459 -1.548488 -1.707663 1.366946 1.340466 0.432473 0.099607 -0.674724 -0.317482 0.367391 0.179908 -0.084767 0.110503 
96.744690 -53.721995 -3.315773 3.344403 4.858471 1.249199 -0.172146 1.040914 -0.421111 -1.357240 2.023107 -1.224263 0.127781 7.204728 -2.023273 2.083964 2.176508 0.368411 0.126541 -0.953001 -0.725370 -0.117287 0.454732 -0.479394 -0.036465 5.543730 1.086968 0.045520 -1.425992 -1.167285 0.207024 -0.793465 0.635374 -0.163609 -0.500295 0.323864 -0.132450 
199.991440 -38.207578 -3.999096 4.435242 4.442577 0.518540 0.573894 -0.836737 -0.542131 -1.418414 1.935788 -0.954526 -0.135799 3.071914 0.483951 1.854126 -0.078156 -0.918903 0.387202 -1.170366 0.730156 -0.451199 -0.360036 -0.005241 -0.125441 -1.088375 1.948991 -2.589493 -2.089066 -0.321438 0.121526 0.568268 0.683743 0.126258 -0.658421 0.245206 0.008018 
199.549286 -47.578167 -2.347871 7.052655 4.702159 -0.588608 0.602259 -1.299819 1.039202 -2.259638 1.303035 -1.234745 -0.123101 5.027978 1.874710 -3.095023 -2.001623 -0.274465 0.369593 0.183536 0.642117 0.135229 -0.862110 0.011018 -0.020429 5.863753 -0.315477 -3.262025 -1.277023 0.379838 -0.269300 0.737736 -0.509153 0.459488 -0.217061 0.038082 -0.057795 
0.000000 -28.151622 -0.249677 -1.754804 0.439331 -0.030390 1.313079 -0.469665 0.742102 -1.147956 0.211568 -0.932490 -0.176658 14.799420 -0.147004 -4.669924 -2.632203 -0.159227 -0.151398 0.305105 -0.288150 0.467777 -0.794158 0.070923 -0.241030 -4.172851 -1.403649 1.656255 0.759557 0.085894 -0.122668 0.266094 -0.221503 0.128322 0.489031 -0.031712 -0.026639 
229.820450 -17.979328 -2.641880 -2.287193 -0.562246 -0.907062 0.299463 -0.689609 0.462902 -1.324085 -0.285280 -1.092898 -0.605162 -3.317725 -0.932589 0.217487 -0.482508 -0.102678 0.124257 0.715723 0.199111 0.391872 0.115953 -0.052407 -0.073708 -14.723359 1.722575 2.178171 1.237699 0.159065 0.348835 0.626658 0.128797 0.281966 0.729862 -0.186167 0.145112 
230.058289 -34.787072 -2.114854 -1.319829 -0.525686 -0.235746 1.561593 0.961782 1.140325 -0.364212 0.443474 -1.037304 -0.324074 -14.647298 3.298146 -0.313582 -0.156805 0.158902 0.546273 1.558421 -0.030555 1.031708 0.665567 -0.301410 0.049194 -1.421235 0.275318 0.003965 1.780821 0.024865 0.133017 -0.265763 -0.381127 0.055186 -0.233296 0.011551 -0.012969 
229.764343 -47.273923 3.954412 -2.914356 -0.875856 -0.589257 1.392009 2.427232 0.401792 0.739331 1.045853 -1.695718 -0.506774 -6.160194 -0.381952 0.225417 3.079133 -0.052949 0.390291 0.184198 -0.563143 0.502244 -0.350640 -0.029305 -0.099645 9.676199 -4.676557 -0.121746 1.466701 0.005189 -0.178068 -1.220811 -0.099382 -0.456003 -0.581570 0.332990 0.022224 
251.661346 -47.107461 -2.878759 -0.868995 5.632580 -0.341643 2.342175 1.330177 0.014039 0.640275 -0.257806 -1.095913 -0.523365 4.705100 -6.054969 -0.557074 2.776597 0.169280 0.190137 -0.883201 -0.229319 0.119702 -0.497574 0.364570 0.093643 3.948567 -1.092235 -0.736307 -1.958347 0.112386 -0.221114 -0.306076 0.200621 -0.124869 0.213553 0.007466 0.196195 
266.494934 -37.863723 -8.155526 -4.028505 4.677339 -0.250696 1.772283 0.660831 -0.056847 0.978736 0.050704 -0.966579 -0.319487 1.736940 -2.566423 -1.247197 -0.837561 0.171823 -0.051937 -0.427953 -0.161902 0.252505 0.076466 -0.014373 0.292745 -6.670593 4.505759 0.644592 -2.845491 -0.209827 0.223634 0.770928 0.038675 -0.849637 -0.011641 0.018236 0.165314 
266.356506 -43.633580 -8.011604 -3.363388 3.957458 0.002004 2.238302 0.474270 -0.309765 1.145286 -0.104874 -1.124660 0.062125 -8.636085 2.956549 0.732110 -2.914385 -0.250374 0.637406 0.658656 -0.151970 -1.579571 -0.520856 0.401042 0.424272 -1.964671 5.473915 2.250045 -0.276797 0.072308 -0.004317 0.379229 -0.076944 -0.876743 -0.130692 0.174113 -0.185080 
270.978790 -55.135893 -2.242427 -2.564285 -1.151430 -0.751443 3.047094 1.978142 -0.360788 -2.180406 -0.991008 -0.164496 0.529056 -2.192402 8.381407 3.252893 -1.391156 0.316439 -0.060571 0.330504 -0.315789 -1.500980 -0.184918 0.333852 -0.077415 6.929133 2.113872 1.337719 1.564512 -0.271875 -0.835620 -0.317536 -0.039107 0.646794 0.377713 -0.332893 -0.451520 
291.790710 -48.018385 8.751210 3.142398 1.175146 0.634881 2.117161 1.135278 -0.941342 -1.856675 -0.474710 -0.456956 -0.092705 5.222182 7.184293 3.407547 0.214640 -0.794124 -1.033835 0.023584 -0.230185 -0.285982 0.234569 -0.264744 -0.478769 1.387253 -3.472761 -1.262953 0.208813 -1.167007 -0.685281 -0.167215 0.488413 0.891208 0.137049 -0.140730 0.070736 
197.511597 -44.691530 12.126158 4.250808 -0.722151 -2.339691 0.979424 2.025311 -0.821157 -2.752371 -0.521870 -0.693983 -0.428481 0.582104 1.435885 0.726988 -0.973530 -2.017575 -1.431133 -0.003926 0.661038 0.281436 0.089179 0.052392 0.064058 -2.338173 -4.307934 -2.728516 0.007671 0.621286 0.055904 -0.702036 0.129985 0.747391 -0.038342 -0.032663 0.260114 
195.712631 -46.854176 11.622981 4.596374 -0.771914 -3.400268 -0.745106 1.127427 0.380734 -1.293804 -0.296351 -0.352172 0.035410 0.545836 -1.431576 -2.049485 0.229982 0.448449 -0.922026 -1.380488 0.029786 1.208799 0.157885 -0.330069 0.041458 3.267919 -3.779876 -2.701460 1.092515 1.568018 0.960528 -0.600204 -0.278992 0.083805 0.016769 -0.123036 -0.075076 
196.108841 -43.599859 9.263006 0.151838 -0.262188 -1.442793 -0.864629 -0.735665 -0.761585 -0.334772 -0.206099 -1.354122 -0.345564 7.117942 -6.123866 -4.675933 1.211501 1.118462 0.489922 -1.204334 0.103053 0.449045 0.122716 -0.193681 -0.086093 2.472474 -1.756152 -0.202089 0.363328 -0.154362 0.735855 0.553850 0.322213 -0.619635 -0.040147 0.318682 0.031468 
206.164124 -32.618292 -0.624752 -4.755491 1.651087 -1.163344 0.234738 -1.281241 0.586841 -0.395713 -0.050918 -0.739534 -0.136777 5.490783 -4.943879 -2.453664 0.956638 0.139725 0.549684 -0.272788 0.674213 -0.030471 0.077591 0.307294 0.104394 -0.813579 0.589994 1.111134 -0.127432 -0.489369 0.029881 0.465773 0.285580 -0.239758 -0.022563 0.250487 0.095244 
