0.000000 -54.157139 -5.214736 3.255928 10.931942 -0.237715 -0.079834 2.833170 1.614613 -1.260454 0.213980 2.178772 -2.288701 7.815738 -0.317981 0.139013 0.813514 -0.505634 1.330543 0.071416 0.329872 -0.031875 0.226494 -0.122923 0.099314 1.750164 -0.907392 0.178346 0.134318 -0.001680 -0.432281 -0.483463 -0.051392 -0.411978 -0.048361 -0.247399 0.228910 
391.436218 -38.525663 -5.850697 3.533954 12.558970 -1.248983 2.581253 2.976001 2.274357 -1.324205 0.666968 1.932925 -2.090072 11.316065 -2.132765 0.495705 1.082150 -0.508993 0.465982 -0.895511 0.227087 -0.855831 0.129773 -0.617722 0.557134 -0.609354 -0.606572 -0.434114 -0.554506 0.552708 -1.350020 -1.301783 -0.437468 -0.437269 -0.429868 -0.510348 0.153557 
146.041550 -31.525009 -9.480265 4.247339 13.096241 -1.255701 0.852130 1.042148 2.068788 -2.972117 0.473526 0.943327 -1.174433 6.597030 -1.531125 -0.729216 -0.295497 0.599783 -1.369498 -2.532150 -0.545065 -0.906414 -0.633242 -1.143619 0.406429 -2.505489 1.694722 -1.455126 -1.400124 0.782062 -0.237155 -0.484105 -0.538805 0.448932 -0.405730 0.117955 -0.186075 
300.078522 -25.331603 -8.912946 2.075522 11.967975 -0.049418 -0.157742 -2.088300 1.184227 -3.137032 -0.599516 -0.354313 -1.277214 6.305087 1.256679 -2.414546 -1.718099 1.055130 -0.008327 -1.863720 -0.850522 0.042032 -0.681688 -0.381811 0.184985 -1.304318 1.894791 -0.887756 -1.106478 -0.019213 1.045645 1.145711 -0.043781 0.582988 0.261481 0.383016 -0.134043 
308.085388 -18.914835 -6.966907 -0.581753 9.660043 0.854558 0.835475 -2.685291 0.367743 -2.888053 -0.889850 0.179705 -0.804463 3.988394 2.258458 -2.504727 -2.508454 0.561356 0.721793 -0.240728 -0.632627 0.259562 -0.110280 -0.377588 0.138342 -4.268490 -0.259213 0.439595 -0.290037 -0.247569 0.959865 1.470698 0.060925 0.174454 0.827958 -0.117571 -0.369012 
311.369507 -17.354815 -4.396029 -2.933933 6.951067 1.073295 1.285844 -2.569757 -0.081027 -2.617907 -0.820075 -1.109488 -1.000529 -2.231893 0.738252 -1.535355 -2.298172 0.559992 1.911402 1.077676 -0.728672 0.390940 0.974228 -0.616954 -0.553038 -2.057950 -0.175788 1.243818 0.881127 -0.369510 0.240439 0.473473 0.027332 0.058780 0.422335 0.446433 -0.266806 
285.051605 -23.378620 -5.490403 -3.652464 5.063699 1.974542 4.658280 -0.529938 -1.089602 -2.106173 1.058606 -1.054202 -1.910539 -0.127506 1.906883 -0.017091 -0.746199 -0.177664 1.202672 0.706218 -0.577963 0.377122 0.734391 0.515277 -0.395270 3.540937 1.345895 1.053917 0.831048 -0.554739 -1.680123 -0.679445 0.171863 -0.149612 -0.618118 0.901505 0.586840 
281.796539 -17.609827 -0.582263 -2.968114 5.458669 0.717967 3.691188 -1.157320 -1.236952 -1.863663 0.648706 -0.078934 -1.791069 4.849981 3.430042 0.572479 -0.636077 -0.549486 -1.448844 -0.281214 -0.384946 0.091716 -0.262007 1.186056 0.620642 1.007163 0.280568 0.150021 -0.785766 0.157285 -1.482662 0.089753 0.183898 -0.358963 -0.580963 -0.060167 0.824669 
273.247284 -13.678658 1.369682 -2.507507 3.791546 0.875569 1.760592 -1.092367 -1.859494 -1.922741 0.534591 1.317910 -0.669255 1.886821 2.468019 0.282952 -2.317732 0.136906 -1.762651 0.885724 -0.210167 -0.340804 -0.427536 0.394943 1.254068 -3.122968 -0.211905 -0.294596 -0.474644 0.249769 -0.054808 0.809570 0.441502 -0.339330 0.030427 -0.958618 0.137762 
256.090179 -13.836186 4.353775 -2.402211 0.823205 0.991780 0.165886 0.614127 -1.657285 -2.545270 -0.206365 0.710952 0.717068 -1.395956 3.006231 -0.016712 -1.585365 -0.049948 -1.558460 1.337926 0.498059 -0.586945 -0.201153 -0.731179 0.896166 -2.017589 -0.322870 -0.036584 1.018002 0.118641 0.250755 -0.188342 0.461144 -0.066059 0.553735 -0.525324 -0.582745 
251.898590 -16.470569 7.382145 -2.540931 0.620817 0.775673 -1.356327 1.583486 -0.863377 -3.096630 0.132285 -0.144447 1.123076 -2.148358 1.822280 0.209783 -0.281728 0.374189 -1.261142 0.509039 0.712121 -0.472921 0.679934 -0.655705 0.088579 -0.555692 -1.113826 -0.355033 0.383578 0.548231 0.931207 -0.982586 -0.099659 0.324818 0.250160 0.376545 -0.565441 
254.176453 -18.132902 7.998334 -1.982645 0.259749 1.740158 -2.356398 1.632205 -0.233043 -3.491113 1.153503 -0.600459 0.894225 -2.507339 0.778580 -0.726779 -0.818208 1.046513 0.303953 -0.627245 0.298741 0.062691 0.299167 0.021912 -0.234717 -1.174142 -2.350839 0.455745 -0.413540 0.546279 1.662059 -1.128428 -0.463038 0.767875 -0.674903 0.549942 -0.560383 
260.838776 -21.485247 8.939305 -3.994490 -1.015599 2.868700 -0.748420 0.328995 -0.265895 -2.971248 0.730619 -0.100623 0.653642 -4.496641 -2.879398 1.121273 -1.108809 1.466746 2.062976 -1.747817 -0.213955 1.062829 -0.669872 0.444179 -1.032187 -1.001192 -5.606121 0.274641 0.944321 -0.076682 0.599843 0.073933 -0.040027 0.498889 -0.236603 0.268045 -0.248611 
282.327423 -27.126184 2.239538 0.259900 -1.957869 4.673650 1.769553 -1.863429 -0.660954 -1.365454 -0.186241 0.287900 -1.170150 -4.509722 -10.433662 -0.177498 1.070434 0.893149 1.503639 -0.479380 0.218686 1.060470 -0.174038 0.558002 -0.731940 0.422955 -3.545539 -2.539361 1.375264 -1.106728 -1.139466 0.835255 -0.082055 -0.437493 0.856939 -0.095089 0.487107 
329.129211 -30.504691 -11.928019 -4.349486 1.125269 4.654998 2.258859 -0.629765 0.171478 -0.850308 0.382543 1.015380 -0.810238 -3.650731 -9.970475 -3.957449 1.641719 -0.746709 -0.215956 -0.077307 -0.378064 0.187844 1.044006 0.254002 -0.057974 3.571902 8.421503 0.609717 -0.447824 -0.363014 -0.822423 0.013045 -0.506100 -0.760816 0.126448 -0.621361 0.379597 
0.000000 -34.427646 -17.701413 -7.654998 1.325570 3.180232 1.337641 -2.018042 -1.417082 -0.989767 1.901771 0.795903 -1.286099 2.634081 6.409343 1.041936 0.174787 0.167121 -0.141206 -0.453290 -0.793514 -0.461163 0.078857 -0.684721 0.027253 4.679807 11.500609 2.282398 -0.927545 1.181628 -0.341400 0.582530 -0.247994 0.070748 -0.855369 -0.554071 0.273160 
0.000000 -25.236529 0.890667 -2.265614 1.474842 4.989239 1.976447 -1.536344 -1.415549 -1.772633 0.540257 -0.354062 -0.755732 5.708883 13.030742 0.607346 -0.213371 1.616547 -0.898756 1.087754 -0.874053 0.329339 -0.666731 -0.854140 0.488345 -0.164155 -1.482228 -1.789351 0.092846 -0.026322 -0.561112 0.631620 0.077189 0.454115 -0.155452 0.245662 -0.085021 
337.046265 -23.009880 8.360072 -6.440306 0.898827 6.413327 -0.459871 0.157465 -3.165188 -0.331088 0.568308 -0.912378 -0.309409 2.305771 3.444887 -2.536767 0.360478 0.114476 -1.263431 0.809951 -0.639136 0.447067 -0.232046 -0.193397 -0.142789 -1.849888 -7.470390 -0.141302 0.375593 -1.534388 1.221799 -1.389660 1.032066 -0.512070 -0.131797 1.054940 -0.958844 
341.497375 -20.624988 7.780441 -7.339147 2.195799 5.218192 -0.550415 0.083557 -2.693822 -0.878500 0.076165 -0.740856 -1.041309 2.009106 -1.910037 0.324743 0.537814 -1.452229 1.544842 -1.691567 1.190079 -0.694800 -0.930326 1.255739 -1.429343 -1.345216 -2.582657 1.739043 -0.113299 -0.650250 1.575019 -1.284860 0.899051 -0.375459 -0.213702 0.719564 -0.388149 
333.870575 -18.991667 4.539998 -5.790820 1.974455 3.508869 2.629813 -3.225669 -0.785030 -1.720688 -1.292343 1.599101 -3.168094 -0.384662 -1.720426 0.941319 0.133881 -1.186024 1.886608 -1.759769 1.158966 -0.303851 -0.659451 1.245730 -0.919086 -2.745917 0.514116 0.855531 -0.712282 1.104960 -0.822776 0.609568 -0.413287 0.634076 0.382289 -0.941397 0.875299 
324.744141 -21.394313 4.339589 -5.456509 2.463560 2.846143 3.222801 -3.435981 -0.375891 -1.486202 -1.242737 1.750605 -2.879481 -3.482727 -0.881804 2.035805 -0.886750 0.757691 -0.100710 -0.472430 0.363504 0.573351 -0.165747 -0.627054 0.321255 -1.378155 -0.822626 0.936969 -0.053144 1.805117 -1.395764 1.349835 -0.399054 0.388623 0.591953 -0.860005 0.857787 
308.525482 -25.957120 2.776390 -1.719211 0.200955 5.024251 2.428394 -4.170529 -0.058022 -0.573986 -1.623838 0.344993 -2.525583 -3.140972 -3.365677 2.815258 0.027592 2.424210 -0.904919 0.939901 0.360858 0.473396 0.524455 -0.474281 0.796487 1.715318 -2.814339 -1.409366 1.414921 -0.048891 0.016240 1.343396 -0.068804 0.009074 0.853944 0.627215 0.480865 
312.203644 -27.676257 -2.391766 0.174006 2.518745 7.694563 1.412962 -1.556180 0.345826 -0.539409 -0.193828 0.802043 -1.286506 -0.052092 -6.510482 -0.782926 1.943091 0.659908 -0.068230 2.214361 0.225895 0.591500 1.542141 0.627377 1.282985 1.563532 -2.038153 -2.809153 0.385532 -1.778461 0.496346 0.117429 -0.093784 0.239825 0.192747 0.325208 -0.149650 
341.175323 -26.061304 -10.244574 -3.285063 4.087138 6.344068 2.291934 0.258193 0.393768 0.609013 1.460444 1.599747 0.040387 -0.013908 -7.441983 -2.803048 0.798657 -1.132711 0.087772 1.174758 0.173291 0.953045 0.909949 0.176136 0.497187 -1.574633 0.235554 -0.871876 -1.334786 -1.119055 -0.779859 -1.492971 -0.281821 -0.351592 -0.926553 -0.669818 -0.933588 
354.521912 -27.704074 -17.275732 -5.432089 4.116059 5.429141 1.588506 0.793335 0.692408 1.366681 1.626070 1.154316 -0.292131 -3.201357 -6.039373 -2.526679 -0.726481 -1.578202 -1.627948 -0.771581 -0.337748 -0.111684 -0.310966 -0.712259 -0.584190 -0.832898 3.911260 1.468483 -0.279827 0.658001 -0.129331 -0.887326 -0.208297 -0.787044 -0.507204 -0.257625 -0.483315 
0.000000 -32.464018 -22.323321 -8.338421 2.634177 3.187664 -0.963961 -1.284969 -0.281727 0.385645 0.838513 0.175229 -1.127994 -1.679705 0.380538 0.133918 0.239004 0.183292 -0.170889 -0.599893 -0.243302 -0.621043 -0.104458 -0.339113 -0.469443 2.236373 7.773692 3.208523 0.746065 1.785943 1.437901 0.717626 0.435142 0.175640 0.015391 0.198027 0.229654 
0.000000 -31.063483 -16.514657 -5.164253 4.594067 5.795725 1.246728 -0.406451 0.205804 0.124596 1.417153 0.476090 -1.231018 1.271389 9.508011 3.890366 0.765650 1.993685 1.247854 0.663670 0.532537 0.239596 -0.280184 -0.316204 -0.124882 0.255516 5.649718 0.502413 -1.464990 0.702966 0.730967 0.515391 0.279372 0.596141 -0.444177 -0.208580 0.130884 
0.000000 -29.921240 -3.307298 -0.557689 4.165476 7.175033 1.531747 0.042372 0.783347 0.864836 0.278144 -0.457180 -1.377759 -1.168673 11.679974 1.138744 -2.690976 1.589223 1.291046 0.430888 0.315443 0.571239 -0.992813 -0.756274 -0.207675 -1.268732 -1.296475 -2.720462 -1.955778 -0.689039 0.079295 -0.321796 -0.582510 -0.001491 -0.115105 -0.122121 0.160795 
235.456161 -33.400830 6.845291 -2.886766 -0.787885 8.974171 3.828820 0.455325 0.836690 1.267074 -0.568473 -1.036458 -1.646367 -1.266075 6.915062 -1.550558 -3.145907 0.615606 1.406444 0.020077 -0.632483 0.236615 -0.510393 -0.560447 0.196708 2.382477 -4.503756 -0.934382 1.472218 -2.014325 -0.293375 -0.868396 -0.094213 -0.747354 0.164146 0.789181 0.265263 
237.605118 -32.453390 10.522826 -3.658804 -2.126338 8.406245 4.344635 0.082527 -0.481618 1.338065 -0.742643 -1.578074 -0.984343 3.596281 2.672461 -0.730020 0.253461 -2.439426 0.704296 -1.305904 0.127017 -0.923468 -0.664522 0.822089 0.322852 2.802644 -3.271312 1.116085 2.187879 -2.349519 -1.295740 -0.116955 1.210270 -0.866948 -0.036112 0.986459 -0.335720 
247.562851 -26.208268 12.190213 -4.346807 -0.280963 4.095319 5.237411 -2.156482 1.090725 -0.579863 -1.897517 0.607720 -1.000664 4.339213 0.372437 0.681613 1.229850 -4.083432 -1.185035 -0.213833 1.788057 -1.497281 -0.582617 1.412471 -0.474733 -2.772507 -1.074951 1.729013 0.222738 -0.320703 -1.723384 1.310577 0.345785 0.164746 0.499139 -0.112800 -0.400029 
257.217957 -23.774963 11.267701 -2.295577 0.333362 0.239380 1.974565 -0.345138 3.094496 -1.656497 -1.907878 1.246869 -1.933810 -1.948733 0.522560 2.728005 0.698937 -3.080832 -2.742473 1.315250 0.818588 -0.593977 0.333757 0.596488 -0.477205 -4.186148 0.507793 1.063830 -0.532621 1.047946 -0.016739 1.010267 -1.552941 0.666538 0.809490 -0.916879 0.596377 
263.029175 -30.105733 13.235332 1.109204 1.116910 -2.066345 -0.247536 0.474018 2.727901 -1.767817 -1.230003 1.800697 -1.955074 -4.033082 1.388023 2.809274 0.164608 -1.987540 -1.218513 1.806702 -1.317826 -0.164205 1.036363 -0.421286 0.718020 3.350086 -1.174962 -2.494693 -0.154945 1.521940 2.096767 -0.422274 -1.298556 0.331946 0.080487 -0.592304 0.500040 
261.028656 -31.841128 14.043746 3.322970 0.662577 -3.735700 -0.462462 3.268267 0.458845 -1.984908 0.164848 0.404297 -0.497770 4.751440 -1.827363 -2.261381 0.389048 -0.036953 1.451061 0.470702 -1.778524 0.069914 0.494731 -0.588119 0.522875 4.699071 -3.145423 -3.055843 0.795464 1.841751 1.957064 -1.923988 0.298808 0.400967 -0.497084 0.148758 -0.442401 
253.354065 -20.602853 9.580605 -3.413559 1.895005 -2.140250 2.654587 1.415422 -0.829148 -1.627988 -0.240540 0.624458 -0.909324 5.365060 -4.902824 -3.302412 1.755537 1.695962 2.695615 -2.041274 -0.720210 0.637729 0.042195 -0.123770 -0.166783 -7.365496 -1.838806 3.206259 0.322894 0.419745 -0.622896 -0.460706 1.157883 0.444068 -0.076819 -0.066741 -0.258763 
248.218567 -21.111008 4.238098 -3.281854 4.173650 -0.343777 4.928768 -0.814281 -0.981576 -0.709451 0.249238 0.156757 -0.831336 -9.979552 -5.504976 4.151137 1.034835 0.802538 0.205269 -0.450710 0.537242 0.958050 0.341094 -0.721601 0.005349 -6.476458 -2.676093 3.243421 0.255810 -0.836531 -2.447149 1.709099 1.141577 0.049603 0.012303 -0.014967 0.434894 
236.252686 -40.561956 -1.429347 4.888716 3.964675 -0.535174 3.065125 0.514002 0.245335 0.288112 0.441648 -0.818745 -0.898626 -7.587856 -10.255010 3.184431 2.267157 0.022900 -2.198683 1.376924 1.562943 0.736934 0.066800 -0.153705 0.703005 9.462872 2.522504 -3.861648 -0.314776 0.199325 -0.523276 0.411089 -0.104689 -0.960632 -0.411497 0.426511 -0.011746 
245.668488 -36.286720 -16.271921 3.087007 8.707965 -0.297977 0.531403 1.939567 2.144310 0.764417 0.382838 -0.150653 0.574673 8.946191 -0.459968 -3.572159 0.405283 1.201188 -0.841284 0.371469 0.327863 -0.963214 -0.481901 0.131420 -0.018143 7.023143 11.157318 -3.290212 -2.899014 0.247607 1.122624 -0.703805 -1.230823 -1.157005 -0.385391 0.116141 -0.802053 
302.156708 -22.669573 -2.349283 -2.255602 4.775240 1.867202 1.382558 1.256941 0.901062 -1.638316 -0.522154 -0.555904 -0.934912 6.458431 12.059626 -3.395993 -3.530870 0.518114 0.046566 -0.030686 -0.898703 -1.577077 -0.703981 0.078577 -0.901102 -4.880535 3.094353 2.477706 -1.306218 -1.641862 0.234165 -0.256742 0.175094 0.205633 -0.103238 0.249653 -0.277178 
280.924469 -23.369859 7.847331 -3.704978 1.646224 0.738251 0.624535 1.878195 0.346904 -2.389737 -1.025124 0.006501 -1.227530 -0.814879 5.728738 1.383254 -2.207153 -2.082536 -0.372953 -0.142014 0.678051 -0.551949 -0.688378 0.630726 -0.572499 -5.252503 -4.805730 3.421168 1.237929 -1.284159 -0.179282 -0.379284 0.890637 1.126838 0.244515 -0.075304 0.301297 
287.664276 -24.299332 9.108193 0.510906 0.360934 -2.297869 0.636653 0.972913 2.257164 -2.742213 -1.898909 0.705548 -2.079909 -4.046576 2.448166 3.446344 -1.055012 -2.050204 -0.311997 -0.789254 0.882572 0.676599 -0.214951 -0.072032 -0.298507 -2.590307 -1.822710 0.597751 0.778024 0.951274 -0.472420 0.183579 -0.631587 0.911041 0.710502 -0.850630 0.540753 
289.582703 -31.463011 12.743663 3.187709 -0.463800 -3.362157 0.000541 0.299688 2.112047 -1.036539 -1.455025 -0.137563 -1.824544 -5.995493 2.083318 2.578755 -0.651104 -0.179987 -1.317793 0.225143 -0.585122 1.270134 0.732626 -1.070534 0.509007 0.000784 -2.544844 -0.156060 -0.344151 1.589124 -0.317311 0.633856 -0.474605 -0.371601 0.592148 -0.372009 0.494782 
286.955719 -36.290318 13.274830 5.668416 -0.941274 -2.657843 -1.998934 1.423200 1.086920 -0.201944 -0.433658 -1.435521 -1.061895 -4.045009 -2.641522 3.134225 -1.743314 1.128044 -0.946619 0.478458 -0.066638 -0.066603 0.969345 -0.816050 0.691056 -0.032736 -4.560481 -0.597269 -0.315111 0.597593 1.031652 -0.208510 0.819437 -0.623137 0.275582 0.531524 -0.066894 
281.826599 -39.553029 7.460620 9.456159 -3.950428 -1.106069 -1.892698 1.256604 1.978771 -1.169744 0.483665 -1.769663 -0.442431 -6.060965 -7.037643 1.384217 -1.281327 1.015198 0.745511 -0.191876 1.053752 0.023860 1.283789 -0.007487 0.375219 -2.026437 -2.489703 -2.890716 -0.109046 -0.974359 0.379675 -0.334152 0.363106 0.211082 -0.067786 0.644699 -0.238333 
308.572418 -48.412249 -0.800457 8.436851 -3.503927 -0.627448 -0.507911 1.039448 3.194423 -0.154223 2.133921 -1.450495 -0.311457 -8.097882 -7.620927 -2.647207 -1.961406 -0.820674 -0.187269 -0.189846 0.659573 0.355561 0.833773 0.473348 0.214391 3.422570 4.654871 -0.563398 0.341545 -0.515376 -0.544151 0.049724 -0.717860 -0.253405 -0.868726 0.086015 0.000823 
0.000000 -55.748793 -7.781234 4.161745 -7.873240 -2.747417 -2.267237 0.876912 3.297917 -0.458622 2.151211 -0.822967 -0.013649 0.784175 2.272099 0.257422 -0.598237 -0.015554 -0.342791 -0.092427 -0.381968 -0.482950 -0.453664 0.164543 0.376865 11.092741 8.334048 0.070101 3.455324 0.206287 -0.159451 0.738335 -1.229277 -0.373211 -0.903129 -0.191935 -0.039685 
0.000000 -46.843899 3.743740 8.951694 -4.700402 -0.658556 -1.193493 0.854594 2.430487 -1.120123 1.226593 -1.121409 0.442274 14.087601 9.047168 -2.507005 4.949242 -0.408101 -0.506170 1.286825 -1.798981 -0.390860 -0.972484 0.089479 0.135022 6.389949 0.896613 -4.309222 2.066599 -0.809532 -0.135700 0.781046 -0.769024 0.472682 -0.054651 -0.051478 -0.104870 
257.461853 -27.573592 10.313101 -0.852265 2.025243 -3.563619 -3.279577 3.450561 -0.300045 -1.240342 0.206242 -0.644010 0.256395 13.564074 4.065324 -8.361023 3.534961 -1.634619 -0.614190 1.469664 -1.920015 0.462414 -0.562965 0.061586 0.167125 -4.441840 -4.540272 -1.058235 -2.367571 0.110339 0.657085 -0.667750 0.514368 0.517537 0.480279 0.075012 0.007622 
270.953308 -19.715752 11.874389 -7.770352 2.369520 -3.927795 -2.421874 3.793922 -1.409542 -0.195294 0.100663 -0.998238 0.776524 5.203920 -0.033376 -4.623475 0.214099 -0.187424 0.808000 -0.048674 -0.770244 0.644213 -0.011926 0.239504 0.150265 -6.004644 -2.965641 3.549584 -1.895795 1.179090 0.902803 -1.510946 1.032984 -0.452318 0.576180 0.142865 -0.156831 
266.028168 -17.165752 10.246349 -10.099215 2.453441 -3.938466 -1.663577 3.353212 -1.840533 0.048083 0.182391 -0.165003 0.556925 1.554786 -1.865957 -1.261854 -0.256630 0.723561 1.191415 -1.552228 0.145954 -0.442221 0.589395 0.347315 -0.146537 -1.861271 -1.458517 3.165872 0.193275 0.710150 0.528328 -1.326045 0.743736 -0.616172 0.143712 -0.242998 -0.266366 
263.598846 -16.606180 8.142475 -10.294061 1.856260 -2.480672 -0.039043 0.689467 -1.117634 -1.079737 1.279454 -0.303607 0.483449 1.481377 -2.950410 1.708269 0.600649 1.232877 1.864656 -2.700764 0.717227 -0.588131 0.275497 -0.246492 -0.382467 -1.547053 -0.383221 2.435791 1.132438 0.159866 0.155152 -0.001094 0.410858 0.186742 -0.547272 -0.488523 -0.061265 
269.644318 -14.202997 4.345529 -6.682678 3.654738 -1.472712 2.065735 -2.048316 -0.406078 -1.128180 0.733386 -0.657987 -0.208009 -1.539319 -2.632400 3.609728 2.008245 1.043293 1.501720 -1.554416 0.967670 -0.068738 -0.505149 -0.629731 -0.269068 -2.677568 1.082623 0.255888 0.421982 -0.433964 -1.016772 1.476550 0.028849 0.218235 -0.376451 -0.116766 0.197830 
282.807312 -19.684818 2.877675 -3.074605 5.872751 -0.394087 2.964397 -2.419365 0.817705 -1.217213 0.269156 -1.563070 -0.054687 -3.873758 -0.785163 2.220045 1.444613 0.364949 -0.168888 0.252336 0.774925 -0.151661 -0.477405 -0.480024 0.013193 0.833077 1.240226 -1.730032 -0.880239 -0.715079 -1.208898 1.157860 -0.659719 0.057451 0.073428 0.407330 0.074602 
285.008179 -21.950513 2.775203 -2.242589 6.543963 -0.742815 1.727960 -1.543645 1.143771 -1.431503 -0.221424 -1.618035 -0.181624 0.126834 -0.151947 0.149663 0.247766 -0.386865 -0.916075 0.761305 -0.351769 0.046165 -0.358293 0.184928 -0.119865 2.673254 0.387475 -1.096765 -1.048384 -0.521720 -0.105404 -0.037870 -0.594593 0.179551 0.186768 0.489555 0.026500 
286.070374 -19.431150 2.573781 -2.775279 6.368283 -1.167818 1.132247 -0.896755 0.114168 -1.124884 -0.447430 -1.193214 -0.294416 1.472750 -0.010214 0.026514 -0.652155 -0.678492 -0.379695 0.176595 -0.414260 0.207441 -0.103868 0.499086 0.066194 -0.228253 -0.125115 0.263751 -0.457887 -0.049943 0.578916 -0.376623 0.398131 0.046346 -0.058151 0.227669 0.079901 
283.092987 -19.005013 2.754775 -2.189560 5.239653 -2.099798 0.968569 -1.190456 0.315251 -1.016621 -0.429159 -0.619862 -0.049237 -0.329671 -0.402176 0.677166 -0.668007 -0.486752 0.241756 0.008058 0.444494 0.138857 -0.474595 0.640266 0.039938 -1.558360 -0.450441 0.477015 0.464242 0.401301 0.442985 0.242666 0.378291 -0.205832 -0.301517 0.163055 -0.076593 
278.042206 -20.090491 1.769429 -1.420947 5.032270 -2.141322 1.615759 -0.880638 1.003157 -0.847170 -1.396621 0.087319 -0.214541 -1.643969 -0.911095 0.980544 0.276329 0.124111 0.506274 0.661928 0.342322 -0.204224 -0.706902 0.825196 -0.086993 -0.410675 -0.215510 0.075667 0.840563 0.081960 0.050104 0.520806 -0.195470 -0.464543 0.116808 0.070390 -0.310091 
269.384186 -22.292952 0.932584 -0.228472 5.792311 -1.851576 1.981118 0.133400 0.999894 -1.425068 -1.842963 1.030531 -0.223223 -1.151021 -0.833195 0.828500 1.013118 -0.322832 0.341965 1.049670 0.053555 -0.790228 -0.240979 0.781046 -0.580244 -0.020652 0.565809 -0.547528 0.643239 -0.312125 -0.107846 -0.369193 0.232323 -0.280604 0.245340 -0.326826 -0.217396 
261.429901 -22.392532 0.103038 0.236053 7.058506 -2.786987 2.299689 1.218702 1.110266 -2.427627 -1.878578 1.649410 -1.375028 -1.685273 0.220523 -0.114512 1.562806 -0.500139 0.290583 -0.076459 0.806967 -0.765432 -0.216222 0.171544 -0.521786 -4.005209 0.481571 -0.021021 -0.345957 0.787440 -0.148428 -1.222786 0.233742 0.565653 0.028870 -0.447895 0.319530 
258.632538 -25.663497 1.373629 -0.457496 8.917923 -2.851855 2.562285 -0.019519 2.613829 -2.955932 -2.275408 1.373620 -1.266794 -9.161438 0.129948 0.786458 0.321204 1.252048 0.045109 -1.395902 0.521039 0.341077 -0.183239 -0.114745 0.058815 -2.920342 -0.362935 0.623872 -1.085656 0.892310 -0.188386 -0.350166 -0.518855 0.685331 0.115699 -0.074197 0.263242 
251.214844 -40.715409 0.362934 1.808969 7.700913 -0.282891 2.389907 -1.573101 2.152343 -1.745472 -2.245057 1.419920 -1.257397 -7.525956 -0.505348 1.133232 -0.608505 1.284482 -0.086189 -0.776791 -0.230743 0.605230 0.015175 0.023150 0.004699 0.817741 -0.317648 0.173387 -0.464854 0.016217 -0.065649 0.309555 -0.375891 0.132076 0.099207 0.068948 -0.027058 
