325.045593 -16.140410 2.700490 -3.969153 -2.952900 -6.478069 -0.205140 0.734490 -2.680465 -2.701551 -1.073204 1.855363 -0.021158 -1.766952 1.433703 1.379184 0.860624 -0.463006 0.141220 0.285519 -0.122470 -0.041589 -0.123546 0.563012 0.267272 -1.464209 0.694261 0.814147 0.457664 -0.159679 -0.049875 0.230517 0.529044 0.337835 -0.055792 -0.384313 -0.205863 
301.996307 -19.674313 5.567895 -1.210785 -1.231652 -7.404080 0.077301 1.305529 -2.925405 -2.784730 -1.320296 2.981386 0.513386 -4.695369 2.822225 3.007478 1.775952 -0.782364 0.041471 0.746553 0.935619 0.634082 -0.235130 -0.205614 -0.144454 -2.838580 0.777165 0.821034 0.373501 0.228434 0.178749 0.604237 0.735085 0.283001 0.168749 -1.258692 -0.437362 
281.226166 -25.531147 8.344939 2.045804 0.599004 -8.042797 -0.122199 2.227597 -0.809228 -1.433388 -1.543463 1.444134 -0.310066 -7.444111 2.988032 3.021252 1.607626 -0.006138 0.498718 1.493994 1.347700 0.524412 0.213952 -1.954373 -0.607451 -2.563055 -0.470064 -0.002785 -0.166045 1.736994 -0.047507 -0.437830 -0.489797 0.011344 0.264503 -0.467589 0.263247 
263.672821 -34.562535 11.543960 4.831718 1.983601 -7.416357 1.074738 4.293517 -0.230004 -1.735905 -0.892393 -0.927360 -0.701515 -9.821478 1.882097 3.001908 1.443863 2.691623 -0.053544 -0.129108 -0.043976 0.656770 0.293876 -1.140792 0.382040 -1.751665 -2.170519 -0.227925 -0.327372 2.438884 -0.890900 -1.937512 -0.531426 0.328748 -0.085917 1.347571 0.605935 
250.586212 -45.174103 12.109133 8.049620 3.486729 -2.659551 -0.229286 1.969382 -0.897180 -0.119849 -0.955712 -0.837449 0.454015 -10.947440 -1.353006 2.565403 0.952883 4.871629 -1.283081 -2.381031 0.284848 1.181908 0.042117 0.740769 0.604418 -0.230715 -2.985073 -1.618029 -1.191811 -0.056759 -0.014210 -0.473131 0.081677 -0.309448 -0.056767 0.961883 -0.432374 
0.000000 -56.457415 8.837948 9.962523 3.889368 2.326902 -1.491425 -0.468546 0.339691 0.627911 -0.808158 0.554178 0.507321 -10.282908 -4.088049 -0.234149 -0.939758 2.578106 -0.081964 -1.075369 0.119377 0.037874 0.180342 0.782974 -0.482707 1.493855 -1.911348 -2.732448 -1.239212 -2.485668 0.969822 1.489395 -0.196885 -0.487177 0.046596 -0.443252 -0.627512 
0.000000 -65.739919 3.933035 7.581322 1.607213 2.496660 -0.393213 -0.181357 -0.658425 -0.044100 -0.595028 0.728499 -0.511400 -7.959730 -5.175702 -2.899494 -1.525541 -0.099707 0.656563 0.597758 -0.108921 0.207554 0.135309 -0.145734 -0.650607 10.348511 2.974589 -0.527426 0.466103 -1.935378 -0.303998 -0.054702 -0.366159 -0.032846 0.308535 -0.342324 0.462694 
156.445908 -72.376876 -1.513456 4.163534 0.838285 2.127487 -0.178299 0.726971 0.121849 1.043020 -0.537540 0.262710 -0.793892 10.414114 1.861129 -1.289001 -0.007551 -1.292651 -0.689959 -1.184774 -0.612941 -0.027817 0.797412 0.098326 0.442680 14.036658 5.974726 0.710133 1.329394 -0.844249 -0.288175 -1.098341 -1.060310 -0.405973 0.785346 0.288367 0.322404 
256.922729 -44.911692 7.655293 5.003320 1.592110 -0.088642 -1.773132 -2.550905 -1.884306 -0.099734 0.999796 0.925150 0.373961 20.113586 6.773750 -1.479229 1.133246 -1.788206 0.080213 -1.598923 -2.229541 -0.604393 1.706000 0.430999 -0.005799 -1.088234 -0.321905 -0.972769 1.064436 0.195992 0.794812 0.641327 0.048073 0.191789 -0.228570 -0.457090 -0.489090 
266.072388 -32.149705 12.034044 1.205077 3.104777 -1.448924 -0.017872 -2.470874 -4.337233 -0.165765 2.874461 1.124709 -0.805491 8.237646 1.217320 -3.234539 2.121321 -0.900667 0.899666 0.097879 -0.516794 0.355761 0.340272 -0.815854 -0.535500 -11.424425 -4.005504 1.115295 0.157435 1.581975 0.113637 1.143060 1.748883 0.474271 -1.307825 -0.754339 -0.067459 
265.356873 -28.436401 10.089932 -1.465758 5.834753 -1.889977 0.026200 -2.355147 -2.917894 0.611787 1.680341 -0.706557 -0.697039 -2.735265 -1.237258 0.751362 1.448116 1.375745 0.307487 0.687198 1.268226 0.344149 -0.909650 -1.077679 -0.140717 -9.214358 -0.983994 3.376705 -1.148769 1.671181 -0.225074 0.363041 0.485427 -0.216709 -0.282715 0.632883 0.144229 
258.983551 -37.620236 9.559527 2.707801 6.001008 1.302566 0.597101 -1.096479 -1.800781 0.522532 1.055162 -1.030649 -1.086925 -10.191071 -0.750668 3.518872 -0.176217 2.441695 0.449519 0.823961 0.454059 -0.077658 -0.225159 0.449911 -0.247042 -3.157335 -0.773299 1.135279 -1.805944 0.031283 -0.402343 -0.243828 0.054064 -0.347143 0.191881 0.818899 0.210001 
0.000000 -48.818543 8.588597 5.571986 5.482320 2.993413 0.925237 -0.707226 -2.009777 0.456472 1.230024 0.193266 -1.191123 -9.049935 -2.783856 3.021920 -2.163772 1.438311 -0.497199 0.199541 1.376353 -0.350137 -0.525888 0.560119 0.279286 1.535737 -3.037966 -0.243819 -1.358134 -1.104082 -0.464929 -0.500465 0.905901 -0.210674 -0.266298 -0.266496 0.354200 
235.396622 -55.720106 3.991816 8.751642 1.673465 4.179187 -0.397296 -0.697397 0.951926 -0.177741 0.003385 0.089590 -0.528353 -7.119596 -6.826599 3.031234 -2.892484 0.233531 -0.480338 -0.176970 2.265861 -0.499006 -0.757755 -0.083080 0.461358 4.153474 -0.473476 -2.261064 0.465792 -1.126971 0.484189 0.175750 -0.652947 0.155797 0.433573 -0.333187 0.037094 
0.000000 -63.057735 -5.064601 11.634454 -0.302647 3.460474 -0.035439 -1.061166 2.521946 -0.541540 -0.285487 0.027106 -0.268406 -0.742988 -3.730809 -1.500207 -1.232187 -0.815632 0.471180 0.551041 0.070460 -0.038542 0.341257 -0.106255 0.353474 8.386581 4.872083 -3.368156 2.078247 -0.358599 0.766739 0.707992 -1.323886 0.615775 0.759626 0.203807 0.041137 
0.000000 -57.206081 -3.469802 5.751228 -0.790909 2.547922 0.545065 0.404685 1.092846 -0.254824 0.685900 -0.122920 0.178594 9.653566 2.917568 -3.705078 1.264011 -0.483666 1.053139 1.239015 -0.381910 0.732544 0.761497 0.324534 0.543633 3.944332 4.130263 1.296004 0.403980 0.751377 0.918357 -0.576747 -0.680677 -0.059544 0.141973 0.925824 0.126250 
0.000000 -43.750604 0.770534 4.224299 2.225375 2.493141 2.070839 1.416863 1.758125 0.923548 1.237507 0.676174 0.818859 7.145677 4.529717 1.091801 -0.424227 0.687122 2.307895 -0.602454 -1.290894 -0.157630 0.625204 1.745393 0.605973 -2.028461 -0.617088 2.874796 -2.573953 0.250083 0.939108 -1.683124 -0.577046 -0.507297 -0.145090 0.369920 -1.036887 
0.000000 -42.914726 5.589631 7.934829 -1.639362 3.922167 5.160855 -0.800223 -1.488941 -0.570085 1.936308 3.367866 1.390540 5.596644 1.683391 2.044514 -3.883895 0.016499 2.931354 -2.127234 -1.536002 -0.282051 0.471316 1.064375 -1.530142 -0.408504 -3.016108 -0.409934 -0.919857 -1.526092 -1.064840 0.122668 0.423171 0.392036 -0.085791 -1.275866 -0.811117 
0.000000 -32.557316 4.137316 8.313328 -5.542414 2.526139 7.933547 -2.837605 -1.313878 0.359447 2.180139 2.804924 -2.241424 6.328670 -1.502500 0.271932 -2.263940 -2.365062 0.178215 -0.357118 -0.444551 0.626441 0.453623 -0.806340 -1.016261 -1.240397 -1.269845 -0.968202 2.420113 -1.710495 -2.640142 1.271162 -0.116364 -0.293050 -0.290823 -1.309945 0.784759 
0.000000 -30.257386 2.584631 8.478692 -6.167242 -0.807958 5.517286 -1.514460 -2.378044 0.682797 2.843553 1.755187 -0.641983 3.115850 -0.856299 0.108111 0.956332 -3.404492 -2.348931 0.415089 -1.768730 -0.868150 -0.110330 -1.555516 0.039377 -2.623279 0.827504 -1.013760 1.893790 -0.216348 -0.986930 0.285129 -0.325868 -1.059503 -0.462000 -0.018053 0.300698 
384.559021 -26.325615 2.424718 8.529549 -3.629750 -4.282845 3.235685 -2.007427 -4.851338 -1.376854 1.959480 -0.306109 -2.162670 1.082112 0.152508 -1.755588 1.523641 -2.797758 -1.795644 0.213139 -1.096287 -1.492565 -0.470378 -0.842446 -0.414865 -4.211248 2.106508 -1.801914 -0.596448 1.310330 1.157375 0.327248 1.128892 0.314009 0.138980 1.105713 0.575885 
350.006226 -28.093162 2.889647 4.967517 -3.119959 -6.403474 1.925997 -1.088182 -4.570618 -2.302334 1.902798 0.070296 -1.471712 -5.306646 3.356717 -3.495718 -0.236564 -0.783833 -0.034181 1.069585 0.489055 -0.240133 0.167630 0.655909 1.191147 -4.874272 2.076546 -0.480815 -1.679689 1.425566 0.689090 0.364430 0.838031 1.054487 0.314341 0.740102 0.621196 
0.000000 -36.938908 9.138152 1.538112 -4.102879 -5.850511 3.167324 0.131743 -3.873229 -1.857121 2.294740 1.005709 0.219624 -8.666431 4.305600 -2.717217 -1.835738 0.053375 -0.417464 0.941998 0.579775 0.616408 0.158304 0.637758 0.827527 -1.299317 -2.379713 1.818306 0.107050 -0.507648 -0.748349 -0.626949 0.062497 0.934584 -0.317386 -0.460675 -0.431164 
0.000000 -45.426023 11.500847 -0.466918 -6.791435 -6.296725 1.091069 0.795815 -3.411067 -1.069518 2.219405 1.345812 0.183343 -7.905281 -1.402709 0.140894 -0.022465 -1.799128 -1.530878 -0.184313 0.614048 1.629035 -0.467142 -0.265440 0.328819 1.955644 -5.312825 2.708126 1.884900 -1.194222 0.065190 -0.991921 -0.027432 0.165488 -0.157301 -0.691738 0.019352 
0.000000 -52.749469 6.332734 1.819900 -4.147808 -9.448767 0.105568 -0.236884 -2.645132 1.400950 1.360456 0.474829 0.877261 -4.755143 -6.320049 2.699035 1.934062 -2.335070 -0.287084 -1.041843 0.524910 0.947384 -0.156299 -0.745719 0.866231 3.598896 -1.278914 0.739019 0.981262 2.430856 0.719430 -0.267734 0.212847 -0.910202 0.141829 0.139547 0.001912 
0.000000 -54.936310 -1.139251 4.931152 -2.923312 -10.966864 0.516901 -1.287871 -2.361247 0.825250 1.906808 -0.145625 1.915805 -0.707489 -3.960536 1.618932 1.940059 3.062583 -0.092017 -0.719782 1.039743 -0.191368 -0.183483 0.013654 0.332643 8.999723 3.368246 -1.485275 0.478449 4.136234 -0.007933 0.632373 0.546115 -0.588202 -0.369049 0.267729 -0.933047 
0.000000 -54.164448 -1.588339 5.057765 -0.267691 -3.323601 -0.078466 -1.676448 -0.565647 1.018213 0.993489 0.502137 1.542548 13.244302 0.416443 -0.271516 2.890960 5.937398 -0.302951 0.222903 1.617140 -0.229020 -0.894396 -0.210260 -0.999863 6.429126 1.032143 -1.800511 -1.269151 -0.715924 0.310272 0.891687 -0.173371 -0.069308 -0.145828 -0.319202 -0.625515 
0.000000 -28.447705 -0.306365 4.388121 2.858608 0.907932 -0.089001 -0.842065 0.873032 0.367210 0.118015 -0.566145 -0.083921 12.150762 -1.896251 -1.982089 -0.598244 1.630735 0.528527 1.063592 0.693001 -0.329984 -0.475139 -0.624750 -0.918387 -6.824056 -2.139676 -1.072887 -2.592454 -3.362478 0.476772 0.219141 -1.112728 -0.220607 0.089374 0.147011 0.645677 
157.368866 -29.862923 -5.380841 1.093587 -1.464179 -0.062132 0.978589 0.450736 0.820354 0.358244 0.043210 -0.747364 -0.294227 -0.403810 -3.862910 -2.417290 -2.293948 -0.787558 0.650594 0.661185 -0.608315 -0.670233 -0.715648 0.083763 0.291490 -9.006305 0.886523 1.093455 0.402060 -0.765647 -0.157604 -0.431599 -0.514084 -0.113256 0.049440 0.444447 0.543467 
0.000000 -29.255326 -8.032185 -0.446458 -1.729289 -0.667183 1.212188 0.480304 -0.343598 -0.973257 -1.313280 -0.398619 0.499059 -5.861847 -0.123206 0.204821 0.205876 0.099442 0.213320 0.200394 -0.335167 -0.556497 -0.376259 0.264144 0.168548 -3.930037 4.712712 1.852803 1.823057 0.508689 -0.356656 -0.582349 0.226394 0.513736 0.639323 0.006641 -0.275058 
188.314209 -41.586618 -5.627252 1.503230 -1.052428 0.136751 1.405230 0.851524 0.150021 -0.754750 -0.709308 -0.219076 0.042869 -8.263883 5.562514 1.288316 1.352165 0.229820 -0.062718 -0.503514 -0.155527 0.357239 0.562998 0.097045 -0.258625 1.987215 4.160369 -0.011548 0.136406 -0.453804 -0.446065 -0.498717 0.034656 0.593583 0.361500 -0.120690 0.003682 
144.986343 -45.783092 3.092843 2.130174 0.975042 -0.207543 1.086753 -0.526724 -0.654653 -0.258778 -0.187285 -0.204529 -0.018192 -1.887417 8.197532 0.181726 0.478687 -0.808167 -0.678810 -0.797040 -0.265854 0.630669 0.346741 0.022764 0.175912 4.267707 -0.238878 0.350200 -1.820298 -0.784386 -0.366792 0.481527 0.265185 -0.162364 -0.252124 0.050911 0.068091 
0.000000 -45.361453 10.767811 1.866681 -0.095053 -1.479583 0.047611 -0.742556 -0.381688 0.506588 -0.015826 -0.173549 0.394693 0.271531 5.084757 1.988717 -2.288430 -1.338951 -0.796301 0.459540 0.374843 0.032512 0.058750 0.198867 -0.122444 2.140607 -3.681660 0.832204 -1.059623 0.148841 0.254845 0.824599 0.297200 -0.534179 -0.127513 0.123424 -0.207986 
109.835991 -45.240031 13.262357 6.107607 -3.601819 -2.885445 -0.505849 0.392355 0.095033 -0.193755 -0.069786 0.193205 -0.263079 2.393797 0.834211 1.846134 -1.640559 -0.510485 -0.169119 0.852158 0.328547 -0.437690 0.091714 0.269612 -0.240060 -1.382666 -3.232937 -1.588893 1.415913 0.980673 0.877321 0.211288 0.035266 -0.022892 0.061504 -0.048149 0.116539 
0.000000 -40.573858 12.436233 5.558948 -3.376171 -2.500554 -0.290628 0.961759 0.275406 -0.368791 0.167603 0.365675 -0.085427 -2.493801 -1.381116 -1.189070 0.543396 0.622394 0.958341 0.882115 0.445375 -0.013272 0.181757 0.102569 0.110634 -4.089557 -1.461527 -1.903835 0.997940 0.690052 0.535638 -0.157143 -0.064005 0.369958 0.042497 -0.246840 -0.004273 
174.389481 -50.227634 10.500124 3.729467 -2.515026 -1.640657 1.410834 2.156585 0.985783 -0.220299 0.293728 0.398344 -0.041811 -5.785316 -2.088844 -1.961537 0.355321 0.869619 0.902157 0.537871 0.200537 0.302227 0.176709 -0.224068 -0.248606 1.382306 0.479752 -0.318257 -0.477242 0.159915 -0.649556 -0.968405 -0.412711 0.190633 -0.280291 -0.361874 -0.079110 
51.273243 -52.144490 8.258546 1.635874 -2.665529 -0.761315 1.513686 2.037502 0.676481 0.235663 0.521020 -0.082462 -0.582638 0.270810 -0.421613 -1.825584 -0.411088 0.942224 -0.340771 -1.054695 -0.380046 0.367994 -0.378825 -0.621179 -0.047585 10.392148 1.528403 -0.511071 0.372651 -0.090903 -0.801540 -0.658126 -0.199992 -0.403044 -0.295354 0.255484 0.291367 
114.785088 -49.686013 9.656897 0.078300 -3.337203 0.243791 0.729292 0.047195 0.225690 0.515689 -0.463922 -0.844014 -0.136980 14.998981 0.967962 -2.983679 1.100623 0.687814 -0.700923 -0.778380 -0.199447 -0.503861 -0.414000 0.286900 0.334128 6.988501 -0.166430 0.093584 0.929583 -0.440525 0.181867 0.500866 0.249754 -0.382665 0.329669 0.653096 0.137564 
0.000000 -22.146528 10.194469 -4.331483 -0.464282 0.614312 0.111840 0.480742 0.277587 -0.772059 -0.306979 0.491338 0.085619 14.247812 -0.754473 -1.638415 1.448079 0.061175 0.022962 -0.052962 0.119461 -0.397335 0.280514 0.685013 0.227544 -12.031844 -1.080355 1.486713 -0.533274 -0.177036 0.649868 0.310286 0.101493 0.482749 0.313822 -0.257625 -0.238651 
0.000000 -21.190390 8.147951 -3.198531 -0.441046 0.366140 0.775216 -0.058730 0.464611 -0.278982 0.097107 0.526012 0.318107 -9.064707 -1.192747 -0.010252 0.034075 0.333742 0.598813 -0.157809 0.003539 0.461637 0.213644 -0.228351 -0.143174 -12.951551 0.039148 0.297230 -0.744519 0.289445 0.166410 0.105038 -0.195557 0.302107 -0.041899 -0.406030 -0.234171 
133.593033 -40.275942 7.808974 -4.351986 -0.396133 1.281795 1.309466 0.165125 0.284665 0.151216 0.120309 0.034637 -0.200728 -11.655291 -0.676177 -1.043955 -0.040960 0.640065 0.355781 0.157115 -0.271653 0.206878 0.196716 -0.127047 -0.240797 0.613721 -0.670575 0.290367 0.016915 0.052819 -0.331499 0.185987 -0.068662 -0.326520 -0.171979 0.221083 0.252955 
83.296013 -44.500973 6.795596 -5.286441 -0.522966 1.646271 1.486778 0.255500 -0.078695 0.134774 0.490540 0.271918 -0.163487 -7.837265 -2.533897 0.570482 0.067906 0.439380 -0.064184 0.214166 -0.133786 -0.191402 -0.130314 0.213815 0.362736 -0.773748 -1.401030 2.261573 0.598115 -0.182233 -0.429878 -0.063860 0.327601 -0.094893 -0.266258 0.100259 0.190206 
65.088860 -55.950471 2.741179 -3.211022 -0.260321 2.160555 1.181097 0.593458 0.017094 -0.231589 -0.140319 0.462268 0.524743 -13.202786 -3.478238 3.479190 1.155269 0.275600 -0.503976 0.029394 0.383549 0.017092 -0.335799 0.073472 0.139615 1.440242 1.577696 1.324461 0.162038 -0.731241 -0.236949 0.005904 0.367573 0.262961 0.034589 -0.276504 -0.319059 
80.263290 -70.906546 -0.160879 1.671940 1.787573 2.197472 0.478827 0.314288 0.688403 0.168958 -0.181059 0.418861 0.115743 -4.956780 0.621495 3.219405 0.391982 -1.023101 -0.538082 0.225974 0.601361 0.334519 -0.061136 -0.339193 -0.275383 11.558143 4.601797 -1.530925 -1.770157 -0.666686 0.614496 0.061320 -0.518398 -0.147794 0.289414 -0.094669 -0.190611 
175.157928 -65.864032 3.984170 3.227789 0.523644 0.114352 0.104933 1.045405 1.219816 0.437449 -0.262590 -0.216119 -0.026023 9.913500 5.725355 0.417340 -2.385044 -1.057772 0.725016 0.152035 -0.653246 -0.278495 0.243029 -0.115867 -0.241607 9.616637 1.891803 -2.234265 -0.834484 0.923301 0.606931 -0.457836 -0.513706 -0.077566 0.110364 0.203451 0.273318 
162.283630 -51.079547 11.289831 2.506620 -2.982515 0.081928 1.928859 0.618358 -0.618090 -0.388032 0.304998 0.187126 -0.367472 14.276494 4.405101 -1.249125 -1.276986 0.823501 0.675780 -0.689699 -0.426051 0.179388 0.159592 0.067710 0.271253 2.298342 -3.516037 -0.801070 1.953806 0.550832 -0.548318 -0.307805 0.568844 0.360725 -0.214827 -0.123431 0.273568 
148.666641 -37.311043 12.794371 0.729538 -2.030328 1.761355 1.456493 -0.333993 0.367713 0.796224 0.056593 -0.080699 0.516483 14.510184 -1.306719 -1.184800 1.522568 0.043892 -0.371619 -0.463576 0.484442 0.442954 -0.186625 -0.362729 0.305529 -3.385725 -2.955011 -0.039254 0.818588 -0.975990 -0.262954 0.470302 0.242625 -0.233651 -0.089823 -0.157729 -0.321774 
95.025848 -22.059179 8.676394 0.137020 0.062620 0.169712 1.185621 -0.308794 0.350794 0.497875 -0.068251 -0.538331 0.243585 7.505044 -1.504921 -1.327633 0.360189 -1.128480 0.149872 0.250905 0.059198 -0.287915 -0.020055 -0.247748 -0.372296 -7.758426 1.205555 0.273971 -1.168420 -0.146877 0.321218 0.233368 -0.302734 -0.190041 0.042384 0.188791 -0.097057 
0.000000 -22.300955 9.784528 -1.925729 -1.309949 -0.495604 1.756237 0.167817 0.486109 0.220394 0.016482 -0.576195 -0.228109 -1.006668 1.104392 -0.636859 -0.814272 -0.249862 0.270817 0.003159 -0.121026 0.062871 -0.101856 0.014854 0.111414 -4.619216 0.991916 0.870044 -0.119864 0.493574 -0.148456 -0.044203 -0.241842 0.247009 0.035754 0.163230 0.210789 
0.000000 -24.072515 10.885178 -1.136699 -1.565925 -0.330013 1.727254 -0.302476 0.108742 0.623618 -0.271964 -0.508623 0.466414 -1.733388 0.478910 0.412455 0.120462 -0.141332 -0.147041 0.162500 -0.424485 0.206103 0.051453 0.078712 0.049282 -0.335366 -0.765987 0.516222 0.735089 0.113946 -0.131305 0.088562 0.314250 -0.080740 -0.079481 -0.073100 -0.207012 
0.000000 -25.767731 10.742348 -1.100819 -1.069025 -0.778268 1.462155 0.492817 -0.362862 0.632599 0.119387 -0.418771 -0.129546 -1.677399 -0.427582 0.395584 0.655905 -0.021970 0.008206 0.180284 0.507473 -0.098609 -0.260819 -0.131347 -0.302610 -0.781497 -0.999532 -0.034004 0.211723 0.244226 -0.076902 -0.285449 0.545626 -0.056596 -0.027266 0.071351 0.082110 
82.246536 -27.427313 10.030015 -0.345531 -0.254115 -0.373953 1.743666 0.058092 1.123689 0.426399 -0.793601 -0.771317 -0.138807 -3.296382 -1.520154 0.344447 0.543908 0.347121 -0.300845 -0.408398 0.666767 0.092911 -0.003080 0.221415 0.213501 1.179549 -0.958709 -0.193771 -0.130684 -0.070407 -0.382236 -0.225528 -0.426726 -0.080978 0.241486 0.279950 0.378554 
0.000000 -32.360495 7.702039 -0.411925 0.018790 -0.084026 0.860464 -0.323978 0.970673 0.818421 0.113228 0.024058 0.297456 0.681698 -2.344999 0.008043 0.394538 -0.162785 -0.756267 -0.270772 -0.345978 -0.260565 0.222154 0.428553 0.454497 0.726715 -1.737769 0.016894 -0.130023 -0.266904 -0.169550 0.164722 -0.585382 -0.270708 -0.076052 -0.234653 -0.187863 
57.480854 -26.063917 5.340017 -0.329445 0.534962 -0.699523 0.231132 -0.483453 0.431733 -0.094731 -0.349293 0.085789 0.770188 -1.842952 -4.995693 0.378235 0.283862 -0.186688 -0.639945 -0.078954 -0.503997 -0.448506 -0.155184 -0.247891 -0.162225 -5.635224 -1.919707 0.528744 -0.389911 0.344025 0.195636 0.018293 0.192819 0.024509 -0.197393 -0.465350 -0.628990 
357.049622 -36.046400 -2.289347 0.344545 0.586514 -0.457401 -0.419426 -0.481887 -0.037321 -0.078590 -0.197141 -0.471723 -0.026995 -10.588751 -6.184413 1.065531 -0.385284 0.525266 -0.364995 -0.234186 0.039660 -0.211547 -0.172633 -0.502148 -0.803483 -6.041909 0.161915 -0.159435 -0.307285 0.239214 0.135154 0.020234 0.289756 0.420653 0.033260 0.156358 -0.077817 
291.973572 -47.241418 -7.028809 1.801618 -0.235606 0.351009 -0.498857 -0.951825 0.511053 -0.517824 -0.694558 -0.918507 -0.836779 -13.926771 -4.671863 0.059365 -0.330708 0.291740 -0.369637 -0.038486 0.075516 0.392800 -0.088664 0.064825 -0.317860 6.493109 4.020344 -0.543688 -0.974349 -1.271819 0.517496 0.469349 -0.438575 0.433848 0.545321 0.528333 0.596938 
78.044678 -63.899942 -11.633074 0.463276 -0.074901 0.126080 -1.158700 -0.558858 0.113710 0.707009 -0.374470 -0.342073 -0.662715 2.397467 1.856276 -0.021844 -2.333982 -2.018372 0.669996 0.704512 -0.837490 0.656150 0.918010 0.554518 0.390393 16.672188 4.065027 -0.413889 -1.982945 -1.262970 0.762763 0.167060 -0.690837 0.000525 0.628837 -0.151043 0.213926 
0.000000 -42.446484 -3.316258 1.757929 -4.903570 -3.685735 0.841135 0.457199 -1.163926 0.794476 1.141462 0.190529 -0.055993 19.417605 3.458192 -0.768413 -4.296598 -2.234199 1.155890 0.295635 -1.306157 0.393849 1.169010 -0.237261 0.109992 3.169501 -1.346977 -1.070927 -0.145069 1.096207 -0.097740 -0.545464 -0.057293 -0.411032 -0.397527 -0.653040 -0.360924 
348.314789 -25.064732 -4.716690 -1.073550 -8.668097 -4.342317 1.153079 0.032412 -2.498605 1.494707 1.963551 -0.816595 -0.442732 8.736469 -0.837679 -2.163698 -2.624119 0.174041 0.474517 -0.386416 -0.952076 -0.165914 0.122955 -0.751562 -0.331456 -10.134104 -1.420143 0.187274 2.245562 1.269642 -0.623324 -0.556571 0.342811 -0.581521 -0.966904 -0.188002 -0.241719 
346.357574 -24.973546 -4.991615 -2.569466 -10.151809 -3.337653 1.790170 -0.315633 -3.068077 0.462649 1.387372 -1.312596 -0.718905 -0.850602 0.617905 -0.393864 0.194526 0.305086 -0.090758 -0.817507 -0.620535 -0.769193 -0.764798 -0.613264 -0.373447 -4.816332 0.796523 1.258896 1.780250 -0.185644 -0.441910 -0.128534 0.308139 -0.043625 -0.299832 0.193149 0.048048 
327.132294 -26.765937 -3.480880 -1.861279 -8.279046 -3.732145 0.971562 -1.602602 -3.739674 -0.043678 0.433955 -2.043123 -1.189626 -0.896196 0.755367 0.354094 0.936381 -0.197246 -0.409304 -0.643485 -0.335798 -0.253163 -0.476709 -0.365264 -0.235361 -0.022797 0.068731 0.373979 0.370928 -0.251166 -0.159273 0.087011 0.142368 0.258015 0.144045 0.124000 0.069043 
