334.834045 -17.672266 7.393816 -4.090989 -1.835546 2.446953 -1.907151 0.013236 -0.150375 1.291700 -0.350449 0.751562 0.356466 -0.246778 0.425832 -0.079033 -0.192646 0.728861 0.146616 -0.845184 0.055912 -0.388327 -0.443216 -0.413859 0.192082 -0.567207 -0.275944 0.474439 -0.176153 0.073401 0.001198 -0.164211 0.373906 -0.524594 0.078763 -0.099483 0.086215 
173.784485 -18.165822 8.245480 -4.249054 -2.220838 3.904676 -1.613920 -1.677131 -0.038551 0.515046 -1.236882 -0.076157 0.740629 -1.381192 -0.126055 0.869846 -0.544952 0.875663 0.149012 -1.173606 0.803725 -1.437515 -0.285691 -0.612826 0.364512 -0.909896 -0.775927 0.115022 -0.069314 -0.209922 -0.089695 0.316965 0.648028 -0.276407 0.457132 0.109042 0.017359 
351.867706 -20.434650 7.141706 -2.351297 -2.925451 4.198280 -1.609127 -2.333975 1.457074 -1.583330 -0.921831 -0.474091 1.085489 -2.066571 -1.126022 0.151011 -0.331275 0.309018 -0.032774 -0.211254 1.351969 -0.941141 0.471048 -0.195775 0.226800 0.287499 -0.498107 -0.987131 1.766594 -1.006863 0.116260 1.249604 -0.612138 1.567179 0.240014 0.048174 0.060222 
363.054321 -22.298964 5.993437 -3.947033 -2.883387 4.522712 -1.679468 -2.099639 2.665387 -1.367236 -0.294785 -0.467707 1.194229 -0.806194 -1.122270 -1.104416 2.988237 -1.138062 0.381532 1.325603 -0.420552 1.696843 0.194337 -0.516478 0.484955 0.356795 -0.292009 0.454986 2.004469 -0.599473 0.095894 0.724346 -1.413337 1.402192 -0.487943 -0.187128 -0.078312 
178.170670 -22.047037 4.897166 -4.560129 3.051022 1.922155 -0.846064 0.317231 0.615970 1.810356 -0.533157 -1.507047 2.055399 -1.352981 -1.710040 1.060983 3.677664 -0.889928 0.159013 1.237437 -1.474705 1.863243 -0.504837 -0.570032 0.070176 -3.712262 1.207416 2.041438 -1.367375 1.465862 -0.111254 -1.071401 -0.154232 -1.106740 -0.096682 0.496811 -0.652219 
177.460526 -25.004927 2.573358 -1.825067 4.471941 2.742856 -1.361441 0.375235 -0.284024 2.359249 -1.304459 -1.607770 1.334582 -8.230717 1.292563 2.978461 0.253487 1.793661 0.159023 -0.817199 -0.729015 -0.516637 0.000974 0.477145 -0.819484 -3.152071 1.660212 0.905493 -1.966832 1.117149 -0.271905 -0.986079 0.625713 -1.214975 0.439680 0.496911 -0.291238 
0.000000 -38.508471 7.482292 1.396793 3.557997 5.509477 -0.528017 -1.317168 -0.842060 0.777082 -0.531209 -0.552757 0.416432 -7.657123 1.610385 2.871969 -0.256001 1.344370 -0.384797 -0.734721 -0.223279 -0.566708 0.374523 0.423791 -0.512299 4.579372 -2.320269 -0.665258 0.802014 -2.238003 -0.598572 1.083606 -0.391769 0.717805 0.140616 -0.253983 0.463361 
128.302994 -40.319173 5.794127 3.918871 3.959939 5.431597 -2.131035 -1.094208 -0.730581 1.225833 -0.555414 -0.760187 0.309983 0.928027 -3.347975 1.647944 1.857516 -2.682344 -1.038121 1.350012 -1.512554 0.918974 0.282206 -0.030821 0.107239 6.170454 -1.749312 -1.581444 0.468106 -2.334897 0.204418 1.435738 -0.286016 0.188310 -0.340775 0.185642 0.421958 
297.485199 -36.652416 0.786342 4.692680 7.273029 0.144788 -2.604258 1.382856 -3.867168 2.615029 0.033203 -0.614399 0.630910 4.683785 -1.888239 -0.290919 0.680210 -3.325423 0.024040 2.136754 -0.795311 -0.190089 -0.307028 0.795074 0.331616 0.929617 2.603645 -1.456536 -2.168421 1.463045 1.252502 -0.138690 1.455053 -1.226030 -0.493912 0.396706 0.137313 
52.216320 -30.951602 2.017648 3.337033 5.320359 -1.219250 -2.082955 3.179300 -2.321203 0.845655 -1.169470 0.829961 0.973215 2.787262 1.859316 -1.265128 -2.479325 0.243745 1.466884 1.072633 1.397553 -1.533086 -0.705617 0.762592 0.381865 -2.678064 1.929664 -0.281009 -1.100623 2.085866 1.080913 -1.117149 0.407597 -0.020650 0.094913 -0.509683 -0.015376 
51.922310 -31.077893 4.504974 2.162424 2.314378 0.632278 0.329509 3.528122 -1.072062 -0.451143 -1.378031 0.910784 1.394640 -0.672343 1.971088 -0.852936 -1.521035 0.846309 2.185867 -0.097544 0.019883 -0.231390 -0.117203 -0.224292 0.300864 -1.998596 -0.416150 0.059776 1.546972 -0.059988 -0.519052 -1.122205 -1.092516 0.950365 0.798931 -0.673879 -0.232096 
62.802521 -32.296289 5.959824 1.631161 2.278290 0.473369 2.288778 2.984213 -2.281437 0.382876 -1.403876 0.381377 1.574943 -1.209930 1.027016 -1.145576 0.614619 0.123768 0.428780 -1.171777 -0.787480 0.367644 0.892246 -0.585167 -0.082327 3.279760 -0.836697 -1.031152 0.119106 -0.257016 -1.920903 -0.725427 -0.047207 0.020555 0.517804 0.076275 -0.355742 
51.810577 -33.497752 6.559006 -0.128728 3.543615 0.879815 1.187068 1.184567 -2.647022 0.284144 0.406460 -0.259550 1.229987 5.887176 0.297695 -2.915239 -1.282823 0.332277 -1.655939 -1.548397 -0.074530 -0.190280 0.918405 -0.071742 -0.410620 5.557074 -1.297174 -0.499489 -1.738963 -0.600195 -0.854566 0.713831 0.394121 -0.214100 -0.503280 0.603946 -0.067643 
106.791519 -20.521936 6.555215 -4.199318 -0.287357 1.137923 -1.023099 -0.112582 -2.430497 0.002315 0.432934 0.237892 0.753702 9.904218 -1.567332 -2.144554 -2.863308 -1.076622 -1.280352 0.255885 0.000763 -0.060556 -0.114313 0.622724 -0.217612 -1.612569 -1.062190 1.695800 -0.059792 -0.824155 0.864488 1.716614 0.325483 0.142459 -0.596981 0.066070 0.205682 
301.837891 -13.689315 3.424342 -4.417836 -2.183001 -1.273429 -1.373637 1.696338 -2.645496 0.163031 0.177833 0.985897 0.794763 2.662039 -1.826684 0.476360 -1.402407 -1.316034 0.073037 1.884830 0.576437 0.094637 -0.275558 0.060397 0.000743 -5.610945 0.766461 1.515484 1.014006 0.314628 0.780184 0.439311 0.467674 -0.043068 0.187536 -0.327205 0.091216 
287.564972 -15.197859 2.901847 -3.246598 -3.092171 -1.494144 -0.877025 3.657079 -1.277623 0.191589 -0.118181 0.358686 0.755189 -1.317671 -0.034410 0.886414 -0.835296 -0.447365 0.280016 1.134507 0.936111 -0.146693 0.260759 -0.031686 -0.035180 -2.024464 1.156995 0.178408 0.420426 0.367636 -0.046774 -0.753028 0.030939 -0.323244 0.163783 -0.048939 0.067684 
0.000000 -16.324658 3.355521 -2.645007 -3.853593 -2.168160 -0.813604 3.965353 -0.773274 -0.130354 0.699352 0.922525 0.724403 -1.386890 0.487306 0.833176 -0.561554 -0.580762 -0.020510 0.378774 0.638316 -0.551851 0.052009 -0.037481 0.136111 -0.659622 0.246099 0.016352 0.222075 0.309876 -0.235735 -0.500532 -0.113624 0.070388 -0.266834 -0.202898 -0.032475 
0.000000 -17.971639 3.876459 -1.580246 -4.215279 -2.655668 -0.918045 4.414626 -0.000992 -0.912112 -0.014163 0.283725 1.027411 -2.636915 0.457788 0.919119 -0.391147 0.172387 -0.191453 0.133442 0.708864 -0.005916 -0.272908 -0.437482 -0.100130 -0.154687 0.004475 -0.068885 0.041535 0.362720 -0.020671 -0.281222 -0.238539 0.397762 0.114973 -0.075499 -0.251613 
229.408691 -21.598488 4.271097 -0.806769 -4.635886 -1.823386 -1.196510 4.232237 0.644453 -0.142185 0.153535 0.047560 0.524143 -1.696264 0.496255 0.695406 -0.478485 0.144678 -0.061852 -0.183671 0.161237 0.243673 0.281955 -0.188478 -0.367114 1.450667 -0.110311 -0.253424 0.209408 -0.557035 0.078951 -0.033279 -0.248608 -0.115806 0.129059 0.106156 0.049480 
226.587158 -21.364167 4.868970 -0.189433 -5.172249 -2.366313 -1.041749 4.047284 0.321481 -0.424766 0.549747 -0.093231 0.293183 0.264420 0.237166 0.412271 0.027669 -0.941683 -0.033552 0.066884 0.211647 -0.237528 -0.014791 -0.225170 -0.001170 0.708198 -0.037129 -0.196844 0.451870 -0.337143 0.360911 0.241726 -0.109246 -0.242114 -0.091755 -0.029456 0.221897 
231.258804 -21.069649 4.745429 0.017772 -4.580547 -3.706752 -1.263613 4.366004 1.067748 -0.617241 0.123954 -0.402780 0.521804 -0.279867 0.421998 0.301719 0.425254 -0.529608 0.659970 0.299781 -0.057256 -0.240555 0.098446 -0.247389 0.076681 -0.632050 0.199920 -0.279548 0.127589 0.612583 0.312791 -0.023864 -0.459409 0.022623 0.303821 0.066670 0.160017 
237.745010 -21.923902 5.712966 0.414005 -4.321741 -3.425528 0.278192 4.646845 0.206969 -0.905875 0.746638 -0.588010 0.446544 -0.999681 0.637006 -0.146825 0.282848 0.283482 0.592031 0.019155 -0.707170 -0.192282 0.592851 -0.091831 0.318865 -0.571166 0.214934 -0.555075 0.308892 0.943859 -0.556875 -0.751763 0.045757 0.303460 -0.331032 0.209288 0.143292 
120.665062 -23.069012 6.019441 -0.275878 -4.014852 -3.139787 -0.079550 4.404314 -0.346593 -1.001806 1.309656 -0.586442 1.159533 -1.422200 0.851866 -0.808432 1.043039 1.358111 -0.453780 -1.203744 0.034257 0.366364 -0.563619 0.171186 0.363266 -0.085781 0.773309 -1.206245 0.222146 0.696702 -1.087697 -0.890933 0.878308 0.738977 -0.532826 0.228386 -0.571293 
122.837654 -24.768302 7.416698 -1.202858 -2.235663 -0.709307 -0.629368 2.239357 0.275482 -0.173147 -0.380599 -0.245637 1.173075 -1.171243 2.183624 -2.559315 0.727141 1.676887 -1.583363 -1.762710 1.049447 1.285672 -0.472801 0.364942 -0.823722 -1.244785 0.300861 0.070997 -0.118051 0.093666 -0.031574 0.353319 0.203704 -0.250575 0.599618 0.100504 -0.623891 
0.000000 -25.411498 10.386689 -5.394507 -2.560570 0.213987 -3.246276 0.878894 1.752300 1.569538 0.364054 0.143441 -0.487910 -3.911771 1.453588 -0.666437 0.806937 1.545443 -0.516928 -0.497106 0.441666 -0.134785 0.635618 0.372195 -0.884517 2.397500 -2.569349 1.404521 0.370662 -0.302795 0.929396 0.763821 -1.323020 -1.163233 0.284451 -0.034861 0.801170 
0.000000 -32.591843 10.323873 -2.535733 -0.621789 2.381580 -1.663224 1.245145 1.158814 -0.442717 0.890636 0.498753 -0.595960 3.623758 -2.955073 0.249727 1.468465 1.071296 0.275430 -0.235068 -1.596593 -1.040795 0.096101 0.295219 0.778618 6.309221 -2.484964 -0.168006 0.096993 -0.845323 -0.428425 0.029616 -0.866308 0.278735 -0.398771 -0.226847 1.031250 
397.919769 -18.163982 4.476543 -4.895054 0.376359 2.356580 -2.695417 0.408758 -1.440886 -0.512051 0.556257 0.733879 1.069326 8.706671 -3.516341 -1.002449 1.000923 -0.145203 -1.373779 -0.437874 -1.290951 0.422686 -0.161925 -0.081499 1.177983 -1.156079 0.720608 0.078397 -0.331188 -0.636883 -0.377459 0.277891 0.825847 0.867209 -0.001259 -0.435913 -0.342554 
171.952286 -15.178501 3.291191 -4.540631 1.380056 2.091174 -4.410782 0.369398 -1.423089 0.402655 0.566786 0.335755 1.760006 1.311599 -1.513858 0.406521 0.806089 -0.202470 -0.479488 0.320715 0.055101 0.693624 0.093584 -0.576606 0.093510 -5.628288 1.480955 0.819524 -0.492886 0.157948 1.211762 0.554677 0.543233 -0.062594 0.272966 -0.273874 -0.788459 
307.314545 -15.540784 1.448827 -4.082012 1.988536 1.951639 -3.654393 1.050187 -1.330684 0.875196 0.743425 -0.419332 1.256346 -2.549904 -0.554431 0.636598 0.015151 0.170692 1.049744 0.671480 -0.204486 0.297498 0.384007 -0.629247 -0.398936 -4.898602 1.353683 0.510293 -0.199165 0.955935 0.943390 0.164242 0.007439 -0.429045 -0.118733 0.133552 -0.191344 
328.636505 -20.278309 2.182328 -3.267434 1.410358 2.432557 -2.311293 1.712357 -1.832060 0.997651 1.334800 -0.922738 0.962133 -8.485604 1.193509 1.427108 0.407759 1.709400 1.407291 0.649199 0.069979 -0.164467 -0.143882 -0.309501 -0.289177 0.625756 0.764803 0.308664 -1.357998 -0.422623 0.476900 0.277738 0.043772 -0.642504 -0.656673 0.482394 0.572242 
0.000000 -32.511993 3.835845 -1.227796 2.804054 5.370439 -0.839810 2.348585 -1.190727 0.546262 0.455661 -1.038335 0.677993 -1.298392 0.975175 1.253926 -2.700845 -0.674555 2.003544 1.226956 -0.116943 -0.987511 -0.929339 0.335542 0.745548 6.954176 0.009232 -0.341948 -2.392784 -2.462877 -0.200981 -0.167944 -0.196967 -0.282663 -0.154786 0.379321 0.491088 
394.966888 -22.875093 4.132679 -0.759583 -3.991331 1.083448 1.695795 4.166268 -2.065946 -0.977371 -0.523879 -0.251654 2.453229 5.422748 1.211972 0.743212 -4.377809 -3.216354 1.005329 0.313312 -0.323955 -0.729794 -0.453453 0.449140 0.692999 -2.405134 0.278237 0.139267 1.812270 0.459509 -1.117123 -0.993436 0.316485 0.923063 0.602375 -0.306260 -0.810469 
376.493744 -21.666496 6.259789 0.258628 -5.951563 -1.062269 1.170848 2.975208 -1.838637 -0.913326 -0.451246 -0.140054 2.063990 -6.108659 1.531650 1.532461 0.923695 0.244463 -0.230702 -0.759916 0.516028 0.858615 0.275411 -0.276977 -0.875390 -7.327456 0.112723 0.000216 3.510784 2.729251 -0.421885 -0.728314 0.485869 0.301485 0.180819 -0.034060 -0.683206 
362.513031 -35.092411 7.195979 2.305339 -2.143941 1.572375 1.234391 2.646435 -1.033891 0.739859 0.026944 -0.805608 0.702448 -9.232163 1.437418 0.743645 2.643760 2.242147 0.161560 -1.143317 0.647782 -0.126825 -0.091814 0.381020 -0.673414 2.754497 -0.308262 -0.751128 -0.181417 0.317193 -0.434089 -0.064456 0.384995 -0.475093 -0.227274 0.200514 0.121889 
72.718925 -40.130823 9.134625 1.745917 -0.664043 3.422024 1.493968 0.688574 -0.543072 -1.166975 -0.634875 0.621986 0.717163 -0.599665 0.915126 0.030205 0.560862 0.878849 -1.098880 -0.888829 1.286018 -0.091571 -0.179137 0.124052 -0.631612 7.741328 -1.312912 -0.601595 -1.483697 -1.424917 -0.803432 0.718931 -0.312544 0.445241 0.108607 -0.580662 0.320579 
127.400055 -36.291740 9.026232 2.365748 -1.022217 3.330072 -0.963369 0.868777 1.538145 0.556717 -0.331330 -0.557504 -0.560775 6.250493 -1.188405 -0.459546 -0.323633 -0.607688 -1.445303 0.294544 0.022695 0.763657 0.125400 -0.780304 -0.032256 2.216366 -1.442964 0.363398 -0.068370 -0.848454 0.587640 0.842412 -0.987590 -0.138395 0.127103 0.111050 0.553872 
73.802185 -27.629838 6.757814 0.826826 -1.311309 2.206649 -1.396639 1.277662 -0.497683 0.360339 -0.384074 -0.938622 0.652650 3.833068 -1.970802 0.757000 0.424122 -0.818058 0.076400 0.795994 -0.689163 -0.368361 0.075069 0.346152 0.476133 -4.201246 -0.887723 1.548940 1.746821 0.748113 0.457759 0.090703 0.340343 -0.821954 -0.073405 0.660617 -0.189289 
323.225433 -28.625604 5.084627 3.879749 -0.173974 1.693955 -0.810569 2.460766 0.159819 -0.180006 -0.181192 0.134800 0.391490 -2.151999 -2.963851 2.638334 3.170009 0.888538 -0.529785 0.475950 0.703380 -0.880251 -0.021410 0.540929 -0.410835 -3.764776 0.661836 1.374272 1.017910 0.970380 -0.745377 -0.615619 0.153529 -0.428651 -0.168779 -0.214663 -0.432522 
290.551941 -31.933835 0.830113 6.103493 5.028708 3.983726 -2.456210 2.229561 0.909078 -1.400163 -0.426894 0.143237 -0.169020 -3.696484 -0.647129 3.505545 2.459942 1.122702 -1.414353 -0.435244 -0.382106 -1.225664 -0.262490 -0.083174 -0.388911 -2.865829 1.457918 -0.419507 -2.165283 -0.512085 0.377318 -0.495074 -0.508931 0.449250 0.110451 -0.191585 0.288975 
0.000000 -36.018572 3.790369 10.890839 4.745911 3.939360 -3.639274 1.590278 -0.604392 -2.631334 -0.706171 -0.031548 -0.386332 -7.883656 -0.048014 1.799320 -1.160558 -0.135632 0.224850 -0.514199 -0.314481 0.018249 0.199491 0.157759 0.167116 -1.778749 -1.787697 -3.645801 -3.227666 0.018250 2.357600 0.392088 0.068954 1.203172 0.560824 0.219264 0.203565 
0.000000 -47.701148 0.734085 9.702134 2.707593 3.712463 -2.006509 1.201162 0.280116 -1.363666 -0.027911 0.458755 0.165211 -7.253983 -4.222523 -3.786056 -3.995390 1.159201 3.300847 0.348932 -0.244199 1.180679 0.859158 0.355355 0.018219 8.146220 -0.110812 -3.319084 -0.819290 0.360896 1.084805 0.379884 -0.242199 0.353822 0.202991 -0.239425 -0.400763 
202.759247 -50.526537 -4.654678 3.318726 -3.244869 6.257763 2.962420 2.288143 -1.092790 -0.269976 1.012145 0.679161 -0.349894 8.408784 -0.269639 -4.838848 -2.799138 0.586160 2.394460 0.245568 -0.798879 0.725893 0.605473 -0.321092 -0.634411 8.625416 4.300790 1.496787 2.109920 -0.890939 -2.184860 -1.034086 0.431791 -0.329052 -0.577189 -0.508715 0.055367 
0.000000 -30.883579 0.194808 0.024438 -2.890683 4.884782 2.782411 1.692299 -1.317641 0.088120 1.183035 -0.183428 -1.103612 9.996849 4.379056 -0.792481 0.224451 -0.622676 -1.068873 -1.719239 0.619384 0.522575 -0.295220 -0.662076 0.128953 -4.513582 1.573307 3.022117 1.896471 -0.537024 -1.705622 -0.440768 0.696712 -0.217694 -0.772097 -0.120157 0.570312 
94.470955 -30.532838 4.103435 1.733764 -2.795967 5.012411 0.824674 -1.150336 0.145978 0.775174 0.421706 -0.644990 -0.091989 -0.618380 2.876976 1.205385 0.993804 -0.487888 -1.016784 -0.635968 0.594546 0.290505 -0.938720 -0.561405 0.506212 -6.012718 -2.112562 0.601124 0.812134 -0.023268 0.432115 1.251105 -0.554935 -0.399187 -0.006720 0.202346 -0.270859 
176.317734 -32.120338 5.948761 2.435208 -0.903074 3.909005 0.748842 0.420362 -0.128550 0.669129 -0.694404 -1.306238 -0.091187 -2.028587 0.153932 0.409767 1.848719 -0.669212 -0.204644 0.782971 -0.490486 -0.275799 -0.308659 -0.257384 -0.412766 -0.690203 -2.922948 -0.254190 1.284001 -0.312741 0.370059 0.549074 -0.591354 -0.456176 0.723387 0.498927 -0.642487 
0.000000 -34.590011 4.411298 2.553298 0.901470 3.673987 0.415387 0.415605 -0.834994 0.223575 -0.195613 -1.159758 -0.917520 -1.998786 -2.968919 0.697006 3.561806 -1.113370 -0.276667 0.462179 -0.588162 -0.621847 0.508054 0.436449 -0.778762 1.635621 -1.793760 -0.665539 0.478080 0.223336 -0.056353 -0.248714 0.044652 -0.150381 0.372976 0.264452 0.246560 
0.000000 -36.117911 0.010923 3.829219 6.220537 1.682265 0.195508 1.344720 -1.304874 -0.574566 0.321703 -0.433340 -1.648711 1.242655 -3.433587 -0.921311 2.804879 -0.222540 -0.317349 0.285542 -0.401182 -0.576560 0.437292 0.271521 0.080354 3.124587 1.749365 -1.180528 -2.194891 0.589869 -0.790847 -0.455244 0.556904 0.320865 -0.456587 -0.333644 0.980061 
103.417114 -32.104701 -2.455877 0.710677 6.511228 3.228907 -0.219312 0.986690 -1.637358 -0.929546 0.678971 -0.616715 -0.756812 4.250388 0.529812 -1.664051 -0.827976 0.066367 -1.858362 -0.448310 0.525645 0.019882 -0.405121 -0.230839 1.181361 -0.025355 3.333308 0.239466 -2.501296 0.041115 -0.665010 -0.199768 0.307511 0.557022 -0.303906 -0.106417 0.249810 
167.173904 -27.617134 1.070547 0.501116 4.564584 1.815000 -3.521216 0.448100 -0.253583 -0.534802 -0.488540 -0.895018 0.714010 1.191946 3.233028 -0.442378 -2.197714 -0.140309 -1.647369 -0.113994 0.213839 0.537484 -0.170521 0.058688 0.579974 -3.704941 1.480006 0.401006 -0.767987 0.138646 1.824265 0.635423 -0.687617 -0.237846 0.426741 0.281405 -0.459246 
64.398628 -29.720809 4.010180 -0.174080 2.115799 2.948288 -3.514050 0.758703 -1.209681 0.145422 0.337930 -0.499340 0.403137 -3.159493 3.489824 -0.862039 -2.363951 0.343659 1.790168 0.822537 -0.849589 -0.455809 0.448361 0.331971 0.262868 0.124730 -0.430864 -0.011399 -0.255991 -1.019712 1.999342 0.425417 -0.680608 -0.869942 0.187978 0.037216 -0.230507 
64.447998 -33.936120 8.050196 -1.222962 -0.163318 2.502319 0.059120 2.093174 -1.952762 -1.446420 0.408183 -0.231076 1.239747 1.441406 2.371300 -0.465175 -2.709696 -2.179733 2.351316 0.736841 -1.147378 -1.202400 0.205435 0.133120 0.118960 5.616821 -2.564726 0.060421 -0.099886 -1.263455 -1.101314 -0.388857 0.462478 0.300220 -0.084273 0.058891 -0.209496 
316.171326 -26.837998 8.752780 -1.104431 -3.303592 -1.411178 1.188582 2.232385 -3.504436 -2.259378 0.748801 -0.233099 0.641056 8.074148 -1.639627 -0.741197 -2.563722 -2.183250 -0.412460 0.044822 0.075367 0.144630 0.279815 0.449753 -0.156123 1.829136 -2.361033 0.078073 0.894326 0.986506 -1.669715 0.195179 1.171163 1.201836 -0.081978 0.223932 -0.084931 
294.320557 -17.787825 4.770942 -2.705357 -5.290763 -1.864181 -0.765801 2.182819 -1.802028 -1.157159 0.967814 0.668430 0.927501 5.099678 -2.350766 -0.309029 -0.921043 -0.206722 -0.988113 1.127198 1.194948 1.201273 0.041480 0.580983 -0.050902 -4.395727 0.607256 0.889558 1.660154 1.174697 -0.041893 0.473765 0.146278 0.173667 -0.448985 -0.298439 0.038681 
0.000000 -16.638641 4.051248 -1.722488 -5.145678 -1.824622 -0.787645 4.486781 -1.114540 0.143167 0.831760 0.928867 0.539253 -0.717307 -0.425116 1.037918 0.756586 0.166143 -0.496247 0.992353 0.367922 0.491964 -0.618154 -0.147126 -0.078760 -3.726186 1.400374 0.188956 0.745438 -0.598776 0.214609 -0.536580 -0.623768 -0.622263 -0.316179 -0.332969 0.018078 
240.491394 -19.222439 3.920710 -0.629521 -3.777592 -1.531894 -1.758295 4.167525 -1.066184 -0.173232 -0.268494 0.374179 0.769981 -2.352694 0.449982 0.068883 0.569833 -1.404273 -0.558895 0.054038 -0.052588 -0.043253 -0.590878 -0.084955 -0.014746 0.118520 0.521082 -0.739474 -0.372198 -0.928887 0.261109 -0.415594 -0.374635 -0.254159 0.474578 0.230939 0.051538 
231.685013 -21.344030 4.951213 -1.584721 -4.006012 -4.633168 -1.905436 4.594857 -1.219716 0.056661 -0.349996 0.758957 0.509761 -0.480267 0.617048 -0.441029 0.012190 -1.691630 0.025971 0.161166 -0.381348 -0.016354 0.331002 0.314753 0.024315 -0.078908 0.344052 -0.108823 -0.237965 0.900298 0.572052 0.034401 -0.315611 -0.283225 0.637638 0.097306 0.210420 
236.954010 -20.182972 5.154805 -1.511580 -3.753212 -4.915154 -1.706352 4.489856 -1.828880 -0.205939 0.393510 1.003685 0.818611 -2.510509 1.138086 -0.148763 0.093903 0.396323 0.585209 0.122840 -0.683810 -0.609702 0.684399 0.109657 0.406095 -3.648925 -0.814616 1.100364 0.436377 1.120195 0.350743 -0.303753 0.258826 -0.091960 -0.212745 -0.404633 -0.063883 
0.000000 -26.365048 7.227385 -1.882247 -3.818206 -3.840522 -0.735018 4.840538 -2.587335 -1.162743 1.018801 0.978272 1.321951 -7.778116 -1.012184 1.759699 0.884943 0.548761 0.727457 -0.446340 0.136305 -0.200273 -0.094488 -0.494513 -0.103450 -1.906681 -2.339965 2.015007 0.024504 -0.308589 0.545403 -0.225296 0.559887 0.614089 -0.853506 -0.420877 -0.190053 
284.223389 -35.739205 3.130436 2.007818 -1.983325 -3.817633 -0.251438 3.597176 -1.556271 -0.606485 0.204534 0.014659 0.611711 -6.323872 -3.541844 3.881252 0.142910 -0.220856 1.676015 -0.327751 0.435965 0.618476 -1.022614 -0.732097 0.025988 4.569991 1.476859 -0.587963 -0.378349 -0.372911 -0.144551 0.328004 -0.441766 -0.100568 0.028055 0.274183 -0.047899 
289.094543 -39.012793 0.143697 5.880258 -3.532386 -4.282233 2.617011 4.185035 -1.715406 0.074208 -1.026426 -0.485923 1.373927 1.361866 1.941534 0.583773 0.128246 -0.197061 0.438354 0.209667 -0.747227 -0.401409 -0.038378 0.053852 -0.199249 4.661266 3.488374 -2.616850 0.379933 0.128047 -1.335943 0.121744 -0.551812 -0.680115 0.799858 0.518120 -0.303172 
306.723969 -33.015472 7.013504 3.175364 -1.726833 -4.211756 0.625269 4.016510 -3.050725 -1.409302 0.127778 0.122363 0.213214 2.998660 3.434904 -1.352447 0.902777 0.035239 -0.995871 -0.084262 -0.667660 -0.741755 0.577102 0.304143 -0.580357 0.818397 0.746685 -0.968110 0.387265 0.116150 -0.717112 -0.146965 0.039784 -0.170173 0.307740 0.125145 -0.190554 
