322.029938 -45.118744 -1.515077 1.234893 5.725100 0.703999 -0.638165 -0.083149 1.498911 -0.485181 0.620560 -0.036825 1.058995 6.577112 2.366478 -0.895124 -3.377127 -2.764153 0.036577 -0.290489 -0.026050 -0.445262 -0.914760 0.197380 0.662386 4.620206 0.104106 -0.156793 0.030580 -0.175633 -0.277449 0.099730 0.080861 -0.071972 -0.036182 -0.087227 -0.015722 
340.030273 -31.964519 3.217879 -0.555354 -1.029153 -4.824307 -0.565011 -0.664127 1.446811 -1.375705 -1.208959 0.357935 2.383767 15.817524 2.574691 -1.208710 -3.315966 -3.115419 -0.518321 -0.091029 0.135672 -0.589206 -0.987123 0.022926 0.630942 1.522202 -1.590869 -0.036774 1.642644 1.517162 0.077723 0.151457 0.154789 0.236782 0.409631 -0.023158 -0.467328 
276.181671 -13.483695 3.634304 -1.182527 -0.906831 -5.526840 -1.674808 -0.265207 1.770256 -1.663592 -1.353687 0.009026 2.320880 9.621516 -0.815260 -0.968671 -0.091838 0.270171 0.192023 0.012425 0.283527 0.028302 -0.095497 0.151063 -0.272269 -7.939431 -1.575726 0.359582 1.745435 1.525409 0.787851 -0.288665 0.270550 0.394169 0.696446 -0.124884 -0.193178 
266.605438 -12.721487 1.587359 -2.492696 -1.212830 -4.283965 -0.180964 -0.639278 2.013866 -1.319100 -1.399953 0.660062 1.839228 -0.061338 -0.576761 -0.489546 0.174905 -0.064602 1.057381 -0.668358 0.676772 0.199132 0.405768 -0.226843 0.244587 -5.467534 0.529790 1.107469 -0.235166 -0.396381 -0.404896 -0.247892 0.283950 -0.128070 0.400895 -0.189774 0.608352 
245.968811 -13.606370 2.480783 -2.161619 -0.557022 -5.656044 0.439955 -1.601924 3.123800 -1.265329 -0.542152 -0.444659 2.810054 -1.313553 0.244321 1.246268 -0.562170 -0.522590 -0.617769 -0.483359 0.851428 -0.227837 0.706293 -0.228485 0.944435 -0.678814 0.118238 1.166704 -0.512078 0.207614 -1.075449 0.460662 -0.323117 -0.460513 -0.108627 0.236477 -0.215594 
0.000000 -15.348592 2.076000 -0.000161 -2.337169 -5.329145 -1.416502 -1.605996 3.716722 -1.774774 0.012633 0.203093 3.728098 -1.418966 -0.340285 1.843861 -0.849252 0.350625 -1.093516 0.252965 0.030538 -0.721895 0.188513 0.246110 -0.186600 0.129033 -0.127702 -0.595667 0.442040 1.069960 0.873944 0.551893 -0.892839 -0.508129 -0.087320 0.223018 -1.110668 
0.000000 -16.444303 1.800213 1.526103 -2.255526 -4.954793 -1.747077 -1.095993 3.184875 -2.709119 -0.165126 0.047562 2.436853 -1.055487 -0.011083 0.054934 0.321911 1.617330 1.130119 0.620426 -0.934251 -1.244094 0.531654 0.217552 -1.276900 0.248095 -0.347999 -1.448202 1.523052 1.382637 1.105195 0.212602 -0.613706 0.465684 0.379481 -0.074813 -0.409480 
209.332230 -17.459566 2.053834 0.109706 -1.693347 -2.094486 0.843736 -0.365144 1.848220 -4.262963 1.075941 0.638197 1.174297 -0.922777 -1.036283 -1.052542 2.196853 3.115900 1.116873 0.678169 -1.196875 0.209473 0.947475 0.096485 -1.005560 -0.430758 -1.296385 0.286242 2.055344 -0.087171 -0.680171 -0.128699 0.601510 1.221504 -0.076420 -0.427093 0.543650 
216.000885 -18.289857 -0.272352 -0.578981 2.138180 1.277006 0.486669 0.260345 0.791124 -2.290173 1.729824 0.240531 0.425733 -1.917003 -2.603853 0.627417 4.432599 1.442988 -0.230223 0.363029 0.268769 1.198915 0.378815 -0.636633 -0.189599 -1.625296 -0.794267 1.605309 0.675653 -2.220750 -0.545234 -0.287955 0.862587 -0.436812 -0.462166 -0.194369 0.381096 
222.292023 -21.293572 -3.153873 1.364541 7.171851 0.791489 0.383289 0.360914 2.385759 -1.865133 1.833570 -0.635069 0.795099 -4.173369 -2.624817 2.158076 3.548159 -1.325601 0.026405 0.102259 0.528299 -0.664150 0.023144 -0.292253 -0.243367 -2.022122 0.069205 1.002776 -1.928672 -0.728831 -0.168804 0.273333 -0.557073 -0.596285 -0.425478 0.628089 -0.365144 
245.830994 -26.636595 -5.521987 3.737172 9.234498 -1.374195 0.539479 0.464863 1.847723 -3.618473 1.776112 -0.343976 -0.061001 -5.961247 -2.465444 2.632970 0.575256 -0.014675 -0.567832 0.909696 -0.845377 0.006345 -0.472142 0.619545 -0.919886 -0.172789 -1.364746 -0.855209 -2.462868 1.306136 -0.337760 0.303550 -0.645109 0.989838 -0.225902 0.507521 0.171192 
250.488007 -33.216067 -8.084760 6.630480 8.322362 0.762139 -0.752374 2.180306 0.695006 -1.852443 0.889286 0.604022 -1.044674 -4.518948 -5.354310 0.447658 -1.377576 1.286670 -0.649115 0.709359 -0.761918 1.315526 -0.428659 0.722789 0.099017 6.102989 1.928027 -2.926702 -1.625714 0.222192 0.018338 -1.438851 0.085642 0.612223 0.145893 -0.689813 0.724963 
244.826935 -35.674491 -16.230608 4.632489 6.479346 1.199146 -0.758751 1.883581 0.323886 -0.987421 0.918793 1.101602 0.137032 6.244731 1.390610 -3.220435 -2.676172 0.429708 -0.531156 -1.968006 -0.674093 1.230792 -0.180356 -0.760081 0.530039 8.085381 6.821267 -2.446942 -0.419986 -1.218062 0.457436 -2.001006 0.237019 -0.633886 0.271622 -0.793838 -0.072148 
0.000000 -20.726605 -5.303540 0.189611 2.970018 1.621555 -1.814687 -1.755706 -0.653180 0.609140 0.528574 -0.916140 0.015404 11.651814 8.288224 -4.446227 -2.217548 -1.149454 0.265758 -3.292653 -0.287881 0.047755 0.114584 -0.864887 -0.045280 -1.539928 1.016351 0.137074 0.520289 -1.517661 1.114732 0.286766 0.732394 -0.922953 0.233705 0.652821 -0.246667 
295.496307 -12.370863 0.345840 -4.259965 2.044249 -1.099762 -0.227235 -4.701724 -0.251877 -0.891911 1.147962 -0.628172 0.046472 3.164875 3.423313 -2.946287 -1.635595 -2.605613 1.698309 -1.394475 0.790695 -0.615115 0.287054 0.545562 0.036706 -6.605816 -3.457499 1.467599 0.486182 -0.270388 0.311766 1.980867 0.613275 0.156885 -0.141479 0.737766 0.020999 
280.131866 -14.396856 1.543086 -5.702962 -0.301172 -3.589671 1.581931 -4.544656 0.928210 -0.621089 1.102682 0.174983 0.088816 -1.559818 1.373226 -1.511028 -1.245184 -1.690230 0.889290 0.669082 0.938669 0.361525 -0.168373 0.610646 -0.003283 -1.931661 -1.049319 0.954624 0.558066 1.234440 -0.876452 1.116692 -0.210545 0.373595 0.008135 -0.176826 0.092171 
272.875366 -15.490499 3.092293 -7.282020 -0.446118 -4.480222 1.551344 -3.363560 1.625461 -0.168862 0.811216 0.593120 0.039907 -0.698447 1.324675 -1.037038 -0.519462 -0.136732 -0.054596 0.838909 0.369606 0.132076 0.303323 0.191909 0.221048 0.775757 -0.682664 0.740987 0.534560 1.166475 -0.481264 -0.134553 -0.584283 -0.199689 0.431848 -0.202594 0.197530 
266.533630 -15.793749 4.192436 -7.777038 -1.340096 -3.863135 1.472740 -2.866837 1.667423 -0.356938 1.709328 0.558801 0.530911 -0.008304 0.007899 -0.029054 -0.176063 0.642720 -0.073239 0.399976 -0.229898 -0.037854 0.695323 0.205457 0.391777 0.294231 -1.070756 0.923288 0.731080 0.419332 -0.240333 -0.646888 -0.604612 0.055902 -0.094940 0.176338 -0.002156 
252.928192 -15.507107 3.108090 -7.340129 -0.798244 -3.194782 1.404866 -2.563609 1.165665 -0.244569 2.201862 1.004034 0.823461 -0.109986 -0.816838 0.809538 0.942699 0.701932 -0.535262 -0.454867 -0.839617 0.243879 0.113444 0.544585 0.216736 -1.801169 -0.147010 0.508828 0.784974 0.161370 -0.230609 -0.555707 -0.194066 0.025042 -0.380508 -0.160729 -0.453663 
0.000000 -16.013721 2.558761 -6.157963 0.545302 -2.459272 0.402216 -3.776571 -0.011812 0.130820 1.936215 1.647972 0.964383 -3.610643 -0.286121 0.988601 1.393885 0.965460 -0.534457 -0.711438 -0.618030 0.012231 -0.065694 -0.116001 -0.515550 -4.137837 -1.528203 0.745446 -1.209276 0.517838 0.207726 0.892065 0.294494 -0.155959 -0.114237 -0.347005 -0.632632 
227.561722 -22.728393 2.535848 -5.362926 1.989525 -1.263861 0.335952 -3.986485 -0.070394 -0.220107 2.070474 0.772031 -0.207639 -8.385659 -3.873244 2.300429 -1.475853 1.737609 -0.119809 1.329263 -0.250630 -0.068038 -0.115031 -0.149425 -1.048528 -0.274374 -3.524018 0.003560 -1.474792 -0.215947 -0.177262 0.844932 0.364191 0.214220 -0.229191 0.149281 0.268997 
228.194016 -32.785039 -5.187728 -1.557105 -2.406403 1.015945 0.162597 -1.118046 -0.513073 -0.005257 1.706154 1.349122 -1.132672 -4.159391 -7.334156 0.995721 -1.555699 0.533566 -0.888980 0.978425 0.110353 0.440672 -0.524075 0.182560 0.022444 4.663823 0.636960 -2.682316 0.525458 -1.658328 -0.341399 -0.801153 0.125264 0.118594 -0.201526 -0.155000 0.589963 
0.000000 -31.047175 -12.132464 -3.371484 -1.121874 -0.196730 -1.442009 -2.029634 0.150311 0.661236 1.022324 1.137152 -0.162752 0.941987 -2.599325 -3.064202 -0.424936 -1.579046 -0.802608 -0.273043 -0.000102 0.169150 -0.518082 -0.459425 0.131398 2.260122 6.041039 -1.455788 0.733433 -0.539210 0.894835 -0.627542 -0.072173 -0.309682 0.199046 -0.504829 -0.130927 
0.000000 -30.901065 -10.386377 -7.685510 -3.256275 -2.142148 -1.442618 -1.664132 -0.513277 0.333043 0.669989 0.430272 -0.869876 0.360853 4.747921 -1.915856 -0.088833 -0.544855 0.900691 -0.276658 -0.033992 -0.178692 -0.125983 -0.827098 -0.239409 -0.129882 5.533716 2.388652 0.969262 1.558922 1.101892 -0.108450 -0.105784 -0.333704 0.413545 0.021430 0.009668 
0.000000 -30.325469 -2.636623 -7.203196 -1.299540 -1.286439 0.359372 -2.582950 0.082327 0.303852 0.770358 -0.517045 -0.641570 0.682223 8.468107 1.713102 1.513588 1.538798 1.401176 -0.489943 -0.211670 -0.498258 0.309008 -0.416565 0.150735 0.314653 -0.405402 1.800579 0.197991 1.003824 -0.166797 -0.013056 -0.075210 -0.277350 0.352617 0.574058 0.221104 
0.000000 -29.536619 6.549836 -4.259307 -0.229100 0.935449 1.359735 -2.644019 -0.936618 -0.663472 1.288006 -0.402859 -0.568406 0.990159 3.937117 1.685302 0.307149 1.462792 0.567096 -0.302770 -0.184412 -0.733392 0.579251 0.321018 0.202798 -0.941341 -4.408484 -1.025375 -0.319346 -0.540038 -0.804570 0.443356 0.462644 -0.167004 0.102952 0.348240 -0.121162 
0.000000 -28.345152 5.237612 -3.832591 -0.685241 1.639145 1.493564 -3.188490 -0.286497 -1.162933 1.928860 0.124992 -0.235973 -1.200459 -0.348861 -0.337648 0.874896 0.458723 -0.207963 0.396769 0.713617 -0.832266 0.514912 0.279915 -0.091590 -2.276814 -1.527336 -1.375051 1.144618 -0.585333 -0.783721 1.146120 0.002541 0.213807 -0.045817 -0.323823 -0.046612 
179.401291 -31.937536 5.852114 -4.934602 1.520692 1.852894 0.943809 -1.850482 0.490617 -2.328004 2.317830 0.156970 -0.751585 -3.563469 0.882446 -1.064800 2.596386 0.292126 -1.000346 1.989470 -0.179331 -0.305778 0.487617 -0.326628 0.109575 -1.649270 -0.762848 2.030264 -1.088335 0.569580 -0.297718 0.644840 -0.282988 0.579456 -0.154812 -0.119854 0.035506 
189.721039 -35.472090 7.002504 -5.962191 4.507531 2.223397 -0.507127 0.790450 -0.645159 -1.774489 2.904094 -0.528264 -0.016823 -4.498999 -1.874558 3.722881 -1.301773 1.597882 -0.803400 1.686449 0.147641 0.326645 0.205288 0.040206 -0.020578 -1.863293 -4.844871 4.756859 -3.214566 -0.174628 1.115183 -1.135772 0.707381 0.563558 -0.506984 0.232667 -0.053023 
201.624176 -40.935535 2.102998 2.511159 -1.082854 5.048658 -0.662990 1.522416 0.785899 -1.674713 2.728405 0.237383 -0.792740 -7.290055 -8.807296 8.448918 -3.832746 -0.057131 1.230020 -0.282074 1.235432 0.821337 -0.526351 0.138706 0.003530 0.782705 -4.850996 -1.731377 1.524342 -1.829094 0.429422 -1.044724 0.036933 0.362190 -0.524212 -0.182221 0.258914 
225.031128 -50.052201 -10.612088 10.935645 -3.157962 2.109135 1.952912 0.226303 1.825705 -0.131815 1.851393 -0.250852 -0.009763 -2.933590 -11.576551 0.260127 1.746911 -2.060305 0.055445 -0.402999 0.221507 1.051026 -0.843135 -0.324236 0.497251 8.082246 5.244636 -5.746580 3.026957 0.026506 -0.984939 0.285055 -0.991490 -0.745599 -0.315850 -0.225901 -0.066768 
0.000000 -46.802715 -21.050103 3.031412 2.410968 0.928048 -0.552100 0.716418 1.228914 0.427339 1.042135 -0.411088 0.201761 8.874436 1.681975 -3.044243 2.221168 -0.004119 -0.739859 0.288035 -0.747547 -0.669861 -1.158050 -0.313097 -0.130006 8.248510 11.328261 -0.595340 -0.906898 0.941314 0.595285 0.051807 -0.444600 -1.274318 0.364698 0.168972 -0.463372 
0.000000 -32.303329 -7.248137 4.847160 1.284375 2.100896 0.473195 0.802373 0.330610 -1.471538 -0.464707 -0.877046 -0.269776 13.563429 11.079971 -0.930553 -0.066884 -0.177678 1.246015 -0.299385 -0.667693 -1.497610 -0.113739 0.013708 -0.429493 -0.746345 1.424670 0.181006 -0.810956 -1.034616 1.039479 -0.592135 0.742338 -0.249664 1.036999 0.264487 0.244060 
271.977661 -19.675856 1.109838 1.170306 2.277200 0.572692 1.939929 0.117648 -0.106472 -2.567881 0.814657 -0.383673 -0.657225 7.381747 4.531316 -2.682232 0.599257 -2.073352 1.339100 -0.896234 0.737129 -1.169189 0.915947 0.215876 0.358114 -7.530792 -4.500054 0.703157 -0.140799 -1.069414 -0.331346 -0.123798 1.232280 0.714312 0.308486 -0.028283 0.260686 
258.498413 -17.539836 1.814494 -0.517303 2.482889 -2.045808 3.151395 -0.990095 1.804868 -3.809916 1.367187 -0.445293 0.446452 -1.498154 2.079863 0.475760 -0.348483 -2.316506 0.583322 -0.546982 1.796867 -0.068985 0.503233 -0.042858 0.091878 -6.128793 -0.854162 3.047283 -1.083010 0.526230 -0.549944 0.406167 0.093337 0.907744 -0.246490 -0.094115 -0.390453 
248.834030 -22.672164 5.269564 2.121826 1.580234 -4.060320 3.106573 -0.976316 3.487262 -2.705852 1.821123 -0.469389 -0.473469 -4.875838 2.822992 3.412335 -1.566763 -1.020892 0.239212 -0.083899 0.923804 0.646298 0.422967 0.027647 -0.422792 0.634334 -0.990922 -0.015380 -0.127228 1.646263 0.025488 0.457743 -0.764312 -0.293340 -0.494305 -0.114367 -0.088740 
248.334427 -27.291512 7.460478 6.307366 -0.650638 -4.087591 3.629819 -1.157893 3.652475 -2.517320 2.213120 -0.389999 -0.399132 -0.229486 0.098019 0.445000 -0.602939 0.976020 0.634298 0.368505 0.268244 -0.655665 -0.485377 -0.271592 -0.085601 4.383276 -3.322663 -3.511747 2.520089 1.421631 -0.239127 -0.203224 -0.863046 -0.534723 -0.487469 -0.399556 0.161094 
263.960663 -23.131136 5.465602 3.011826 0.374356 -2.108281 4.375169 -0.239307 4.023750 -4.017182 0.850369 -1.012572 -0.644671 3.890714 -3.822334 -3.611159 3.473414 1.822370 -0.239043 -0.490347 -0.802289 -0.423147 -0.551971 -0.771465 -0.100603 0.973667 -1.750206 -1.729011 2.524426 -0.082921 -0.764217 -0.774762 -0.686332 0.866302 0.147343 -0.105663 -0.161640 
279.429718 -19.510084 -0.184190 -0.914952 6.296189 -0.442851 3.151734 -2.138588 2.047897 -3.363615 1.109179 -1.932928 -0.600338 1.717848 -3.402393 -3.013022 4.445913 0.810177 -0.894136 -1.181019 -1.104419 1.076939 -0.190691 -0.482918 -0.408880 -2.917638 0.765872 2.132864 -1.511007 0.012555 -0.575978 0.486533 -0.094580 1.162270 -0.038360 0.529442 -0.117231 
287.781433 -19.695439 -1.339184 -3.014218 9.266182 -0.487926 2.586897 -2.601345 1.814911 -1.863303 0.468987 -1.978408 -1.462432 -1.944561 -2.290589 0.654568 0.451399 1.847480 -1.390998 0.482719 -0.991449 1.901392 -0.628691 0.287419 -0.335065 -2.528097 -0.481948 1.834123 -3.294854 0.743068 0.028647 0.935004 0.119584 -0.144263 -0.129108 0.367135 0.393484 
283.867889 -23.399206 -4.765369 0.394185 7.198987 3.252109 0.369737 -1.173150 0.065000 0.439169 -0.148204 -1.358091 -1.270468 -3.338345 -4.366290 0.655223 -2.143796 2.296313 -0.836841 0.688989 -0.865252 0.788413 -0.448906 0.251351 0.378088 0.551098 2.524519 -1.008789 -1.724417 -1.163891 0.768091 -0.219941 0.457442 -1.130400 0.498224 0.276289 0.409485 
261.377014 -26.372130 -10.071764 -1.703771 4.978590 4.104701 0.913215 -1.223367 0.084407 -0.286476 -0.428825 -1.475706 -0.706256 -0.842366 2.758448 -1.363010 -2.997434 -0.480302 0.145184 0.042838 -0.076565 -0.359409 0.367756 0.839996 0.483905 1.838408 7.157655 -1.442548 -0.207672 -2.066129 0.146317 -0.003817 0.528661 -0.594307 0.149510 0.802751 0.106142 
256.388947 -25.083938 0.751528 -2.331836 1.204119 2.291506 0.660106 -1.087475 -0.088130 -0.279649 0.587308 0.321902 -0.302658 0.338470 9.949020 -2.229873 -2.559140 -1.835945 -0.544207 0.681356 0.192070 -0.400201 -0.149887 1.856854 0.590371 -0.273024 0.955566 -0.099614 0.847711 -0.465738 -0.915542 0.630837 0.425599 -0.289598 -0.257933 0.092718 0.080711 
241.640244 -25.695189 9.826276 -6.163517 -0.139691 0.432811 -0.175199 0.139344 0.468547 -1.086878 -0.728599 2.238001 0.474487 -1.388414 4.669581 -1.562238 -1.302012 -1.411778 -1.685900 1.304512 0.774633 -0.938605 -0.148109 1.025433 0.645327 -0.810499 -6.715381 1.934464 1.806460 0.409895 -0.154772 -0.452249 0.432652 0.108725 0.426046 -1.028736 -0.488046 
223.807480 -27.860766 10.090690 -5.456311 -1.399905 -0.532051 -2.711694 1.521550 1.461135 -2.156860 0.291090 2.372768 0.987997 -1.282527 -3.481741 1.639055 1.053779 -1.016154 -0.853751 -0.223143 1.057375 -0.182751 0.702204 -0.200619 -0.385721 0.140642 -4.873760 1.349307 1.616452 0.247270 1.370139 -0.893561 0.134132 0.835533 0.349540 -0.481415 -0.515380 
209.062347 -28.260243 2.862793 -2.885407 1.967867 -1.599497 -1.882701 -0.306941 2.583297 -1.452379 0.675810 1.836763 -0.296956 -1.107131 -5.077939 1.136377 1.930891 -0.917237 1.054379 -0.482609 1.042898 0.732460 0.550972 0.062603 -0.385433 0.169634 1.267736 -0.598513 -0.340899 0.157475 0.840548 0.297879 -0.082363 0.241678 -0.396851 0.171368 0.312781 
198.577972 -30.075028 -0.065188 -3.183558 2.461878 -2.366526 -0.602937 0.556333 3.546930 -0.691939 1.393033 2.497975 0.217131 -0.943259 -0.946269 0.442029 0.371981 -0.701204 0.827346 0.372615 0.892649 0.300606 -0.091499 0.142117 0.239841 1.943448 3.933413 -0.594720 -1.843330 0.161288 -0.446685 0.099631 -0.855453 -0.827663 -0.434374 -0.294824 0.306579 
189.555237 -30.146760 0.970254 -2.001350 2.711829 -3.001905 -0.228009 0.438288 4.368595 -0.851168 0.492813 2.120998 0.182725 2.779765 2.788887 -0.053064 -1.755768 -0.594661 0.161009 -0.283347 -0.668009 -0.922865 -0.317776 -0.527044 0.227725 2.467916 1.552744 -1.001296 -1.155315 0.405172 -0.207931 -0.565819 -1.536060 -0.318258 0.015143 -0.110962 0.251653 
184.977264 -24.515497 5.512587 -3.289685 -1.049658 -3.555848 -0.280918 -0.010361 2.210912 -2.537670 0.757481 1.443887 0.672582 3.992574 2.159219 -1.560564 -1.938650 0.109139 0.411483 -0.759023 -2.179472 -0.335910 -0.061213 -0.079807 0.743147 -1.954969 -1.846290 0.014506 1.474685 1.066575 0.171521 0.205766 -0.238486 0.688651 0.007203 0.367152 -0.171626 
182.399155 -22.161612 5.288692 -5.122478 -1.165471 -2.783627 0.594957 -1.079757 0.009652 -1.522989 0.370388 1.961385 1.669018 -1.130172 -0.903692 -0.024052 1.193602 1.538488 0.504052 0.128184 -1.144980 0.454437 -0.303371 0.207261 -0.115527 -3.969653 -2.223752 1.335919 1.931522 1.162319 0.207719 1.422234 1.290482 0.056105 -0.332273 -0.218155 -0.724979 
180.399521 -26.775841 3.705202 -3.337788 1.337545 -0.478872 0.727185 0.246008 -0.079048 -1.628796 0.150739 1.858409 0.441528 -3.946732 -2.288285 1.111275 1.924394 2.433776 0.826922 2.085445 0.401492 -0.223700 -0.725759 -0.516116 -0.706812 2.629658 0.041151 -0.251102 -1.080951 -1.370444 -0.095853 -0.259010 0.509998 0.077718 0.321431 -0.206849 0.336828 
185.244644 -30.055075 0.712123 -2.899929 2.683318 2.083925 2.248801 3.091134 0.812636 -1.970389 -1.081130 0.929153 0.255394 4.129144 -0.821390 -0.526256 -0.968301 -1.202400 0.312346 -0.389836 -0.124984 0.609873 0.339491 -0.206437 0.558129 5.683859 1.269926 -1.066780 -1.951808 -2.380925 -0.707813 -2.151865 -0.281432 0.421835 1.055459 0.184540 0.838929 
197.203568 -18.517553 2.062422 -4.390301 -0.599056 -2.883672 1.351876 -0.533665 -0.329016 -0.409049 0.829722 1.445536 1.557787 7.420987 0.251567 -1.022285 -1.979221 -2.328073 -0.588703 -2.218285 -0.161372 0.619971 1.385158 -0.147036 0.971045 -0.844297 0.249646 0.220615 0.122739 0.698004 -0.382667 0.112657 0.303345 -0.461717 -0.108257 0.039266 -0.094863 
198.193649 -15.213102 1.215256 -4.944500 -1.275123 -2.572220 1.071395 -1.345437 0.489891 -0.730448 1.689187 0.635082 2.197483 2.440550 -0.322099 -0.085026 -0.722822 0.193609 -0.452987 -0.164521 0.481706 -0.313560 0.122977 -0.127904 0.368404 -3.537559 -0.065467 0.704905 0.834106 1.263086 0.047461 1.261892 0.176459 -0.456170 -0.946183 0.307438 -0.542113 
207.801392 -13.636452 1.418224 -4.560354 -2.044700 -2.496455 0.445902 -0.862707 0.634396 -1.036169 1.075675 1.189727 2.294595 0.345869 0.120632 0.387525 -0.311009 0.198099 -0.493781 0.305498 0.191545 -0.292370 -0.507207 0.467841 -0.113182 -2.947743 0.242170 0.173761 0.588372 -0.137055 0.020012 -0.163130 -0.197231 0.189801 -0.207029 0.152937 -0.294879 
210.795837 -14.521363 1.456520 -4.169449 -1.897142 -2.176023 0.083834 -0.734440 0.872982 -1.315188 0.674773 1.570764 1.971119 -3.454935 0.162240 0.262496 0.453922 -0.080501 -0.412963 -0.490781 0.087245 0.066042 -0.291082 0.177970 -0.221353 -5.483124 -0.023255 -0.055594 0.203385 0.003805 0.389177 -0.507246 -0.260268 0.255518 0.225772 -0.072973 0.146107 
200.242661 -20.546322 1.742704 -4.035362 -1.136856 -2.657457 -0.380023 -1.844270 0.808886 -0.904086 0.493511 1.545667 1.851888 -10.620379 0.074121 0.276337 0.095762 0.205709 0.284573 -0.708994 -0.328990 0.218667 -0.055663 0.321895 0.179033 -3.602670 -1.362423 -1.298528 0.220335 -0.378382 0.098897 -0.139257 -0.164645 -0.081255 0.477734 -0.386558 -0.048229 
104.444061 -35.762122 1.604763 -3.616775 -1.705618 -1.764604 0.652979 -2.152428 0.215003 -0.877854 0.563447 2.214553 2.329186 -10.660276 -2.562606 -2.334560 0.894592 -0.837265 -0.215170 -0.769295 -0.242044 -0.096468 0.664385 -0.595145 -0.317812 5.067250 -3.403936 -1.352156 0.697961 -0.233764 -0.409989 0.339408 0.153628 0.182369 0.302893 -0.976269 -0.600154 
0.000000 -41.866874 -3.382508 -8.704483 0.652328 -4.331986 -0.810362 -3.382859 0.324798 -1.097021 1.822281 0.355377 1.216263 -0.485879 -6.733751 -2.427976 1.491683 -0.261818 -0.535405 -0.030178 -0.021733 0.583405 0.550122 -1.630643 -1.021274 6.808331 -1.459629 1.126131 -0.778037 0.986002 0.295508 1.051612 0.312808 0.576016 -0.744227 -0.078436 -0.324047 
0.000000 -36.733880 -11.862739 -8.472727 1.277747 -2.288240 -0.417831 -2.212785 0.171536 0.288955 1.663691 -1.046733 0.286637 2.956385 -5.481864 -0.082298 -0.661483 1.134740 0.375847 1.333929 0.383572 1.055564 -0.824069 -0.752016 -0.965906 0.437884 2.746001 1.114900 -1.232937 0.187342 0.357493 0.389535 0.240968 -0.110414 -0.647448 0.789841 0.260091 
0.000000 -35.954103 -14.346236 -8.869080 -0.670637 -2.062507 -0.058668 -0.715001 1.091943 1.014107 0.174143 -1.148656 -0.715549 0.389889 -1.241749 -0.198176 -0.974192 0.112867 0.179582 0.748892 0.460203 0.362576 -0.744774 -0.050961 -0.501093 -1.283248 2.120058 -0.057939 -0.156355 -0.510937 -0.098133 -0.292519 0.038315 -0.346494 0.039647 0.350528 0.232407 
