372.979919 -17.413587 1.926727 -2.500639 2.512451 0.116660 -1.341623 0.417560 -0.064839 0.072804 0.951579 0.343306 0.934317 1.644106 1.082242 -0.061207 -0.422060 -0.276128 -0.290957 0.079676 0.071837 -0.532450 -0.475574 -0.013489 -0.406066 0.408049 -0.244612 -0.510548 0.180341 -0.015521 0.000311 -0.189229 -0.006180 0.391804 -0.340145 -0.069995 0.135624 
129.262589 -14.125375 4.091210 -2.623053 1.668332 -0.435595 -1.923538 0.576911 0.078834 -0.992095 0.000430 0.316327 0.122186 2.460203 0.593018 -1.082302 -0.061377 -0.307169 -0.290336 -0.298782 0.059477 0.251158 -1.155865 -0.153480 -0.134818 -0.524441 -1.062796 -0.303017 0.572862 0.176172 -0.286969 -0.746081 -0.367156 0.495172 -0.149169 -0.527738 0.182999 
146.067596 -12.493181 3.112763 -4.665243 2.389697 -0.497677 -1.922295 -0.180003 0.054115 0.575119 -1.360150 0.036346 0.664682 0.595224 -1.043350 -0.667241 0.723664 0.076216 -0.864894 -1.412487 -0.662476 0.457895 -0.773912 -1.068965 -0.040068 -1.269545 -0.116978 0.828625 0.262405 0.747724 -0.055273 -0.082969 -0.162733 -0.146945 0.907423 -0.351743 -0.080569 
138.573456 -12.934928 2.004509 -3.957534 3.115660 -0.283162 -3.653326 -2.248062 -1.246119 -0.076305 -1.547393 -1.821604 0.042050 -0.078887 0.359063 0.574949 0.463432 1.188278 -0.400882 -0.464720 -0.265989 -0.042732 0.658981 -0.856966 -0.295955 -2.095965 1.392202 0.871848 -0.414471 1.040309 1.108193 1.256728 0.619969 0.148428 0.715686 0.579710 -0.196561 
313.202698 -12.650954 3.830888 -3.515346 3.316562 1.878879 -2.724059 -1.109443 -0.477863 0.489656 -0.042188 -1.677586 0.072772 -3.596706 1.741053 1.076455 -0.105278 2.156835 1.351492 1.100970 0.577463 0.754750 0.657460 0.090455 -0.433189 -5.139992 -0.241764 0.393757 -0.048716 -0.104269 1.432545 0.534723 0.134623 0.164301 -0.201276 0.476707 -0.312343 
134.581131 -20.128340 5.486615 -1.804623 2.905105 4.030508 -0.950342 -0.046123 -0.091193 1.433196 -0.232473 -1.640694 -0.824328 -10.358870 -0.124465 1.362463 0.366000 0.979741 2.464208 0.604727 0.003257 0.285870 0.256429 0.096448 -0.920641 -1.114277 -1.829124 0.158336 0.772639 -1.301367 0.008603 -0.822300 -0.275682 -0.256323 0.383653 -0.454178 -0.284278 
252.891983 -33.368694 3.581959 -0.790420 4.048562 3.838362 2.204357 0.100011 -0.471349 1.061397 0.470670 -1.484691 -1.768510 -5.825260 -1.917195 1.393127 1.440000 -0.445899 1.368699 -0.543631 0.026099 0.242104 1.424766 -0.817901 -1.001745 8.724405 0.381617 -0.638766 0.217206 -0.787632 -1.860493 -0.260044 -0.076472 0.015718 0.326226 -0.330387 0.460760 
242.950790 -31.778860 1.652224 0.981630 5.785106 3.138710 1.787056 -1.133384 -0.038996 1.917403 2.617059 -3.276496 -2.827819 7.089941 0.638769 0.084930 0.800412 -0.595522 -1.256779 0.084639 -0.149686 0.317307 0.908881 -0.564326 0.000880 6.635572 1.805376 -1.085820 -1.199681 -0.109259 -0.872887 0.704289 -0.057235 -0.423064 -1.093933 1.184677 0.825157 
0.000000 -19.188813 4.859496 -0.620561 5.649386 2.647317 -0.309200 0.269288 -0.770721 1.696011 2.288432 -2.613344 -1.766751 7.445885 1.693556 -0.778513 -0.959362 -0.664417 -0.377076 0.864948 -0.088371 -0.604025 -0.763099 1.551453 0.648568 -5.182701 -0.041347 -0.037367 -0.859455 0.106710 1.064869 0.131467 0.222214 -0.712028 -0.733495 1.153955 -0.049114 
0.000000 -16.887091 5.039337 -0.575397 3.866381 1.809876 1.032904 0.596511 -0.215738 0.709352 1.090860 -0.173590 -1.530684 -3.275461 0.556074 0.010196 -0.918499 -0.382102 0.872960 0.347572 0.294742 -1.106748 -0.558109 1.743583 -0.097349 -7.127197 -0.346459 -0.171919 1.288257 0.345544 -0.262611 0.182928 -0.086484 -0.490661 -0.086834 -0.741644 0.358781 
0.000000 -25.739735 5.971644 -0.600169 3.812388 1.883113 1.436720 0.964432 -0.181237 -0.517486 1.172214 0.873822 -1.961448 -6.808510 1.000639 -1.122352 1.617152 0.026672 -0.902298 1.230804 -0.261340 -1.585347 -0.936768 0.068166 1.366130 -0.997352 -0.605366 -0.098240 1.119771 0.255554 -0.818683 0.438744 -0.239333 0.080603 -0.248232 -1.131543 0.728998 
255.940414 -30.504111 7.040615 -2.820100 7.100684 1.863221 -0.771692 3.058119 -0.738417 -2.461342 -0.782675 -0.037258 1.201575 -5.270166 -0.654659 -0.186285 1.321044 0.129006 -0.764405 1.225061 -0.183923 -0.945542 -1.054573 -0.519503 1.360647 3.110580 0.596057 0.963316 -2.842066 -0.453416 0.226470 -1.817181 0.102481 1.317880 0.378769 -0.356614 -1.268036 
265.890381 -36.280067 4.662326 -0.972738 6.454476 2.141124 -0.092089 3.414553 -0.549083 -2.408570 -0.936932 -0.165185 0.759846 -0.587351 2.192752 0.804280 -4.066980 -0.880161 -0.449358 -2.403557 -0.056378 1.050413 -0.179229 -0.645061 -1.169942 5.942225 2.114799 -1.315161 -2.097874 -0.854992 -0.374007 -1.531618 -0.285019 0.860937 0.667247 0.025182 -1.101962 
284.991669 -31.678813 11.426120 -1.211540 -1.033277 0.102900 -1.670408 -1.748995 -0.851173 -0.360515 -1.141133 -1.327381 -1.138309 6.614283 3.574940 -2.816608 -2.874705 -1.580978 -1.512419 -1.838175 -0.753960 0.776332 0.279922 -0.469139 -0.843276 2.906882 -0.900798 -1.282728 2.719633 -0.051359 0.156419 2.086221 0.160269 -0.831286 0.221534 0.468899 0.657066 
303.021454 -23.051500 11.812206 -6.605954 0.705066 -1.020832 -3.116928 -0.261796 -2.057004 -0.855905 -0.377088 -1.103462 -0.926706 5.226413 0.391157 -1.761176 1.372286 -0.982878 -0.136520 1.768885 0.264161 -0.612158 0.263840 0.292736 0.144189 -6.301512 -2.169319 3.132477 1.661492 0.649581 1.088706 1.382040 1.250548 -0.332856 -0.294798 0.260472 0.454982 
301.800446 -21.225987 12.208433 -4.733891 1.711295 -1.862856 -1.943448 1.788774 -0.322851 -1.584830 -0.613454 -0.741909 -0.849931 -5.988741 -0.763698 3.448347 0.448278 -0.281816 0.664993 0.925906 1.747136 0.110620 -0.309675 0.051805 0.066688 -10.215644 -1.739662 3.293608 -0.748859 0.955693 0.451683 -1.312450 0.025164 0.626461 -0.221706 -0.219643 -0.104007 
291.317169 -35.028983 10.284811 0.290740 1.601622 -1.584465 -1.786941 1.590016 1.437268 -0.634664 -0.996438 -0.999853 -0.793331 -15.204874 -3.088167 4.826040 -0.125432 0.928508 0.766846 -0.856015 0.314490 0.640765 -0.179573 -0.146550 -0.063824 0.974693 -0.815857 -1.614199 -1.383535 -0.665869 0.314569 -0.828492 -0.769349 0.426010 0.183754 0.622343 0.163543 
277.050354 -51.635734 6.032100 4.918188 1.460432 -0.005841 -0.409755 0.076744 0.306128 -0.303301 -0.972600 -1.035008 -0.977580 -4.039355 -2.395411 0.219949 -2.318792 -1.613554 1.294131 -0.731078 0.208439 0.962641 0.057833 1.296492 0.393773 12.301222 2.044024 -3.030435 -0.450130 -1.296700 0.210370 0.608492 0.235159 0.205552 0.102754 0.505392 0.103851 
270.644653 -43.107693 5.493989 0.730638 -3.035962 -4.811573 0.801321 0.127859 1.854146 1.290617 -0.880772 1.593130 -0.005784 9.397569 0.999882 -1.234831 -1.025692 -1.664893 1.187587 0.360969 0.784807 1.051869 0.025934 0.864234 0.143877 4.725841 2.811654 -0.214317 1.892982 1.901999 -0.076565 0.822033 -0.246535 -0.554102 -0.061477 -1.090807 -0.521745 
245.694946 -32.840596 8.031864 2.448526 -0.590953 -3.335627 1.965418 0.798682 1.875742 1.800438 -0.920731 0.693459 -0.689825 5.412327 3.227896 -0.208685 1.467171 2.190444 1.141002 0.912988 -0.284631 -0.145562 -0.065122 -0.885123 -0.649717 -5.798648 0.687202 -0.581586 0.184074 2.262943 -0.079872 -0.463039 -1.039864 -0.785455 0.316342 -0.674891 -0.101601 
244.592133 -32.283038 11.949781 0.313269 -0.101620 -0.430686 3.083324 1.953836 1.284884 0.999493 -1.011016 -0.177116 -1.305219 -2.199726 2.374286 -2.398002 -0.657544 2.860993 1.027843 -0.565110 -1.294922 -0.519040 0.658619 -0.485548 -0.059325 -1.476723 -1.983319 -0.321569 -0.089359 -0.087295 -1.105785 -0.983632 -0.192099 -0.206496 0.264695 0.340091 0.556547 
247.200714 -37.240049 12.780437 -2.347478 -1.906042 2.386359 4.021105 -0.331538 -0.714102 0.762358 0.396507 -0.277636 -0.808475 2.458882 -0.738742 -0.851823 1.288453 2.015854 -1.070569 -1.054275 -0.668828 -0.558554 0.464268 -0.204940 0.463377 4.681381 -1.817471 1.082962 1.775666 -1.412503 -1.310679 0.621769 0.610589 0.173059 -0.460136 0.169481 0.244679 
250.693039 -27.365275 10.472296 -1.390378 2.475286 3.601023 0.942187 -0.154713 -0.052772 -0.117615 -0.082480 -0.586997 -0.378466 7.163035 -1.260656 -0.232078 2.893788 0.035988 -1.593514 0.678429 -0.073744 -0.172921 -0.261652 -0.146585 0.430033 -3.011915 -0.003186 0.334474 -0.652259 -1.742647 0.543603 0.904754 0.098726 0.318931 -0.182956 0.343796 -0.256856 
0.000000 -22.913978 10.259125 -2.811634 3.881534 2.458336 0.834076 1.025320 -0.861590 0.416516 -0.126797 -0.570806 0.051592 -3.564948 -0.745114 -0.182875 -0.016066 -1.469440 0.016638 0.755234 -0.471377 0.079308 0.098357 0.482652 -0.050336 -10.553496 -1.953370 0.381750 -2.184608 0.680217 0.447451 -0.767474 0.413257 0.048134 -0.236442 0.324796 -0.141517 
242.424210 -34.495171 8.982067 -1.756127 2.443155 0.662143 0.975463 1.355756 -0.995526 0.041000 0.114233 0.378307 -0.479138 -13.943956 -5.167396 0.531422 -1.475428 1.396423 -0.698612 -0.856518 0.752770 -0.076654 -0.734535 0.503006 0.146999 2.045232 -1.994860 0.809533 -0.234777 1.674280 -0.502722 -1.070487 0.825551 -0.326780 -0.039768 -0.535163 0.172750 
237.207474 -50.801890 -0.075666 -1.748790 0.930679 5.251182 -0.563148 -0.687717 0.643949 0.263209 -1.595868 0.435207 0.345591 0.525515 -4.734835 1.436191 -0.485620 1.879119 -0.988806 -1.385740 1.179725 -0.574252 0.018821 -0.587675 0.295164 13.835767 4.834498 -0.292648 1.215051 -1.548802 0.313135 0.536393 -0.679840 -0.276871 1.007113 -0.540306 -0.293234 
251.121872 -33.444141 -0.487603 1.116255 1.471914 4.420382 -1.002149 -1.415724 1.363924 -1.107504 0.151874 -0.797042 0.111190 13.727577 4.501600 -0.053875 0.954675 -1.701181 -0.072343 0.216267 -0.606910 -0.630396 1.279690 -0.577606 -0.439468 2.594231 5.038499 -2.444106 0.677489 -2.118697 -0.020939 0.869725 -1.328016 0.774452 -0.088258 0.535514 -0.126987 
0.000000 -23.346735 8.927534 -1.856540 2.840029 1.848820 -0.707834 -0.255183 -0.569872 -0.997583 0.963511 -0.720004 -0.533345 5.713977 5.342162 -3.452022 0.869359 -2.358275 -1.030685 0.353711 -1.476308 0.974652 -0.157695 0.483354 0.041190 -6.568006 -1.854682 -1.297147 -0.329457 0.200463 -0.564031 -0.323814 0.009233 0.825030 -0.932886 0.405344 0.455377 
258.983948 -22.016187 10.196721 -5.787788 3.210632 -0.296168 -3.063519 -0.708302 -1.588691 0.841799 -0.163516 0.169666 0.193569 0.591566 0.792235 -2.648168 0.295761 -1.300255 -1.200404 -0.431362 -0.588444 1.019664 -0.586083 0.233082 0.471286 -3.024045 -2.674800 1.710621 -0.692092 1.365784 0.504104 -0.397229 0.996677 -0.707210 0.075725 -0.401975 0.140970 
255.206512 -22.163603 10.512005 -7.152877 3.431551 -0.751690 -3.108643 -1.117908 -1.746760 1.041744 -0.208654 -0.253840 0.409228 -0.334112 -0.007438 -0.030779 -0.514826 0.373293 -0.022476 -0.440748 0.517047 -0.439769 -0.006244 -0.320597 0.323130 0.873816 -1.554388 1.623877 -1.230464 0.805821 0.914939 0.388749 0.650185 -0.859570 0.361533 -0.211324 -0.287026 
250.863495 -22.684412 10.181845 -5.849346 2.180979 0.450418 -3.108471 -1.589798 -0.554597 -0.037738 -0.176005 -0.471528 0.839830 2.339197 -2.316541 0.599586 -2.165166 0.311386 0.629473 0.346137 0.711927 -0.699476 0.136984 -0.189565 -0.102766 -1.737210 -0.209446 0.339258 0.446152 0.100580 0.056029 0.669851 0.045862 0.060553 -0.009714 0.310274 -0.172257 
247.877914 -17.485209 5.878923 -5.953704 -0.898780 -0.128919 -1.849697 -0.425634 -0.322906 -0.357208 0.065313 -0.632970 0.203696 -3.808532 -0.426330 0.647738 0.377478 0.574453 0.089582 0.898955 0.608770 -0.318662 -0.025673 0.299951 -0.021383 -3.100812 -0.290481 0.297813 2.198796 0.329662 0.279366 0.068695 0.087994 0.544396 -0.044972 0.144130 0.019998 
237.571472 -30.301477 9.329185 -4.553871 2.935935 1.599324 -2.929307 0.208111 0.662943 -0.675063 -0.227351 0.128374 0.797064 -3.862427 -2.897503 1.195212 2.232427 0.970710 1.188204 0.483526 0.887915 0.389316 0.047039 0.098694 -0.062769 3.196036 -2.288280 -0.318891 -0.414758 -0.485238 0.782951 -0.229759 -0.113714 0.478886 0.150479 -0.108651 -0.055086 
235.755875 -25.210062 0.083917 -3.563279 3.566074 1.812500 0.526712 0.541419 1.452924 0.421423 0.159390 -0.435582 0.078158 2.583539 -5.002891 0.009956 -0.452038 -0.396023 1.655485 0.439437 0.381342 0.639111 0.275284 0.082648 -0.131555 0.687872 4.148241 -1.025252 -1.218717 -0.811784 -1.866348 -0.381014 -0.462104 -0.505599 -0.269339 -0.037216 -0.063951 
229.489655 -25.134399 -0.676596 -4.533958 2.031860 0.807278 0.381662 1.086986 1.425627 0.603159 0.323218 0.293671 0.533955 -2.486683 5.398979 -0.855291 -0.205007 -0.652859 -2.544491 -0.278501 -0.036294 -0.621882 -0.491640 0.024262 -0.190671 -1.847010 5.968351 -0.285970 0.017711 -0.036695 -2.026825 -0.451897 -0.157847 -0.877211 -0.768961 -0.353353 -0.150099 
224.511993 -30.183428 10.881874 -5.273862 3.156061 0.506782 -4.562271 -0.015584 1.380337 -0.822342 -0.823890 -0.387058 -0.303184 -1.110481 6.933811 -0.561983 -0.416616 -0.469413 -2.398166 -0.464358 0.065649 -1.115312 -1.262637 -0.624058 -0.431752 1.630895 -2.077370 0.136206 -0.476021 0.015580 1.486878 0.356758 -0.062726 0.156570 -0.064807 -0.158150 0.154534 
224.028976 -27.355360 13.191027 -5.657924 1.198627 -0.131548 -4.414669 0.158271 1.556925 -1.627465 -2.202056 -0.954446 -0.329550 0.775107 1.244239 -0.582878 -1.157048 -0.621699 0.429265 0.435015 -0.161745 -0.308743 -0.621254 -0.292039 0.118398 -0.711744 -3.194439 0.268604 -0.106575 0.304816 1.284681 0.446259 -0.204421 0.542138 0.795223 0.384866 0.278231 
224.197388 -28.633215 13.370353 -6.439618 0.841964 -0.736616 -3.703742 0.854447 1.056846 -1.439828 -2.066399 -0.971135 -0.066388 -2.533968 0.544933 -0.024774 -0.629766 0.140219 0.171197 0.428161 -0.343194 -0.031036 0.327809 0.145674 0.124709 -2.872707 -0.446767 1.399845 -0.064636 0.472521 -0.114282 -0.498372 0.178314 0.086108 0.355433 0.236515 -0.088968 
225.343124 -32.423295 14.280893 -5.707471 -0.060905 0.148890 -4.072275 1.014593 0.870537 -1.689538 -1.546438 -0.663097 -0.080131 -4.970306 0.350706 2.216812 -1.286320 0.323343 0.200701 -0.561728 0.194882 -0.136528 0.089611 0.180992 -0.059538 -2.551821 -1.433094 1.786159 0.001721 -0.325934 0.256498 -0.596512 0.486102 0.286504 -0.456531 0.089053 0.141325 
228.737640 -38.573827 14.071765 -2.005994 -1.730676 -0.089930 -3.302340 -0.269009 1.446609 -1.712884 -1.887178 -0.609151 -0.185465 -7.637609 -2.321255 3.547545 -0.626324 -0.511648 0.684193 -0.764864 0.629009 0.541972 -0.585253 0.323780 0.407360 -3.451204 -2.335747 -0.267511 0.782565 -0.346613 0.295828 0.570290 0.274687 0.440546 -0.240318 -0.073574 0.252584 
239.559418 -47.698514 9.638382 1.387618 -1.313554 -0.874405 -2.703888 -0.515134 2.128555 -0.605594 -2.716945 -0.015538 0.734588 -11.872714 -4.320789 1.681790 0.278809 -0.369884 0.792358 0.578852 0.744256 0.744565 -0.391025 0.033844 0.445630 1.164139 -0.595795 -1.479227 0.667820 0.506434 0.392395 0.611731 -0.771271 -0.060320 0.957270 -0.178570 -0.484660 
261.278961 -62.319254 5.430188 1.357586 -1.173058 -0.829697 -1.717625 0.888695 2.935120 -0.223754 -2.669228 -0.541463 0.705794 -5.309331 -3.512845 0.589090 0.709316 0.501221 1.468984 0.458598 -0.913534 0.421333 1.329287 -0.033360 -0.561961 12.335532 3.837265 0.014408 0.475825 -0.045982 -0.075582 0.009015 -0.844568 -0.371731 0.809956 0.253855 -0.606043 
318.376434 -58.317177 2.612691 2.565799 0.105077 0.128037 0.234080 0.402062 0.301488 0.237072 -0.058371 -0.082258 -0.389334 12.798350 3.353741 1.710607 1.230459 -0.461847 0.641193 0.596882 -0.944881 0.001103 1.228887 0.541554 -0.766457 11.112272 4.331456 -0.406297 0.136644 -0.981586 -1.244235 0.128501 0.804017 -0.417317 -0.590407 0.298334 0.161524 
0.000000 -36.722554 12.137670 4.778799 1.287861 -1.753391 -0.435239 2.082459 1.045359 -0.221548 -0.211453 0.541645 -0.827121 16.915212 5.150066 -0.223504 0.982604 -1.461951 -1.019487 0.715599 0.694500 -0.413301 0.148474 0.563307 -0.238913 -1.581450 -1.799114 -2.488833 -0.547929 -0.187539 -0.302802 -0.572500 0.697443 -0.352595 -0.861904 -0.178835 0.537624 
0.000000 -24.486754 12.912823 2.118791 2.070285 -2.795865 -1.804894 1.833261 1.690489 -0.589530 0.238576 1.044356 -0.867159 9.635450 -0.244487 -3.267059 0.134602 -0.836926 0.035590 -0.548119 0.450006 -0.704088 -0.494921 0.183884 0.308790 -6.387283 -3.469121 -1.838237 -0.714061 0.956325 0.811790 -0.914975 -0.693788 -0.395451 -0.550913 -0.424451 0.233606 
255.820023 -17.451654 11.648695 -1.755320 1.557065 -3.427243 -0.364060 0.986222 1.945371 -1.629723 -1.201295 0.909413 -0.209541 4.140646 -1.788177 -3.899978 -0.445519 0.450699 0.604093 -1.114350 -0.693075 -1.204203 -0.953352 -0.285594 0.228299 -4.646538 -0.810511 0.666286 0.488968 1.525478 -0.478713 -0.686820 -0.585441 0.157432 0.272857 -0.476128 -0.241773 
288.350708 -16.205461 9.336470 -5.681166 1.179247 -1.894467 -0.596708 -0.395440 0.304338 -2.997936 -1.668128 0.473167 -0.410562 0.342375 -1.865508 -1.934487 1.112538 2.214030 -0.921836 -1.921760 -0.720875 -0.389223 0.050792 -0.768371 -0.174756 -4.550312 0.173454 1.920681 0.972579 0.935840 -0.831385 -0.055033 0.811917 0.936603 0.722104 -0.260632 -0.063349 
312.883484 -16.766904 7.917679 -5.624293 3.782142 1.000817 -2.207732 -2.857297 0.503621 -2.408170 -1.099711 -0.627329 -0.559053 -4.959977 -1.441270 -0.058617 1.499639 2.322380 -1.058677 -1.224417 0.930758 0.669003 0.490855 -0.806859 0.101601 -2.276143 0.090648 1.056935 0.352429 -1.209069 0.206925 1.516987 0.878981 0.593621 -0.253858 0.741611 -0.097501 
303.717072 -26.125415 6.453931 -5.798400 4.178525 2.750292 -2.714062 -2.844274 2.165855 -1.659929 -0.686418 -1.140550 -0.207360 -4.209912 -1.684212 0.179384 1.817397 -0.204109 -0.507985 1.112214 1.037087 0.798018 -0.456924 0.714850 -0.369758 3.151265 -0.103633 -0.010561 0.402473 -1.767981 0.420039 1.124572 -0.478636 -0.230150 -0.751185 0.787621 -0.322551 
307.929779 -25.186727 4.549255 -5.265526 7.416935 0.592600 -3.223701 -0.632870 2.577794 -0.812134 -2.013558 0.802372 -1.298569 1.342553 -1.648536 -0.079740 2.304585 -1.213582 -0.218599 1.024727 -0.026514 0.208703 -1.011515 0.768384 -0.543501 2.322982 0.746371 0.089933 -0.746020 0.184059 0.534439 -0.151517 -0.811919 -0.309453 0.250040 -0.719180 0.214580 
311.553497 -23.440309 3.156858 -5.957879 8.787695 0.323128 -3.151260 -0.794820 2.112827 -1.242522 -2.709449 0.396217 -1.294362 0.436053 -0.191471 0.359249 0.325357 0.164009 0.560892 0.809179 -0.586752 0.179111 0.043156 -0.723510 0.059402 0.544579 1.959837 0.714036 -1.640281 0.913427 0.733740 -0.123518 -0.374923 0.090169 1.047132 -0.680926 0.216464 
298.636688 -24.314620 4.166314 -4.547029 8.067649 0.920618 -2.101917 0.985489 1.404291 -0.453912 -1.927246 -0.644647 -1.179764 2.431711 2.271138 1.348333 -0.975978 0.613272 1.248881 0.777690 -0.776359 0.389042 1.082750 -0.593467 -0.110573 0.898794 1.290868 0.040676 -1.077562 -0.311650 0.014025 -0.117173 -0.024776 -0.644432 0.654802 0.460446 0.113359 
0.000000 -18.576887 7.699134 -3.261212 6.835739 1.549671 -0.653498 0.760559 0.560109 -0.464438 -0.543949 -0.790717 -1.515509 2.233641 2.390266 0.440601 -1.829768 -0.459291 0.588942 0.574833 -0.636305 -1.109753 1.352760 0.197382 0.286120 -1.648285 -1.046418 -0.582545 0.045779 -0.769479 -0.895672 0.167530 0.341761 -0.618785 -0.388562 0.327540 0.276935 
0.000000 -19.847338 8.946846 -3.665828 4.408114 0.002036 -0.924033 2.135154 0.131682 -2.673417 0.778275 -0.249883 -0.607524 -0.864859 0.178302 0.183242 -0.884419 -0.925687 -0.542462 1.112750 -0.092838 -0.848528 0.305625 0.061613 0.443297 0.489850 -2.705307 -0.074893 0.524970 0.582165 -0.395522 -0.807574 0.229402 0.996220 -0.931878 -0.218625 -0.202628 
269.584320 -20.306605 8.055738 -2.894727 5.066900 -0.301702 -1.738423 2.986058 0.374433 -2.161495 0.067300 -0.667492 -0.628915 3.213342 -3.020348 0.290815 -0.779827 0.705038 -0.202101 -1.040316 -0.177501 0.882688 -0.510996 -0.239868 -0.119137 -0.072702 -1.140366 -0.126110 0.190945 0.595747 0.236900 -1.292504 -0.370795 0.584841 -0.261003 -0.186568 -0.440728 
281.453857 -13.420655 2.906149 -3.084198 2.848460 1.412113 -1.328236 0.054522 -0.223320 -0.908041 -0.243717 -0.729620 -0.845797 -1.010263 -2.102430 -0.068978 -0.502530 0.265808 -0.068662 -1.472259 -0.834428 0.321154 -0.216382 -0.311522 -0.438159 -5.351044 2.515738 0.269700 0.626763 -0.637551 0.126181 1.221836 -0.311005 -0.630293 0.500276 0.079185 -0.042384 
292.048096 -22.327131 3.850878 -3.032683 4.061841 0.229913 -1.875746 0.041540 -1.294423 -1.519188 -0.365463 -1.290537 -1.505233 -7.488746 2.011127 0.830215 0.473699 -0.570065 0.050261 1.403356 -0.799511 -0.377898 0.489556 -0.081499 -0.203904 -3.606719 2.115725 0.997813 0.709831 -0.364291 0.100817 1.340082 0.317573 -0.173073 0.612293 0.406754 0.528862 
296.511261 -28.398147 6.928404 -1.423769 3.795858 0.271984 -1.227715 2.861234 -1.822343 -1.663837 0.735395 -0.892619 -1.253606 -8.223701 2.129020 1.926648 0.917132 -0.462774 0.132971 1.207905 -0.199281 -0.024992 1.008204 0.501986 0.619565 -2.346200 -0.961988 0.653253 0.091229 0.110512 -0.158899 -1.149436 0.768874 0.319213 -0.218312 0.303999 0.215842 
266.200989 -38.774533 8.108917 0.820614 5.896105 -0.695635 -1.609803 2.457351 -1.692986 -1.569172 1.650945 -0.286566 -0.266102 -12.181147 0.087151 2.136721 0.656156 -0.349040 -0.267538 -0.895516 0.738236 0.260527 0.052932 0.526499 0.227780 -2.351775 -2.312480 -0.032780 -0.906611 0.368182 0.129284 -1.117722 0.298820 0.513222 -0.540770 -0.289500 -0.369403 
0.000000 -52.760440 7.102705 2.849674 5.108171 -0.426097 -1.762791 1.070203 -0.345872 -1.142783 0.841260 0.160380 -0.798046 -12.927250 -2.495940 1.861087 -0.896090 0.273591 0.391539 -1.027539 0.398358 1.001452 -0.073335 -0.077015 -0.119240 3.123425 -1.039992 -0.645082 -0.579140 0.243931 0.367785 0.280775 -0.506717 0.263865 0.139288 -0.413493 -0.040524 
0.000000 -64.629034 3.117037 4.542788 4.103924 -0.148454 -0.826725 0.402272 -0.896270 0.433732 1.504275 -0.440595 -0.504582 -5.934297 -1.992834 0.846557 -0.502123 0.138822 0.468033 -0.333966 -0.275199 0.788257 0.331508 -0.300488 0.146732 3.496477 0.251553 -0.507265 0.196983 -0.067385 0.038247 0.346787 -0.336779 -0.106597 0.202421 -0.111737 0.132986 
