55.231140 -33.826195 7.963714 -0.479506 2.346025 -2.081581 -4.290523 0.968504 0.674288 -0.525227 -0.380923 -0.313392 0.900548 -0.845828 -2.170792 -0.699674 1.962099 1.174628 -0.694079 0.104892 -0.356601 0.593547 -0.117898 -0.259557 -0.139322 -1.155098 -0.362320 1.166518 -0.530575 0.312626 -0.320222 -0.455947 -0.330349 -0.093587 0.259628 0.160890 0.256069 
90.800781 -35.517852 3.622130 -1.878853 6.270222 0.267674 -5.678680 1.178289 -0.038913 0.661867 -0.616719 -0.832507 0.621903 -3.156025 -2.895431 1.633363 0.900948 1.799879 -1.334522 -0.807001 -1.017298 0.406372 0.401358 0.062224 0.372816 -0.873677 0.831673 1.157874 -1.406378 0.360240 0.422598 -0.466432 -0.098412 -0.557893 0.177104 0.173341 -0.034071 
93.214058 -40.138245 2.172852 2.787219 4.147920 1.518176 -6.959567 -0.645498 -1.360308 0.287517 0.421793 -0.188945 1.646180 -2.593183 -0.507447 1.616074 -0.850657 1.895108 0.151118 -0.827971 -0.553425 -0.522239 0.236310 0.087126 -0.207464 1.668159 2.243178 -0.566692 -0.128280 -0.496889 1.468017 0.355820 0.323884 -0.609070 -0.541250 -0.339405 -0.678462 
96.603737 -40.704218 2.607237 1.353295 4.568907 4.057890 -5.376445 -0.477653 -1.145762 -0.382610 -0.144098 -0.658255 0.206975 0.180293 1.590925 0.499979 0.644387 0.806101 1.601513 -0.095361 -0.369530 -0.811767 -0.681142 -0.616586 -0.984109 0.717198 1.450284 -0.066649 0.621403 -1.796881 0.328458 0.188063 0.081072 -0.151090 -0.433598 -0.118603 -0.099762 
153.475616 -39.777659 5.354702 3.787177 5.436695 3.130378 -3.756540 -0.836220 -2.099367 -1.336018 -0.940492 -1.422117 -0.322038 -1.158786 2.393121 1.482776 0.392148 -1.698653 0.808033 -0.451845 -0.391281 -0.824418 -0.630885 -0.150080 -0.406988 -1.734469 -0.319389 0.545812 -0.684830 -1.106457 -0.115439 -0.094164 0.333244 0.405040 0.423982 0.547741 0.376542 
303.941711 -43.021790 7.393479 4.318848 5.353204 0.660584 -3.760378 -1.381343 -1.928324 -2.031446 -1.405868 -0.958415 -0.607000 -3.288644 0.952147 1.591602 -0.725272 -1.406814 1.370635 -0.283688 0.296959 -0.001687 0.166823 0.478895 -0.231024 -0.634528 -1.517404 0.126747 -0.426473 0.956135 0.565717 0.447004 0.566277 0.793475 0.538010 0.192542 0.172943 
300.197266 -46.354946 7.258996 6.970381 3.986150 0.316750 -1.015270 -1.403597 -1.505450 -1.339391 -0.606846 -0.464327 -0.784087 -2.427843 -0.641686 1.736271 -0.460799 0.213616 1.939468 0.442163 0.741273 0.762532 0.445135 0.235004 -0.061101 1.484192 -1.065671 -0.773206 0.644813 1.320545 -0.052579 0.694752 0.162893 0.170523 -0.139048 -0.327511 0.068348 
292.246460 -47.877475 6.110107 7.791391 4.431606 1.087815 0.118557 -0.497017 -0.445777 -0.506382 -0.515597 -0.488407 -0.729203 -0.320259 -1.179195 0.045190 0.564353 1.234276 1.265477 1.105816 0.622744 0.339360 -0.111272 -0.176127 -0.094329 1.284441 -0.100021 -1.139694 0.273287 0.323748 -0.550454 0.102513 -0.320771 -0.325883 -0.230599 -0.203332 0.068652 
269.766357 -46.995465 4.900606 7.060762 5.114856 2.785303 1.515685 0.808036 -0.259961 -0.660672 -0.829391 -0.816580 -0.972745 0.141039 -0.841728 -0.543117 0.085776 0.861113 0.838559 0.647189 0.099732 0.110765 -0.016063 -0.171660 0.076202 0.909915 1.022929 -0.018886 -0.219413 -0.769482 -0.871360 -0.920335 -0.462459 -0.025430 0.187470 0.242988 0.332891 
257.645966 -47.595398 4.426651 6.705158 4.603158 2.810041 1.795675 0.797362 -0.246313 -0.284852 -0.547722 -0.831727 -0.576798 1.499570 0.866662 0.007419 0.125526 -0.304688 -0.477243 -0.734854 -0.302173 0.288499 0.263667 0.309850 0.571453 1.165901 1.659348 0.378768 -0.436934 -1.396352 -1.348095 -0.904254 -0.093978 0.060223 0.270246 0.280200 0.080364 
235.254898 -43.996324 6.633931 7.075600 5.365909 2.175926 0.561200 -0.661672 -0.864307 -0.083674 -0.302057 -0.196881 0.170162 2.472840 2.476968 0.214418 -0.788092 -1.931591 -1.857631 -1.161319 -0.088225 0.231212 0.524429 0.388741 0.236931 -0.189495 0.696038 -0.279216 -1.252969 -1.154782 -0.507568 0.400708 0.428150 0.124189 0.114206 -0.337399 -0.726294 
223.900864 -42.649718 9.380587 7.133994 3.026974 -1.053142 -1.919586 -1.525275 -0.422763 0.177572 0.501136 -0.054246 -0.102936 1.120580 2.258739 -0.551013 -2.380411 -2.614252 -1.492378 0.066562 0.554128 0.536878 0.492078 -0.364948 -0.881135 -1.386310 -0.688372 -0.879495 -0.826298 0.147759 0.744378 0.841475 0.385023 -0.005289 -0.440728 -0.244434 -0.378848 
204.300858 -41.755165 11.151409 5.973574 0.605087 -3.052577 -2.423557 -0.528549 0.243949 0.990081 0.682100 -0.926777 -1.592108 -0.299780 1.100224 -1.544572 -2.440687 -1.636072 -0.368875 0.521632 0.681822 0.220633 -0.357027 -0.100128 -0.520766 -1.257247 -1.032037 -0.408385 0.365133 1.063733 0.980428 0.127341 -0.167762 -0.430481 -0.413674 0.351977 0.722125 
198.189835 -43.249277 11.581035 4.044849 -1.854401 -4.325287 -2.657337 -0.482012 0.940881 0.618838 -0.212917 -0.254501 -1.144467 -1.393914 0.194664 -1.367783 -1.650145 -0.486786 0.468478 0.321244 0.218603 -0.324085 -0.335269 0.339006 0.563116 0.008488 -0.533748 0.651316 1.153391 0.916034 0.479156 -0.154736 -0.516101 -0.188943 0.287139 0.136337 0.369984 
197.040085 -44.542993 11.540736 3.238008 -2.695203 -4.026149 -1.486601 0.113940 0.681156 0.341911 0.011562 -0.248764 -0.465877 -0.282804 0.032728 -0.241941 -0.133905 0.195996 0.589438 0.212160 -0.350381 -0.157253 0.217251 0.172546 0.219202 0.022188 0.068610 1.403836 1.146935 0.587810 -0.445035 -0.212734 -0.191763 0.242655 0.249710 -0.037252 -0.137846 
194.588470 -43.814885 11.646490 3.560968 -2.122210 -3.933294 -1.478461 -0.057691 0.240120 0.304332 0.221585 0.090591 -0.706063 -1.349539 0.331885 1.439888 0.643725 0.688834 -0.421592 -0.104224 -0.164923 0.161225 0.164152 0.264503 0.287423 -2.104013 -1.366631 0.420131 0.915365 0.827261 -0.117936 -0.200098 0.177373 0.178946 0.143794 0.072571 0.108327 
189.692261 -47.242071 12.204506 6.117785 -1.407753 -2.648482 -2.329786 -0.094508 0.351311 0.664361 0.339867 0.280242 0.108968 -4.490829 -2.700534 0.598322 1.696824 1.850518 0.353566 -0.188035 0.004366 0.200640 0.504839 0.317688 0.435857 -1.288619 -2.490058 -1.477028 0.435688 0.406186 0.736629 0.235393 0.071538 -0.140082 0.019469 -0.105687 -0.210634 
0.000000 -52.796544 6.245422 4.757611 1.271438 -0.232258 -0.771329 -0.433762 0.248853 0.705611 1.231262 0.725966 0.165650 -3.926777 -4.648231 -1.514167 1.515101 1.501206 1.051666 0.366563 -0.021846 -0.118938 0.203089 0.053130 -0.133845 2.769396 2.019830 -0.064185 -1.434638 -1.407333 0.076258 0.616373 0.065305 -0.430741 -0.885234 -0.767804 -0.648939 
0.000000 -55.095625 2.908045 3.089451 1.622448 0.353931 -0.226454 0.638618 0.307619 0.426485 0.746045 0.386503 -0.158722 1.047963 1.339125 0.469951 -1.172453 -0.964147 0.506083 1.044710 0.134975 -0.660842 -1.265630 -1.217921 -0.862021 4.752972 4.552914 0.334150 -2.451566 -1.087051 0.226650 0.234942 -0.275216 -0.457389 -0.518541 -0.374023 -0.121901 
64.627686 -50.700619 8.923671 5.697514 -1.073467 -2.160551 0.240837 1.655657 0.518804 -0.616072 -1.299997 -1.709875 -1.558391 5.579166 4.457597 -0.845866 -3.388032 -0.672895 1.504966 0.836446 -0.572277 -1.033716 -0.833993 -0.694917 -0.377647 0.665621 -0.508407 -1.867816 -0.297121 1.687447 0.897565 -0.646491 -0.793115 0.174137 0.787567 0.933243 0.521631 
196.349167 -43.937293 11.823239 1.397719 -5.153616 -0.991860 2.783479 2.311511 -0.836936 -1.640948 -0.921941 -1.003331 -0.914016 2.379205 0.322311 -3.265682 -1.766695 2.410746 2.301213 -0.248273 -1.451255 -0.312567 0.309505 0.648565 0.181242 -5.308901 -4.285801 0.262623 2.492763 1.223418 -0.758399 -0.815021 0.178104 0.788041 0.555464 0.409831 0.308523 
97.587379 -45.942208 9.568294 -0.833849 -4.606857 2.660941 4.843262 1.159110 -2.383706 -1.241207 -0.680987 -0.412746 -1.195906 -5.038636 -4.114004 -0.320621 1.597494 1.773940 -0.011832 -0.793596 -0.216069 0.542366 0.276935 0.124746 0.239398 -4.342390 -3.935552 1.604340 2.815699 -2.642137 -1.662905 0.531968 0.520401 0.551612 -0.029390 -0.426410 0.209870 
197.613693 -54.014564 3.595231 0.756478 -1.958627 2.556020 2.759815 0.724319 -1.269073 -0.556215 -0.368070 -0.753840 -0.435220 -6.305574 -7.548794 -0.057002 3.864704 -2.873527 -1.024597 0.815662 -0.410453 0.790656 0.250726 -0.204256 0.600982 3.030710 -2.648675 -1.197918 0.938951 -2.060974 -0.138403 0.037576 0.003220 -0.006852 0.118959 -0.159217 0.002254 
54.555408 -58.553357 -5.529293 -0.947853 3.122550 -3.086113 2.794069 2.790435 -3.204613 0.340106 -0.179535 -0.821257 0.006057 1.022785 -9.411353 -2.716457 3.475396 -2.348007 -0.288638 -0.718444 -0.209629 0.528663 0.514853 -0.193689 0.243905 6.667747 1.613893 -1.126078 -1.838086 2.163916 0.511781 -1.571626 1.096693 -0.433732 0.040874 0.029409 -0.132860 
0.000000 -51.968995 -15.227475 -4.676437 4.992165 -2.139994 2.182538 -0.712570 -1.688331 0.501112 0.661636 -1.141218 0.052590 7.029919 -4.321007 -2.309158 0.188532 1.454304 -0.001034 -2.327589 1.782933 -0.076808 0.332475 -0.145439 0.335262 1.195727 6.275080 1.798358 -1.377829 1.928492 0.552768 0.227985 0.936322 -0.230519 0.092476 0.175933 0.205405 
0.000000 -44.493518 -14.171307 -5.566169 3.499614 -0.177504 2.792001 -1.864743 0.361254 0.186490 0.485415 -1.112135 0.676581 3.414239 3.138807 0.880259 0.719738 1.508976 0.816898 -0.262475 1.663014 0.067625 0.699806 0.158176 0.654715 -2.599864 5.584229 2.355074 0.478080 0.287785 -0.027988 1.031286 -1.072927 0.088133 -0.138832 -0.131531 -0.427416 
98.469872 -45.140517 -8.949861 -2.915919 6.431640 0.877959 3.816335 -1.237519 1.637698 0.636362 2.061248 -0.824866 1.362021 1.830191 6.847451 2.400990 1.144691 2.029875 -0.057011 -0.265017 -0.362921 0.099457 0.054811 -0.408500 -0.519571 -1.019562 1.272864 -0.031704 -0.761031 0.227752 -0.759812 -0.210819 -1.690253 -0.226671 -0.939001 -0.114239 -0.942928 
307.729889 -40.833136 -0.476405 -0.764188 5.788996 3.882246 2.677978 -2.394778 -0.364588 0.385405 0.595036 -1.929135 -0.362561 1.375115 5.684536 0.816850 -0.802325 1.964480 -0.702726 -0.684113 -1.717491 -0.385716 -1.178195 -0.070301 -1.231142 -3.245499 -2.900471 -0.796678 -0.954082 -0.982710 -0.268535 0.286218 0.179919 -0.041529 -0.210582 0.475791 0.241559 
148.746994 -42.390287 2.419211 -1.282219 4.826990 4.806919 2.410883 -2.605745 -1.797284 -0.135071 -0.295142 -0.965468 -1.100262 -4.660808 1.046509 0.807635 -0.763472 0.064454 -0.594080 0.307418 -0.003082 0.016399 -0.366352 0.543082 -0.036453 -4.690722 -4.197416 0.349000 0.121170 -1.535169 0.207983 0.814940 1.296882 0.480698 0.613321 0.147433 0.897257 
293.260040 -50.154752 1.616613 0.851082 4.262052 4.011155 1.489818 -1.779941 -0.370753 0.418204 -0.137669 -0.842971 -0.435467 -8.006329 -2.710297 1.514850 -0.559984 -1.105859 -0.286760 0.945766 0.876273 0.575680 0.048448 0.224564 0.563373 0.256471 -2.213345 -0.264565 -0.071360 -1.133555 0.284606 0.307150 0.153510 0.266422 0.353514 -0.198029 0.138261 
293.135071 -58.402945 -3.001383 1.747481 3.707022 2.595202 1.837364 -0.714213 -0.044737 1.016289 -0.198247 -0.516339 0.026484 -4.147866 -3.380181 0.278505 -0.906193 -2.202656 -0.024869 0.921718 0.303937 0.549244 0.340676 0.147025 0.240070 3.909444 0.023592 -1.565927 -0.315200 -0.749911 0.611190 -0.022775 -0.873334 -0.627280 -0.077079 0.187073 -0.055303 
94.096954 -58.450484 -5.143749 1.408092 2.449667 -0.394156 1.440080 0.063494 0.237121 1.516691 0.543683 -0.548921 0.044672 -0.187442 -2.663112 -1.617003 -1.190384 -2.605681 0.935620 0.900216 -0.870395 -0.678881 -0.105710 0.598710 0.452767 4.736235 1.967746 -1.242156 0.346611 -0.198304 0.309722 -0.382128 -0.976566 -1.291726 -0.675852 0.136075 -0.068359 
0.000000 -58.777828 -8.327607 -1.486526 1.326254 -2.616160 3.708604 1.086220 -1.785527 -0.341473 -0.409667 0.681081 0.932018 5.324604 0.555312 -2.205808 -0.212970 -2.599263 0.594576 0.157462 -1.649195 -2.034209 -1.011028 0.419174 0.103352 2.224480 3.102969 1.500025 0.485240 0.700143 -0.968797 -0.922256 0.299329 0.101485 -0.195383 -0.341538 -0.291285 
0.000000 -47.801276 -4.033125 -3.003523 2.023728 -5.592682 2.629231 0.378418 -3.061270 -2.551726 -1.478373 0.289427 0.251375 4.261518 3.542826 1.383046 -0.219903 -1.205395 -1.001974 -0.944296 -0.271737 -0.475911 -0.496476 -0.084365 -0.129802 -4.973722 -0.021769 2.243245 -0.012169 2.207685 -0.596523 -0.256251 1.613874 1.740298 0.659707 -0.197812 -0.038654 
0.000000 -50.254792 -1.241956 1.279566 0.886448 -5.026951 1.704655 -0.802372 -2.329001 -1.293294 -1.402619 0.512351 0.672413 -4.622841 0.511773 2.280682 -0.237308 1.816106 -0.598470 -0.355039 1.578552 1.446388 0.308386 0.023551 0.026044 -4.885354 -2.445480 -0.272043 0.449681 1.871958 0.520741 0.817272 0.801428 0.736461 0.563050 -0.000822 0.004656 
85.060287 -57.046958 -3.009578 1.557840 1.549112 -1.960469 1.432292 -0.331660 0.095833 0.341049 -0.861601 0.336530 0.303463 -5.509190 -1.348134 0.838960 0.679459 2.538521 0.039507 0.690248 1.331119 0.997011 0.629623 -0.086010 -0.120490 1.090417 -0.279157 -0.574319 0.485942 -0.278474 0.304768 0.484249 -0.754843 -0.633274 0.205134 0.117722 0.109595 
123.187027 -61.273173 -3.938225 2.957486 2.245366 0.050092 1.783670 0.578123 0.333238 0.700728 -0.143373 0.340332 0.431433 -2.442008 -0.046541 1.132044 0.734575 1.259159 0.011066 0.613460 0.068866 0.179839 0.718655 0.258995 0.245234 4.171674 2.760304 0.864377 0.112269 -1.302997 -0.368855 -0.508601 -0.884888 -0.689271 -0.188537 0.007518 0.050398 
0.000000 -61.930974 -3.102660 3.821929 3.018263 0.557848 1.454424 0.895260 0.233565 0.700728 0.575709 0.854520 0.793931 2.834159 4.172474 2.567714 0.903997 -0.067472 -0.698202 -0.326954 -0.438657 -0.381531 0.252549 -0.070973 -0.019694 5.554786 3.798332 0.364520 -0.845009 -1.370031 -0.753391 -0.818052 -0.259378 -0.267050 -0.532036 -0.366747 -0.368783 
130.017548 -55.604856 4.406723 8.092915 4.053360 -0.084853 0.387265 -0.075786 -0.544076 -0.062334 0.361725 0.198385 0.392046 8.667564 7.550123 1.861085 -0.955443 -1.480904 -1.495717 -1.022645 -0.449890 -0.354261 -0.345417 -0.474498 -0.492332 3.556698 0.220883 -2.409332 -2.052319 -0.525395 0.222004 0.172405 -0.108340 -0.275480 -0.543495 -0.225194 -0.061401 
222.623108 -44.595845 11.997586 7.544098 1.107377 -2.403960 -1.537010 -1.150030 -0.666215 -0.007793 -0.115126 -0.094475 -0.190733 9.947554 4.614241 -2.250950 -3.200640 -1.118262 -0.254195 0.017857 -0.655337 -0.932491 -0.834441 -0.521361 -0.142496 -1.641298 -3.979105 -3.175569 0.260677 1.095173 1.656284 1.046614 -0.624617 -0.122454 0.162781 0.260850 0.494035 
227.192093 -35.709747 13.635205 3.591014 -2.347920 -2.321377 -0.121124 -0.040073 -1.854750 -1.927316 -1.307158 -0.844336 0.107054 5.384968 -0.408088 -4.490054 -0.434088 0.709442 1.816852 1.070584 -1.699124 -0.599168 -0.019856 0.047203 0.495739 -6.534979 -3.995058 -0.136428 3.046228 0.806527 0.309590 0.303608 -0.083722 0.747860 0.767717 0.432547 0.240777 
0.000000 -33.825910 11.181411 -1.436010 0.239202 -0.985076 2.096694 0.991137 -4.064464 -1.206129 -0.154838 -0.000069 0.800745 -3.122404 -3.375876 -2.523807 2.891816 0.494793 0.364985 0.625073 -0.822781 0.563230 0.700994 0.343733 0.339058 -3.959437 -3.120483 2.255322 1.749016 -0.975787 -1.101497 -1.049229 1.393584 0.199473 -0.141403 0.044084 -0.475285 
240.824188 -41.954556 6.883453 -1.456600 3.435712 -1.331791 0.608847 1.210074 -3.500312 -0.800855 0.094829 -0.156870 0.785171 -2.533906 -6.649054 0.020590 3.063944 -1.242132 -0.386143 -1.027874 1.088044 -0.200221 -0.302662 0.135372 -0.454830 3.999154 -2.845977 0.997024 -0.844051 -0.231778 -0.226051 -0.935607 0.950532 -0.204529 -0.422100 -0.106879 -0.460473 
251.414566 -38.893721 -2.116697 -1.394829 6.367089 -3.469339 1.324408 -1.064611 -1.888376 -1.606572 -0.760162 0.270674 -0.108916 4.875903 -9.067829 -0.529759 1.203715 0.031237 -0.087117 -1.246140 1.078284 0.154171 -0.143206 0.129975 -0.581888 2.828268 1.635161 -0.438979 -1.489836 1.924960 0.322020 0.602959 -0.076868 0.884322 0.492197 -0.229443 0.331407 
0.000000 -32.202750 -11.252206 -2.516119 5.843142 -1.269317 0.434612 -1.282207 -1.343744 -0.492512 -0.191583 0.103081 -0.378606 3.122630 -3.378732 -0.857367 0.084272 2.607789 0.257897 0.178043 0.934308 1.568422 0.681733 -0.323515 0.207984 -3.797140 6.493354 1.249060 -0.486500 0.900441 0.052581 0.720345 0.048513 0.122878 0.443383 -0.247521 0.582300 
0.000000 -32.648462 -8.874161 -3.109563 6.535633 1.746239 1.840201 -0.708524 -0.019761 1.530273 0.603305 -0.376357 0.307051 -2.718377 3.918878 1.968360 0.230715 1.832119 0.018044 0.194549 1.175311 0.399928 0.743560 -0.365066 0.582712 -3.471262 3.496576 1.510151 0.116528 -1.126313 -0.298025 0.050664 -0.325230 -0.938838 -0.216554 0.257909 0.090535 
356.569122 -37.639503 -3.414450 1.420601 6.304572 2.394922 0.470700 -0.893109 1.006878 0.307344 1.295537 -0.627052 0.786819 -3.819894 3.614419 2.162934 0.317327 0.355164 -0.338154 0.279372 0.283848 -0.309253 0.248624 0.192303 0.389053 0.107646 -1.412292 -0.621452 0.538684 -1.766625 0.205380 0.190383 -0.946538 -0.167097 -0.638575 0.335103 -0.365117 
340.712952 -40.288249 -1.645323 1.216305 7.170287 2.456567 1.163893 -0.149779 0.547935 0.911766 1.100553 0.008250 1.085158 -2.503084 1.094293 0.725457 1.308084 -1.701130 0.428804 0.575314 -0.717766 0.065734 -0.533590 0.305139 -0.147521 -1.264385 -1.906278 -0.619829 -0.197650 -0.466879 0.052505 -0.199453 -0.320896 0.011465 -0.495084 -0.105032 -0.283192 
330.850464 -42.645672 -1.225865 2.871515 8.920739 -1.007338 1.328308 0.257520 -0.428653 0.438811 0.228357 -0.016774 0.491776 -6.348663 -0.198137 0.923275 -0.077974 -0.578594 -0.233145 -0.119534 -0.357945 -0.286323 -0.741543 -0.017761 -0.177330 0.024198 -2.829101 -0.567359 -2.070855 0.615249 0.588055 0.105666 0.424850 -0.048403 0.521704 0.070444 -0.028383 
306.844666 -52.985575 -2.041596 3.062856 7.014339 1.299380 0.697603 -0.388846 -0.167954 0.339120 -0.382533 -0.027272 0.730497 -2.454688 -4.563909 -0.409261 -2.833627 -0.470632 1.604913 0.786647 0.131934 -0.031072 0.509818 0.446026 -0.204287 5.413138 -3.461544 -0.456944 -1.117261 -0.874284 1.385725 0.665924 0.136473 0.086581 0.658248 0.410684 -0.136659 
291.470825 -47.555048 -10.353682 2.052994 3.253486 -1.948603 4.538133 1.830813 -0.164784 0.376667 1.247992 0.875279 0.083202 4.477614 -7.121225 0.009388 -2.312497 -2.327162 2.538304 1.212314 -0.084998 -0.113161 0.574952 0.803607 -0.450648 2.941930 1.388079 1.177923 2.715057 0.094102 -0.596209 -0.158288 0.149137 0.100725 -0.378460 -0.083635 0.087760 
0.000000 -44.030346 -16.284045 3.081632 2.389346 -3.354944 5.774212 2.035782 -0.337950 0.112798 0.767371 1.579942 -0.170799 3.429171 -1.787751 1.946585 2.596487 -0.282428 0.412496 0.470071 0.430208 0.170379 -0.247101 0.278756 -0.028768 -1.848333 5.182181 0.895393 3.198961 1.686828 -1.927201 -0.413721 0.253126 -0.066080 -0.145984 -0.784236 0.418903 
0.000000 -40.696707 -13.929185 5.946164 8.446459 -2.513458 5.363125 2.770955 0.695632 0.717424 0.753790 1.432792 0.025666 0.780948 3.243138 1.800173 4.085426 1.046494 -1.316097 0.384873 0.421253 -0.245322 0.282984 -0.764866 0.387159 -2.085537 2.291190 -0.974525 -0.646826 0.348469 -0.968912 -0.251052 -0.208098 -0.403333 0.355117 -0.314538 0.302459 
356.647217 -42.468450 -9.797769 6.681979 10.560198 -1.261956 3.142018 2.805527 0.504557 -0.377845 1.333339 0.050211 0.603518 -0.741903 2.794629 -0.002464 1.302835 0.414510 -1.525328 -0.032034 0.014012 -0.636288 0.463133 -0.350319 0.576151 -0.557074 -0.376427 -0.581192 -2.386849 -0.448272 0.202022 -0.423443 -0.140996 -0.080958 -0.127902 0.515246 -0.200801 
350.331329 -42.180513 -8.339927 5.941235 11.052129 -1.684437 2.312469 2.706888 0.723656 -0.555151 1.680056 0.732154 1.177968 -0.333200 2.490283 0.637790 -0.688272 0.149951 -0.912054 -0.462013 0.139261 -0.407238 0.027179 0.265627 -0.014443 -0.538247 0.649709 0.646284 -1.817266 0.232709 0.574394 -0.550493 0.033070 0.145096 -0.446681 -0.194692 -0.359883 
342.262787 -43.134850 -4.817202 7.957559 9.183655 -0.962054 1.317910 1.881500 0.783078 -1.192320 1.387697 0.581465 0.574633 -1.818397 4.094048 1.290103 -2.331697 0.879928 -0.376540 -1.133021 0.080152 -0.346095 -0.430229 -0.739703 -0.143615 -1.081678 0.754010 -0.465068 -0.798117 0.363466 0.638494 -0.336276 -0.457569 0.149127 -0.462063 -0.535812 -0.104090 
333.121063 -45.817308 -0.151831 8.521442 6.388736 0.075419 1.559390 0.440846 0.883960 -1.247342 0.819597 -0.747253 0.890737 -2.496556 3.998303 -0.292346 -2.284506 0.876883 0.364933 -1.134566 -0.775878 -0.108985 -0.896946 -0.805996 -0.222623 -0.949014 -1.241782 -1.377038 0.290712 0.006038 0.035776 0.394168 -0.284968 0.244012 -0.078906 0.270233 -0.313426 
318.450348 -48.127963 3.179403 7.372868 4.614643 0.791712 2.047777 -0.387632 -0.768677 -1.410290 -0.406194 -1.030528 0.129387 -3.716425 1.610484 -1.463974 -1.750272 0.892005 -0.304987 -0.344684 -0.489784 0.141929 -0.588041 -0.199236 -0.770467 -0.852468 -2.223042 -0.443742 0.590007 -0.330056 -0.449053 0.593646 0.474566 0.438997 0.488172 0.598505 0.177611 
288.305695 -53.250157 3.069136 5.593494 2.888191 1.859428 0.949415 -0.248523 -0.095607 -0.963484 -0.356484 -1.145726 -0.650197 -4.201492 -0.447782 -1.179830 -1.104493 0.216770 -0.533173 0.052726 0.173254 0.769009 0.079398 0.391013 0.132600 1.795367 -2.047993 0.100711 2.038138 -0.970335 0.346211 0.230088 -0.135877 0.594783 0.209357 0.079180 0.486232 
284.900604 -56.530946 2.283839 5.013207 2.405658 1.225252 0.981431 -0.282180 -0.422170 0.127729 -0.247398 -0.248501 0.394587 -0.125692 -2.485501 -1.262552 2.326005 -1.048665 0.387436 0.115491 -0.761537 1.331494 -0.169326 -0.040877 0.201997 2.858097 -0.822535 0.103711 1.835882 -0.474174 0.452300 0.039797 -0.385754 0.008439 -0.151633 -0.440251 -0.226497 
100.131325 -53.501540 -1.901867 3.068390 7.540200 -0.237902 1.724287 -0.017540 -1.618680 1.699505 -0.695135 -1.227480 -0.246203 1.514703 -2.092853 -0.972409 2.567271 -0.731577 0.371428 0.132320 -0.598255 0.785888 -0.223868 -0.489490 -0.320395 0.820197 0.196324 0.145072 0.120633 0.158544 -0.008004 0.008414 0.081641 -0.272803 -0.027271 -0.224306 -0.261196 
