0.000000 -27.488402 4.052717 -2.814995 -0.638272 -2.081068 1.563445 -0.605880 1.153489 -2.241235 -0.140854 0.354666 0.468210 -3.872315 1.035465 0.483791 -0.140246 0.445194 0.232394 0.152157 0.042971 0.221012 0.167522 0.054881 -0.223419 2.308609 -0.405947 0.027191 0.955802 0.507975 0.223088 -0.603755 -0.392219 0.110249 -0.201336 -0.028843 -0.434094 
73.977600 -35.233032 6.123647 -1.847413 -0.918764 -1.190680 2.028233 -0.301566 1.239432 -1.799212 0.194189 0.464428 0.021372 0.744903 0.223571 0.538174 1.771357 1.461144 0.678569 -1.055353 -0.741466 0.441510 -0.235150 -0.002805 -1.091607 5.184388 -1.174537 -0.532614 0.925816 0.267788 -0.208862 -0.871875 -0.677343 -0.121094 -0.384040 -0.259245 -0.375170 
228.159531 -25.998596 4.499859 -1.738648 2.904442 0.841221 2.920584 -2.716586 -0.329443 -1.358215 -0.611153 0.349056 -1.715004 6.496460 -1.313608 -0.581436 1.711385 0.980769 -0.185331 -1.591593 -1.311715 -0.021175 -0.600559 -0.463610 -0.973758 -0.471524 0.237147 -1.056232 -1.171218 -0.812291 -0.661114 0.737169 0.123326 -0.329225 0.026299 -0.168933 0.700807 
213.699692 -22.240113 3.496431 -3.010285 2.504007 0.770858 1.657570 -3.484753 -1.383999 -1.841562 -1.006930 -0.462791 -1.926144 -0.198144 0.697865 -1.574291 -0.571079 -0.163438 -0.643659 0.418985 -0.494814 -0.216941 -0.182552 -0.340671 0.310008 -6.402910 1.744205 0.225935 -1.617278 -0.404306 0.244383 1.372705 0.676740 0.069420 0.138696 0.147019 0.634902 
207.887558 -26.394884 5.895589 -4.887229 1.762285 0.514346 1.633266 -1.878617 -1.319071 -1.792096 -0.976257 -0.332286 -1.094989 -6.309360 2.174801 -0.129566 -1.523171 0.172156 0.303436 1.153817 0.041765 0.117664 -0.323166 -0.169571 0.296046 -1.835118 -1.705021 0.926901 -1.067243 0.395800 -0.204792 0.548692 0.582504 0.282975 0.259129 -0.026524 -0.023165 
0.000000 -34.858832 7.846034 -3.269418 -0.542336 1.115171 2.264442 -1.177119 -1.300469 -1.606235 -1.653263 -0.801932 -1.334052 -3.868380 -2.712178 0.279511 -2.705564 0.628162 -1.053242 1.516369 0.670193 0.349008 0.335707 -0.393719 0.263677 1.189992 -3.328325 -0.125020 0.076944 0.000755 -0.467172 0.006483 0.213942 0.047881 0.062050 0.207102 0.057321 
297.660614 -34.131645 0.471232 -4.328207 -3.648842 1.770669 -0.473218 1.154121 0.021315 -1.094080 -0.304843 -1.119723 -0.567635 -3.929375 -4.481849 -0.379606 -1.369283 0.173666 -0.630908 1.166782 0.469648 0.213426 -0.199067 0.244634 0.410688 -3.472611 -0.057917 0.872599 1.775932 -0.513594 1.243745 -1.013973 -0.374245 -0.047218 -0.340547 0.490847 -0.159674 
0.000000 -42.717583 -1.117664 -4.028629 -3.280902 1.462504 1.002626 1.156446 -0.361173 -1.179384 -2.051396 -0.312665 -0.512677 -10.813601 -2.828013 2.024710 0.846300 -0.399027 1.434248 -0.511577 -0.078297 0.254573 -0.345388 0.587976 -0.055671 4.782206 1.851215 1.431503 2.020591 0.372630 1.038647 -1.446084 -0.697639 -0.199112 0.664402 0.006981 -0.595317 
118.323341 -55.758847 -5.184793 -0.278787 -1.956243 0.972615 2.395279 0.130967 -0.135279 -0.584934 -0.995620 0.056228 -0.678976 5.635036 -0.779419 2.483400 2.671900 0.918927 1.446385 -1.725386 -0.925630 -0.184798 1.129738 0.258596 -0.779946 13.378777 3.142901 -1.057251 0.425726 0.576345 -0.831338 -0.671756 -0.608489 -0.468853 0.143928 -0.436583 -0.234199 
0.000000 -31.447510 -2.676502 0.938172 2.062898 3.300358 3.895396 -2.294326 -2.212434 -1.548980 0.208080 0.204526 -2.072568 15.943952 3.457790 -0.089793 1.697752 0.753663 -0.228428 -1.855088 -1.295275 -0.683134 -0.057533 -0.285191 -0.524069 -1.652899 1.710916 -2.022935 -1.051863 -0.774535 -1.604704 0.496833 0.479081 -0.051682 -0.887401 -0.097990 0.556710 
0.000000 -23.870943 1.730786 -0.458374 1.439261 2.479942 1.938423 -3.579209 -2.725830 -1.951201 -1.110685 -0.514155 -1.727113 2.329238 2.642412 -1.562469 0.568174 -0.630143 -1.763023 -0.731720 0.032533 -0.288162 -0.645063 0.062615 0.333473 -9.384444 -1.394557 -0.782716 -0.363371 -0.826664 -0.379798 0.717110 0.800357 0.353615 0.198897 0.438549 0.374677 
0.000000 -26.789034 2.608323 -2.186766 3.199245 2.040072 0.369350 -3.757765 -2.147368 -2.125304 -1.082047 0.329757 -1.405622 -2.824937 0.668676 -1.655225 0.971011 -0.899664 -0.988024 -0.420869 0.305438 0.024096 0.340260 0.591907 0.225285 -2.695600 -0.550806 -0.263175 -0.589381 0.186102 0.474560 0.140696 -0.065564 0.310912 0.586786 0.118926 -0.100953 
0.000000 -29.520817 3.068138 -3.768824 3.381283 0.680614 -0.037625 -4.420947 -2.114953 -1.903010 -0.430164 0.669660 -1.276544 -3.061963 1.540800 -2.088818 -0.610588 -0.257939 -0.813903 -0.450329 -0.098595 0.333661 0.528509 0.300467 0.131568 0.481319 0.762679 0.029434 -1.624841 0.363910 0.177081 0.468227 0.034459 0.059975 -0.133984 -0.294491 -0.019175 
0.000000 -32.912960 5.689923 -6.364403 1.978070 1.524194 -1.258457 -4.658423 -2.344558 -1.457981 -0.025029 0.930691 -1.142485 -1.862299 2.194034 -1.596357 -2.278672 -0.171845 -0.633863 0.515586 0.374357 0.144046 0.072293 0.002925 0.186934 0.448341 -0.245671 0.753518 -0.834433 -0.348533 0.223715 0.403928 0.425287 -0.001618 -0.390131 -0.060723 0.324166 
0.000000 -33.245415 7.456206 -6.961538 -1.176061 0.336925 -1.305350 -3.389775 -1.366240 -1.614917 -0.285578 0.675510 -0.902677 -2.165282 1.049457 -0.581783 -2.279455 -0.955005 -0.366472 0.357527 0.751979 0.330425 -0.251753 0.179021 0.779899 -0.960767 -1.007340 0.360207 0.303118 0.029877 0.172985 -0.158259 0.124523 -0.206584 -0.390607 0.192508 0.369351 
0.000000 -37.243523 7.788838 -7.527969 -2.580839 -0.385815 -1.991401 -3.943368 -0.840600 -0.797131 -0.528535 1.288733 0.417314 -3.783832 0.179354 -0.875943 -1.672435 -0.112091 -0.287893 0.199067 0.623402 -0.269122 -0.708921 0.387940 0.925635 -2.695181 -1.338737 0.309515 0.503563 0.432852 0.454610 0.204979 -0.388504 -0.357130 -0.005936 -0.050232 -0.195920 
0.000000 -40.813080 7.814914 -8.713423 -4.520932 0.112743 -1.881137 -2.991642 -0.119436 -2.153161 -1.703419 1.451391 0.948593 -7.555644 -1.628017 0.037248 -1.272329 -0.089301 0.542748 0.767485 -0.025028 -0.383835 -0.263626 0.078557 0.388060 3.161234 -2.501762 2.364935 2.519018 0.404438 1.724146 0.293150 -0.337975 0.217343 0.992065 -0.463770 -0.895298 
0.000000 -52.354811 4.532803 -7.453473 -5.125497 -0.564416 -0.905906 -2.408399 -0.890657 -1.564801 -1.055787 1.445846 1.193434 2.538635 -4.824170 3.853927 3.365601 0.696785 3.160399 0.785366 -0.052549 0.165564 1.275210 -0.539599 -0.864961 10.357203 -0.838888 1.496684 2.649603 0.589510 1.135854 -0.200424 0.052250 -0.010592 0.813992 -0.418676 -0.812202 
0.000000 -35.735810 -1.833426 -1.005569 2.210270 1.506312 4.439661 -1.420910 -0.224533 -1.822033 0.847001 0.372193 -0.781329 13.158761 -3.305793 3.030616 4.026876 1.089720 2.814455 0.366637 0.079471 -0.405018 1.364358 -0.758794 -1.236343 -0.076140 2.830759 -2.107881 -1.424723 -0.465932 -1.613063 -0.400641 -0.620244 -0.088060 -0.220775 0.163203 0.189622 
256.976929 -26.037289 -2.078783 -1.392241 2.928255 1.615024 4.723003 -1.675124 -0.731715 -2.374838 1.672929 -0.071742 -1.279253 2.386355 0.837349 -0.361835 0.516155 -0.235080 -0.065728 -0.015916 -1.293036 -0.010557 0.833660 -0.213194 -0.485716 -9.526352 2.635770 -0.952075 -2.183769 -0.650750 -1.661345 0.103479 -0.464255 0.357192 -0.365102 0.343358 0.275246 
264.011902 -30.963099 -0.158729 -1.729239 3.242581 1.036152 4.308206 -1.452742 -2.810606 -1.843148 2.514321 -0.054195 -1.752761 -5.893942 1.965746 1.126465 -0.340663 -0.211780 -0.508236 0.573595 -0.849040 0.309366 0.634154 -0.072079 -0.685851 -3.791402 0.067562 0.479614 -0.652054 0.152310 -0.074920 0.100923 0.959923 0.073782 -0.489467 0.244941 0.173718 
274.300690 -37.825173 1.852710 0.860690 2.246929 1.191464 3.706530 -0.527933 -2.429795 -1.756107 2.941237 -0.215899 -2.650956 -5.196449 0.972473 0.597392 -0.787954 0.069540 -0.215567 0.185930 0.626810 0.137007 -0.145274 0.276688 -0.138280 3.963822 -2.477234 -0.664793 1.357498 -0.038789 -0.575256 -0.317616 0.865472 -0.186108 -1.075551 0.275918 1.114459 
276.834930 -41.355998 1.786218 -0.534455 1.666674 1.175232 3.877072 -1.080881 -1.556986 -1.569133 2.223772 0.499181 -2.029321 2.033703 -2.988722 -0.203120 2.374333 -0.289358 -1.658749 -0.061637 0.881904 -0.062851 -1.516948 0.479758 1.543067 7.540959 -2.348619 -0.725080 2.250066 -0.409633 -0.913689 -0.344647 0.108916 -0.543277 -0.755065 -0.463644 0.815399 
0.000000 -33.757768 -4.124734 0.454450 6.995594 0.612747 0.389033 -0.651208 -0.665988 -1.881809 -0.092658 0.743617 0.435178 9.885468 -3.724765 -0.852768 3.712178 -0.749727 -2.042945 -0.503363 0.844642 -0.949546 -1.655405 -0.650599 1.492519 2.613229 1.939772 -0.979080 -1.095686 -0.268104 0.755592 -0.574585 -0.468501 -0.442080 0.453903 -0.826859 -0.771332 
352.433044 -21.585061 -5.663313 -2.239991 9.091029 -0.324221 -0.208818 -2.087608 0.132298 -3.468226 -1.087039 -0.802017 0.955716 7.260161 0.890823 -2.161279 0.182960 -0.825566 -0.147564 -1.210808 -0.055099 -0.947012 -0.609141 -1.173959 0.000403 -5.110069 3.489554 -0.217653 -2.606190 0.319789 0.919631 0.092584 -0.656536 1.177571 1.017021 0.159960 -0.962234 
353.008545 -19.237446 -2.343088 -3.868109 7.361514 -1.038385 0.093905 -3.072824 -0.776185 -3.775833 -1.310940 -1.604302 0.435985 -0.334670 3.254342 -1.288074 -1.500203 -0.110149 -0.203683 -0.318196 -0.468430 1.405596 0.378637 -0.330679 -0.431949 -5.914963 0.592984 0.934780 -0.382910 0.813721 0.284721 0.919370 0.202825 1.337122 0.904844 0.827299 0.018256 
359.274139 -22.254402 0.845371 -4.816140 6.090624 -0.544518 -0.616183 -2.724000 -0.804563 -0.657034 -0.329764 -1.463375 0.091819 -4.569764 2.076790 -0.291720 -0.582860 0.801876 0.421878 0.627933 0.350552 1.727232 1.200547 0.480639 0.036916 -3.086440 -1.247979 0.952839 0.759281 0.450932 0.476759 0.612095 0.248252 -0.684237 -0.026454 0.341158 0.362174 
366.413025 -28.376975 1.810492 -4.451549 6.195795 0.565367 0.937660 -1.816958 -0.075081 -0.321369 1.090153 -0.643025 0.509816 -6.507551 0.758384 0.617603 0.018359 0.791715 0.749836 0.905993 0.028073 0.037123 0.325730 0.351637 0.292400 -0.270873 -2.953604 1.218723 -0.648853 -0.370618 -0.124930 0.198602 -0.214026 -0.548083 -0.847637 0.013679 0.155874 
357.255463 -35.269503 2.362138 -3.580934 6.127342 1.038912 0.883488 -0.912014 -0.748416 -0.582788 0.321695 -0.760101 0.676618 -5.111511 -3.830418 2.145725 -1.880565 0.060639 0.172019 1.025137 -0.077500 0.631066 -0.494728 0.507996 0.348664 2.804169 -4.018351 0.631895 -0.693316 -0.598218 -0.344941 -0.365854 0.112906 0.235742 -0.579540 -0.005860 0.107792 
366.327209 -38.599996 -5.850343 -0.160098 2.434665 0.686645 1.281697 0.233316 -0.230082 0.940764 0.100697 0.372966 1.207144 -0.899213 -7.278318 1.881393 -1.368273 -0.404720 0.059955 0.174285 0.253885 0.508606 -0.833349 0.339918 0.507983 2.476678 0.426520 -0.847966 1.134722 0.080934 0.023606 -0.600109 0.157168 -0.301029 0.195682 -0.156386 -0.144108 
0.000000 -37.067928 -12.194497 0.181853 3.390795 0.229472 1.003397 -0.563443 -0.240646 0.434424 -1.345004 -0.080266 1.692585 -0.158155 -2.977378 0.449793 0.388879 0.222507 0.219230 -0.175081 0.236836 0.029008 -0.103365 0.195223 0.060448 -0.776184 5.252999 -0.469701 0.287208 0.671971 0.163721 -0.159735 -0.573607 -0.440742 0.841381 -0.104202 -0.639087 
0.000000 -38.916307 -11.805099 0.739488 3.212423 1.131660 1.720157 -0.116845 0.243590 0.998779 -0.106032 0.763413 1.328039 -2.451581 3.227681 0.941992 -0.793858 0.939222 0.387396 -0.145185 -0.893329 -0.372878 0.849412 0.131514 -0.770191 2.643987 4.159058 -0.526928 -0.593802 -0.510861 -0.290699 -0.014150 -0.409214 -0.452315 0.225057 -0.116415 -0.665246 
341.152863 -41.971091 -5.739135 2.065836 1.803079 2.107915 1.778190 -0.853814 -2.027304 -0.311332 0.353820 0.182763 0.152203 5.129819 5.340739 -0.604064 -0.798726 -0.799215 -0.362168 -0.203380 -0.581592 -0.875623 0.346749 -0.037607 -1.270044 6.709479 0.118330 -1.654065 0.651989 -1.062333 -0.972142 0.468572 0.742539 0.203624 -0.603679 -0.202304 0.277546 
266.937195 -28.656670 -1.123620 -0.468640 1.614971 -0.466770 0.995820 -0.523606 -0.919594 -0.752468 0.587465 0.688200 -1.212050 10.967377 3.464342 -2.366139 0.510119 -1.185444 -1.556887 0.791958 0.591748 0.034370 -0.357946 -0.273094 -0.215098 -0.925919 -1.815420 0.406755 0.629787 0.378843 0.468644 0.310048 0.481196 0.216438 -0.834501 -0.264166 0.504990 
276.752258 -20.036337 1.189548 -2.666442 2.823317 -0.262973 -1.335584 0.730102 -0.843807 -0.242592 -0.362072 -0.363426 -0.277994 3.277980 1.709899 0.209447 0.460848 -0.041528 0.575119 0.416716 0.380800 -0.442748 -1.322253 -0.565938 -0.260064 -5.021760 -1.125623 1.494560 -1.129786 -0.158820 1.488678 -0.623883 -0.169194 -0.135940 -0.084490 0.008571 0.095148 
285.495667 -22.100710 2.296178 -0.049747 2.536668 -0.549825 2.146059 0.309827 -0.157995 -1.637963 -2.057041 -0.443677 -1.732178 0.923856 1.213097 0.622980 -1.749453 -1.503085 1.420469 -0.455809 0.253361 -0.237511 -0.526925 -0.255951 -0.024803 -0.912134 -0.054373 -0.579313 -1.299194 -0.919655 -0.765585 -0.079233 0.098649 0.403377 0.947339 0.020273 0.787978 
288.963867 -18.188624 3.615742 -1.420482 -0.675590 -3.269142 1.505354 -0.181516 -0.337086 -0.717615 -1.415923 -0.875329 -0.327601 1.453711 1.601153 -0.949179 -2.137539 -1.880839 -0.956050 0.258251 0.578097 0.364006 0.572426 -0.525392 1.315891 -0.534177 -0.328020 -0.448900 0.576152 0.488479 -1.197486 0.308855 0.415736 -0.174605 0.593993 0.033108 0.365156 
279.613831 -19.193287 5.498484 -1.948105 -1.738410 -4.311503 0.233959 0.826329 0.998199 -0.909951 -0.912190 -1.494460 0.899604 -0.144497 0.557056 -0.274820 -0.597150 -0.526127 -0.974502 0.161901 1.084832 -0.586722 0.661060 -0.189736 0.705509 -0.354605 -0.874579 0.428637 1.155452 0.903183 0.453762 -0.283647 -0.007859 -0.488885 -0.053615 0.237711 -0.743876 
268.048126 -18.477618 4.729853 -1.970121 -1.869890 -4.321396 -0.443650 0.142285 1.832578 -1.891058 -0.093802 -1.254800 1.083416 0.744501 -0.148006 -0.091905 0.173364 -0.074473 -0.048527 -0.309043 0.562378 -0.613764 0.465196 -0.049969 -0.171860 -0.042049 -0.422335 -0.231330 0.857233 0.646723 1.365311 -0.262028 -0.799219 0.047096 -0.444551 0.080704 -0.436021 
257.805908 -17.704285 5.202472 -2.131915 -1.391682 -4.460448 0.136906 0.208242 2.122955 -2.137479 0.018202 -1.594398 0.555883 -0.228596 -0.287614 -0.737479 1.117316 0.767319 1.756120 -0.362155 -0.513607 -0.492530 -0.228041 -0.028327 -0.166533 -0.928420 -0.152642 0.010394 0.254166 0.739552 0.884573 -0.097227 -0.683086 0.527956 -0.397808 0.456487 -0.190299 
254.417160 -18.934810 4.154625 -3.445078 0.364742 -2.786758 3.068589 -0.582024 0.805365 -2.876119 -0.549884 -1.311454 0.750350 -1.112339 -0.453290 -0.071117 0.681697 1.404632 1.720619 -0.503496 -0.803795 0.442148 -0.330419 0.863005 -0.552458 -2.662677 0.458963 0.789582 -0.861965 -0.074208 -0.763530 0.243747 0.329090 0.744940 0.172507 0.376012 -0.321287 
251.237503 -19.928964 4.295891 -2.274150 -0.028288 -1.651184 3.578144 -0.798750 0.515366 -1.253184 -0.642637 0.131612 -0.549033 -5.553950 0.630311 0.841684 -0.606615 0.618902 0.229059 0.125339 0.144573 0.997349 0.116973 0.723696 -0.809108 -3.520790 0.636339 0.891744 -1.444594 -0.354100 -1.069835 0.488349 0.214916 0.081175 0.025558 -0.429499 0.372132 
249.500198 -30.042710 5.415248 -1.761710 -0.848489 -1.548954 3.526708 -0.331347 1.094512 -0.881421 -0.315939 0.135938 -0.867866 -8.153919 0.819387 1.712371 -2.207491 0.696433 -0.419051 0.473202 -0.373963 0.604498 -0.279303 0.004008 0.191805 3.243444 -3.481022 -0.276964 -0.276920 -0.314747 -1.047151 0.102023 -0.409038 -0.495293 -0.119952 -0.352608 0.812048 
251.270309 -36.236803 5.934666 1.150592 -4.443269 -0.258318 2.740042 0.147654 -0.232560 -0.044188 -1.201244 0.139627 -0.165423 0.932938 -6.331732 0.287756 -1.160455 -0.010591 -1.865243 0.329384 -0.673503 0.006762 -0.122931 0.018479 0.814988 8.196303 -2.728207 -1.152788 2.792448 -0.292609 -0.358975 -0.735355 0.069759 -0.687701 0.178961 -0.294688 -0.082541 
255.506668 -28.176834 -7.248216 -1.186198 -3.169400 -1.570136 -0.203777 0.327421 -0.252494 -0.867896 -0.561800 0.172896 0.762110 8.238687 -4.637026 -0.593204 3.377405 0.111215 -1.137002 -0.997508 -0.234445 -0.770903 0.078619 -0.585369 0.026724 2.875794 4.523358 -0.528697 2.190195 -0.123219 1.046740 -1.066360 0.061374 -0.301614 -0.066512 -0.559696 -0.792453 
383.039948 -19.759429 -3.339386 -0.035817 2.311540 -0.035888 0.466038 -1.847362 -0.701450 -1.585994 -1.044006 -1.031111 -0.111975 6.684526 2.714983 -0.769639 3.219935 -0.257028 0.228237 -1.803336 -0.550754 -0.596465 -0.255955 -1.100913 -0.769919 -2.957007 3.385866 -1.019022 -2.179406 -0.326486 0.551123 0.145042 -0.111492 0.372555 0.257867 0.227912 -0.216819 
338.471771 -14.807781 -1.818250 -2.725476 3.270471 -2.084192 0.252697 -3.279251 -1.354002 -2.060827 -1.073710 -2.028930 -0.777727 2.324672 2.134706 -2.631249 -0.981407 -0.541757 -0.034756 -0.707424 -0.457429 -0.025792 0.594352 -0.129546 -0.406915 -4.460914 0.160084 -0.234451 -2.367593 0.677301 -0.100762 0.872047 0.104574 0.217231 0.487954 0.750234 0.316998 
341.400604 -15.110084 0.930025 -5.298316 0.348727 -1.119403 0.396526 -3.262209 -1.616309 -1.637579 0.144697 -1.290203 -0.925805 -2.237302 3.035151 -1.238541 -1.515251 1.097574 0.026713 -0.059242 -0.341606 -0.162003 0.719953 0.399555 -0.135922 -4.310413 -0.314685 1.524786 0.637549 0.532392 0.292946 0.241667 0.192992 -0.182233 -0.074017 0.134748 -0.015477 
327.848602 -19.282386 4.252052 -5.202558 0.239969 0.110957 0.306123 -3.397735 -2.037215 -2.384833 0.366197 -1.229820 -1.049572 -6.296153 1.505336 0.418322 0.293691 0.523027 0.551135 -0.224089 -0.071445 -0.390259 0.446317 0.139950 -0.437868 -2.330234 -1.654796 0.972755 1.052332 -0.132472 -0.217358 0.739522 0.207262 0.358819 -0.130453 -0.279694 0.145080 
318.854736 -27.702390 3.940697 -4.461672 0.936109 -0.073348 1.498796 -3.710387 -1.759199 -2.418097 1.037331 -1.010302 -1.801540 -6.897770 -0.274442 0.706969 0.589414 0.832630 -0.408003 1.419801 0.072918 0.555636 0.459047 -0.159834 0.154237 1.405419 -3.983496 1.372479 -0.126054 0.054232 -0.294391 0.249460 -0.161400 0.694802 -0.438082 0.064369 0.552184 
321.042084 -33.077926 3.703168 -3.788620 1.418796 1.776218 -0.509883 -0.558132 -1.891378 -1.273562 1.284290 -1.549488 -0.741097 -3.485314 -6.461657 3.163279 0.041583 0.631491 -0.037646 0.274831 -0.394246 0.999345 -0.429846 0.268688 0.666499 6.922749 -1.028350 0.415970 -0.027799 -0.364281 1.005707 -1.027102 -0.082376 -0.257134 -0.512995 0.327175 -0.015111 
319.384094 -34.673019 -8.982617 1.864886 1.019276 1.189633 1.423504 -3.160725 -2.547690 -0.419408 0.177639 -0.472926 -0.468542 6.947728 -2.331142 1.538909 0.533815 0.104068 1.603411 -0.634403 -0.091833 0.041367 -0.566943 0.494516 0.124016 7.288210 5.900711 -2.806560 0.148368 -0.901482 0.197437 0.196210 0.214289 -0.958073 0.047553 -0.190511 -0.237494 
0.000000 -19.182469 -0.959116 -0.710802 2.486426 1.984353 2.696939 -1.826937 -2.075045 -1.190827 0.150404 -0.560457 -0.493065 11.091106 5.339766 -2.449840 0.338319 -1.171472 0.357228 0.667252 0.034332 -0.916801 -0.334740 -0.112333 0.191512 -1.818135 1.670454 -1.523593 -0.812960 -1.149722 -0.874368 0.415509 0.212319 -0.360320 0.170375 -0.151710 0.270810 
226.885025 -12.490807 1.696915 -3.034795 1.695913 -1.153312 2.137959 -1.826221 -2.479026 -2.253009 -0.491842 -0.697593 -0.085518 3.311458 1.009767 -1.508276 -1.092104 -2.195377 -0.145325 0.196616 0.332806 -0.679272 -0.226194 0.191096 0.665635 -5.818342 -2.756632 1.053149 -0.584712 0.190724 -0.151206 -0.088975 0.432633 0.129853 0.335582 0.222516 0.373405 
217.559555 -12.559553 1.060417 -3.727353 0.302218 -2.406400 2.406289 -1.433705 -1.409434 -2.549371 -0.301984 -0.178266 0.838206 -0.545578 -0.173498 -0.343542 -0.831105 -0.790025 0.054815 0.489301 0.899597 -0.657095 0.336423 0.332698 0.938321 -2.270589 -0.659117 1.213632 0.959765 1.186609 0.423713 0.489999 0.211472 0.282544 0.331342 -0.332245 -0.577955 
0.000000 -13.581963 1.349919 -3.721880 0.033704 -2.733362 2.247589 -0.847618 -0.679831 -3.567199 0.181004 -0.032197 1.791125 -1.229720 -0.308467 0.918988 0.827427 0.177841 0.702100 1.176615 0.755749 -0.114183 0.436490 -0.473394 -0.490274 -0.935708 0.548677 1.338454 1.154756 0.338640 0.391109 0.415515 -0.086667 0.666170 -0.248407 -0.453994 -1.084394 
274.953400 -15.018992 0.443483 -1.889378 1.957071 -2.050717 3.810490 0.919525 0.102065 -2.777738 0.570997 -1.125054 -0.142341 -2.416993 0.923856 2.333365 1.478407 -0.112745 0.837034 1.320331 0.726263 0.675245 -0.160390 -0.575290 -1.230466 -1.353186 0.908426 0.375446 -0.119742 -0.176311 -0.374604 -0.219675 0.027221 0.120679 -0.438417 0.274314 -0.017657 
279.035034 -18.415950 3.197631 0.944851 2.990518 -2.958851 3.921656 1.793043 0.772696 -2.216709 -0.139776 -1.182778 -0.669807 -3.936092 1.508386 1.669880 0.587943 -0.174781 -0.047107 0.737264 0.810192 0.127174 -0.440344 0.075234 -0.525588 -0.481110 -0.581155 -1.042893 -0.544933 0.083416 -0.603378 -0.326294 -0.191978 -0.389013 -0.047840 0.512379 0.593206 
0.000000 -22.891177 3.460255 1.450382 3.132957 -2.400279 3.716276 2.394054 1.722449 -2.523390 -0.309692 -0.974586 -1.193517 -3.379214 -0.238454 0.247580 0.388540 0.054088 -0.369723 0.667742 0.342308 -0.102781 -0.256070 0.449467 -0.044053 0.679517 -1.563533 -0.919599 0.495004 0.563256 -0.323500 -0.528442 -0.626677 0.007610 0.122659 0.183045 0.357190 
0.000000 -25.174379 2.720723 1.440011 3.767599 -2.850675 3.182210 3.128528 1.457311 -2.422272 -0.651916 -0.283844 -0.757913 -2.577058 -1.618679 -0.169317 1.577951 0.951731 -0.694107 -0.319620 -0.443161 0.142393 -0.195025 0.441325 0.188793 0.971879 -0.505230 -0.205856 0.436045 0.561420 -0.028676 -0.677300 -0.326450 0.097308 0.116079 -0.176757 0.007522 
0.000000 -28.045293 0.222896 1.111747 6.288858 -0.496817 2.328061 1.754813 0.836126 -2.238603 -0.699743 -0.091936 -0.815932 -1.435457 -1.248914 -0.164132 1.260630 1.176929 -0.427075 -0.686857 -0.310592 0.091834 -0.023913 0.095954 -0.029010 0.570800 0.184883 0.002593 -0.158660 0.112599 0.133516 -0.183618 0.066284 -0.025280 0.085556 -0.172685 -0.108901 
