0.000000 -49.348734 -8.089762 8.565678 -0.735137 2.008897 2.370101 -0.895592 1.680468 -0.164147 -0.623854 0.414682 -0.766571 4.009996 -8.541892 -5.185958 -0.320821 0.244117 -0.073354 -0.765605 -1.193073 0.520521 0.392390 -0.107752 0.342243 0.463235 0.870250 -0.849635 -0.157439 -0.271125 0.320091 0.591550 -0.261644 -0.440312 -0.075732 0.132527 0.148670 
0.000000 -41.328741 -25.173547 -1.806239 -1.376780 2.497131 2.223392 -2.426802 -0.705679 0.876895 0.160927 0.199178 -0.082085 4.936467 -6.801392 -6.885228 -0.635699 -0.298134 0.566828 0.417495 -1.716362 -0.360102 0.240927 0.157303 0.639584 1.296546 8.902558 2.893965 0.304874 -1.630476 -0.018776 1.101164 0.102386 -0.567865 0.339217 0.001971 -0.212514 
0.000000 -39.475800 -21.692545 -5.204778 -2.006535 1.412629 3.503757 -0.060602 -1.752255 -0.884352 -0.142000 0.729288 0.512596 6.603089 9.263223 0.601971 0.288926 -3.016835 -0.110906 1.436724 -0.988302 -0.615209 1.070824 -0.103809 -0.082785 3.621262 8.649657 5.000017 0.270377 -1.343965 -1.465987 -0.061354 1.237439 0.275239 0.122020 -0.464582 -0.589131 
0.000000 -28.122563 -6.647101 -0.602296 -0.798929 -3.536539 2.001581 0.446645 -2.682283 -0.353523 2.302575 -0.008440 -0.247654 12.178992 10.497923 3.114806 -0.094945 -2.986064 -2.365147 0.294787 0.758515 0.190375 0.484967 -0.771862 -0.538679 0.469705 -3.234342 -0.019997 -0.244388 0.853867 -1.033877 -0.943717 1.143895 0.060051 -0.912528 -0.145453 -0.014694 
327.130524 -15.117817 -0.696699 1.024834 -2.196425 -4.559499 -1.226537 0.528973 -0.235225 -0.503602 0.827933 -0.814437 -0.564762 7.542499 2.794539 0.561977 -0.199849 -1.309102 -2.178659 -0.450709 1.299487 -0.495106 -0.754232 -0.394714 -0.112174 -5.628556 -5.122956 -1.678387 0.127730 1.080864 0.801290 -0.481967 -0.457322 -0.502077 -0.238406 0.438799 0.429739 
325.824799 -13.037565 -1.058022 0.521659 -1.198628 -6.154742 -2.355737 -0.454774 -0.083309 -1.343736 0.794110 -0.797869 -0.472002 0.921880 0.252011 -0.241968 0.160515 -0.824336 -0.762566 -0.669146 -0.156128 -0.813778 0.008154 0.105737 0.320799 -4.119593 -0.967940 -0.211402 -0.141654 0.822468 1.223596 0.563922 -0.374709 0.129633 0.316973 0.197004 0.332033 
310.644257 -13.274058 -0.192676 0.540897 -1.875396 -6.208171 -2.751669 -0.809318 -0.547481 -2.131159 0.844241 -0.602963 0.076836 -0.696687 0.858659 0.139173 -0.483158 0.335835 0.268534 0.677134 0.550068 -0.235841 -0.120287 -0.000705 0.551892 -1.003746 0.018844 0.187190 0.001665 0.695370 0.570436 0.773266 0.425089 0.552791 0.064921 -0.079612 -0.175227 
284.573608 -14.430939 0.659295 0.800005 -2.164944 -5.483072 -1.818670 0.899493 1.016827 -1.815418 0.553536 -0.799279 0.631782 -1.085613 0.289700 0.132413 0.163845 0.566403 0.378306 0.877386 0.694049 0.291804 0.137995 -0.053487 -0.029655 -0.610604 -0.859122 -0.218651 0.281036 -0.233631 -0.220553 -0.247500 -0.347328 0.080963 0.095498 0.036832 -0.404914 
0.000000 -15.445283 0.386724 0.805723 -1.547705 -5.075365 -1.995056 0.945454 0.840617 -1.547551 1.120231 -0.709937 0.017526 -1.917895 -0.859586 -0.298128 0.078914 -0.131426 -0.172573 0.182133 -0.144588 -0.073915 0.070709 0.072959 -0.257937 -4.534128 -0.025251 -0.082095 -0.390874 -0.255038 -0.053009 -0.420358 -0.512861 -0.121950 -0.158466 -0.013272 0.006770 
52.663933 -18.266728 -1.059878 0.203749 -2.007116 -5.745925 -2.163816 1.263760 0.727650 -1.963248 0.694955 -0.653362 0.115908 -10.153870 0.239197 -0.031777 -0.617902 0.056326 0.272288 0.036670 -0.331672 0.047904 -0.178937 -0.080030 -0.016115 -9.893092 0.628968 -0.203888 0.125708 1.182070 0.039707 -0.453811 0.132125 0.370727 -0.391406 -0.139273 0.150907 
139.575165 -35.753023 0.865118 0.742169 -2.783509 -4.962713 -1.450479 1.018794 0.177272 -1.451743 0.762358 -0.869997 -0.014704 -21.704078 0.398349 -0.705903 0.330330 2.232713 -0.093159 -0.725489 0.119661 0.667540 -0.712102 -0.205587 0.043877 1.267436 -1.128158 -0.631592 1.983620 1.191966 0.344111 -0.458961 0.335799 0.649224 -0.118957 0.234390 -0.046037 
389.293671 -61.674884 -0.263180 -1.208058 -1.346456 -1.280498 -2.350134 -0.187218 0.966973 -0.628169 -0.729249 -1.064536 0.203663 -7.618998 -2.017118 -1.294961 3.349338 2.440257 0.960511 -0.881251 0.339926 1.346353 -0.416850 0.388749 -0.108189 21.525657 -1.399317 -0.212385 1.304681 -1.319415 0.970684 0.800289 0.530464 -0.142516 0.774864 0.743518 0.028771 
0.000000 -50.991018 -3.169118 -1.847752 3.915168 -0.082198 0.470542 -0.743709 0.857123 1.240964 -0.071342 -0.092500 -0.231083 21.347235 -2.400286 -1.130673 2.939692 -0.406117 1.848210 0.875090 1.180590 0.382507 0.837626 1.281449 0.101419 11.797590 0.753818 0.742516 -1.599887 -1.823253 -0.242060 0.702367 0.230793 -1.259888 0.270498 0.035464 -0.074899 
362.831421 -18.980413 -5.063752 -3.469405 4.532927 -2.092731 1.346285 1.562962 3.328154 0.136846 0.946002 1.498363 0.406501 15.976181 -0.509481 0.190070 0.149565 -1.206249 0.476392 0.523482 0.801512 -1.173424 0.124146 0.459676 -0.257988 -10.090503 1.103810 1.587202 -2.016471 0.079427 -0.755014 -0.333019 -0.625957 -0.530062 -0.433030 -0.618082 -0.256501 
359.018402 -19.038655 -4.188080 -1.467611 4.214297 -2.494695 1.423325 0.303254 2.460147 -1.105884 0.176949 0.826853 -0.747059 1.166229 -0.192666 2.043731 -1.093249 -0.247264 0.338181 0.209051 -0.071324 -0.677616 -0.028435 0.045285 -0.411584 -6.466037 0.295841 0.269437 -0.603196 0.468420 -0.352807 -0.185101 -0.596245 0.544317 0.068735 -0.332205 0.249505 
340.401917 -16.647955 -5.449084 0.618058 2.346429 -2.587258 2.022648 1.981065 3.185507 -1.218386 0.889132 1.588932 -0.416666 3.044107 0.082201 0.728945 -1.056826 -0.269409 -0.229223 0.153280 -0.390978 -0.084790 0.261616 -0.204733 0.241022 -0.100566 1.086488 -1.422057 0.315727 -0.113847 -0.500649 -0.656822 -0.876605 0.138816 0.020243 -0.731662 -0.035333 
359.713135 -12.950441 -4.023678 -0.009721 2.100645 -3.033514 0.964880 0.609815 1.678192 -1.275465 0.700181 0.417387 -0.265016 0.965097 1.980309 -0.800384 -0.461796 -0.474957 -0.663117 -1.104594 -1.824535 -0.399983 0.012050 -1.418039 -0.482250 -2.670330 0.887751 -0.314701 0.544735 0.124969 0.330195 0.273529 -0.112183 -0.214702 -0.223040 -0.385988 -0.228766 
317.910889 -14.717762 -1.488466 -0.982709 1.422836 -3.537173 0.696414 -0.228123 -0.463563 -2.018352 0.913232 -1.247145 -1.381166 -2.296552 1.857703 0.099543 0.032643 -0.019471 0.431168 0.700339 -0.615343 -0.514194 -0.184464 -0.976710 -0.216511 -4.144609 -0.626894 0.708030 0.693340 0.372556 0.317432 1.082408 1.102506 0.187626 -0.100264 0.703938 0.413295 
291.854218 -17.543544 -0.308271 0.189365 2.165932 -3.072455 1.827215 2.010492 0.447506 -2.303852 0.331253 -1.536032 -0.698037 -7.324122 0.726522 0.615676 0.924883 0.270155 -0.028254 1.060222 0.380477 -0.024731 -0.188477 -0.010162 0.344341 -6.222599 -0.861485 0.133182 0.724702 0.599438 -0.311813 -0.487059 0.169953 0.590742 0.145383 0.475492 0.008228 
279.686249 -29.366006 -0.035422 0.248642 3.272602 -2.996862 0.639906 1.892321 0.297391 -2.067815 0.536279 -1.267470 -0.692483 -14.741750 0.134734 0.365907 1.482048 1.179406 -0.192459 -0.273780 -0.275437 0.667291 0.106302 -0.025726 -0.200054 2.280372 -1.579693 -0.510304 -1.470605 0.492935 0.247352 -1.233265 0.259051 0.841995 -0.230742 0.051008 -0.031583 
279.706573 -47.027045 -0.038803 0.921179 5.130027 -0.713644 1.442298 1.462932 -0.103368 -0.969270 0.543856 -1.587484 -1.098145 -2.763378 -2.432864 -0.404932 -2.016328 1.256025 0.466450 -1.406309 0.898578 1.659259 -0.649961 0.091855 0.281176 13.991492 -1.255715 -0.718842 -1.451565 -0.460291 0.281566 -0.041496 0.518014 0.190286 0.270633 0.454331 0.366361 
271.146637 -34.892762 -4.901149 -0.561222 -0.760054 -0.484813 1.572806 -0.920296 2.094547 1.250703 -0.763643 -1.083760 -0.130131 13.241234 -2.376696 -1.071778 -1.421083 0.258823 0.370673 -0.356771 0.760592 1.047864 0.647567 0.882936 0.532669 7.561338 0.984513 -0.604167 1.835779 -0.393027 -0.198677 1.028379 -0.878612 -0.887518 0.734452 0.206514 -0.152425 
0.000000 -20.544576 -4.792195 -1.222377 2.287862 -0.195998 2.183644 0.749390 1.417815 1.126458 1.838990 0.178388 -0.032807 12.359298 -0.463838 -1.613265 1.655230 0.469971 0.069096 0.650449 -0.858646 -0.115778 0.818943 0.504882 -0.023675 -5.196462 1.643477 0.128759 0.590633 -0.546119 -0.515624 -0.080181 -0.649097 -1.055326 -0.769656 -0.812796 -0.446109 
380.212585 -10.174166 -5.828825 -3.787753 2.550406 0.455129 1.710998 0.380602 0.377255 1.019147 0.874243 -0.073996 -0.177481 2.848310 0.910257 -0.814259 -0.239817 -0.833415 -0.660576 -0.517133 -0.537603 -1.062788 -0.891744 -0.742656 -0.359549 -11.441934 1.731054 1.702372 -0.177340 -1.003006 -0.402842 -0.256417 0.596184 -0.681495 -0.497832 -0.534204 0.017394 
370.499908 -14.847956 -2.971680 -2.850896 1.808228 -1.862828 0.862493 -0.284875 0.342610 -0.999118 0.055502 -1.306925 -0.751905 -10.524570 2.998269 1.791478 1.300549 -1.536041 -0.736587 0.137615 0.333723 -1.478769 -0.176720 -0.563526 0.011113 -8.328281 1.060889 1.529781 1.238985 0.843105 -0.046819 -0.177026 0.199086 0.417623 0.740007 0.572738 0.231747 
339.090607 -31.223306 0.167713 -0.204797 5.151505 -2.616954 0.237823 0.655831 1.044701 -1.938390 0.520803 -1.201047 -0.155255 -13.808252 3.032035 2.245303 2.238154 0.852796 -0.754214 -0.871185 -0.139430 -0.227543 0.588271 0.402820 0.103946 3.865018 -1.279936 0.454214 -1.624642 0.988437 -0.402988 -0.303281 -0.492541 1.200989 0.183184 0.177260 -0.013033 
351.709534 -42.464460 3.092390 1.639709 6.284535 -0.157236 -0.645935 -2.027245 0.063749 -1.454204 1.232044 -0.501284 -0.544013 -2.794533 0.438398 2.699907 -1.948735 0.440832 -1.542564 -0.468947 -0.651360 0.923209 0.189648 -0.209005 -0.014953 12.347522 -1.965680 -0.279128 -2.635819 -1.939585 0.144384 1.453221 -0.034687 0.606197 -0.397934 -0.357226 -0.046322 
309.039764 -36.812372 1.044509 5.195017 1.254035 -1.735290 -2.847305 -0.282064 -0.258018 -0.091973 0.900099 -1.619057 -0.185160 10.886791 -0.899325 1.687046 -3.033485 -3.026374 -0.465446 2.035258 -0.208804 0.984851 -0.207598 -0.311632 0.011301 7.118232 -0.547625 -2.344539 0.480545 -1.424407 1.495951 0.921212 0.323124 -0.874378 -0.372303 0.177141 0.045644 
336.916718 -20.690877 1.293739 5.013801 0.217566 -6.209983 -1.576828 2.043271 -0.353859 0.515497 0.816847 -1.124548 -0.521411 11.441932 -0.656852 -1.989172 -0.987645 -2.407981 1.449338 1.373476 -0.005111 -0.825547 -0.554959 0.145277 0.076335 -4.542428 -0.342238 -2.086925 1.419129 1.472038 1.032152 -0.671509 0.158197 -1.340755 -0.250597 0.034011 0.103680 
358.526520 -13.928508 -0.269196 1.216673 -0.721255 -6.551253 0.051371 2.464889 -0.268240 -1.743067 -0.209819 -1.328504 -0.032489 1.801936 -1.583802 -2.486803 -0.195226 -0.082298 1.598858 0.692240 0.107590 -1.696660 -0.708792 -0.243611 0.218662 -11.447180 0.589981 1.627771 0.802380 1.935644 -0.304808 -0.847137 -0.135067 0.346536 0.446062 -0.150702 0.036763 
352.137573 -17.087006 -1.873865 0.040195 -0.172885 -6.374579 1.620888 3.427751 -0.138679 -2.877823 -0.600736 -1.611769 -0.084087 -11.452427 0.523110 1.266370 0.617116 1.463306 0.839721 -0.320797 -0.275245 -0.132476 0.337166 -0.156128 0.149862 -3.609011 0.511726 0.806104 0.580713 1.006364 -1.288297 -0.737788 -0.126414 1.665978 0.638666 0.249090 0.137656 
70.521606 -36.833363 0.777025 3.749412 0.512977 -3.624641 1.730814 1.823295 -0.818730 -2.008018 0.464513 -1.640759 0.267235 -5.416087 -0.560349 -0.874595 0.966200 1.930430 -0.977735 -0.783336 -0.145238 1.635296 0.568539 0.254570 0.493974 7.046455 -1.676057 -1.516883 -0.351727 -0.562681 -0.704859 0.494868 0.327441 0.646284 -0.193707 0.089872 0.035333 
352.315308 -27.919180 -2.994563 -1.708996 1.759515 -2.513718 -0.334583 1.861080 -0.429154 0.392770 0.536342 -1.102630 0.903860 2.640483 -2.829003 -1.767396 -0.086339 0.337944 -0.569996 0.668939 0.379637 1.160093 -0.050249 0.023616 0.220528 -1.243647 -0.479928 1.827205 -1.916490 -1.305102 0.474512 0.038031 0.015604 -0.640749 -0.305111 -0.321485 -0.276339 
0.000000 -31.552397 -4.880981 0.214620 0.340300 -2.948754 0.590822 3.161173 -0.059457 0.312168 0.364015 -1.593526 0.708291 -7.903381 -1.520206 2.779815 -2.866780 -0.679774 -0.028711 -0.707273 -0.114030 0.353799 -0.041683 -0.388400 -0.058704 -2.984286 3.016788 3.114323 -0.463019 0.138823 -0.165971 -0.434752 0.363718 -0.232783 0.657076 0.199462 -0.296200 
0.000000 -43.725942 -6.034976 3.850634 -3.974045 -3.873267 -0.392005 0.446534 -0.657215 1.100368 0.452976 -1.879430 0.786453 -3.328088 3.204572 4.461250 -1.012376 0.615590 -0.901939 -0.200564 1.107072 0.694527 1.263903 0.422540 -0.371873 9.334548 2.295290 -1.565504 2.699825 -0.016996 0.221717 1.284378 0.953082 -0.309457 0.314181 0.896622 -0.117819 
0.000000 -38.208572 1.528163 9.137121 -1.684452 -1.717574 -1.213055 2.760045 2.154687 1.701222 2.891822 -0.748446 -0.035455 10.765715 3.070375 -0.351194 2.532869 -0.713766 0.414723 1.861482 1.792135 -0.265116 0.586680 1.404844 -0.294341 7.025173 -2.629362 -4.645587 1.260132 -0.826647 1.030702 -0.080529 -0.695390 -1.311594 -1.504673 0.103288 0.297358 
393.046143 -22.194511 0.105774 3.148246 1.091693 -5.300799 0.437441 4.169498 2.927055 0.570136 1.626335 0.930259 0.197772 10.722258 -2.054151 -4.829923 1.507888 -1.037704 1.159466 -0.361621 -0.283708 -1.928662 -1.745443 0.629117 0.222843 -4.371252 -2.836570 -1.074146 -0.439656 1.092018 -0.079118 -1.709753 -1.401754 -0.330833 -0.967516 -0.703709 0.068352 
362.939758 -16.764056 -2.580139 -0.522725 1.331324 -3.792982 1.105877 2.036803 1.587271 -2.156102 -0.599065 0.509789 0.410232 2.023212 -2.602765 -2.499485 1.653557 1.470271 0.256488 -1.558024 -1.011374 -0.926782 -1.348353 -0.002573 -0.157637 -7.237710 0.790387 2.297191 -0.395184 1.127354 -0.659515 -0.169461 -0.343887 1.134549 0.853588 -0.487042 -0.439416 
346.266937 -18.148087 -5.099756 -1.850725 4.398807 -2.360257 0.950416 1.053450 0.904307 -1.283427 -1.070372 0.925112 -0.117503 -3.753162 -0.473378 -0.235541 0.717520 1.217003 -0.159563 -0.700542 -0.971483 0.340436 -0.038267 -0.344967 -0.655988 -1.447362 1.155152 1.434479 -0.740400 -0.278575 -0.422772 0.761238 0.445981 0.437362 0.761485 -0.411052 -0.032245 
346.505920 -24.270380 -3.526894 -0.993808 2.766363 -1.358975 0.786751 0.635718 -0.355694 -1.475230 -0.675599 -0.180145 -0.901744 -0.871513 -0.292461 0.369473 0.172757 0.913121 -0.589057 -0.035548 -0.119412 -0.052058 0.174616 -0.824678 -0.222127 2.479092 -0.650762 0.513271 0.931980 0.013662 0.095459 0.455843 0.777514 -0.094711 -0.045118 0.172176 0.688754 
297.032318 -19.891113 -5.684679 -1.111779 4.744320 -0.534015 -0.227699 0.982355 0.665482 -1.387542 -0.721139 -0.724243 -0.561756 1.205023 -1.774902 0.791001 2.581480 1.244328 0.031354 0.211144 0.583545 0.151015 -0.128503 -0.000615 0.721520 -2.220200 -0.181999 0.495024 0.563759 0.076301 0.523203 0.023629 0.131420 0.323598 -0.022668 0.639271 0.373821 
263.631683 -21.860334 -7.076698 0.588194 7.929322 1.129681 0.849458 1.058006 0.811396 -1.173201 -0.932605 -0.181374 0.541295 -5.311913 -0.656459 1.359522 1.300275 1.065723 0.457348 0.011710 0.143429 0.595139 0.129280 0.453865 0.525516 -7.968723 2.091425 -0.112361 -2.007671 -0.065101 -0.050073 -0.242484 -0.282839 0.264913 0.054197 0.044522 -0.774224 
234.790237 -30.514939 -6.997596 1.607265 7.344869 1.597430 0.686997 1.005775 0.952339 -0.197264 -0.462580 0.183486 0.489275 -14.732423 2.407949 0.566279 -1.433863 1.114127 -0.068792 -0.273824 0.017866 0.680840 -0.020109 0.088430 -0.826929 0.147396 -0.092870 -1.539562 -2.549599 -0.061018 0.204944 -0.200688 -0.319585 -0.361656 -0.178933 -0.116466 -0.289308 
237.548065 -51.325179 -2.260801 1.720752 5.061597 3.357935 0.711874 0.510358 0.847128 0.188480 -0.972823 -0.004514 -1.112563 -5.017120 -0.842199 -1.719602 -3.798923 0.943687 0.867235 -0.389665 -0.495741 -0.128172 -0.228585 0.220932 -0.053101 12.399462 -3.764496 -1.312726 -0.507299 -1.529879 -0.161835 0.135786 -0.433044 -0.151330 0.726713 0.139176 0.673994 
256.255524 -40.549180 -8.681993 -1.831939 -0.252976 3.484805 2.421468 0.226445 -0.039144 -0.453609 -0.919751 0.625350 0.383074 10.066502 -5.121043 -2.059174 -2.448461 -1.945632 -0.392463 -0.002252 -0.848222 0.378180 1.433316 0.366781 0.521058 6.046199 -0.258505 0.048005 1.238008 -2.166849 -1.287701 0.172780 -0.211853 0.278614 0.820109 -0.080536 -0.210278 
0.000000 -31.192175 -12.502887 -2.397596 0.164674 -0.533329 -0.073052 0.505854 -0.849317 0.944841 1.893810 0.729047 -0.070446 7.075279 -1.359209 -1.623593 -1.322907 -3.390010 -1.708167 -0.044105 -0.919448 0.429056 1.411633 0.059860 -0.473656 -3.279349 5.073884 0.891565 0.366986 0.628915 0.327825 0.106823 0.593331 -0.341364 -0.804111 -0.306083 -0.263493 
0.000000 -26.398623 -11.400411 -5.079124 -2.898790 -3.295216 -0.994866 0.138235 -1.878039 0.404503 1.903516 0.745070 -0.564239 3.507804 5.026725 -0.276044 -1.714489 -0.687802 0.263186 0.211394 0.338439 -0.304547 -0.174905 -0.245386 -0.005927 -0.722634 4.267898 0.745297 0.636750 2.304106 0.840622 0.262075 1.066528 -0.545450 -0.685838 -0.287846 0.499513 
0.000000 -24.176567 -2.449437 -2.949683 -3.264304 -1.908932 0.453320 0.928641 -0.172438 0.335747 1.544000 0.238275 -0.082300 5.630010 7.176587 -0.132998 -0.049407 1.218202 -0.026923 0.480045 1.213607 -0.661844 0.039958 -0.515833 0.525369 1.215467 -1.467814 -0.316393 1.137155 0.455293 -0.869529 -0.111928 0.154606 0.014008 0.345012 -0.060001 0.011350 
371.319794 -15.138603 2.952762 -5.345120 -2.997603 -0.858811 -1.048713 1.098326 0.549175 -0.919184 1.983432 -0.286596 0.486499 5.938737 2.091098 -0.908829 0.559820 0.222785 -1.475872 -0.012463 0.647650 -0.276532 0.515118 -0.365388 0.016774 -2.263621 -4.143782 0.434738 0.562591 -0.558850 -0.315375 -0.460605 -0.742852 0.613522 -0.183821 0.284369 -0.641841 
373.904572 -12.299093 1.732758 -4.767341 -2.144663 -1.463362 -2.498423 0.903715 1.122863 -0.217317 2.574237 -0.492501 -0.048752 1.102768 -1.110977 0.736479 1.075775 0.100502 -0.657674 -0.441165 -0.272097 0.565201 -0.327685 0.052905 -0.758313 -3.676839 -1.507515 0.537370 0.156277 0.004948 0.768745 -0.411220 -0.816250 0.286859 -0.774679 -0.048588 -0.089119 
366.589661 -12.933066 0.730809 -3.872163 -0.846054 -0.657807 -2.364060 0.215996 0.004982 0.211218 1.328063 -0.180787 -1.030127 -1.414941 -0.923932 0.165911 0.872375 0.232682 0.061618 -0.834903 -0.984850 0.297186 -1.034240 -0.462564 -0.161465 -1.913065 0.375935 -0.231762 0.151849 -0.398250 0.231648 -0.122283 0.087043 -0.624015 0.029591 -0.416902 0.412977 
343.281097 -15.128975 -0.115105 -4.435519 -0.399914 -0.997999 -2.375187 -0.766091 -0.846837 0.377055 0.505757 -1.417629 -0.371682 -2.723362 -0.359107 0.272954 1.379472 -0.695998 -0.194378 -0.685730 -0.098010 -0.682830 -0.268502 -0.780899 0.067642 -1.518570 1.029928 0.264627 0.466032 0.073558 0.000770 0.397100 0.811033 -0.416923 0.590296 0.050447 -0.055159 
320.774017 -18.379791 0.012594 -3.326254 1.912891 -2.049803 -2.752815 -1.155463 -0.191037 -1.154442 0.791060 -1.742584 -0.894843 -4.452081 1.135925 0.695164 1.804439 0.379798 0.063157 -0.040704 0.637215 -0.536660 0.146351 -0.361670 -0.271783 -4.008835 2.221199 0.095259 -0.945864 1.164262 0.336312 0.419619 0.227207 0.559484 0.117892 0.239655 -0.215538 
299.782684 -24.033138 2.156744 -3.045191 3.208965 -0.238404 -2.248872 -0.847498 0.427593 -0.696265 0.798460 -2.140969 -0.915247 -10.741033 4.083291 0.463472 -0.512256 1.632527 0.478247 0.153509 0.356404 0.436138 -0.032718 -0.301588 -0.363435 -1.601523 0.506992 -0.117065 -0.633888 -0.679772 0.030263 0.319102 -0.254611 0.454982 -0.683655 0.270893 -0.187294 
290.882416 -39.861858 8.179176 -2.399311 0.888379 1.215251 -1.796321 -0.848446 0.521772 -0.282166 0.725624 -2.345760 -1.621712 -7.655127 2.149909 0.461034 0.536663 -0.979747 0.123683 0.597500 0.127994 0.373303 -1.220959 0.180115 -0.646371 8.523482 -4.042901 -0.562803 2.294690 -2.441203 -0.202665 -0.273742 0.487348 -0.395368 -0.704409 0.413935 0.489698 
295.499146 -39.343392 6.456562 -2.123123 4.282291 -2.197897 -2.001506 0.347502 0.683581 0.050342 -1.643459 -1.780738 -2.207989 6.305931 -4.002510 -0.662133 4.077124 -3.249878 0.072918 -0.393976 1.331101 -0.354598 -1.441536 0.526281 0.615962 8.245148 -2.775094 -1.058410 0.647202 -0.056300 0.507226 -1.018088 0.209116 -0.439659 1.037788 0.085237 0.956007 
307.590576 -27.249995 0.174156 -3.723578 9.042628 -5.284506 -1.650486 -1.636398 3.183974 -0.991361 -2.157448 -1.293197 -0.389788 8.835169 -3.400280 -1.655786 1.831066 -1.092347 1.138134 -1.438677 0.546226 -0.506015 0.854616 0.350589 1.265643 -0.223955 2.036285 -0.093407 -3.199444 2.125918 0.272005 0.063682 -1.712650 0.213628 1.355287 -0.320499 -0.274194 
320.474335 -21.673053 -0.343997 -5.434695 7.944422 -4.382592 0.274762 -2.529852 1.776033 -0.961689 0.065773 -1.079561 0.323297 5.858022 0.070060 -0.848948 -2.321763 1.001958 0.616928 -0.266611 -2.094198 0.072658 1.269038 -0.114718 0.067573 -2.691919 1.980433 1.326444 -3.210959 0.694129 -0.724600 1.072900 -1.048053 0.162179 -0.236802 -0.141155 -0.704304 
330.036530 -15.533952 0.314275 -5.421473 4.399102 -3.280590 -0.416629 -2.169621 -1.004423 -0.846044 0.380628 -1.522633 -0.254642 3.451331 0.560587 0.997102 -4.590852 0.295910 -0.311065 0.707124 -1.549880 -0.181658 0.381012 0.068278 -0.142965 -3.067032 0.655779 1.285800 -0.371495 -1.363857 -0.698157 0.457361 1.022877 -0.343051 -0.684125 0.420746 -0.031216 
323.748718 -14.770392 0.777176 -3.440491 -1.237281 -3.790772 -0.347368 -1.115604 -1.323726 -1.325004 0.827796 -0.943005 0.037366 -0.276042 1.381618 1.722652 -3.064753 -1.725757 -0.779385 0.648111 -0.048444 -0.613443 -0.099212 0.726775 0.005141 -2.054576 0.294791 -0.132470 2.172145 -0.883288 -0.251475 -0.293011 0.830544 -0.096153 -0.351904 0.184341 0.001051 
309.764923 -16.086036 3.077512 -1.976168 -1.730404 -6.732104 -1.975399 -0.873399 -1.101310 -2.072929 0.182205 -0.069083 -0.244360 -0.657822 1.150168 0.732162 -0.246562 -1.470666 -0.814015 0.121102 0.111208 -0.373963 -0.322795 0.436961 -0.140863 -0.190890 -0.115725 -0.495245 1.409096 0.127545 -0.017315 -0.263504 0.079826 0.119740 -0.111792 -0.144907 -0.073002 
