181.173843 -18.465704 2.835432 1.338612 -2.443900 -1.324025 -0.541211 -0.060135 -0.523515 -2.278399 0.049463 -0.491654 0.656858 -0.440727 -0.419562 -0.223944 -0.161091 0.225543 -0.073536 0.078775 -0.075047 0.223037 0.193092 0.158350 0.053792 -0.352051 0.084175 -0.371147 0.162050 0.012092 0.156094 0.070441 -0.073551 0.040284 0.118783 -0.049607 0.098667 
182.296387 -19.347158 1.996308 0.890724 -2.766081 -0.872940 -0.688283 0.097416 -0.673609 -1.832324 0.435647 -0.174954 0.764442 -1.144830 -0.251213 -0.966238 0.163008 0.249727 0.238652 0.219658 -0.222149 0.303606 0.430657 0.059137 0.251127 -0.454075 0.494287 -0.390768 0.242604 0.136258 0.123574 0.191827 -0.106185 -0.062875 0.182062 -0.308219 0.198131 
182.581772 -20.755364 2.333006 -0.593864 -2.117883 -0.824571 -0.063907 0.379180 -0.967813 -1.671186 0.910778 -0.373381 1.159111 -1.348877 0.569012 -1.005480 0.324117 0.498058 0.173612 0.462429 -0.287418 0.097287 0.557217 -0.458088 0.450055 -1.571106 0.365929 0.794116 0.008830 0.366991 -0.298253 0.266333 0.104225 0.099542 -0.148808 -0.264786 -0.058550 
180.059326 -22.044912 3.134332 -1.120237 -2.117848 0.123176 -0.341058 1.022273 -1.248446 -1.637751 1.550080 -1.091130 1.664551 -4.287041 0.480646 0.621994 0.180669 0.983709 -0.357853 0.752324 -0.013698 0.502691 0.133040 -0.470435 0.134026 -2.729806 -0.639555 1.058902 -0.060877 0.103511 -0.110275 -0.063859 0.572749 0.897057 -0.365738 0.404212 -0.299722 
179.603546 -29.329446 3.294297 0.650124 -1.756546 1.142847 -0.779614 1.883829 -0.995208 -0.665805 1.176859 -1.314251 1.427164 -6.808489 -0.710097 1.112324 0.202362 0.705080 -0.046938 0.334711 0.858080 1.891400 -0.174259 0.350336 -0.149388 1.623428 -1.555282 -0.459563 0.301572 -1.041055 0.704745 -0.893358 0.407049 0.605391 0.181242 0.752436 -0.607472 
197.132874 -35.661889 1.714137 1.104411 -1.713123 1.533336 -0.434934 1.691694 0.467715 2.145050 1.201562 -0.390458 1.365774 -1.040186 -2.629918 -0.297132 0.783813 -1.098400 1.051636 -1.034393 0.800401 1.713473 0.495524 1.034437 -1.080918 2.419973 -1.136059 -1.351253 0.211699 -1.492145 -0.133547 -0.800806 -0.494627 -0.835424 0.262728 -0.080916 -0.382673 
208.351288 -31.409818 -1.965539 0.055859 -0.188919 -1.053954 1.323659 -0.184956 0.605594 2.761141 2.167906 0.754623 -0.734673 -1.968543 -2.982214 -1.590183 0.625759 -2.279210 -0.314032 -1.266901 -0.131174 0.220553 0.351196 0.188504 -0.914735 -5.532720 0.567074 -0.811901 -0.054724 -0.273878 -1.400870 0.064433 -0.559329 -1.109336 -0.848225 -0.875303 0.675421 
211.385590 -39.598975 -4.250291 -2.075954 -0.461605 -3.025085 -1.062998 -0.842107 0.205367 2.586156 1.903955 -0.013451 -0.463696 -12.105626 -1.495770 -1.920934 0.674365 -1.646156 -1.750104 -0.905527 -0.318256 -0.505199 -1.200927 -0.716169 0.269923 -8.351147 0.514676 1.081870 -0.305395 1.680898 0.264071 0.873298 -0.074483 -0.811510 -0.795903 -0.087480 0.497563 
0.000000 -55.621070 -4.957078 -3.786009 1.159812 -4.346266 -2.176549 -1.996009 -0.030919 1.750743 -0.233949 -0.677716 -0.194826 -18.670836 -1.952862 0.573558 0.014970 1.082586 0.214110 0.479694 -0.280140 -1.402467 -1.240609 0.013545 0.080391 11.814485 -1.378230 1.061076 -0.948929 1.127102 0.903620 0.671375 0.044050 -0.014700 0.939279 0.703243 -0.113868 
56.565681 -76.940646 -8.156015 -0.928838 -0.431665 -0.859913 -0.634778 0.117281 -0.354912 -0.218778 -0.577264 0.013639 -0.302914 11.523344 -4.252230 0.201219 -1.223492 0.608049 0.057135 0.437224 -0.230157 -0.534599 0.677632 0.690317 0.042188 19.783103 -0.502301 -0.825499 -0.778242 -1.572047 -0.674402 -0.794878 -0.005982 0.834763 1.099144 0.170968 0.191717 
0.000000 -32.574381 -13.461539 -3.383571 -1.287172 -3.130169 -2.062279 -1.121562 -0.491232 0.681546 1.121315 0.702918 -0.110450 20.895370 -2.957463 -1.077441 -1.541514 -2.061509 -1.134694 -1.110062 -0.292104 0.267060 0.957679 0.355481 0.463825 -7.510498 4.182707 1.197473 0.367575 -0.827681 0.119270 0.503007 0.556879 0.156598 -0.218908 -0.388830 -0.216327 
0.000000 -35.149906 -14.070942 -3.083720 -3.514694 -4.982930 -2.904165 -2.102842 -0.939120 0.315342 1.338094 0.724602 0.624735 -3.497652 4.113184 2.596164 -0.488342 -1.047314 0.295676 1.443237 0.883602 -0.221402 0.239815 -0.087343 -0.390467 -7.520724 5.119100 1.327360 1.577647 1.473677 1.503189 1.709094 -0.147749 -0.980237 -0.866748 -0.708870 -0.712579 
328.544434 -39.569685 -5.235171 1.808758 -2.263856 -5.224797 -1.470927 1.764911 1.275971 0.238742 1.600946 0.528231 -0.891383 5.853921 7.280736 1.577278 1.613779 0.885846 1.871684 2.308126 -0.587602 -1.693414 -0.775817 -1.062258 -0.961334 5.027811 0.011804 -1.626292 0.658570 0.820392 0.375815 -0.543478 -0.953487 -0.192547 -0.576358 -0.498108 0.228284 
0.000000 -23.442064 0.490531 0.070836 -0.287136 -3.211238 0.839203 2.513410 -2.114323 -3.071487 -0.213540 -1.399914 -1.297932 6.557971 4.136792 -0.656421 0.828797 0.593470 1.047306 0.356280 -1.023372 -0.606496 -0.912900 -1.083559 0.066101 -4.171252 -2.616726 -1.011468 -1.449656 -0.049927 -1.044563 -1.497844 1.227652 2.112553 0.762433 0.872507 1.011953 
311.133179 -26.453744 3.038414 0.495916 -0.606262 -4.037857 0.623685 2.477472 -0.770773 -0.974251 -0.224854 -1.638887 -0.759181 -2.488584 2.047284 -0.445658 -1.285532 0.785992 -0.217441 -0.687562 1.867702 2.531692 0.749048 0.682756 1.062572 -1.243137 -1.574516 -0.123217 -0.819851 0.231949 -0.636971 -0.520262 0.355191 0.347092 0.326976 0.786749 0.273555 
328.250427 -28.419231 4.585098 -0.820479 -2.858201 -1.639255 0.404321 1.138285 1.621080 1.991897 1.284556 -0.034402 0.827213 4.071696 0.987760 -0.902854 -0.810906 1.057368 -0.226637 -0.684243 -0.312991 0.087688 -0.258949 0.489939 0.613212 4.377033 -0.558635 -0.324232 1.185613 0.111585 0.235166 0.173073 -1.902893 -2.044372 -0.421404 -0.287831 -0.836262 
341.488739 -18.310352 5.013934 -1.309791 -2.228074 -1.923122 0.170411 1.108987 -1.396755 -0.798874 -0.742752 -0.659009 0.467242 6.265482 0.930013 -1.094121 1.085694 1.009161 0.252892 -0.341415 -1.938084 -1.557052 -0.093759 0.107093 -0.609951 -1.830101 -3.288081 0.285415 1.678225 0.374415 0.331108 0.536430 0.184208 0.080015 0.492554 0.117395 -0.146218 
352.687103 -15.888268 6.445124 -3.008721 -0.686812 0.379068 0.910104 0.455454 -2.255087 -1.122207 1.097039 0.179784 -0.392690 0.411494 -5.588401 -0.332024 2.545544 1.806198 0.435578 0.388617 0.055426 0.247718 0.726158 0.724729 0.320775 -4.432342 -4.841360 0.624763 0.387436 -0.488837 -0.660583 0.369070 1.297437 0.969870 -0.170619 -0.024821 0.495882 
374.878143 -17.487364 -6.162869 -1.973839 2.863014 1.689274 1.041568 1.886220 -1.285904 -0.303438 0.709565 0.790449 1.108792 -2.599203 -8.752706 0.155405 1.860565 0.031487 -1.068275 0.396724 0.656790 0.382688 -0.434996 0.057452 0.381813 -2.357001 0.363293 -0.647092 -1.450808 -0.763579 -0.562589 -0.263768 0.252669 -0.159114 -0.404851 -0.497635 -0.339698 
0.000000 -21.086673 -11.060289 -2.697911 3.034318 0.442042 -1.226446 1.248902 -0.941507 -0.356830 0.227046 0.294688 0.370936 -4.302508 -4.861816 -1.626207 -0.356071 0.279040 -0.689601 -0.138920 0.560764 -0.070509 -0.083543 -0.270541 -0.358621 0.722444 3.983258 -0.136608 -0.923724 0.828674 1.127822 0.086815 -0.050225 -0.069620 0.213102 -0.152777 -0.264867 
0.000000 -26.092380 -15.886500 -5.226253 2.150871 2.247355 -0.337633 1.608381 -0.164375 -0.444456 0.542479 0.249367 0.391549 -1.154314 -0.786190 -0.117810 0.013118 1.688834 1.187369 0.570353 0.556341 0.243448 -0.008793 -0.248102 -0.147921 3.672547 6.433962 2.649316 -0.241191 -0.510699 0.482909 0.261973 -0.029480 0.384436 0.038119 0.314281 0.181832 
0.000000 -23.395302 -12.632670 -2.933532 3.060555 3.819711 1.148292 2.389608 0.171176 0.130065 0.209461 -0.201517 0.075094 3.042587 8.006109 3.672425 -0.838454 -0.742358 0.276218 0.385026 0.501803 0.698364 -0.007304 0.358020 0.005042 2.223781 4.075263 1.216997 -0.811592 -2.225316 -1.426032 -0.283146 -0.449750 -0.020695 0.195323 -0.077223 0.302937 
0.000000 -20.007206 0.125718 2.118596 0.473964 0.762639 0.214804 2.378432 0.839232 0.952271 0.527871 0.965407 0.401633 3.293248 7.364336 2.316183 -1.610066 -2.761797 -1.664695 0.004062 -0.343159 0.202059 0.381852 -0.402549 0.457954 -0.434325 -3.707306 -2.001992 0.040763 -0.859699 -0.851706 -0.483888 -0.977703 -0.906366 -0.278315 -1.051891 -0.141263 
384.837036 -16.808807 2.096002 1.698833 -0.159577 -1.703884 -2.181098 2.397732 -0.515141 0.534182 0.973166 -1.006615 0.991001 2.173936 0.591497 -0.331559 -0.756927 -2.461756 -1.427193 -0.582751 -1.453603 -1.114369 -0.563934 -1.745763 -0.277484 -1.006983 -4.205454 -1.624578 0.391913 0.818906 1.148731 -0.210346 -0.031521 -0.477749 -0.629849 -0.178292 -0.637745 
339.556671 -15.659334 1.308712 1.455478 -1.039889 -4.160873 -2.639582 1.212931 -2.067975 -1.276467 -0.599997 -2.526120 -0.153334 1.279281 -1.046573 -0.932974 -0.826239 -1.123986 0.632767 -0.416631 -0.406200 -0.753439 -0.877846 -0.759133 -0.817536 -0.690347 -0.472201 -0.380122 0.200512 1.612932 1.697786 0.251535 0.789851 0.571431 0.448167 1.505557 0.338891 
317.665222 -14.250246 0.002856 -0.167115 -1.812056 -3.951855 -0.915565 1.564470 -1.327542 -0.972695 -0.782526 -2.524881 -0.644071 0.793242 -0.352905 -1.091804 -0.355902 0.764109 1.968378 -0.079681 0.126100 0.028493 0.332400 1.265351 0.400299 -2.706047 0.588271 0.497516 0.712515 1.800258 0.492979 0.048476 0.468091 0.390729 0.645080 1.223715 0.636993 
285.532959 -14.072849 0.602902 -0.728130 -1.751694 -2.632656 1.297174 1.053570 -1.815776 -1.219480 0.064803 0.004582 0.647263 -4.132814 0.129970 0.062058 0.598791 2.476530 1.618724 -0.319680 0.529981 0.028019 0.412315 1.688298 0.456449 -3.343569 0.394606 0.811362 0.396534 1.287764 -0.817232 -0.160165 0.501652 0.187053 0.103530 -0.533523 -0.392149 
253.263824 -22.515874 0.262795 -0.042999 -0.614475 1.001205 2.321884 0.925111 -0.267579 -0.916656 0.042105 0.851714 0.268827 -5.893896 0.436306 0.530919 0.437166 3.339637 0.333915 -0.400010 1.129404 0.402599 0.539460 0.198305 -0.383999 1.732324 0.124872 -0.098617 -0.336524 -0.828355 -0.750594 0.290954 -0.216144 -0.099029 0.006723 -0.928404 -0.201154 
218.487991 -25.860641 1.475515 0.333709 -0.877362 4.046619 1.965004 0.253549 0.443032 -0.414281 1.143723 0.401192 -0.120734 -0.668167 0.379714 -0.135176 -0.074257 0.819820 0.117536 0.262229 0.097694 -0.170039 0.425762 -0.168510 0.054141 5.916629 -0.252294 -0.488516 -0.214952 -2.920631 -0.390075 0.047289 -1.231481 -0.554133 -0.274370 -0.121806 0.385915 
205.180893 -23.852208 1.022222 -0.313351 -0.762990 2.640845 2.556955 1.449570 -0.072191 -1.256734 0.893629 0.514695 0.377110 5.939362 -0.068282 -0.446113 0.007262 -2.501625 -0.446235 -0.305433 -1.333558 -0.705666 -0.009280 -0.045306 0.387831 2.844298 -0.208131 -0.203406 -0.093302 -1.572654 -0.354479 -0.479689 -0.503515 -0.212123 -0.148778 -0.046123 0.073024 
197.336578 -13.981917 1.338952 -0.558516 -0.862838 -0.956632 1.072533 -0.357316 -2.224083 -1.825614 1.125163 0.310579 0.654928 5.020429 -0.036549 -0.541989 -0.260862 -2.325488 -0.591423 -0.697149 -0.909336 -0.594286 0.128205 -0.260756 0.200189 -3.141863 0.022620 0.077779 -0.240517 0.782095 0.169647 0.259041 0.943778 0.184523 0.081519 -0.185832 -0.174720 
190.577072 -13.811350 0.949124 -1.397329 -1.284713 -2.010131 1.374110 0.055271 -1.890863 -2.445305 1.150040 -0.006817 0.777489 -0.344365 -0.023041 -0.290554 -0.473773 -0.937435 -0.106941 0.212649 0.553998 -0.336620 0.153757 -0.416970 0.038391 -3.495193 0.431278 1.116871 0.399095 0.656264 -0.061158 0.429656 0.840234 0.364451 -0.280285 -0.142520 -0.241350 
181.108215 -14.670646 1.292869 -1.139623 -1.810385 -2.831501 0.858650 0.067981 -1.116086 -2.498854 1.432678 -0.523360 0.731710 -1.969957 0.826007 1.691754 0.537329 -1.012960 -0.713739 0.162163 0.771132 0.134617 -0.432364 -0.545796 -0.282511 -2.196007 0.480068 1.830511 1.361042 0.293348 -0.408239 0.163323 -0.200488 0.637603 -0.264412 -0.130860 -0.217401 
181.919678 -17.751265 2.601137 1.986179 -0.210055 -4.036051 -0.053368 0.379596 -0.348600 -2.176071 0.285312 -1.098410 0.212467 -4.736380 0.937094 3.370469 2.248310 -0.350739 -0.923420 0.539294 0.153022 0.938587 -0.375066 -0.678691 -0.396411 -1.832557 0.059725 0.693338 0.759385 0.551677 0.009167 0.212910 -0.446635 0.453767 0.298972 0.230911 -0.116623 
184.498154 -24.143405 3.167058 5.601314 2.686235 -3.532980 -0.988190 1.146569 -0.810043 -0.621680 0.682547 -1.880742 -0.061112 -5.635071 0.945456 3.078429 2.056098 0.090394 -0.695405 0.587983 -0.122139 1.042150 0.165581 -0.083975 -0.515757 2.251678 -0.426073 -1.196071 -0.482953 -0.173760 -0.103258 -0.111201 0.094980 -0.256419 -0.036822 0.727017 -0.014563 
189.618423 -29.021406 4.492050 8.143038 3.902141 -3.855263 -1.444178 1.555563 -0.592878 -0.091771 0.616474 -1.266361 -0.819047 -0.233024 0.084948 0.978327 1.282404 -0.698259 -1.129936 0.316892 0.342981 0.425750 -0.448709 0.775344 -0.425537 4.549433 -0.618748 -2.614606 -1.347445 -0.100535 0.075546 0.089669 0.008061 -0.655597 -0.969240 -0.013114 0.478924 
197.596344 -24.609454 3.336954 7.557968 5.251043 -4.929499 -3.248062 1.780354 -0.124080 0.229819 -0.214872 -0.330055 -0.912187 3.463794 -0.292040 -2.150782 -0.638792 -0.110676 -0.544314 0.767320 -0.106018 -0.269044 -1.772898 -0.110203 0.442091 1.217547 -0.125640 -2.179193 -1.419200 1.158433 1.225492 -0.129066 -0.806390 -0.598722 -0.433283 -0.351987 0.540369 
201.987015 -22.093817 3.907971 3.841473 2.624557 -4.076615 -2.532805 3.090204 -0.804915 -0.629859 -2.929322 -1.486766 0.065136 2.202071 -0.166333 -3.380059 -1.555996 1.618607 1.321048 0.058761 -1.269798 -0.771694 -1.315274 0.071369 0.655201 -1.787959 -0.397935 0.137162 0.405912 1.608081 0.983304 -0.928220 -0.555457 -0.001265 1.452312 0.644909 -0.481630 
206.287399 -20.205313 3.004289 0.797851 2.139052 -1.692285 -0.605967 1.897876 -2.663676 -1.313570 -2.845420 -0.187316 0.398216 -0.112123 -1.087909 -1.876458 0.173032 3.105486 1.422293 -1.089120 -1.216932 -0.271575 1.131725 1.179616 -0.521169 -4.649600 -0.715481 1.422884 0.799920 0.113063 -0.426797 -0.232163 1.018761 0.462508 1.285686 0.302711 -0.860292 
208.685883 -22.318063 1.732153 0.088557 2.970622 2.134358 0.311782 0.911963 -3.238778 -1.173008 -0.665871 0.872466 -0.977202 -7.097130 -1.597295 -0.534291 0.043844 1.844733 0.467454 -0.405566 0.767723 0.153322 1.256099 0.676792 -1.065384 -5.534825 -0.748169 0.534414 -0.401120 -2.200971 -0.187059 0.639265 1.315465 0.440299 -0.540771 -0.389745 0.271626 
204.130768 -34.399572 -0.190302 -0.270731 2.226739 1.997182 0.328942 1.086745 -1.128230 -1.006926 -0.333223 1.166268 -1.732552 -11.181772 -2.584247 -0.807630 -0.629209 -1.296455 1.048175 0.189410 1.413998 0.609023 0.050183 0.400127 0.022084 1.458165 -1.421397 -0.622469 -0.189546 -0.957608 0.010801 0.328703 -0.098193 0.044929 -0.723053 -0.549969 1.202508 
218.185760 -44.681606 -3.436341 -1.526702 1.712204 -0.458551 2.408131 1.290783 -0.410782 0.045037 -0.565505 1.672719 -0.933035 -4.180800 -4.440089 -1.779230 -0.335249 -0.070483 0.489056 0.251841 0.571337 0.243181 -0.190007 -0.423146 1.339632 10.964725 -0.710730 0.175751 1.110669 1.464228 -0.987757 -0.069930 -0.796167 -0.313548 -0.161995 -0.726269 0.115671 
378.948090 -42.761173 -9.070479 -3.829190 1.556241 1.856216 1.307054 1.590427 0.014444 -0.520565 -0.713237 0.319976 0.946712 10.747678 -4.005707 -0.456127 1.592129 1.632000 -0.927340 0.049549 -0.178337 -0.018074 -0.273806 -1.052412 0.253427 7.367332 1.463706 1.812456 1.237517 -0.228410 -0.667383 -0.290997 -0.484268 0.166890 0.106988 -0.163639 -1.299645 
307.316711 -23.186249 -11.447754 -2.438956 4.896462 2.805449 0.553451 1.389881 -0.767456 0.008889 -1.113118 -0.432105 -0.426182 10.553864 -1.512677 1.845681 2.139784 -0.527303 -0.845710 -0.330152 -0.397199 0.576962 0.023968 -0.750423 -1.259659 -5.169499 1.483279 0.867741 -0.524950 -1.412873 0.362848 -0.065029 0.092553 0.132784 0.296145 0.296646 -0.441691 
296.412994 -21.653445 -12.095833 -0.137828 5.835810 0.801610 -0.384367 0.930122 -0.779954 0.633359 -0.665301 -1.180870 -1.572605 0.408680 -1.039149 1.279356 0.542229 -1.193745 -0.201644 -0.080509 0.006770 0.247493 0.318484 -0.459120 -0.629956 -5.248641 0.410052 -0.853608 -0.924212 0.133061 0.519961 0.067474 0.251025 -0.478830 -0.158493 0.327454 0.571779 
291.436584 -22.368889 -13.526053 0.119755 5.980921 0.417960 0.150163 1.228864 -0.753917 0.503876 -0.476150 -1.350344 -1.686094 0.056582 -0.692572 0.138465 0.291360 -0.261182 0.194212 -0.195204 0.104852 -0.380699 -0.293018 -0.095515 -0.116100 0.338926 0.758195 -0.527726 -0.096794 0.654707 0.182206 -0.234188 -0.078365 -0.398914 -0.658454 0.380005 0.468489 
292.688995 -21.540281 -13.480978 0.139103 6.418529 0.279246 0.004056 0.539715 -0.570250 -0.128040 -1.251338 -1.371901 -1.804805 1.086532 0.477241 0.223904 0.348642 0.115669 0.162767 -0.548884 -0.149960 -0.550335 -0.998424 0.300891 0.307023 0.603694 1.067131 -0.225123 -0.310584 0.444977 -0.131795 0.099871 -0.174570 -0.102098 -0.048322 0.156824 0.244549 
297.243927 -20.195825 -12.571571 0.567563 6.678204 0.649298 0.475697 0.131096 -1.053837 -0.596794 -2.472998 -0.748563 -1.072049 1.263970 1.441689 -0.311780 -0.329808 0.628773 -0.069378 0.004537 -0.244287 -0.584896 -0.389663 0.218133 0.372999 -0.786976 1.336775 -0.473277 -0.731878 0.242922 -0.275194 0.367845 0.102117 0.273303 0.770479 -0.151385 -0.158843 
306.717682 -19.012341 -10.597599 -0.484456 5.758914 1.536793 -0.134699 0.548789 -1.058825 -1.297831 -2.030663 -0.935635 -1.058808 -0.487420 3.150790 -0.722651 -1.115115 0.601512 -0.387621 0.186805 0.054274 -0.003729 0.542535 -0.001879 -0.010664 -4.228246 0.724609 0.767719 -0.568502 0.014520 0.277551 0.061858 0.058964 0.352321 0.495027 0.045068 -0.017047 
310.882782 -21.170666 -6.269992 -0.877739 4.447974 1.852323 -0.299545 0.504707 -0.945289 -0.604252 -1.387928 -0.752322 -1.093377 -7.192521 2.890907 1.223659 -1.466812 0.657813 0.485725 0.128254 -0.126359 0.119747 0.600391 0.308269 0.338904 -3.774018 -3.317041 0.053692 -0.421209 -0.012559 0.750795 0.346369 0.199838 0.277801 0.196226 0.156299 0.312480 
314.891388 -33.397383 -4.815786 1.962862 2.825289 2.852419 0.836752 0.805298 -1.311543 -1.058338 -0.829881 -0.319098 -0.381000 -8.035457 -3.483292 -0.615267 -1.957532 0.576395 1.113968 0.879543 0.453950 0.551873 0.934986 0.310719 0.614297 4.047180 -3.212504 -1.635969 -0.034959 -0.584503 0.338955 0.319725 0.602583 0.448967 -0.270448 -0.137128 -0.307258 
340.425751 -37.241580 -13.236576 -2.108272 0.532909 3.005113 1.928391 2.263794 -0.037388 0.499495 0.482044 -0.130883 0.135216 0.901838 -3.534101 -2.048278 -1.536729 -0.511192 1.163635 0.767704 1.078807 1.017681 0.059494 0.034012 -0.275612 7.832315 5.027177 0.378538 1.006183 -0.390845 -0.431546 -0.795982 -0.789473 -0.857222 -0.652497 -0.122454 -0.835805 
0.000000 -31.593707 -11.883989 -2.133695 -0.248169 1.830034 3.164022 2.340706 0.846071 0.977024 -0.710892 -0.251073 -0.932225 7.629174 6.571063 0.141809 0.054834 -0.205294 0.250876 -0.712420 -1.124996 -1.162570 -0.370009 0.065811 -1.057313 1.665916 5.886548 1.265575 1.091734 0.176830 -0.811321 -0.301724 -1.102852 -1.161083 0.113368 -0.144287 0.226825 
324.678741 -21.983232 -0.094451 -1.824655 0.642578 2.594525 2.430144 0.838955 -2.287381 -1.825646 -0.257973 0.000740 -1.979410 4.233669 8.238995 0.482871 0.646739 -0.157531 -0.459007 0.164256 -1.126897 -1.304485 0.286229 -0.254562 0.178037 -3.671045 -1.998600 0.113888 -0.068861 -0.864157 -0.852927 0.637130 0.407666 0.791934 0.074368 -0.462372 1.209775 
277.345490 -23.126368 4.594001 -1.167953 1.045308 1.514971 2.246008 2.669218 -1.407724 -1.631946 -0.138433 -0.760197 -0.576150 0.287084 2.573863 0.369585 -0.082888 -1.933609 -1.454978 0.561841 -0.309664 0.421297 -0.221272 -0.858932 1.362237 -1.264921 -4.063279 -0.838886 -0.329232 -0.941804 -0.720144 -0.646929 0.275827 1.427354 -0.509334 0.124208 0.276244 
244.097366 -21.409064 5.053276 -1.085485 0.476801 -1.272693 -0.479812 1.962636 -2.906710 -0.983052 -0.700518 -1.717124 0.745064 1.703826 0.112436 -1.194900 -0.011725 -2.041140 -1.899295 -1.129602 -0.575243 1.550223 -0.732439 -0.006146 0.730526 0.259439 -1.322585 -1.075962 0.166268 0.428398 0.514455 -0.916564 0.158414 0.569810 -0.207025 0.966788 -0.357075 
223.962692 -19.718715 4.818874 -3.557753 1.021859 -2.567309 -1.552581 0.410014 -2.558210 1.468499 -1.603312 -0.772488 0.884902 0.805963 -0.071306 -1.782339 0.249648 -1.076813 -0.426068 -1.271287 0.007163 1.560916 -0.635323 1.074644 0.648088 -0.800865 -0.276612 0.719764 -0.530983 1.258892 1.671790 0.363555 0.305754 -1.283431 0.464831 0.440459 -0.330272 
219.506851 -19.797139 4.910664 -4.650162 0.976097 -3.426318 -1.331948 -0.579938 -2.892384 2.138780 -1.971163 0.432164 2.041239 0.102097 -0.440789 0.244627 -1.073690 0.476645 1.444286 -0.402491 0.036266 -1.016639 0.197223 0.874773 0.069983 -2.244964 -0.585672 1.715762 -0.573620 1.411961 1.296173 0.543334 0.275435 -1.449814 0.473489 -0.481878 -0.758563 
225.753204 -19.514522 3.937296 -3.068499 -1.125522 -1.614020 1.335991 -0.394968 -2.485679 -0.564779 -1.208865 0.977058 1.024867 -3.683965 -1.242649 1.649184 -0.897591 1.747110 2.166277 -0.184618 0.558034 -1.338712 0.311655 0.110888 -0.869038 -4.796687 -0.268945 -0.134953 0.315333 -0.446693 -0.469912 0.723684 0.555870 0.458933 0.290147 -0.516423 -0.378768 
232.423996 -27.165068 2.425366 -1.351793 -0.819085 0.067902 3.000607 -0.949174 -1.776317 -0.538645 -1.347854 0.653939 0.303162 -9.491277 -0.978678 -0.025279 -0.443024 -0.416741 0.504461 1.044878 1.148007 -0.098773 0.777517 -0.158074 -0.687554 -0.991019 0.509968 -1.266408 0.150675 -1.502406 -1.247062 0.753300 0.117646 0.613436 0.267679 -0.053701 0.271169 
235.139908 -38.497076 1.979940 -3.119056 -2.011570 -2.447502 2.344914 1.694788 -0.189665 -0.762326 0.346169 0.660909 -0.350241 -5.666004 -0.222713 -0.883632 -0.596242 -1.257702 -0.327846 1.321981 0.793326 -0.111841 0.847012 0.003485 -0.326701 1.912637 0.377983 -0.429176 -0.076609 -0.420481 -0.416154 0.138552 -0.177341 -0.006534 0.034747 0.080780 0.180426 
