0.000000 -13.550132 -3.115963 -6.639266 1.209973 0.840692 -2.105892 -3.646962 3.396079 1.278576 1.402405 1.454965 2.577921 0.703654 0.453412 0.896437 0.624047 0.634242 -0.401902 0.070592 -0.714307 -0.775654 -0.546445 -0.960151 -0.678515 0.050564 0.620073 -0.278330 -0.198571 -0.262887 -0.283834 -0.066719 -0.247781 -0.004659 -0.378568 -0.081086 -0.244132 
0.000000 -12.142824 -2.209138 -4.846391 2.458067 2.109176 -2.909696 -3.505778 1.967466 -0.272732 0.309515 -0.465338 1.220890 0.804781 1.693559 0.339778 0.226904 0.108467 -0.969569 -0.062847 -1.209869 -0.784971 -1.303581 -1.122323 -1.166780 -0.291402 -0.265049 -0.850605 -0.878052 -1.029192 -0.270690 -0.271665 0.033844 0.581890 -0.092022 0.502562 0.066340 
0.000000 -11.940570 0.271155 -5.959709 1.663781 1.057626 -4.045030 -3.772656 0.976342 -0.291366 -1.204757 -0.789681 0.244362 0.120851 -0.076685 -0.804772 -1.132058 -1.424143 -0.943282 -0.472737 -0.646618 0.388126 -0.730490 0.044972 -0.545834 -0.428712 -1.422198 -0.477994 -0.696937 -0.377773 0.432838 -0.089776 0.397121 0.666160 0.724646 0.469599 0.477349 
0.000000 -11.901123 -2.362509 -6.455936 0.193951 -0.739110 -4.796261 -4.451252 0.674230 0.503519 -1.151466 -0.375393 0.129221 -0.052643 -1.150837 -0.616210 -1.166970 -0.647079 -0.103894 -0.242399 -0.415628 0.547350 0.145711 -0.183124 -0.212081 -1.168693 1.248112 -0.000316 0.527748 1.001436 0.823478 0.498577 0.154544 -0.197301 0.548250 -0.185759 0.272391 
299.329407 -12.045855 -2.030520 -7.192129 -0.670159 -0.236531 -4.252818 -4.257454 0.145087 0.803334 -0.913335 -1.155929 -0.179801 -2.216534 2.419539 -0.805404 -0.076561 0.578728 0.703674 0.524417 -0.337530 -0.006476 0.366010 -0.326546 -0.001052 -3.246795 1.212519 0.474460 1.119531 1.024225 0.588097 0.810525 0.052619 -0.485467 0.083974 0.310525 0.361420 
296.847534 -16.334192 2.476569 -8.066744 0.040829 0.418346 -3.388913 -3.402419 -0.000831 0.490568 -0.419445 -1.028486 0.127116 -6.546232 1.274200 0.332710 1.072092 1.401371 1.072300 1.378651 -0.310390 -0.423584 0.313660 0.437925 0.510758 -0.942030 -1.565768 0.636408 0.511742 0.357467 -0.004513 0.252330 0.166977 -0.221333 -0.376128 0.451906 -0.150894 
298.136749 -25.138320 0.517881 -6.526708 1.474026 2.566211 -2.108217 -1.500153 -0.475693 -0.043835 -0.286015 -0.280080 0.841715 -4.100594 -0.711998 0.467411 0.946923 1.293663 0.694648 1.029076 -0.003575 -0.449142 -0.386247 0.577266 -0.302840 4.006908 -0.350661 -0.217619 -0.470349 -0.647839 -0.295608 -0.638432 0.158788 0.078997 -0.356476 -0.214992 -0.478632 
295.123413 -24.535380 1.052574 -7.131921 1.934674 3.005672 -1.999618 -1.344267 -0.007982 -0.407715 -1.191938 0.126045 -0.478565 1.467584 0.572878 -0.102528 0.131394 0.105694 0.481085 0.101786 0.007185 -0.265590 -0.399293 0.007941 -0.446507 4.160966 1.401068 -0.842360 -0.429401 -1.103449 -0.948662 -0.653170 -0.150661 0.358862 0.341537 -0.643900 0.213691 
294.923431 -22.203152 1.663637 -6.731765 1.736813 2.777598 -1.146048 -1.296581 -0.461322 -0.575016 -1.084600 -0.264197 -0.051298 4.221337 2.090138 -1.217309 0.088121 -0.913236 -1.202675 -0.277264 -0.304897 0.268582 0.296827 -0.710535 0.124541 1.082264 -0.387561 -0.167436 -0.300389 -0.320331 -1.510815 -0.385778 0.209098 0.059758 0.315975 -0.221919 0.259855 
299.779877 -16.092705 5.232850 -9.566539 2.110916 1.179201 -4.404969 -1.898795 -0.617776 0.129449 -0.598285 -1.295024 -0.229483 3.632111 -0.202245 -0.437400 -0.469384 -0.534968 -2.540546 -0.669769 0.425381 -0.146075 0.232657 -0.435897 0.073204 -1.612866 -2.283780 1.632574 0.003970 0.927453 0.105125 0.089209 0.417352 -0.647519 -0.112880 0.304814 -0.116842 
307.550812 -14.938931 1.259148 -7.606565 0.798045 1.707662 -6.227139 -2.636120 0.389440 -0.867165 -0.619287 -1.135991 0.095110 0.995606 -2.477422 2.047839 0.096061 0.941670 -0.992426 -0.098847 0.529806 -1.026456 0.071067 -0.100906 -0.109142 -1.448274 -1.067401 1.230499 0.946345 0.682008 1.670951 0.862191 0.144744 -0.325102 0.253946 0.102269 0.115296 
0.000000 -14.101494 0.278006 -5.470861 2.303037 3.062540 -6.389820 -2.096490 0.441836 -1.923463 -0.456151 -1.496836 -0.447768 0.735563 -2.337047 2.023599 1.423306 0.829049 0.801356 1.054613 0.714869 -0.796279 0.740548 -0.231359 0.303797 -0.427670 -0.277061 -0.726075 0.297161 -0.401590 1.192619 0.444775 0.339397 0.718366 0.577862 0.316477 0.447918 
0.000000 -13.467805 -3.414946 -3.559368 3.644657 3.365760 -4.624427 -0.526894 1.819178 -2.459723 0.861809 -1.598709 0.702703 0.140266 -3.031545 0.595689 0.690382 0.138490 1.392813 0.790704 1.208600 0.410276 1.226791 0.532047 0.786693 -0.781962 0.939718 -1.105090 -0.660390 -0.172023 -0.037778 -0.608705 0.046156 0.660481 -0.066022 0.373432 0.095064 
388.883514 -13.820962 -5.785083 -4.279482 3.683801 3.339520 -3.604194 -0.515082 2.859037 -1.102911 1.997431 -0.432741 1.125619 -0.828361 -0.457612 -0.186582 0.102526 0.485003 0.725801 -0.162797 0.807182 0.524684 0.608505 0.515505 0.493924 -2.259534 1.205833 1.521562 -0.572724 0.411395 -0.585407 -0.509956 -0.957678 0.113897 -1.086729 -0.168603 -0.540498 
197.345932 -15.124526 -4.330170 -3.932532 3.849708 4.335767 -3.172825 -0.852488 3.433541 -1.410355 2.078818 -0.567700 1.690550 -4.378803 -0.619880 3.638813 -0.455067 0.961279 0.221998 -0.229208 -0.706756 0.638069 -0.946666 0.194842 -0.294303 -4.061811 -2.096526 1.996049 -0.326773 0.029229 -0.617618 0.057662 -0.684336 -0.001160 -0.737561 0.128843 -0.533184 
389.923859 -22.578567 -7.024843 2.998144 2.773668 5.262079 -3.160198 -0.973497 1.445524 0.173227 0.104098 -0.043058 0.537012 -8.951982 -4.650663 3.805516 -0.551020 0.543461 -0.509435 -0.047473 -0.561491 0.522364 -0.866616 0.773190 -0.572443 0.507800 0.131330 -1.970082 -0.528021 -0.489417 0.020973 -0.416061 0.057746 -0.553232 0.238681 -0.248991 -0.074092 
0.000000 -33.028490 -13.631495 3.678500 2.747669 5.422690 -4.191696 -0.947433 2.310560 -0.365627 0.345585 0.978681 0.545663 -3.363204 -0.357220 -0.301351 -1.511109 -0.017554 0.263944 -1.061330 -0.591264 -0.468395 -0.469305 -0.303141 -0.442486 8.638193 6.603616 -3.515958 -0.843257 -0.720011 0.690639 -0.736022 -0.517583 -0.305708 0.177662 -0.902366 0.189695 
0.000000 -29.304974 -7.739282 2.395441 -0.248550 5.226971 -2.632311 -3.096157 0.262995 -0.763563 -0.834511 -0.649339 -0.347960 8.324405 8.556570 -3.226400 -2.237534 -0.896560 0.871843 -1.519517 -1.596657 -0.089052 -0.511293 -1.031542 -0.193054 4.145336 4.313439 -2.020447 -0.230025 -1.277777 -0.322821 0.828693 -0.011387 -0.066704 0.486198 0.190946 0.153771 
337.337006 -16.379681 3.481645 -2.774300 -1.727400 3.629569 -2.448009 -3.986467 -0.882754 -0.543731 -0.677000 -1.084403 0.159555 4.927468 8.269659 -4.342244 -1.971159 -2.573107 -0.381699 0.596056 -0.614038 -0.601802 0.503092 0.078751 -0.134945 -5.698534 -2.692202 1.329643 0.352074 -1.301923 -0.571491 1.797525 0.524428 -0.273008 0.401711 0.471161 0.110477 
313.850342 -19.450038 8.800036 -6.289047 -4.190869 0.080756 -3.395708 -1.904045 -0.965081 -1.967167 0.171673 -0.491838 -0.617849 -3.072663 3.172165 -0.567114 -1.533387 -3.500406 -0.271139 2.075533 -0.547800 -0.635068 0.292129 -0.089220 0.027900 -2.978974 -3.912392 2.914607 1.161179 0.283409 0.932287 0.234308 -0.038923 0.597505 -0.298461 -0.385361 0.127416 
296.650085 -22.525006 9.825976 -3.908528 -4.794174 -3.371243 -2.990288 0.164599 -1.978355 -1.813867 -0.092741 -1.262844 0.215356 -1.030479 0.444876 1.486970 0.351198 -2.006289 1.482874 1.064672 -0.691883 0.593207 -0.093829 -0.691971 0.119887 1.043693 -1.278129 0.011474 1.195735 2.608844 0.935207 -1.457731 0.197390 0.308472 -0.074892 0.147746 -0.278472 
313.718811 -21.510996 9.689787 -3.315108 -3.488472 -3.931822 -0.429959 0.225299 -2.348848 -0.780753 -0.015985 -1.875779 -0.378075 -0.985277 0.615908 -0.544167 0.858083 1.717281 1.599275 -0.839929 -0.153020 -0.018123 0.142346 0.206272 -0.529043 0.406266 -4.090714 -0.006605 -0.015840 2.614013 -0.979826 -1.169574 0.674217 -0.350021 0.053049 0.525256 -0.092180 
332.423370 -24.495561 11.057792 -4.996861 -3.078009 0.063319 0.208261 -1.515259 -2.284394 -1.850114 0.191951 -0.850299 -0.842730 -0.217948 -7.736552 1.473759 0.319517 3.221737 -0.476778 -1.274475 0.656550 -0.106835 0.012269 0.358541 -0.064473 1.646968 -5.178926 0.647879 -0.163662 -0.566374 -1.327684 0.494091 0.289734 -0.128380 -0.290340 -0.185381 0.276220 
321.280823 -21.946892 -5.783317 -0.367589 -2.849437 2.511652 -1.383515 -2.323651 -1.035747 -0.994424 0.008553 -1.158697 -0.507022 2.308659 -9.741943 0.751591 0.530758 0.584533 -1.056093 0.148253 0.426449 -0.274882 -0.438333 -0.164489 0.023398 -0.401234 4.492719 -1.556416 -0.268699 -2.348052 0.209738 1.212070 0.122565 -0.054252 -0.100187 0.030641 0.053451 
0.000000 -19.878244 -8.426095 -3.493679 -2.016492 1.232385 -1.903924 -1.218754 -1.431497 -2.399878 -0.684716 -1.179277 -0.795935 -1.020417 1.248886 -1.639073 -0.217880 -1.474367 -0.057302 1.149665 0.901680 -0.215339 -0.188106 0.419822 0.042429 -3.408374 8.581312 1.583260 -0.236551 -1.089792 0.162634 0.701326 0.438694 0.605578 0.454764 0.090473 0.228925 
65.405472 -23.987725 -3.285544 -3.645734 -3.285197 -0.437082 -1.498118 -0.024321 0.767613 -1.425101 -0.367658 -0.319053 -0.422163 -4.508090 7.420680 3.918112 0.057655 -1.595051 -0.730825 1.550905 1.303837 0.936274 0.471194 0.016457 0.481247 -3.178737 3.564466 3.769325 0.325786 0.111020 -0.257218 -0.102180 -0.454325 0.530518 0.333706 -0.278600 0.172085 
273.707855 -28.894423 6.415265 4.342545 -1.901182 -1.957716 -3.365575 1.883057 1.176176 -0.527329 0.257673 -1.146363 0.166559 -7.377890 8.377818 5.899578 0.433693 -1.252328 -0.571737 0.945306 -0.006970 0.845697 0.479306 -0.137379 0.386599 1.409953 -1.999375 -1.600480 -0.466850 0.625539 0.949028 -0.908270 -0.762512 -0.355785 -0.284214 0.192307 -0.118952 
264.281281 -38.743506 13.470091 8.153422 -2.417811 -2.941737 -2.641592 1.866290 0.753674 0.266292 0.590953 -0.593810 0.351034 -1.688185 3.421931 0.717152 -0.876044 -0.343973 1.167230 -0.265636 -0.221187 0.224705 -0.097234 0.401071 0.243343 7.447437 -4.953862 -5.130546 -0.775866 0.144533 0.678386 -0.589091 -0.383777 -0.604745 -0.206016 0.181498 -0.016462 
249.513626 -32.270792 13.259126 5.776848 -3.653270 -2.645661 -1.031115 1.351785 0.733801 -0.077919 0.063205 -0.344220 0.653244 7.516984 -1.529907 -4.361515 -1.118040 -0.963261 0.785035 -0.232876 -0.774525 -0.363793 0.067273 0.225617 0.353675 4.748814 -3.608376 -3.368916 0.762261 -0.556437 -0.085193 -0.321833 0.185549 -0.327585 0.354562 0.023022 -0.307333 
261.609802 -23.709538 10.410277 -0.569607 -4.653891 -4.868260 -1.071522 1.400538 -0.795375 -0.461293 0.725499 -0.142576 1.058385 7.809444 -3.794821 -6.020681 0.648478 -1.456846 0.996845 -0.909302 0.149910 -0.430464 0.611890 0.447115 -0.371323 -1.203866 -1.218871 0.337867 1.365081 0.529311 -0.073969 -0.606472 0.991996 -0.017914 0.146897 -0.116428 -0.506076 
266.430603 -16.651904 5.669484 -6.264513 -2.356314 -5.559354 0.962574 -0.466820 1.033621 -0.938847 1.286986 0.550010 -0.089403 5.109252 -3.967649 -3.685781 1.612121 0.095360 0.637098 -1.445821 1.209467 -0.399620 0.361067 -0.007239 -0.658477 -3.839588 1.960884 2.601478 -0.032133 1.378567 -0.906193 -0.105910 -0.338081 0.151023 -0.508154 -0.467704 0.037311 
278.261505 -13.491034 2.474979 -7.941169 -1.429648 -4.677540 0.202674 -1.491104 1.623560 -1.260533 1.447634 -0.157054 -0.258570 0.130267 0.126948 -0.817724 0.584212 1.300288 -0.815542 -1.121123 -0.526252 -0.128419 -0.404417 -0.488293 -0.296702 -6.593371 3.491109 2.703939 -0.755471 1.101587 -0.481217 0.607025 -0.978305 0.394563 -0.531506 0.015916 0.245276 
289.126617 -16.391371 5.923379 -7.899962 -1.187891 -2.958777 -0.668509 -2.709066 -0.018882 -1.195685 0.478153 -0.426576 -0.682808 -8.077491 3.014568 1.722097 0.101178 2.298535 -0.325336 -0.231771 -0.747142 0.389506 -0.701944 0.024594 -0.167925 -6.130759 -1.520626 2.907345 -1.543485 0.333225 0.510276 1.251113 0.039081 0.343755 0.038750 0.220592 0.170550 
296.099701 -29.646015 8.504115 -4.496975 -1.227291 -0.080471 -0.447997 -1.954647 0.129276 -0.481521 0.043745 -0.107867 -0.594421 -12.131251 -2.914305 4.996965 -2.502758 1.966739 0.205010 1.381104 -0.448089 0.559092 -0.326918 -0.047110 0.044397 3.741137 -4.678263 1.389312 -0.618094 -0.555938 0.218106 0.648800 0.410838 -0.007973 0.213153 -0.227401 0.152737 
280.214569 -40.653873 0.094770 2.093967 -6.193407 0.974701 -0.258488 0.053141 -0.915060 -0.077501 -0.175683 -0.520795 -0.594013 -0.595217 -6.341959 4.500721 -1.135011 1.186658 0.110876 1.065828 0.074535 0.373559 -0.275638 -0.430208 0.137548 7.627310 2.237454 -1.878987 1.619947 -0.862485 -0.019943 -0.303910 0.565813 -0.302067 0.274121 -0.002823 -0.076407 
0.000000 -30.836448 -4.179802 4.504467 -3.497313 2.292845 -0.226245 0.177009 0.278345 0.265597 -0.507532 -0.968283 -0.319324 3.123369 1.560604 1.238991 0.737136 0.241768 0.165125 0.773284 0.683537 -0.045041 0.221324 -0.052755 -0.108417 -2.449315 5.930093 -1.921911 0.304516 -1.202116 -0.759593 -0.188460 0.232229 0.026034 0.376835 0.276154 -0.064967 
283.862854 -34.407134 3.215977 4.571949 -4.719136 1.458238 0.071761 1.599710 0.452013 -0.167584 0.266965 -0.626306 -0.810847 -5.493848 5.518228 0.656899 -0.525979 -1.217574 -1.408310 0.688908 0.538993 0.425628 0.478031 0.122099 0.007615 -0.809116 1.732686 -0.992194 -0.552733 -1.261721 0.037138 -0.591853 -0.277012 0.093491 -0.287017 0.170180 0.123335 
256.317383 -41.824144 6.856653 5.818264 -4.549270 -0.142303 -3.042866 1.554826 1.356332 1.116852 0.448530 -0.724085 -0.304095 1.505137 5.025976 -0.745398 -0.368330 -2.281673 0.239402 -0.410422 0.129512 0.141941 -0.352711 0.287606 0.138254 5.274800 -1.263614 -1.363804 -0.147250 -0.057967 2.123600 -0.939693 -0.880203 -0.943679 -0.557084 0.027979 -0.255950 
270.957611 -31.396861 13.267928 3.081154 -5.455795 -3.105108 0.550564 0.778866 0.711037 0.116297 -0.438457 -0.051095 -0.534339 5.055752 2.991000 -2.070709 -0.820480 -1.333508 2.838889 -1.190478 -1.221413 -1.461731 -0.636137 0.178057 -0.504285 -2.703372 -3.658591 -1.167920 1.000574 2.876141 0.455642 -0.523343 -0.318500 0.107636 0.019135 -0.537779 0.001498 
298.637177 -31.712639 12.838654 1.676845 -6.190230 -2.809318 2.634913 -0.826130 -1.086494 -1.806610 -0.823745 -0.367972 -1.312664 -3.901607 -2.291207 -3.081238 1.632817 3.470610 1.150686 -1.457108 -0.507489 0.357213 -0.314440 -0.787952 0.141250 0.074702 -3.474509 -0.603431 1.378569 0.952109 -1.259440 0.379255 1.086844 1.358273 0.304278 0.070255 0.896624 
302.133026 -39.200074 8.685515 -3.081323 -2.190160 3.836112 2.851935 -2.135351 -0.303940 0.830723 -1.067337 -1.626999 -0.251839 5.205156 -3.958017 -3.277572 1.936658 0.570711 0.320009 -0.431967 0.952276 1.254814 -0.027582 0.318566 1.288964 5.822469 0.026615 0.936106 -0.496349 -3.241236 -1.044507 1.214049 0.947851 -0.036918 0.514139 1.284723 0.148180 
351.849976 -21.302327 4.922620 -4.878299 -2.316915 -1.667895 3.274931 -1.690065 0.818058 0.703019 -0.878909 0.269160 1.265264 7.743331 -2.237977 -1.209025 0.640118 -3.011863 -0.938328 0.970990 1.388213 0.283377 0.713839 1.781495 0.437610 -3.244262 2.828734 1.765355 -0.184286 -0.962590 -1.157133 0.507207 -0.600450 -0.831372 0.065113 -0.228229 -1.003375 
388.183197 -23.713413 4.209562 -5.499374 -0.909924 -2.187615 0.975279 -0.193370 2.472485 1.397477 0.360341 1.935990 0.623380 -1.283367 1.699452 0.253138 1.568085 -1.354468 -1.994256 0.582446 -0.248624 -0.407930 0.102644 -0.137893 -0.717786 -2.959508 2.380343 0.784611 -0.005086 1.100290 0.146744 -0.674977 -1.210653 -0.873733 -0.667912 -1.493578 -0.379401 
357.042572 -23.869062 8.321523 -4.372022 0.819255 -4.376831 -0.713582 -0.525174 0.320810 -0.112842 -0.673621 -0.006626 -0.170308 1.824315 2.522710 0.360196 0.629946 -0.811283 -0.644839 -0.378963 -1.033094 -1.464089 -0.621984 -1.205661 -0.321193 -1.953522 -1.051097 0.173625 -0.869064 1.392978 1.300130 -0.291272 0.215838 0.071571 -0.138078 0.175057 0.486674 
369.307312 -20.064783 9.254981 -4.778982 0.349968 -3.810181 -0.314399 -0.951296 0.406297 -1.530701 -0.883628 -0.475332 -0.019005 -5.190411 -0.402742 0.600388 -0.170043 1.431488 0.606003 -0.000099 0.183052 -0.264789 -0.173512 0.212221 0.255562 -3.174339 -3.172599 1.085809 0.096370 0.694030 0.707405 0.448036 0.601465 0.580950 0.424872 1.055737 0.185129 
361.188110 -34.249884 7.516040 -3.171245 0.479169 -1.513856 0.498425 -0.525371 0.686915 -0.642420 -1.020645 0.417817 0.340816 -4.524363 -3.822489 2.531813 0.822687 0.576776 0.769972 0.517109 0.169837 -0.302189 0.227759 0.905814 0.049065 5.685718 -0.315892 -0.063550 0.311862 -1.051657 -0.263433 -0.060699 -0.164258 -0.358309 0.134386 -0.009286 -0.389212 
286.698700 -29.113509 1.610003 0.284644 1.995342 -2.656629 1.225544 0.082922 0.745970 -2.135079 -0.428109 1.336295 0.079126 6.181025 -1.034525 0.473289 0.453681 -0.671826 0.079137 -0.121497 -0.145463 -0.981406 0.095260 0.193649 -0.522863 4.059916 3.335278 -2.848652 -0.191524 0.233281 -0.662704 -0.531907 -0.211019 0.184358 -0.315277 -0.578007 -0.081973 
339.868805 -21.887834 5.446989 -2.224666 1.386532 -2.857509 0.656699 -0.768365 0.395989 -2.605233 -0.830125 0.805115 -0.704910 3.595468 2.848066 -3.165492 0.439638 1.043338 -0.555437 -0.546705 -0.252201 0.066527 -0.402795 -0.250200 -0.114881 -3.349873 1.308780 -1.882422 0.070567 1.460643 -0.565342 0.390927 -0.259926 0.649230 0.102042 -0.273441 0.380944 
330.311829 -21.922573 7.306136 -6.046340 2.874618 -0.569953 0.114671 -1.010487 0.241567 -2.002024 -1.233699 0.835895 -0.150636 -0.518721 1.583034 -3.291554 0.594815 2.249459 -1.051547 0.660357 -0.665316 0.317054 0.299343 -0.353234 0.239026 -0.379632 -1.811763 1.246216 -0.865451 -0.235207 0.067441 -0.277841 -0.163423 -0.064575 0.484391 -0.119786 -0.284861 
323.137695 -22.925275 8.613057 -8.807775 2.576161 1.641410 -1.446395 0.552349 -0.934642 -1.971126 -0.231438 0.098648 -0.226858 2.836205 -0.775460 -0.673060 -1.291263 0.572925 -0.420554 -1.102387 -0.579047 -0.062623 0.565988 -0.489772 -0.684602 2.018842 -1.865325 2.291759 -1.233190 -1.316540 0.624088 -1.447921 0.840596 0.074423 -0.333584 0.338753 -0.385302 
315.354279 -16.250164 5.755215 -7.392460 0.292091 0.575897 -0.726438 -3.215261 -0.916527 -2.127271 -0.101723 -0.143649 -1.519839 3.518964 -2.147616 1.291963 -1.871564 -0.383621 0.196629 -2.235485 1.015876 0.465900 -0.367825 0.324273 -0.531578 -2.705076 0.713751 0.593839 0.507858 -0.231267 -0.113781 0.566277 0.651402 0.230089 -0.592919 0.310162 0.483405 
320.141479 -15.887347 4.317825 -6.223850 -1.166968 0.874167 -1.053137 -3.918621 1.097109 -1.039326 -0.967088 0.747193 -1.290015 -2.573947 0.652041 0.514619 -0.275548 0.110391 -0.648117 0.030167 0.723758 0.397555 -0.619850 0.130552 0.282207 -5.348977 0.093948 0.133312 1.425712 0.331187 0.202244 1.910758 -0.938933 -0.425845 0.308554 -0.603891 0.647093 
330.982544 -21.398058 7.059298 -6.363223 -0.259005 0.796679 -2.022671 -3.154927 0.530989 -1.332161 -1.341423 0.117455 -0.955425 -7.178990 -1.959720 1.558587 0.979859 0.278754 0.601117 1.586032 -0.861990 -0.385789 0.249283 -0.883510 0.762607 -3.583685 -2.724214 0.895018 0.452757 0.620612 0.765360 0.488512 -0.793545 -0.420760 0.461738 -0.225286 0.353640 
300.689789 -30.245326 0.398385 -3.106676 0.792751 1.431675 0.149096 -0.746558 -0.626870 -1.810904 -0.468521 -1.019827 0.235199 -9.741317 -4.796386 2.304655 0.629967 1.351615 0.882604 1.007190 -0.863332 -0.443965 0.303627 -0.320020 0.989486 3.721816 3.158780 -2.158927 -0.761862 -0.641318 -1.523673 -0.745698 0.198240 0.403413 0.374968 0.562233 -0.642076 
286.056061 -40.880693 -2.533475 -1.753913 1.000928 3.499909 -0.257464 -1.140547 -1.195674 -2.220092 -0.734169 -0.522586 1.023548 0.264642 4.357839 -2.759267 -0.543865 -1.003883 -2.446230 0.094635 -0.465510 0.421038 0.999219 0.240957 -0.521544 8.864039 5.227875 -2.847290 -0.831519 -2.088999 -1.682339 -0.640115 0.259887 0.650521 0.468620 0.313969 -0.894947 
249.068756 -29.716042 9.114064 -8.625211 -0.294980 -0.576092 -4.743365 -0.557288 -1.557891 -0.968829 1.529917 -0.537913 -0.807890 7.986761 5.659364 -3.389924 -1.033072 -2.826383 -2.482074 -0.273041 -0.343558 0.857077 1.240868 0.307917 -0.800408 -6.903021 -3.812317 3.632793 -0.605311 -0.003945 1.955257 -0.194993 0.371295 -0.051318 -0.681493 0.074060 0.525744 
295.121002 -24.907172 8.785253 -8.533761 -1.065216 -2.152858 -5.221613 -1.686629 -1.882790 -0.505937 1.747566 0.093249 -0.577268 -13.541399 -3.266795 4.506320 -1.754486 -1.011773 1.464283 -0.295351 0.277080 0.318402 -0.363767 0.389077 0.529943 -8.302501 -4.042810 2.070133 1.472775 2.179996 0.202507 -0.883901 1.031586 -0.158943 -1.319848 -0.007112 0.748415 
0.000000 -56.798840 2.580474 0.387429 -3.803952 -2.599638 -1.814799 -1.147990 -1.003731 -0.332025 0.802383 0.240240 0.251996 -8.618241 -2.426256 0.750342 1.912477 1.533609 -2.077060 -2.040842 1.719614 0.539192 -1.398829 0.293693 0.696422 13.828366 3.258928 -4.448069 2.667053 1.852038 -2.642903 -0.864835 0.493194 -0.122325 -0.201105 -0.482566 -0.660173 
0.000000 -42.143654 3.932740 -7.033078 2.759739 0.914359 -9.375734 -5.768313 1.556438 0.572448 -1.050092 0.680636 0.815577 14.115333 3.251062 -4.389819 3.579619 2.692302 -3.821522 -2.025022 1.263468 0.073752 -0.765977 -0.576056 -0.790402 8.217772 3.407520 0.125576 -1.080302 0.006105 2.345850 1.784345 -0.775513 -0.498308 0.918622 -0.512732 -0.509318 
227.931137 -28.568173 9.082597 -8.392208 3.355286 2.784966 -9.457844 -5.198033 1.523205 -0.184521 -0.729571 -0.911872 -1.328808 7.817303 4.388783 1.001494 -0.248126 1.545818 2.614640 1.527848 0.168587 -0.457424 0.438415 -0.731772 -0.322214 -6.542886 -0.718603 3.035439 -2.062760 -1.040894 3.238609 1.633865 -0.539132 -0.076346 0.522066 0.320269 0.770190 
232.431702 -26.509049 12.710307 -5.030089 2.263486 4.005995 -4.146454 -2.712617 1.893613 -0.342401 -0.173262 -0.782908 0.171149 1.029562 1.813855 1.681060 -0.545900 0.610514 2.655695 1.242708 0.185204 -0.078940 0.278154 0.064482 0.749979 -3.393870 -1.287464 0.339783 -0.148887 -0.467652 0.020528 -0.142570 0.008308 0.189242 -0.080130 0.398127 0.536096 
