284.937317 -15.986508 0.226825 -1.684195 2.580947 -6.162447 -2.537159 -1.474103 0.802820 -0.096238 -1.067689 0.499557 0.907601 -0.230213 0.212836 0.025024 0.073514 -0.260317 0.011406 0.478453 -0.121161 0.057585 0.135419 -0.221530 -0.330846 -0.378223 -0.037055 0.135723 -0.004786 -0.118866 -0.217046 0.137588 0.019544 0.030129 0.031052 0.039978 -0.013686 
284.375793 -16.446934 0.652496 -1.634146 2.727974 -6.683082 -2.514346 -0.517197 0.560499 0.018932 -0.796852 0.056496 0.245909 -0.986660 0.138726 0.296471 0.063941 -0.498049 -0.422685 0.753629 -0.082074 0.117843 0.197522 -0.141575 -0.358217 -1.156547 -0.015214 0.393260 -0.035928 -0.076750 -0.302900 -0.033323 0.113304 0.145460 -0.089837 0.149153 0.076538 
283.223480 -17.959827 0.504277 -1.091252 2.708829 -7.158544 -3.382528 0.033154 0.638673 0.139447 -0.672645 0.216407 0.191166 -2.543306 0.182408 0.811545 0.001658 -0.413816 -0.594394 0.411807 0.105448 0.348505 -0.044255 0.076776 -0.177770 -1.451247 -0.077047 0.641183 -0.210808 0.234853 -0.021578 -0.131942 0.036893 0.208311 -0.311541 0.135270 0.183283 
281.725586 -21.533546 1.017311 -0.011057 2.731291 -7.510715 -3.703135 0.306417 0.771395 0.715942 -0.885362 0.210048 -0.109632 -3.889154 -0.015368 1.578837 -0.357675 -0.028343 -0.465840 0.489745 -0.008287 0.534464 -0.425560 0.128965 0.008349 -1.547054 -0.282332 0.966596 -0.607966 0.650483 0.381026 0.106437 0.097285 -0.137950 0.006191 0.078295 0.173444 
75.888245 -25.738135 0.473541 2.066422 1.993480 -7.215231 -4.314208 1.012644 0.622098 1.208376 -1.523765 0.474336 0.207864 -5.637414 -0.382256 2.744736 -1.214273 0.887149 0.167658 0.624681 0.300018 0.072606 -0.031873 0.233366 0.169117 -2.307709 -1.288408 0.832355 -0.391401 0.128980 1.104213 -0.152308 -0.022258 -0.170487 0.632686 -0.221594 -0.111753 
77.835709 -32.808374 0.252800 5.478415 0.302746 -5.736417 -3.367818 1.555778 1.371431 0.861155 -0.949107 0.676781 0.228602 -8.504573 -2.592184 3.243546 -1.140477 0.229618 1.742586 0.185128 -0.052803 0.193490 0.839813 -0.314224 -0.215156 -2.057367 -2.888718 -0.578994 0.602673 -0.713172 0.330802 -0.721961 -0.572304 0.101686 0.502258 -0.536014 -0.509713 
336.727356 -42.747280 -4.710828 8.553515 -0.287473 -6.755996 -0.829035 1.382901 0.516493 1.595356 0.155861 -0.154112 -0.222449 -9.752148 -6.159692 1.586748 -0.008926 -0.539196 0.829262 -0.819240 -0.844590 0.275978 0.972644 -0.838662 -0.850310 4.360111 -0.582515 -4.256253 0.862608 1.347740 -0.552626 -0.604522 -0.701184 -0.132539 -0.389205 0.307623 0.216621 
348.080170 -52.312670 -12.066583 8.651910 0.284893 -6.814809 -1.709294 -0.082702 -0.317750 1.413111 0.996180 -1.000543 -1.472017 0.215650 -3.757214 -5.268959 0.584739 2.925098 0.637334 -1.023916 -1.455170 -0.071588 0.061403 0.301023 0.218085 12.210816 4.446820 -3.558534 -0.253759 1.413372 -0.231342 0.110468 0.308926 -0.202852 -0.457428 0.726819 0.753594 
0.000000 -42.315980 -12.225255 -1.984402 0.882004 -0.905800 0.445632 -0.664931 -2.393848 1.452179 0.278668 0.447934 0.213722 14.669483 2.733948 -5.530320 -0.516444 2.287547 0.366578 -0.598303 -0.226739 -0.129727 0.057788 0.614977 0.656877 1.090766 3.349079 3.311737 -0.678302 -1.641583 -0.534932 0.595011 1.194429 0.100680 0.025846 -0.117237 -0.197705 
0.000000 -22.973703 -6.598688 -2.408730 -0.747994 -2.239714 -0.976138 -1.279309 -0.771227 1.153657 1.111756 0.229412 -0.158262 2.397182 2.940944 1.354515 -0.771865 -0.358069 -0.432530 0.166107 0.933687 0.129772 0.113095 0.066548 -0.177325 -14.445841 -2.524974 5.389226 0.561555 -1.504752 0.109477 0.738969 0.346709 0.429783 -0.170729 -0.401044 -0.329028 
64.554703 -37.521617 -6.343367 0.724628 -0.661726 -1.621937 -0.419428 -0.332717 -0.526474 1.711723 0.504857 0.581031 -0.140929 -14.222198 -2.316000 5.248132 0.606666 -0.721958 0.585531 0.879635 0.466680 0.729840 -0.283671 -0.187111 -0.001178 -4.835837 -2.025419 1.211361 1.124492 0.530180 0.965046 0.308179 -0.103797 -0.016700 0.014114 0.003271 0.168458 
108.950714 -51.418099 -11.230689 8.087534 0.465337 -3.683629 0.194924 0.479962 0.162133 2.613336 0.544414 -0.144811 -0.160618 -7.274492 -1.109894 3.777237 1.477119 0.702290 1.497563 0.782464 0.726093 0.096373 0.141323 0.073091 0.159591 8.230355 4.415589 -4.138820 0.948663 2.344576 -0.759761 -0.838002 -0.312806 -1.364367 -0.314302 0.032529 -0.127943 
0.000000 -52.070601 -8.563156 8.279103 2.292512 -0.217356 2.575698 1.232212 0.925713 1.904468 0.787504 0.727213 0.178252 2.238511 6.515178 -3.029508 2.503992 3.967195 -0.933990 -0.796369 -0.158932 -1.998895 -0.912276 -0.122053 -0.257065 9.026133 2.954988 -4.270940 1.126698 -0.310675 -1.722089 -1.679509 -0.664052 -0.859153 -0.074630 0.102255 -0.783777 
293.668579 -46.941076 1.799668 2.028519 5.473320 4.250761 -1.673055 -1.112776 -0.155730 -1.384454 -1.280137 -0.388916 -0.674748 10.777774 4.800081 -4.764643 3.730515 0.080941 -1.946616 -2.576554 -0.602011 -1.621933 -0.007938 0.277601 -1.407963 4.186111 -3.677919 0.917002 -0.507156 -3.389412 0.536245 -0.234268 0.326159 1.469223 0.643737 0.136187 -0.379802 
292.448517 -30.515053 1.037007 -1.250184 9.753542 -0.055473 -1.317534 -3.920896 -0.278310 -1.339397 0.771629 1.282414 -2.637673 10.610734 -0.840659 -1.195503 1.489680 -2.811630 0.138501 -1.264905 0.493386 0.939550 0.375197 0.150321 -1.016668 -4.208908 -2.796418 2.896006 -2.460224 0.153391 0.764261 1.298935 0.753707 1.202476 -0.275008 -0.471816 0.733480 
291.964233 -25.719609 0.118350 -0.362486 8.452680 -1.372498 -1.396053 -3.642587 0.831043 0.494646 -0.529742 -0.088274 -2.708084 2.359958 -0.792754 1.027370 -1.189932 0.387724 -0.418095 0.021317 0.905402 0.783019 -0.557953 -0.666031 0.058998 -5.698396 0.014520 0.829786 -1.103651 2.098319 -0.317085 0.611604 0.021158 -0.676824 -0.114000 0.164855 0.426929 
291.775299 -25.795137 -0.548501 0.804555 7.373678 0.719975 -2.153723 -3.878261 1.532494 0.226640 -0.344276 -0.049649 -2.519676 -0.786059 -0.811620 0.464070 -0.717622 1.385007 -0.495670 -0.041697 0.535702 -0.414098 0.147198 0.480032 -0.162810 -2.597441 -0.022948 -0.037756 0.075642 0.124835 0.266960 0.177619 -0.403409 -0.485887 0.076685 0.830195 -0.118331 
291.509247 -27.291726 -1.504891 0.565654 7.017437 1.397516 -2.387393 -3.725981 1.902446 -0.333550 -0.235345 0.871790 -3.033703 -2.834923 -0.838651 0.951858 -1.038648 0.637395 0.115826 0.376556 0.098583 -0.188754 -0.404583 0.994359 -0.177663 -3.605409 -0.639148 0.989137 -0.333245 -0.477345 0.549401 0.522851 -0.454353 0.060069 -0.315826 -0.000185 0.487940 
288.639954 -31.464983 -2.225803 2.708272 5.296382 1.994764 -1.922071 -3.125149 1.729660 -0.150868 -1.153442 1.939069 -2.875002 -7.996877 -2.089917 2.442344 -1.384112 0.430317 0.603132 1.004005 -0.373004 -0.293960 -0.484454 0.479662 0.813071 0.164170 0.516254 0.181567 -0.166138 -0.504374 0.917429 0.069001 -0.019753 -0.084548 -0.549869 -0.190744 0.529936 
270.918304 -43.285481 -5.684724 5.450343 4.249212 2.258150 -1.181129 -1.717971 1.156438 -0.921471 -1.204253 1.831113 -1.407562 -2.506583 0.193858 1.314993 -1.370923 -0.371353 1.950684 0.514559 0.059077 -0.357851 -1.504321 0.612871 0.882209 9.351562 3.229570 -2.316084 0.043285 -1.096246 0.441252 -0.452111 0.305619 0.039415 -0.176974 -0.173946 -0.108470 
272.319794 -36.478149 -1.838088 5.338258 2.554535 1.252058 1.979297 -2.096031 1.847814 -0.866571 -4.162084 3.164811 -1.110585 10.706247 4.369223 -2.189824 -1.297542 -1.762176 1.485636 0.099784 0.238234 -0.215130 -0.838403 0.131770 0.596131 5.786805 1.390504 -2.342984 0.731399 -1.045906 -1.360405 -0.135684 -0.129025 0.162309 1.294363 -0.711436 -0.102618 
281.304718 -21.872987 3.053723 1.070696 1.654129 -1.266202 1.790142 -1.518404 1.632907 -1.351731 -2.881059 2.094654 -0.215299 9.067027 2.974866 -3.370975 0.091874 -2.463165 -0.770127 0.243191 -0.198974 -0.033232 1.084405 -0.810000 0.676973 -4.026732 -2.114861 0.216774 1.006206 -0.193963 -1.118721 -0.283216 -0.052891 0.218808 0.751847 -0.260704 -0.041152 
275.494690 -18.344096 4.111644 -1.403692 2.738283 -3.674271 0.439042 -1.609650 1.449865 -0.933035 -1.993274 1.544811 0.243362 2.652782 0.139501 -1.756275 0.714870 -2.150102 -0.751807 -0.466649 0.132452 0.222487 0.665291 -0.389637 0.513827 -3.916144 -1.720519 1.388496 -0.336565 0.798415 0.026176 -0.084810 0.047417 0.359969 -0.646078 0.448551 -0.128241 
267.660248 -16.567423 3.332725 -2.441854 3.083870 -5.566406 0.286529 -2.451701 1.897810 -0.906757 -1.550477 1.315380 0.812355 1.234739 -0.466173 -0.593983 -0.581257 -0.866334 -0.717775 0.073571 -0.104141 0.686706 -0.207751 0.087101 0.420490 -1.038830 -0.408090 0.781559 -0.702838 1.030197 0.247431 0.462766 0.023468 0.113748 -0.369441 0.106343 -0.143671 
261.454620 -15.874617 3.179299 -2.591658 1.575770 -5.406939 -0.996508 -1.462507 1.241584 0.440377 -2.408776 1.719014 1.084343 0.575122 -0.676678 -0.193157 -0.690806 -0.089708 -0.256945 0.458883 0.179388 0.449982 -0.073591 -0.176951 0.226485 -0.934139 -0.016666 0.380804 0.029038 0.510285 0.433424 0.039805 0.320015 -0.452788 0.355458 -0.312150 -0.097912 
255.658401 -15.417179 1.979369 -2.828167 1.702259 -5.745822 -0.227362 -1.533935 2.256586 -0.006793 -1.697659 0.961479 1.265324 -0.633538 -0.499504 0.167626 -0.523182 0.154237 0.149073 0.153181 0.535890 -0.218870 0.503165 -0.537199 0.224667 -1.938374 0.165152 0.662401 -0.136807 -0.029759 0.046696 -0.158295 -0.174397 -0.135190 -0.109017 -0.051115 -0.032979 
255.354401 -17.141694 2.180291 -2.256406 0.529407 -5.098466 -0.698361 -1.156145 2.313363 0.002636 -1.402446 0.644615 1.533677 -3.301626 -0.346375 1.131645 -0.964420 -0.149227 -0.163553 0.142294 -0.169405 0.179602 -0.291626 -0.279181 0.160526 -3.712939 -0.067279 0.916854 -0.151267 0.339386 -0.478724 -0.014364 -0.379188 0.198242 -0.427419 0.263202 -0.323334 
260.547363 -22.020431 1.286619 -0.564877 -0.226581 -6.044276 -0.554468 -1.249346 1.917775 0.352411 -2.280910 0.403117 1.586377 -8.059417 -0.634062 2.001333 -0.825716 0.833009 -0.808374 0.124452 -0.222487 0.177614 -0.351674 -0.010796 -0.422001 -4.386988 -0.549763 0.187254 -0.014731 0.849467 -0.566707 0.163852 -0.094769 0.102706 0.396328 0.196869 -0.358390 
143.681610 -33.260529 0.912167 1.746259 -1.122025 -3.432447 -2.315110 -0.907241 1.868388 0.357865 -2.105795 0.623024 0.689675 -12.075602 -1.445901 1.506153 -0.993882 1.549708 -1.296967 0.469999 -0.358944 0.385013 0.501031 0.114558 -0.556254 -3.098541 -0.682596 -0.478669 -0.211408 -0.255300 -0.034739 -0.105256 -0.432408 -0.032555 0.676359 -0.144468 -0.005311 
267.634186 -46.171636 -1.605182 2.447429 -2.214346 -2.944861 -3.148402 -0.309348 1.199888 1.122437 -1.278849 0.632232 0.473869 -14.256498 -1.999255 1.043994 -1.248532 0.322410 -0.877853 -0.086061 -1.087304 0.112503 1.001043 -0.299731 -0.432623 3.524697 -1.784176 -0.812138 1.594764 -1.361837 1.715648 -0.508991 -0.623003 -0.011349 -0.022325 -0.176068 0.476141 
262.071564 -61.773525 -3.086343 3.834248 -3.619089 -2.787628 -4.070816 -1.079362 -0.306220 0.582871 -0.103708 0.023562 -0.175571 -5.026209 -5.014252 -0.118123 2.195646 -1.173966 2.134328 -0.547984 -1.604950 0.362315 0.456381 -0.237578 0.396028 10.491426 -2.040078 -0.202823 2.241413 -1.367528 1.564467 -0.030791 -0.210086 0.225718 -0.432450 0.353087 0.721704 
93.358284 -56.224054 -11.633687 2.211183 2.176947 -5.292793 1.120254 -1.405316 -2.010012 1.847067 -0.366088 0.157075 1.265926 6.726354 -6.079410 0.638348 3.234293 -2.412646 2.251081 -0.147642 -1.507477 0.563939 0.136144 0.406443 1.010786 2.454423 1.846984 0.399569 -1.240944 0.480949 -1.131352 0.452510 0.592929 -0.054579 -0.275948 0.239031 -0.349913 
0.000000 -48.320817 -15.245163 5.110944 2.849497 -7.612920 0.431346 -1.374645 -3.321173 1.710749 0.168580 0.836448 1.846001 -0.117364 -1.320285 0.681016 -0.286242 -0.212069 -0.128375 0.357036 -0.419091 0.253158 -0.095515 0.240484 -0.303798 -5.320063 8.513316 0.325997 -2.094669 2.617389 -1.992041 0.077727 1.556916 -0.473287 -0.262691 -0.370444 -1.081115 
0.000000 -56.458781 -14.274257 3.573214 1.604463 -5.716930 0.863504 -0.691243 -2.848195 2.353383 -0.557117 0.638044 0.658330 -3.913772 10.947223 1.290342 -0.955045 2.822131 -1.733002 0.007812 1.606354 -0.382634 -0.389237 -0.334446 -1.151444 4.155787 5.920391 0.466476 0.653065 1.421631 -1.157552 -0.639140 1.236484 -0.049327 -0.283254 -0.003253 0.092194 
0.000000 -56.148360 6.649282 7.691629 0.939406 -1.968657 -3.034658 -1.359022 -0.108464 0.945480 -0.609895 0.167557 -0.456887 8.194211 10.520498 1.613968 1.019887 2.631194 -2.443479 -0.921243 2.053878 0.154505 -0.662023 0.233979 -0.119409 6.480175 -5.696172 -1.172472 1.344429 -0.992317 0.787015 -0.386868 -0.384155 0.481683 0.143545 0.466150 0.671482 
243.607285 -40.070360 6.766739 6.801151 3.644236 -0.454542 -4.023454 -2.533728 1.259560 2.662393 -1.881162 1.106001 0.419511 9.046578 -0.445121 -1.054602 1.733813 0.837498 -0.158973 -0.765924 0.838045 0.580732 -0.102147 0.597855 0.191521 -2.897250 -5.895970 -1.133563 -0.530265 -1.412758 1.717646 0.412698 -0.795703 -0.365257 0.609948 0.080924 -0.074155 
234.541519 -38.055205 5.759039 5.582425 4.407032 -0.293661 -3.352605 -2.890870 1.567627 2.106943 -0.814189 1.363267 -0.073845 2.399711 -1.271442 -0.653157 -0.040643 -0.194322 0.991814 -0.095847 0.462472 -0.576010 0.557872 0.395826 -0.267720 -3.102272 -0.351168 0.450287 -1.584976 -0.749687 0.609760 0.821292 -0.220366 -0.420874 -0.069853 -0.133007 -0.187044 
232.633972 -35.270938 4.223855 5.494837 3.562951 -0.843186 -2.039827 -2.725422 2.184505 1.510373 -0.765418 1.897654 -0.115929 2.842033 -1.147457 -0.154027 -1.436139 -0.661875 1.060546 0.876659 0.397313 -0.261015 -0.241853 0.331840 -0.182568 0.098193 -0.026852 0.650707 -0.248598 -0.246848 0.165982 0.592833 -0.176719 0.270712 -0.509779 -0.528048 0.138433 
236.525345 -32.371139 3.464126 5.274371 1.534753 -1.617411 -1.231512 -1.137552 2.362252 1.584913 -1.297896 2.026947 -0.438981 2.596097 -1.325147 0.648256 -0.537839 -0.688019 1.323777 1.089820 0.109035 -0.034586 -0.461685 -0.660269 0.009146 -0.989764 -0.886196 0.797563 1.031568 0.284380 0.243685 0.141078 -0.435524 0.142461 0.142233 -0.979465 0.166515 
244.680511 -30.078743 1.573561 6.791349 2.487272 -2.219223 0.607727 -0.545783 2.402574 1.441201 -1.688787 0.577115 -0.097638 0.862504 -2.919849 1.441098 0.626996 -0.093116 1.547917 1.158815 -0.473735 0.023906 0.042613 -1.627090 0.150463 -2.154436 -2.852627 0.534288 -0.140926 0.963184 -0.148760 -0.137607 -0.267318 -0.260715 0.325701 -0.150660 -0.041502 
248.711502 -30.646131 -2.375572 8.156568 2.788746 -1.803644 1.864321 1.180078 1.414783 1.632725 -1.212671 -1.227234 -0.138055 -1.712775 -7.030400 1.716833 -0.819691 1.238349 1.026257 0.814606 -0.425601 -0.556016 0.189717 -0.961589 -0.073858 -1.335011 -2.866152 -0.912739 -0.701128 0.430685 -1.002183 -0.738808 -0.026120 -0.270325 0.143010 1.194985 0.032107 
254.449936 -33.504293 -12.487239 10.225014 0.847890 0.257475 2.660241 1.083429 1.551373 0.329168 -1.309354 -1.346063 -0.245353 -1.807517 -8.652153 -0.384380 -0.775260 0.768253 -0.456449 -0.318800 -0.525975 -0.516744 0.328633 0.762879 0.214677 0.312017 1.170745 -2.344730 0.507822 -0.517148 -1.310353 -0.495102 -0.203252 0.238492 0.235042 0.922371 0.158712 
0.000000 -34.261166 -19.679878 7.387807 1.238226 -0.267138 0.951423 0.542477 0.362833 0.599237 -0.555405 0.298524 0.291298 -1.088741 -4.688910 -2.972628 0.195954 0.204053 -1.594448 -0.175598 -0.832105 -0.079033 0.659800 0.883153 0.243567 0.094069 5.367919 -0.305747 0.815587 0.337125 -0.042011 0.298806 0.146542 0.132428 -0.090966 -0.567379 -0.272948 
0.000000 -35.681774 -21.865059 4.279758 1.239798 0.665581 -0.528656 0.732234 -0.112838 0.171102 0.010246 0.420243 0.241780 -1.619379 2.083686 -0.995874 0.855914 1.442503 -0.540470 0.278812 -0.232891 -0.251889 0.146701 -0.371879 -0.331218 2.604702 6.896176 1.564223 0.586978 -1.053317 0.911931 0.270735 0.611704 -0.100685 -0.847694 -0.486157 -0.435305 
0.000000 -37.499923 -15.512507 5.396060 2.950054 2.617869 -0.129517 1.100102 -0.102949 0.095459 -0.262003 -0.445233 -0.371139 4.120663 9.103442 0.155818 1.369910 -1.902582 0.229413 0.365873 0.391303 -0.280403 -1.035589 -0.089160 -0.627043 5.307168 2.689115 -0.211514 -0.200347 -2.435570 0.549838 -0.126124 0.344836 0.016891 -0.581632 0.442596 -0.093439 
285.710480 -27.440449 -3.658176 4.591395 3.979618 -3.139582 -0.069829 1.463980 0.669768 -0.389703 -2.060932 0.241923 -1.012306 8.994957 7.461915 -1.418901 0.455221 -3.428636 0.559205 0.026564 0.456781 -0.218107 -1.016562 0.513313 -0.518096 0.639597 -3.441345 -0.704736 -0.948795 0.721856 0.122219 -0.214403 -0.068081 0.088609 0.350347 0.200445 0.233584 
281.122498 -19.510009 -0.588677 2.558258 3.860496 -4.239404 0.988894 1.153230 0.810614 -0.340755 -2.295127 0.581392 -1.407331 5.399856 2.220752 -1.253654 -0.527680 -0.458870 0.473852 -0.062932 0.255141 -0.103184 -0.334895 0.311730 -0.159876 -3.166718 -3.438429 0.128283 -0.416860 1.426189 -0.346463 -0.107542 -0.072751 -0.100932 0.411601 -0.042635 0.479387 
282.391022 -16.640737 0.783328 2.084086 2.924258 -4.057321 0.877875 1.338115 1.180049 -0.596070 -2.730721 0.865383 -1.332059 2.661521 0.585058 -1.162335 -0.378499 -0.576258 -0.133720 -0.188520 0.311280 -0.419971 -0.193360 0.428042 0.440678 -1.826887 -1.186272 -0.182161 0.142527 -0.247114 -0.630984 -0.220528 -0.082942 -0.092194 0.250898 0.012310 0.445372 
278.259491 -14.186966 0.581439 0.233587 3.103498 -5.391919 0.721454 0.776189 1.433174 -1.180698 -2.681847 1.437477 -0.525976 1.746082 -0.151791 -1.617977 -0.242627 -0.953097 -0.788115 -0.503987 0.089257 -0.287572 0.166901 0.336350 0.730868 -1.100495 -0.226785 -0.080108 -0.004869 0.051600 -0.379175 -0.146555 -0.184849 0.313078 0.227725 -0.097219 -0.061356 
274.437958 -13.148572 0.479746 -1.151869 2.439005 -5.963515 -0.698356 0.330141 1.358564 -1.171215 -2.396919 1.538083 0.129676 0.460532 0.131488 -1.322552 -0.388237 -0.473058 -0.892069 -0.481630 -0.058419 0.206184 0.262090 0.233605 0.317965 -1.017682 0.060127 0.286575 -0.102804 0.450180 0.307515 -0.041638 0.017613 0.297689 0.245029 -0.239449 -0.207618 
268.090637 -13.265903 0.844415 -2.411517 2.327025 -6.338035 -1.062684 -0.187071 1.316337 -0.768330 -2.157668 1.904686 0.109954 -0.289282 -0.031538 -1.044827 -0.448234 -0.052738 -0.173086 -0.587263 0.124484 0.307805 0.656958 -0.142549 0.315632 -0.801626 0.089478 0.283669 0.000576 0.254656 0.679006 -0.017787 0.248889 -0.024964 0.293868 -0.349571 0.028060 
261.714264 -13.727136 0.416670 -3.241523 1.542536 -6.068991 -1.044528 -0.844385 1.607532 -0.555604 -1.083003 1.252985 0.760941 -1.142721 0.310444 -0.755213 -0.387085 0.036255 0.465943 -0.517203 0.439358 0.156255 0.849825 -0.465537 0.374086 -0.631754 0.336025 0.338863 0.225419 0.073245 0.249287 0.365368 0.073704 0.001241 -0.366033 0.048369 -0.241060 
253.732376 -15.551344 1.465304 -3.921944 1.552856 -6.265525 -0.130799 -1.221477 2.195053 -0.455821 -0.458018 0.973613 0.858126 -1.552790 0.640512 -0.367101 0.002603 0.093753 0.325488 0.143472 0.271893 0.310287 -0.075108 -0.045811 -0.166487 -0.407496 0.101576 0.344099 -0.037459 0.222471 -0.431609 0.499616 -0.442783 0.046853 -0.674139 0.346655 -0.168843 
244.877045 -16.832716 1.697694 -3.975724 1.547742 -5.881485 -0.393551 -0.557440 2.151317 0.064969 -1.233219 1.161363 0.427966 -1.957713 0.513597 -0.067015 -0.462003 0.481196 -0.397276 0.482029 -0.446208 0.249960 -0.498452 0.227773 0.036399 -0.570418 -0.054457 0.053453 -0.242066 0.158181 -0.565488 -0.095057 -0.559991 -0.061561 -0.147311 0.162424 -0.055014 
118.442757 -19.466771 2.492499 -4.055974 0.628850 -5.303133 -0.925351 -0.257419 1.302637 0.044099 -1.454923 1.429159 0.930924 -2.693626 0.531597 -0.260194 -0.481529 0.410114 -0.805488 -0.046641 -0.848089 0.187165 -0.369730 0.279036 -0.276516 -0.562102 -0.357715 0.351496 0.206903 -0.014475 0.011674 -0.225685 0.048025 0.188497 0.011917 0.012437 -0.249335 
80.438919 -22.219968 2.760889 -4.496112 0.584685 -5.061257 -2.004527 -0.650721 0.455138 0.439300 -1.972679 1.719436 -0.125066 -3.081916 -0.201833 0.635976 -0.048197 0.452246 -0.373928 0.030659 -0.350158 0.626953 -0.474619 0.252647 -0.462270 -1.887359 -0.476855 0.677415 -0.278236 0.145602 0.362911 0.271836 0.676031 0.249833 0.469841 -0.150309 0.249346 
64.645050 -25.630604 2.088833 -2.784021 0.532456 -4.398641 -1.673206 -0.196101 0.602322 1.298005 -2.404160 1.934454 0.006383 -6.468343 -0.422112 1.094636 -1.038001 0.701318 -0.079667 0.497031 0.503973 0.686831 0.569952 -0.021582 0.222177 -3.314855 -0.785933 0.010537 -0.845211 0.676652 -0.050062 -0.090786 -0.075331 0.144453 1.012167 -0.656511 0.324917 
0.000000 -35.156653 1.916664 -2.306841 -1.491317 -3.658621 -2.163861 0.343341 1.463084 1.812962 -0.832775 1.676271 0.319288 -9.711627 -1.773698 0.657050 -1.738619 1.805550 -0.474052 -0.150913 -0.500819 0.915859 1.549715 -1.060374 0.187563 -1.828695 -1.156550 -0.144033 0.106066 0.342409 -0.209867 -0.480585 -1.002102 -0.307810 0.294323 -0.411209 0.004299 
80.207657 -45.053858 -1.458564 -1.469920 -2.944781 -0.787542 -2.621309 -0.497928 -0.399317 3.129724 0.695270 -0.186294 0.381509 -10.125733 -2.735212 0.806570 -0.825869 1.386135 -0.499401 -0.464139 -1.500231 0.071211 1.158598 -0.844001 0.230774 -1.098079 0.436236 0.288219 1.005437 -0.498618 0.484505 0.437966 0.029937 -0.949353 -0.862446 0.632504 -0.211604 
0.000000 -55.408119 -3.553760 -0.693702 -3.143054 -0.886350 -3.162664 -0.584938 -1.537379 1.955383 1.484420 -0.011731 0.780836 -11.907784 -0.901226 1.233488 0.272255 0.808314 0.494958 0.725019 -0.440946 -0.982847 -0.175177 0.204635 -0.235645 1.697539 1.440792 0.019405 0.598630 -0.264209 0.632518 0.616331 0.814158 -0.233444 -0.864175 0.480677 -0.333042 
64.762276 -68.869426 -3.261015 0.997057 -2.400271 0.829086 -1.631394 0.952110 -1.281208 1.164029 0.344917 0.222975 -0.089781 -6.730654 0.146372 0.845379 0.371391 0.857718 0.765635 0.768524 0.128085 -0.395677 -0.569752 0.117353 -0.435309 2.588565 0.523799 -0.194055 0.049568 0.024702 0.135339 0.021752 0.284515 0.293585 -0.197288 -0.043641 -0.099832 
