267.539276 -26.729468 3.365770 -2.030049 2.682640 -4.487344 3.095197 0.404705 -1.769661 0.291461 -3.352183 -0.043130 1.820111 1.521440 0.012023 -1.286044 0.080466 -0.642527 0.487531 0.226396 -0.003920 -0.307066 0.451715 0.486091 -0.384834 -0.506779 0.112560 -0.022694 0.167426 0.130090 -0.196241 -0.083594 0.139400 0.460373 0.078691 -0.233102 -0.009398 
258.792389 -23.686588 3.389816 -4.602137 2.843571 -5.772399 4.070259 0.857498 -1.777502 -0.322670 -2.448753 0.929052 1.050444 0.507882 0.237144 -1.331433 0.415318 -0.382348 0.095050 0.059209 0.274879 0.613681 0.609097 0.019888 -0.403631 -0.818224 0.269289 0.488519 0.134619 0.963220 -0.089317 -0.115039 0.054277 0.668273 -0.093208 -0.671651 0.016690 
253.946838 -25.713704 3.840058 -4.692915 3.513276 -5.252040 3.285296 0.523123 -1.219902 1.518823 -2.133989 -0.003355 1.012850 -0.115009 0.550600 -0.309006 0.349703 1.283912 0.308898 -0.003681 0.104633 1.029481 0.265300 -0.857211 -0.351453 0.131120 0.160639 0.359094 -0.050531 0.990357 0.434162 0.096254 -0.104115 -0.243462 -0.269025 -0.443893 -0.035716 
254.844421 -23.916606 4.491017 -5.220149 3.542977 -3.204575 4.688054 0.850135 -1.568236 1.736291 -1.918153 -0.785370 0.347538 0.770122 0.558422 -0.613245 0.314257 1.598367 0.963374 0.251717 0.066650 0.126758 0.071047 -0.867899 -0.475062 0.066478 0.076906 -0.231373 -0.513399 -0.891129 -0.107197 -0.170248 0.077268 -0.140338 -0.218652 0.248590 0.236789 
258.734833 -24.173459 4.956901 -5.919405 4.141790 -2.055306 5.212045 1.026556 -1.086602 1.772338 -1.991895 -1.739153 0.062726 0.017948 0.704411 -0.771753 -0.677094 -0.498346 0.094504 -0.344178 0.259168 0.748806 -0.172004 -0.360031 0.122124 -0.897364 -0.230383 -0.135947 -0.777600 -1.070558 -0.702822 -0.095579 -0.044451 0.082046 0.010047 0.613062 0.325005 
132.553925 -23.880710 5.899840 -6.763654 2.188789 -4.201266 4.877063 0.161779 -1.049900 3.233903 -2.262160 -1.505432 0.591786 -1.024606 0.097656 -0.885140 -1.240942 -0.542748 -0.442269 0.060559 -0.022252 0.290850 0.091140 0.358224 0.174949 -1.339691 -0.802981 0.171481 -0.041779 0.626280 -0.201896 0.120120 -0.067309 -0.301169 0.158517 0.154738 0.010418 
131.761200 -26.222672 5.152212 -7.689684 1.659906 -3.140803 4.327506 1.147673 -1.131106 2.354038 -1.809615 -1.022705 0.412624 -2.661434 -0.901550 -0.428791 -0.760651 0.754214 -0.309288 -0.103937 0.124549 0.146468 0.145031 -0.050556 0.142961 -0.642675 -0.298678 0.575621 0.252516 0.376715 -0.033900 -0.638199 0.186114 0.112921 -0.204179 -0.142426 -0.069838 
129.472748 -29.203578 4.096740 -7.621237 0.667487 -2.692837 4.258487 -0.046096 -0.800801 3.526839 -1.972098 -1.606545 0.877708 -2.309956 -0.499701 0.266103 -0.735911 0.210682 -0.510070 -1.215839 0.349977 0.516692 -0.317218 0.073372 0.035273 0.495507 0.122421 0.656512 0.499130 -0.771396 0.069723 -0.468924 0.121089 -0.035201 -0.043156 0.175351 -0.266922 
130.557739 -30.842583 4.152810 -7.157478 0.188084 -2.719439 3.307367 -1.284005 -0.431153 3.387422 -2.444051 -0.875960 0.483169 -1.670421 -0.656709 0.884233 0.237609 -0.788578 -0.169841 -1.041786 0.366727 0.076066 0.058719 0.300145 -0.390882 -0.300251 -0.690866 -0.017217 0.264611 -0.536800 0.389279 0.467849 -0.105817 -0.434933 0.121404 0.277795 0.291511 
131.610611 -32.544419 2.783322 -5.852770 1.142706 -4.269993 3.918805 -2.129668 -0.067347 3.678971 -1.854660 -1.006255 0.095943 -2.910459 -1.881434 0.231669 -0.206688 -0.862917 0.268488 -0.280141 0.138342 -0.353175 -0.074410 0.628962 0.618296 -3.173154 -0.632190 -0.254896 -1.011626 0.990550 -0.320963 0.901179 -0.084845 -0.675925 -0.011159 0.371435 0.531904 
131.193832 -36.663500 0.389943 -6.694141 -0.225292 -4.445274 3.844343 -1.844287 -0.154468 2.681073 -2.592871 0.381964 1.719761 -8.016728 -1.921090 0.374441 -1.785642 1.192522 -0.811767 0.760572 0.197038 -1.275783 0.036400 1.043015 0.672925 -4.896194 -0.470632 1.157909 -0.457107 1.621021 -0.273376 0.894715 -0.124706 -0.748028 0.349822 -0.191707 -0.558381 
391.793182 -48.577874 -1.058857 -5.103888 -2.428578 -1.884950 2.295271 -0.608524 0.326728 1.127404 -1.781861 1.079775 1.441793 -12.702846 -2.822698 2.547488 -1.120902 2.379125 -0.278265 1.509289 -0.111069 -1.849231 0.625234 0.245548 -0.498466 5.878917 0.158279 0.601415 2.772918 -0.705861 -0.427748 -0.556329 0.080133 0.384195 0.469981 -1.029473 -0.710802 
0.000000 -62.069192 -5.255454 -1.599166 -2.467095 0.312976 3.287813 1.174290 -0.376606 -1.017390 -1.342402 0.873061 0.722828 3.741107 -1.604531 1.577272 3.760193 -0.219200 -1.667262 -0.352087 0.357303 -0.507394 0.976362 -1.015930 -0.748679 15.868368 2.043538 -1.875188 2.661393 -1.924067 -0.666646 -1.622725 0.469395 1.207966 0.152628 -0.551771 0.116594 
118.573547 -41.095661 -4.267919 -1.949345 5.091809 -2.323350 -1.039253 -1.312698 1.041334 0.112617 0.170863 -0.952085 -0.055566 19.033890 1.264378 -1.202887 4.201885 -1.469009 -1.611557 -1.736162 0.827721 0.566701 0.930490 -0.857993 -0.265279 2.606667 0.833014 -1.799110 -1.466759 0.242883 1.220335 0.540333 0.233289 0.393188 -0.313036 0.608355 0.503909 
0.000000 -24.001413 -2.726698 -4.004940 5.936676 -2.625042 0.064699 -2.298034 1.278835 0.116013 0.518579 -0.842925 0.192271 8.954441 0.061497 -2.020948 0.826675 0.266566 0.773409 0.728579 0.823882 0.278982 0.350290 0.200781 0.259138 -9.774221 -1.548314 0.127738 -1.653972 1.237210 0.812535 1.407193 0.041688 -0.150392 -0.415629 0.427021 0.373672 
0.000000 -23.186778 -4.144924 -5.991241 6.745159 -1.790218 0.507565 0.144461 2.689097 0.670580 0.871442 -0.550523 0.462710 -0.514553 -1.832250 -0.947411 0.893940 1.005412 0.013513 1.078225 0.911097 0.265917 0.099233 -0.003951 0.482066 -5.540294 -0.598389 1.352950 0.227853 0.198745 -0.844770 -0.473728 -0.481874 0.155808 -0.295380 -0.175639 -0.108591 
0.000000 -25.030519 -6.391198 -5.899762 7.724557 -0.614217 0.091726 -0.141584 3.101029 0.647847 0.717045 -0.850828 1.156403 -2.126146 -1.135280 0.684952 1.282382 0.664057 -0.916131 -0.218877 -0.139865 0.590597 -0.240471 -0.150497 0.041957 -0.243155 1.316384 0.994830 0.128299 -0.423047 -0.122431 -0.413273 -0.875615 0.085018 -0.216638 -0.142962 -0.503072 
0.000000 -27.439071 -6.415484 -4.621336 9.309923 -0.462104 -1.324697 -0.293293 2.409367 1.851774 0.390501 -0.851518 0.546624 -1.000864 0.800519 1.042248 1.150538 0.159318 -0.231349 0.251680 -0.840134 0.435953 -0.334042 -0.289875 -0.524077 1.925560 1.573984 0.315410 -0.525608 -0.092794 0.723543 0.499825 -0.145488 -0.413652 -0.095901 -0.075186 -0.072124 
246.435898 -27.032246 -4.790160 -3.815266 10.025632 -0.295581 -0.370972 0.361775 1.420762 1.519754 0.048961 -1.430577 0.108249 1.724974 2.012689 1.315772 0.231166 0.478469 0.530955 0.780773 -0.430840 -0.236707 -0.432273 -0.300870 -0.102292 1.086306 0.302697 -0.265240 -0.850247 -0.159403 -0.010283 -0.060261 0.735921 0.010474 0.196179 0.202879 0.207633 
0.000000 -23.989122 -2.390107 -1.989793 9.772256 0.494835 -0.262787 1.268252 1.547686 1.378360 -0.474046 -1.453258 0.342040 1.171748 1.405912 0.511767 -0.549957 -0.159488 -0.251915 0.131158 0.631709 0.456902 0.058315 0.115883 -0.108810 -1.226214 -1.474285 -1.666612 -0.743568 -0.370245 -0.176902 -1.183338 0.256417 0.081620 0.672730 0.445739 0.024101 
0.000000 -24.688749 -1.978336 -2.791731 8.925718 -0.614557 -0.874801 0.624091 2.684180 2.433557 0.165592 -1.198811 -0.109372 -0.727454 -0.935882 -2.017453 -1.255970 -0.262021 0.177151 -1.585904 0.081994 -0.073467 0.913187 0.590607 -0.054089 -0.409089 -0.904037 -0.967820 -0.317288 -0.122647 0.553048 -0.326032 -0.797931 -0.545412 0.345539 0.120951 0.007383 
0.000000 -25.444029 -4.261872 -6.024700 7.260317 -0.029207 0.091514 -1.903556 1.711675 1.231425 1.352328 -0.272043 0.233861 0.353569 -0.402161 -1.423872 -1.184534 -0.404782 0.854182 -0.520906 -0.964152 -0.633922 0.749394 0.357785 -0.094044 0.780765 0.684849 1.186547 0.529891 -0.463996 -0.078366 1.308526 -0.163554 0.082246 -0.363431 -0.289299 -0.165147 
0.000000 -23.981611 -2.782658 -5.639474 6.556650 -1.424121 0.833563 -0.417722 0.755876 1.165713 1.664380 -0.483240 -0.297460 0.834076 0.433815 0.355642 -0.196188 -1.190012 0.020419 1.031147 -0.245114 0.091024 0.186324 0.012010 -0.384383 -0.571031 -0.014073 0.824226 0.827233 0.105861 -0.785120 0.265075 0.811848 0.537937 -0.525018 -0.217007 0.079292 
246.556808 -23.775877 -3.394241 -5.313417 6.867941 -2.409232 0.132353 0.158738 1.221446 1.413474 1.724976 -0.248023 -0.534905 -0.788493 -0.430308 0.224580 0.469932 -0.193060 -0.716059 0.009243 0.659544 0.441951 -0.300642 -0.076228 0.064539 -1.023268 0.131846 0.029927 0.110491 0.631769 -0.291250 -0.746760 0.562120 0.135464 -0.289241 -0.145035 0.366169 
0.000000 -25.558597 -3.643274 -5.190313 7.496513 -1.810241 -0.598554 -0.399236 2.074964 2.049615 1.063096 -0.635696 -0.168382 -1.212460 0.697507 0.415496 0.024793 0.073526 -0.562080 -0.462373 0.879125 0.361952 -0.392157 -0.278061 0.347954 -0.011378 0.192778 0.634219 -0.589650 0.021068 0.243675 0.238933 -0.395431 -0.391966 -0.020152 -0.012410 -0.099052 
0.000000 -26.200798 -1.999227 -4.482424 6.917528 -2.262179 -0.991808 -0.766007 2.979696 2.137378 0.940662 -0.804145 0.161003 -0.811250 -0.044752 1.493019 -0.709368 -0.150923 -0.228708 0.487110 -0.131318 -0.341981 -0.340945 -0.101049 -0.133565 0.007612 -1.930555 0.845071 -0.764126 0.081271 0.738729 0.098745 -1.016002 -0.701600 0.075940 0.118938 -0.373681 
0.000000 -27.181097 -3.732778 -2.204276 6.077777 -2.112087 -1.055971 0.574984 1.812328 1.365652 0.381205 -0.837793 -0.435511 -1.197236 -3.163602 2.105637 -1.503460 0.236068 0.915378 -0.264882 -1.152879 -1.041249 -0.240277 -0.040185 -0.399408 -0.833104 -2.358211 0.064296 -0.595200 0.088780 0.880450 -0.459013 -0.242569 -0.122748 0.267883 0.127991 0.084794 
0.000000 -28.595270 -8.326431 -0.271150 3.910608 -1.790044 0.838949 -1.295771 0.673939 0.054880 0.460107 -0.884515 -0.637813 -2.477459 -4.761173 1.621611 -1.899767 0.026637 1.532191 -0.430917 -0.616455 -0.587478 0.194820 0.154934 0.036023 -0.260419 0.108850 -0.444625 0.251351 -0.598118 -0.410346 0.540831 0.448607 0.616266 0.208397 0.163731 0.390451 
0.000000 -32.136015 -13.255124 1.038946 2.278242 -2.058813 2.008412 -0.286849 0.579418 0.190697 0.770844 -0.527925 -0.363465 -1.718073 -2.945901 1.216386 -1.000757 -0.960168 0.094686 0.816780 -0.255664 0.191283 0.176516 0.287276 0.381494 0.772800 1.720289 -0.793656 0.787634 -0.203336 -1.012800 0.216505 0.277272 0.306794 -0.017452 0.057759 0.043619 
0.000000 -32.031417 -14.218234 2.161623 1.909095 -3.710379 1.028321 0.337789 0.162610 0.437446 0.813138 -0.309962 0.125176 -0.931860 -1.320595 0.034300 -0.324499 -0.380035 -0.493409 0.002094 -0.061912 0.026110 0.159915 0.270452 0.123260 0.254665 1.026545 -0.874323 0.537548 0.522249 -0.278740 -0.604993 0.339618 -0.136476 -0.140865 0.031251 -0.294982 
0.000000 -33.999734 -15.896314 1.107545 1.629243 -2.818882 1.021594 -0.282661 0.455595 0.242917 1.090674 0.012978 -0.116944 -1.208744 -0.892812 -0.532259 0.074340 0.084329 -0.462793 -0.393207 0.423571 -0.081669 -0.105214 0.349777 -0.208470 -2.682290 1.038121 0.122299 0.318277 0.131805 0.328368 -0.123025 0.095871 0.060264 -0.552383 -0.075567 -0.182345 
0.000000 -34.448905 -16.003858 1.097104 2.057775 -3.541720 0.102734 -0.448624 1.009752 0.274109 0.602709 0.389592 -0.291764 -6.296440 0.755646 0.278897 0.312054 -0.116425 0.163327 -0.243957 0.129830 0.146638 -0.944851 0.119318 -0.241430 1.762820 2.882548 -0.501710 1.103895 0.545981 0.689601 -0.010167 -0.251231 0.091432 0.129814 -0.200929 -0.026582 
0.000000 -46.592613 -14.385022 1.665338 2.253350 -3.051732 1.348247 -0.770575 0.715255 0.536193 -0.799027 0.251614 -0.599803 2.316896 4.872284 -1.535679 2.282130 1.176291 0.916408 -0.413540 -0.078891 0.101195 0.154414 -0.052081 -0.261633 8.118336 1.926294 -1.094283 0.917245 0.404962 0.005637 -0.196890 0.168602 -0.099867 0.713912 -0.019342 0.092292 
0.000000 -29.815114 -6.259290 -1.974253 6.622036 -1.189138 1.935550 -1.275705 0.851970 0.476498 0.911538 0.285429 -0.815031 9.940232 4.608234 -1.909669 2.146544 0.693498 0.174601 -0.637736 0.467033 -0.053095 0.482973 0.080634 -0.056846 -0.409842 -1.495753 0.393738 -1.440237 -0.810482 -0.382512 0.082624 -0.421722 0.078134 -0.024504 0.276643 -0.087975 
0.000000 -26.712149 -5.168554 -2.154000 6.546438 -1.664736 1.697449 -2.046048 1.649321 0.430002 0.166918 0.412882 -0.713495 1.497211 1.880778 -0.748203 -0.598343 -0.444672 0.151383 -0.248292 -0.922335 0.257463 0.105407 0.501205 -0.437582 -3.542213 -1.480115 0.054395 -1.690095 0.128841 -0.177119 0.485220 -1.038567 0.186592 -0.028804 0.133322 -0.042072 
165.257095 -26.820691 -2.497734 -3.470659 5.425350 -2.078483 2.238316 -1.772289 -0.992700 0.991425 1.122351 1.287839 -1.690195 2.855806 1.648005 -1.800878 -1.233646 0.951181 -0.179637 0.332704 -1.610100 0.320089 0.425365 0.347278 -0.140991 1.159197 -0.424064 -0.314422 -0.037782 0.773166 -0.124862 0.276020 0.387847 -0.270781 -0.241302 -0.251412 0.370446 
0.000000 -21.000537 -1.872544 -5.755757 4.079146 0.237627 1.338175 -1.380640 -1.570879 1.070181 1.017648 1.107438 -0.995477 3.815606 1.032650 -1.377047 -0.673907 1.101660 -0.098342 0.303749 -0.146641 -0.284099 -0.377197 -0.001620 0.303309 -1.392365 -0.267984 0.215863 0.543201 -0.642861 0.300178 0.303290 1.210692 -0.561371 -0.552850 -0.280976 0.309556 
252.221741 -19.189479 -0.432435 -6.224752 4.077537 0.124836 2.041632 -1.164792 -1.285982 0.423228 0.367957 1.284599 -1.083576 0.071075 1.112036 -1.369152 -0.147243 -0.334541 0.420718 0.939284 0.811284 -0.802653 -0.680335 -0.214673 0.478121 -1.872434 -0.499345 0.320885 0.043554 -0.691326 -0.068124 0.414513 1.000339 -0.272389 -0.091224 -0.223429 0.131685 
178.052200 -20.858388 0.351528 -8.494061 3.784660 -0.431455 2.179612 0.497928 0.051688 -0.535126 -0.343021 0.678092 -0.039235 0.070737 0.033961 -0.735276 -0.586799 -0.280993 -0.234590 1.132774 1.854037 -0.828876 -0.559646 -0.448478 0.566679 0.303626 -0.204167 1.070282 0.016281 0.260606 -0.626200 -0.538733 0.209748 0.228357 0.313199 -0.133634 -0.238405 
176.729202 -19.048004 -0.364514 -7.695305 2.903939 -0.437150 1.572452 1.100756 2.422092 -1.234524 -0.751335 0.387642 0.049781 0.678328 0.703703 0.771411 -0.114681 0.186671 -0.831682 -0.138182 1.230780 -0.345938 -0.053936 -0.481942 0.001310 0.152435 1.233316 0.812417 0.629562 -0.070809 -0.149287 -1.135803 -1.343889 0.684008 0.279094 0.386573 -0.304878 
263.142426 -19.501733 1.758934 -6.951238 3.555299 -0.058114 0.516249 0.221564 2.513248 -1.227002 -0.450894 -0.285793 -0.036614 0.375608 2.500592 0.889558 0.672325 -0.422611 -0.533163 -1.138832 -0.833741 0.539140 -0.001458 0.324667 -0.043077 0.373728 0.627139 -0.241412 0.262293 -0.449780 0.399652 -0.403970 -0.977470 0.352008 -0.038971 0.525635 0.023078 
262.762421 -18.296789 4.636670 -5.916189 4.248590 -1.282371 0.506125 -1.176908 0.754611 -0.156244 -0.754250 1.036977 -0.036372 1.425783 1.957981 0.288588 0.409905 -0.712889 -0.032377 -0.946122 -0.724159 0.358078 -0.131877 0.569328 0.047466 -0.100919 -0.675195 -0.581025 -0.520617 0.015007 0.287247 0.429445 0.315019 -0.234093 0.198129 -0.372586 0.056998 
252.283539 -16.650166 5.674896 -6.374063 4.375108 -1.483892 0.451494 -1.670680 1.064929 -0.510846 -0.714648 0.852864 0.058319 0.173770 1.150202 -0.272491 -0.368909 -0.392596 0.041330 -0.279941 -0.203702 0.070955 0.394801 -0.420504 0.070920 -1.222185 -0.457192 0.073136 -0.404536 -0.000436 0.078598 0.615179 0.092336 -0.192366 0.406477 -0.533830 0.012831 
258.939606 -17.949249 6.937074 -6.461172 3.510773 -2.067564 0.588785 -1.736790 0.347207 -0.014335 0.035351 0.195969 0.105467 -1.018586 1.043597 0.434860 -0.399167 -0.713761 0.124818 0.284236 -0.539488 -0.026654 0.681076 -0.498332 0.073129 -0.503763 -0.038284 -0.009401 0.365326 -0.045220 -0.181688 0.700833 -0.377265 0.227580 -0.293757 0.184078 0.002619 
261.163879 -18.687339 7.762089 -5.504344 3.576774 -2.911413 0.701130 -1.102209 -0.014047 -0.564154 0.647503 -0.143801 0.204576 -0.833757 1.073634 -0.291293 0.361744 -0.483037 -0.322045 1.121726 -0.958231 0.526115 -0.192713 -0.052347 0.076157 0.430339 -0.667727 -0.564774 0.328349 0.261146 -0.293643 0.400251 0.080054 -0.021694 -0.526270 0.403388 -0.020687 
261.278015 -19.616763 9.084341 -7.043759 4.234261 -3.033637 -0.055305 0.506661 -1.569255 1.037895 -0.350074 0.091274 0.257780 -0.157908 -0.291858 -0.694689 0.257532 -0.191469 -0.462469 1.084737 -0.379379 -0.070042 -0.371464 0.308443 0.031754 0.063611 -1.190886 0.131576 0.054987 0.175839 0.190826 -0.432650 0.545604 -0.602770 0.076017 0.166772 -0.100027 
262.319519 -19.003154 7.178373 -6.893721 4.091838 -3.294351 -0.223807 1.067265 -0.772806 -0.704238 -0.095425 0.473085 0.268085 -0.706536 -1.308139 -0.028140 0.471718 -0.131359 0.059608 0.256425 0.132976 -0.679425 -0.040679 0.281196 -0.123898 -0.930229 -0.352083 0.279530 -0.015538 0.333256 0.181604 -0.553803 -0.127612 0.456691 -0.054856 -0.124859 -0.148325 
265.082153 -21.029835 6.468064 -7.100040 5.177698 -3.296355 0.063911 1.019510 -1.303304 -0.320955 -0.431431 0.653666 0.009984 -2.018365 -0.996024 -0.135629 0.226455 0.475042 -0.099261 -0.022870 -0.634603 0.843339 -0.481175 0.058724 -0.264897 -0.434680 0.359546 0.144197 -0.248242 0.097914 0.008567 0.049348 -0.078366 0.973485 -0.175035 0.050222 -0.220351 
266.008820 -23.039885 5.186325 -7.164979 4.544748 -2.344267 -0.422330 1.021524 -2.042012 0.982439 -1.057776 0.590532 -0.261708 -1.575895 -0.589047 0.260253 -0.024766 0.064470 0.076741 0.355122 -0.023756 1.267546 -0.390750 0.381640 -0.564600 0.275027 -0.143301 0.228233 0.042009 0.135815 0.318759 -0.046239 0.462229 -0.032915 0.038917 0.136961 -0.248543 
261.778992 -24.181625 5.289969 -6.579533 5.128166 -3.167415 0.217394 1.729753 -1.350816 2.214137 -1.212930 1.416947 -1.119216 -1.468311 -1.282626 0.320836 0.310474 0.746671 0.538258 -0.115348 0.289856 0.777509 -0.403341 0.332647 -0.761983 -0.927641 -0.765550 -0.698855 -0.172878 0.786947 0.245346 -0.736218 0.276086 -0.579988 0.173333 -0.525854 0.329689 
253.752502 -25.976507 2.621074 -6.523307 5.165696 -0.850924 0.654186 0.790828 -1.462300 2.537458 -1.864458 1.255825 -1.785673 -3.431178 -2.120147 -1.137458 -0.370522 1.638365 0.567433 -1.117314 0.528416 0.107569 -0.044084 -0.670069 0.094779 -1.100945 -0.617419 -1.646300 -0.806112 0.411144 -0.970840 -0.110683 1.005070 -0.558645 0.387083 -0.553551 0.576758 
249.408997 -31.043980 1.049676 -8.854449 4.387122 0.109314 1.352259 -0.504875 -0.293983 2.429276 -1.301098 0.076810 -0.929658 -3.670202 -2.517463 -2.971763 -1.301751 1.568959 -1.403423 -0.336715 2.299995 -0.339780 0.370825 -0.774456 0.391533 0.284423 -0.532882 -0.483219 0.325943 0.468584 -1.646633 0.559723 0.494754 -0.587080 0.220685 0.533727 0.260074 
243.875381 -33.316911 -2.413853 -12.466834 2.562195 2.286994 -2.152660 0.117398 3.137690 1.857897 -1.122808 -0.293086 -1.002607 -2.862331 -3.185910 -2.103896 0.281365 2.575533 -2.725833 0.002132 1.517924 -1.066591 0.397286 0.397385 0.614927 -0.138822 -0.515489 1.289146 1.658949 0.039598 -0.022263 0.037619 -1.280295 -0.635302 0.421453 0.419039 -0.007421 
0.000000 -36.768642 -5.322145 -13.062240 4.949852 5.260381 -4.099406 -0.500610 2.741864 0.296094 -0.506526 0.871579 0.300195 -3.947846 -3.548442 -0.393472 2.016148 1.648155 -1.447949 -0.261476 -0.260594 -1.610384 1.213731 0.063622 0.376690 0.195602 0.859289 1.102287 0.285510 -1.757500 1.344185 0.281983 -1.397031 0.267245 0.253181 -0.498830 -0.521576 
0.000000 -41.212602 -9.510736 -13.253778 6.594490 5.583303 -5.048557 -0.405555 2.616502 -1.362871 1.304653 -0.165842 -0.249227 -2.471126 -1.467331 0.100678 0.852385 -0.939467 -0.037462 0.566099 -1.276139 -0.532102 0.903648 -0.600275 -0.428226 -0.218322 1.086608 -0.620488 -0.864035 -1.378958 0.705684 0.520074 -0.727347 0.966436 -0.325168 0.045314 -0.433424 
0.000000 -41.710895 -8.256808 -12.860883 6.654622 3.381447 -4.174331 0.631587 0.189587 -0.768110 1.300770 -0.328971 -0.556256 -4.384490 -1.375225 -1.634448 0.288077 -1.109761 -0.036582 0.778673 -1.715288 0.322487 0.563394 0.154250 -0.490157 -0.541151 0.677144 0.044084 0.019179 0.317991 -0.204533 -0.007854 0.485540 0.243198 -0.261484 0.296333 0.002459 
0.000000 -49.981582 -12.261187 -16.522674 7.170644 3.363781 -5.121721 1.151791 -0.814075 -0.717897 2.431441 0.142658 -1.229540 -3.553427 -0.113043 0.188845 0.890744 -0.303486 -0.446528 0.550391 -0.305058 -0.045705 0.380680 -0.007610 -0.423307 2.722740 2.160934 2.465529 -0.171065 0.332170 -0.113813 -0.166827 1.382735 -0.619376 -0.500387 0.151392 -0.039214 
0.000000 -48.817749 -8.482893 -12.483192 8.436110 2.774476 -5.067388 1.732368 -0.420530 -0.859520 2.062130 -0.344190 -1.402871 1.060990 2.946642 3.296610 -0.054053 -0.445421 -0.264208 0.445019 1.050181 -0.916265 -0.437380 0.457034 -0.568585 2.197225 -0.460204 0.690515 -0.665795 -0.279952 0.103117 -0.044884 0.714236 -0.642552 -0.440473 0.531541 0.076324 
0.000000 -47.859603 -6.367903 -9.929454 7.062539 2.472939 -5.650137 2.041829 1.286287 -2.550427 1.556680 1.056726 -2.366710 0.841022 -1.033451 1.569875 -0.440847 -0.863390 -0.240294 0.460622 1.123413 -1.330808 -0.500267 1.055472 -0.270659 -1.418945 -1.135587 -1.220881 -0.125764 -0.116364 0.320691 -0.172668 -0.489175 0.441411 0.117668 -0.228338 0.412765 
0.000000 -47.135704 -10.549796 -9.343442 7.554416 1.047696 -5.547975 2.653612 1.826295 -3.521137 1.061596 1.766755 -1.944188 -1.776901 0.675468 0.854848 -0.305581 -0.678148 0.377174 0.099683 0.071830 -0.033443 -0.202044 0.000359 0.256945 -1.489936 1.899933 -0.504016 -0.055336 0.448932 0.283193 -0.333415 -0.660793 0.891360 0.272883 -0.705064 0.158172 
0.000000 -51.413404 -5.016967 -8.219757 6.451377 1.116643 -4.895789 2.241196 1.429947 -2.617312 1.152592 1.057443 -1.852819 -2.138850 2.766414 0.561843 -0.551520 0.034474 0.326093 -0.206208 -0.198174 0.451912 0.045498 -0.354656 0.045685 -0.180975 1.045473 -0.146503 -0.122969 0.356311 -0.025540 -0.152946 -0.135002 0.242677 0.123771 -0.177507 -0.105630 
