123.021446 -31.828799 5.298354 -9.939772 0.414414 0.262481 -0.533358 3.266072 1.771484 0.326618 0.459702 0.471584 1.051452 -0.889046 -1.109911 -0.148704 -0.071522 -0.414643 0.128895 -0.426115 0.054789 0.543258 0.418251 0.396453 0.125375 -0.117268 0.496734 0.639554 -0.658767 -0.002893 0.383636 -0.109793 0.156635 0.097223 -0.095635 0.117741 -0.049404 
397.722870 -33.606891 3.078533 -10.237180 0.271370 -0.566805 -0.275567 2.413841 1.881063 1.413134 1.296204 1.264490 1.302201 -1.123582 -0.116444 1.130404 -1.389057 -0.420430 0.896167 -0.645702 0.368060 0.737704 0.226980 0.631934 0.026566 0.341243 2.360310 1.357550 -1.025720 0.133094 0.299986 -0.116439 -0.113160 -0.376033 -0.236695 -0.088767 -0.213768 
393.263000 -34.075964 5.065467 -7.678964 -2.363700 -0.578379 1.258976 1.974668 2.507604 1.802026 0.913662 1.735452 1.104585 -0.206559 3.610709 2.566396 -2.122961 -0.148455 0.728868 -0.658994 -0.171530 -0.208809 -0.055139 0.218919 -0.302161 -1.083193 1.737854 0.919323 0.099179 0.540218 -0.269460 0.412888 -0.504048 -0.703277 -0.040748 -0.321763 -0.125694 
385.178192 -34.020010 10.299951 -5.104388 -3.974552 -0.863715 1.182169 1.095854 1.538003 0.995517 1.185926 1.702327 0.697879 -3.289968 3.359264 2.969051 -1.190700 0.660007 0.357248 0.180075 -0.640036 -0.668849 0.145484 -0.011592 -0.224821 -2.054076 -2.097478 0.296626 2.131930 0.695438 0.022659 0.379021 -0.579750 -0.364484 -0.321822 -0.510227 0.070989 
381.494171 -40.655899 11.783995 -1.740862 -4.745099 0.741634 1.973471 2.334817 1.227532 0.464327 1.204630 1.712268 0.654942 -4.314711 -0.584247 3.159647 2.140900 1.242420 0.774185 0.099049 -1.331030 -0.937776 -0.698784 -0.801535 -0.160182 2.191533 -2.218698 -0.400676 2.563592 -0.326074 -0.265060 -0.554436 -0.882820 -0.300478 -0.270747 -0.487326 0.098306 
365.317627 -42.649431 9.131456 1.214907 0.307247 1.621126 2.730539 1.293952 -1.124056 -0.880036 -0.211642 0.099257 0.377515 1.093098 -1.078132 2.167699 3.936485 0.007858 -0.172873 -0.928798 -2.405675 -1.269806 -0.396010 -0.986244 -0.028209 3.370549 1.005001 -1.319947 -0.679290 -1.108028 -1.076654 -0.329580 0.004920 0.366073 0.505757 0.270590 -0.145959 
361.797363 -38.469703 9.627730 2.594535 3.127870 0.757351 1.627725 0.477222 -3.583819 -2.075284 0.412610 -0.260220 0.598523 2.426387 1.425754 0.519753 0.782320 -0.973636 -1.379123 -0.560111 -1.321190 -0.205630 0.312730 -0.260355 -0.452101 -0.176257 0.676988 -1.090939 -2.106933 -0.011249 -0.401248 0.019619 1.042996 0.437007 -0.084005 0.304760 -0.252369 
343.061737 -37.796657 11.982963 2.254412 1.871887 -0.326146 -0.027708 0.173730 -3.766437 -1.291296 0.413818 -0.421453 -0.526686 0.740584 0.275843 -0.014180 -0.277381 -0.014640 -0.975369 -0.889560 -0.319683 -0.395792 -0.564020 -0.376723 -0.532947 -1.079775 -1.383239 -0.787188 -0.164297 0.859365 0.452779 0.167156 0.712863 -0.367610 -0.670427 -0.195646 0.176690 
323.832001 -36.988535 10.179417 2.566174 2.573108 0.728070 -0.323013 -1.301897 -4.223184 -2.866868 -0.715430 -1.013667 -0.467372 0.266836 -1.340725 -1.054623 0.453725 0.745094 -0.473565 -0.225798 0.104535 -0.940851 -1.028124 -0.651646 -0.098720 -1.630825 -2.136818 -0.332276 0.647859 0.224029 0.611062 0.511683 0.724445 0.632066 0.239522 0.303473 0.308689 
313.249329 -37.262984 9.301513 0.145166 2.779337 1.164042 -0.974837 -0.277866 -3.557367 -3.172999 -1.642431 -1.724746 -0.724126 -2.521066 -3.997793 -0.678732 1.018337 0.433418 0.246754 0.133807 1.129207 0.868340 -0.084976 0.230223 0.084431 1.258085 -3.148681 0.262070 0.601907 -0.471163 1.082773 0.040133 0.344645 1.465081 0.801467 0.782998 0.117104 
303.798187 -42.030667 2.183831 1.208710 4.609782 1.594907 0.170496 -1.034282 -1.964769 -1.130188 -0.885382 -0.553221 -0.298511 2.783007 -7.638087 -0.530482 1.657539 -0.197231 1.691981 -0.145533 0.793825 1.989310 0.574810 0.914350 0.135487 4.774853 0.973298 -0.458366 -0.358813 -0.725503 0.706030 0.508000 -0.457796 -0.042324 0.220204 0.292703 0.354815 
276.396698 -31.696970 -5.974661 -0.915798 6.094415 0.769580 2.409125 -0.568931 -1.969717 0.805622 -0.492812 0.103954 -0.453151 7.028640 -2.051197 -1.595465 0.300711 -1.017587 1.658815 1.149806 0.213616 0.783692 0.355432 0.815628 0.794061 -2.812059 6.567118 -0.063867 -1.834333 -0.111642 -0.677729 0.603322 -0.210156 -1.335358 -0.077914 -0.320569 0.211833 
191.148682 -27.973387 -1.918563 -1.982220 5.211203 -0.440268 3.488126 1.265331 -1.537538 0.437195 -0.174517 1.078035 1.289611 -2.841111 5.496150 -0.658217 -2.011127 -0.420515 0.336524 1.061112 0.373513 -0.681405 0.418981 0.273212 0.559152 -6.822906 2.314398 0.092836 -1.127599 0.786500 -0.366115 -0.028810 0.107329 -0.625537 -0.106037 -0.506858 -0.461616 
369.229767 -37.379193 5.017639 -2.232232 2.072160 -0.071451 3.082173 1.553292 -1.222692 -0.557189 0.345151 0.650378 0.665154 -6.617172 2.577598 -1.409792 -1.954487 0.555412 0.926585 1.092186 0.428274 -0.467383 0.143358 -0.198088 -0.129172 1.220225 -2.403519 0.747531 1.222821 -0.246050 -0.099630 -0.215674 -0.566150 0.395860 -0.057494 -0.430823 -0.123789 
389.221466 -41.207731 3.236634 -4.801805 1.302229 0.670555 5.341296 3.449703 -0.680989 -0.497570 0.112200 0.681859 1.031267 -0.400661 0.689113 0.836846 0.434514 -0.912615 0.137263 0.629763 -0.758786 0.110314 0.303994 -0.588433 0.311574 5.737542 -0.292748 1.871915 1.587376 -1.478320 -1.285352 -0.717362 -0.671666 0.141478 0.014578 -0.359681 -0.037096 
369.026398 -38.180515 6.395865 -0.558541 2.941188 -1.896680 3.356698 2.812818 -2.740264 -0.336561 0.953139 -0.526489 1.288302 4.857912 1.992102 2.334037 1.220266 -2.401228 -1.644118 -0.342538 -0.915057 -0.184426 0.172515 -0.917450 -0.203363 2.064341 -2.802039 0.935438 -0.270401 0.037465 -0.353650 -0.846734 0.877355 -0.182930 -0.666133 0.442541 -0.322384 
363.242218 -31.491908 7.220837 -0.133731 3.742760 -4.131902 2.053059 2.764626 -2.511103 -0.866423 0.457231 -1.153042 0.624540 3.728021 -4.914966 2.707721 -0.106287 -0.837685 -0.570038 -1.063706 0.995923 -0.255545 -1.028272 0.296649 -0.333193 -4.119883 -6.476182 -0.565417 -1.110351 1.952732 1.059455 -0.370355 0.851646 0.400672 -0.210557 0.872018 0.161187 
346.504608 -30.724472 -3.434067 4.856902 2.728614 -3.572050 2.216623 0.685406 -0.748418 -0.847651 -1.103406 0.066809 0.621915 -3.381854 -10.960263 1.203202 -1.000436 1.504235 0.474791 -1.083249 0.788235 0.616918 -0.248598 0.826586 0.119010 -4.973666 -1.399072 -2.407417 -0.251418 1.504811 0.259763 0.347192 -0.506943 0.693309 0.833785 0.056865 0.221621 
0.000000 -38.255615 -14.699688 2.272674 1.741888 -1.123432 3.002642 0.598128 -0.934633 0.367413 -0.039966 0.500130 0.862560 -6.219311 -7.713110 -2.107113 -0.609124 2.171937 -0.050511 -0.369323 -0.017963 1.131073 0.639298 0.410380 0.110049 2.862200 8.285761 0.693969 0.353361 -0.992250 -1.107064 0.327009 -0.143531 -0.078509 -0.159991 -1.128683 -0.507758 
0.000000 -43.163094 -18.860286 0.642676 1.510365 0.771823 2.115601 -0.053239 -0.784345 1.414496 0.175189 0.887568 0.842013 2.342545 5.611260 2.591141 -0.293715 -0.480264 -1.739338 -0.429231 0.501172 0.459900 -0.568580 -1.430780 -0.896506 5.188683 11.108615 2.612084 0.410245 -1.914394 -0.830516 0.517026 -0.010162 -1.005232 -0.472379 -1.038344 -0.506662 
0.000000 -33.570525 -3.477168 7.454956 1.154459 -2.083961 -0.476033 -0.260335 0.067712 1.287213 -1.177127 -2.361430 -0.930452 4.158054 14.504120 3.117056 0.211366 -1.656852 -1.711544 0.664729 -0.038288 -0.879391 -0.305461 -1.666308 -0.903276 -2.164777 0.798731 -1.566810 0.449201 0.659989 0.876937 0.234579 -0.623839 -0.579716 0.352231 1.139640 0.624718 
296.620361 -34.846985 10.147954 6.876788 1.933097 -2.541880 -1.307487 1.276220 -0.860921 -0.344287 -0.435733 -2.445048 -0.964539 -1.987009 7.208722 -0.542479 0.604687 0.839713 0.014537 0.039927 -0.746506 -0.699531 0.135881 0.848501 0.352931 -3.467294 -7.380890 -1.782709 0.196958 1.602468 1.201673 -0.648818 0.174669 0.469676 -0.031287 1.237061 0.514459 
288.661438 -37.544543 10.940276 6.369997 2.363832 -0.404535 -0.446959 -0.180481 -1.425300 -0.111850 -0.905365 -0.664428 -0.224590 -2.776534 -0.257660 -0.448361 0.605282 1.548085 0.691803 -0.632907 0.311050 0.059960 -0.368035 0.807814 0.125643 -0.278465 -4.046908 0.140942 -0.157810 0.097295 0.473989 -0.018790 0.391827 0.305743 0.048824 -0.406098 -0.299644 
287.638916 -40.400053 9.632634 5.980065 3.143661 0.554289 0.076118 0.010406 -0.238821 -0.224366 -1.171803 -0.829420 -0.713253 -2.543939 -0.885094 -0.260595 0.289066 1.034303 0.962516 0.002347 0.037148 -0.088044 0.233529 0.036304 -0.246357 0.517683 -0.095713 0.045198 -0.268508 -0.451257 -0.026664 0.420408 -0.368500 -0.099068 0.363462 -0.358411 -0.071186 
281.748505 -42.632420 9.170088 5.848808 2.941964 1.664070 1.478072 -0.175788 -1.351004 -0.287938 -0.438307 -0.591820 -0.717305 -1.741167 -0.449087 -0.357965 0.068266 0.645571 0.638476 0.207909 -0.425951 -0.138176 0.358889 0.090992 -0.016730 0.640368 0.345108 0.090877 -0.008818 -0.437994 -0.669610 0.033476 0.110830 0.043462 -0.038765 0.073440 0.022575 
277.210815 -43.882388 8.734460 5.264136 3.280193 1.845432 1.353070 0.426224 -1.090723 -0.500717 -0.454025 -0.647436 -0.746713 -1.263202 -0.194878 -0.078841 0.271431 0.158315 -0.376704 0.069300 0.258808 -0.001121 0.155999 0.183184 -0.201207 0.714869 0.057116 0.420974 0.031663 -0.360025 -0.415272 -0.195723 0.227306 0.148201 -0.045804 -0.021972 -0.181783 
274.302399 -45.158824 8.780333 5.691126 3.484825 1.980700 0.724665 -0.037189 -0.833389 -0.290180 -0.126308 -0.225452 -1.119719 -0.311429 -0.334854 0.483982 0.131593 -0.074479 -0.192067 -0.183537 0.028661 0.158226 0.267280 0.047048 -0.380296 0.492927 0.016691 0.398004 -0.016621 -0.118242 0.136870 -0.042869 -0.057684 -0.088145 -0.187843 -0.155061 0.256683 
275.392883 -44.505247 8.064752 6.232101 3.543379 1.696474 0.968935 0.059150 -1.033401 -0.184265 0.080536 -0.553340 -1.507306 -0.277347 -0.161496 0.717168 0.238189 -0.078170 -0.102964 -0.016438 0.143439 -0.177410 -0.219686 -0.126938 0.312159 -0.282449 -2.091021 -0.143342 -0.376284 0.297497 -0.050335 0.156826 0.325031 -0.116013 -0.329693 -0.105129 0.353005 
277.528564 -45.713518 8.457340 7.125462 3.961204 1.824361 0.518737 -0.070066 -0.546511 -0.645001 -0.565681 -0.479327 -0.495401 -0.876327 -4.516895 0.197298 -0.620975 0.520514 -0.292738 0.130114 0.678723 -0.073800 -0.392105 -0.163210 0.325713 0.433876 -4.179434 -2.369378 -1.813483 0.265086 0.593099 0.249017 0.008199 0.058131 -0.075894 0.124274 -0.047357 
274.048828 -46.257900 -0.969038 6.626696 2.301430 2.737502 0.383459 0.319378 0.324045 -0.331864 -0.703675 -0.879760 -0.855880 0.590404 -8.520365 -4.021587 -3.388776 0.452002 1.083234 0.481596 0.159836 -0.061148 -0.371474 0.121611 0.217444 1.551428 1.020020 -1.814040 -0.961413 -0.558116 0.239684 -0.039315 -0.530029 -0.130208 0.093030 0.267418 0.070062 
284.458527 -44.532710 -8.583390 -0.917713 -2.816349 2.728364 2.685204 0.893126 -0.226838 -0.767296 -1.308629 -0.236105 -0.060512 2.226529 -2.476855 -3.430782 -2.543800 -0.595717 0.186630 0.051483 -0.381334 -0.334216 -0.206045 0.371626 0.465838 0.014604 6.566095 3.280777 2.336371 -0.291268 -0.918101 -0.497568 -0.238254 0.051994 0.205763 -0.225631 -0.107112 
0.000000 -41.804842 -5.922748 -0.234868 -2.786170 1.546068 0.756718 0.422345 -0.438624 -1.000297 -1.115766 -0.136507 0.075795 0.619611 4.611825 2.539967 1.283966 -0.130535 -0.752968 -0.513540 -0.316672 0.042840 0.040052 -0.329652 0.003220 -2.160316 4.712041 3.198347 2.125451 -0.406236 -0.422140 -0.068801 0.222176 0.088822 -0.248054 -0.785078 -0.682364 
0.000000 -43.293488 0.640261 4.162221 -0.248416 2.467295 1.179268 -0.133954 -0.860182 -0.681616 -1.228525 -0.895408 -0.054072 -2.094104 6.947228 2.965912 1.707103 -1.408189 -0.657651 -0.086118 0.063019 -0.156573 -0.702153 -1.198529 -0.898891 -0.302606 0.018330 -0.820414 -0.416164 -0.954119 0.065466 0.486418 0.290601 0.101052 -0.182349 -0.272200 -0.434645 
308.232880 -45.993050 7.971708 5.696956 0.628035 -1.270309 -0.558583 0.250109 -0.312587 -1.313443 -2.520071 -2.533565 -1.721987 0.014399 4.648486 0.899138 0.451638 -2.038772 -0.622037 0.459296 0.264529 0.244944 -0.324646 -0.874051 -0.866070 1.947514 -2.518382 -1.132649 -0.862017 0.663651 0.523422 0.402643 0.251182 0.385671 0.485886 0.868896 0.690185 
298.313782 -43.264691 9.937233 5.960498 0.654860 -1.610250 -0.064806 0.784639 -0.331124 -0.191728 -1.877817 -2.643511 -1.786212 1.800925 1.910464 0.700614 -0.016932 -0.080886 0.389194 0.719167 0.565383 0.614769 0.269620 0.539264 0.481480 0.054261 -2.017376 -0.302733 -0.579872 0.585475 0.344543 0.026947 -0.016691 -0.232332 0.495217 0.961112 0.928709 
289.020752 -42.391199 11.792635 7.098185 0.594171 -1.432082 0.219804 1.688443 0.818180 -0.083905 -1.980831 -1.455037 -0.759027 0.122920 0.613734 0.293672 -0.708107 -0.867822 0.067048 0.513190 0.231147 -0.219720 0.665788 1.048173 0.991348 -1.433415 -1.789197 -0.864578 -0.430700 -0.704826 -0.268255 -0.183679 -0.528384 -0.375093 0.258961 -0.035459 0.030359 
273.434418 -43.018850 11.164701 6.547843 -0.761354 -3.345894 0.069291 1.811018 0.131171 -0.631167 -0.546241 -0.547165 0.196484 -1.065905 -1.667930 -1.028542 -0.878332 -1.490538 -0.147317 0.351810 -0.491385 -0.135416 0.787542 0.468346 0.542197 -1.320713 -1.668377 -0.936421 0.029714 0.293015 0.047342 -0.184774 -0.267718 0.292079 -0.031324 -0.338398 -0.529002 
234.762878 -44.523009 8.456775 5.041100 -1.162493 -4.413158 -0.074830 2.392062 -0.164590 -0.354738 -0.405747 -0.518345 0.325367 -2.518506 -2.723020 -1.579169 -0.648680 -0.281793 0.161731 0.143641 -0.304288 0.364439 0.603140 0.371376 -0.066655 -1.976073 -0.669862 -0.140523 -0.160438 0.804012 -0.017120 -0.676484 0.471403 0.354575 -0.187070 -0.028299 -0.451111 
231.542831 -48.055862 5.718662 3.389505 -2.058713 -3.909480 0.392754 2.098301 -0.477406 0.097710 0.660039 0.195588 0.063174 -5.018051 -3.007655 -1.309588 -1.199208 0.117486 -0.181556 -1.001158 0.451421 0.573734 0.413402 0.411749 -0.360024 -1.690487 -0.393406 0.132822 -0.169122 0.227947 -0.736068 -0.533193 0.563416 0.190975 -0.177821 -0.273550 -0.159232 
225.113266 -54.559110 2.441464 2.421924 -3.560910 -4.178186 -0.437942 0.389747 0.738253 0.792730 0.421057 0.305153 -0.394681 -5.899480 -3.509832 -1.313524 -0.986924 0.174100 -1.310404 -0.922744 0.822544 0.746389 0.247498 -0.175723 -0.385119 -2.722367 -0.298595 0.189952 1.092805 0.522393 -0.116980 0.502329 -0.155541 -0.210979 -0.232272 -0.242128 0.186595 
0.000000 -59.854821 -1.301002 0.762456 -4.032562 -3.561280 -2.228054 0.252812 1.167681 1.590488 1.155035 -0.155858 -0.707064 -10.462784 -3.604845 -0.929685 0.986402 1.162273 -0.415516 0.003501 0.140339 0.151775 -0.051141 -0.072506 0.013165 4.024527 2.100030 0.794235 1.469025 0.871419 1.268315 0.515802 -0.608065 -0.772068 -0.375442 0.172243 0.416181 
175.409805 -75.484679 -4.768227 0.562554 -1.588105 -1.853640 -1.268974 0.396749 1.018931 1.096281 0.318774 0.160141 -0.368351 2.149575 0.690228 0.274945 1.951126 1.916937 1.226227 0.108860 -0.393587 -0.797748 -0.503386 0.168763 0.447242 9.142684 2.159207 0.366503 -0.239968 -0.129164 0.475506 -0.100021 -0.259608 -0.314356 -0.027944 0.023672 0.097635 
0.000000 -55.555672 0.079454 1.312347 -0.130311 0.272595 0.224401 0.470533 0.380508 -0.005009 0.148262 0.181668 0.187420 7.822583 0.713569 -0.196678 0.506467 0.903946 0.535495 -0.196540 -0.378878 -0.476937 -0.107030 -0.025161 0.208436 -1.524866 -0.696354 -0.274993 -0.744499 -0.774676 -0.507267 -0.169909 0.166848 0.366267 0.222180 -0.063414 -0.346825 
92.187004 -59.839514 -3.341088 0.169198 -0.575170 -0.045749 -0.197984 0.003669 0.261176 0.142406 0.104715 0.109819 0.048520 -0.900156 -0.702480 -0.275041 0.462127 0.367585 0.211692 -0.230958 -0.059891 -0.065213 -0.059027 0.041936 -0.246409 -2.754309 0.224951 -0.000385 -0.277412 -0.352446 -0.134766 0.126517 0.166357 0.204639 0.073044 0.043771 -0.123978 
123.064369 -57.355985 -1.325506 0.762264 0.793944 1.007765 0.647786 0.008618 0.260726 -0.135436 0.030208 0.265539 -0.305397 2.313965 1.163472 -0.197447 -0.048357 0.199053 0.265962 0.056494 -0.046164 -0.067659 0.039059 0.062381 -0.039520 0.522173 0.443560 -0.018227 -0.511665 -0.668689 -0.497367 0.036810 -0.143483 0.119000 0.027527 0.007826 0.219604 
0.000000 -55.211584 -1.014144 -0.225696 -0.671884 0.352358 0.333940 0.116658 0.168847 0.007089 0.182833 0.234581 -0.030520 0.144190 0.184640 -0.311496 -0.561203 -0.969793 -0.783042 -0.157338 -0.346857 0.172786 -0.003974 0.057587 0.192800 -0.026333 0.671088 0.163730 0.055295 -0.448915 -0.397788 -0.304797 -0.038899 0.038051 -0.057282 -0.017646 0.000469 
76.518005 -57.067604 -0.956226 0.139272 -0.328463 -0.931821 -0.918298 -0.306059 -0.432988 0.210136 0.022259 0.380714 0.080202 2.261298 2.505648 0.130013 0.062234 -0.698778 -0.529615 -0.553100 -0.123962 0.008444 -0.075505 0.027090 -0.038583 3.975859 1.045353 -0.204926 0.462895 0.494808 0.650866 0.106626 0.417358 -0.172762 0.064261 -0.110078 -0.198477 
158.109344 -50.688987 3.997151 0.034330 -0.547417 -1.045198 -0.725289 -0.989542 -0.079077 0.023976 0.031823 0.288761 -0.107685 8.095907 2.275346 -0.721348 0.364586 0.019823 0.518691 0.055913 0.487859 -0.172738 0.124547 -0.162568 -0.204154 4.475513 -2.227406 -0.282780 0.227911 0.319462 0.692920 0.483140 -0.075533 -0.136998 0.108518 -0.157793 0.103393 
198.961731 -40.875789 3.594466 -1.303423 0.400709 -0.892174 0.119085 -0.194234 0.542731 -0.135340 0.271353 0.055578 -0.328107 11.212324 -1.949164 -0.435547 0.518056 -0.059855 0.856226 0.413180 -0.275029 -0.265552 0.141531 -0.288497 0.168203 -0.185359 -2.418352 0.389076 -0.119694 -0.013650 0.016672 -0.025743 -0.517366 0.071791 -0.099794 0.062763 0.201232 
234.106491 -28.264340 0.098824 -0.836764 0.488695 -1.164907 0.987163 -0.163182 -0.629134 -0.507127 0.314884 -0.288232 0.228720 7.725189 -2.561358 0.056804 0.125198 -0.007477 0.552035 0.004426 -0.546873 -0.029157 -0.075042 -0.037041 0.198309 -4.684753 0.688666 0.765844 0.041431 -0.165002 -0.635356 -0.386853 0.266058 0.377954 -0.104474 0.171637 -0.191918 
0.000000 -25.425412 -1.528249 -1.189814 0.651105 -0.907127 1.223156 -0.185381 -0.551015 -0.193653 0.121270 -0.018505 0.068511 1.842818 -0.571833 1.096141 0.600919 -0.389859 -0.414486 -0.360526 0.257087 0.490356 -0.067418 0.054777 -0.215634 -3.345597 1.153329 0.650813 -0.050181 0.067544 -0.441563 -0.119885 0.419214 0.048401 0.068841 0.040004 -0.260428 
98.505074 -24.578704 -1.044842 1.355518 1.690533 -1.944624 0.158191 -0.884234 -0.114961 0.473585 0.180049 -0.178679 -0.202547 1.033995 -0.254699 1.358430 0.024835 0.127612 -0.331092 -0.235344 0.291554 0.067646 0.062640 0.042966 -0.322547 1.250043 -0.183139 -0.740371 -0.442688 0.745957 0.377009 0.445563 -0.058990 -0.450568 0.001176 -0.084698 0.073082 
70.452759 -23.357423 -2.037648 1.527045 0.700776 -0.651902 0.560972 -0.656069 0.032094 -0.058361 0.246551 0.067427 -0.576583 4.342903 -0.938111 -0.384600 -0.284457 1.102055 0.339533 0.530600 0.139106 -0.410779 -0.065065 -0.114618 -0.069469 -1.951741 -0.264961 -0.705113 -0.126882 0.326338 -0.029055 0.333649 -0.101527 -0.044538 -0.065070 -0.049017 0.327770 
0.000000 -15.892898 -2.921064 0.586317 1.121619 0.259486 0.837257 0.176966 0.163251 -0.347973 0.049918 -0.407916 -0.341485 -2.869486 -0.784621 -0.051797 -0.228928 0.780289 -0.389201 0.431954 0.088500 -0.021429 -0.067499 -0.055068 0.332994 -4.077014 0.364550 -0.050813 -0.528782 -0.514289 -0.023197 -0.241054 0.046137 0.296982 0.148577 0.221256 -0.054238 
175.859665 -29.096396 -3.606890 1.423452 0.242919 0.908676 -0.217429 0.207840 0.209093 -0.101220 0.111553 -0.042709 0.089404 -3.811124 -0.209011 -0.486227 -1.342021 0.073477 0.293138 0.048492 0.231380 0.183185 0.232088 0.327893 -0.177946 -0.560672 -0.011421 -0.274456 -0.100187 -0.395287 0.294618 -0.114284 0.025702 0.162439 0.080349 0.116113 -0.265229 
0.000000 -23.515146 -3.339087 -0.386137 -1.562422 0.406439 1.423532 0.273949 0.626011 0.018396 0.514095 0.247870 -0.697377 -3.990831 -0.807462 -0.600709 -0.429302 -0.010286 0.200036 0.203386 0.139903 0.303449 0.093199 0.177159 -0.197464 -5.713469 -2.408334 0.021715 1.603604 -0.055232 -1.815181 0.320777 -0.202537 -0.345355 -0.060349 -0.246870 0.300770 
88.157791 -37.078058 -5.221814 0.222034 -0.615685 0.888105 0.182642 0.614612 0.488900 0.505678 0.297951 0.311608 -0.305524 -15.238063 -5.025679 -0.442797 1.865188 -0.036988 -3.337223 0.690046 -0.173695 -0.507524 0.111390 -0.165846 0.423595 -2.508095 -1.269981 0.334493 1.180136 0.241623 -1.487710 0.406550 -0.162913 -0.507068 -0.116710 -0.361987 0.445766 
0.000000 -53.991273 -13.390445 -1.271732 2.167953 0.332464 -5.250915 1.654040 0.278621 -0.996653 0.736875 -0.083823 0.149812 -9.007021 -3.347424 0.068276 1.930969 0.472961 -2.775384 1.016487 -0.185922 -0.710686 -0.140221 -0.546816 0.694067 10.087189 4.340871 0.746682 -1.533199 0.437840 2.360086 -0.266069 -0.200255 0.418966 0.036737 -0.002410 -0.258583 
0.000000 -55.092100 -11.916661 0.358587 3.246253 1.834027 -5.368126 2.647586 0.117055 -0.915695 0.017508 -0.782024 1.082610 4.936315 3.656064 1.050568 -1.201210 0.838693 1.382948 0.157908 -0.574205 0.330407 0.184864 -0.170666 -0.093572 5.066794 1.338613 -1.035750 -2.186344 0.241543 2.255226 -0.735997 -0.509242 0.535341 0.838621 0.633899 -0.642524 
0.000000 -44.118643 -6.078317 0.829404 -0.234467 2.009850 -2.485019 1.969856 -0.869789 -0.335840 1.106602 -0.425155 -0.037331 1.126567 -0.670199 -2.003223 -2.441719 0.956046 1.735068 -0.455508 -1.204406 0.359996 1.537021 0.720983 -0.590980 -4.648238 -3.622717 -1.644599 0.249926 0.014721 -0.544717 -0.137275 -0.068390 -0.130169 0.403805 0.356607 0.031281 
161.715027 -52.838967 -13.257058 -3.647858 -1.637185 3.746119 -1.897990 1.736569 -2.291758 -0.195702 3.091550 0.659941 -0.099350 -4.360162 -3.589371 -2.238631 -0.701359 0.868135 0.293515 -0.116643 -0.710985 0.070069 0.992474 0.542548 -0.031009 -2.743364 -1.459586 -0.117704 0.870180 -0.043956 -0.720777 0.169432 0.246711 -0.144964 -0.272273 -0.089217 0.279985 
