348.386414 -30.465862 11.498503 3.623659 -1.132315 -2.669949 -1.136948 -1.552137 -2.307401 -2.594101 -2.007141 -0.598097 0.011984 0.347720 0.507010 -1.009127 -1.062866 0.421864 1.303024 0.594334 -0.633871 -0.718664 0.668313 1.478367 1.201271 -0.068168 0.147438 -0.710270 -0.408967 0.248561 -0.148403 -0.025361 0.174980 0.310203 0.498353 0.340871 0.415849 
0.000000 -29.770421 12.512524 1.605405 -3.258048 -1.826220 1.469100 -0.363468 -3.575143 -4.031428 -0.670515 2.358636 2.414526 0.211385 0.801887 -2.429667 -1.880800 0.918986 1.006219 0.543613 -0.283910 -0.098258 1.665020 2.160108 2.032969 -0.018565 0.005001 0.186838 0.419248 0.372749 -0.485399 -0.476232 0.218379 0.651891 -0.114153 -0.977640 -0.857417 
393.615173 -30.043092 13.102278 -1.235676 -4.893916 -0.831978 0.875489 -0.464910 -2.875221 -2.790616 1.322899 3.722119 4.077923 0.310590 0.517013 -0.635451 -0.224370 1.167363 0.332225 -0.358130 -0.197113 0.585118 0.440006 -0.476914 -0.513562 0.177907 -0.851735 1.728731 2.064290 0.049138 -0.387781 -0.074369 0.156073 -0.093159 -1.258893 -1.831699 -1.826899 
392.014618 -29.149241 13.546549 0.334503 -3.706789 0.508505 2.133551 -1.079728 -3.969368 -2.861192 0.209497 1.404807 1.387401 0.567199 -0.901582 1.027795 2.247779 1.017261 0.230657 0.394875 0.028235 -0.284575 -0.852766 -1.503291 -1.620829 -0.845647 -1.240026 1.139818 1.300579 -0.544330 -0.279874 0.539389 0.766278 0.013702 -0.377071 0.168311 0.110848 
371.342255 -28.908695 11.299113 0.819914 -0.398357 1.202545 1.336803 0.324840 -2.818751 -3.359767 -0.382634 0.715538 0.836265 -1.380704 -1.963039 1.644186 2.376788 0.078703 -0.227522 0.720647 1.335443 0.612523 -0.314136 -0.140292 -0.291867 -0.184640 -0.432268 -0.293460 -0.865933 -0.780470 -0.189932 -0.078540 0.817185 0.819815 0.498604 0.929592 0.669029 
350.874725 -31.910649 9.620471 3.622874 1.046788 0.665911 1.678506 0.361567 -1.298481 -1.636146 -0.418776 1.124224 0.803668 0.197919 -1.766118 0.440874 0.515913 -0.543678 -0.149208 0.237795 1.662605 1.355055 0.144441 0.355894 -0.282772 2.910667 0.718605 -1.142258 -1.432502 -0.500227 -0.265102 -0.719835 -0.474842 -0.300789 0.036475 -0.137363 -0.148065 
362.746552 -28.512858 7.766877 1.701663 0.633469 0.115188 1.038386 0.800431 0.506460 -0.649656 -0.093751 1.427325 0.270722 4.440629 -0.525830 -0.640331 -0.488216 -0.921750 -0.757726 -0.719023 0.385760 0.010945 -0.241187 -0.415018 -0.587996 0.991738 1.168000 0.110590 -0.521287 -0.256853 -0.430740 -0.699928 -1.000021 -0.834760 -0.175936 -0.383396 0.217725 
322.930664 -23.029391 8.568810 2.342213 0.070356 -1.177590 0.163054 -1.076479 -0.526961 -1.614256 -0.901150 0.294189 -0.372325 2.181394 0.569883 0.662054 -0.526660 -1.057385 -1.010687 -1.162060 -0.337436 -0.314465 -0.207431 -0.410898 0.152679 -3.278418 0.626612 0.538300 0.107613 0.433420 -0.116512 0.185143 -0.107448 0.131125 -0.033813 0.057354 0.467212 
268.747101 -24.150069 8.906643 3.025771 -0.419851 -1.999581 -0.982988 -1.523690 -0.168413 -1.278585 -0.508614 0.605530 0.576080 -2.116207 0.727393 0.436270 -0.272989 -0.054910 -0.990750 -0.348737 0.170864 0.273195 -0.308812 -0.300311 0.346427 -1.506643 -0.041640 0.254735 0.255579 0.644856 0.168269 0.979868 0.331459 0.526480 0.033422 -0.094424 -0.136295 
252.530548 -27.261805 10.023596 3.214753 -0.475623 -1.287410 -1.818447 -1.773952 -0.185234 -1.067866 -1.518774 -0.306433 0.320529 -0.831892 0.486602 1.171524 -0.015502 0.232328 -0.674149 0.797676 0.325482 0.738495 -0.140588 -0.599745 -0.119910 1.032933 -0.126497 0.361955 0.149529 0.192533 0.447387 0.481931 0.060039 0.332775 0.382659 0.037121 -0.389415 
254.884018 -25.813852 9.879847 5.368819 -0.450856 -1.534926 -2.331287 0.071661 0.482552 0.198405 -0.789789 -0.593960 0.336260 -0.050341 0.474400 1.160181 0.026069 0.330157 -0.095976 0.615125 0.290942 0.938745 0.456507 -0.226070 -0.432402 -0.471479 -0.354605 -0.578863 0.303370 0.417345 0.408988 -0.492545 0.044847 -0.276741 -0.096867 0.194669 -0.473342 
266.999756 -27.362486 10.972396 5.535115 -0.423484 -0.627096 -2.010398 -0.543703 0.396651 0.809624 -0.605760 -0.758572 -0.544275 -1.774849 -0.222609 0.013798 0.591238 1.067018 0.143826 -0.187415 0.415176 0.185014 -0.334321 -0.210406 -1.066595 -0.210799 -1.174915 -0.925065 0.371608 -0.111709 -0.022120 -0.397458 -0.284795 -0.989490 -0.458936 -0.003841 0.012371 
280.522308 -29.363551 9.434629 5.396416 0.731619 0.599110 -2.043636 -0.303169 1.312903 0.568434 -1.458431 -1.014773 -1.796931 -0.471940 -1.875430 -0.689949 0.769286 0.106739 -0.140216 -0.179791 -0.278647 -1.040235 -0.461365 -0.233752 -0.407660 0.271689 -0.598596 -1.160899 -0.165121 -0.787312 0.058868 0.159775 -0.434701 -0.473994 0.238476 0.054316 0.713104 
0.000000 -28.306365 7.221537 4.155216 1.115088 -0.413617 -2.290830 -0.903285 -0.160643 -1.270846 -1.528489 -1.226077 -1.359595 -1.231470 -1.419801 -2.307999 0.260996 -0.507607 0.261563 0.132134 -0.454226 -0.762973 0.142632 -0.101775 0.359612 -1.621801 0.876969 -0.318554 0.000768 0.362230 0.478044 0.458096 0.250215 0.510590 0.192070 0.172176 0.412239 
295.213867 -31.826492 6.595027 0.780418 1.253612 -0.416103 -1.520511 -0.038900 0.404451 -0.957512 -1.173167 -1.218323 -1.077707 -3.715541 -0.121491 -1.327058 0.770822 0.831199 0.815873 0.736401 0.221784 -0.019054 -0.077224 0.110599 0.416818 -0.993733 1.127628 2.056380 -0.094332 0.712961 0.613535 0.035596 -0.261535 0.069230 0.068373 0.546772 0.295843 
288.381836 -35.737446 6.978554 1.501100 2.656732 1.248781 -0.659085 0.569518 0.282925 -1.308954 -1.682937 -1.004878 -0.525960 -3.218937 0.835455 1.804760 0.072332 0.918315 1.488633 0.203327 -0.977295 -0.624512 0.279379 0.991769 0.951298 3.431463 1.045997 0.729934 -1.727924 -0.554940 0.605564 -0.296359 -0.730766 -0.123841 0.927345 1.047967 0.715635 
286.662048 -38.264366 8.265937 4.389939 1.398277 1.420527 1.456755 0.367754 -1.550139 -2.206537 -0.614409 0.765215 0.824890 3.147386 1.970502 0.132810 -2.685026 -0.278681 2.027001 0.143683 -1.239748 -0.266735 1.777465 2.206533 1.848087 4.505544 0.334079 -2.211298 -0.903391 -0.817352 -0.500296 -0.493475 0.241898 0.971696 0.659045 -0.053026 -0.192722 
0.000000 -29.442674 10.919559 1.766720 -2.713319 0.691419 3.394917 0.856883 -2.196572 -1.842424 1.871994 3.408189 3.170215 5.792151 1.503613 -2.617836 -1.734450 -0.716389 0.488042 -0.783623 -0.493499 1.318879 1.597468 0.885718 0.565855 -0.682338 -0.669014 -1.234577 1.163190 0.515347 -1.802691 -0.992098 0.860273 0.945109 -0.946645 -1.662359 -1.268850 
0.000000 -26.680064 11.273164 -0.845732 -2.070624 -0.012252 2.432838 -1.199492 -2.537137 0.431221 2.580527 2.536650 1.956599 1.782710 0.632474 -2.336344 -0.358646 0.752012 -1.578381 -1.840514 0.480797 1.623484 -0.115825 -1.118184 -0.689613 -2.599017 -0.617455 0.692954 0.520073 0.973907 -0.713064 0.092985 0.691894 -0.457240 -1.169781 -0.748154 -0.132287 
395.143188 -25.877254 12.184506 -2.905968 -3.430612 2.195443 0.238155 -2.824144 -1.234979 1.404544 1.640344 1.171820 1.790990 0.594118 0.268703 -1.231928 -0.694305 1.231425 -0.938087 -0.597653 0.890289 0.404400 -0.742093 -0.610591 0.301280 -0.429673 -0.822345 1.590252 0.546036 -1.064154 0.712706 1.478525 0.039468 -0.908279 -0.346590 0.414800 0.151284 
387.375397 -25.491829 11.810569 -3.309588 -3.459233 2.450599 0.556664 -2.394799 -0.756559 1.240021 1.096340 1.315468 2.559159 0.923364 -1.012216 0.844159 0.733425 -1.376295 -0.152968 1.116536 0.559732 -0.193074 -0.809004 -0.288583 -0.387044 -0.180365 -1.380728 1.195286 1.390345 -1.247391 0.204950 0.725443 -0.284629 -0.180005 0.021168 -0.006406 -0.836044 
385.145691 -24.030526 10.160074 -1.217650 -1.963762 -0.557148 -0.067780 -0.591072 -0.115516 1.018396 0.022335 0.594654 1.016902 0.233388 -2.492754 1.158645 2.086385 -1.263357 -0.528187 0.853232 0.321032 0.044389 -0.699757 -0.623403 -1.370808 -0.528464 0.666383 -0.032330 0.307946 0.510443 -0.505215 -0.671133 -0.124494 0.014819 0.390274 -0.006512 -0.228644 
0.000000 -25.025053 6.825062 -0.992298 0.713536 -0.076115 -0.499710 -0.688334 -0.114496 1.328799 -0.303173 0.068663 -0.182456 -0.133564 0.320551 0.779499 1.349316 -0.355409 -1.163398 -0.225731 0.310743 -0.163436 -0.028456 -0.301607 -0.844332 0.203388 2.024950 -0.416983 -1.140050 0.360051 0.255665 -0.119697 -0.343802 -0.477405 0.282811 0.240017 0.907191 
355.549500 -24.297654 10.801175 0.341349 0.734870 -1.267965 -2.394576 -1.042534 0.505971 0.691524 -0.034578 -0.008561 -0.671763 0.640164 1.557147 0.324679 -0.193715 -0.543254 -0.016857 0.613838 -0.366573 -0.910421 -0.134134 -0.143368 0.443574 0.812725 -1.705908 0.202131 -0.692610 0.378935 1.391569 0.135277 -0.444817 -0.260377 0.193755 0.116805 0.532809 
370.905029 -23.744724 9.939356 -0.342939 0.326106 -1.162623 -0.533423 0.539341 -0.847642 -0.492043 -0.571442 -0.218074 0.704692 1.491886 -3.091266 1.183762 -0.035904 0.402461 1.619740 0.044823 -0.578890 -0.684190 0.359054 -0.067998 0.221285 -0.418078 -4.072954 1.083093 0.195751 0.343165 0.341962 -0.675909 0.531646 0.472282 0.368588 0.174824 -0.263957 
183.996399 -21.313881 4.618644 2.708872 0.663061 -0.463043 0.844903 -0.952887 -0.651810 -0.676855 0.683531 -0.144556 -0.229193 -0.195992 -6.588761 2.490864 0.197786 0.143077 0.667066 -0.737980 0.696719 0.034144 0.603042 0.206280 -0.084340 -1.539175 -1.535138 -0.273322 0.265221 0.125617 -0.685119 0.211619 0.706858 0.786418 -0.085930 0.387994 0.054353 
372.477386 -24.136708 -3.238166 4.638789 0.721678 -0.876469 0.800710 -0.936619 0.545795 -0.423756 0.634642 0.194487 0.536013 -1.586464 -6.161542 0.637117 0.494537 0.653695 0.249502 0.468062 0.834826 0.888646 0.187195 0.707990 0.329990 0.057238 2.104885 -1.309481 0.057572 0.405504 -0.120207 0.508298 -0.147358 0.275107 -0.173727 0.060677 0.032373 
376.552826 -24.486810 -7.704439 3.983106 1.652136 0.844348 1.343908 -0.016763 1.017843 1.100437 1.057921 1.271424 0.430788 -0.081516 -2.378991 -0.128098 0.312931 0.954084 0.426653 0.278615 0.402003 0.584358 0.255588 0.327634 -0.019593 -0.855227 2.011269 0.175410 0.063033 -0.363599 0.034276 -0.084081 -0.632803 -0.492393 -0.207447 -0.489629 -0.026064 
0.000000 -24.299740 -7.996148 4.382594 1.347540 1.031699 1.654015 -0.379389 1.349801 0.744960 1.145818 0.849755 0.496828 -3.296917 -2.139004 0.987937 0.620603 -0.073503 0.318055 0.299900 -0.430779 -0.096139 -0.227700 -0.271267 0.277862 -2.624386 0.677895 0.300706 0.754429 -0.042648 -0.219739 -0.146610 -0.516050 -0.128552 -0.514899 -0.590925 -0.242063 
0.000000 -31.080645 -11.982446 5.958980 2.893343 0.697343 1.980017 0.583038 0.156284 0.908159 0.602521 0.728889 0.986512 -5.330287 -1.023202 0.473314 1.821790 0.868788 -0.012825 -0.014604 -0.630096 0.327254 -0.774209 -0.854216 -0.503719 2.017645 3.921825 -0.845631 0.756003 0.943926 -0.182161 -0.445018 0.224070 -0.094500 -0.332140 -0.440996 -0.684092 
129.143219 -34.960314 -10.042553 5.329223 4.991120 2.769274 1.628365 -0.408597 0.089608 1.399469 -0.402600 -0.858677 -0.510610 0.738372 5.704646 -0.703326 2.132610 1.814348 -0.046267 -0.590136 0.017360 -0.285138 -0.891980 -1.153259 -1.090323 4.515284 4.187074 -0.436579 -1.129681 -0.018109 -0.123456 -0.340858 0.237629 -0.509259 0.501298 0.577539 0.131647 
264.892944 -29.603900 -0.573154 4.552329 7.158563 4.326040 1.887483 -0.597234 0.191004 0.337883 -1.181439 -1.577629 -1.194133 3.700280 7.350946 -0.399844 -0.437571 0.832569 -0.259737 -0.696321 -0.154837 -0.691264 0.228386 0.300861 -0.240424 0.654054 -0.802490 0.144824 -2.738648 -1.564392 -0.205419 0.155518 0.119471 -0.339671 0.466211 1.049688 0.796919 
0.000000 -27.559754 4.659339 4.529535 4.115977 4.434413 1.108891 -1.801239 -0.220067 0.016941 0.054173 -0.256954 -0.991459 2.046479 4.099666 -0.413678 -3.344686 -1.314435 -0.457106 -0.279099 0.256303 -0.964480 0.040442 0.946117 0.503516 -2.008488 -2.437167 0.160821 -0.951429 -1.756074 -0.278358 0.441095 0.015587 -0.205843 -0.477868 -0.151455 0.188375 
0.000000 -25.510941 7.626177 3.724973 0.469192 1.697170 0.973271 -1.155432 0.703610 -1.591078 -1.100556 0.314606 -0.187101 -0.316696 2.476612 -0.078202 -2.340429 -2.679580 -0.816452 0.185870 -0.123664 -1.102949 -0.727349 -0.002049 0.136326 -2.067469 -1.669445 0.549574 1.634865 -0.424745 -0.962158 -0.302711 -0.360729 0.560377 0.011844 -0.461456 -0.544155 
0.000000 -28.193147 9.612563 4.373132 -0.564880 -0.924747 -0.524013 -1.429499 -0.467394 -2.188958 -1.400525 -0.261052 -0.718806 -2.088458 0.760776 0.685471 -0.074957 -2.163925 -2.381423 -0.884522 -0.465155 0.156275 0.064130 0.023205 -0.584794 -0.483426 -1.333256 0.164498 1.757298 1.138988 -0.309807 -0.358836 0.018970 0.788975 0.569411 -0.070847 -0.099016 
312.981079 -29.687857 9.147729 5.095914 0.319278 -2.630680 -3.789575 -2.924475 -0.226699 -1.278529 -0.972296 0.361015 -1.356689 -1.283548 -0.189899 0.250795 1.174168 -0.401603 -1.436065 -0.531802 -0.085723 0.475000 0.411473 -0.143744 -0.061706 0.338086 0.056426 0.100613 0.696575 1.376678 1.396395 0.602101 0.114654 0.203966 0.324530 -0.097916 0.376799 
308.135345 -30.760243 9.232765 4.874722 1.783456 -1.727953 -3.396143 -2.493102 -0.638841 -1.238958 -0.577580 -0.548540 -0.842218 -1.412287 0.873629 0.886697 1.318193 0.589431 0.411368 0.319680 -0.235847 0.564207 0.713190 -0.172628 0.168804 0.883127 0.949430 0.144914 -0.827221 -0.286324 0.861346 0.834721 0.359808 0.149990 -0.056098 0.067294 0.075236 
297.413177 -32.512431 10.894987 6.869307 2.955664 -1.451818 -2.966838 -2.285115 -0.698394 -0.150115 0.454084 0.015760 -1.019082 0.482705 1.708961 0.540622 -0.480274 -0.974251 0.286627 1.137641 0.633893 0.774979 0.299277 -0.009155 0.088767 1.255153 -0.057988 -0.851617 -1.367882 -0.809934 -0.219815 0.136769 0.291494 -0.335357 -0.643392 0.035149 0.175309 
282.199677 -29.794834 12.650687 5.955967 0.822907 -3.676456 -2.822889 -0.217821 0.628945 0.311000 0.020974 -0.566850 -0.664685 1.098019 0.757653 -0.816537 -1.417571 -1.030436 -0.028261 0.593218 0.347141 -0.106507 -0.573593 -0.102330 0.519421 -0.662580 -1.281381 -0.405509 -0.098693 0.307645 -0.535462 -1.096116 -0.612047 -0.382393 -0.080108 0.244300 -0.047182 
257.472229 -30.316392 12.410294 5.236234 0.120521 -3.512690 -3.023360 -1.098679 -0.004111 -0.363129 -0.693103 -0.188900 0.019761 -0.842455 -0.853801 -0.270395 -0.677660 -0.358962 -0.784297 -1.054590 -0.590201 0.010193 0.139061 0.479446 -0.005598 -1.471114 -0.948004 -0.152149 -0.036684 0.092492 -0.233860 -0.459549 0.022639 0.470632 0.771785 0.327561 -0.046678 
0.000000 -31.479744 10.943084 5.415176 -0.532413 -4.394381 -4.391483 -2.327002 -0.551457 0.331387 0.299096 0.392041 -0.675881 -1.844208 -1.138354 -1.120835 -1.490940 -0.845453 -0.495981 -0.325880 0.392420 0.834756 0.969976 0.552792 0.426065 -2.024158 -0.492053 -0.599404 -0.350134 0.000174 0.042323 0.299125 0.386473 0.066200 0.352462 0.094715 0.497990 
0.000000 -34.004807 10.133586 2.994564 -2.861359 -5.203596 -4.015321 -1.750440 0.780729 1.306383 1.246850 0.916684 0.871890 -4.890771 -1.837908 -1.469204 -1.377928 -0.358614 -0.699651 -0.456340 0.182745 0.142593 0.843985 0.668875 0.990382 -2.092564 0.273260 1.230991 1.237757 0.758494 0.380948 0.289340 -0.411505 -0.557471 -0.499369 -0.586186 -0.618963 
0.000000 -41.261286 7.267269 2.476769 -3.288270 -5.111609 -5.790784 -3.239682 -0.185968 0.616573 1.987067 1.729791 1.304882 -6.029337 -0.591833 1.341148 0.984575 0.671535 0.265916 0.252800 -0.430590 -0.280186 -0.028762 -0.619581 -0.811861 1.006471 0.762952 1.626431 1.339012 0.286005 0.638925 0.925966 0.144611 0.007902 -0.657516 -0.908778 -1.083668 
0.000000 -46.063481 8.949920 5.676861 -0.892210 -3.860525 -3.483488 -1.244839 -0.080451 0.746010 1.189326 -0.322477 -0.751831 -2.877829 -0.312003 1.783659 1.300096 0.213396 0.578200 1.395592 0.471968 0.158397 -0.471047 -1.148681 -1.176955 -0.645355 -2.292207 -1.548304 -0.867346 -0.294321 0.157836 0.007575 0.274004 0.245644 -0.146896 0.459027 0.505603 
0.000000 -47.016943 6.643262 6.044088 -0.688077 -4.684817 -4.634384 -0.448497 0.757967 0.933367 1.044972 -0.567571 -1.049027 -7.320047 -5.176248 -1.755460 -0.750117 0.082893 0.581589 0.267950 0.117418 0.211101 -0.322554 0.298473 0.199345 -3.895487 -3.554940 -2.638987 -0.793362 0.898099 0.764367 -0.643757 -0.594912 -0.408470 -0.055506 0.641046 0.784196 
0.000000 -60.703575 -1.402576 2.165941 -2.392443 -3.694738 -2.320310 -0.708940 0.154384 1.168212 0.544217 0.274469 -0.353142 -10.668803 -7.421883 -3.494316 -0.286627 2.009595 2.106933 0.108078 -0.717857 -0.658542 -0.582059 0.133410 0.391437 9.420281 4.578838 1.391959 0.587391 -0.170167 0.874303 -0.252344 -0.329142 -0.578367 -0.250659 0.090073 0.070428 
166.770126 -68.354549 -8.200503 -0.944544 -1.261331 -0.665627 -0.420518 -0.232341 -0.677747 -0.383718 -0.119147 -0.300751 -0.266153 11.520515 3.981428 1.028459 0.424665 -0.257440 2.330195 -0.236739 -0.540867 -0.945632 -0.823872 0.478619 0.340201 16.846688 7.515591 2.896743 0.207019 -1.898388 -0.396119 -0.300534 0.269362 0.401720 -0.024282 0.297546 -0.226926 
0.000000 -37.662544 6.560280 4.222859 -1.543114 -4.209619 2.340080 -1.182418 -0.927350 -0.723052 -1.103526 1.231706 0.327260 23.024573 7.609299 2.299170 0.127411 -1.787180 1.314696 -0.492990 -0.179134 0.144897 -0.630624 0.728501 -0.062415 -2.616959 -1.174555 -0.668456 0.060209 0.191365 -1.764683 0.031370 0.293239 0.806150 0.275370 -0.587367 -0.409230 
380.926575 -22.305403 7.018095 3.653797 -1.006508 -4.239988 2.208874 -1.218322 -1.036015 -0.093923 -1.380394 1.156251 -0.390982 6.286596 1.632318 -0.308454 0.545082 0.125290 -1.199171 -0.173999 0.045610 0.666669 -0.273132 -0.696115 -0.478259 -12.914272 -3.002927 -1.106106 -0.296255 1.166673 -1.543936 -0.170930 -0.055644 -0.220509 0.122308 -1.014708 -0.190550 
375.228485 -25.089351 9.824917 3.605951 -0.452949 -3.959038 -0.058261 -1.530416 -0.836130 0.610286 -1.649789 -0.160524 -0.629257 -2.803970 1.603445 0.086958 -0.465099 0.546165 -1.773176 -0.834849 -0.290422 -0.296121 -0.386009 -1.300916 -0.443515 -3.363485 -1.004550 0.148780 -0.643062 0.003385 0.343761 -0.180136 0.227960 -0.615333 0.009607 -0.068818 0.157392 
352.950134 -27.913342 10.224984 3.827714 -1.936707 -3.147658 -1.337479 -2.888020 -1.616859 -0.686165 -2.152411 -1.445581 -1.278012 -0.440373 -0.376782 -0.010893 -0.741042 0.132060 -0.511648 -0.534270 0.501530 -0.563998 -0.253917 -0.833752 -0.163476 2.985117 -1.259880 -0.337935 0.342661 -0.234561 0.898565 0.589207 0.617850 0.363620 0.243131 1.009109 0.829385 
0.000000 -25.970098 9.071352 3.584165 -1.935033 -3.694918 -1.081558 -2.598957 0.166930 -0.517710 -2.157623 -1.828027 -0.956209 3.166265 -0.916314 -0.588911 0.220222 0.077044 0.023954 0.343564 0.945279 0.431120 0.100254 0.717302 1.215256 1.065031 0.163063 -0.209706 0.840171 0.226843 0.215545 0.655434 -0.256112 0.648710 0.164743 0.811911 0.489294 
291.020325 -21.580813 8.392355 2.649891 -1.496262 -2.993571 -1.289571 -2.200893 0.273699 0.176074 -1.951904 -0.010977 1.152499 1.689688 -0.050657 -0.430305 0.939300 0.585745 -0.080559 0.776598 -0.010693 0.733421 0.075569 0.790070 0.815113 -2.891591 0.521558 0.070058 0.484330 0.164092 -0.075846 0.213161 -0.425820 -0.207399 0.026815 -0.566502 -0.826571 
284.625488 -22.590721 8.970037 2.723555 -0.056432 -2.523427 -1.242675 -1.045761 0.145544 0.949133 -2.006486 -0.247888 0.674017 -2.616917 0.126801 -0.448795 1.188882 0.405227 -0.127739 0.769886 0.093639 0.016321 0.153883 -0.415702 -0.437887 -2.437486 0.097847 -0.356383 -0.139800 -0.104299 -0.104831 -0.412173 -0.076929 -0.484120 0.140947 -0.369420 -0.588636 
280.756927 -26.814648 8.645958 1.752302 0.881502 -2.183117 -1.545049 -0.661121 0.460976 0.208717 -1.644137 -0.842382 0.276726 -3.185284 0.145037 -1.143072 0.659699 0.377147 -0.290220 -0.047748 -0.164551 -0.234819 0.357462 0.051230 -0.362160 0.892273 0.191306 0.378440 -0.506920 -0.038949 0.118400 -0.388234 -0.304530 0.013153 0.400897 0.279129 -0.016278 
282.747925 -28.961289 9.260111 0.437411 1.262966 -1.769133 -1.823115 -1.141258 -0.183558 0.479495 -1.291561 -0.145427 -0.050304 -0.832371 0.509413 0.308086 0.175043 0.327328 0.109061 -0.006583 -0.515421 0.042628 0.955677 0.142556 -0.470443 1.713400 0.561088 1.188922 -0.441879 0.167554 0.214482 0.367004 0.181544 0.095389 -0.025075 -0.258408 -0.047667 
278.676636 -28.479389 9.664784 2.368473 1.231588 -1.528460 -1.326927 -0.674287 -0.569865 0.293972 0.267216 -0.557270 -0.664160 0.241517 1.267214 1.234773 -0.224059 0.712255 0.138744 0.686260 0.198538 -0.044041 0.307312 -0.465585 -0.457494 0.720990 0.154261 -0.242454 -1.201254 0.056083 0.016579 0.044624 0.280223 -0.300626 -0.852969 -0.212943 -0.035390 
281.490784 -28.478255 11.794539 2.906957 0.814848 -0.344623 -1.545626 0.231263 0.213518 0.391413 -0.676936 -1.076597 -0.965292 0.609609 0.817935 -0.176821 -2.227465 0.439494 0.142219 0.082665 0.045026 -0.558623 -0.750262 -0.283331 -0.541223 0.735212 -1.035145 -0.592785 -0.924474 -0.272344 -0.070106 -0.593065 -0.256519 -0.289888 -0.252482 0.231641 0.378261 
300.325623 -27.260172 11.300653 2.014831 -3.223341 -0.649473 -1.042489 -0.508958 -0.479813 -0.823275 -1.233308 -1.123931 -1.746606 1.711941 -0.803076 0.049203 -2.073008 0.167566 -0.001468 -0.499870 -0.314500 -0.623816 -0.197652 -0.002304 0.299028 -0.254316 -1.097009 0.713345 1.349790 -0.606378 -0.459127 -0.465911 -0.206802 -0.147232 0.236736 -0.118105 0.573224 
313.938416 -25.054374 10.188387 3.005363 -3.331168 -0.009490 -1.548561 -0.768477 -0.415481 -0.856219 -1.072240 -1.081205 -0.367236 0.100977 -1.376083 1.249870 0.472115 -0.773261 -0.776036 -0.849158 -0.368579 -0.853088 -0.276790 -0.519541 0.605225 -1.356931 -0.008437 0.352700 1.299518 -0.630410 -0.260766 -0.109764 -0.043123 -0.106400 -0.079836 -0.269300 -0.191744 
339.033478 -27.058219 8.548487 4.514570 -2.279112 -2.195996 -2.594561 -2.207274 -1.216971 -2.529450 -1.786889 -2.163014 -0.536155 -1.001922 -0.819950 0.754603 0.526028 -1.093253 -0.523000 -0.719399 -0.400745 -0.836615 -0.357324 -0.540904 -0.084460 -0.551449 0.278066 -0.247633 0.026957 -0.159996 0.126518 0.064880 -0.016083 0.008236 -0.040267 -0.010681 -0.344843 
