110.214211 -45.419886 -3.937309 7.014182 12.065948 -0.271267 -0.106230 1.447011 0.438581 -1.600338 -0.878921 0.242236 -0.880994 -1.851599 -0.213250 -0.377205 -0.884463 -0.378318 0.159834 0.325796 -0.525396 0.182844 -0.026762 -0.115418 0.103884 -1.841728 0.445893 -0.570203 -1.689255 0.091000 -0.182452 -0.516306 -0.089486 0.121619 0.345638 0.140606 0.166229 
243.256638 -49.123085 -4.363809 6.259773 10.297022 -1.027902 0.213438 2.098604 -0.612212 -1.234650 -0.932445 0.011400 -0.673227 -5.535055 0.678536 -1.517611 -4.262974 -0.196318 -0.205069 -0.706816 -0.704369 0.426082 0.664514 0.165793 0.436341 2.018051 1.418850 0.341868 -2.668024 0.377467 -0.133687 -1.080237 0.346399 0.076946 0.824579 0.315457 0.225424 
215.530563 -56.489996 -2.580238 3.978961 3.540000 -0.663902 -0.516368 0.033378 -0.970157 -0.748175 0.450107 0.573823 -0.008311 2.184503 2.624450 0.306531 -6.220511 0.376616 -0.107539 -1.834678 0.167402 0.336736 1.622396 0.515496 0.554731 5.388884 0.576650 1.524483 0.658256 0.225776 0.252823 -0.029574 0.359435 -0.143898 -0.123850 -0.162950 -0.204554 
216.272293 -44.754079 0.885090 6.872835 -2.144001 -0.274670 -0.001640 -1.570753 -0.277407 -0.561178 2.312347 1.042392 0.436236 5.242713 1.831835 1.531355 -2.946463 0.255234 0.300576 -0.765964 0.014501 0.138285 0.416814 -0.160106 0.027234 -1.430865 -1.086167 -0.151101 3.184824 -0.222463 0.067604 0.873273 -0.377801 -0.576699 -1.259737 -0.524028 -0.330277 
148.194580 -46.004570 1.083433 7.041672 -2.352925 -0.153433 0.084785 -1.498549 -0.941155 -0.471605 1.283735 0.253610 0.046156 -0.677227 0.452115 0.004328 0.149137 -0.068309 0.027669 -0.088133 -0.588199 -0.816661 -0.897077 -0.532561 -0.105823 -3.305488 -1.111184 -0.815680 1.757795 -0.297805 -0.347417 0.270484 -0.175870 -0.432016 -0.650462 -0.043793 0.008240 
0.000000 -46.108534 1.789321 6.881491 -1.845728 -0.411288 0.053698 -1.747018 -1.453806 -2.194500 0.518192 -0.022730 0.224589 -1.368264 -0.390533 -0.100004 0.569128 -0.340376 -0.394257 -0.224995 -0.337239 -0.725747 -0.884109 -0.247693 0.043713 -0.410301 -0.885259 0.103444 0.018842 -0.180305 -0.725865 -0.417601 0.299149 0.690362 0.356146 0.517340 0.084784 
0.000000 -48.741097 0.302367 6.841663 -1.214669 -0.834186 -0.703728 -1.948539 -1.615633 -1.923100 -0.484484 -0.241777 0.133583 -1.497828 -1.318402 0.211215 0.186820 -0.428919 -1.424060 -0.923334 0.010099 0.564063 -0.184784 0.502120 0.063746 1.421685 -0.180201 -0.520963 -0.263515 -0.110288 0.406103 -0.163223 -0.208123 0.860741 0.534618 0.508203 -0.020707 
0.000000 -49.104190 -0.847483 7.303921 -1.472087 -1.269125 -2.794423 -3.593687 -1.433607 -1.066375 0.148623 0.981511 0.352080 1.475107 -0.750936 -1.141930 0.042099 -0.560952 0.417949 -0.551441 -0.753484 0.995735 0.185126 0.768713 0.002300 3.636067 -0.456753 -0.839175 -0.082185 0.248142 1.938728 0.539941 -0.675836 0.086325 -0.270142 -0.461662 -0.010478 
0.000000 -45.790883 -1.199505 4.557803 -1.130472 -1.956090 0.132169 -3.051422 -3.122602 0.068370 -0.114232 1.295648 0.138182 5.774305 -2.231908 -1.467134 0.022450 0.067366 2.453395 0.156548 -1.341572 0.736712 -0.725068 -0.421204 0.042790 3.960073 0.615354 0.256607 0.491095 1.167171 0.920480 0.346684 0.977669 -0.694517 -0.057854 -0.835648 0.091944 
0.000000 -37.555581 -5.311300 4.369653 -1.427186 -1.134393 2.112366 -3.280591 -4.116750 0.407049 -1.301512 0.139103 0.437660 9.395254 0.479772 -0.628715 1.024289 1.773390 2.258909 0.141926 1.201854 -0.393299 0.069418 -0.902584 0.186188 1.920946 2.332949 -0.150064 1.235230 0.380905 -0.400737 -0.397805 1.967603 -0.697984 1.017873 0.024644 0.173506 
0.000000 -27.000375 -0.239960 3.300373 0.918106 1.590690 4.649987 -2.767571 -0.718893 -0.718227 0.024605 -0.509521 0.510558 9.616197 2.433989 -1.767262 2.492911 0.829177 1.651921 -0.639062 2.593634 -0.659256 1.310679 -0.371916 0.389802 -2.612355 -0.473440 -0.377372 0.361955 -0.917886 -1.280217 -0.706732 0.102801 0.147010 0.115180 0.409803 0.091462 
242.318451 -18.323187 -0.443321 0.835128 3.558636 0.523961 5.416209 -4.558715 1.070518 -0.911463 1.319847 -0.604729 1.217264 4.170544 -0.467108 -1.383459 1.748199 -0.062383 -0.301524 -1.271537 1.407455 -0.099280 0.299779 -0.082979 0.369112 -6.001645 -1.007088 0.833456 -0.686059 0.238397 -1.660212 0.084694 -1.012818 0.488176 -1.036192 0.242658 -0.580104 
242.066498 -18.659287 -1.174176 0.533455 4.414504 1.465925 4.046938 -5.310645 2.096017 -0.916787 0.624162 -0.675478 1.248781 -2.387093 0.419814 -0.100349 1.120793 1.305971 -1.668503 -0.469675 0.567998 0.317097 -0.761705 0.113399 -0.770406 -4.123034 0.209509 1.400669 -0.993650 0.937213 -0.806215 1.001661 -0.824160 0.397408 -0.445097 0.177681 -0.867078 
247.210999 -23.097374 0.396307 0.634430 5.800222 3.135904 2.079203 -5.498065 2.206514 -0.277270 -0.203563 -0.377930 -0.323549 -4.075525 -0.048089 1.417880 -0.239101 1.812043 -1.913955 0.731785 -0.240865 0.695537 -0.590415 0.272384 -1.365043 0.471416 -2.098157 0.695084 -1.153918 -0.268557 0.236693 0.943295 -0.596818 -0.251704 0.391361 0.169776 0.252950 
255.051086 -26.810338 -1.270354 3.369215 3.936303 5.090011 0.219027 -3.847075 1.614287 0.474288 -0.556667 -0.130709 -1.481305 -1.444261 -3.776499 1.289818 -1.187043 0.768857 -1.195118 1.416915 -0.625638 -0.186311 0.021017 0.452951 -0.264506 2.053883 -0.730871 -0.466916 -0.042935 -0.965684 1.206218 -0.039124 -0.447855 -0.606543 0.347377 0.170372 0.695773 
241.547546 -25.985896 -7.156692 3.214066 3.426137 4.673617 -0.311033 -2.664236 0.955239 -0.649892 -0.161528 0.527972 -0.852561 0.032241 -1.509832 0.484048 -0.324971 -0.119324 0.498481 0.653537 -1.136575 -0.517550 0.104339 0.613129 0.026503 -0.918842 1.409886 -0.329704 0.525709 -0.742625 1.095967 -0.600512 -0.155868 -0.058333 0.062969 0.023085 0.006397 
255.341049 -26.745856 -4.290017 4.337311 3.286361 4.851363 1.215989 -2.540001 -0.658863 -0.560812 -0.347990 1.095550 -1.428298 -3.281945 -0.956727 0.630410 -0.135624 -0.716393 0.996817 0.215891 -0.937373 -0.302978 0.146955 0.499120 -0.251712 -3.878780 -3.409231 -0.582573 0.486501 -0.787498 -0.990685 0.293744 1.364266 0.192089 -0.297672 -0.279448 0.391857 
252.736221 -32.549785 -9.070146 4.474885 3.154889 3.240832 1.682601 -2.232453 -0.919508 -1.255847 0.132382 1.526212 -1.355985 -7.725318 -8.328293 -0.681098 0.648031 -1.694321 -1.482890 1.241026 1.591958 -0.133372 -0.491005 0.054233 0.810217 -3.508275 -0.217321 -0.603639 -0.727764 -0.524142 -0.962924 0.414216 0.975237 0.305171 -0.270100 -0.391529 0.387539 
232.397858 -42.196493 -20.946603 2.975115 4.582424 1.462721 -1.749791 -0.057950 2.525053 -0.827555 -1.329999 1.204015 0.192136 -10.298494 -1.391369 -0.576869 -1.591153 -1.764676 -0.929031 1.044322 1.013101 0.307363 -0.393244 -0.283938 0.523366 2.988865 10.296630 -1.248768 -1.140609 1.275551 1.373437 -1.843902 -1.608544 0.426673 0.533061 -0.283650 -0.788641 
213.070877 -53.146773 -11.852883 3.321148 -0.027417 -0.288520 -0.175460 -0.143809 1.106693 -0.641120 -0.654107 0.958336 -0.309253 -1.747589 12.264968 -3.178634 -1.633186 0.856782 1.263983 -2.446778 -1.625131 0.719974 0.575118 -0.513067 -0.767065 11.399019 4.099606 -1.192510 2.257224 1.502830 0.676023 -1.959314 -0.673075 -0.004816 0.293460 0.078588 -0.579456 
230.282547 -45.691672 3.583333 -3.382152 1.316052 3.176284 0.778176 -4.951507 -0.725209 0.612394 -0.179763 0.177880 -1.341994 12.499544 6.807843 -2.961889 2.923296 1.240983 0.423016 -2.874306 -0.333049 0.297732 0.193676 -0.126763 -0.635545 5.900639 -7.484551 2.383224 2.205636 -0.813327 -1.084254 1.485276 1.466080 -0.413930 -0.423735 0.276093 0.454739 
193.267624 -28.147685 1.762803 -2.602630 5.819175 2.193446 0.670572 -5.892421 0.440595 -0.045655 -0.266754 0.704809 -1.580344 10.053689 -2.704135 1.587815 2.778085 -0.769872 -0.904525 0.523773 1.307029 -0.107886 -0.272352 0.039119 0.142412 -5.856692 -4.485122 2.510845 -0.949455 -1.033265 -0.905321 2.085577 0.560364 -0.010513 -0.312408 -0.111287 0.561149 
181.627106 -25.584293 -1.824936 -0.206522 6.872222 1.636540 -1.030873 -3.903960 1.888850 0.396621 -0.724466 0.256119 -1.057169 0.786159 -2.162401 2.059801 1.024385 -0.825546 -1.387627 1.296847 0.787679 0.276706 -0.431140 -0.349338 0.486752 -5.897525 2.044104 -0.808619 -1.777804 0.453366 0.859390 -0.062966 -0.932474 0.157917 0.167067 -0.228224 -0.046038 
188.841797 -26.575367 -2.561998 1.516972 7.867946 0.542354 -2.104682 -3.298727 2.015952 0.507757 -1.129034 0.006134 -0.606841 -1.741361 1.384073 -0.029422 -0.777523 0.136860 0.814256 0.397840 -0.557919 0.207948 0.061783 -0.417329 0.050337 -2.698237 3.041419 -1.807205 -1.383063 1.750021 1.609275 -0.363855 -1.301972 0.299862 0.797238 -0.027618 -0.161327 
194.660416 -29.067014 0.943210 -0.265366 5.317176 1.910260 0.597639 -3.108279 0.773011 0.812517 -0.600901 -0.578539 -0.956495 -4.610315 3.920437 -1.554609 -1.741741 2.674496 1.830923 0.569138 -1.816265 0.876430 1.163336 -0.404573 0.164097 3.101613 -0.189419 -0.450656 -0.576497 0.212829 -0.422000 -0.034857 0.115310 0.066862 0.333987 0.155502 0.311593 
201.185028 -35.795998 5.278876 -1.592245 4.384464 5.891346 1.557165 -2.160451 -1.616578 2.260618 1.197637 -0.803013 -0.278647 4.461865 1.005235 -0.930734 -1.930517 0.562518 -0.029743 0.328126 -0.327300 0.341673 0.729756 -0.106324 0.673524 8.945354 -4.252829 1.034696 -0.249824 -2.557554 -1.372522 -0.254065 1.308844 -0.791966 -0.737913 0.295363 -0.013045 
224.428070 -20.143285 2.953679 -2.126834 1.456141 3.035296 0.538153 -2.452027 0.118411 1.495862 0.858611 -0.791188 0.390553 13.280393 -4.585221 0.514783 -2.241388 -2.440611 -0.914122 0.061008 0.801424 -0.707501 -0.312491 0.186153 0.138007 0.347949 -2.629073 0.597919 0.353915 -0.877675 -0.163395 0.073355 0.221332 -0.301668 -0.360214 0.147653 -0.623420 
286.349762 -9.235211 -3.891566 -0.562679 -0.098313 1.010125 -0.271078 -2.038435 -0.013731 0.845616 0.572655 -0.430707 -0.002633 5.157763 -4.252912 0.265104 -1.222688 -1.192832 -0.356534 0.474836 0.115364 -0.261663 0.009328 0.188981 -0.573317 -10.033707 1.762664 -0.477712 0.787942 0.972111 0.738842 0.056677 -0.544501 0.234732 0.134283 -0.058012 -0.121373 
0.000000 -9.827760 -5.552145 -1.596627 -0.989236 0.649632 -0.174914 -1.502354 0.349138 0.972536 0.877267 -0.413226 -0.756081 -6.787020 -1.059894 -0.440641 -0.665503 -0.496389 0.563563 0.174362 -0.287578 -0.238038 -0.043926 0.070129 -0.104738 -6.914626 1.955224 0.214780 0.483288 0.456927 0.703995 -0.598372 -0.380983 -0.120912 -0.378693 -0.076388 0.263827 
308.817352 -22.809251 -6.011354 -1.443960 -1.429319 0.017347 0.856048 -1.689712 -0.588887 0.369541 0.484804 -0.290448 -0.212109 -8.671489 -0.342465 0.694664 -0.256112 -0.278977 1.051457 -0.721907 -0.646601 -0.503487 -0.748058 0.036205 -0.045662 1.895722 0.415808 0.640116 0.207379 0.223751 0.155706 -0.516727 -0.045119 -0.259733 -0.371258 -0.164916 -0.235343 
0.000000 -27.170737 -6.237074 -0.207298 -1.501460 0.091677 1.927999 -2.946169 -0.944065 -0.034438 -0.618848 -0.340816 -0.847404 -2.995575 -0.228278 0.839591 -0.250745 -0.048887 0.874975 -0.859093 -0.377815 -0.757503 -0.786442 -0.259703 -0.575425 2.871268 -0.482176 -0.005686 -0.202994 0.114816 -0.166898 0.346226 0.073689 0.162573 0.113954 -0.083292 0.032875 
0.000000 -28.800402 -6.467909 0.235222 -1.930809 -0.080426 2.605998 -3.407897 -1.344517 -1.145466 -1.088080 -0.809853 -1.362958 -2.928952 -1.306816 0.683292 -0.662101 -0.049346 0.717660 -0.029455 -0.499224 -0.178342 -0.520151 -0.130380 0.020089 -0.750908 -0.913068 -0.533173 0.001143 0.311113 -0.176799 0.254783 -0.056925 0.714888 0.524665 0.407272 0.432216 
0.000000 -33.028640 -8.850707 1.159286 -2.825661 -0.007015 3.363319 -3.005079 -1.942513 -0.391121 -1.659149 -0.601575 -0.807226 -4.497391 -2.054413 -0.226755 -0.248460 0.573339 0.521376 -0.349527 -0.491665 0.672272 0.262888 0.554842 0.289006 -1.126281 0.485574 -0.887197 0.339595 0.247024 -0.148849 -0.136193 0.281869 0.200029 0.370432 0.070262 0.107681 
0.000000 -37.795184 -10.576735 -0.218288 -2.427729 1.066253 3.648750 -4.106951 -2.327846 0.199078 -0.562305 0.299830 -0.784945 -5.181513 -0.335669 -1.091102 0.017090 0.444701 0.419962 -0.301841 0.064513 0.221716 0.220713 0.010144 0.235451 2.537957 3.355620 -0.308326 0.554225 -0.711300 -0.971510 0.412543 0.741622 -0.237252 -0.007568 -0.286528 -0.184974 
0.000000 -43.391666 -9.522045 -1.022917 -2.791482 0.882388 4.203243 -3.608760 -1.813486 0.052311 -1.217723 -0.581288 -0.336325 0.578522 4.656826 -0.843407 0.859990 -0.849261 -1.421644 0.475559 0.991579 0.197768 0.247752 -0.018214 -0.080941 9.578890 2.418889 0.208479 1.142441 -1.501288 -0.971555 -0.217042 0.264702 -0.016266 0.195030 0.104469 -0.127926 
0.000000 -36.638140 -1.263082 -1.905102 -0.707749 -0.632270 0.805463 -3.155832 -0.344688 0.594613 -0.066802 0.263402 -0.946828 13.976267 4.502109 -0.674143 2.301973 -2.557876 -1.523148 -0.735924 0.593918 0.189184 0.610773 0.219081 -0.020401 6.188999 -2.218932 0.001339 0.291623 -0.574746 0.941493 -0.838000 -0.448218 -0.141786 -0.051736 -0.067286 0.165710 
309.202301 -15.439133 -0.517826 -2.371203 1.812464 -4.233363 1.156947 -5.080609 -0.625649 0.430678 0.003823 -0.143126 -0.377128 12.956519 0.218963 -0.840728 1.443237 -1.998754 0.461342 -1.200440 0.095143 -0.085804 0.144280 -0.152786 0.250479 -6.634886 -1.966452 0.192274 -0.903561 1.657387 0.906910 0.341342 0.063036 0.203154 -0.306450 -0.241265 -0.051719 
312.091888 -10.725102 -0.825157 -3.586558 2.178724 -4.629778 1.728148 -5.556713 -0.154401 0.423004 0.221759 -0.042170 -0.445870 0.706495 0.569206 -0.289595 0.494850 0.756898 0.290673 -0.053239 0.719991 0.595492 -0.002126 -0.263450 -0.123840 -9.245428 -0.027589 1.300304 -0.539839 2.012078 -0.208655 0.658686 0.386453 0.310737 -0.207377 -0.179670 0.078194 
322.894501 -14.026143 0.620587 -2.950394 2.802164 -2.719566 1.738293 -5.187087 0.814332 1.621661 -0.000429 -0.670026 -0.624807 -5.534336 0.163785 1.759881 0.363558 2.025402 0.044033 0.116932 0.868049 0.535670 -0.270474 -0.512125 0.406867 -3.957795 -1.608150 1.922018 0.103532 0.192796 -0.395092 0.437283 -0.507544 -0.428023 -0.338059 0.054941 0.151550 
338.536438 -21.793774 -0.497586 -0.066796 2.905840 -0.578973 1.816214 -5.322849 1.581697 1.494344 -0.319189 -1.066420 0.367864 -7.209096 -2.647093 3.554441 0.701914 1.142491 -0.499511 0.821327 -0.295098 -0.260555 -0.678244 -0.153567 0.179261 1.664515 -1.423323 -0.672984 0.929536 -0.235127 -0.643864 0.495614 -0.704930 -0.481280 -0.122106 0.090137 -0.666357 
307.681549 -28.444334 -4.673600 4.158489 4.205991 -0.434584 0.739271 -3.544432 0.224135 1.100551 -1.356917 -0.977161 -0.266285 -2.205307 -2.682860 0.413913 2.222629 1.555149 -1.243695 1.108160 -0.541811 -0.426889 -0.514686 -0.331850 -0.925848 5.678055 1.465560 -2.923289 0.129401 -0.679072 0.930954 -0.558552 0.302770 -0.340275 0.507331 -0.357654 -0.377148 
289.251617 -26.204389 -5.863306 0.761030 7.351097 2.531325 -0.671176 -3.106529 0.498074 0.640565 -1.348560 -1.730121 -1.483831 4.147014 0.284027 -2.292137 0.960716 -0.215653 1.362398 -0.295778 0.310443 -0.941105 0.336419 -0.868875 -0.575035 3.155760 2.192563 -0.460872 -1.464161 -1.704484 2.046143 -0.768873 0.288035 -0.016015 0.439562 0.035510 0.366364 
295.245483 -20.150306 -4.105546 -0.425784 6.127423 -0.865891 3.464068 -4.135987 0.845021 -0.781659 -0.684079 -2.714912 -1.416355 4.106212 1.702267 -0.507830 -0.705693 -1.853819 2.848590 -0.429586 0.034259 -0.458919 0.364439 -0.260830 -0.193120 -1.825067 0.734442 1.440260 -1.082506 0.207673 -0.237194 0.082512 -0.341931 0.597622 -0.167533 0.700377 0.102030 
291.642242 -17.991965 -2.458773 -0.254630 5.939712 -1.176313 5.026004 -3.965701 0.566591 -0.277274 -0.619682 -2.251782 -1.870072 0.496881 1.752910 0.588382 -1.204296 0.199693 0.888011 -0.130754 -0.373419 0.254138 0.001353 0.531879 -0.370975 -3.097947 -0.039732 0.447385 -0.561709 1.306545 -1.856176 -0.417733 -0.162974 0.221129 -0.493773 0.557011 0.143267 
290.645844 -19.156545 -0.599726 0.750980 3.718830 -0.466505 5.240089 -4.397496 0.098182 -0.273382 -0.681372 -1.651154 -2.158306 -2.089681 1.622803 0.386940 -1.829111 0.759270 -0.863762 -1.265052 -0.291690 -0.016661 -0.623108 0.853191 0.093414 -3.632826 -0.884060 0.057062 0.150219 0.576412 -1.373404 0.027741 0.043147 0.231212 -0.268513 0.155037 0.410118 
298.185364 -22.171327 0.786832 0.519250 2.281489 0.342227 3.298479 -6.495805 -0.016789 -0.310596 -1.865898 -0.545401 -1.683243 -6.768772 -0.015209 0.702506 -0.903858 1.352517 -1.858798 -0.075272 -0.287124 0.716562 -0.535673 0.841953 0.449260 -0.247743 -1.443697 0.320894 -0.065048 0.099829 0.180166 0.969745 0.256193 0.328201 0.354934 -0.181525 0.114836 
309.714447 -32.694088 -0.630145 2.155991 1.911113 2.238528 1.522493 -4.548040 -0.476067 1.159742 -1.752719 0.032751 -1.259786 -2.585167 -1.264591 1.028729 -1.959207 0.958928 -0.503430 0.674439 0.220695 0.639740 0.086760 0.490141 0.323087 6.475424 0.829577 -1.054119 -0.345478 -1.367688 0.680940 0.486610 0.474107 -0.094653 0.774965 -0.256932 -0.184831 
146.580734 -27.341662 -1.742350 2.576709 -1.636925 2.260084 2.291619 -5.146927 0.424602 0.968884 -1.692379 0.434881 -1.037068 6.182075 1.643945 -1.405732 -1.594814 -1.382859 -0.496918 0.897948 0.661089 0.527256 1.014257 0.328089 0.079599 5.007707 1.701800 -2.327716 1.475977 -1.857573 -0.200862 -0.406997 -0.143294 -0.432360 0.379478 -0.097773 -0.233567 
329.339447 -20.329937 2.657746 -0.655472 -1.278515 -0.527190 0.528656 -2.752143 0.846111 2.214254 0.275795 0.688929 -1.100589 7.430247 2.139008 -3.626702 0.992747 -2.756218 -0.905154 -0.139555 -0.065893 -0.224980 0.845716 0.294595 -0.144047 -0.880362 -1.428337 -0.308590 1.714229 -0.198978 0.223945 -1.386592 -0.529610 -0.758595 -0.757288 -0.186613 -0.104086 
315.575195 -12.481169 2.535666 -4.676696 0.348570 -3.252353 0.481312 -5.426037 0.292817 0.518924 -0.000947 1.024072 -1.325161 4.421351 -1.212728 -2.022911 1.833644 -1.780815 -0.049028 -1.875236 -0.398132 -0.989933 -0.500320 -0.045138 -0.128574 -4.767156 -1.400555 2.236458 0.368485 1.730951 0.617279 0.108586 0.090996 -0.001929 -0.731566 -0.494277 0.193113 
304.617981 -11.487236 0.232290 -4.701295 2.388772 -4.088820 0.430600 -6.502615 0.049847 0.234388 -0.724844 0.598654 -1.357737 -2.104065 -0.662101 0.846213 1.729718 0.705684 0.329405 0.077618 0.116100 -0.228839 -0.617416 -0.693959 0.242179 -5.163500 0.331095 1.502276 -0.249360 2.118648 0.225916 1.316371 0.236761 0.616711 0.013877 -0.506471 0.679909 
309.068787 -16.689298 1.211464 -2.984269 3.808006 -1.840984 1.140122 -5.270801 0.525017 0.061246 -1.235780 -0.363847 -0.840803 -5.905648 -0.550539 0.981642 1.334924 2.456481 0.402804 0.757506 0.075390 0.243489 -0.472566 -1.058080 1.231243 -0.933354 0.588555 -0.706190 -0.722010 0.883343 -0.381554 0.244282 -0.484112 0.109268 0.293341 0.409456 0.150855 
308.510193 -23.298533 -0.868787 -2.738012 5.058621 0.824142 1.236208 -4.987603 0.200628 0.721366 -1.669975 -1.517506 1.104750 -3.970773 0.515010 -0.566168 0.285699 2.472370 -0.433703 0.566182 -0.852125 -0.010302 -0.030734 0.124953 0.543889 3.141198 1.898556 -0.761108 -1.434480 -1.065038 -0.402885 0.500995 -0.687078 -0.111758 -0.077042 1.292705 -0.940602 
303.006348 -24.630843 2.241483 -4.116605 4.379403 3.103756 0.272717 -4.138436 -1.179232 0.040641 -1.297247 -0.113941 0.246974 0.376748 3.246574 -0.540575 -1.534036 0.326405 -0.402966 1.759497 -1.298766 0.019973 -0.626649 1.527330 -0.649961 2.235908 0.704872 1.508305 -1.396564 -2.890757 0.402083 0.848383 0.382233 -0.160810 -0.216320 -0.019660 -0.633251 
311.257416 -22.545037 5.624360 -3.819161 1.990548 1.476952 0.430276 -1.468609 -2.396904 0.761311 -2.923273 1.537154 -0.195173 0.501042 1.924753 2.450443 -2.507430 -3.309145 0.370463 2.262948 -0.087659 -0.331923 -0.463374 0.085633 -0.722613 -1.508782 -1.586830 3.216673 0.284607 -2.028749 0.585645 -0.328453 0.732954 0.159404 0.566683 -1.245480 0.149873 
312.576324 -23.628759 6.090990 0.784281 -0.635458 -3.514533 1.013642 0.387461 -1.354550 -0.623205 -2.223995 0.057324 -1.198252 -2.640817 0.072913 5.892772 -0.964822 -3.731093 0.768325 1.102591 0.167141 0.338781 0.506717 -0.963630 -0.350214 -0.614247 -0.762195 0.359976 1.927437 0.716973 0.036515 -0.676036 0.394111 0.442151 0.774486 -0.176987 0.322514 
299.791779 -27.826670 5.770186 7.966382 0.060903 -5.985234 1.966925 0.736572 -2.062621 1.438873 -1.909839 -0.390105 -0.895601 -0.727452 0.400363 3.170395 1.347444 -1.875199 0.443493 0.910876 0.700564 0.552379 1.085597 -0.268341 -0.077585 3.921114 -0.654623 -4.277274 0.932042 2.139896 0.038290 -0.340179 0.641750 -1.277131 0.584850 0.706492 0.150673 
275.512299 -25.083662 6.891717 7.125071 2.059430 -7.264931 1.900627 2.209213 0.046577 0.481554 -0.052801 -0.479358 -1.353422 5.201411 -1.236333 -2.661776 0.899262 0.548698 0.844905 0.422232 1.450641 -2.215481 1.676417 0.449354 -0.048869 1.996573 -1.530144 -3.235899 -0.297763 2.527454 0.650309 -1.319315 -0.456146 -0.564616 -0.259245 0.400894 0.228558 
251.662979 -17.423848 3.297520 2.642829 1.859427 -4.887838 3.656736 1.581036 0.838662 -2.992090 1.442996 0.508603 -0.993340 3.265694 -2.659924 -3.301403 0.751918 3.179709 1.744111 -1.727753 -0.211729 -0.576852 0.567107 0.533446 0.379531 -4.193135 0.040433 1.043934 0.556171 1.074476 0.179159 -0.938094 -1.236432 1.792123 -0.773003 -0.514073 -0.174045 
234.806274 -18.552274 1.571869 0.522265 3.563266 -0.905513 5.388849 -1.246293 -0.376881 -0.672150 1.081413 0.587533 -0.594360 -3.184859 -1.155467 -0.573908 2.011605 2.697649 1.203223 -1.453957 -1.022222 1.368764 0.130412 -0.578792 -0.396959 -2.943170 1.183641 1.893889 0.203884 -1.236611 -0.703472 0.843730 -0.101361 0.392823 -0.127952 -0.575851 -0.487990 
0.000000 -23.793566 0.986586 1.495014 5.882636 0.507461 6.063181 -1.326878 -1.205782 -0.254562 1.703819 -0.648980 -1.787257 -2.620646 -0.292641 0.486374 1.159685 0.706487 0.337166 -0.040293 -0.414450 0.208794 0.311203 -0.618256 -0.596449 0.282107 0.431413 0.530141 -0.425960 -0.995581 -0.433028 0.706832 0.303886 -0.579985 0.090396 -0.019732 -0.099745 
