0.000000 -31.750426 0.249379 8.106766 -1.199963 -2.399401 -2.007519 1.313705 1.691039 -1.855247 -2.408369 -0.461332 -0.348767 4.229529 2.907282 -2.465663 0.857923 -2.268885 1.646345 -0.968325 -0.770472 -0.296462 -0.026009 -0.142465 -0.901805 0.110768 0.581453 -0.238279 0.696362 -0.562887 0.194432 0.596434 0.253323 0.197437 0.608876 0.274270 0.013967 
313.378113 -23.291369 6.063944 3.175441 0.515883 -6.937171 1.285170 -0.622945 0.150094 -2.448170 -2.460388 -0.746262 -2.152378 4.451065 4.070189 -2.942221 2.250647 -3.394660 2.035208 0.224543 -0.263827 0.098412 1.191742 0.406075 -0.873871 -2.541305 -0.677090 1.132817 0.432116 0.454710 -0.642083 1.101415 0.285112 0.658059 0.761351 0.584660 0.578771 
294.178131 -22.848296 8.389757 2.222324 3.301332 -9.188720 2.062898 1.762792 1.163385 -1.658423 -0.024884 0.350817 -2.096510 -0.853082 1.553103 -0.200029 1.722155 -1.359465 0.362178 1.234504 -0.200248 1.019657 1.496693 1.026856 0.255737 -3.937191 -1.789144 1.970180 -0.510725 1.482720 -1.205710 0.015948 -0.271038 0.348221 -0.458934 0.255637 0.549454 
264.240479 -24.997533 9.170150 2.775384 3.960194 -9.656101 2.009526 1.846063 -0.250403 -0.408857 0.532997 1.307449 -1.640905 -3.423317 0.491900 0.998139 1.229198 -0.429220 -0.376212 0.256439 -0.805904 0.794854 0.273873 0.917349 0.225036 -2.463629 -1.191760 0.710129 -0.599599 1.496929 -0.883941 -0.870563 0.250290 -0.245475 -0.524168 -0.610074 0.092685 
244.679459 -29.694930 9.373558 4.218603 5.759728 -10.047161 1.310475 2.275669 -0.448422 -0.068715 0.522862 2.185515 -1.646437 -5.780339 -0.830417 1.220229 0.522958 1.634392 -1.405704 -0.506621 0.300332 0.528707 0.448357 -0.193293 0.441108 -3.337044 -1.935030 0.293724 -1.545292 1.656606 -0.473663 -0.820288 1.304919 -0.495675 0.248839 -1.054903 0.013209 
237.318314 -36.558211 7.509317 5.215841 5.006111 -6.387318 -0.801883 0.832822 0.350262 0.648558 1.429711 0.920862 -0.758690 -10.097405 -3.378160 1.585587 -1.861387 2.883992 -1.323537 -1.384137 1.803935 -0.196497 0.771552 -1.192458 0.251454 -2.083254 -2.063762 -0.672045 -1.673103 0.022356 0.862677 0.101932 0.229636 -0.405314 -0.209777 -0.198951 0.083266 
241.015244 -49.889739 2.617238 7.389776 2.036955 -4.279176 -1.336599 -0.492604 3.159448 -0.461709 2.065966 -0.199401 -1.143528 -9.946848 -4.957940 -0.123861 -2.823248 1.679105 0.319649 -0.302757 0.759604 -0.281920 0.028802 -0.591195 0.607639 8.463160 3.129390 -1.832169 0.353748 -2.913299 0.998604 1.354592 -1.745048 0.330943 -1.187685 0.904977 0.566838 
244.008301 -56.451906 -2.406563 4.968119 -0.640385 -3.029109 -0.162585 0.227308 1.869470 0.084718 1.487316 -0.261528 0.456589 6.828915 2.880620 -2.078751 -1.153890 -2.942606 0.673671 1.325047 -1.686162 0.465390 -1.603819 0.617497 1.385131 12.545815 3.484223 -2.089191 1.739543 -1.567578 0.454312 -0.067419 -0.424685 -0.324358 -0.195233 0.237371 -0.238646 
0.000000 -36.231908 8.378479 3.232274 -0.270825 -10.164388 0.010743 2.157490 -0.212876 0.469071 -1.141672 1.035593 1.626734 15.144783 2.010506 -4.302244 0.655839 -1.456052 1.228273 -0.437596 -0.089765 -0.930637 -0.361665 -0.116454 0.130347 0.781258 -1.798175 -1.793733 0.756838 3.138978 -0.034708 -1.419540 0.882563 -0.594003 1.407506 -0.807418 -1.250903 
0.000000 -26.162341 1.614448 -3.636369 0.671292 -5.941212 2.293962 -0.647884 1.689940 -1.776556 0.763986 -0.494435 0.717284 8.391432 -0.715729 -5.666218 0.359787 3.335350 0.604255 -1.514033 0.078963 -0.722616 1.211192 -0.997340 -1.116675 -5.811926 -0.097167 1.722823 -0.095498 1.724481 -1.027829 0.312280 -0.473500 1.306827 0.227134 0.170160 -0.181640 
290.180908 -19.449044 6.947022 -8.100163 0.448750 -3.493688 1.219254 -0.870575 -0.054949 -0.976160 1.280712 -0.959087 -0.606615 3.520930 1.816173 -0.856598 0.464842 1.992910 -0.827385 0.186965 -1.036765 1.683018 0.092604 0.223866 -0.232934 -7.073415 -1.210190 4.714766 0.376635 -0.327681 -0.762515 0.665022 -0.242516 1.150945 -0.790793 0.435719 0.657142 
0.000000 -19.120480 5.246794 -5.349565 1.600976 -1.955392 0.639193 -0.273954 -0.383591 1.589479 0.949194 -0.046704 0.251416 -5.755397 -3.136108 3.763315 1.113056 2.679988 -0.920774 -0.183988 -0.406069 1.579274 -0.370394 -0.125902 0.197609 -6.610170 -4.729448 2.228771 0.025349 -0.732379 -0.196255 -0.244451 0.909268 -0.538009 -0.146249 -0.220599 0.199388 
376.724091 -30.959838 0.674805 -0.573533 2.674862 1.866289 -0.622294 -1.238551 -0.867087 2.182387 0.539923 -1.210891 -0.211398 -9.699411 -7.642723 3.600944 0.515539 0.528152 -1.219894 -0.301937 0.781771 0.607000 -0.199894 -0.217333 0.165843 3.854842 -0.043677 -0.897698 0.764399 -1.451326 -0.084113 -0.329614 0.593627 -0.919924 -0.131537 0.033274 0.028727 
368.976746 -38.519302 -10.038652 1.852323 2.632055 -0.899088 -1.800595 -0.877828 1.179952 2.803479 0.549405 -0.481370 0.583103 1.954286 -3.223462 1.967919 2.641855 -0.222663 -1.089001 -0.843216 0.781184 -0.260575 -0.633467 -0.059353 0.255063 9.012954 6.668876 -2.588239 0.649870 -0.240352 0.545455 -0.197915 -1.147486 -0.674665 -0.451046 -0.074054 -0.343791 
0.000000 -27.051265 -5.772119 3.362304 7.958572 1.420962 -2.800295 -2.924983 0.695282 1.661237 -0.727011 -1.329598 0.298729 8.326498 5.695030 -1.575534 1.815280 0.047448 -0.128983 -0.697768 -1.513200 -0.742330 -1.101986 -0.365441 -0.521739 0.745125 3.309301 -2.492285 -1.945648 -0.289069 0.854779 0.741444 -0.742608 0.305024 0.386471 -0.029482 -0.367703 
334.285736 -21.866305 1.351409 -1.298744 6.262614 -0.804191 -2.058562 -2.273364 -1.846448 1.318820 -1.654566 -1.212253 -0.460375 3.444537 3.395141 -3.016651 -1.249441 -0.800801 0.620558 0.639673 -0.704032 0.349474 0.139475 -0.118317 -0.480342 -6.626235 -2.746755 0.897462 -1.284909 0.791659 0.537110 0.528180 1.077912 0.461878 1.132303 0.115276 0.222808 
298.020538 -20.162191 1.018162 -2.670997 5.459690 -0.180639 -1.559179 -1.645637 -0.712781 2.360184 -0.448061 -1.566231 -0.661955 -4.925972 0.201520 0.219390 -0.754538 1.630767 0.945236 0.358593 0.642624 0.181427 1.162621 -0.134889 -0.076123 -10.106529 -1.382855 3.230086 0.109179 1.713282 -0.416630 0.044672 0.735299 -0.490756 -0.047270 0.165347 0.526900 
260.021851 -31.718250 1.754448 -0.859964 4.753537 2.457344 -0.168090 -1.556179 -0.561199 1.681674 0.670677 -1.482031 -0.612622 -16.768521 0.629430 3.443521 -1.031083 2.625763 -0.212703 0.729017 0.766567 -0.632038 0.044935 0.212377 0.573457 -0.551381 -4.459864 1.297571 -0.225743 -1.476315 -0.505950 0.596228 -0.343201 -0.407957 -0.683038 0.215828 0.366914 
245.725082 -53.699233 2.277022 4.216045 3.397523 5.070886 -1.984584 -0.187604 0.820352 1.096108 -0.358191 -1.141476 0.484959 -6.028733 -8.718208 2.814532 -1.206024 -1.321863 -0.066664 1.551048 -0.043778 -0.634487 -0.203456 0.296767 0.657706 12.943212 -5.815153 -2.861642 0.837330 -2.672238 0.188768 -0.322256 -0.508946 0.146159 0.081930 -0.086620 -0.172162 
249.433990 -43.775716 -15.681967 4.769100 2.341490 -0.186382 -0.301418 1.545916 -0.648754 0.412699 0.263766 -0.888497 0.702790 9.117903 -11.000876 -2.279763 0.643577 -2.718713 0.164833 0.084505 -0.251325 -0.339720 0.208794 0.039137 0.229133 4.826842 3.143131 -3.049551 1.205764 1.053618 -0.133714 -1.288103 0.071787 0.278983 0.328545 -0.210756 -0.394695 
0.000000 -35.463427 -19.724731 -0.343481 4.684677 -0.366539 -1.654919 -0.018594 0.317703 0.416669 0.059397 -1.063202 0.943224 3.624951 -2.431945 -3.284570 1.205505 0.785374 -0.334093 -1.025157 0.099797 -0.076521 0.453634 -0.124744 -0.131684 -3.608595 8.860698 2.061442 0.853983 1.862066 0.069238 0.162630 0.203964 0.102815 -0.484938 -0.008950 0.048597 
0.000000 -36.525813 -20.545858 -1.800041 4.752500 1.384366 -0.969604 -0.504398 -0.449160 0.259657 1.171033 -1.137985 0.439421 1.900713 6.720519 1.843121 2.351543 1.005420 0.303308 0.409764 0.156602 -0.134090 -0.761082 0.021236 0.326327 1.969092 5.885862 1.862388 0.257638 -1.066507 0.409011 0.763477 0.244040 0.155733 -1.477260 0.117673 -0.327820 
0.000000 -31.662001 -6.283692 3.342761 9.387762 1.644302 -1.048303 0.800935 0.630908 0.148488 -1.462766 -1.020729 1.595878 7.563136 9.339778 0.440206 1.720781 -1.347640 0.483929 0.501797 0.587877 0.234945 -2.500887 0.110601 -0.787325 1.592954 -1.941136 -2.375467 -2.095280 -1.097491 0.441112 -0.665931 -0.510868 0.238836 -0.034903 0.092918 -1.161339 
311.454102 -21.399541 -1.866302 -0.919629 8.194062 -1.310915 -0.001747 0.499196 0.726594 0.729547 -3.830740 -0.916784 -1.135229 5.086622 2.838246 -2.907813 -1.839018 -1.189561 1.185533 -0.922098 -0.865133 0.343582 -0.830887 0.207072 -1.996351 -5.123382 -3.640339 -0.343365 -1.972899 0.800233 0.109304 -0.728234 -1.114229 -0.336400 1.606212 0.508209 0.142645 
289.987427 -21.488757 -0.607200 -2.472866 5.709726 -0.734820 1.322763 -1.043260 -1.099358 0.835652 -3.124540 -0.606584 -2.396824 -2.683628 2.059100 -0.246525 -2.225016 0.252825 0.702537 -0.954670 -1.640581 -0.437855 0.711537 1.127019 -0.502035 -4.973906 -1.198245 3.084374 -0.242291 1.022140 -0.902032 0.931863 0.220922 -0.581215 1.004675 0.061650 1.682337 
296.163971 -26.766796 2.251897 -1.412679 3.744029 -0.805266 1.403327 -1.410144 -2.554569 -0.146164 -2.407666 1.337254 -2.139299 -4.861189 0.441755 3.260934 -2.323600 0.854718 -0.618532 0.941629 -0.423288 -0.818847 1.178463 0.330372 1.368322 -1.993934 -4.526879 1.631246 1.378111 0.630834 -0.700783 0.760192 0.918426 -0.033119 0.025516 -1.181299 1.068861 
320.027496 -31.211135 0.276311 4.049002 1.062527 0.974616 0.085699 0.839998 -1.945934 -0.802042 -0.767614 0.054161 0.339819 -6.671496 -6.994658 3.015968 0.531206 1.514493 -0.699030 0.565713 0.196271 -0.504093 0.762569 -1.235580 1.635687 3.191483 -0.549826 -1.602217 0.996874 -1.032440 0.326364 -0.142719 0.538260 0.166942 -0.778536 -0.380684 -0.596055 
325.128387 -40.109787 -11.737418 4.619258 4.806441 2.223719 0.005266 -0.278719 -2.162027 -1.154350 -0.882528 -1.133906 1.132075 1.521777 -0.657897 0.056499 -0.329852 -1.210162 0.034197 0.656192 0.653232 -0.484963 -0.378609 -0.430996 0.176211 8.610020 7.862468 -2.545413 -1.594872 -2.125041 0.805884 0.136373 0.202800 -0.056092 0.073274 0.725944 -1.030393 
0.000000 -28.167581 -1.039484 4.162001 0.402823 -1.445708 0.154092 2.152382 -0.639470 -1.771967 -1.524832 -0.807830 0.692242 10.548545 8.730278 -2.074858 -2.658538 -2.735589 0.912738 0.838459 0.601871 -0.616278 0.909117 0.216309 -0.425098 1.982527 2.017674 -1.250132 -0.038112 -0.031631 0.221355 -0.545534 -0.469023 0.183142 0.933817 0.268540 -0.037690 
282.678589 -19.012697 5.723137 0.469541 -0.510635 -3.247458 1.830743 1.398199 -0.958286 -2.386905 0.935707 -0.701288 0.281878 5.486832 3.377450 -2.443764 -0.406075 -1.273424 0.476907 -0.434876 -0.284813 -0.118678 1.489025 0.106083 0.100830 -5.503516 -4.172160 0.812316 1.507743 1.263676 -0.791554 -0.362836 -0.412048 0.531077 -0.395076 -0.120930 0.285496 
258.928955 -17.193918 5.715416 -0.725528 -0.409328 -3.992555 1.107905 1.282631 -1.209096 -2.009322 1.453218 -0.595664 0.893902 -0.458486 0.385957 -0.450227 0.356948 -0.208236 -0.670371 0.112787 -0.222226 0.445876 0.118965 -0.025550 0.145894 -5.219079 -1.995360 2.260192 -0.050787 1.041320 -0.270774 0.400743 0.090531 0.125400 -1.036903 0.041178 -0.172750 
244.792862 -19.929669 6.495052 -0.430913 0.203261 -3.663931 0.490002 1.623773 -1.402738 -1.495153 1.173637 -0.752389 0.573667 -4.951325 -0.613271 2.076619 -0.507649 0.809216 -0.064642 0.366610 -0.103751 0.132122 -0.584781 0.188440 -0.244670 -2.772824 -2.837209 1.359221 -1.170180 0.303513 0.092997 0.099967 0.253677 0.065326 0.142450 0.256087 -0.314749 
239.060440 -27.096569 4.488873 3.427711 -1.424626 -2.374123 0.978621 2.015850 -1.416599 -1.745078 0.283656 -0.218783 0.404562 -6.004135 -5.288460 2.268216 -1.983411 0.398790 -0.484377 0.312720 0.285128 0.576529 0.403865 0.486623 -0.483604 0.361741 -2.658022 -0.791488 -1.102971 -0.811382 -0.967097 -0.634818 0.042022 0.036719 0.211040 -0.167707 -0.027437 
254.355988 -31.937939 -4.081868 4.105518 -3.763562 -2.866351 -0.478752 2.249214 -0.832482 -0.342095 1.981367 0.220858 -0.393540 -4.227843 -5.929316 0.493644 -2.713590 -0.813547 -1.998836 -0.903025 -0.019706 0.205560 -0.162701 -0.146973 -0.299544 1.252719 2.173003 -0.580552 0.107560 -0.760378 -0.384469 -0.951680 -0.375435 -0.745633 -0.619860 -0.417720 0.036162 
0.000000 -35.552255 -7.369759 4.414998 -6.851806 -4.001217 -3.019051 0.209800 -1.456011 -1.333958 -0.041747 -0.512730 -0.194526 -3.498696 -0.942454 1.107112 -1.768292 -1.121967 -1.253314 -1.590640 -0.465741 -0.914736 -0.835855 -0.348818 -0.411280 0.620794 4.554099 0.780054 1.468058 0.855224 1.539132 0.847003 0.341678 -0.078550 0.418391 0.412233 0.130546 
0.000000 -38.935332 -5.966776 6.319742 -7.300147 -5.110284 -2.985380 -0.932066 -1.763965 -2.171567 0.309658 -0.476778 -1.216101 -2.986255 3.178882 2.053752 0.222526 0.896901 1.079428 0.790981 0.663650 0.048460 0.674082 0.677493 -0.038453 2.556380 3.017452 -0.134618 1.656040 0.889619 2.213346 1.883286 0.697857 0.693967 0.276339 0.605089 0.042290 
344.244720 -41.524765 -1.011996 8.522502 -6.406755 -2.207414 -0.860194 1.791761 -0.128712 -1.237038 1.306417 0.842255 -0.271431 1.614064 5.092451 0.837875 1.543787 0.657272 3.173377 2.175932 0.929973 0.473199 -0.283176 0.861359 -0.326701 3.013790 -0.140102 -2.018432 0.816296 -0.654531 0.422910 0.399008 -0.749453 -0.043684 -0.460719 -0.347881 -0.411530 
245.315964 -35.707204 4.218125 7.995493 -4.212572 -3.795740 3.361374 3.419798 0.095982 -1.225170 -0.256694 1.245941 -1.869504 3.041325 2.898677 -1.983113 1.855117 -0.412161 1.925248 1.588997 -0.835257 -0.038908 -0.247357 -0.018270 -0.861513 -3.465217 -2.260410 -1.419772 -0.990722 0.825793 -1.911167 -0.675140 -1.156135 -0.329479 0.337273 -0.465480 0.546137 
269.698608 -35.442115 4.785359 4.556277 -2.696520 -3.031737 2.990302 4.969755 -1.799225 -1.314853 0.811703 0.805716 -1.994457 -5.316370 0.571630 -2.001668 -0.437656 2.308858 -0.648956 0.825651 -1.382297 -0.185760 0.391371 -0.069601 0.765572 -4.726099 -3.589317 0.338955 0.864601 0.273707 -1.769410 -1.724202 0.281499 -0.180287 -0.245290 -0.046283 1.075841 
276.008789 -46.339944 5.361385 3.992157 -5.087885 0.821977 2.063461 5.071100 -2.668613 -1.596689 0.526048 1.106739 -0.338360 -6.410873 -4.279956 -1.305202 3.584318 0.135253 -1.613573 -1.859406 -0.272259 -0.399482 -0.737937 -0.110835 1.290169 6.004951 -4.116459 0.022600 2.771715 -1.759807 -0.793216 -1.893894 1.187807 0.660516 -0.444458 -0.369146 -0.326131 
278.935883 -48.263860 -3.774554 1.945874 4.472117 -2.761231 -0.236843 1.250943 -2.343743 -2.113817 -0.664170 0.584047 0.585881 6.693532 -7.661287 -1.956469 5.105774 -1.210756 -2.235388 -2.962136 0.993316 1.135273 -0.497546 -0.807893 0.113309 6.522860 -0.334893 0.387696 -1.639606 0.270662 -0.080995 0.093996 0.380118 0.849992 0.310150 -0.362822 -0.654678 
0.000000 -32.952880 -9.961189 0.079219 5.123663 -1.599536 -2.407316 -0.853172 -0.681981 0.673856 -0.469044 -0.509046 -0.111741 6.634847 -4.949743 -0.529810 0.305107 0.676577 -1.775562 -1.671414 0.487978 1.300503 -0.117636 -0.836479 -0.019188 -4.624917 3.354317 1.963461 -1.659812 1.408852 1.303170 1.283823 -0.413135 -0.805892 0.017021 0.501634 0.317646 
0.000000 -34.994166 -13.674040 0.886254 5.082330 -1.408077 -3.787967 -2.091885 -1.367788 0.487189 -0.899442 -1.088911 0.547506 -2.556301 -0.952653 1.970454 1.786151 1.606947 0.370952 -0.394490 0.167045 -0.476511 -0.463503 0.195375 0.748602 -2.747550 5.278960 0.766556 1.497594 0.835849 1.753994 1.161698 0.294216 -0.567804 -0.385912 0.601186 -0.155824 
0.000000 -38.065482 -11.866495 4.020126 8.695964 1.614358 -1.665411 -1.642152 -0.347891 -0.279167 -1.396050 -0.118296 1.385463 1.139747 5.608176 1.003303 3.300295 2.348276 1.732426 0.651982 1.076409 0.164894 -0.889460 0.365894 -0.330835 4.420222 4.116898 -2.280115 -1.017784 -0.553654 0.139509 -0.082701 -0.264594 0.724794 0.259647 -0.161406 -0.834211 
269.543518 -32.714671 -2.457687 2.892860 11.682920 3.288474 -0.323114 -0.787921 0.785030 0.816977 -2.678363 -0.357123 -0.114164 6.284142 7.281142 -2.589777 -0.249417 0.499638 0.649971 -0.559892 -0.362143 0.973077 0.055790 -0.127437 -0.919820 1.393750 -0.682144 -2.252195 -3.258082 -1.634120 -1.167844 -0.270508 -1.417738 -0.032940 0.876840 -0.253568 -0.088334 
228.339508 -25.497198 2.695790 -1.159428 8.197130 2.613635 -0.365469 -2.761936 -1.072177 1.666988 -1.284470 -0.373169 -0.454177 3.927248 4.243888 -3.501088 -3.215869 -0.919964 -0.603261 0.110967 -1.759067 0.099014 0.864221 -0.141242 -0.507504 -3.979778 -3.005234 0.830600 -0.996577 -0.368306 -0.714075 1.325394 -0.490095 -0.805672 0.373275 -0.151562 0.600796 
212.349335 -24.860176 6.030090 -4.109316 5.251181 1.448546 -1.529636 -0.565988 -2.733104 1.015004 -0.949922 -0.639606 -1.129171 -1.675414 1.270675 -0.928577 -2.242572 -0.236975 -0.778179 2.090897 -1.342333 -0.638267 0.802341 -0.430561 0.281773 -4.196566 -2.565910 2.362758 1.094769 0.806277 0.303765 0.517116 0.737727 -0.397273 0.092722 -0.102097 0.545355 
0.000000 -28.848025 5.237139 -3.016583 3.711986 2.139686 -1.921826 1.419858 -3.756844 0.390454 0.320211 -1.234292 0.109369 -4.465884 -0.887932 1.224429 -1.026331 0.692590 0.004268 1.145199 -0.283613 -0.695532 1.049665 -0.345435 0.583207 -4.254025 -0.723420 1.186571 1.028691 0.745046 1.083091 -1.129979 1.027505 -0.079434 -0.366416 0.431601 -0.248341 
0.000000 -33.791944 4.254226 -1.660459 3.198518 2.833726 -1.521100 1.724410 -3.300331 -0.376061 1.149408 -1.330476 0.037242 -10.183463 -0.176165 1.444564 -0.185191 1.253117 1.388004 -0.169061 0.712676 -0.797134 0.069508 0.432641 -0.214909 -4.962605 -0.434104 0.263217 1.208412 -0.375128 0.349115 -0.856515 0.940974 0.007509 -0.799295 0.638352 -0.800769 
0.000000 -49.214952 4.884808 -0.127455 3.341604 4.645920 0.854181 1.081736 -2.331491 -1.203815 0.459227 -0.369010 -0.320449 -14.391094 -1.756140 1.750863 1.390492 -0.057665 0.702499 -0.567831 1.598335 -0.680514 -0.548926 0.931269 -1.018331 1.507760 -2.059417 -0.579231 0.396282 -1.674905 -1.216402 0.535278 0.994981 0.464469 0.398917 0.489316 -0.196467 
0.000000 -62.574132 0.741945 1.841268 5.979503 2.718395 -0.116102 0.588748 -0.103661 -1.737088 0.051557 0.532062 -1.999419 -7.167943 -4.294999 0.286102 0.607372 -2.096693 -1.044800 0.901494 2.702639 0.131804 0.867341 1.411273 -0.607842 10.913705 -1.798546 -2.704957 -0.451431 -0.272189 -0.329517 0.369294 -0.367684 1.063748 0.575064 -0.789190 1.168846 
359.429901 -63.550838 -3.705190 0.444749 4.556348 0.452534 -1.235418 2.884725 3.073787 -0.940207 2.193910 2.453535 -1.536132 7.436315 -5.353233 -3.659050 0.487630 -0.602044 0.043465 0.170758 0.862967 1.446982 0.601203 -0.647110 1.319362 5.799887 -0.229988 -2.599565 -0.066759 0.720294 0.732785 -0.999646 -2.250013 0.201440 -0.846642 -1.866953 0.624441 
361.381958 -47.701501 -9.964520 -5.476833 6.954763 1.514308 -0.029171 0.930263 1.622272 1.156876 1.253964 -0.762158 0.639304 4.431830 -4.754976 -4.913029 0.473854 -0.656105 0.420771 -1.097797 -1.797387 0.534683 -0.825944 -2.322634 0.641040 -4.563294 4.361266 3.910178 -1.229013 -0.142167 -0.120219 -1.028669 -0.578325 -0.800743 -0.479848 0.534707 -0.850246 
0.000000 -54.687178 -13.215142 -9.381308 5.504056 -0.859676 -0.393876 0.689130 -0.520988 0.129159 0.542023 -2.191733 -0.254053 -1.690272 3.369300 4.161306 -1.970395 -0.886379 -0.196973 -1.886581 -0.293684 -0.154504 -0.358493 0.422304 -0.381130 4.903692 6.763898 4.669108 -1.937325 0.352654 0.021638 -0.176105 0.999055 -0.399544 0.541132 1.739671 -0.456727 
0.000000 -51.082045 -3.225920 2.845778 3.013973 -0.258449 -0.423116 -2.842898 1.034904 0.847867 0.536977 0.082450 -0.122957 14.239214 8.772820 4.425188 -3.400797 0.049203 0.464048 -1.450007 0.200722 -0.264405 0.256321 1.156707 -0.272415 9.859878 0.210269 -3.813692 -0.028699 0.471691 0.171511 1.409006 -0.220018 -0.025307 0.335524 -0.132168 0.017948 
250.191833 -26.208750 4.330498 -0.530932 -1.297538 -0.761270 0.534220 -2.210884 -0.119544 -0.399652 1.054664 0.121680 -0.798883 18.029485 3.789839 -3.466079 -2.027793 0.057004 0.146050 0.931430 -0.733720 -0.205119 0.312554 0.157967 -0.345234 -4.044147 -4.298622 -3.494376 1.919496 0.284811 -0.653404 1.271265 -0.490790 0.467148 -0.043005 -0.681017 0.184969 
116.644661 -15.023075 4.353757 -4.086379 -1.041613 -0.144441 -0.131015 -0.980038 -0.432537 0.437630 1.162086 0.398384 -0.813424 6.150921 0.175576 -2.563565 0.438195 0.618825 -0.842761 1.092524 -0.780859 0.669890 0.170311 -0.205327 0.097522 -9.686403 -2.085750 2.068057 0.947780 0.412931 -0.313436 -0.457257 0.169539 0.278929 -0.405114 -0.338701 0.144780 
245.417801 -13.906908 4.681650 -5.658062 -0.421148 0.476381 -1.151302 -0.025837 -1.681261 0.940129 1.395286 -0.288973 -0.603839 -1.343321 -0.381661 0.670036 -0.132233 0.882866 -0.480822 0.016916 -0.394642 0.352740 -0.497674 -0.519435 -0.055673 -5.329068 -2.426633 2.340577 -0.059418 -0.231109 0.466303 -0.386299 0.441752 -0.567970 -0.212945 -0.063429 -0.130172 
263.639740 -17.709716 3.590436 -2.746307 -1.306078 1.621290 -1.092660 -0.946205 -1.221820 1.143110 0.166737 -0.640485 -0.924771 -4.507214 -4.677690 2.117589 0.319360 0.156607 0.089846 0.319926 0.102644 -0.466049 -0.255580 -0.332184 -0.162821 -1.675333 -3.238745 -0.396768 0.303989 -0.592118 -0.049133 0.444674 0.271083 -0.461371 0.501440 0.372025 0.174943 
280.120758 -22.921336 -4.673730 -1.422883 0.217571 0.789595 -0.971610 0.614015 -1.475973 0.008032 0.884126 -0.953341 -0.929482 -4.693988 -6.859151 -0.123501 0.475746 -0.301370 -0.579089 0.906265 0.147523 -0.570001 0.505206 0.224616 0.294212 1.209518 0.975311 -1.451401 -0.302719 -0.021064 -0.364730 -0.096886 0.085977 0.231793 0.201046 0.356614 0.229694 
0.000000 -27.097692 -10.127867 -2.993309 -0.354586 1.018551 -2.250838 0.866324 -0.926774 0.003108 1.177148 -0.191253 -0.336346 -2.088178 -2.727069 -0.785213 -0.286079 0.114478 -0.639614 0.126154 0.274599 -0.002462 0.146511 0.381044 0.296568 1.302905 2.066041 -0.330856 -0.380912 0.207924 -0.030262 -0.390055 0.063538 0.283770 -0.179347 0.078214 0.001178 
