293.079651 -39.508090 4.298390 -1.428043 6.722269 3.017492 -0.162675 0.060333 -0.590727 -0.916543 -0.504992 0.136055 0.431366 -1.754101 -1.577040 3.665167 -1.342944 0.088832 0.199426 -1.463835 0.652786 0.215805 0.257650 0.373949 -0.321275 0.275561 -2.777172 -1.000704 -0.270111 0.869386 0.153686 0.116828 0.071941 0.052855 -0.061909 -0.104621 -0.076745 
314.657806 -43.016292 1.144311 5.902292 4.036381 3.195156 0.236176 -2.867336 0.714844 -0.484933 0.010309 0.883954 -0.211184 -1.202978 -7.131384 1.663760 -1.883165 1.827604 0.506797 -1.230179 0.796668 0.321514 0.133832 0.164708 -0.474765 1.521139 -2.358077 -3.819949 -0.007828 0.597522 0.145362 1.290910 -0.458338 -0.205946 0.021099 -0.117780 0.173272 
307.036102 -41.914047 -9.964378 1.899477 2.955939 6.672700 0.850919 -2.400024 1.002609 -0.273515 -0.237327 0.465471 -0.518165 1.288176 -6.293193 -3.974730 -1.358601 1.283875 0.490149 1.117985 -0.263889 -0.196088 0.299849 0.138389 0.025270 3.255057 5.849485 -0.861760 -0.088412 -2.256377 0.024999 1.421402 -0.233800 -0.239422 -0.240879 -0.286369 0.379444 
323.907135 -40.439940 -11.442075 -2.047169 1.319180 5.762906 1.216473 -0.631366 0.187066 -0.877109 0.610006 1.160731 -0.160645 5.307136 4.567586 -0.059759 -2.059989 -2.685149 0.556796 1.612625 0.329068 -0.157331 -0.347925 -0.408029 0.284123 3.306858 6.848133 2.599569 0.603605 -3.048330 0.043219 -0.586705 -0.261395 -0.078753 -0.511204 -0.519754 -0.251477 
365.473846 -31.299774 -0.829207 1.779958 -1.164038 1.302401 1.964511 0.825225 1.660746 -0.588176 -0.933177 -0.350588 0.050082 7.901892 7.403073 1.224408 -0.151392 -4.812786 0.576587 -0.055424 -0.786680 -0.353595 -0.722559 -0.901119 -0.477685 0.051249 -1.723786 -0.849999 1.226406 0.102587 -0.329694 -1.411854 -0.777853 -0.071511 0.313309 0.267036 -0.384049 
341.025391 -24.636156 3.364071 0.401648 1.016397 -3.862665 2.369647 -0.742214 -1.386294 -1.584298 -0.835112 -0.641507 -1.116015 5.409634 1.120013 -1.759756 0.392823 -2.479976 -0.102592 -1.211083 -1.226637 -0.300353 0.278693 0.126043 -0.483974 -2.018407 -4.167348 -1.783172 -0.490950 2.208870 -0.695905 0.062135 0.395176 0.014676 0.364501 0.654917 0.547979 
326.681641 -20.480505 1.410819 -1.739555 -0.378392 -3.657551 1.759326 -1.596942 -0.792528 -1.188882 -0.375792 -0.098501 -0.917867 3.865079 -0.931623 -2.341935 -1.133292 -0.395046 -0.815223 0.068847 0.003672 -0.324243 0.006442 0.408715 0.618273 -1.925070 -0.472213 0.393906 -0.457621 1.475764 -0.134013 1.215430 0.770699 0.070224 -0.158710 -0.081755 0.496791 
306.799530 -16.905999 1.500826 -4.282222 -1.250188 -4.652758 0.739202 -0.604521 -1.378950 -2.232785 -0.822228 0.175924 0.120532 1.559495 0.175586 -0.971945 -0.522418 0.471553 -0.370618 1.219776 0.314761 -0.159905 -0.038726 -0.037467 0.509608 -2.648620 0.546674 1.552304 0.685244 0.805977 0.267271 0.402305 0.189087 0.394013 0.412821 -0.186852 -0.114777 
293.501160 -17.361516 1.761992 -3.683445 -1.423227 -2.714445 1.018089 0.842610 -0.163006 -1.508692 -0.453245 -0.173434 0.101349 -1.432161 0.161726 0.762672 0.237195 1.216907 -0.280681 0.873456 0.381846 0.463783 0.832084 0.035012 0.388719 -3.475066 0.216388 0.718381 0.605335 -0.014741 -0.109189 -0.608535 -0.403142 0.068087 0.489394 0.218470 -0.008879 
269.884735 -19.770320 1.824279 -2.756877 -0.775798 -2.218944 0.177840 1.142391 -0.615259 -1.305218 0.841940 0.245948 0.897969 -5.390637 0.608363 0.464816 0.688253 0.442071 -0.588996 0.002705 -0.491524 -0.023731 0.940062 0.399473 0.491849 -5.636283 -0.185592 -0.833713 -0.248078 -0.318205 0.178994 -0.973069 -0.663986 0.276627 -0.357255 -0.074921 -0.376236 
242.148224 -28.142789 2.978718 -2.753812 -0.046721 -1.830304 -0.159903 0.848020 -1.146054 -1.556154 1.426880 0.625512 1.085047 -12.704727 -0.209457 -0.904755 -0.258961 0.580496 0.077308 -1.072683 -0.946125 1.017038 0.117575 -0.114831 -0.363753 -1.558947 -3.590539 -2.245051 -0.714036 0.331030 0.348674 -0.488715 -0.444665 0.673710 -0.876905 0.337189 -0.696946 
264.134399 -45.179774 1.405364 -4.566387 -1.293719 -1.057953 0.332456 -1.002975 -2.507510 0.728857 1.077089 0.016286 0.170463 -8.508530 -6.572715 -4.025286 -0.739820 1.104131 0.108353 -0.974725 -1.380855 1.323690 -0.813747 1.073851 -0.902043 6.870539 -3.317876 -0.879251 0.224324 0.464248 0.164653 0.670038 0.527022 -0.661329 -0.365209 0.412252 0.029657 
0.000000 -45.159850 -10.166712 -10.804385 -1.526361 0.377959 0.056802 -1.101430 -3.907763 1.091226 -0.200614 2.773214 -0.719038 1.036351 -6.845209 -2.663257 0.189686 1.508991 0.406614 0.267392 0.107919 -0.305620 -0.612844 0.709674 -0.304439 4.477743 1.661786 1.790194 0.737604 0.251835 0.356550 0.496913 0.972218 -0.840322 0.626770 -0.998402 0.401747 
0.000000 -43.107072 -12.285054 -9.892901 -0.914347 1.960030 1.145684 -0.468190 -2.291672 0.117618 -0.148598 1.435634 -0.438415 0.446956 -3.249143 -0.444899 0.735388 1.607800 0.821452 0.019101 0.563581 -0.356954 0.439793 -0.922953 -0.098548 -1.946838 3.281532 1.366907 0.533416 -0.183043 -0.349803 -0.136603 -0.114620 0.381403 0.580588 -0.612450 0.048394 
0.000000 -44.265938 -16.664997 -11.694182 -0.055584 3.593560 1.699706 -1.063228 -2.780600 0.377318 0.678973 0.927307 -0.916135 -2.857326 -0.282145 0.070556 1.256518 1.142906 -0.292992 -0.005814 -0.121320 0.457187 0.548333 -0.515226 -0.207651 -1.108056 5.149363 4.091194 1.878134 -0.714392 -0.732890 0.312391 0.866184 0.085438 -1.142447 0.411137 0.085531 
0.000000 -48.821723 -12.849344 -9.751789 1.598690 4.245842 0.559700 -0.479817 -2.534312 1.031992 0.948069 0.405182 -0.853718 -1.769157 7.049584 7.737489 4.491657 0.179016 -0.644329 0.643883 2.295950 -0.186078 -1.845100 -0.100679 0.072515 3.932527 1.651337 3.772025 2.165532 -1.036376 -0.189651 0.489544 1.192032 -0.694125 -1.172454 0.334554 -0.026791 
0.000000 -47.804251 -2.565830 3.780796 8.927731 3.951592 0.411049 0.224539 1.811299 0.005163 -3.011227 0.725948 -0.771106 5.007728 3.020529 7.614606 5.587582 -0.929847 -0.672295 0.973275 2.262743 -0.931063 -1.796575 0.153882 -0.261234 4.308586 -4.784564 -3.628479 -1.563429 -0.908522 0.147855 0.257791 -1.209104 -0.341925 1.069796 -0.054627 -0.261792 
253.563766 -38.806268 -6.808286 5.477423 12.773854 2.386148 -0.784889 1.466733 1.991174 -0.830135 -2.645082 0.712946 -1.376186 6.848015 -2.519543 0.480531 1.364799 -1.638028 -0.348618 1.159465 -0.122259 -0.869927 0.294492 -0.209934 -0.451068 -0.357202 -2.006252 -4.321298 -3.474705 -0.172028 0.188148 -0.661624 -1.704570 0.032052 1.458732 0.107554 -0.053803 
263.744751 -34.108221 -7.604917 4.741858 11.657330 0.675537 -0.286187 2.543468 1.566781 -1.734690 -2.422244 0.306080 -1.673243 4.293324 -0.991974 -1.027990 -1.361829 -1.273903 -0.295999 -0.349972 -1.146397 -0.866960 1.120889 0.368990 -0.368840 -1.207642 1.592587 -1.106424 -1.512627 1.017913 0.206268 -0.858892 -0.281339 0.743640 0.734787 0.531224 0.439165 
290.259003 -30.219620 -8.792235 3.421444 10.050196 -0.161658 -1.376887 0.766788 -0.301621 -2.564056 -0.403303 1.450927 -2.113867 4.432732 0.665630 -1.732318 -1.660454 0.397798 0.063918 -0.558320 -0.684938 0.617353 1.764066 0.852515 0.427262 -0.867508 1.389031 -0.212064 0.248200 1.084038 0.446347 0.081278 0.895773 1.120920 -0.347745 0.078933 0.616356 
320.395142 -25.242757 -6.273657 1.277223 8.336422 1.471133 -0.158352 1.426829 0.196906 -0.499985 1.105888 2.011110 -0.818719 2.558307 1.786088 -1.452117 -0.865429 0.894173 0.596694 -0.187417 0.645149 1.374880 0.425400 0.526856 0.863871 -3.869358 0.103714 0.234075 -0.390613 0.317520 0.498928 0.327559 0.321038 -0.232379 -1.106143 -0.631535 0.023392 
341.103394 -25.103006 -5.220058 0.517209 8.319338 1.626687 -0.183499 0.391955 0.988677 0.185704 0.447497 2.504639 -0.386124 -3.305984 0.873058 -1.264167 -2.441679 1.032837 1.061773 0.096798 -0.042861 0.152594 -0.448221 -0.410555 0.474047 -2.362630 -1.914035 0.543637 -1.246801 0.209148 0.205119 0.379997 -0.370874 -0.687628 -0.280078 -0.723489 -0.391368 
327.330078 -31.854725 -4.527540 -1.251111 3.453064 3.536808 1.965193 1.620426 0.111184 -0.194796 0.209445 1.189999 0.129375 -2.166954 -2.041982 -0.364843 -3.359031 1.312468 1.006933 0.572577 -0.096599 -0.000377 -0.134756 -0.920122 0.081136 3.218536 -0.172484 0.453952 1.072439 -0.467137 -1.354647 -0.235852 0.093406 0.196912 0.606784 0.155211 -0.444781 
382.576477 -29.436913 -9.304023 -0.212478 1.601276 4.251623 1.830367 1.537109 0.795480 0.184950 0.177984 0.664395 -0.223851 3.131087 0.528090 -0.356263 -0.296801 0.098563 -1.647522 -0.374905 0.143951 0.546419 0.765347 -0.100134 -0.415515 1.788192 3.886387 -1.085591 2.672363 -1.068177 -1.458464 -0.482627 -0.446686 0.001054 0.236115 0.548618 -0.194432 
352.344757 -25.592551 -3.471360 -1.963636 2.859462 3.733934 -1.329851 0.870616 0.399085 0.898042 1.740139 0.989731 -0.701655 1.409431 5.730791 -2.536026 1.985695 -0.823886 -1.909995 -0.392676 -0.989971 0.001730 0.337474 0.177114 -0.307728 -4.732754 1.575070 -0.744869 0.450229 -0.319284 1.331238 0.053866 -0.521381 -0.565097 -0.588283 -0.099329 0.156561 
321.680817 -26.618051 2.157560 -5.284529 5.572665 2.603851 -1.989623 0.751757 -1.184463 0.188410 0.852933 1.018624 -0.839308 -6.334420 3.678230 -1.846001 0.603657 -0.540006 1.014954 -0.267173 -0.898811 -0.583774 -0.411219 -0.298792 -0.102394 -4.133533 -3.610221 0.891964 -1.928011 1.088596 1.776765 0.545986 0.472142 -0.034164 -0.522292 -0.166351 -0.166865 
313.008240 -38.261392 3.885099 -5.655638 4.066776 2.653922 0.700057 0.336271 -1.398536 -0.269506 0.917700 0.392146 -0.906443 -6.857636 -1.489650 -0.752099 -1.870328 1.353306 1.643536 0.699296 -0.045687 -0.066598 -0.707109 -0.155588 -0.641458 6.161802 -2.396661 1.369102 -0.773182 0.239259 -0.592789 0.279759 0.536638 0.392823 -0.072824 0.511759 -0.158085 
274.073608 -40.333323 -0.821740 -6.788726 1.832009 5.310463 1.297449 2.150349 -1.275837 0.055215 -0.561285 0.707447 -2.122223 5.989185 -1.115092 0.892203 -0.942708 -0.061488 -0.170624 0.292345 0.174465 0.201872 -0.556867 0.724727 -0.418563 7.643487 1.578956 0.863560 1.309491 -2.078916 -0.796936 -0.776590 -0.043606 0.074879 0.638792 0.259352 0.335810 
320.724243 -26.283022 1.654915 -3.871233 2.181360 2.530946 0.358809 0.920961 -1.049607 0.134238 -0.196033 1.841599 -1.743568 8.429338 1.668261 0.975021 0.748653 -2.804526 0.049665 -0.853884 -0.132898 0.083161 0.570476 0.363116 0.030163 -3.499539 1.316728 -1.226919 1.100742 -0.656008 0.649765 -0.411533 -0.218560 0.061315 0.867765 -0.766593 0.401533 
333.667755 -23.474647 2.514783 -4.838684 3.329315 -0.298589 1.396778 0.442581 -1.541633 0.221536 0.579667 1.433679 -2.061896 -1.009893 1.518364 -1.561635 1.258777 -1.373505 1.128905 -0.530720 -0.262654 0.324502 1.178663 -0.808459 0.384502 -7.720574 -0.067484 -0.332343 -0.041202 2.145472 -0.076876 0.791771 0.000033 0.084839 0.016917 -0.517670 0.674951 
342.238922 -28.302808 4.691643 -6.994503 4.698913 -0.216063 2.616620 -0.140479 -1.574916 0.783242 2.161292 0.224682 -0.974563 -7.011810 1.533293 0.310335 0.666249 1.486417 -0.104087 0.729659 -0.132832 0.252840 0.604309 -0.672224 1.380065 -2.233537 -0.329641 2.174527 -1.381021 1.574529 -0.323525 0.574413 0.334905 -0.502264 -0.830867 0.742437 0.230007 
325.401154 -37.498267 5.581368 -4.218015 4.661812 2.674245 1.188605 1.901898 -1.807297 0.727215 1.788286 0.089231 0.698233 -5.476966 0.859082 2.787418 -1.503265 1.775554 0.481856 0.618105 0.407155 -0.680026 -0.483072 0.676414 0.844517 2.158381 -0.684708 1.231871 -0.883483 -0.569952 0.146105 -0.575262 0.457157 -0.393974 -0.565420 0.744626 -0.665293 
344.443542 -39.256740 6.409806 -1.419667 1.692383 3.335045 3.580331 1.095731 -0.760606 -0.576810 1.195149 1.577511 0.714470 -2.695048 0.163876 2.774077 -1.100717 0.346514 0.188123 -0.420865 0.781482 -0.535108 -0.526530 0.817027 0.049479 3.079582 -1.431181 -1.662165 0.329779 0.064168 -0.849853 0.057551 -0.362134 0.679074 0.056960 -0.752503 -0.444900 
348.233643 -42.888364 5.909121 1.330139 2.460377 3.367273 1.564851 1.060168 -0.244333 -0.343000 0.735225 1.723284 0.797190 0.682198 -2.003281 -0.536912 -0.843708 1.903890 -1.217850 0.733208 -0.317114 0.678122 -0.369152 -0.828591 -0.045282 4.221411 0.207132 -2.342025 -0.021065 -0.536957 -0.849858 0.726285 -0.485140 0.494184 0.212764 -0.974932 -0.191409 
341.419312 -37.892344 2.403245 -2.493491 0.004968 7.142824 1.144630 2.562148 -1.394834 0.779435 0.456846 -0.079672 0.623905 5.747774 0.578141 -1.909974 -1.142847 -0.727401 -1.511593 1.031706 -0.188798 0.453260 -0.101002 -1.132836 -0.333339 -0.616124 3.265458 1.439201 0.714394 -3.269467 -0.224439 -0.823963 0.536761 -0.737711 -0.120141 0.197165 -0.185749 
366.607117 -31.392817 7.065404 -2.489809 0.174684 1.912472 -1.458335 3.123579 -0.621929 0.563520 0.533221 -0.542388 0.130512 -0.550050 4.527636 2.341491 0.585081 -4.635045 -1.666728 -0.914718 0.756408 -0.797299 -0.609433 -0.434261 -0.416781 -5.445494 0.598730 3.188960 1.753789 -0.136264 0.588775 -1.230279 0.343040 -0.476527 0.070888 0.562326 -0.193360 
323.640381 -38.992444 11.458517 2.189491 1.175129 -2.127265 -2.188825 0.732711 0.117983 -0.815164 -0.762021 -0.948193 -0.209658 -5.143214 1.775601 4.467947 2.364732 -0.999928 -0.334044 -1.428853 0.497281 -0.499793 0.040773 -0.008184 -0.720060 1.242603 -3.549526 0.181052 0.851250 1.666058 1.312982 0.552129 0.098392 0.456782 0.657673 0.443003 -0.203489 
281.820892 -41.679245 10.616606 6.446084 4.904148 -0.087384 -2.126422 0.265873 0.372633 -0.436067 0.614767 -0.558756 -1.309608 1.935157 -2.571416 2.703595 2.287581 -1.302929 0.959236 0.189539 0.953192 0.116264 0.705912 0.451746 -0.823759 4.895797 -2.273218 -2.257874 -1.366427 -0.988717 0.031748 1.101200 0.337251 -0.058801 0.104794 0.112372 0.368973 
259.414368 -35.122130 6.315684 7.596681 5.750292 -4.733124 -0.270353 1.111789 2.024367 -0.582635 0.649802 -0.044702 -1.857175 4.648380 -2.770835 -0.047802 -0.368121 -2.977361 -0.270547 0.773546 1.171783 -0.617396 0.250361 0.216561 0.017886 0.674466 1.004239 -2.448097 -2.465298 0.739952 -1.242952 0.107573 -0.438483 -0.278079 -0.285772 -0.326732 0.511433 
247.940750 -32.382485 5.074936 6.350481 4.167905 -6.042106 -2.667516 1.812965 2.716198 -1.670860 1.115489 -0.125634 -1.273836 3.284088 -0.562939 -2.192600 -2.643014 0.176975 -1.526669 0.404685 0.076225 -0.439895 0.134368 -0.201718 0.199108 -0.989538 1.109437 -1.576898 -1.073460 1.980435 0.298556 -0.340537 -1.065145 0.535825 -0.338831 -0.087900 0.126583 
232.191193 -28.553954 5.189806 3.211481 0.464264 -4.379175 -3.323692 1.921158 2.176816 -1.462424 0.918537 -0.448139 -1.458959 2.669304 -0.551960 -3.201598 -2.515041 0.983509 0.326565 0.092473 -0.958507 0.454253 -0.427301 0.040761 0.271051 -2.174943 -0.187004 0.072935 0.902218 -0.025738 0.957998 -0.143274 -0.475321 0.501701 -0.192568 0.186454 0.276544 
0.000000 -27.043877 3.971015 -0.052715 -0.862177 -4.075089 -2.014385 1.997910 0.799184 -0.762353 0.260887 -0.044112 -0.731734 -1.065798 -0.936947 -2.046729 -0.838578 0.125499 0.389327 0.118136 -0.874416 0.563506 -0.250769 0.171190 0.752195 -5.109335 0.562824 0.979742 1.116310 -0.692686 -0.209418 0.148304 0.356569 -0.274165 0.224771 0.036559 0.099798 
58.438843 -30.685549 3.315911 -0.881977 -1.212893 -4.128177 -2.545037 2.157430 0.427984 -0.335412 0.417000 -0.105760 0.045431 -7.549366 0.573689 -1.242114 -0.282422 -0.401864 -0.092271 0.389082 -0.245369 -0.094076 0.022241 0.113879 0.470648 -6.498662 0.259426 0.560872 0.138977 -0.167205 -0.364503 -0.023744 0.452940 -0.602520 0.046487 0.022664 -0.378333 
119.041206 -42.142610 5.118393 -2.536944 -1.427020 -4.878817 -2.198928 2.776073 0.308446 -0.950505 0.305368 0.183647 0.209562 -14.063121 -0.418095 -0.924986 -0.560625 -0.208910 -0.339679 0.070648 0.031464 -0.641533 -0.157796 0.216518 -0.004471 0.044872 -3.714427 -0.388906 0.314505 1.150435 0.054022 -0.729296 -0.221972 0.330581 0.256199 0.165060 -0.566782 
0.000000 -58.811791 2.479722 -2.731949 -2.334143 -4.545998 -3.224396 2.298726 0.490911 -1.618477 0.101408 0.327277 0.036490 -7.459621 -6.855165 -2.019926 0.346589 1.899006 0.015773 -1.069510 -0.689313 0.567086 0.534639 0.443999 -0.662916 11.373398 -3.409895 -1.075277 0.495627 1.302559 0.712156 -0.208172 -0.345209 0.813909 0.251902 -0.178212 -0.192237 
0.000000 -57.061852 -8.591937 -6.576796 -0.733841 -1.080805 -2.167382 0.637053 -1.070180 0.183668 1.374645 1.071645 -1.116270 8.683674 -7.237885 -3.075540 0.430628 2.396208 1.084632 -0.345696 -0.658954 0.986286 0.346008 -0.139905 -0.388944 4.049618 3.465286 1.349800 -0.031664 -0.431513 0.266726 0.664341 0.432434 -0.319584 -0.488902 -0.529169 0.564743 
0.000000 -41.444443 -11.996047 -8.883030 -1.472888 0.246418 -1.055132 1.607335 -0.826997 0.354095 0.793425 0.047467 -0.741399 0.639614 0.075408 0.679674 0.283262 1.035981 0.549224 0.259171 0.175554 -0.072081 -0.443165 -0.614340 0.466569 -4.352533 6.473414 1.963239 0.438827 -0.954647 -0.504596 -0.343102 0.363898 -0.944260 0.246811 0.019335 0.152872 
266.926453 -55.782624 -8.441122 -5.217448 -0.167318 0.991156 -1.068934 1.155395 -0.719071 0.039505 0.488316 -0.157034 -0.183132 -0.021392 5.708943 0.850937 1.308282 0.486913 0.075441 -1.031901 0.068842 -0.902235 0.839631 -0.101235 -0.083199 6.745812 2.432611 -0.407055 0.750559 -0.301249 0.034882 -0.396055 0.175331 -0.329034 0.730666 0.429246 -0.321644 
0.000000 -41.487228 -0.578161 -7.181155 1.143676 1.220244 -0.904250 -0.456467 -0.689312 -1.450374 2.472687 -0.155004 -0.907798 14.131239 4.940630 -0.134436 1.784379 0.433483 0.618988 -0.532938 0.526216 -0.730149 1.018168 0.244153 -0.176720 1.326503 -2.272127 -0.459515 -0.058155 0.200022 0.558511 0.487586 0.021160 0.435778 -0.611041 0.387411 -0.045481 
0.000000 -27.520146 1.440138 -5.486320 3.401440 1.858123 0.169042 0.089519 0.333362 -1.420793 2.524652 0.331271 -0.536572 2.631613 1.164690 -0.068094 1.191972 0.886957 1.192462 -0.056729 0.111162 -0.030678 -0.382450 0.673586 -0.174161 -13.007744 -3.178249 0.667721 -1.909101 0.336715 0.000885 0.950097 -0.251686 0.419663 -1.005194 -0.349802 0.253464 
369.884460 -36.224002 1.751218 -7.317342 3.527620 2.994157 1.480674 -0.569925 -0.466987 -1.511731 1.707787 1.192167 -1.256119 -11.884250 -1.415869 1.201007 -2.033824 1.106913 0.620758 1.367255 0.022845 0.109177 -0.992220 -0.455452 0.330208 -0.430743 -0.233916 1.561677 -1.713476 -1.072745 -0.520295 0.552439 0.277113 0.070481 -0.454599 -0.950439 0.170576 
0.000000 -51.288646 -1.391600 -3.084306 -0.666208 4.071950 1.410558 2.824028 0.379052 -1.202439 0.540212 -0.579632 0.123845 1.770126 0.696857 3.055260 -2.234980 -1.258533 0.151872 1.048149 0.665388 0.110284 -1.291648 -1.227292 0.166991 11.444037 1.989119 0.391631 1.140667 -2.280884 -0.676748 -1.597404 0.698692 -0.033194 0.546151 -0.146295 -0.213324 
298.209320 -32.683750 3.144932 -1.206821 -0.942339 0.477091 1.784418 1.526373 0.863788 -1.291163 -0.875509 -1.262416 -0.922138 11.003823 2.562369 1.984269 0.247510 -3.454855 -0.732738 -1.827553 1.420229 0.042788 0.100081 -0.748041 -0.096440 -2.976828 -0.536280 0.478509 1.584703 -0.620968 -0.727662 -1.130201 -0.252107 -0.239034 1.303156 0.671649 0.107464 
305.022980 -29.281000 3.733137 0.884231 -0.171187 -2.837761 -0.054918 -0.831078 3.219511 -1.116864 0.740374 -2.075715 -0.069035 -4.183529 -0.375704 4.012279 0.934426 -2.500470 -1.303452 -1.212252 0.161174 -0.367784 1.314663 0.116007 0.381918 -9.410551 -0.633865 0.318433 0.264486 1.756293 0.302610 1.114016 -1.045593 0.024821 0.367847 0.623950 -0.126531 
314.381073 -41.050809 2.393524 6.817736 0.926512 -4.523849 -0.822485 -0.898131 1.186136 -2.026730 1.753817 -1.030403 -0.158301 -7.817278 1.294638 2.621135 0.776483 0.057731 -0.127519 0.400480 -0.670956 0.092430 0.835774 0.499858 -0.349502 4.805860 1.079128 -2.335936 -0.385018 0.635405 0.624457 0.986642 0.095827 0.567390 -0.151791 -0.470804 -0.315327 
304.096436 -44.915555 6.322413 6.126502 1.381778 -2.722300 -0.309955 -0.030119 1.877599 -0.932005 2.411923 -1.075998 -0.768038 5.428192 1.782552 -0.659594 0.164390 -1.229661 -0.054537 0.761032 0.352828 0.766997 1.011082 -0.825601 -0.248735 9.092333 -0.470899 -2.102828 -0.705659 -0.775023 -0.327384 0.181477 -0.041515 -0.181542 -0.280340 -0.426096 0.110790 
346.214691 -30.194426 5.958627 5.498547 1.255293 -6.983170 -0.931560 0.623932 1.891792 -0.492736 3.775981 -2.681604 -0.655771 10.367389 0.352839 -1.584522 -0.634835 -1.492315 -0.782287 0.763434 -0.753986 -0.270654 0.275095 -0.352334 -0.127922 -0.814697 -0.763912 -0.463790 -0.425781 1.472080 -0.267010 0.045242 -0.467143 -0.927574 -1.060244 0.812056 0.253108 
348.953033 -24.180777 7.028092 2.957458 0.112107 -5.706930 -1.874528 1.496750 0.369628 -1.473313 2.962113 -1.780666 -1.023882 3.798799 0.254728 -1.587174 -0.687171 1.714499 -0.588557 0.851516 -0.581457 -1.088151 -1.109407 0.798511 0.257481 -5.690744 -0.650002 0.232119 0.043820 2.243738 0.640726 -0.363209 0.551868 0.328603 -0.538919 0.596483 0.336095 
340.605347 -22.596828 6.468084 2.324199 -0.119049 -3.554171 -2.108673 2.326964 0.728878 -2.669039 1.557168 -1.084581 -0.140809 -1.014099 -0.947165 -1.120284 -0.547195 2.995162 0.499165 0.037017 0.349750 0.386552 -0.802743 0.840632 0.544268 -2.792791 -3.076997 -0.421889 0.148602 0.665166 0.817053 -0.713380 0.095135 1.312856 0.335766 -0.163939 0.051885 
356.170410 -26.208975 5.133762 0.716890 -0.982283 0.283393 -0.876198 1.570784 1.069129 -0.700209 1.356627 -0.099401 0.064654 -1.786783 -5.899266 -2.430952 -0.389966 3.044832 1.045550 -0.575243 -0.391187 1.537560 -0.437874 0.470633 0.361252 0.516695 -2.142470 -0.253507 0.294423 -0.934556 -0.034926 -0.117085 -0.455531 0.083297 0.232570 -0.431294 -0.142874 
393.943878 -26.170394 -5.330448 -2.537705 -0.898981 2.535492 -0.017573 1.176478 -0.053496 0.406082 0.681420 -0.143314 0.581695 0.019290 -5.232105 -1.627297 0.041651 1.126050 0.429313 -0.197153 -0.561312 0.553146 -0.337604 -0.021957 0.258520 0.903037 0.333580 0.401827 0.215809 -0.959391 -0.308119 0.189045 -0.085063 -0.492207 0.050135 -0.246295 -0.051366 
