295.686798 -10.596867 2.275694 -7.609693 0.849106 -5.217781 -2.271637 0.786660 -0.732520 -0.543904 -1.235122 0.606283 0.305054 -3.618638 1.322466 1.708457 0.418524 -0.343253 -0.546157 -0.178118 0.491527 0.251634 0.181161 -0.341290 -0.393055 -1.808302 0.363742 -0.195369 -0.260168 0.278817 0.317469 0.442923 -0.408409 -0.454212 0.295067 -0.081728 -0.251641 
283.132904 -17.834142 4.920625 -4.192778 1.686155 -5.904286 -3.363952 0.430424 0.250535 -0.040636 -0.872800 -0.076298 -0.481055 -7.235241 2.049950 1.317720 -0.101811 0.214382 0.088781 0.707729 -0.325290 -0.656789 0.771295 -0.504745 -0.896337 -0.983976 -0.442659 -1.267630 -0.096408 1.877036 0.896571 -0.132178 -0.645832 -0.324397 0.214426 -0.187315 -0.055815 
293.663177 -25.067350 6.375594 -4.974252 0.645484 -4.789017 -2.094075 2.202118 -1.383100 -1.857482 0.307467 -0.403208 -1.487621 -5.586590 0.437147 -0.826802 0.225709 3.410819 1.246984 -0.442474 -0.800136 -0.397160 0.610014 -0.715921 -0.504684 5.465396 -2.721126 -1.035419 1.771445 1.913414 0.107226 -0.899748 -0.046940 0.821202 -0.485009 0.220279 0.424805 
305.604187 -29.007323 5.794919 -5.846382 2.137572 0.917352 -0.869984 -0.454524 -1.349738 -0.834956 0.347229 -1.508139 -1.490423 3.695551 -3.392301 -0.753118 3.441078 4.041210 0.303232 -1.091767 -0.419169 0.985615 -0.198724 -0.064187 -0.046728 8.717023 -2.306781 0.229635 -0.025053 -1.852002 -0.914663 0.143434 0.119293 0.532710 -0.220854 0.961742 0.578594 
294.878510 -17.676247 -0.409008 -6.480489 7.527641 3.293402 -1.487610 0.018583 -2.221439 0.113748 -0.089980 -0.531582 -1.581077 11.847455 -4.176415 -0.367532 0.175603 -0.293185 -0.582342 -0.155607 -0.561550 0.668261 0.168306 1.207562 0.652504 1.498553 0.990916 0.318277 -3.606189 -3.165283 -0.272871 0.454748 0.480934 -0.495256 0.333451 0.432740 0.414111 
0.000000 -5.312412 -2.557911 -6.581445 2.488778 0.330983 -2.034669 -0.765738 -2.472838 0.501565 0.683842 0.906985 -0.185414 6.692658 -1.410470 -0.116564 -3.771300 -2.289355 -0.242511 -0.182271 0.542698 -0.004898 0.468177 0.801293 0.781495 -5.983343 2.241633 0.638579 -0.698604 -0.923439 0.226043 0.797982 0.754698 -0.583102 -0.237863 -0.733141 -0.193250 
245.628326 -4.290932 -3.229947 -6.713617 -0.014959 -1.285308 -1.972631 -0.345959 -1.136042 0.103952 0.846375 1.071005 -0.018087 -0.119230 0.306850 0.909627 -1.221605 -2.140063 -0.130257 1.440358 0.947845 -0.497943 -0.307419 -0.258720 0.266005 -5.169915 1.952094 1.072921 2.722641 0.200673 -0.170326 0.766519 -0.028680 0.029558 -0.242392 -0.680451 -0.382213 
246.727966 -5.550873 -1.944211 -4.762191 0.045567 -3.949144 -2.295182 2.114978 -0.577147 -0.494320 0.069003 0.389545 0.346596 -3.647173 2.493719 2.029277 1.673982 -1.888010 -0.583163 1.350767 0.485338 0.054218 -0.016607 -0.559609 0.017069 -3.163077 1.196142 0.052486 1.939565 0.537586 -0.210836 -0.315184 -0.186709 0.485685 0.001719 -0.175217 -0.385257 
251.069626 -11.585278 1.757492 -2.655062 3.333006 -5.061327 -3.138957 2.355576 -0.165366 0.212388 0.813160 -0.048214 0.016050 -6.445383 2.699134 1.014600 2.657525 -1.064892 -0.551928 0.809990 0.574428 0.473427 -0.303981 -0.609154 -0.504509 3.392066 -2.482983 -1.575814 -1.533253 1.805114 0.734651 -0.904962 -0.724811 -0.653884 -0.534010 -0.207849 -0.250968 
0.000000 -18.441639 3.454057 -2.732991 5.360617 -6.078928 -3.399039 3.734959 0.571709 0.452535 -0.538960 -0.828764 -0.662422 3.136959 -2.472246 -1.122350 -1.392524 1.722218 0.886139 -0.459156 -0.964284 -1.253550 -1.084627 -0.975308 -0.484867 7.195976 -4.152321 -0.882736 -2.351056 2.163877 0.792383 -1.570092 -1.076535 -0.553603 0.331166 0.161509 0.058775 
295.338898 -5.311359 -3.187001 -4.899762 0.547958 -1.616892 -1.366680 1.437264 -2.093934 -2.294711 -1.356093 -1.998831 -0.953684 7.946568 -5.605507 -0.750871 -2.044588 3.262861 1.032837 -2.330195 -1.578641 -0.633779 0.358350 -0.286137 -0.386958 -1.664198 1.287722 1.150808 0.904581 -0.151385 -0.420574 -0.083821 0.836362 1.133549 0.825230 0.580579 0.441469 
303.091827 -2.548504 -7.756957 -4.234734 1.271441 0.446793 -1.333365 -0.925431 -2.585574 -0.815023 0.177740 -1.401038 -1.436339 -0.191437 0.103198 1.179266 0.416638 1.419449 0.044991 -0.626798 0.708440 1.013549 0.565832 0.185850 0.398071 -6.230029 4.590482 0.302983 1.795917 -1.619144 -0.826291 1.603573 1.204984 0.772544 -0.263007 0.261277 0.352671 
306.918640 -5.694232 -2.980605 -2.541230 1.381234 1.222005 -1.276698 0.183669 -0.677054 -0.267614 -0.224428 -1.627132 -0.157543 -4.513490 3.575457 -0.144905 1.547247 0.024572 -0.619746 0.876951 0.831327 0.911309 -0.167663 0.236417 0.318384 -3.647229 -0.158178 -1.792400 1.477131 -0.834058 -0.436517 0.460950 -0.914026 0.149379 -0.746526 -0.068103 -0.695892 
50.289909 -11.575484 -0.606043 -4.524543 4.365935 0.495938 -2.572856 0.828471 -0.922919 1.007595 -0.157587 -0.928203 -0.799571 -7.485894 -0.213158 -2.405535 3.370901 -0.248668 -0.828042 0.295102 -1.119612 1.312307 -0.927220 0.049644 -0.993714 -1.612450 -2.711656 -0.432653 0.928407 0.408399 0.280096 -0.200707 -0.582332 -0.194750 0.137221 -0.283152 -0.032453 
301.553009 -20.666021 -3.406922 -7.352299 8.123037 0.724669 -2.932783 0.773872 -2.916278 2.357001 -2.078868 -1.527844 -2.144971 -7.738390 -1.847854 -1.010210 3.404061 0.841370 -0.059554 0.475536 -0.333336 0.521809 0.106779 -0.329888 0.253479 0.053619 -0.397715 2.104331 -0.388896 0.782738 0.354184 0.443504 1.021785 -0.869289 1.236242 -0.063369 1.565502 
306.425995 -27.052264 -4.301752 -6.544963 11.174056 2.178677 -2.691964 1.779543 -1.589592 2.051214 0.055972 -1.587978 -0.292614 -7.378656 -1.008589 1.803127 2.593109 1.316807 -0.119675 1.182110 0.923959 -0.426271 1.545264 -0.077094 2.137289 0.307136 -0.037752 2.248975 -2.477546 -0.102369 0.372172 0.592346 0.593403 -0.405661 0.441846 0.452938 0.284501 
316.583221 -35.423333 -5.424100 -3.746045 13.309255 3.358284 -3.172132 3.138092 -1.068360 1.504459 1.011660 -1.682031 2.129606 -7.124119 -1.923359 3.487741 -1.551032 0.636632 0.684790 1.660229 0.853470 -0.289512 0.990472 0.575988 0.822480 7.161999 0.822841 -1.505769 -2.515904 -1.193679 0.289666 -0.925974 -0.672209 0.373858 -0.635746 0.372715 -1.600386 
316.723450 -41.300501 -8.148470 0.430519 8.071992 3.451941 -1.322384 5.100000 0.117348 1.472190 2.036915 -0.436003 1.352347 6.945342 0.637092 -1.208411 -2.438700 -1.070551 0.459657 -0.669838 -0.420460 0.321444 0.273773 0.668336 -1.063482 11.954192 2.346555 -3.548393 -0.555687 -1.660387 -0.567666 -2.092298 -1.253664 -0.156237 -0.614562 -0.239821 -0.939500 
336.252777 -21.532650 -4.149916 -6.162867 8.431855 1.217181 -2.252819 1.798415 -1.909280 2.147347 1.559206 -0.345360 0.002642 16.784266 2.769750 -3.609046 -2.662405 -2.684143 -0.450543 -2.524368 -1.653858 -0.601987 -0.238652 0.096345 -1.056520 1.423092 -0.387439 0.757138 -1.053687 -0.418157 -0.081374 -0.207930 0.286707 -0.992767 -0.446974 -0.000640 0.417317 
348.258850 -7.731969 -2.608971 -6.787573 2.747182 -1.916346 -2.223469 0.051264 -3.190368 0.268217 1.559610 -0.243312 -0.760693 9.791526 -0.137786 0.305865 -4.546073 -1.906865 0.296908 -1.085698 0.152954 -1.664090 -0.620174 0.667056 -0.228849 -7.188215 -2.068512 2.151619 0.116491 1.011114 0.362121 1.340815 1.502450 -0.216674 -0.356399 0.312837 0.729103 
0.000000 -1.949598 -4.425489 -5.551137 -0.660290 -2.596550 -1.659002 -0.372980 -1.603371 -1.180832 0.318858 0.988751 -0.455056 2.407836 -1.367274 0.694191 -2.429424 -0.661915 0.273700 0.157262 1.351042 -1.035335 -0.951450 0.722020 0.401686 -5.781774 0.302196 -0.380934 1.740532 0.550038 -0.359270 0.504609 0.214036 0.638339 0.130287 -0.333235 0.159358 
291.024078 -2.916296 -5.343519 -5.399191 -2.111666 -3.240175 -1.676069 0.365787 -0.488285 -1.802453 -0.343290 1.200729 0.042679 -1.772023 0.466606 -0.456003 -1.065009 -0.806790 -0.421631 -0.076480 0.581026 -0.387411 -0.359600 0.000585 0.089866 -3.914578 2.322045 -0.547792 1.861486 0.015818 -0.165567 -0.090412 -0.865578 0.887254 0.349297 -0.214993 -0.535922 
290.249786 -5.493643 -3.492276 -6.463144 -2.790309 -4.210131 -2.502265 -0.525941 -0.441320 -1.955654 -0.400342 0.989922 -0.275323 -5.421319 3.276816 -0.401393 1.293548 -0.630279 -0.057434 -0.023563 -0.380115 0.739174 -0.252856 0.292034 -0.670158 -3.487408 -0.656339 1.628121 1.039219 0.455151 0.560798 0.680586 -0.489082 0.701572 0.177419 -0.047099 -0.150669 
294.725159 -13.758935 1.210114 -6.201977 0.475430 -4.500734 -1.790938 0.318661 -1.248514 -0.324105 -0.849001 1.784797 -1.297637 -8.746840 -0.846072 2.800239 1.013429 0.103512 0.699964 1.284691 -0.397138 1.015733 -0.004763 -0.093612 -0.211471 -0.610411 -5.169132 1.035209 -1.011855 0.005952 0.398958 0.262335 -0.377157 -0.025282 0.517320 -0.533665 0.813196 
315.266632 -22.987323 -5.184421 -0.862665 -0.763450 -4.003107 -1.102336 2.043441 -1.235596 0.075811 -0.409867 0.802697 -0.698265 -6.642141 -7.061447 1.669025 -0.730161 -0.618375 0.740482 0.501107 -1.134428 0.688611 0.781785 -0.775296 0.956234 1.739972 -1.905015 -1.945680 -0.417773 -0.381061 -0.396343 -0.350551 0.077636 -0.299173 0.403096 -0.194384 0.316256 
0.000000 -27.043217 -12.912781 -2.863927 -0.984893 -5.737484 -0.309975 1.320875 -3.517371 1.053116 0.714569 0.234204 0.614831 -5.266896 -4.656102 -1.091121 0.177884 -0.658609 -0.092722 0.583589 -0.241866 0.417386 0.801429 -0.482380 0.421040 -0.242528 2.666339 -1.037239 0.412764 0.502129 -0.508180 0.520086 0.996143 -0.788333 -0.438765 0.360178 -0.561301 
0.000000 -33.521114 -14.496624 -3.044908 -0.407683 -5.320326 -1.287779 3.210619 -1.719328 0.910584 1.192991 -0.162062 0.143816 -7.127197 -1.728768 -0.405453 0.095367 0.385883 -0.275878 1.541279 0.857859 -0.888056 -0.095746 -0.054940 -0.166369 4.264066 4.896404 -0.964061 0.806740 2.047427 0.800807 0.225561 -0.258283 -0.871624 -0.498773 0.194908 -0.136553 
0.000000 -41.297611 -16.370317 -3.674833 -0.794160 -4.965718 -0.861730 4.403433 -1.801654 -0.722995 0.523078 0.124324 0.282093 3.261236 5.136706 -3.019244 1.791364 3.436244 1.508891 1.034711 -0.758431 -1.325862 -0.196116 -0.092563 0.147935 10.025045 4.194760 -1.132240 1.942469 1.042312 0.830507 -1.199688 -0.718409 0.740972 -0.226951 0.154228 -0.037049 
0.000000 -26.998643 -4.223212 -9.083396 3.175046 1.552162 1.730003 5.280041 -3.236190 -1.741141 0.800759 -0.347188 0.439685 12.922893 6.660752 -2.669933 3.980305 2.470506 1.385136 -0.858098 -0.578959 0.593888 -0.549648 0.253515 -0.240468 1.938980 -3.259195 2.281836 0.387973 -1.552545 -1.120971 -1.441112 0.864546 1.362250 -0.172767 0.105324 -0.186157 
227.880951 -15.451825 -3.048813 -9.014699 7.166451 -0.024706 1.908541 2.687237 -2.959571 0.464781 -0.576217 0.631355 -0.198842 7.139195 -1.381684 1.544428 2.567311 0.331153 -0.733050 -1.847512 0.970662 1.398637 -0.541651 0.118085 -0.224380 -7.147617 -4.261572 2.277428 -1.090102 -0.505894 -0.963576 0.168951 0.940874 -0.242938 0.275969 -0.400837 -0.086928 
228.789886 -12.720253 -6.986580 -5.994540 8.309668 2.214468 0.263903 1.585018 -1.294867 1.056134 -0.282543 -0.111018 -0.009075 -1.372342 -1.862392 1.884923 1.800101 1.458719 -0.542017 -0.520196 1.302789 0.108013 0.002290 -0.548158 -0.414324 -8.185769 0.032692 -0.562344 -0.420892 0.123693 0.445435 0.805611 -0.464132 -0.922694 0.412679 -0.113390 -0.425122 
0.000000 -18.196508 -6.773598 -5.244853 10.766653 2.892732 0.824508 1.646844 -0.353993 0.680807 -0.571637 -0.464961 -1.027490 -9.232343 -1.316300 0.419740 1.725528 0.578540 0.157819 -0.236289 0.042397 -0.446751 0.283708 -0.108695 -1.074623 -0.425667 1.685305 -0.336704 -2.233858 -1.017286 0.165081 0.122916 -1.504616 -0.958096 0.452194 0.059561 0.123396 
0.000000 -31.184938 -9.619180 -5.155061 11.760724 3.371548 0.579541 1.112439 -1.210073 0.162631 0.284874 -0.328408 -2.158321 -2.223675 1.508217 1.211516 -2.667616 -0.575854 -0.211856 -0.274364 -1.706442 -1.808180 0.906679 -0.429036 -0.167531 10.229640 2.473520 -0.318334 -2.829550 -1.554767 -0.578665 0.090038 -0.574182 -0.354036 0.079108 0.200991 0.616779 
0.000000 -22.643859 -3.757163 -2.821822 5.431422 1.741024 0.400796 1.098117 -3.766878 -2.935552 1.241720 -1.323032 -1.362552 11.226937 3.630740 -0.216928 -3.933572 -2.530993 -0.999511 -0.056213 -1.105967 -1.154823 0.441924 0.293288 0.158934 5.652141 -0.696896 -1.615682 -0.079572 -0.760207 -0.727476 -0.203873 0.980036 1.177725 -0.471284 0.712072 0.160703 
292.005371 -8.731064 -2.357699 -5.588917 3.893581 -1.690439 -1.419481 1.000014 -3.422008 -2.147016 1.168722 0.258168 -1.840453 9.080607 0.114426 -2.019847 -2.826760 -2.096268 -1.666808 -0.682110 0.253630 0.547270 -0.035890 0.995109 0.153875 -4.349264 -2.506182 -0.248642 0.784428 1.052064 0.176889 -0.425475 0.598901 0.692311 -0.297726 -0.183933 0.050641 
295.331635 -4.482645 -3.528311 -6.861517 -0.222098 -2.451512 -2.932819 -0.266103 -3.259619 -1.841012 1.169940 0.667187 -1.054802 2.528408 -1.381623 -0.714213 -2.364717 -0.426865 -0.645733 -0.907163 0.091835 0.229799 -0.153529 -0.074578 0.260217 -5.585027 -0.672110 0.786902 1.568142 0.875028 1.043915 0.378221 -0.269954 0.001808 -0.174120 -0.818668 0.137097 
298.247070 -3.674248 -5.120945 -7.017343 -0.835852 -2.544168 -2.710948 -0.814313 -3.238338 -1.687418 0.861664 0.109013 -1.320019 -2.089448 -1.229793 -0.446044 0.309523 -0.346212 0.421021 0.074331 -0.286278 0.550887 -0.384130 -0.642227 0.428070 -5.712361 1.526710 0.029042 2.190272 0.237356 1.210216 0.813658 0.015881 0.367566 -0.322924 0.137705 0.073726 
152.269394 -8.661540 -5.987898 -7.753604 0.396949 -3.143936 -2.090776 -0.117441 -3.832175 -0.739239 0.401681 -0.617267 -0.198663 -8.896314 1.671797 -0.656128 2.015827 0.047847 1.774698 0.720153 0.123598 0.964930 -0.799377 0.200832 0.407670 -0.586336 1.457642 0.144923 0.628534 -0.313827 0.869356 -0.522915 0.300283 0.001742 0.022460 0.647074 -0.688053 
303.075562 -21.466875 -1.777352 -8.329600 3.195802 -2.448474 0.838448 0.625993 -2.991142 0.242443 -0.737089 0.510678 -0.504680 -3.262120 1.685491 -0.156198 1.566591 -0.973867 2.159734 -0.971498 0.314289 0.554370 -0.339210 0.651921 -0.948036 5.204997 -1.253051 0.792987 -0.501445 -0.393063 -0.669194 -1.187273 0.100523 -0.460863 0.559907 -0.048532 -0.661397 
307.145172 -15.185780 -2.616916 -8.066000 3.530131 -5.091669 2.228692 -2.060437 -3.203598 0.369501 -0.276738 0.686575 -2.094735 1.513681 -0.834306 0.929846 1.012937 -0.738279 0.436309 -1.654394 0.324643 0.043204 0.320437 0.103768 -0.915125 -3.182799 -1.056418 0.999551 -0.451955 1.534631 -0.786196 0.655097 0.179575 -0.476653 0.123490 -0.290186 0.418338 
306.177734 -18.439513 -3.445964 -6.469908 5.221677 -3.925032 1.711067 -2.682794 -2.341856 0.328851 -0.096215 0.718214 -2.334930 -9.627718 -0.427345 1.842904 0.662682 2.095395 0.587342 0.338696 0.673438 -0.398935 -0.092229 0.071549 -0.111360 -2.205731 1.892263 -0.204324 -1.031452 0.253938 0.181890 1.067140 -0.267165 -0.792511 -0.646851 -0.145971 0.318702 
99.172600 -34.441216 -3.471606 -4.380193 4.855494 -0.900879 3.403376 -1.383045 -1.856721 -0.428370 -0.461197 0.829672 -2.317454 -2.897780 2.950219 0.521199 -1.049968 -0.230403 0.800090 0.479886 -0.209687 -1.541818 -0.973265 -0.188175 -0.277720 9.819071 1.105564 -1.687336 -0.760144 -2.331015 -1.062905 0.059925 -0.496558 -0.163212 -0.219134 -0.124568 0.043323 
0.000000 -24.235074 2.454475 -5.427511 3.121741 -4.385838 3.311246 -1.723022 -2.761230 -2.754786 -2.042744 0.341865 -2.890371 10.010425 1.783782 -1.531769 -0.857605 -2.566636 -1.538468 0.458546 -0.319679 -0.725360 -0.530498 -0.177587 -0.024714 4.683097 -2.351403 -0.757509 0.231895 -0.473061 -1.450915 0.215023 0.160671 1.109405 0.691205 0.258062 0.666309 
301.208435 -14.420366 0.095958 -7.443731 3.140284 -6.034150 0.326440 -0.465952 -2.496079 -1.879090 -1.522192 0.474498 -2.366881 6.468413 -1.752587 -0.993818 -0.586178 -1.176525 -2.101741 0.909933 0.111655 0.676992 0.409145 0.327950 1.054897 -3.848117 -0.995687 0.762469 0.039322 1.052524 0.408512 -0.006187 0.261053 0.521347 0.395428 0.325873 0.470247 
149.778229 -11.298247 -1.050698 -7.415148 1.949386 -6.738888 -0.892236 0.096843 -2.537920 -1.400802 -1.224455 0.997765 -0.780577 2.314191 -0.207592 -0.006831 -0.778962 -0.461588 -0.721445 0.446173 0.202428 0.317333 0.260359 0.474160 0.915780 -2.728595 0.964400 0.546433 0.016613 0.657447 1.048923 -0.167071 0.119578 -0.225741 -0.112108 0.041140 -0.408455 
294.393707 -9.791983 -0.319226 -7.457393 1.582359 -6.957326 -1.116450 0.426393 -2.091224 -1.244423 -1.001475 1.422817 -0.535322 1.011224 0.176213 0.099048 -0.552952 0.138369 -0.003894 0.575790 0.350811 0.225509 0.184929 0.410230 0.237986 -1.071196 0.182526 0.038677 0.202899 0.361666 0.629623 0.166146 -0.108821 -0.071260 0.066249 -0.160759 -0.444900 
288.927673 -9.275800 -0.698272 -7.217052 0.843482 -6.462150 -0.900024 1.248424 -1.836298 -0.949783 -0.854597 1.818225 -0.304605 0.171799 0.157461 0.070523 -0.373164 0.261744 0.537800 0.778465 -0.015214 0.174814 0.392856 0.152641 0.025979 -0.998387 0.259750 -0.201833 0.049779 0.019763 0.509451 -0.148291 -0.106360 -0.057700 0.093367 -0.203670 -0.146604 
280.387390 -9.448385 -0.004305 -7.316347 0.836031 -6.433837 -0.040849 1.983323 -2.121651 -0.894795 -0.215763 1.728099 -0.483363 -0.985550 0.695712 -0.304618 -0.453393 0.177894 1.015008 0.279208 0.138090 0.110110 0.371663 0.002890 -0.055221 -1.360779 0.198567 0.588350 -0.012966 0.401172 0.246188 -0.374512 0.054409 -0.180102 -0.222799 -0.129588 -0.115307 
275.995026 -11.246900 0.693152 -7.826287 -0.063305 -6.106361 1.129991 1.806840 -1.560118 -0.729563 -0.111270 1.824006 -0.415047 -2.549759 0.554594 1.247223 -0.399096 1.064089 1.030176 0.029441 0.093604 -0.185390 -0.052742 -0.106535 -0.204636 -5.049263 0.303043 1.303912 0.205015 0.237132 -0.349592 -0.361626 0.182479 0.085388 -0.216146 -0.156101 -0.002812 
275.794800 -14.547903 1.104883 -4.821900 0.037840 -4.305660 2.019502 2.042205 -1.934443 -1.265574 -0.321246 1.515029 -0.892635 -11.084077 1.301798 2.303205 -0.043363 0.652157 0.315823 -0.444043 0.503049 0.280887 -0.060628 -0.309311 -0.060845 -7.776387 1.016978 -0.201629 -0.785013 -1.172704 -0.782492 -0.561329 0.219065 0.411738 0.344837 0.169637 0.100648 
278.824554 -33.415053 3.296748 -3.219877 -0.150031 -4.802047 1.761638 0.918754 -0.554019 -0.167789 -0.232527 1.205383 -0.536738 -18.102534 2.588550 0.843966 -1.969121 -1.281319 -0.534809 -1.093218 0.531734 0.638086 0.636932 0.232739 -0.003341 -1.353156 -0.287569 -0.526893 -1.187394 0.288686 -0.315862 0.081758 -0.384630 -0.339235 0.011636 0.095394 0.182902 
91.801788 -50.752970 6.281983 -3.133968 -3.900402 -6.868298 0.949884 -0.144232 -0.870975 0.010598 0.952618 1.980507 -0.899316 -13.790390 0.726661 1.249420 -2.418152 1.229530 -0.315900 -0.280527 -0.266212 -0.397584 -0.037357 -0.118524 0.304960 13.177579 -1.105955 0.762773 1.305773 0.118434 1.091528 0.972164 -0.207449 -0.560534 -1.290931 -0.625736 0.176397 
118.688377 -60.995833 4.750070 -0.721037 -4.986334 -2.342986 1.129837 0.357700 -1.086443 -0.962957 -0.307240 0.968335 0.073181 8.252625 0.376641 2.369511 0.642425 -1.044450 1.648247 0.851110 0.116835 -0.482982 -1.944930 -1.018733 0.349453 15.903033 -0.503560 -0.084642 2.164095 -2.408439 1.191588 0.748864 0.065279 0.124862 0.014841 0.171388 -0.107303 
0.000000 -34.247720 7.035265 1.605054 -2.615552 -8.957199 4.246377 1.557988 -0.637306 -0.955365 -2.937242 -0.056960 -0.200410 18.015677 -0.280459 1.080137 1.910039 -3.587348 2.067276 1.217202 -0.135653 -0.147861 -0.007674 0.224252 0.090355 -2.303295 -0.878991 -0.999796 0.190244 0.482640 -0.548616 -0.100716 -0.058239 0.629911 1.614929 0.702198 -0.093088 
360.008728 -24.964479 4.189153 1.439237 -1.166256 -9.517683 5.264389 2.792103 -1.357748 -1.258679 -0.322588 1.416840 0.253891 3.646035 -1.381341 0.369919 1.022912 -0.079170 0.551015 0.649678 0.000357 0.776839 1.284929 0.385662 0.163277 -12.882494 0.248112 -0.008008 -0.569415 3.726770 -1.527793 -0.675419 0.741109 0.699337 -0.080574 -0.302158 0.147531 
362.945557 -26.955650 4.272584 2.344892 -0.569728 -9.115539 5.348407 2.857345 -0.636593 0.598313 -0.367385 0.714365 0.126144 -7.749311 0.215765 1.064120 0.771210 3.866192 -0.988311 -0.133636 1.346566 1.250813 -0.168821 -0.380064 0.385416 -6.330020 0.497583 0.090581 0.234295 2.845485 -1.078248 -0.448196 0.333679 -0.587045 -0.783936 -0.359258 0.067891 
338.216461 -40.463100 4.620682 3.567477 0.376163 -1.785298 3.287768 2.524832 1.335383 1.242947 -0.660230 0.656712 1.024723 -9.014005 -0.386174 0.551082 1.491502 5.611799 -1.605481 -0.246713 0.667715 -0.397251 -0.282944 -0.332853 0.299059 2.236355 -0.081163 -0.165482 0.531833 -0.902417 -0.210729 -0.624259 -1.165499 -1.178161 -0.103283 -0.061393 -0.513992 
315.578339 -44.983659 3.500236 3.447056 2.413275 2.108060 2.137446 2.363919 0.698837 -0.196188 -0.933272 0.048659 0.724261 -3.276601 0.053438 0.733156 1.834875 2.061359 -1.409769 -1.382153 -0.984433 -1.105510 -0.375388 -0.502849 -0.642568 3.640613 0.375583 0.265417 -0.205119 -2.859565 0.396213 -0.619141 -0.726496 -0.034000 0.065085 -0.058016 -0.510792 
307.010712 -47.016302 4.727558 5.033788 4.045914 2.337419 0.468230 -0.239475 -0.633483 -0.968072 -1.411005 -0.348987 -0.260413 -1.732779 0.364992 1.081915 1.081263 -0.107330 -0.813055 -1.484996 -0.785277 -0.465250 -0.152773 -0.448885 -0.722524 3.736942 -0.990793 -1.228848 -0.061325 -2.497358 0.708820 0.327912 0.600247 1.056905 -0.582169 -0.007361 0.133464 
299.534363 -48.449218 4.230219 5.610885 4.575801 1.893399 0.511336 -0.606073 -0.871716 -1.126689 -1.238818 -0.849112 -0.720788 4.197282 -1.928149 -1.724540 1.712225 -2.933357 0.007872 -0.726330 0.216061 1.008301 -1.539726 -0.517572 -0.375640 3.323260 -1.022235 -1.547502 0.183009 -1.302008 0.399687 0.470983 0.560227 0.776430 -0.736523 0.090688 0.288536 
294.805756 -38.621737 0.871261 1.584708 7.470364 -3.529295 0.483974 -1.692135 -0.201361 1.048530 -4.490456 -1.384131 -1.011692 4.913740 -1.679479 -2.013088 1.447281 -2.711347 -0.013681 -0.543031 0.335178 1.087610 -1.625819 -0.267509 -0.145452 0.358229 0.124335 -0.144274 -0.132472 0.111005 -0.010776 0.091650 0.059558 0.039654 -0.043047 0.125031 0.115094 
