0.000000 -45.135966 2.695016 -2.635374 3.414630 4.297256 0.526085 0.880407 0.394075 2.670194 1.714847 0.536156 0.473941 -5.442641 0.527444 1.637247 0.810823 -0.184227 -0.053314 -0.115312 0.721031 -0.166437 -0.102332 0.260491 0.227573 -1.449465 -0.114528 0.771600 -0.098467 -0.065175 0.361437 0.328737 0.013824 -0.146671 -0.039931 -0.003815 -0.104531 
0.000000 -56.021249 3.749905 0.639121 5.036277 3.928802 0.419456 0.649783 1.836137 2.337321 1.510183 1.057137 0.929087 -8.341571 0.298389 3.180447 0.613890 -0.314577 0.669559 0.542162 0.748679 -0.459780 -0.182193 0.252860 0.018511 4.729487 -1.109201 -1.792113 0.134024 -0.000759 0.526366 0.441921 -0.519193 -0.124232 -0.372222 -0.379837 -0.400000 
0.000000 -61.819107 3.291793 3.725520 4.642410 3.668103 1.865202 1.964731 1.891432 1.750635 1.350461 1.041876 0.510964 4.016332 -1.690957 -1.946979 1.078871 -0.185745 0.999418 0.768530 -0.317355 -0.414902 -0.846775 -0.499184 -0.572426 12.085638 -0.676120 -3.155601 0.947223 -0.379350 -0.355426 -0.838721 -0.571597 0.039322 -0.239716 -0.188629 -0.494269 
0.000000 -47.988585 0.367991 -3.254838 7.194019 3.557311 2.418292 2.186843 1.201426 1.507518 -0.183367 0.058770 -0.215765 15.829706 -1.053850 -3.130756 2.508335 -1.073277 -0.041294 -1.135280 -0.394516 -0.381135 -0.661626 -0.124397 -0.970027 3.670773 1.223187 1.752579 -0.017968 -0.537288 -1.029479 -1.109332 -0.171090 0.116858 0.761552 0.522682 0.219229 
0.000000 -30.159695 1.184093 -2.535992 9.659080 1.521550 1.782615 -0.305829 1.102400 0.988365 0.027210 0.793082 -1.429091 11.357878 0.755417 1.558179 1.042935 -1.260321 -1.059540 -1.450134 -0.659535 -0.181186 0.676330 0.546180 -0.133968 -6.340192 0.657586 2.429058 -1.756380 0.323649 -0.521144 0.524940 -0.197900 0.230684 0.876877 0.100933 0.700937 
0.000000 -25.272828 1.878825 -0.138480 9.279889 1.036669 0.299212 -0.713425 -0.117645 1.145146 1.169293 1.151130 -0.483702 3.149322 0.261322 1.727360 -1.004424 -0.425979 -1.083582 -0.085401 -0.790316 0.080234 1.092129 0.077468 0.431847 -5.126177 -0.151790 -0.745092 -1.070113 0.115754 0.497006 0.660176 0.435382 0.065448 -0.143752 -0.286554 0.012786 
0.000000 -23.861051 1.706737 0.918728 7.650232 0.669591 -0.384549 -0.476631 -0.478233 1.148833 2.211468 0.948019 -0.565398 1.105524 0.451837 0.067995 -1.097291 -1.028813 -0.065527 -0.129782 0.211229 -0.050290 0.388826 -0.026927 -0.108397 -1.213210 0.275795 -1.342800 0.380847 -0.275768 0.769828 -0.211059 0.374117 0.153924 -0.601126 -0.053787 -0.196342 
0.000000 -23.061780 2.782500 -0.002489 7.085307 -1.020956 0.168157 -0.972989 0.304814 1.044566 1.946944 1.097275 -0.700496 0.722902 0.812911 -0.958241 -0.242731 -0.977516 0.456073 -0.507519 -0.042083 0.388083 -0.110123 -0.030105 0.039162 0.006237 -0.025822 -0.373435 0.229141 0.455739 -0.011051 0.274675 -0.152889 0.121634 -0.569722 -0.090870 0.397417 
0.000000 -22.415248 3.332559 -0.997753 7.164771 -1.285440 0.527597 -1.491670 -0.562400 1.924998 1.991222 0.887809 -0.487074 1.117999 0.400194 -0.678875 -0.639009 -0.117335 -0.087628 0.419569 -0.094550 0.192977 -0.750619 -0.208667 0.686438 0.373558 -1.239715 0.692419 -0.606890 0.435790 -0.403579 0.940113 0.346730 -0.404661 -0.424588 -0.164892 0.251726 
0.000000 -20.825781 3.582888 -1.360240 5.807290 -1.255627 -0.007100 -0.133851 0.115714 1.430520 0.445706 0.679942 0.672380 1.470018 -1.666520 0.426596 -1.456510 -0.105935 -0.351086 1.372708 0.651376 -0.421240 -0.959298 -0.359889 0.542614 0.394545 -1.608470 0.733319 0.162720 0.084852 -0.006575 0.096084 0.370034 -0.019695 0.162973 -0.206045 -0.613309 
0.000000 -19.475211 -0.000480 -0.144560 4.251752 -1.497311 -0.174575 1.253745 0.740352 1.082517 0.072626 0.168030 0.598154 1.907090 -2.816745 0.787762 -0.313569 0.052369 -0.100778 0.611737 0.645519 0.153586 -0.424673 -0.620756 -0.540181 0.026975 1.333517 -0.445925 0.628865 0.133223 -0.035894 -0.761475 -0.440762 0.333924 0.166922 -0.082259 -0.595667 
0.000000 -17.011601 -2.050602 0.215285 5.180152 -1.150889 -0.208656 1.089623 1.406752 1.737693 -0.403639 -0.561570 -0.407982 1.523969 1.000515 -0.465253 -0.198780 0.160511 -0.422874 -0.150243 -0.230149 0.246608 -0.625454 -0.524407 -0.648721 -1.280360 2.217937 -0.688655 -0.011967 0.313246 -0.265362 -0.428959 -0.740520 -0.082019 -0.020720 0.320697 0.117285 
0.000000 -16.427273 2.000549 -1.075067 3.854191 -1.176288 -1.020322 0.953259 0.280054 1.575734 -1.178282 -0.880784 -0.699288 -0.653629 1.619128 -0.589548 -0.337502 0.678861 -0.631502 -0.246181 -0.835521 -0.010451 -0.466113 0.020638 -0.305611 -3.489506 -1.028276 1.158204 -0.591683 0.885930 0.094933 0.235896 -0.101018 -0.207803 0.314706 0.152006 0.367499 
0.000000 -18.318860 1.187655 -0.963812 4.505147 0.206833 -1.471659 0.597260 -0.264289 1.716790 -1.335865 -0.520295 -1.019204 -5.455043 -1.056038 1.851154 -1.382147 1.932371 -0.233008 0.321548 -0.432184 -0.168997 0.003958 -0.220395 0.086277 -5.672601 -0.492224 0.983222 -0.948762 0.288453 0.366790 0.403807 0.467909 -0.121846 0.393479 -0.158106 0.133175 
0.000000 -27.337359 -0.111526 2.627240 1.089897 2.688453 -1.486337 1.596354 -0.584314 1.237740 -1.170366 -1.321574 -0.526733 -11.998831 0.634681 1.376895 -2.235027 1.255766 0.102079 0.561433 0.100298 -0.254144 0.320846 -0.295575 -0.039261 -4.245508 2.433346 -1.159606 0.839362 -0.847601 0.405299 -0.124527 0.483960 -0.067796 0.083854 0.130000 -0.289112 
0.000000 -42.316522 2.457017 1.789978 0.035093 2.718366 -1.267501 1.720127 -0.063693 1.208503 -0.694173 -1.111444 -1.097726 -13.946058 3.810655 -0.468058 0.296577 0.237168 0.577591 0.072495 0.535737 -0.304589 0.171666 0.039605 -0.491947 4.518034 -3.611148 0.223936 0.828109 -1.097289 0.555767 -0.721189 0.022504 -0.272726 -0.080070 0.403831 0.112120 
0.000000 -55.229475 7.509783 1.691125 1.683051 3.162788 -0.331155 1.741344 0.487159 0.628562 -0.827034 -1.242365 -1.510626 -2.962764 -6.587614 1.824766 -0.578809 -0.938811 1.213614 -0.880945 0.145305 -0.799595 0.160706 0.512087 0.184979 12.068252 -7.465282 1.227093 -0.924193 -0.907969 -0.139552 -0.510163 -0.274320 0.085056 0.187483 0.478526 0.566085 
0.000000 -48.242049 -10.718211 5.439510 -1.122524 0.840743 1.159726 -0.041763 0.226918 -0.390688 -0.372760 -0.087270 -0.727768 10.190446 -11.119909 1.986128 -1.551808 -1.578769 0.298487 -0.947831 -0.012903 -0.134477 0.546632 0.996656 0.640222 5.687100 2.173281 -1.169764 0.119053 0.201587 -0.863034 0.279499 -0.022677 0.743911 -0.214654 -0.131892 -0.163661 
0.000000 -34.848583 -14.730035 5.663382 -1.420565 0.005250 0.265818 -0.154318 0.461353 0.359608 0.266229 0.750947 -0.230181 8.411436 -2.241052 -0.514762 -0.340703 -0.535637 -0.512454 -0.321948 0.099951 0.688227 -0.268601 0.248303 -0.142342 -3.810789 6.813764 -1.173542 1.375912 0.499370 -0.069153 1.092364 0.221703 0.100457 -0.593245 -0.554419 -0.521100 
0.000000 -31.419178 -15.200315 4.409986 -1.803931 -0.230532 0.134818 -0.685658 0.426819 0.985765 -0.909962 0.409337 -1.012451 2.568869 2.507619 -0.360956 1.200016 -0.580029 0.160181 1.236897 0.430503 0.066438 -0.639859 -0.112183 -0.401978 -4.389390 3.505770 -0.020837 1.853616 0.324448 -0.179540 0.562626 -0.276282 -0.690306 -0.176650 -0.283080 -0.019598 
0.000000 -29.710846 -9.714797 4.941470 0.979468 -1.154808 0.586180 2.319476 1.322359 0.492484 -1.013489 0.526582 -1.034137 -0.367345 4.770488 -0.556437 3.366529 0.113258 -0.871533 0.803304 -0.452614 -0.692386 -0.621901 -0.317857 -0.181537 -2.290717 0.561194 -0.806184 0.775940 0.615431 -0.805566 -0.582928 -0.672061 -0.259040 0.188124 -0.124235 0.336960 
335.725769 -32.153867 -5.659338 3.297112 4.929127 -0.004016 -1.608249 0.920950 -0.478408 -0.399007 -2.153765 -0.226378 -1.375526 -2.012566 3.630006 -1.973324 2.751897 0.650833 -1.450952 0.071041 -0.913618 -0.451643 -0.263612 -0.360654 0.271942 -0.408228 -1.391509 -0.674165 -1.062164 0.528923 0.363370 -0.343970 0.144674 0.348021 0.625096 0.106891 0.483222 
317.332733 -33.735978 -2.454785 0.994823 6.483261 0.146858 -2.315725 2.461559 -0.504877 -0.410801 -1.540713 -0.194725 -0.490253 -1.183802 1.987470 -1.904767 1.242201 1.171105 -0.144793 0.115365 -0.163265 0.003657 0.628291 -0.104075 0.784908 0.989675 -2.222354 0.905671 -0.986173 0.327890 0.877542 -0.425483 0.245483 0.117045 0.247580 0.216150 -0.051759 
335.680389 -34.521470 -1.684397 -0.512421 7.413530 2.338193 -1.897836 1.151680 -0.804939 -0.391693 -0.897183 -0.434527 0.194289 -0.033216 -0.814702 -0.161982 0.779551 1.306613 0.304133 -0.779925 -0.422652 -0.217553 0.231549 0.071647 0.168424 0.461009 -1.309468 1.373695 -0.818399 -0.589253 0.269821 -0.508633 0.064575 -0.147963 -0.426826 0.249560 -0.609693 
338.934570 -33.802410 -4.084189 0.670860 8.042364 2.760084 -1.707459 0.901708 -1.350181 -0.845907 -1.077615 -0.051431 -0.153406 -0.261784 -0.631465 0.842623 -0.394597 -0.007402 0.394848 -0.901902 -0.034115 -0.292270 -0.225361 0.395044 -0.434479 -2.267340 0.924360 0.093742 -1.071372 -0.682619 0.010145 0.112626 0.205245 0.227638 -0.140510 -0.153047 -0.302511 
336.370209 -35.045038 -2.947327 1.172826 6.624336 2.323389 -1.108141 -0.652123 -0.873169 -0.976233 -1.347904 0.355562 -0.674669 -4.567896 1.034018 0.025503 -1.363193 -0.058625 0.324422 -0.554674 -0.012163 0.237723 -0.049471 -0.234447 -0.436597 -4.375388 0.768776 -0.242198 -0.479544 0.082692 0.053576 0.589152 -0.021175 0.469926 0.478932 -0.558377 0.354104 
313.665039 -42.938203 -2.016152 0.721867 5.315978 2.642834 -1.058615 -0.207640 -1.374507 -0.370461 -1.176557 -0.520326 -1.026600 -9.012559 0.906088 0.358228 -1.353685 0.157981 0.501999 0.276403 -0.076465 0.647582 0.732503 -0.721709 0.273728 3.552946 -0.630325 0.292615 1.425886 -0.222024 -0.201040 0.299297 0.211435 -0.208024 0.177164 0.259411 0.341922 
110.094162 -53.070157 -1.135151 1.889282 3.916965 2.639351 -0.104143 -0.099318 -1.026099 0.318931 0.117103 -1.087856 -0.127212 2.537996 -0.226632 0.610733 1.488578 -0.502673 -0.077658 0.043920 0.410707 -0.178324 0.304857 0.284374 0.247247 9.679608 -0.794259 -0.687904 1.635317 -0.705255 -0.655825 -0.190393 0.482928 -0.249125 -0.200973 0.541650 -0.166193 
332.138000 -37.862211 -2.469416 1.943333 8.293134 1.637488 -1.213930 -0.119801 -0.553093 -0.727110 -0.566843 0.048422 -0.532107 10.346656 -0.682431 -1.017581 1.916948 -1.252529 -0.809651 -0.104384 0.889391 0.149331 0.330557 0.361590 -0.058657 -0.190323 -0.239209 -0.759668 -0.995967 0.194661 0.239762 0.003747 0.073967 0.458650 0.343318 -0.137990 0.164457 
349.508057 -32.376844 -2.500013 -0.145879 7.750861 0.134293 -1.723445 -0.308085 0.752683 0.617594 0.778216 -0.364675 -0.244527 2.157350 -0.705050 -0.908603 -0.503357 -0.113351 0.401867 0.051413 0.558641 0.738976 0.991492 0.008393 0.576160 -5.147963 -0.200983 0.548612 -1.029578 0.955995 0.397496 0.284864 -0.544689 -0.031307 0.009104 0.139770 0.458535 
361.340027 -33.547511 -3.879516 0.126127 7.286420 1.410786 -0.410197 -0.016975 0.564189 0.750843 1.416141 0.065208 0.620213 0.050730 -1.084396 0.079644 -0.142207 0.659462 -0.014659 0.465345 -0.199988 0.086718 0.348765 0.641130 0.858412 -0.906401 0.353936 0.914539 -0.130662 0.200387 -0.389010 0.321961 -0.661244 -0.322059 -0.660176 0.220086 -0.199564 
384.913574 -32.275384 -4.668805 0.013409 7.466447 1.453216 -1.752763 0.622605 0.352707 0.791030 1.475746 0.917585 1.472298 0.344547 0.002822 0.920475 -0.764681 0.287424 -0.376153 0.695335 -0.763847 0.094858 -0.328860 0.448565 0.177033 -2.576593 1.265471 0.320772 -0.664374 0.180244 0.515366 -0.253430 -0.129803 0.094953 -0.414056 -0.712116 -0.560646 
389.542023 -32.858416 -3.873871 1.967078 5.757058 1.985634 -1.162503 1.373694 -0.963506 0.940559 0.758421 0.962337 0.974278 -5.102456 1.446547 0.721187 -1.470955 1.019949 1.016074 -0.041515 -0.459594 0.276625 -0.479348 -0.783102 -0.262880 -4.625912 -1.339503 0.632442 -1.339997 -0.384079 1.219350 -0.737673 0.780734 0.291574 0.092799 -0.313870 0.010050 
0.000000 -42.480295 -1.775711 1.455784 4.524538 3.493115 0.279384 0.539575 -0.566480 1.344279 0.517050 -0.648619 0.946538 -8.907278 -2.676183 2.185360 -3.444675 -0.480734 2.062546 -0.780011 0.797621 0.678006 -0.143263 -0.179175 0.197133 -2.327790 -2.407959 1.247199 -0.742087 -1.981713 -0.521077 -0.305438 0.443940 0.161595 0.173117 0.473596 0.210639 
396.807983 -50.672971 -9.226238 6.337798 -1.132292 1.024166 2.962589 -0.186328 0.631736 2.296571 0.471896 0.603987 1.368544 -9.758035 -3.369370 3.215585 -2.955129 -2.943476 -0.026080 -0.652391 0.428287 0.599815 -0.133114 0.164090 0.158398 6.836521 3.985235 -1.970646 2.640964 -0.381448 -2.203687 0.105288 -0.513122 -0.593573 0.088182 -0.134146 -0.626149 
0.000000 -61.996366 -8.514452 7.886955 -1.385721 -2.393836 0.227225 -0.765208 0.290094 2.543910 0.250822 -0.320439 1.263334 4.765765 5.294286 -1.755932 1.837252 -1.243629 -2.344828 -0.569435 -0.228624 -0.509141 0.033101 -0.447467 -1.055166 11.434143 4.623294 -3.220155 2.803506 1.579860 -0.598858 0.197210 -0.310882 -1.053318 -0.176430 0.044831 -0.716176 
331.818939 -41.141442 1.362333 2.825935 2.542213 -1.463093 -1.727068 -1.325198 0.174489 1.278290 0.538098 -0.290947 -0.741787 13.110252 5.877218 -3.224724 2.651883 0.216244 -1.223796 -0.257972 -0.193477 -1.506821 -0.485974 0.253751 -1.273955 -1.468716 -1.812642 0.222968 -0.580535 0.694155 1.077333 0.249477 0.083930 0.056027 -0.248735 0.387088 0.367435 
344.273163 -35.775862 3.239983 1.437507 3.918045 -1.961349 -2.220367 -1.281151 -0.096860 -0.469733 -0.721125 0.187064 -1.284576 1.828333 1.669003 -1.309995 0.676181 0.144680 -0.190162 -0.070481 -0.060763 -0.397087 -0.464370 0.326709 -0.320296 -7.033815 -2.738626 1.214928 -1.572297 0.188631 0.966725 0.166981 -0.370197 0.690747 0.433936 -0.316691 0.544329 
347.074738 -37.484776 4.700338 0.205945 3.894575 -1.173732 -2.107391 -1.466160 0.052963 0.484116 -0.390642 0.362471 -1.382379 -0.957379 0.399965 -0.794867 -0.492711 0.593505 0.709654 0.075990 -0.933871 -0.125327 0.381899 -0.379631 -0.185297 -0.879102 -0.794423 0.798675 -0.794402 0.291410 0.502051 0.194143 -0.232694 -0.089999 0.397880 -0.233678 0.086130 
345.754974 -37.690619 4.039914 -0.152228 2.932624 -0.774338 -0.801060 -1.129170 -1.964603 -0.720387 0.042673 -0.572198 -1.655171 0.070130 0.080157 0.287355 -0.912624 0.727501 0.813941 0.317805 -0.526151 -0.577084 0.331390 -0.140647 -0.148037 0.088713 0.567091 0.900387 -1.200751 0.011409 -0.025797 -0.127359 0.856137 0.071121 -0.620623 0.228622 0.304399 
339.228577 -37.344517 4.860652 0.780654 2.069328 0.281270 -0.479509 -0.830550 -0.999339 -0.670051 0.272137 0.081178 -1.678453 -0.779953 1.534146 1.005907 -2.894212 0.616323 0.658059 -0.178728 0.778402 0.016916 -0.859347 0.077613 0.423501 -0.845407 -0.183132 -0.395511 -0.757820 -0.510194 -0.598442 -0.024796 0.811814 0.432946 -0.596195 -0.003179 0.409118 
338.187225 -39.250525 7.108207 1.859585 -2.855800 0.458308 0.515058 -1.486625 -0.407799 -0.686555 -1.676022 -0.416973 -0.808170 -1.620684 -0.286107 -0.503668 -2.428264 -0.292888 -0.382943 0.268213 1.097476 0.288808 -0.861000 -0.147005 0.670200 0.511258 -1.670316 -1.332254 1.749422 -0.204871 -0.722275 0.170191 -0.166602 0.208268 0.679994 -0.076974 -0.129349 
322.904999 -40.585884 4.288438 -0.226681 -2.787200 -0.304505 -1.245395 -0.294124 1.195614 -0.092434 -1.449863 -0.212832 -0.338054 0.242564 -1.806486 -1.658601 0.604633 0.206581 -0.786492 0.161654 0.445198 0.433451 0.500641 -0.076336 0.164803 1.805349 0.422423 -0.220544 1.891568 0.546937 0.443242 -0.209248 -1.201264 -0.101444 0.741211 0.058176 -0.221423 
326.507660 -38.765396 3.495235 -1.457616 -1.646535 0.871470 -1.057926 -1.163317 0.482596 0.180347 -0.674740 -0.569644 -0.478564 1.990015 0.558740 -0.944756 1.354871 0.800987 0.503540 -0.150283 -1.305052 0.085920 0.621421 -0.030652 0.227353 0.461595 1.600227 -0.335434 0.515026 0.009663 0.696159 0.294259 -0.552683 -0.262729 0.012095 0.222459 0.156423 
336.427734 -36.605854 5.405917 -2.116193 -0.077458 1.297469 -0.238315 -0.594690 -1.414491 0.079406 -0.207021 -0.274136 0.116652 1.165754 1.393968 -2.329470 1.634684 0.225907 0.605827 0.750172 -0.660168 -0.092006 0.524831 0.368582 0.477649 -1.124402 -0.640739 -0.174056 -0.647912 -0.634654 -0.378942 0.251353 1.086475 0.067273 -0.064581 0.264341 -0.014201 
336.629303 -36.433888 6.283170 -6.116556 1.622833 1.323284 0.153728 0.337028 -0.837739 -0.003664 0.374921 0.167520 0.476733 -0.258790 -0.722739 -1.292868 0.059047 -0.468321 -0.254343 0.352423 0.867897 0.220466 0.492258 0.498030 0.198951 -0.135785 -1.569340 1.087619 -1.137089 -0.108682 -0.447505 -0.050422 0.748836 0.251124 -0.364779 -0.397363 -0.404611 
340.200348 -37.123434 3.960438 -4.701929 0.040635 0.360828 -0.747001 0.110155 0.321303 0.520338 0.777495 0.721924 0.514553 0.894183 -1.744713 -0.154231 -0.639495 0.008543 -0.289183 0.649328 0.837504 0.410242 -0.204728 -0.426144 -0.331573 0.887651 0.561881 -0.069240 0.151510 0.178779 0.120765 0.438969 -0.434067 -0.060622 -0.450825 -0.550384 -0.019120 
341.230865 -34.645521 2.793744 -6.425018 0.343844 1.340371 -0.424638 1.635684 0.837269 0.816821 -0.034535 -0.684768 -0.186414 1.516512 0.401023 -1.431348 0.362068 -0.110763 -0.012813 1.230361 -0.000238 0.099222 -0.409391 -0.602737 0.160711 0.507750 1.414134 0.284531 0.189289 0.171839 0.139505 -0.570682 -0.616069 -0.390106 0.074281 0.446522 0.190917 
338.033905 -34.090409 4.762485 -7.564624 0.764771 0.139301 -0.772626 2.570878 0.320827 0.718781 -0.041287 -0.483549 0.835976 1.909683 1.083555 0.414831 -0.260916 0.352221 -0.010172 -0.492036 -0.394634 -0.369969 -0.056165 0.466900 0.050261 0.300491 -1.083430 1.074135 -0.047619 0.605846 -0.221685 -1.172426 -0.033823 -0.328176 0.175396 0.545854 -0.157826 
328.926514 -30.826156 4.960854 -5.595356 -0.177988 2.044814 -0.444982 0.651611 0.048002 0.076883 -0.146865 0.249032 -0.085893 2.117494 -1.765837 0.716921 0.266830 1.100929 -0.456182 -1.114491 -0.067885 -0.557131 -0.058598 0.488971 -0.154941 -1.381675 -1.256111 -0.053555 0.473441 -0.048422 -0.193823 0.393515 0.132815 0.173687 -0.034077 -0.428372 0.060992 
330.503876 -29.855422 1.230810 -6.130782 1.298431 2.341159 -1.684989 0.341895 0.185058 -0.395480 -0.158484 0.494394 0.526094 -0.853667 -1.428668 0.307721 0.685966 0.255377 -0.397818 0.294994 -0.129003 -0.022595 -0.124318 -0.389845 0.172245 -1.649037 1.441952 0.208989 -0.325834 -0.745507 0.409864 0.974920 -0.067576 0.448917 -0.333010 -0.687435 -0.155153 
56.113010 -32.533490 2.103518 -4.979915 1.193943 2.555567 -1.240618 1.241599 -0.210004 0.031692 -0.395501 -0.530657 0.258597 -1.180580 1.118066 1.134900 -0.384837 -0.390085 0.363547 0.835349 -0.203037 0.340704 -0.724619 -0.885899 -0.465246 -1.007688 1.250292 -0.164809 -0.683018 -0.678991 0.140353 0.057033 0.295074 0.004526 -0.315934 0.017332 -0.156505 
117.213211 -32.216583 3.466941 -3.860982 0.528756 1.560988 -0.957896 2.012593 -0.221015 0.285927 -1.607722 -1.277405 -0.404399 -2.869044 1.071916 -0.021897 -0.680070 -1.102606 -0.117111 0.409059 0.461146 -0.013544 -0.756186 -0.355181 -0.140765 -8.911224 -3.019862 0.298025 -0.157939 -0.363666 -0.038409 -0.956154 0.125569 -0.279709 0.720056 0.831042 0.373278 
334.044495 -38.271578 4.247350 -5.023710 -0.166197 0.350355 -1.474841 2.059717 0.712288 0.004604 -1.907873 -1.241020 -0.022933 -19.003028 -4.921658 1.730950 -0.700715 -1.117418 0.286728 -1.076960 0.048102 -0.218715 0.715492 0.776184 0.281310 -6.156875 -3.375395 1.009816 0.011468 0.247728 0.357135 -0.812671 -0.451195 -0.092797 0.708881 0.456702 0.070980 
151.498459 -70.222639 -6.376375 -0.399082 -0.872673 -0.673847 -0.384439 -0.141327 -0.124811 -0.151503 -0.176738 0.274964 0.158220 -15.182793 -5.678875 1.997734 -0.657134 -0.607151 0.597158 -1.216282 -0.441244 -0.199138 0.661575 0.558223 0.001195 18.345659 4.635323 -2.111169 -0.340847 0.500435 -0.296156 0.748823 -0.141343 -0.171446 -0.599584 -0.536234 -0.133513 
56.872936 -68.637164 -7.110399 -1.028241 -1.480465 -0.863947 -0.280525 -0.372847 -0.170201 -0.393673 -0.584723 -0.124574 -0.020543 17.688289 4.348988 -2.491389 -1.382409 -0.116548 -0.305584 0.420687 -0.234583 -0.561607 -0.483677 -0.296284 0.014284 17.391970 4.912450 -2.960804 0.602532 0.689812 -0.867683 0.674374 0.036776 -0.091455 -0.347899 -0.504446 0.043221 
0.000000 -34.846061 2.321601 -5.381860 -3.637491 -0.906944 -0.995606 0.700048 -0.593978 -1.274718 -1.144091 -0.317605 0.186789 19.601147 4.146026 -3.923873 0.547930 0.772473 -1.138207 0.132465 -0.367693 -0.382048 -0.034223 -0.450670 0.087636 -6.795017 -1.921917 0.088640 1.937511 0.744057 -0.253148 -0.615858 -0.306379 0.363894 0.375875 -0.379911 0.044240 
366.242523 -29.434869 1.181654 -8.875987 -0.384604 0.680999 -2.556940 -0.107917 -0.905587 -1.157769 -0.653168 -1.025915 0.154730 4.098256 0.505154 -2.314109 2.492614 1.371566 -0.811879 -0.811030 -0.847342 0.166181 0.268073 -1.056107 0.102764 -9.590191 -2.496163 2.834135 -0.180965 -0.161715 0.857435 -0.518078 0.289456 0.349291 0.727086 -0.098301 0.333193 
372.937195 -26.649550 3.331910 -10.010077 1.347737 1.836187 -2.619365 -0.922012 -2.288661 -0.942355 -0.607944 -2.429819 0.392317 0.420766 -0.846300 1.744397 0.185999 0.449043 0.576662 -0.903691 0.211219 0.316534 1.419949 -0.647272 0.754023 -1.078066 -1.975958 2.427649 -1.642098 -0.967265 0.851539 0.023240 0.949872 -0.216208 1.242888 0.916354 0.427455 
376.178925 -28.593338 -0.510946 -5.387192 -0.012605 1.579084 -1.403616 -1.915299 -0.483150 -0.524701 2.186730 -2.320458 1.662775 1.942124 -3.446761 2.541189 -0.791583 -0.562965 0.891199 -0.764549 1.052401 -0.266235 2.753849 0.776601 0.957674 1.246626 -0.339517 -0.757325 -0.148706 -0.441728 -0.146669 0.317893 -0.030787 -0.395798 -0.031718 0.684596 -0.215789 
394.008575 -22.765301 -3.561612 -4.927699 -0.235430 0.710257 -0.836967 -2.451110 -0.183859 -1.474825 4.899755 -0.876616 2.307664 2.914018 -1.525333 0.229747 -0.111412 -0.434413 0.283324 -0.267905 0.149645 -0.475062 1.356512 0.721921 0.322444 0.485947 0.960714 -1.155721 0.340085 0.064276 -0.303937 0.248322 -0.451378 -0.104414 -0.698668 -0.027340 -0.317615 
