280.336945 -17.717530 6.958368 1.965428 0.473542 -2.737825 1.146301 -0.009067 2.691368 -4.058027 -0.518179 -0.432053 -0.874955 1.859693 -0.659891 -0.963975 0.154720 -0.854757 -0.202497 -0.977670 -0.173505 -0.437914 0.520855 0.124908 0.246410 0.406149 -0.443357 -0.649272 0.191711 -0.321739 -0.676081 -0.010083 -0.331511 0.028371 0.042975 0.134394 -0.217973 
291.154144 -13.998145 5.638586 0.037478 0.782982 -4.447339 0.741306 -1.964406 2.344358 -4.933855 0.523531 -0.182238 -0.382134 2.671990 -1.546606 -2.262519 0.538142 -1.498234 -1.554660 -0.997835 -0.836528 -0.381171 0.606805 0.393697 -0.189535 -0.641399 -0.332759 -0.252711 -0.411357 -0.105644 -0.620559 0.514134 -0.274798 0.575432 -0.275600 0.139922 -0.407630 
303.771484 -12.373550 3.865157 -2.559609 1.549827 -5.734293 -1.963019 -2.004738 1.018313 -4.820370 0.695430 0.355340 -1.254026 0.576895 -1.325409 -1.469397 -0.667994 -1.066046 -1.443615 0.050597 -0.723101 0.712949 -0.030345 0.404751 -0.568849 -1.521045 0.438844 1.193556 -1.016483 0.509020 0.764744 0.808125 0.035423 0.657520 -0.512353 0.013501 0.240614 
317.032013 -12.844354 2.987768 -2.901316 -0.553006 -6.579430 -2.145925 -1.863211 0.898155 -3.507956 0.462841 0.627264 -1.519833 -0.370101 -0.668917 0.124592 -1.494824 -0.480194 -0.025171 0.618415 -0.765682 0.933868 -0.417902 0.420698 0.291693 -0.228852 0.364162 0.965726 -0.140183 0.767571 1.058514 0.104841 -0.097615 -0.322903 0.043284 0.001344 0.797787 
0.000000 -13.113752 2.527323 -2.310425 -1.439822 -6.694681 -2.013362 -0.767907 -0.513050 -2.952634 -0.140375 1.196736 -0.670639 0.119192 -0.597086 0.462055 -0.948360 0.469097 0.673413 0.260279 -0.918331 0.067143 0.056222 0.407438 1.026724 -0.531227 0.569676 0.655149 1.185531 0.753121 0.676081 -0.493272 0.060131 -0.630461 0.255455 -0.390661 -0.025014 
0.000000 -12.605970 1.793596 -1.977205 -2.449726 -5.641235 -0.799099 -1.342654 -0.938507 -3.373670 0.575285 1.442140 0.533615 -1.432554 0.470435 1.434890 0.876239 1.026048 1.326991 -0.368130 -0.645420 -0.327055 0.093008 -0.360624 0.241666 -0.947464 0.679561 0.110638 1.455531 0.082278 0.198838 -0.141603 0.394015 -0.256771 -0.050305 -0.761534 -0.712470 
0.000000 -15.978860 3.468193 0.559356 0.312656 -4.642585 0.640619 -1.504166 -1.803890 -3.606744 0.045642 0.475489 -0.187307 -1.775736 0.762037 0.683332 1.962702 0.633652 1.071090 -0.022927 -0.130301 -0.446399 -0.044387 -1.115629 -0.398216 1.488674 0.358314 -1.711412 -0.452368 -0.446954 -0.915119 -0.031597 0.489866 0.356104 0.373243 -0.040929 -0.422571 
321.127319 -16.157443 3.317670 -0.610542 1.475677 -4.373931 1.343081 -1.388508 -1.199108 -4.266467 0.486511 -0.789117 -0.262816 1.544795 1.187063 -1.987933 -0.028497 0.132141 -0.503247 -0.431324 0.334312 0.385152 0.839495 -0.442482 -0.603475 1.916558 -0.101495 -2.369240 -1.364100 -0.325710 -0.769518 0.170177 0.310704 1.133374 0.160857 0.925094 -0.235807 
296.754883 -12.889270 5.842318 -3.416510 0.255662 -4.378303 -0.365874 -2.366815 -1.135266 -2.836440 1.724631 -0.409475 -1.394258 2.057379 0.559046 -4.055148 -0.765499 -0.017767 -0.467946 0.317427 0.491108 1.820350 0.277326 0.734558 -0.869829 -0.266060 -1.472343 -0.366151 0.061167 0.261505 0.621886 0.428026 0.216011 0.051045 -0.851855 0.253308 0.256230 
0.000000 -12.042685 4.435761 -8.720838 -0.055320 -4.409465 0.407189 -0.753654 -0.216892 -0.625768 1.041162 0.679999 -2.002475 1.012675 -1.757623 -2.720235 0.093838 0.655151 0.740525 0.424727 0.766334 0.487242 -0.864215 0.064135 -0.091014 -0.697151 -0.439357 2.578598 0.553349 0.887291 0.394521 -0.575582 -0.280119 -1.443869 -0.327198 -0.791122 0.774954 
233.631989 -10.863921 2.327073 -8.856980 0.443338 -3.068002 1.115175 -1.517361 0.397402 -1.861956 -0.003798 -0.281205 -1.576286 0.663077 -0.319669 1.102048 0.341199 1.756814 0.321096 -0.833738 -0.069130 -1.067389 -0.377070 -0.847685 0.680078 -1.739165 1.946602 2.951015 -0.457960 0.190605 -0.608386 -0.823444 -0.937267 -0.159992 0.755626 0.051684 0.487527 
239.864517 -10.716531 3.796423 -6.516743 0.627079 -0.895836 1.049382 -2.421130 -0.355152 -2.760545 0.287023 -1.015371 -0.642319 -2.465655 2.135580 3.181796 -0.822083 1.036360 -0.476246 -1.222162 -1.108200 0.167258 0.647037 0.167503 0.884040 -2.977534 0.531882 1.702171 -0.684014 -0.426702 -0.692203 0.439329 -0.379087 1.045300 0.533554 0.699719 -0.268512 
386.531616 -15.795231 6.598233 -2.493388 -1.200827 -0.995282 0.162683 -3.961684 -1.818998 -1.527440 1.290276 0.053802 0.191793 -5.291991 0.744094 4.506390 -1.026829 0.903411 -1.063310 0.044920 -0.827304 1.023211 0.690038 0.551753 0.143055 -1.887922 -3.006805 0.622732 0.042839 0.105076 -0.265462 0.707093 0.501364 -0.075184 -0.196774 -0.024223 -0.267877 
274.597748 -21.300513 5.284611 2.496037 -1.426578 0.910985 -1.077238 -2.331290 -2.009761 -0.714123 1.667099 0.088134 -0.356209 -6.241499 -3.878030 4.427260 -0.736404 1.246511 -1.007170 0.192025 -0.105471 0.016889 0.253488 0.119057 0.348287 0.371651 -2.710443 -0.927949 -0.118042 -0.650913 0.809731 -0.120680 0.709046 -0.657123 -0.884122 -0.537358 0.096118 
279.685120 -28.278229 -1.157826 6.361132 -2.673635 1.497741 -1.851657 -3.577635 -2.029940 -1.493661 1.797252 0.291915 0.888366 -4.548688 -4.676792 2.650492 -1.262913 -0.398416 0.556152 -0.196439 0.590788 -0.291035 -1.078206 -0.522964 0.335290 5.497960 2.558084 -2.451165 0.358537 -2.664535 0.951819 0.145936 -0.326405 -0.425213 -0.911343 -0.716988 -0.632718 
266.720245 -30.397889 -4.068973 7.797020 -3.952405 0.114154 0.035066 -2.724169 -0.828184 -1.296192 -0.489313 -0.957793 0.314370 4.754422 1.238139 -0.475071 -0.019330 -4.082559 0.896467 0.483896 -0.758282 -0.833537 -1.569197 -1.314919 -0.917150 6.670970 3.689642 -3.047093 1.223397 -1.773428 0.113041 -0.014421 -0.650035 -0.391004 0.686640 -0.050701 -0.257538 
0.000000 -18.769386 1.318451 5.410989 -2.712295 -6.667376 -0.058723 -2.609842 -3.546503 -3.160735 -1.341143 -2.337923 -0.945933 8.793251 2.702492 -3.443695 1.183881 -3.945271 0.782234 -0.225282 -0.709283 -1.073043 0.295074 -0.624365 -0.179787 -0.692031 -0.230838 -1.108752 0.218192 2.027307 -0.261441 -0.544643 1.197298 0.409701 0.987477 0.605307 0.720875 
0.000000 -12.811388 1.336011 0.909631 -1.584642 -7.776388 1.599533 -3.174733 -2.246749 -3.442277 0.100835 -2.206524 -0.045203 3.370360 0.776462 -2.692575 0.417054 -0.027945 0.373586 -0.605390 1.636315 -0.014136 0.405758 -0.104306 0.524601 -5.557879 -0.423413 2.064090 -0.323755 2.269476 -0.834141 0.264209 1.080070 0.946058 -0.307586 0.286920 0.176645 
336.035126 -12.028666 2.871375 0.025840 -1.878187 -6.723266 0.688450 -3.820621 -0.273873 -3.189006 -0.529628 -2.546534 0.103268 -2.322507 1.855665 0.684486 0.536372 0.593682 -0.886047 0.303135 1.450857 0.819073 -0.320099 -0.050525 0.173502 -5.517151 0.305236 2.858539 0.390336 -0.207550 -0.146262 0.635182 -0.805990 0.540151 -0.157968 0.526192 -0.061805 
334.259613 -17.456401 5.047341 2.278603 -0.511899 -6.589024 -0.172561 -2.568464 0.654964 -1.804132 -0.539362 -2.307573 0.301802 -7.663942 1.386935 3.024503 1.197726 -0.443044 0.081062 0.664974 0.024335 1.066167 0.089822 0.948079 0.400991 -2.518781 -1.032799 1.270582 0.364872 -0.589724 1.059502 0.213337 -1.026259 -0.051571 0.185951 0.320665 -0.110934 
329.204865 -27.356550 5.645245 6.074845 0.517265 -7.609354 0.850573 -2.490673 -0.225203 -1.056672 -0.349984 -0.650376 0.905251 -7.360069 -0.209933 3.225650 1.266116 -0.585765 1.232957 0.729809 -0.601661 0.715931 0.051803 0.590804 -0.048365 0.101826 -0.779618 -0.642266 -0.435510 0.488787 0.539423 0.106441 0.196306 -0.244784 0.027481 -0.585026 -0.395430 
146.373596 -32.176538 4.627475 8.729904 2.020333 -7.760555 2.293353 -1.108845 -0.548359 -0.372270 -0.435756 -1.125965 0.205072 -7.460291 -0.172302 1.739970 0.326706 0.534530 1.159908 0.877857 0.416947 0.576598 0.144784 -0.221974 -0.389868 -0.532343 0.813932 -1.906518 -0.551465 1.440248 -0.867089 -0.121572 0.604569 0.142228 0.042175 0.167527 0.116315 
0.000000 -42.277132 5.300642 9.554785 1.170677 -6.540294 3.170390 -0.734960 0.608691 0.096524 -0.060416 -1.094324 0.125515 -8.424755 1.417932 -0.587386 0.163185 2.294731 -0.501221 0.486665 0.607476 1.000387 0.136153 0.925859 0.184264 4.318336 0.761868 -1.598080 0.619016 1.535122 -1.216469 -0.459819 -0.604812 -0.441193 -0.136077 0.508730 0.206454 
0.000000 -49.026049 7.463339 7.555132 2.346703 -3.171094 1.290911 -0.135515 0.666594 1.628504 -0.163449 0.725753 0.573601 1.176381 1.351435 -1.456190 1.564738 3.604773 -1.273030 -0.041782 -0.792678 -0.305788 -0.127369 0.795486 0.023041 7.508230 0.027109 0.685292 0.106608 -0.715211 -0.466351 -0.600549 -0.736604 -0.998211 -0.072419 -0.745797 -0.459805 
353.131378 -39.924369 8.003511 6.642405 4.300154 0.669253 0.624330 -0.818524 -0.976664 -0.515051 -0.315155 0.496649 0.171597 6.591705 1.472149 0.783197 0.376401 0.864309 -1.433923 -0.714434 -0.865732 -0.996035 -0.008684 -0.565735 -0.735346 0.805858 -0.090869 1.075414 -1.462238 -2.614718 -0.301358 -0.266560 0.381239 0.115220 -0.034195 -0.688406 -0.271134 
345.085632 -35.842639 10.407638 9.121527 3.099505 -1.442476 -1.576936 -1.564382 -1.064871 -0.363566 -0.180817 -0.405716 -0.897091 2.788097 1.169697 0.694637 -1.359737 -1.624662 -1.875747 -0.574901 -0.030201 -0.075348 -0.195760 -0.581326 -0.519228 -5.802400 -1.339606 -1.171041 -0.431671 -0.845275 0.744118 0.209757 0.183404 0.551910 -0.201011 0.417506 0.576371 
327.991516 -34.348176 10.342906 8.031679 1.580679 -2.580071 -3.127164 -1.968327 -1.037065 -0.665747 -0.706675 -0.666004 -0.866859 -5.013095 -1.207063 -1.558885 -0.486940 -0.826241 0.054313 -0.294920 -0.498925 0.107784 -0.410707 0.269278 0.417395 -0.089143 -1.306186 -0.976942 0.678909 -0.008028 1.238248 0.757044 0.166565 0.146826 -0.080341 0.218557 0.258181 
314.472748 -45.868829 7.993512 6.003756 2.125625 -3.094957 -1.468309 -2.154223 -2.062720 -0.147998 -1.002230 0.132839 -0.062301 2.609811 -1.442674 -1.259247 -0.001920 -1.640718 0.600750 0.939186 0.302930 0.218303 -0.356442 -0.144212 -0.002866 9.790720 0.032846 -0.490722 0.076367 -1.009816 -0.026242 0.566254 1.072339 -0.490470 0.131845 -0.136799 -0.274514 
275.569855 -29.128554 7.457557 5.513184 1.576840 -5.861507 -1.925664 -0.089956 -0.431206 -0.229140 -1.419558 -0.954429 -0.872592 14.568345 -1.141371 -2.540330 -0.334206 -2.845873 0.001829 0.837588 1.645752 -0.873155 -0.147016 -0.004320 -0.131632 1.839072 0.033153 -1.401919 -0.138880 -0.215040 -0.113577 -0.519394 0.071337 -0.321950 0.285197 0.431620 0.242983 
286.157410 -16.732139 5.710770 0.923097 1.457213 -8.786703 -1.464650 -0.479046 1.228784 -1.894308 -1.296261 0.124198 -0.325566 6.287955 -1.376368 -4.063086 -0.279680 -2.070797 0.373596 -0.099603 0.445604 -0.425596 0.213952 0.719029 0.483100 -7.395692 0.450351 -0.015876 -0.279805 1.180071 0.189848 -0.565279 -1.296272 0.796545 0.007595 0.076285 0.246617 
0.000000 -16.552644 4.704821 -2.612987 1.017479 -10.003101 -1.178472 -0.289162 0.460002 -1.080332 -0.991653 0.483628 0.093608 -0.223039 -0.240668 -2.572082 -0.893816 -0.485731 0.381525 -0.292970 -0.946792 0.719935 -0.131826 0.148249 0.361602 -3.772895 1.136384 2.147797 -0.308315 1.281054 -0.096625 -0.300652 -0.591502 0.529002 -0.253299 -0.443143 -0.206779 
225.164230 -17.178216 5.229433 -4.221068 -0.330419 -9.758166 -0.701601 -1.064985 -0.664800 -0.454439 -1.559914 0.420695 0.397638 -1.257836 0.896399 0.232508 -0.896311 0.491310 0.180346 -0.700908 -0.737400 0.632409 -0.292646 -0.167256 0.069542 -1.661943 0.949509 2.818503 0.731305 0.955578 -0.291993 0.033197 0.560006 -0.320681 0.288444 -0.331679 -0.433052 
217.806992 -19.068315 6.497619 -2.147971 -0.775142 -9.020481 -0.817780 -1.690977 -1.014798 0.184486 -1.576946 0.149115 0.232692 -3.546924 1.658350 3.064923 0.568795 1.425424 -0.202462 -0.226575 0.173220 0.078572 0.445062 -0.515110 -0.504501 -2.072443 0.621548 1.545358 1.293832 0.806270 -0.211755 0.548241 0.339701 -0.391303 0.332256 0.064235 -0.060402 
212.156586 -24.272065 8.546134 1.908778 0.807171 -6.907318 -1.106524 -1.518135 -0.318360 -0.297295 -0.669789 -0.609524 -0.611365 -5.402721 2.139495 3.323225 1.691354 2.103850 -0.243163 0.395574 -0.057997 -0.150196 0.371865 -0.038787 -0.051262 -1.000441 0.135113 -0.399971 0.077311 0.252739 -0.142934 0.320476 -0.074160 0.213834 -0.013998 0.438089 0.485716 
209.420029 -29.873758 10.776609 4.498478 2.607566 -4.812780 -1.304107 -0.899830 -1.130793 -0.115906 -0.833216 0.071541 0.130169 -5.547805 1.928577 2.264981 0.723416 1.930902 -0.488330 0.414378 0.024900 0.506241 0.417066 0.361069 0.466931 1.244517 -0.941300 -0.800653 -1.041991 -0.314043 -0.077049 -0.179238 0.488084 0.408703 0.210066 0.076579 -0.075936 
207.184280 -35.367675 12.403288 6.438741 2.254003 -3.045513 -2.083184 -0.689379 -0.268560 0.715186 0.164343 0.112615 0.322498 -2.913687 0.256895 1.721918 -0.392629 1.475763 -0.397262 0.037097 0.918171 0.667210 0.791996 0.114371 -0.203133 4.002386 -1.182148 -1.111852 -0.412905 -1.859320 0.484548 -0.169936 0.108761 0.296336 -0.379537 -0.409788 -0.554916 
206.366119 -35.701133 11.290399 7.942314 1.822308 -1.861253 -2.098632 -0.825636 0.705550 1.218514 0.750777 0.300283 -0.276097 2.456967 -0.435720 0.041278 -0.102394 -1.787738 0.480766 0.074506 0.242422 1.098913 -0.342009 -0.458506 -0.642901 2.903818 -0.554350 -1.568285 -0.113824 -2.534902 1.209513 0.231833 -0.526582 -0.013946 -1.158924 -0.193644 0.104094 
202.722885 -30.453741 11.531847 6.521296 2.049215 -6.620989 -1.121652 -0.540368 0.216283 2.913012 -0.519675 -0.804398 -0.963305 2.893948 -0.851806 -1.414653 -0.620276 -3.594040 2.021763 0.500764 -0.134993 0.639318 -1.525852 -0.272917 0.005055 -0.956477 -1.195664 -1.125669 -0.658082 -0.156084 1.241640 0.160340 0.023205 -1.032989 -0.002250 0.647454 0.348646 
204.612259 -29.913237 9.586787 5.113009 0.581755 -9.049334 1.944894 0.175891 0.435564 2.497150 -2.300928 -0.245551 -0.265986 0.544012 -2.827049 -2.210061 -1.418559 -2.099907 2.964045 0.395185 0.288831 -0.967066 -0.346510 0.836401 0.054392 0.859629 -0.370798 -0.204793 0.214214 1.517301 -0.734635 -0.306289 -0.137132 -0.954063 1.041661 0.416955 0.123633 
204.192566 -29.365716 5.877750 2.101174 -0.787903 -10.820802 4.806439 0.250001 0.793945 0.978880 -1.212695 0.868403 -0.854522 4.613206 -1.593403 -1.824238 -0.191849 -0.559439 0.552493 -0.111815 -0.409257 -1.268808 0.557471 0.560994 0.252321 2.885245 2.032666 0.374154 0.603103 1.944206 -2.272154 -0.407814 -0.647538 -0.264706 0.340022 -0.242895 0.274232 
217.728073 -20.686825 6.399982 1.464532 0.198057 -10.168211 3.049880 -0.047739 -0.382951 -0.040466 -1.185986 0.876436 0.238656 6.314503 1.238283 -1.461753 -0.212353 1.788504 -1.580263 -0.420443 -1.006245 -1.496478 0.333534 0.350610 0.602856 -1.133146 0.897335 0.016067 -0.411746 1.037460 -0.607090 -0.368020 -0.302482 0.488753 -0.022570 -0.040384 -0.049774 
240.614975 -16.736709 8.354316 -0.822332 -1.212610 -7.243793 1.645913 -0.590885 -1.218545 -2.014076 -0.545626 1.569624 0.351191 2.346914 0.201267 -1.792104 -1.015341 1.515482 -0.661687 -0.847855 -1.014221 -0.291301 0.512331 0.480225 0.152773 -4.430719 -0.653948 1.047434 1.065228 -0.073780 1.075829 0.470756 -0.105826 1.064823 0.165878 -0.475087 -0.439567 
259.892242 -15.992997 6.802517 -2.119676 -1.832625 -7.137246 1.726506 -1.743450 -2.411393 -0.623067 -0.161325 1.836886 0.544201 -2.546935 -0.069613 0.633115 1.918103 1.640944 0.571395 0.521068 -1.217897 0.633168 0.665291 -0.599563 -0.276278 -1.577217 0.169994 1.422314 1.685575 0.157636 0.378267 0.471129 0.480388 0.272184 0.195907 -0.594915 -0.346112 
268.212616 -21.830579 8.215089 0.443899 2.623596 -3.961905 2.788704 0.451252 -3.654338 -0.747739 0.784957 0.370498 -0.201365 -0.807520 0.541255 1.052524 2.355809 1.830753 0.094847 0.094402 -0.053446 0.253067 0.904145 -0.709605 -0.539450 3.284518 -0.632792 -1.652093 -1.705816 -1.059876 -0.675000 -1.242741 1.240759 -0.089028 -0.230805 0.208974 0.012387 
263.987213 -17.608038 7.885026 -0.014629 2.878992 -3.475740 1.916201 -1.554646 -2.518285 -0.116934 1.646966 0.417675 -0.534700 4.022100 -1.335198 -2.671070 -1.493530 -0.478809 -0.778604 -1.964413 1.263622 0.455113 0.203680 -0.181614 -0.251505 0.626742 -0.801187 -1.994122 -2.287773 -1.150143 -0.112345 -0.675001 0.447109 -0.361360 -0.844679 0.062284 0.343917 
0.000000 -13.786378 5.544693 -4.898241 -0.363465 -4.919523 1.231496 -3.477574 -1.127094 0.162486 1.192317 0.007269 -0.704375 0.445964 -1.061119 -2.935719 -2.219737 -0.469533 -0.129843 -1.255601 0.840771 -0.469653 -0.785212 -0.585037 0.148383 -3.248121 1.070607 1.266407 0.279988 0.658678 0.293318 1.074889 -0.689346 -0.719904 -0.251970 -0.221474 0.271221 
0.000000 -16.716110 5.762787 -5.886068 -1.560482 -4.414806 1.656515 -4.065848 -0.836743 -1.056240 0.076541 -0.752400 -0.237934 -2.474142 0.806015 -0.138256 -0.933554 0.838548 -0.191969 0.185364 -0.115070 -0.984696 -0.300259 -0.624563 0.290937 -0.759563 1.066673 1.769384 1.227594 0.472857 -0.271543 0.990718 -0.630981 -0.026736 0.558056 0.229739 -0.040620 
200.174316 -18.734662 7.156723 -5.174752 -2.230572 -3.242427 0.847559 -3.106846 -1.357234 -1.806906 0.591798 -1.241857 -0.122501 -1.073163 1.072228 0.603049 0.235452 0.476180 -0.672929 0.725834 -0.421191 -0.523126 0.330900 -0.125559 0.067143 0.691908 -0.223668 0.680699 1.113994 -0.190022 0.169591 -0.010396 -0.101828 0.434534 0.114380 0.352085 -0.145503 
199.430267 -18.862437 7.907242 -4.679969 -1.089578 -3.462446 0.310657 -2.614179 -1.679126 -2.102491 0.738341 -1.003517 -0.103648 -1.090325 0.358679 1.223142 1.294434 0.458504 0.147214 0.164572 -0.318727 -0.115628 -0.071499 0.079607 -0.000069 -1.886338 -2.264492 1.993950 0.072603 0.444570 0.591913 -0.367438 -0.166595 0.354492 -0.342709 0.164021 -0.165884 
0.000000 -20.915312 7.874081 -2.728469 0.358295 -2.325419 1.141986 -2.777702 -1.994688 -2.038162 0.448800 -1.082643 -0.122640 -4.845838 -3.456756 4.590949 0.380658 1.365320 0.510897 -0.009041 -0.754382 0.185859 -0.354519 0.202482 -0.264625 -2.780944 -3.718317 1.070835 -1.157070 0.109760 -0.037015 0.075459 -0.369308 0.205854 -0.081782 0.297504 -0.215593 
227.466141 -28.554114 0.993731 4.501929 -0.328263 -0.731806 1.332452 -2.632261 -3.187889 -1.730773 0.029303 -0.598553 -0.632899 -6.652214 -7.077955 3.364813 -1.019706 0.678024 0.073184 0.315490 -1.057344 0.296079 -0.235063 0.674615 -0.431255 4.569340 2.653197 -2.220876 -0.159358 -1.563041 -0.163592 0.448018 0.355574 0.010834 0.299795 0.103315 -0.062905 
223.571854 -34.219740 -6.281830 4.001156 -1.681116 -0.969370 1.288355 -2.146722 -4.109375 -1.446003 -0.021326 0.266587 -0.985150 4.292842 1.849638 0.149197 0.061942 -1.760762 0.183714 0.886994 -0.043234 0.207528 0.245071 0.409112 -0.390435 7.950712 6.806682 -2.343868 1.013538 -1.522324 0.062663 0.022236 1.271197 -0.152108 0.230010 -0.355355 0.439334 
0.000000 -19.968429 4.693007 4.800324 -0.204379 -4.253330 1.699879 -0.858272 -3.274356 -1.315717 0.519446 0.219672 -1.413770 9.249210 6.535408 -1.322923 1.007370 -2.366624 0.198511 0.359963 1.485051 -0.008136 0.224957 -0.036096 0.447413 -2.949087 -0.184206 -0.198185 0.150237 0.709309 -0.533993 -0.296482 0.882071 0.244247 -0.241091 -0.441531 0.414636 
293.661804 -15.721319 6.788985 1.355310 0.333624 -5.702618 1.685376 -1.426796 -1.139272 -1.462276 0.428589 0.194396 -0.090324 -1.605331 1.481226 -0.247173 0.362416 -0.342143 -0.884273 0.294031 1.720909 0.696022 -0.237111 -0.473950 0.438837 -9.011949 -2.503272 1.881348 -0.496257 1.455745 -0.686743 -0.259523 -0.701051 0.334639 -0.481115 0.027233 -0.125815 
285.785980 -23.179090 7.655459 4.305977 0.520454 -4.937617 -0.068667 -0.270210 0.167462 0.076327 0.045224 -0.728228 -0.536096 -8.774688 1.528864 2.439773 0.014857 0.544866 -1.174974 -0.159083 0.082949 0.661142 -0.737272 0.018370 0.195783 -4.049578 -0.001685 0.475088 -0.164807 0.889613 0.013148 -0.337586 -1.186162 -0.664032 -0.183324 0.295223 -0.062468 
0.000000 -33.270696 9.846713 6.234856 0.363339 -4.612886 -0.664573 -1.744962 -0.973375 -0.139993 -1.045955 0.231135 0.301242 -9.704487 1.477855 0.703003 0.032802 1.437084 -0.857977 -0.381142 -0.651416 -0.632042 -0.603759 0.116496 0.313900 2.846486 -0.986753 -1.049798 0.696818 0.543629 0.159613 -0.092341 -0.427232 -0.566757 0.593259 -0.215092 -0.311570 
0.000000 -42.588064 10.611170 5.711983 0.586058 -2.063450 -1.784621 -1.032493 -1.135370 -1.187756 -1.162293 -0.495237 0.091704 -3.081717 -0.444643 0.340176 1.408493 1.632125 -0.855748 -0.343765 -0.771515 -0.472371 0.449246 -0.411814 -0.427358 6.975560 -0.773121 -0.073224 0.639196 -0.554207 0.242725 -0.253274 0.215908 0.598809 0.636513 0.097435 -0.308513 
0.000000 -39.434131 8.957427 6.915209 3.180325 -1.348637 -2.376068 -2.432492 -2.516404 -1.084735 -0.147464 -0.592493 -0.553474 4.246633 -0.068386 0.556554 1.311195 0.328670 -0.372526 -0.887689 -0.219600 0.565577 0.669267 0.311366 -0.303125 1.931268 0.599402 -0.303510 -0.612192 -0.731009 0.502900 0.282402 0.769801 0.441090 -0.090818 0.573236 0.356454 
301.939545 -34.094799 10.474398 6.825092 3.208447 -1.406109 -2.529673 -2.807871 -1.574570 -0.056602 0.176242 0.127496 -0.514547 0.780819 0.754161 -0.266844 0.184109 0.170107 0.150051 0.221039 0.768087 0.409809 0.267610 0.734657 0.285550 -3.616353 -0.793264 -0.906444 -1.305232 -0.245453 0.565328 0.967687 0.661540 -0.351067 -0.404212 -0.409553 -0.021377 
284.918427 -37.872493 10.465749 6.381521 3.548542 -1.008422 -2.075966 -1.990414 -0.980230 -0.265117 0.387756 0.876822 0.017626 -2.986074 -1.654914 -1.256333 -1.299270 -0.162235 0.758131 1.047684 1.103480 -0.136557 -0.139156 -0.507740 -0.345880 -0.939023 -1.202375 -0.383852 -0.826713 -0.265593 0.190613 0.208958 0.019112 -0.221054 -0.256261 -0.808530 -0.448758 
270.547699 -40.066946 7.164570 4.312426 0.609907 -1.730580 -1.013412 -0.712502 0.632390 -0.329716 -0.102071 -0.887984 -1.206307 -1.097227 -1.650589 -1.034548 -1.469318 -0.361079 0.531277 0.638956 0.806310 -0.032299 -0.244913 -0.882403 -0.611966 0.944424 0.002162 0.110893 -0.085024 -0.099422 -0.113427 -0.204364 -0.148585 0.052129 -0.052878 -0.187332 -0.133043 
