280.200104 -38.914385 6.649376 5.047374 5.858610 -1.787672 -1.885060 1.108675 -3.268940 -1.213318 1.902254 -0.587591 0.064594 -2.183557 1.385645 1.188951 -0.469707 -1.653367 0.795623 -0.659962 0.357317 1.647002 -1.468631 -0.076936 0.679027 1.134477 0.105588 -0.582387 -0.672563 -1.112078 -0.016819 0.876718 0.034296 0.003514 -0.106892 -0.484722 -0.175360 
255.102982 -43.281498 9.420666 7.425276 4.919196 -5.094407 -0.293813 -0.211248 -2.554306 2.080686 -1.035008 -0.741462 1.422649 0.085397 1.596821 0.024177 -1.814832 -3.877523 0.761984 1.093474 0.425909 1.654031 -1.682415 -1.046380 0.328308 2.316931 -0.581432 -1.786170 -0.486313 0.443154 0.351644 1.437562 -0.481640 -1.040500 0.597702 -0.209976 -0.274523 
236.553253 -38.743590 9.843018 5.095727 2.228946 -9.542718 -0.361091 3.295624 -2.417122 2.094744 -1.462576 -2.680350 0.721210 2.450306 0.222782 -2.383390 -1.442332 -0.767059 1.498911 2.215163 -0.605963 -0.433998 -0.273226 -0.496887 0.129981 -1.310443 -1.151355 -0.487335 1.539628 3.903486 0.211274 -0.931136 -0.428254 -0.951648 0.922206 0.918822 0.143042 
232.491119 -38.380887 9.866229 2.658497 2.034531 -6.628525 2.704009 4.219078 -3.766232 1.212690 -1.581460 -1.735237 1.682611 -2.535488 -0.705890 -0.950494 1.264423 3.929448 1.184532 -0.768798 -0.430600 -0.249265 0.161996 0.791265 0.614392 -4.490309 -0.352980 1.231332 0.969361 2.705896 -1.350483 -2.233431 0.816983 0.070944 0.286050 0.535305 -0.422593 
231.272858 -43.814567 8.431238 3.194739 4.757792 -1.683821 2.007973 1.758028 -3.278322 1.596214 -1.138583 -1.097821 1.949994 -6.530312 -0.483178 0.079274 0.496389 4.644734 -1.202055 -2.251700 1.028003 -0.292110 0.298874 0.573724 -0.715204 1.205995 0.749538 -0.594776 -1.463610 -1.069136 -2.005934 0.180011 0.930399 -0.337618 -0.119816 -0.052354 -0.911851 
85.045502 -51.441511 8.899873 2.817045 3.027310 2.660942 0.299899 -0.284321 -1.710225 0.628471 -0.983713 -0.587789 0.252202 -0.123499 0.793186 -2.140045 -1.662796 1.791175 -2.827337 -0.408777 1.430198 -0.924500 -0.077636 0.686557 -1.209310 6.682334 0.108963 -1.450696 0.082750 -3.136387 -0.179863 1.859559 -0.353795 -0.170823 -0.253251 -0.016008 0.368469 
250.544510 -44.061565 10.017609 -1.085350 1.432199 1.898530 -3.646701 0.940475 -0.417926 -0.252787 -1.293854 0.275292 -0.468626 6.834357 -0.265251 -2.822117 0.661889 -1.628041 -1.561780 1.467418 0.320414 -0.633756 -0.207628 0.541708 0.021734 2.162702 -1.114999 0.682145 2.044417 -1.591482 1.557079 0.588692 -0.964827 0.226877 -0.214543 -0.645872 0.646301 
249.690918 -37.772797 8.369370 -2.827189 4.351088 -0.595139 -2.823662 2.650515 -1.069398 -0.639041 -1.398970 0.495626 0.295671 4.201905 -1.436811 -0.775755 2.426037 -1.391789 0.286821 0.768607 -0.499455 -0.470746 -0.506721 -0.605187 0.083292 -2.990475 -0.009940 1.789499 -0.133715 0.905470 0.423671 -1.150912 -0.413280 -0.073889 0.053334 -0.579466 -0.446052 
150.668381 -35.657755 7.143987 -2.636860 6.284274 -0.885048 -3.073059 2.477689 -1.416836 -1.194278 -2.307297 -0.935082 -0.302042 0.853407 -0.285132 0.756881 0.394459 0.182900 -0.714439 -0.834406 -0.506146 -0.781534 -0.100961 -0.617225 -0.870370 -2.581784 0.987601 0.990390 -1.627202 0.731532 -0.089482 -0.262164 0.221933 0.216195 0.915862 0.388168 -0.112409 
307.520081 -36.065983 7.799107 -1.313427 5.140006 -0.229339 -4.252540 0.981703 -2.081690 -2.202108 -1.600891 -0.738824 -1.445069 -0.961663 0.538390 1.205026 -0.828367 0.071274 0.107858 0.244278 -0.055589 -0.038356 1.325002 0.171149 -0.141526 -2.326535 -0.251692 -0.225770 -0.141874 -0.258150 1.045705 1.010857 0.460173 0.901396 0.683875 0.437685 0.975068 
311.985321 -37.581081 8.220767 -0.226809 4.627540 -0.742500 -2.857343 2.966245 -1.528014 -1.270990 0.342707 -0.592784 -0.585094 -3.799664 -0.788516 0.305342 0.110710 -0.333400 1.376971 1.187307 0.414200 1.021259 1.266790 0.258146 1.079766 -3.269271 -1.195825 -1.439246 0.357829 -0.365126 0.209584 -0.089421 -0.344393 0.399883 -0.593765 -0.305779 0.328416 
348.212463 -43.665312 6.222076 -0.702743 5.361427 -0.896139 -1.498599 3.356318 -1.253291 -0.159591 0.932689 -0.222532 0.714463 -7.500205 -1.853260 -1.673466 -0.112709 -0.658977 0.527027 0.065437 -0.744375 0.761411 0.137472 -0.440408 0.515306 -0.986912 -1.556251 -0.617996 0.259068 -0.711160 -0.655496 -0.355906 -0.549394 -0.211592 -0.244029 -0.514893 -0.694604 
328.974274 -52.581491 4.514246 -3.573741 4.402122 -2.060454 -1.803290 3.097119 -3.016764 0.251832 0.617651 -1.473600 0.445518 -5.773489 -3.901017 -0.930650 0.628845 -1.755720 0.065978 0.475495 -0.684588 0.598075 0.778731 -0.771641 -0.309443 6.620216 0.431608 0.677509 1.770746 0.672459 -0.334171 -0.942485 -0.189614 -0.128014 0.028804 0.253875 -0.283560 
292.455078 -55.212289 -1.579959 -2.564044 6.619118 -4.407579 -1.366642 4.307308 -2.622468 1.036560 2.490150 -1.765815 0.095577 5.740227 -0.990044 -0.318449 3.428782 0.685940 -0.141316 -1.819532 -1.123603 0.505383 0.195081 0.067342 -0.051813 8.274617 3.104205 -0.304548 0.334370 1.243664 -0.311663 -1.845952 -0.525540 -0.245388 -0.949663 0.807452 0.188235 
0.000000 -41.101037 2.534159 -4.210639 11.259687 -0.688574 -2.085921 -0.541945 -5.263971 1.262598 1.007813 -1.338917 0.341892 10.775745 2.307393 -1.539747 1.297585 0.731609 -0.557348 -3.216409 -1.735669 0.107299 -1.120596 0.843262 0.067026 -3.519526 0.959390 0.619130 -2.542464 -1.411456 -0.098567 1.451299 0.672596 -0.421743 -0.149046 -0.087642 -0.110577 
0.000000 -33.660798 3.034828 -5.643537 9.214288 -2.944361 -2.481337 -2.125510 -6.093805 1.251158 0.248959 -0.079290 0.229630 -1.298826 0.928735 0.919811 -1.656146 -2.136972 -0.338449 1.083065 0.221589 -0.338102 -0.103012 -0.107943 -0.272966 -9.093865 -0.521709 2.378299 -0.978952 -1.395387 0.409328 3.034303 1.322650 -0.441700 0.298710 -0.552752 -0.052312 
389.231476 -43.698688 4.391630 -2.371017 7.947394 -4.962519 -2.762819 1.624185 -4.820792 0.586394 0.801790 -1.554802 -0.204040 -7.411985 1.263975 3.216850 -0.660318 -2.059166 0.261307 2.852197 0.909631 -0.776102 -0.523175 -0.262241 -0.037598 -0.576330 -0.913736 0.965992 -0.176578 1.451282 0.708397 -0.656251 0.648424 -0.208485 -0.153103 0.099231 0.088189 
0.000000 -48.484767 5.562777 0.790164 7.893651 -7.062692 -1.958722 3.578884 -4.274544 -0.301045 -0.797391 -0.603771 0.154435 -2.451486 -0.898736 2.851795 -2.009303 0.765591 1.078346 -0.229437 1.518438 -0.755072 -0.409217 0.090520 -0.096588 6.032845 -1.067398 -0.900919 -1.300926 2.273527 0.289382 -2.364934 0.612191 0.431116 0.170143 0.043798 -0.188061 
0.000000 -48.601661 2.594158 3.332573 3.928788 -3.431338 -0.606127 1.165310 -1.783917 -0.923751 -0.016643 -1.373762 -0.397216 4.653706 -0.870820 1.415013 -3.262170 2.487889 0.840071 -1.877671 2.134012 0.086130 -0.182890 -0.174644 -0.413720 4.364807 1.712495 -1.391297 -0.021608 -0.411197 -0.852321 -0.320262 -0.414830 0.779108 0.299198 0.474167 0.331337 
302.552612 -39.177356 3.821137 3.620189 1.369312 -2.086914 -0.278579 -0.176458 -0.006520 -0.128785 -1.163170 -0.953060 -0.673005 6.278128 2.526255 0.069201 -2.052519 -0.056803 -0.626296 -0.869962 0.688777 0.803145 0.189180 1.038854 0.566086 1.869964 1.076532 -3.326609 0.970794 -2.478423 -0.961462 1.348930 -1.309256 0.322173 0.185430 0.303540 0.889937 
336.196381 -36.045405 7.646667 3.470975 -0.176251 -3.544944 -1.858720 -0.574613 -0.406362 0.682538 0.361716 0.703946 0.734956 8.393633 1.282244 -5.238205 -1.320581 -2.468956 -1.082853 0.820189 -0.484499 0.730477 0.187971 0.432436 1.366155 1.204483 -1.887556 -4.542179 0.970279 -0.401485 -0.211054 0.851121 -0.789530 -0.351797 -0.121716 -0.524390 0.164388 
0.000000 -22.390089 6.385626 -6.856220 -1.271850 -7.024827 -2.444284 1.463920 -0.975518 1.332168 -0.787229 -0.088187 2.059304 8.687093 -1.248856 -9.015157 -0.111962 -0.859773 -1.048404 0.832279 -0.890282 0.099552 -0.054251 -0.009926 0.894862 -3.114816 -1.581760 0.092214 0.916622 1.701883 -0.146782 -0.739088 0.014942 -0.402129 0.290962 -0.251404 -0.676379 
0.000000 -18.671219 5.148954 -14.559340 -0.400174 -5.264490 -3.955529 1.089945 -2.186926 0.881642 0.253213 0.684094 2.524680 2.164001 -1.881276 -5.053776 0.512664 0.934810 -1.376417 -0.657987 -0.454615 -0.073781 0.769894 -0.070372 0.013397 -4.223771 0.523649 4.694137 1.078347 0.604324 -0.042460 -1.052791 0.260635 -0.308631 -0.183058 -0.494864 -1.054068 
0.000000 -18.062088 2.623074 -16.963772 -0.246522 -5.155206 -5.197119 0.147945 -1.884747 1.184606 0.752560 -0.228931 2.086098 0.239551 -0.201558 0.373118 2.044732 0.348875 -1.133323 -1.273303 -0.369012 -0.517711 -0.420368 -0.999654 -1.213274 -2.575938 1.619388 4.547785 1.314053 0.366296 0.532188 -0.341697 -0.111367 -0.315248 -0.856675 -0.153160 -0.439714 
0.000000 -18.192116 4.745839 -13.813104 3.689290 -4.566740 -6.222176 -1.456660 -2.924951 -0.153781 -0.587523 -1.315214 0.098133 -2.987876 1.357500 4.041795 3.140770 1.667403 -0.312041 -1.341381 -0.677349 -0.704278 -0.943456 -0.376692 -0.866031 -4.969144 -0.293233 0.890678 -0.449062 1.107140 1.308494 1.329253 0.790855 0.504025 0.207966 0.553248 0.946333 
0.000000 -24.037840 5.338073 -8.880183 6.035018 -1.820399 -5.821202 -2.534817 -3.239445 -0.223950 -1.134353 -0.982314 0.354036 -9.698737 -0.788024 2.154474 1.146609 2.563155 1.483664 1.385204 1.212698 0.490338 -0.004437 0.106843 0.679393 -4.137926 -1.220315 -0.924764 -2.469492 -0.384033 1.190480 1.523712 0.935048 0.481268 0.704943 0.150159 0.443521 
0.000000 -37.589591 3.169791 -9.504157 5.982509 0.559570 -3.254847 1.313748 -0.499555 0.826896 -0.596396 -1.101528 1.456919 -11.263729 -1.083131 2.192266 -1.798214 0.899338 2.068918 1.706043 1.192748 0.258259 0.466429 -0.076374 0.021012 4.765216 -0.085342 -0.285307 0.196492 -2.246381 -0.901029 -0.628368 -0.954448 -0.490757 -0.312330 -0.302745 -0.558258 
309.113708 -46.565298 3.171812 -4.495651 2.438590 -0.021724 -1.683365 0.877270 -0.853949 0.292568 -0.201494 -1.135063 0.396060 -0.168306 -0.958708 1.583859 1.539592 -1.929608 -0.318393 0.128467 -0.696198 -0.491175 -0.629096 -0.498647 -0.437123 9.843395 -0.249733 -0.891640 2.994761 -1.669103 -1.429815 -0.499214 -0.653532 0.252064 -0.571637 0.227594 -0.029814 
297.400574 -37.926203 1.252375 -6.336438 9.061693 -3.299646 -3.891633 1.570682 -1.891950 -0.155454 -1.854588 -2.098822 0.582674 8.423062 -1.582597 0.408986 4.191308 -2.438868 -0.790711 0.707616 -0.114315 0.762387 -0.676844 0.378813 -0.038616 2.159616 0.414329 -0.423908 -0.609296 0.793719 0.253096 0.287726 0.725783 0.634522 0.748048 0.984877 0.413848 
0.000000 -29.719175 0.006618 -3.677679 10.821207 -4.899460 -3.264786 2.292501 -1.082580 1.817342 -1.555182 -0.377437 0.318829 4.150927 -0.130050 0.736044 0.321001 -0.342170 0.187799 0.703920 0.755368 0.777869 0.867000 1.471107 0.390573 -4.958471 1.710891 0.096359 -4.038143 1.928727 0.334264 -0.658973 0.306713 -0.757060 0.895732 -0.076168 0.245813 
370.682953 -29.624350 0.992275 -4.864350 9.703694 -3.983986 -3.516034 2.978523 -0.381215 1.400284 -0.120588 0.843393 1.363820 -1.493880 1.839184 0.601704 -3.884977 1.418587 -0.122183 -0.610331 0.499111 -0.751732 1.114620 0.226477 0.453010 -3.816715 1.038710 0.913759 -2.672702 0.618721 0.454111 -1.007523 -0.523173 -0.628947 -0.394068 -1.043578 -0.399732 
0.000000 -32.706935 3.684986 -2.474271 3.051254 -2.062286 -3.509152 1.071839 -0.084358 0.313877 0.674059 0.075516 1.224849 -3.482504 1.947369 2.563562 -5.024403 0.895272 1.096021 -1.311126 -0.290979 -0.480024 0.078864 -0.616049 -0.408892 -0.644817 -1.046941 -0.034598 0.826985 -0.609251 0.751314 0.233042 -0.175453 0.346299 -0.639063 -0.159639 -0.512143 
389.835785 -36.589357 4.887014 0.262775 -0.345111 -2.193443 -1.323991 0.356271 -0.963172 0.440236 0.037139 -0.388704 0.546037 -2.783515 -0.254698 0.532508 -2.231006 0.200085 1.380445 -0.144247 0.148204 -0.059133 -0.163506 -0.092802 -0.571276 3.657615 -1.192342 -2.944685 3.131255 -0.452852 -0.495970 0.302817 -0.828901 -0.004639 0.496295 0.640039 0.243201 
371.882019 -38.273964 3.175590 -1.409254 -1.410759 -1.662116 -0.748263 0.783345 0.212050 0.195611 0.347046 -0.110087 0.082296 3.832727 -0.437315 -3.325808 1.238108 -0.010433 0.104081 -0.705492 -1.948781 -0.489302 1.071454 0.664029 0.077509 6.473462 -0.532112 -1.957155 1.674798 -0.571688 -0.794573 -0.447630 -0.797827 -0.396906 0.302536 -0.019070 0.242254 
376.607788 -28.923904 4.012385 -6.388841 2.131105 -2.214308 -1.115829 -1.054714 -4.860734 -0.538368 2.180048 0.939355 0.701056 10.163410 -1.318922 -3.381802 1.118590 -0.943290 -0.208701 -1.039507 -1.447449 -0.852946 0.441566 -0.130942 -0.086767 0.173650 -0.428717 0.704308 -0.894100 -0.217804 -0.239763 0.768637 2.252802 -0.066591 -1.283941 -0.936590 -0.315835 
0.000000 -17.947145 0.537747 -8.172858 0.826422 -3.548696 -1.165665 -1.295669 -2.682848 -1.510281 1.230179 -0.371971 -0.091239 4.180027 -1.294749 -1.917192 -0.550093 -0.446041 -0.375444 0.831781 2.556824 -0.622484 -1.496428 -1.209150 -0.554161 -5.449143 2.262806 0.614005 -0.408413 0.410720 -0.650676 1.048590 0.722215 0.209441 -0.818483 -0.001902 0.078413 
340.166290 -20.563849 1.422886 -10.223225 1.030920 -3.106390 -1.866717 0.608847 0.252913 -1.783335 -0.812807 -1.478946 -0.407265 -0.734876 3.206691 -2.153792 0.301764 -0.121850 -1.510052 1.057673 -0.003019 -0.434064 -1.195400 -0.134745 0.070059 -2.322186 1.694573 2.406272 0.835870 -0.665995 -0.139907 -0.669941 -2.163475 0.471785 0.436325 0.676609 0.349484 
319.663208 -19.416897 6.951129 -12.480443 1.429951 -3.792396 -4.185770 0.819678 -2.688886 -2.378410 -1.160622 -0.641461 0.048879 -0.464344 2.094396 2.895353 1.121648 -1.778032 -0.655258 -0.508101 -1.770126 0.321086 -0.623777 0.144068 0.144807 -3.784083 -2.759342 5.002597 0.921198 -0.676569 1.402809 -1.241340 -0.231858 0.727799 0.231194 -0.185248 0.149316 
315.373047 -21.492537 5.611679 -4.432520 3.274215 -6.662453 -3.177233 -0.407354 -3.287338 -1.141163 -2.060361 -1.190810 -0.117651 -8.303042 -2.311992 7.851401 2.144160 -1.474988 1.295566 -1.425007 -0.466736 1.021533 -0.733012 -0.505242 0.368691 -0.079278 -2.523439 0.913753 -1.351297 0.109459 1.168274 0.232180 1.900341 -0.514128 0.512505 -0.013944 0.039092 
325.901062 -36.022981 2.327144 3.222359 5.718271 -6.742373 -1.594639 -2.030336 -3.622358 -0.335345 -2.626646 -1.651944 0.786261 -0.622899 -2.952482 4.722858 -1.580947 -1.559113 1.681290 -0.043741 2.030557 -0.707170 0.401233 0.116179 0.222992 8.893581 -0.356075 -4.194073 -2.785256 0.534823 -0.161595 1.099308 1.236420 -1.006027 1.307018 0.960723 -0.220213 
0.000000 -22.738335 -0.293285 5.013195 0.112321 -9.780678 0.185347 -0.494835 0.773776 -2.555502 -1.257895 -0.958452 0.328332 9.484119 -3.024142 -0.536745 -3.426351 -0.405341 0.972377 0.773610 2.006105 -0.990521 1.881024 1.416204 -0.071735 -1.841290 0.927010 -3.233489 0.763962 1.919809 -0.230413 0.346601 -1.135804 0.451484 0.487649 0.311190 -0.212277 
0.000000 -17.054743 -3.721139 2.148870 -1.134432 -7.553055 0.350115 -0.483115 0.389852 -2.316387 1.135401 1.180463 0.642790 -4.305479 -1.098461 -1.744121 -0.053024 2.280505 1.220465 0.649461 -0.241051 0.195798 1.376531 0.738558 -0.201562 -11.929555 2.532002 -0.121652 2.387549 1.334231 -0.329161 0.374077 -1.384574 0.520879 -1.005500 -1.168205 -0.048892 
0.000000 -31.349292 -2.490207 1.524953 0.006273 -5.219668 2.626276 0.804087 0.291674 -2.163906 1.495167 0.518665 -0.074792 -14.374991 2.039862 -0.780049 1.348747 2.263121 0.314055 1.521764 -0.763043 0.051237 -0.129975 -0.920206 -0.169518 -5.343907 0.903293 2.368389 0.678511 0.445570 -1.035580 -0.393166 -0.071394 0.288080 -0.783058 -0.576738 0.331250 
371.284912 -45.804725 0.358584 0.588772 1.563062 -3.026813 0.978225 2.560412 -1.136234 -2.213913 0.875451 -0.659948 0.303754 -14.993292 0.708126 2.992657 1.303998 3.171646 -0.850696 -0.136870 -0.383839 0.771959 -0.189585 -0.414918 0.460937 3.675724 -1.307636 1.227383 -0.921240 0.098851 -0.211811 -1.254065 0.814115 0.543925 -0.066219 0.624284 0.044759 
329.360138 -61.335876 -1.073956 7.510267 2.614270 1.123625 0.924884 0.530347 -0.476004 -0.619989 1.115997 -0.311171 0.847082 -7.023543 -0.575411 1.674717 -0.493734 2.460823 -0.109566 -0.986366 0.865186 1.139086 -0.262414 0.328363 -0.080000 11.288525 0.169428 -2.668357 -0.801248 -1.389121 0.559774 0.265105 0.571862 0.018095 0.033554 0.499512 -0.259247 
330.713287 -59.851812 -0.792237 3.938206 0.575594 1.894833 0.759092 0.587680 0.594139 0.064260 0.350624 -0.003223 0.143753 7.583757 1.046982 -2.344057 -0.298497 0.393404 0.268852 0.393340 0.759885 0.808149 -0.122477 0.584107 -0.057556 5.748376 2.558970 -0.073802 0.489998 -1.971981 -0.336784 0.445073 -0.304128 -0.167101 0.311884 -0.071495 -0.000952 
365.723572 -46.168361 1.020009 2.822154 2.017275 1.910433 1.462589 1.317028 1.043765 0.996309 0.871043 0.857043 0.731970 4.473210 4.542529 1.527113 0.486261 -1.483139 -0.783134 -0.096219 0.256930 0.804884 0.361354 0.185373 -0.081904 -1.663735 1.279311 2.369335 1.020041 -2.634244 -0.819833 -0.429936 -1.339118 0.098562 -0.030714 -0.822031 -0.056310 
348.207855 -50.905392 8.292821 6.992431 1.548116 -1.071445 -0.807175 0.395241 1.107999 1.674028 1.073331 0.367523 -0.020055 4.256288 3.605604 2.394614 1.741585 -4.875084 -1.370813 -0.466533 -1.918351 1.005272 -0.183905 -1.059954 -0.170176 2.379286 -3.252548 -0.885067 0.804599 -1.390324 -0.012536 -0.262661 -1.870134 -0.408174 -0.571255 -0.588447 0.277567 
370.101929 -37.655786 8.231217 7.611382 5.500444 -7.839734 -1.279037 0.383962 -2.792937 3.006853 0.503233 -1.262866 0.391618 9.231781 -1.962567 -0.243021 2.095459 -4.263786 -0.808206 -0.621542 -3.483337 -0.011464 -0.781156 -0.991520 0.473229 -0.518123 -3.584048 -0.899611 -0.846634 2.635597 0.759634 -0.073041 0.584262 -0.976472 -0.313416 0.407734 0.093641 
302.239532 -32.441830 4.367687 6.506389 5.739035 -9.599016 -2.423587 -0.847843 -5.858675 1.651100 -0.488981 -1.615518 0.926403 3.220042 -3.562493 0.595393 0.048316 0.396110 0.148456 -0.612615 -0.749826 -0.947672 -0.810737 -0.244486 0.017106 -4.406759 -0.403652 0.175355 -1.551795 3.419154 0.903909 -0.001518 2.731769 -0.431286 0.348343 0.531957 -0.349245 
304.671356 -31.215702 1.106231 8.802168 5.597076 -7.047514 -0.982125 -0.841268 -4.292589 1.111509 -1.118242 -1.751838 0.425830 0.418264 -2.769871 0.107688 -1.008130 2.574523 0.999612 -0.624579 1.980201 -0.874035 -0.084471 0.072393 -0.225261 1.729306 1.062129 -1.797979 -0.961783 0.239980 -0.584138 -0.313848 1.314665 -0.301030 0.704227 0.285358 0.064505 
314.247131 -31.605302 -1.172055 6.721766 3.722774 -4.449970 -0.424362 -2.097002 -1.898273 -0.096971 -0.657923 -1.470732 0.475882 6.678654 -1.438234 -3.000566 -1.875249 0.876071 -1.019820 -1.240312 1.879503 -1.549731 0.597717 0.326230 0.146115 5.077591 -0.129394 -2.507350 -0.469004 -1.143950 -0.739176 -0.040934 -0.681540 0.027936 0.498545 0.229611 0.099032 
0.000000 -17.858394 -1.770237 2.801036 1.846578 -5.295372 -3.021765 -3.321892 -0.533582 -1.987953 0.077193 -1.099378 0.718061 10.573446 -3.028659 -4.907011 -1.946137 0.286622 -0.478739 -0.706448 0.617121 -0.818164 0.912620 0.531615 -0.027196 -1.724159 -0.152494 -0.170833 1.089981 0.304999 0.709619 0.832137 -0.809107 0.663034 -0.053805 -0.085957 -0.230654 
389.772705 -10.458409 -7.229372 -3.092256 -0.169500 -3.876725 -1.381840 -3.509897 -0.664030 -1.733298 1.167316 -0.407501 0.421490 3.230336 -1.743223 -3.342232 0.304712 1.486069 0.399417 0.423962 0.261290 -0.223663 0.490107 0.154315 -0.315193 -6.825817 3.278741 2.287765 2.378107 0.691844 -0.028852 0.654020 -0.629554 0.397592 -0.905887 -0.399710 -0.079288 
388.780762 -11.397721 -5.256683 -3.883427 2.456001 -2.323235 -2.222931 -2.473967 -0.011002 -2.435279 1.057407 -0.790748 0.087675 -3.078188 3.528823 -0.331481 2.810078 1.670309 -0.536444 0.601592 -0.641987 -0.022980 -0.899155 -0.267805 -0.185771 -6.062869 2.481672 1.233051 0.653687 -0.267063 -0.208538 0.666346 -0.555260 0.981855 -0.545492 -0.047334 0.181106 
381.546967 -16.614786 -0.171726 -3.755217 5.450655 -0.536107 -2.454728 -2.306713 -1.948004 -1.779258 -0.630993 -0.943111 0.049947 -8.895402 3.220121 -0.876130 1.612085 0.951943 -0.017659 1.756655 -0.849231 1.740047 -0.600876 0.059648 0.047018 -3.257511 -1.354646 1.066941 -1.957284 -0.706331 0.334731 0.532478 0.567245 0.578897 0.481468 0.032810 0.001532 
0.000000 -29.188525 1.183559 -5.635687 5.680171 -0.419349 -2.258248 1.039343 -1.709464 1.044815 -0.144345 -0.671452 0.181711 -9.593211 0.819531 1.802402 -1.104490 0.257648 0.133018 1.666548 0.492502 1.134815 0.063782 -0.202184 -0.182707 1.842987 -1.457114 2.401692 -2.154600 -0.444790 0.563934 -1.095308 0.690142 -1.057059 -0.042170 -0.244435 -0.201107 
166.276245 -35.801207 1.467336 -0.150414 3.241676 -0.020811 -2.188692 1.026383 -0.962999 0.490371 -0.503429 -1.347480 -0.315467 -5.209428 0.305893 3.927254 -2.697116 0.062363 1.110208 -0.433961 0.531053 -0.374070 -0.685216 -0.429222 -0.355195 3.510086 -1.115517 -1.720338 0.637460 -0.480231 -0.394934 -0.508254 0.256063 -0.752592 -0.009664 0.226088 0.217599 
0.000000 -39.607381 1.795345 2.218821 0.285939 -0.294622 -0.037831 0.171421 -0.647358 0.296674 -1.514778 -1.529897 -0.528679 -2.573040 -1.411504 -1.638274 0.170430 -0.702814 -0.656850 0.650040 1.004628 -0.370370 0.044454 0.249991 0.252491 2.145136 -0.791801 -4.481943 2.792795 -0.081322 -1.685655 0.720939 -0.108124 -0.058062 0.815621 0.664390 0.054329 
0.000000 -40.947286 -1.355672 -3.426961 3.582536 -1.426439 -3.502391 2.326463 1.046257 -0.250368 -0.414520 -0.847498 0.189515 -0.919157 -1.277709 -5.036632 2.888474 -0.100280 -2.261101 1.007916 0.314804 -0.490194 0.946026 0.899558 -0.246538 1.161918 0.854652 -0.287733 0.534873 0.584221 0.064014 -0.359822 -0.768316 0.076848 0.175722 0.154183 -0.429063 
284.452698 -41.445694 -0.760074 -7.854442 6.062887 -0.495183 -4.560034 2.187253 -0.017750 -0.683715 0.377275 0.269219 -1.021755 -0.249204 0.297799 -2.213741 1.240176 0.465628 -0.528821 -0.069605 -0.532003 -0.216674 0.395898 0.558358 -0.605635 0.334976 0.787754 1.411446 -0.824149 0.282954 0.866140 -0.538761 -0.423404 0.136760 -0.275064 -0.170600 -0.179549 
