0.000000 -39.212073 -15.632478 5.783431 1.645332 -3.986706 0.650839 1.696634 -0.288533 -0.589911 0.944894 -0.751815 -0.199570 1.449629 1.564515 0.848075 0.123760 -0.026824 -0.623237 -1.098718 -0.764762 -1.329910 -1.025217 -0.466149 -0.266472 0.303289 -0.222478 -0.358998 -0.032014 0.547086 0.420772 -0.100204 0.129756 0.175503 0.293411 0.258671 0.035070 
0.000000 -36.312814 -12.503447 7.479581 1.892852 -4.040353 -0.595635 -0.500803 -1.818058 -3.249732 -1.105540 -1.684113 -0.732514 2.056207 1.119559 0.130079 0.059732 1.067348 0.218307 -1.299127 -0.505250 -0.978904 -0.438394 0.051193 -0.196333 -0.755891 -1.321787 -1.092947 -0.075207 0.634322 1.142452 0.787388 0.719646 1.223194 0.960979 0.612143 0.243831 
0.000000 -35.099658 -13.393359 6.043590 1.764797 -1.852011 1.087452 -0.901619 -1.299033 -2.547719 0.068105 -0.649429 -0.592236 -0.062152 -1.079058 -1.337819 -0.026655 1.241819 1.661667 0.476059 0.674529 1.116477 0.896741 0.758137 0.221191 -1.310670 -0.743532 -0.326602 -0.265375 -0.701628 -0.140503 0.773251 0.283890 0.738042 0.399535 -0.038441 0.073643 
0.000000 -36.437119 -14.661563 4.803944 1.839542 -1.556714 2.727699 0.451315 -0.469000 -1.016779 0.687943 -0.167840 -0.290133 -0.565134 -0.367505 -0.523125 -0.471017 -0.335908 -0.062700 0.247376 0.062530 0.497180 0.360675 -0.025688 -0.049048 0.191907 0.701975 0.515158 -0.119798 -0.616522 -1.185863 -0.490511 -0.486892 -0.690067 -0.445619 -0.513736 -0.141950 
0.000000 -36.229925 -14.128370 4.997340 0.822762 -2.523827 0.962053 -0.406867 -1.173972 -1.553359 0.789455 -0.700805 -0.690331 0.321661 0.324892 -0.307503 -0.266251 0.008776 -0.710059 -0.504963 -0.299256 -0.263658 0.005502 -0.269336 -0.062709 0.318170 0.127318 0.176313 0.317654 0.172655 -0.159624 -0.291484 -0.045462 -0.468045 -0.418345 -0.061195 0.223588 
0.000000 -35.793797 -14.011779 4.188938 1.307040 -1.539163 1.307582 -0.558611 -1.067511 -1.544095 0.698948 -0.706512 -0.415551 0.071206 -0.112870 -0.170498 0.164291 0.009401 -0.381948 -0.335593 -0.028393 -0.438910 -0.476014 -0.148079 0.398129 -0.272118 -0.092963 0.056626 0.131332 -0.263649 0.393384 0.334219 0.152206 -0.021162 -0.143574 0.121053 0.142526 
0.000000 -36.087513 -14.354111 4.656344 1.151344 -2.505024 0.198156 -1.078053 -1.230759 -2.431179 -0.162573 -0.996962 0.105926 -0.222575 0.138965 -0.194251 -0.003586 -0.518521 0.076709 0.163476 0.005157 -0.305982 -0.281645 -0.027231 0.222343 -0.383898 -0.182106 -0.457376 -0.325117 -0.047077 0.526674 0.472748 0.192259 0.613619 0.449991 0.173435 -0.318767 
0.000000 -36.238947 -13.733849 3.800436 1.299868 -2.576205 1.461000 -0.231660 -1.057198 -2.156060 0.135657 -0.760974 0.029136 -0.696590 -0.477083 -1.085250 -0.485944 -0.084753 0.671401 0.609902 0.356125 0.788327 0.423969 0.198791 -0.239405 -0.019190 0.004697 0.471695 -0.225149 0.100979 -0.061137 -0.119198 -0.110101 0.222280 -0.052285 -0.019752 -0.167728 
0.000000 -37.480692 -15.308277 2.485845 0.179456 -2.674530 1.540957 0.141752 -0.518508 -0.854526 0.685364 -0.599381 -0.372884 -0.260955 0.148359 0.749140 -0.453884 -0.316564 -0.045564 -0.074921 -0.215046 0.138578 -0.386216 -0.066734 -0.113113 0.255322 0.386095 1.233681 0.490808 -0.145457 -0.635866 -0.419642 -0.500625 -0.855628 -0.428912 -0.171611 0.084437 
0.000000 -36.760858 -13.437131 5.298716 0.392100 -3.209332 1.369872 -0.381503 -1.487289 -1.878903 -0.636776 -0.894442 -0.197090 -0.185945 0.295107 1.382112 0.495672 -0.375668 -0.600332 -0.229382 -0.645125 -0.922929 -0.433856 -0.144431 -0.070531 -0.427815 -0.508718 -0.332532 0.685527 -0.028685 -0.334097 -0.079168 -0.024655 -0.433083 0.280541 -0.099390 -0.017135 
0.000000 -37.852583 -14.718062 5.250069 1.170799 -3.425865 0.340294 -0.317012 -1.808759 -2.700383 -0.182348 -0.888243 -0.513946 -1.116585 -0.869078 0.084076 0.917170 -0.373933 -0.713757 -0.233258 -0.264357 -0.727588 0.174865 -0.265513 -0.147384 -0.765961 -0.597320 -0.428302 0.219620 0.307907 0.182255 0.185298 0.284805 0.494169 0.318720 0.080297 0.251338 
0.000000 -38.994029 -15.175286 5.466868 2.226439 -3.957198 -0.057642 -0.848020 -2.016002 -3.334079 -0.287045 -1.425469 -0.491858 -1.717867 -0.899533 0.525508 0.934911 0.240146 -0.235821 0.141213 -0.075516 0.065410 0.203585 0.016163 0.432145 0.545500 0.574153 0.254157 -0.372614 0.398255 0.127038 -0.059627 -0.076146 0.443126 -0.256473 0.121430 0.090687 
0.000000 -41.288318 -16.517128 6.301085 3.040621 -2.945574 -0.131349 -0.034585 -1.959791 -2.569563 0.224823 -0.855917 0.350344 -0.025585 0.279228 0.592390 0.171943 0.422576 -0.459682 -0.352513 -0.416648 0.158665 -0.338081 -0.022653 0.033989 1.207396 0.784091 -0.209953 -0.471879 -0.160114 -0.017234 -0.444294 0.002109 -0.268498 -0.261721 -0.095861 -0.439750 
0.000000 -39.045199 -14.616830 6.651647 2.570325 -3.112046 -0.977005 -1.553045 -2.849299 -3.016750 -0.963206 -1.470774 -0.423879 0.696924 0.668649 0.105601 -0.008847 -0.080081 -0.270289 -0.747375 -0.071298 -0.471586 -0.319856 -0.175558 -0.447355 -0.206009 -0.330021 -0.670191 -0.083229 0.043428 0.672123 0.357622 0.835896 0.231895 0.431147 0.136261 0.116284 
0.000000 -39.894469 -15.179831 6.512288 3.022926 -3.105737 -0.671927 -1.529336 -2.102387 -3.512736 -0.414889 -1.207033 -0.544365 -0.437603 -0.380813 -0.747992 0.005484 0.509433 0.884565 0.362731 1.255143 0.622454 0.524214 0.249870 0.266557 0.916989 0.519706 -0.990697 -0.799966 0.296605 0.877468 0.545969 0.178681 0.661561 0.285235 0.103510 0.305403 
0.000000 -39.920405 -15.378456 5.155664 2.581292 -2.093181 0.792124 -0.827583 -0.339012 -1.771843 0.085222 -0.971034 0.109235 2.530902 1.708061 -1.875793 -1.608780 0.513129 1.484647 0.344562 0.286064 0.851535 0.250614 0.031462 0.163452 2.143233 1.305974 -0.542466 -0.772933 0.205121 0.006726 -0.051790 -0.856789 0.019894 -0.240301 -0.180832 -0.187266 
0.000000 -34.832664 -11.763710 2.760701 -0.194633 -2.079478 2.297367 -0.840212 -1.530259 -1.809665 0.086339 -1.144110 -0.217462 3.848863 2.231134 -1.832923 -1.540382 0.919674 0.898016 0.259151 -0.458434 0.662243 0.043612 -0.111795 -0.107974 -0.454301 -0.232555 1.140404 1.247994 0.695307 -0.672670 0.039205 0.378327 -0.108944 -0.118880 -0.063592 -0.109977 
0.000000 -32.222679 -10.916188 1.489819 -0.499472 -0.253832 2.588157 -0.309280 -1.255881 -0.447357 0.172446 -1.194623 -0.106713 1.622300 1.242951 0.405014 0.887208 1.903742 0.139306 0.422971 1.042718 0.633648 0.012853 -0.095722 -0.056503 -2.278887 -0.860455 1.542417 1.181698 -0.181374 -0.444213 -0.079678 0.738462 -0.344122 -0.181185 0.078772 0.189006 
263.868195 -31.588065 -9.277807 3.570729 1.579782 1.728006 2.575980 0.005730 0.555178 -0.542370 0.112045 -1.335553 -0.330467 -0.708912 0.510224 1.251912 0.823013 0.556927 0.009591 0.099795 1.018489 -0.026001 -0.318757 0.045750 0.270039 -1.644818 -0.673476 0.480399 -0.100448 -1.286341 -0.054266 0.459382 -0.454414 -0.490403 -0.114497 0.172197 0.142886 
260.636261 -33.640503 -9.895739 3.993643 1.146554 0.860022 2.607340 -0.109690 0.781097 -0.499360 -0.465069 -1.103123 0.433364 -1.667336 -0.104001 1.365813 0.686311 -0.668940 0.030774 1.341735 0.133890 -0.347159 -0.216141 0.248671 0.229270 0.438021 0.368538 0.271773 0.027363 -0.580116 -0.064773 0.545381 -0.642113 -0.186078 0.189402 0.118033 -0.084171 
254.025757 -34.922736 -9.485809 6.302355 2.952404 0.390126 2.637527 2.689200 0.822957 -1.236689 -0.320237 -0.838211 0.128072 0.167130 1.247301 1.795459 0.877738 -0.603306 -0.119956 1.190557 -0.265737 -0.398158 0.060047 0.281817 0.101696 1.572815 0.438786 -0.501737 -0.124734 0.338581 -0.292436 -0.789224 0.134586 0.235094 0.054568 -0.095826 0.032954 
240.925125 -33.306243 -7.401137 7.584560 2.902030 -0.346591 2.367428 2.271423 0.249623 -1.295676 -0.344974 -0.539490 0.636757 1.478295 0.773572 0.362340 0.436843 0.008221 -0.554099 -0.236712 0.403063 0.123030 -0.107006 0.057019 0.295177 0.125937 -1.014200 -1.131909 -0.387005 0.528879 -0.081758 -0.745876 0.642423 0.432363 -0.083656 -0.304109 -0.064602 
237.193878 -31.966147 -7.938665 7.027034 3.826090 0.406568 1.529330 2.215775 1.629082 -0.990630 -0.534249 -0.724172 0.718426 0.419004 -0.781100 -0.468360 0.103728 0.454452 -0.283471 -0.301195 1.019109 0.466568 -0.107264 -0.326400 -0.027508 -1.581419 -1.036288 -0.248657 -0.117647 -0.201552 0.382809 -0.114383 -0.323155 0.080566 0.280964 -0.143307 -0.291168 
237.495148 -32.468234 -8.963337 6.647840 3.109486 0.562312 1.800486 1.669032 2.287841 -0.362540 -0.559503 -1.192291 0.581741 -1.684544 -1.299005 -0.134975 0.201548 -0.394882 0.211519 -0.465477 -0.243247 0.284161 0.454921 -0.229595 -0.287158 -0.340453 0.255845 -0.092177 -0.207538 -0.197166 0.417622 -0.264961 -1.011162 -0.181138 0.225355 0.262342 -0.118728 
228.149750 -35.335235 -10.536675 6.757084 4.229186 -0.383196 1.952368 1.284821 1.142588 -0.422308 0.375594 -1.183363 0.144110 -0.261901 -0.269410 -0.652713 -0.311349 0.060120 0.551772 -0.831116 -1.003215 0.104292 0.343447 0.198284 -0.264963 2.513294 2.023830 -0.603684 -0.624159 0.726808 0.113776 -0.075895 -0.371264 -0.079969 -0.227557 0.158119 -0.027961 
227.804993 -32.992036 -9.502158 5.342415 2.486788 0.682552 2.904030 0.006800 0.281410 -0.153957 0.127391 -0.795723 0.051814 3.342043 2.748655 -1.342343 -1.046769 1.058735 0.439071 -0.617267 -0.985776 0.124222 -0.000193 0.086642 -0.343081 2.455615 1.692761 -0.292662 -0.382495 0.190348 -0.466367 0.243134 0.044532 -0.256407 0.030320 0.014063 0.084276 
237.150742 -28.651149 -5.039365 4.072398 2.135648 1.734273 2.830510 0.050287 -0.828965 -0.173864 0.375208 -1.010079 -0.542052 4.649330 3.116111 -1.238037 -1.076340 0.440817 -0.380961 -0.344849 -0.914151 -0.408523 0.404087 0.226410 -0.096411 -0.140611 -0.688013 0.285228 -0.076304 -0.678020 -0.558352 0.088547 0.308048 -0.431444 0.201984 0.078318 0.263187 
239.176208 -23.693376 -3.269935 2.866341 0.334109 1.564186 2.142108 -0.682898 -1.546891 -0.971002 0.935564 -0.342902 -0.141007 3.060822 1.372630 -0.771887 -1.199378 -0.297305 -0.677633 -0.440173 -0.369681 -0.738665 0.403776 0.243279 0.183294 -2.277201 -1.572152 0.681909 0.723157 -0.322174 0.064566 0.008695 0.492196 0.115679 -0.273008 -0.058737 0.085092 
238.940323 -22.529505 -2.294106 2.528624 -0.263108 1.139664 1.475245 -0.830058 -1.568328 -1.651194 1.182760 -0.523521 -0.175464 0.094927 -0.028193 0.125781 0.369974 -0.203532 -0.251830 -0.327458 0.070241 -0.177164 -0.141930 0.108937 0.073773 -2.600673 -1.431691 0.993744 1.041534 0.496120 0.510561 0.156392 0.505207 0.715001 -0.434241 -0.168626 -0.064132 
235.780212 -23.503522 -3.326322 3.117902 1.074057 1.157122 1.638448 -1.337814 -1.406409 -1.325331 0.651705 -0.125029 0.006539 -2.140525 -1.490752 1.215600 0.883690 0.694935 0.343489 -0.127389 0.640733 0.691336 -0.464707 -0.093974 0.055031 -2.288261 -1.391681 0.628386 0.134662 0.210938 0.289839 0.415872 0.569659 0.496200 0.025953 -0.211744 -0.184783 
238.286621 -26.810555 -5.275609 4.959825 1.504272 2.529535 2.162223 -1.084837 -0.286861 -0.268521 0.253346 -0.711469 -0.065402 -4.481595 -2.811555 1.382553 0.639297 0.218344 0.327848 0.504286 1.209559 0.815235 -0.090024 -0.314552 -0.295794 -1.624670 -1.414268 -0.238104 -0.131502 -0.698256 -0.488226 -0.078412 -0.172688 -0.297577 0.263321 -0.012665 0.062230 
236.333694 -32.466713 -8.949433 5.883009 2.352651 1.593810 2.294143 -0.329243 1.012709 0.305138 0.471657 -0.754132 -0.585048 -5.389865 -4.319287 0.739393 0.620686 -0.701577 -0.632964 -0.284213 0.295357 0.096183 0.061934 -0.119304 0.179491 2.492349 1.202560 -0.726721 -0.162860 0.200874 -0.476389 -0.567977 -0.557607 -0.422913 -0.050702 0.159366 0.218350 
0.000000 -37.590285 -13.914183 6.438611 2.745644 1.126380 0.896296 -1.653263 0.303853 -0.076155 0.377214 -0.950077 0.293579 0.503102 -0.406435 -0.070888 0.313576 0.620092 -0.624930 -0.631669 0.094345 -0.030592 -0.191427 0.004180 0.140907 6.102150 4.869474 -1.066631 -0.553410 0.389937 0.029673 0.281041 -0.366829 -0.014659 -0.148897 0.178739 -0.149160 
0.000000 -31.460509 -9.762303 5.741232 2.979804 2.833994 1.044284 -1.592581 1.201399 0.243955 0.088802 -0.745772 -0.303234 6.814434 5.419661 -1.393868 -0.486134 0.078297 -0.573617 0.277868 -0.438301 0.066865 -0.235860 0.238174 -0.118829 2.540757 1.959906 -1.488977 -1.043547 -0.623258 -0.180142 0.628094 -0.276269 -0.321828 0.429107 0.209217 -0.083058 
232.655365 -23.961417 -3.074862 3.650875 1.773377 1.282974 -0.250937 -1.097526 -0.572748 0.057576 -0.094506 -0.473729 0.055920 5.584616 3.513377 -3.048842 -1.773517 -0.626424 -0.985213 0.624520 -0.458194 -0.674247 0.666787 0.422614 -0.025210 -1.878739 -2.429587 -0.833622 -0.471380 -0.058397 -0.073734 0.208590 0.538972 -0.441289 0.596780 0.214499 -0.097087 
228.914093 -20.291277 -2.735550 -0.356452 -0.567231 1.581147 -0.926142 -0.343542 0.285011 -1.104540 1.422377 0.099456 -0.353653 3.056955 0.560488 -3.061111 -1.428893 -0.038498 -0.721085 0.695048 0.639644 -0.815712 0.957699 0.667172 -0.313004 -2.619835 -1.150899 1.365528 0.775475 0.051657 0.385959 -0.119352 0.175443 0.132028 -0.331855 0.003146 -0.023735 
237.234894 -17.847507 -1.953886 -2.471347 -1.084409 1.205979 -1.693108 0.292571 0.706540 -1.573848 1.820893 0.860616 -0.570087 0.344946 1.211578 -0.317786 -0.222568 -0.523109 -0.213295 0.385816 -0.107307 -0.410191 0.003077 0.428905 -0.072680 -3.420949 -0.426529 3.005618 0.884663 -0.372914 0.787137 -0.142891 -0.561103 0.354386 -0.922128 -0.521226 0.322007 
249.634445 -19.601385 -0.312394 -0.992024 -1.012368 0.534929 -1.352733 0.428090 0.070398 -1.924922 1.428531 0.957266 -0.499014 -3.784942 -0.292571 2.950125 0.340432 -0.784326 0.853188 0.409267 -0.482562 -0.106941 -0.886556 -0.375280 0.331010 -1.203314 -1.027388 0.918750 0.571411 0.061557 0.663208 0.312781 0.105773 0.134508 -0.374516 -0.585534 -0.009394 
259.642578 -25.417390 -2.539027 3.428903 -0.403546 -0.362673 0.013268 1.111106 -0.258585 -1.787730 0.047781 0.110056 0.091933 -2.061682 -0.843199 1.519713 0.920254 -0.399994 1.113121 1.011378 0.104239 -0.141174 -0.745955 -0.742163 -0.091469 3.092144 0.442510 -2.165503 -0.003207 0.324321 -0.593564 -0.209832 0.155528 -0.106174 0.596134 0.377191 -0.404951 
274.372955 -23.724748 -1.998792 2.047401 0.828141 -0.265059 0.873510 2.450847 0.278875 -2.207270 -0.063379 -0.527060 -0.681953 2.399346 0.592449 -1.380881 0.334018 -0.135684 -0.333941 -0.010397 -0.171506 -0.319290 0.305713 0.379101 -0.478892 1.761447 0.403537 -0.834269 -0.989055 0.102700 -0.766367 -1.345538 -0.385736 0.113640 0.695685 0.629856 -0.017918 
271.983856 -20.618699 -1.354130 0.667142 0.264490 -0.634042 -0.654613 1.090312 -0.601597 -2.426310 0.659206 0.868259 -0.865852 1.461213 -0.036126 -0.148825 -1.057855 -0.194595 -0.419613 -1.679697 -0.667234 0.086105 0.645415 0.517549 -0.127304 -1.614804 -0.594066 0.719304 -0.680670 0.242370 0.481702 -0.415658 0.026611 0.546810 0.158909 -0.371973 0.345282 
255.247849 -20.802323 -2.071043 1.749752 -1.287569 -0.654250 0.034284 -0.908547 -1.055593 -2.035061 1.227452 0.508038 -0.936561 -0.830263 -0.595684 0.057727 -1.027323 0.349055 0.629463 -0.841714 -0.118285 0.774331 0.623530 -0.364845 0.211673 -1.457650 -0.124677 -0.125360 0.366056 0.342611 0.561804 0.982652 0.654029 0.324427 -0.261498 -0.378768 0.254074 
239.450333 -22.279226 -2.545497 0.782596 -1.790156 0.064067 0.604314 -0.593116 -0.838168 -0.877649 1.906267 0.138569 -0.442506 -1.454088 -0.285480 -0.399546 -0.325742 0.490627 0.703995 0.285606 0.640824 0.734959 0.122419 -0.239988 0.380843 -1.263591 -0.316557 0.822424 0.902894 -0.086087 0.124526 0.269298 0.328376 -0.150139 -0.713418 0.251916 0.028160 
229.811600 -23.710500 -2.642004 0.950660 -1.939054 0.327005 1.442274 -0.337334 0.226055 -0.565142 1.472290 0.028063 -0.174875 -3.357444 -1.228798 1.702575 0.778464 0.176880 0.878515 -0.303119 0.538467 0.474052 -0.803306 0.138987 0.267993 -1.998972 -1.373860 1.326021 0.826497 -0.050058 -0.053001 -0.245808 -0.348424 -0.206640 -0.180054 0.194419 -0.019970 
222.293304 -28.994114 -5.003093 4.187747 -0.233227 0.417828 2.361344 -1.199353 0.238766 0.070455 0.299654 0.416542 0.093479 -5.452033 -3.033201 2.252496 1.327251 0.390511 0.597994 -0.206011 -0.056025 0.321679 -0.237690 0.148851 0.340904 0.476668 -1.273328 -1.599139 -0.667629 -0.212969 -1.012390 -0.049028 -0.159230 -0.580099 0.286645 -0.025708 -0.065579 
217.813889 -34.614566 -8.708406 5.455652 0.715449 1.108026 2.638261 -0.749355 0.114005 0.078217 0.996911 0.325764 0.506933 -2.404108 -3.775455 -1.495702 -0.556793 -0.249058 -1.146265 -0.401175 0.220007 -0.686146 -0.230015 0.087571 0.136834 3.947670 0.350517 -2.767004 -1.484667 -0.567775 -0.631362 -0.173102 0.215954 -0.412908 -0.172916 -0.027661 -0.558733 
0.000000 -33.802330 -12.554003 1.196342 -1.346813 -0.080288 0.068814 -2.001703 0.678781 -1.301837 -0.160376 0.591683 0.367147 2.443308 -2.332168 -3.281512 -1.642083 -0.745038 -0.664731 -0.552215 0.375884 -0.504136 -0.583521 0.093528 -0.776562 2.655993 2.957975 0.809397 -0.087874 0.054244 1.014091 0.493012 -0.289134 0.574204 0.325554 -0.256279 -0.368923 
0.000000 -29.727950 -13.372741 -1.107371 -2.568718 -0.382051 1.308799 -1.853785 0.865773 -0.930056 -0.170131 0.512820 -1.046191 2.907878 2.140496 0.123091 -0.732541 -0.140570 0.881917 0.584848 -0.358261 0.462263 0.421092 -0.424987 -0.601012 -0.655285 3.266314 2.744025 0.418582 0.225142 0.494269 0.619804 -0.354674 0.487493 0.428198 -0.250158 0.708562 
0.000000 -27.986575 -8.273011 1.442524 -2.811895 -0.361428 1.832649 -0.832006 -0.037741 -0.377311 0.681809 -0.258291 -0.834877 1.132738 4.200461 2.206538 -0.804919 -0.294754 0.323806 0.687393 -0.333465 0.470849 0.272874 -0.406787 0.640563 -0.753216 0.218012 0.473143 0.148989 0.039690 -0.596809 -0.210030 0.208978 -0.238784 -0.407462 0.341047 0.716243 
0.000000 -27.462474 -4.971819 3.305704 -4.178556 -0.971559 1.956412 -0.479000 0.198844 0.011643 0.375617 -0.300755 0.234935 1.401446 2.576520 1.069378 -0.434563 -0.061190 -0.311700 0.164788 0.059695 -0.015304 -0.393831 0.257106 0.831474 0.033837 -1.529935 -0.973165 0.477545 0.252006 -0.480975 -0.012461 0.203660 -0.186767 -0.336560 0.287931 -0.303386 
250.789322 -25.183682 -3.119971 3.581280 -3.681021 -0.483808 1.209249 -0.502431 0.081648 -0.407920 -0.105854 0.255921 0.828072 1.200411 1.140591 0.260208 0.150170 0.209258 -0.638145 0.662471 0.073856 0.097314 -0.400246 0.169076 0.033791 -0.951376 -1.172633 -0.367547 0.470500 -0.226569 0.256208 0.405448 -0.024006 0.113997 0.195586 -0.199853 -0.563047 
240.402588 -25.061651 -2.690638 3.826120 -3.878216 -0.553044 0.680123 0.845942 0.346555 0.206272 -0.424875 0.037396 0.302517 -0.501306 0.231253 0.334284 0.506436 -0.514328 0.200716 0.975684 0.011683 0.212690 -0.002659 -0.142600 -0.294619 -0.824132 -1.013487 0.257472 0.235794 -0.258574 0.634303 -0.181858 0.082847 -0.375906 0.279288 -0.200358 0.032790 
237.632080 -26.186295 -2.657465 4.249848 -2.668149 -1.512464 1.610681 1.448937 0.105013 0.017460 -0.111173 -0.029279 0.238833 -0.447852 -0.886383 0.775153 0.621758 -0.307891 0.630462 0.298754 0.239549 -0.654498 0.158331 -0.231641 0.099371 -0.653892 -0.691451 0.410112 0.135684 0.216880 0.085510 -0.462121 0.284546 -0.232165 -0.107078 -0.117015 0.140072 
240.298599 -25.957356 -4.463404 5.376426 -2.634699 -1.168825 1.941046 1.443450 0.825653 -1.102724 -0.108214 -0.425886 0.501258 -1.809091 -1.151649 1.154507 0.777804 -0.080567 0.371735 0.051442 0.580775 -0.251640 -0.216815 -0.376631 -0.014476 -1.333081 -1.162718 -0.737002 0.401381 0.583460 -0.468896 -0.639763 -0.071372 0.649578 -0.470846 0.329823 -0.090673 
248.603058 -29.804476 -4.960763 6.558861 -1.112541 -1.673598 2.354152 1.551820 1.266563 -0.485820 -0.544802 -0.782541 0.209882 -3.114015 -3.211820 -0.698851 1.424521 0.859030 -0.307330 -0.980772 0.096804 0.644658 -0.783361 0.428004 -0.081976 0.556437 -0.783017 -1.519108 -0.501468 0.569397 -0.575376 -0.561132 -0.370145 0.145719 0.023103 0.364050 -0.030733 
246.667374 -32.185385 -10.887043 3.978723 0.214343 0.549236 1.326386 -0.518094 1.019262 0.186591 -1.674937 0.430121 0.337305 -0.696216 -2.717682 -1.883710 -0.225131 1.058227 -0.779016 -1.070822 -0.159516 0.039797 -0.170609 0.351468 -0.075943 3.601528 3.854510 0.377007 -1.127947 -1.029356 0.194934 0.687352 -0.279692 -0.718155 0.883342 -0.376079 -0.083990 
0.000000 -31.196908 -10.396128 2.791442 -1.562803 0.442857 0.796121 -0.589823 0.947530 -0.406226 -0.886019 -0.079604 0.057996 4.089041 4.497201 0.055163 -0.831373 -1.199682 0.082538 0.393932 -0.462579 -0.791652 0.983322 -0.324155 -0.249955 2.835726 3.665867 0.822510 0.095307 -0.830919 0.397619 0.563145 -0.150722 -0.240376 0.342082 0.003048 0.081400 
268.326599 -24.007303 -1.892642 4.089049 -1.448403 -1.850127 1.491463 0.269770 0.094103 -1.396712 0.291707 -0.218189 -0.162606 4.975237 4.614051 -0.238690 -0.034517 -0.603611 0.016222 0.055468 -0.460961 -0.440955 0.513555 0.357564 0.086857 -1.660116 -2.295333 -0.481738 0.320209 1.256281 -0.111371 -0.423255 -0.096939 0.624119 -0.106827 0.062256 0.091247 
253.712845 -21.246434 -1.168027 2.314061 -1.631838 -0.764365 0.828564 -0.478888 0.025609 -1.288137 0.141092 0.635524 0.231710 0.768809 -0.093466 -0.908313 -0.190955 1.312880 -0.140204 -0.452578 -0.656457 0.456587 0.769669 -0.199644 -0.067461 -4.253798 -3.707451 0.741849 0.641202 0.527563 0.369673 0.008827 0.429558 0.549572 -0.277618 -0.760419 -0.194816 
244.365814 -22.469685 -2.079575 2.272424 -1.830312 0.775633 1.211055 -0.635386 -1.218812 -0.483539 1.831044 -0.617476 -0.297528 -3.532360 -2.800851 1.245008 1.247887 0.451515 0.755568 0.073122 0.398155 0.658188 -0.041680 -1.163274 -0.302775 -1.844772 -1.125805 1.087070 0.769039 -0.815682 0.352263 0.301975 0.838411 -0.100349 -0.828162 -0.168565 0.014653 
251.056503 -28.311154 -6.769728 4.804077 0.863936 0.138665 2.339700 -0.332643 0.821920 0.028240 0.057731 -1.691025 -0.373840 -2.920734 -2.345077 1.265827 1.347124 -0.318484 0.564323 0.151371 1.020366 0.255889 -0.886656 -0.536774 -0.038156 0.305813 0.227887 0.010409 0.049619 -0.385000 -0.095623 0.039124 0.311105 -0.201150 -0.422488 0.313250 0.132309 
