210.174667 -38.460961 8.623999 1.635581 -3.297074 -2.124868 2.893883 2.786316 0.328727 0.059552 -0.649195 -1.728554 -0.105205 1.535130 -0.019550 -2.228431 1.269199 -0.026537 0.287040 -0.325797 -1.045919 0.187839 0.460815 0.224490 0.224821 0.510179 -0.738766 -0.585641 0.951802 0.240803 -0.164869 -0.293896 -0.319400 -0.030928 0.300852 -0.007987 -0.158752 
212.402649 -35.390700 8.584899 -2.821281 -0.758676 -2.177943 3.467964 2.134721 -1.763111 0.435229 0.272436 -1.279574 0.344438 2.555489 -1.497082 -3.399713 3.172802 0.455069 -0.042698 -0.913590 -1.684719 0.125983 1.062520 0.208515 -0.092682 -0.506704 -1.374912 0.889828 1.431776 0.335839 -0.520022 0.149210 0.528016 -0.057274 0.115084 -0.302949 -0.241177 
228.241547 -33.349983 5.629836 -5.163844 3.048530 -1.214730 2.808487 0.959135 -3.040711 0.311518 1.475846 -1.311524 -0.290569 0.521723 -2.769374 -0.448776 4.132751 0.645142 -0.753004 -0.027378 0.010113 0.073292 0.690984 -0.381408 -0.257532 -2.869739 -0.175775 3.080673 -0.589124 0.161087 -0.365498 0.637651 1.208775 -0.168093 -0.804978 -0.187205 0.239502 
240.166397 -34.347254 3.046150 -3.718833 7.506827 -0.887660 1.961957 2.079965 -1.742885 0.581812 1.654404 -2.042391 -0.170627 -3.183990 -1.848633 2.761633 1.994554 0.777243 -0.773695 0.361711 0.732831 -0.210202 -0.547436 -0.165894 0.386323 -1.500247 0.814490 1.546630 -1.360244 -0.004651 -0.028693 0.139728 0.053204 -0.460539 -0.559554 0.472964 0.287229 
0.000000 -39.717963 1.932571 0.359422 7.037639 0.339756 1.261097 1.682557 -1.575050 -0.108886 0.380974 -1.643312 0.482076 -2.478771 -1.140394 2.644483 1.412264 0.635840 -0.810390 0.252078 0.116520 -0.847786 -0.428124 0.564521 0.316926 2.528845 0.728607 -1.665983 -0.356275 -1.196065 0.244088 0.003002 -0.412001 -0.054363 0.343319 0.216853 -0.175618 
0.000000 -39.304796 0.765362 1.570134 10.331355 0.384021 0.341176 2.584121 -1.509845 -1.113761 0.798155 -0.913350 0.463226 1.873700 -0.391418 -0.570332 1.282004 -1.614887 -0.285520 0.367715 -0.091171 -0.318927 0.139203 0.267811 0.035087 2.986289 0.751248 -2.114410 -1.151963 -1.211637 0.341401 -0.239656 0.253108 0.551979 0.255770 -0.525464 0.126628 
0.000000 -35.970563 1.149735 -0.781242 9.601648 -2.890018 0.690058 2.417987 -1.757392 -0.746740 0.659380 -1.107690 0.552250 3.493807 0.362101 -1.584337 -0.891662 -1.787433 -0.127589 -0.227235 0.622736 0.256172 0.083415 -0.486408 0.570182 0.485584 0.211737 -0.059521 -0.892316 0.644307 0.106516 -0.322941 0.476610 0.329188 -0.385857 -0.472103 0.110352 
342.911682 -32.317183 1.489564 -1.598540 8.548031 -3.190846 0.085998 2.129652 -0.264374 -0.601417 0.964986 -1.886165 1.603589 2.844868 0.032055 -0.689375 -0.502627 -0.326273 -0.072488 -0.278167 0.862048 0.339450 -0.632511 -0.676394 0.255792 -2.508618 -0.713966 1.046893 0.190186 1.354942 -0.238383 0.220366 -0.518199 0.156996 -0.274718 0.110373 -0.568285 
335.870880 -30.280828 1.213846 -2.159991 8.596393 -3.542565 0.545083 1.861654 -0.033296 -0.067840 -0.605642 -2.460478 1.063833 -1.523429 -1.065831 0.509449 -0.511291 0.922450 -0.604355 0.213497 -0.413662 0.570164 -0.466021 -0.265663 -0.566388 -4.425608 -0.509276 0.879236 -0.737164 1.400748 0.210409 0.299774 -0.625213 -0.234631 0.691405 0.637003 -0.085191 
310.975830 -35.364040 -0.642098 -0.579642 7.525450 -1.345946 -1.122712 2.556645 -1.091697 0.538912 0.032945 -2.417490 0.470813 -6.006348 -0.986497 1.069098 -1.976956 2.475222 0.348331 0.321380 -0.388379 -0.129812 0.750300 0.597612 0.085409 -2.727576 -0.265419 -0.439218 -1.368927 0.146080 0.815984 -0.105115 0.347886 -0.444982 0.670325 0.442432 0.585014 
309.037598 -42.293524 -0.759149 -0.021796 4.642481 1.407879 1.241744 2.504414 -0.810053 -0.327464 0.894959 -1.265253 1.234651 -6.978580 -1.596669 -0.368988 -3.249145 1.214611 1.027613 0.003266 0.282111 -0.319799 0.874629 0.619202 0.603640 -1.696284 -1.715236 -0.502381 -0.745578 -1.319159 -0.202353 -0.362902 0.782026 -0.185711 -0.149279 -0.208709 -0.122017 
302.851532 -49.321201 -3.835436 -1.317617 1.027160 1.083276 0.932513 2.563178 -0.527475 -0.100687 1.782202 -1.179087 1.678093 -9.398916 -4.416969 0.064336 -3.468112 -0.163096 -0.056376 -0.404423 1.175672 -0.501234 0.451743 0.180195 -0.158625 1.195909 1.473282 1.925147 2.264110 -0.048314 -0.328568 0.183435 0.228121 -0.457843 -0.610880 -0.289220 -0.898792 
316.278259 -61.091356 -9.593088 0.106875 -2.293743 1.081687 1.128993 1.695569 1.541292 -1.329931 1.798444 -0.904862 0.917401 -4.586762 1.349894 3.481306 1.279075 1.117982 0.370477 0.370136 0.738352 -1.235486 -0.347131 0.040761 -1.193943 9.396743 5.650217 -0.035995 3.482711 -0.062351 0.031944 1.455241 -1.260469 -0.506289 -0.189133 -0.021767 -0.372157 
0.000000 -58.494724 -1.135647 5.644994 3.585310 3.319241 1.673467 3.303450 0.949229 -2.571658 1.087940 -1.097564 -0.709793 9.394570 6.883464 -0.007655 3.497310 -0.287799 0.007512 2.506058 -1.345265 -1.513812 0.073477 0.136661 -0.902940 7.392954 0.883725 -3.296929 -0.525463 -1.441624 -0.213391 0.334970 -0.868955 0.469848 0.258891 0.205321 0.611451 
0.000000 -42.302215 4.173841 0.091564 4.700878 0.506090 1.144017 6.707685 -1.149239 -4.357555 1.945398 -0.631540 -0.888479 10.199146 3.117344 -3.112553 0.228149 -1.765265 -0.056305 1.040076 -0.999557 -0.295790 0.170651 0.451404 0.028960 -5.998953 -3.839640 0.336569 -2.528655 0.396897 -0.013972 -2.088090 1.274813 1.378922 -0.311350 0.028790 0.723623 
0.000000 -38.096432 5.099042 -0.580112 4.041607 -0.211290 1.560857 5.383602 -1.049886 -3.163239 1.429241 -0.194756 -0.651874 -2.603335 -0.795817 0.665483 -1.559999 0.505996 -0.020432 -1.670121 1.204361 1.244032 -0.549224 0.194241 0.544305 -9.673292 -3.300712 1.525085 -1.005310 1.699736 -0.548241 -1.338794 1.353474 0.677417 -0.361619 -0.233307 0.141996 
222.941849 -47.508886 2.582207 1.422530 1.580880 1.518082 1.103152 3.367443 1.259483 -1.869492 0.846950 -0.243058 0.200131 -9.147438 -3.484079 -0.062383 -1.782471 1.634207 -1.152787 -1.637513 1.707390 1.059044 -0.552587 -0.015211 0.312952 -1.475000 -0.562188 -0.525626 0.272246 -0.326661 -0.514698 -0.105833 -0.952007 -0.290259 0.116413 -0.061736 -0.212958 
239.072327 -56.391308 -1.869116 -0.704878 0.476665 3.057124 -0.744717 2.108576 2.364894 -1.045150 0.324066 -0.225178 -0.025971 -5.553336 -1.920193 -0.385770 -1.015507 -0.147325 -1.049829 -1.881787 -0.699652 0.663513 -0.316398 0.070770 0.118388 9.583473 3.208169 0.174220 1.178250 -1.841583 1.181324 1.059174 -1.545891 -0.453811 0.061921 -0.066073 -0.382712 
74.773834 -58.615557 -1.258179 0.650991 -0.450133 1.223432 -0.996507 -0.396130 -0.139821 -0.542466 0.214154 -0.101519 0.436908 10.019509 2.932258 0.286056 0.574029 -2.048959 1.209861 0.480835 -1.384392 0.151423 -0.428745 -0.147358 -0.452473 10.216348 3.153641 -1.357236 1.764942 -1.357678 1.289314 1.696929 0.051630 -0.336493 0.243191 -0.069999 -0.381297 
0.000000 -36.352290 3.995400 -0.132766 1.624723 -1.040794 1.675006 3.070246 -0.403890 -0.742304 -0.533424 -0.519894 -0.930916 14.879361 4.387089 -3.100241 2.514377 -2.862681 1.528798 1.512071 -0.596392 -0.009474 0.169983 -0.069228 -0.644205 -2.023847 -0.955593 -1.741941 0.430578 0.296399 -0.326367 -0.476364 0.214113 -0.127606 0.756800 0.060365 0.170205 
255.451675 -28.856836 7.515998 -5.549492 4.578620 -4.501930 2.061089 2.628011 -1.332605 -0.561413 0.554120 -0.239976 -0.851503 5.971816 1.021072 -3.197826 1.435185 -1.456160 0.557127 -0.471893 -0.956167 -0.103788 1.084856 -0.026629 -0.112063 -7.400620 -3.222489 0.963732 -1.550164 1.170422 -0.557888 -0.869894 -0.244331 0.190896 0.290781 -0.010044 0.314154 
259.431580 -24.408659 6.037544 -6.528417 4.495092 -3.953114 2.789259 2.126460 -2.316223 -0.949880 1.636288 -0.573152 -1.155041 0.078120 -2.057889 -1.172777 -0.585952 -0.521837 0.413022 -0.227718 -1.085055 0.372318 0.751545 -0.089315 -0.015897 -6.568320 -2.276255 1.927046 -1.225965 1.135460 -0.595366 0.248536 0.409822 0.276867 -0.505588 -0.153082 0.468752 
264.037323 -28.700596 3.400220 -7.895045 3.406717 -5.545604 2.887133 2.172575 -3.502715 0.183223 2.057210 -0.418607 -0.883297 -7.164825 -3.531437 0.656265 -1.016745 0.814759 -0.633606 0.025179 -0.136523 0.449946 0.073680 -0.332792 0.825442 -3.033184 -0.341986 1.945742 0.872810 1.412318 -0.581754 0.271119 0.534919 -0.367202 -0.451302 -0.226593 0.274973 
263.845398 -38.738309 -1.025331 -5.215886 2.461602 -2.323596 1.522047 2.176818 -2.589269 -0.049987 1.783648 -1.238736 0.495843 -5.988247 -2.741862 2.718708 1.159669 2.302800 -0.750486 0.314520 -0.015218 -0.362085 -0.151060 -0.542502 0.534049 1.952198 2.269107 1.573131 1.034671 0.431563 0.230563 -0.274280 0.265004 -0.253183 -0.191987 0.069214 -0.613676 
263.254425 -40.677091 -2.083505 -2.457630 5.726055 -0.940005 1.386162 2.801615 -3.533150 -0.540948 1.755090 -1.503610 0.184800 -3.260429 1.006777 3.802528 1.052596 1.677885 -0.172480 -0.523382 0.393485 -0.056421 -0.310294 -0.194365 -0.401910 0.307960 0.969153 -0.388290 -1.401863 -0.463515 0.684129 -0.703951 0.917221 0.082537 -0.366033 0.612410 -0.583683 
257.992920 -45.259167 0.988223 2.389170 4.566795 1.032174 1.177088 1.130054 -1.802299 -0.162828 1.163060 -1.627466 -0.307978 -5.372328 -0.803557 1.942128 -1.644056 1.375769 0.617773 -1.093382 1.819224 -0.197012 -0.883125 0.682319 -0.633316 -0.513701 -2.252641 -1.858594 -0.486643 -1.392840 0.588727 0.304195 0.197969 -0.136171 -0.160761 0.361986 0.006747 
270.210693 -51.421746 -3.690619 1.426627 2.437942 1.811534 2.621708 0.614851 0.105298 -0.934972 -0.011160 -0.138973 -1.081833 -4.287832 -3.498505 0.085340 0.079310 -1.107795 1.004974 0.085008 0.789423 -0.328763 -0.631816 0.529608 -0.388416 6.112642 2.189330 -1.836754 1.480888 -2.733387 -0.848859 1.454462 -1.433004 -0.657320 0.602312 -0.515615 0.561719 
258.152771 -53.834831 -6.008787 2.559850 4.725414 -1.183416 3.187036 1.300069 -0.223452 -0.820355 -0.100572 -0.568250 -1.084810 6.852957 3.575103 -1.731379 1.317720 -4.091005 -1.079945 1.815541 -1.046783 -1.511652 0.321499 -0.348912 0.490121 8.411683 5.082524 -1.405793 -0.423959 -1.035356 -1.278410 0.534083 -1.032737 -0.514755 0.340084 -0.489219 0.253638 
233.700302 -37.715832 3.459588 -2.036130 5.073382 -6.370476 0.461818 4.245933 -1.988268 -3.958276 0.631839 -0.836797 -0.101591 12.535535 6.666544 -2.726246 -0.768609 -3.178507 -1.551847 1.153173 -1.276051 -1.358274 0.048351 -0.448831 0.118859 -1.215362 -0.721427 0.677341 -1.254521 1.628375 0.489208 -1.006823 0.487015 1.401511 -0.396612 -0.167738 -0.321345 
224.085251 -28.763762 7.324300 -2.892643 3.188196 -7.540431 0.083343 3.606416 -2.775555 -3.536903 -0.003870 -1.465911 -0.847092 4.422233 2.132250 -0.376696 -1.191323 -0.834255 -0.101530 -0.198104 -0.072753 1.291370 -0.471724 -0.684389 -0.152569 -6.939068 -3.546678 1.532413 -0.153375 1.705798 0.846286 -0.482895 1.048954 1.505662 -0.187858 0.254215 0.244921 
0.000000 -28.871367 7.724088 -2.789523 2.690736 -8.038986 0.258759 3.849724 -2.133774 -1.375537 -0.311609 -2.205575 -0.406728 -1.342601 -0.426813 0.338579 -1.075359 0.233089 0.140725 0.187383 0.821857 1.653049 -0.327364 0.059600 0.608701 -4.525208 -2.240385 0.528919 -0.031588 1.338238 -0.271929 -0.016354 0.558185 -0.530020 0.449749 0.604438 0.197466 
194.922256 -31.448963 6.470675 -2.215485 1.037478 -7.074252 0.364792 3.981182 -1.131841 -0.230804 -0.658599 -1.346711 0.370310 -4.628184 -2.348520 0.681141 -1.254498 1.842220 -0.645387 -0.230812 1.043618 0.231329 0.427775 0.524487 0.242363 -2.923161 -1.214631 0.197873 0.031763 0.236342 -0.708276 -0.283064 -0.289188 -0.999949 0.287166 -0.194777 -0.491744 
192.840637 -38.127735 3.027048 -1.427240 0.181740 -4.354545 -1.032015 3.388101 -0.046538 -0.912880 0.543941 -1.156602 0.077997 -7.188922 -2.856076 0.734325 -1.011833 0.705774 -1.275828 -0.378745 0.243481 -0.346849 0.246968 -0.329953 -0.374787 -2.435497 -0.547489 -0.369838 0.045936 -1.017036 0.186398 0.099263 -0.787424 -0.161385 -0.333795 -0.610671 -0.282988 
0.000000 -45.826808 0.758523 -0.746836 -0.986188 -5.662705 -2.186863 3.223693 -0.644879 -0.924503 -0.164662 -2.006618 -0.379264 -9.499178 -3.443497 -0.058535 -1.162627 -0.191852 -0.272592 -0.032286 -0.531229 -0.091441 -0.239814 -0.696855 -0.323613 3.898619 1.781600 -0.711086 1.597037 0.087063 1.283787 0.344478 -0.859911 -0.181016 -0.126681 0.040700 0.267971 
0.000000 -57.126090 -3.859946 -1.544310 -2.143514 -4.738250 -1.577198 3.323530 -1.108997 -1.095762 0.064313 -2.550312 -0.569228 0.608315 0.707125 -0.687848 2.182241 0.879900 1.291746 0.310212 -1.476341 -0.708881 -0.006393 -0.248554 0.161156 12.464436 4.181620 -0.688850 1.757718 -0.635565 1.004075 0.246630 -0.271555 -0.446780 0.147955 0.386840 0.051940 
0.000000 -44.610177 2.172774 -2.122532 3.378294 -3.902905 0.396629 3.844116 -3.597561 -2.342265 -0.177448 -2.503727 -0.056953 15.429694 4.919743 -1.436235 2.352808 -1.462983 1.735559 0.460973 -1.074340 -0.985001 0.056096 0.076824 -0.219733 5.648643 0.846240 -0.494705 -1.850757 -1.502566 -0.349424 -0.418574 1.060712 0.437286 0.165441 0.416018 -0.088940 
300.937073 -26.266701 5.979540 -4.416781 2.562102 -7.664215 1.893921 4.245476 -3.257677 -3.065764 0.176505 -2.396663 -1.008694 11.905602 2.399605 -1.677258 -1.519273 -2.125231 0.592899 -0.526936 0.645084 0.165691 0.324489 0.583482 -0.016724 -6.055983 -2.170175 0.253154 -2.014946 0.600935 -1.411289 -0.474433 0.976469 0.999921 0.104827 0.423236 0.412187 
291.157898 -20.798974 6.971984 -5.477047 0.339748 -8.153367 1.582428 2.790245 -2.307393 -2.010883 0.471530 -1.336763 -0.090401 3.317729 0.579393 -0.929926 -1.677084 -0.261112 -1.087019 -0.487893 0.878598 1.014842 0.265749 0.923296 0.604641 -6.216642 -1.205660 0.575554 0.552051 1.305462 -0.942605 0.556759 0.081261 0.060424 -0.217056 -0.070319 0.012305 
270.630615 -19.631244 7.138326 -6.276633 -0.792066 -8.186439 -0.280117 3.269690 -1.500481 -1.036081 0.708004 -0.550071 0.200588 -0.527683 -0.011716 -0.526150 -0.415171 0.485693 -1.292312 0.586582 0.807606 0.286539 -0.109623 0.442844 0.007887 -3.202734 -0.390577 0.388641 0.787426 0.236379 0.028943 0.362798 -0.231548 -0.609845 -0.468647 -0.416066 -0.385971 
0.000000 -21.854340 6.948552 -6.529348 -0.490595 -7.181981 -1.002195 3.963409 -0.692181 -1.437804 0.252285 -0.451076 -0.074626 -3.087739 -0.201760 -0.152645 -0.102232 0.211645 -1.029133 0.237704 0.415502 -0.204849 -0.671544 0.091164 -0.167300 -2.405160 0.058037 0.840582 0.003614 -0.365896 0.499272 -0.470986 -0.443852 -0.220559 -0.127768 -0.310442 -0.104608 
0.000000 -25.806722 6.734805 -6.581924 -0.996530 -7.763149 -2.338384 3.745098 -0.669476 -1.445778 -0.635084 -0.367743 -0.134012 -5.338002 0.104359 1.155014 -0.407943 -0.246098 -0.293768 -0.355389 -0.080098 -0.154578 -0.365160 -0.178040 -0.201328 -1.674930 -0.569505 0.839622 -0.770794 0.023544 0.753465 -0.618790 -0.271316 0.180438 0.458422 -0.099508 0.111592 
0.000000 -32.530344 7.157270 -4.219320 -1.306481 -7.674177 -1.589731 3.252630 -0.852377 -1.746960 -0.478035 -0.807155 -0.477282 -6.437598 -1.340771 1.526599 -1.643819 0.258734 0.477796 -0.999876 -0.127130 0.156028 0.245301 -0.107852 0.055884 0.526141 -0.642617 -0.023305 -0.524066 0.295227 0.160042 -0.650495 -0.172811 0.310820 0.070980 0.236560 0.384352 
0.000000 -38.681919 4.053264 -3.528725 -4.284169 -7.245681 -1.382792 1.745346 -0.923737 -1.133723 -0.144482 -0.583446 -0.022245 -4.285720 -1.180875 1.108405 -1.456075 0.344357 0.026316 -1.656380 -0.425720 0.467061 -0.223200 0.295080 0.567377 1.457666 0.360873 -0.645518 0.937024 0.253589 -0.205378 0.345606 0.108806 -0.143496 -0.163096 0.283850 0.227575 
0.000000 -41.101783 4.795520 -2.002510 -4.218630 -6.985464 -1.537099 -0.060130 -1.703817 -0.812837 -0.924434 -0.216994 0.657472 -3.522267 -0.619025 0.235563 0.230228 0.765911 0.067040 -0.308663 0.090482 -0.130964 -0.080891 0.459848 0.511034 0.342495 -0.196439 -0.189167 2.170444 1.084844 0.149719 1.592912 0.639129 -0.270909 0.558018 -0.101960 -0.556112 
0.000000 -45.726453 2.815214 -3.057599 -3.823712 -5.713859 -1.248711 1.128019 -0.742772 -1.395652 -0.306263 0.336249 0.999822 -3.600729 -1.573753 0.730071 2.884814 2.514045 0.325754 1.529444 0.852538 -0.074758 0.892837 0.091161 -0.544846 1.759137 0.255338 0.377014 2.667041 1.239270 0.117137 0.676438 0.017647 -0.176984 0.469796 -0.425785 -0.658433 
97.687263 -48.303242 1.648014 -0.542369 1.550998 -1.957373 -0.885592 2.998758 0.001258 -0.962353 0.861241 -0.034672 -0.432220 -0.003993 -0.108348 0.989590 5.564309 3.244451 0.301314 1.044213 0.125777 -0.484931 0.858701 -0.391722 -0.805833 2.955012 1.288443 -0.157618 -0.606633 -0.463962 0.067615 -1.279729 -0.612141 -0.098189 -0.314374 -0.149057 0.091539 
249.963348 -45.734440 2.598518 -1.078419 7.304906 0.775043 -0.646083 3.216445 -0.491219 -2.365514 1.411139 -0.447195 -0.611844 2.309294 1.003134 0.414834 1.671548 1.586120 0.460984 -1.030014 -0.371745 -0.271135 0.264090 -0.206952 -0.361768 0.633280 0.612077 0.030732 -4.050303 -1.270194 0.241305 -1.210262 -0.275885 0.682476 -0.589605 0.286768 0.391170 
252.964096 -43.684653 3.654281 0.287300 4.894095 1.214868 0.036376 0.938729 -0.742231 -1.504624 1.389420 -0.448576 -1.155756 1.262568 1.115805 1.051053 -2.536297 0.704064 0.783923 -1.376311 -0.425993 0.880021 -0.320508 0.181815 -0.023493 -1.193994 -0.373386 0.140381 -1.335475 -0.557213 -0.151931 0.151371 0.160046 0.286128 -0.337405 0.172779 0.381684 
258.984344 -43.209305 4.830128 1.023688 2.232313 2.183170 0.921763 0.463823 -1.343205 -0.605473 0.770124 -0.083566 -0.658829 -0.078694 0.256361 0.695597 -0.999401 0.471694 0.157121 -0.727271 -0.051653 0.301121 -0.410720 0.138606 0.401600 -1.239165 -0.553158 -0.348535 1.408139 -0.471041 -0.429409 0.595454 0.452294 -0.543030 0.030292 -0.159921 0.138580 
263.676208 -43.842042 4.167003 1.678495 2.895292 2.158256 0.350618 -0.515814 -0.845537 -0.902381 0.567980 -0.171365 -0.352555 -1.215762 0.009490 0.353984 0.279981 -0.238018 -0.074894 -0.185402 0.478596 -0.206039 -0.259924 -0.138028 0.253668 -0.961227 -0.940777 -0.902428 0.082836 -0.329939 0.289471 0.585563 0.018125 -0.190268 0.359419 -0.107249 -0.314271 
264.154999 -45.640828 4.849108 1.731656 2.792276 1.707134 0.771975 0.093019 -0.386013 -1.017550 0.250276 -0.359623 -0.151494 -2.001149 -1.625193 -1.109258 -0.833730 -0.188185 0.736063 0.443855 -0.015404 -0.079415 0.308118 -0.075891 -0.226942 3.473742 -0.230418 -1.816208 0.028546 -0.754490 0.418813 0.136701 -1.131984 -0.429982 0.355437 0.118829 -0.936929 
272.155914 -47.844339 0.916616 -0.540020 1.227833 1.781887 1.822745 0.371897 -0.876346 -1.061212 1.184215 -0.323148 -0.806439 5.731723 -0.451346 -3.278431 0.337073 -1.746997 0.762732 0.087999 -1.785372 -1.066002 0.450950 0.099630 -1.620191 6.786026 1.643407 -1.260413 0.727135 -1.331569 -0.579303 -0.341933 -0.588422 -0.558867 -0.220257 -0.140992 -0.509247 
304.697540 -34.177382 3.946416 -4.825206 3.466422 -1.786861 2.297439 0.269017 -3.956756 -3.149554 1.152176 -0.160363 -3.391876 11.570903 1.661621 -3.630084 0.620541 -2.851323 -0.422544 -0.240012 -1.192248 -1.197150 -0.132395 -0.357876 -1.245435 -0.240684 0.309312 0.642013 -0.507857 0.102909 -0.836381 0.101619 1.397297 0.663126 -0.210667 -0.175090 1.062564 
304.587738 -24.702534 4.239857 -7.800189 2.468916 -3.920760 0.977657 -0.108126 -3.260841 -3.455512 0.919425 -1.038900 -3.297309 5.250355 0.167278 -1.994406 -0.678641 -1.541179 -0.910029 0.291236 1.009223 0.260249 0.029617 -0.250549 0.504937 -5.653212 -0.645225 1.809159 -0.212273 0.951195 0.171580 0.522028 0.950347 0.818978 0.015965 0.377834 1.008015 
302.986450 -23.676672 4.280972 -8.814018 2.109141 -4.869220 0.477381 0.851490 -1.938310 -2.629055 1.211410 -0.661462 -2.382001 0.264478 0.371171 -0.011766 0.195995 -0.948934 -0.079383 0.804044 0.708446 0.440805 -0.100464 0.397791 0.770596 -3.434000 0.217228 1.355678 0.567676 0.696761 0.777839 0.195323 -0.616667 0.270000 0.134189 0.209483 0.094935 
298.962555 -24.173578 4.982199 -7.823721 2.860907 -5.818627 0.818891 1.499962 -1.843948 -2.573901 0.718496 -0.243317 -1.756118 -1.617645 0.601735 0.716949 0.456712 -0.147658 0.645648 0.681882 -0.224111 0.800249 0.297994 0.168416 0.694807 -2.357150 0.008616 1.013021 -0.117016 1.350387 0.529488 -0.336239 -0.765977 0.462524 0.408993 -0.397354 -0.244229 
290.149597 -26.911961 5.484442 -7.380120 3.022564 -5.164536 1.768678 2.215253 -2.386532 -1.028557 1.807399 -0.324631 -0.992387 -4.449821 0.388403 2.014277 -0.038036 1.751839 0.979592 0.131566 -0.823507 1.365854 0.717522 -0.396916 0.282138 -1.525045 -0.450065 1.388608 -0.107211 0.969347 -0.348724 -0.620477 0.084028 -0.024194 -0.156269 -0.118534 -0.187010 
276.340942 -33.073221 5.759004 -3.795167 2.784835 -2.314949 2.778075 1.763093 -3.490963 0.157807 2.153541 -1.037149 -1.191841 -4.667735 -0.298395 3.494164 0.242290 1.791036 -0.051799 -0.559071 -0.056056 0.751860 -0.014544 -0.068653 0.320787 1.518308 -1.027927 -0.716815 0.630098 -1.039518 -0.926489 0.164512 0.614858 -0.597174 -0.187660 0.220944 0.097760 
250.837692 -36.247430 4.887651 -0.391791 3.507144 -1.582465 1.665080 1.097111 -2.498644 0.475163 1.778311 -0.461937 -0.350814 -1.413205 -1.667452 0.580646 1.222161 -0.327197 -0.873386 0.460590 0.406208 0.171506 0.342202 0.044972 0.477659 2.543326 -0.708860 -2.185781 1.111982 -1.277484 -0.488378 0.744808 0.214686 -0.648355 -0.031407 0.245873 -0.071583 
237.193069 -35.899630 2.424100 -2.633875 5.229156 -2.969344 1.031303 2.684274 -2.678547 0.500820 2.837945 -0.947205 -0.236524 0.418918 -1.716115 -0.877397 2.466254 -0.763933 -1.028556 0.930544 0.373316 -0.544850 -0.077357 0.423093 0.177620 0.829112 0.591556 -0.168501 0.191544 0.128352 0.080859 -0.161814 0.028530 -0.364592 -0.474688 0.310377 -0.178592 
217.349716 -35.409594 1.455422 -2.146586 8.439652 -3.110331 -0.392031 2.958200 -1.752011 -0.614537 1.623597 0.384249 0.004427 0.245018 -0.484339 0.243645 1.605248 -0.070494 -0.711667 0.136963 0.463268 -0.557678 -0.607174 0.665727 0.120475 -0.086950 0.615888 0.560521 -0.430503 0.346720 0.158444 -0.396791 0.044976 -0.006414 -0.264908 0.121317 -0.028573 
