0.000000 -29.594528 -2.697175 2.333188 -0.176358 1.955077 -0.021240 -1.941565 -1.466810 0.114967 -0.389021 0.585421 0.111944 -6.673297 0.248660 0.016442 -0.704289 0.434668 0.477664 0.934420 -0.099573 -0.310381 0.154209 0.082288 0.030442 -1.747149 1.153273 0.181538 -0.019833 -0.175790 -0.007038 0.241001 0.195070 0.042485 0.334386 -0.049252 -0.305294 
228.534393 -42.941123 -2.199854 2.366072 -1.584937 2.824413 0.934088 -0.072726 -1.665956 -0.505795 -0.080603 0.749996 0.172828 -10.167595 2.555207 0.379517 -0.743955 0.083088 0.463588 1.416421 0.290567 -0.225411 0.822981 -0.016216 -0.580145 4.284875 0.924782 0.145572 -0.134268 -1.651862 -1.667028 0.137408 0.593282 -0.041625 -0.056791 -0.544033 0.066042 
0.000000 -49.929719 2.413239 3.092223 -1.664268 2.121253 0.905935 0.891278 -0.885675 -0.335855 1.256941 0.552989 -1.048347 1.896453 2.098224 0.307587 -0.972826 -2.869055 -2.856391 1.209236 1.086992 -0.393632 0.040626 -1.005779 0.162527 6.376402 -1.133446 -0.308064 -0.076094 -0.720371 -1.633713 0.080117 0.186499 0.058135 -0.737480 -0.101806 0.497957 
199.089859 -39.148218 1.996594 2.981245 -3.530588 -2.913698 -4.778695 2.345747 0.508028 -1.293059 0.000649 -1.261562 0.497882 2.585209 0.288315 -0.236611 -0.896143 -1.357654 -2.803839 1.576654 0.663566 -0.109142 -0.651978 -0.219828 0.415769 -4.811973 -1.591838 0.188097 0.798643 2.834238 2.547358 -0.363999 -0.600012 0.434528 0.042436 0.902360 0.124602 
200.710358 -44.759300 2.989869 2.619000 -3.456553 -0.594054 -4.701742 4.044587 0.441456 -0.554138 -0.047015 0.113332 -0.216809 -7.727494 -1.085452 0.683780 0.624460 2.799421 2.238324 0.481238 -0.113033 0.475425 0.125499 0.798940 0.411732 -0.460714 -0.697415 0.409799 0.598135 1.520652 2.863929 -1.145205 -0.690680 -0.215919 0.145359 0.110438 0.126702 
205.849670 -54.603206 -0.174309 4.348806 -2.281668 2.685144 -0.302048 3.308223 0.281962 -0.342208 0.251646 0.336318 1.321345 1.663781 -1.106515 0.582987 0.300127 1.683650 2.924018 -0.713755 -0.717795 -0.540979 -0.361261 0.001048 0.669174 7.573896 0.991248 -0.619206 -0.996777 -0.847764 -0.715880 -0.719942 -0.510224 -0.624310 0.345271 -0.217195 -0.712881 
224.976654 -41.431738 0.776840 3.784974 -2.856299 2.773246 1.146294 2.617077 -0.994133 -1.636097 -0.769538 0.115429 1.121539 7.420298 0.897044 -0.554632 -1.369094 1.103894 0.806564 -0.958646 -1.133480 -0.773195 0.816040 0.364550 -1.014030 -0.436520 0.554842 -0.683584 0.016224 -0.691511 -1.534787 0.153176 0.158666 0.327802 0.734609 0.215373 -0.888751 
222.022232 -39.762611 1.619780 3.239543 -5.019857 4.892931 1.311079 1.390931 -1.984998 -1.888597 1.883727 1.065418 -0.706715 0.790741 0.003170 -0.784181 0.332574 0.300628 -0.145557 -0.407402 -0.400463 0.114625 1.107957 0.431795 -1.108329 -4.532790 -0.621792 0.174272 1.369800 -0.812987 -0.182889 0.499317 0.586478 0.806854 -0.284879 -0.073581 0.511810 
219.170837 -39.850256 0.783181 2.216613 -2.191152 3.374502 0.855181 1.802273 -1.795059 -1.406848 1.446376 0.979019 -1.095119 -1.645282 -0.346539 -0.206089 1.370505 -0.522081 0.440786 0.039988 0.039476 0.840513 0.246283 0.217388 0.009591 -2.797535 -0.169211 0.797641 -0.180081 0.021935 0.439685 0.136865 0.344213 0.289910 -0.382368 -0.248507 0.663890 
0.000000 -43.053175 0.926702 2.827365 -2.278847 3.848770 2.192652 1.470908 -1.906046 -0.207572 2.376292 1.500195 -0.687533 -4.804328 -0.335251 0.811102 -0.027589 0.344499 0.733813 -0.133671 0.287963 0.694445 0.343220 -0.065218 0.219452 -0.279452 -0.714995 0.119748 -0.372160 0.084407 -0.588166 -0.031314 0.266721 -0.282382 -0.516891 -0.452710 0.209524 
201.487595 -49.458913 0.112678 3.838817 -2.246330 4.063500 2.322808 1.534930 -1.219134 -0.017958 2.132815 0.848582 -0.656215 -2.204186 -1.776529 0.033408 0.626186 -0.353267 -0.735545 -0.022640 0.572918 0.275749 -0.787499 -0.688031 0.428638 3.419940 -0.582462 -0.648316 0.875075 -0.196703 -0.758164 0.003515 -0.118209 -0.152109 -0.671830 -0.399713 0.186026 
201.339706 -47.461547 -2.626355 2.894181 -1.026475 3.142235 0.721563 1.425628 -0.760210 0.343926 0.801294 0.124133 0.169743 2.035552 -1.500176 -0.485530 1.722562 -0.048908 -0.782515 -0.126642 0.051544 0.390226 -1.000439 -0.864644 0.591505 1.819947 0.953125 -0.033139 0.483349 0.303617 0.278063 0.065431 -0.376686 -0.022679 0.346408 0.172858 -0.248612 
196.846771 -45.387809 -2.887675 2.867758 1.198794 3.965684 0.757778 1.281646 -1.116045 0.762493 0.131936 -0.880706 0.526795 1.435709 0.129721 -0.032869 1.592885 0.253966 -0.179418 0.108223 -0.180454 0.230391 -0.094682 -0.342316 -0.068586 0.084924 1.021573 0.328729 -0.961468 -0.298409 0.367239 0.003119 -0.115729 -0.332575 0.791118 0.743434 -0.599387 
197.642593 -44.590129 -2.366914 2.828442 2.159295 3.650166 0.362726 1.642074 -1.121118 0.804707 0.611929 -0.560498 0.032572 2.205400 0.542969 0.171927 -0.200374 -0.645726 -0.048037 -0.120405 -0.179913 -0.274924 0.581796 0.622224 -0.607269 1.133786 0.219246 -0.140011 -1.506343 -0.405568 0.107566 -0.399065 -0.069300 -0.202635 0.367437 0.533481 0.040578 
201.500259 -40.977009 -1.801736 3.211612 0.798047 2.674231 0.661705 1.040836 -1.475872 0.212646 1.295528 0.363743 -0.687742 3.703281 0.568212 -0.312891 -1.419801 -0.557170 0.035714 -0.689908 -0.319054 -0.174880 0.640191 0.724647 0.012570 -0.674672 0.381162 -0.174617 -0.814023 -0.196343 -0.380571 -0.085844 0.136354 0.031411 -0.219152 0.027605 0.757281 
199.678558 -37.183566 -1.230489 2.202660 -0.680306 2.535826 0.434153 0.262258 -1.759226 0.454947 1.892311 0.888795 0.057711 0.856057 1.305293 -0.177306 -1.828419 -1.038413 -0.809178 -0.292094 0.092795 -0.212102 0.143492 0.677435 0.907292 -2.715048 0.393420 0.495074 -0.806913 -0.928502 -0.435605 0.249323 0.386232 -0.245458 -0.545976 -0.409824 0.145678 
195.567993 -39.264895 0.808849 2.856999 -2.858792 0.597406 -0.956651 0.456648 -1.290281 -0.211559 1.582513 1.718612 1.126843 -1.726815 1.355052 0.677257 -3.033627 -2.414174 -0.835496 -0.191262 0.453410 -0.665797 -0.451762 -0.095001 0.303926 -0.927492 -0.674862 0.160365 -0.448182 -0.092679 0.267658 0.141326 0.379858 -0.132429 -0.018229 -0.500899 -0.548892 
192.297302 -40.637196 1.479615 3.557175 -6.747559 -2.292522 -1.236839 -0.120266 -0.852406 -0.876646 0.988787 0.698792 0.665563 -0.998928 -0.044431 0.143423 -2.724784 -1.223771 -0.273862 -0.009442 0.852512 -0.476960 0.107034 -0.324363 -0.190492 1.241437 -1.183204 -0.887737 1.223239 1.368282 0.294582 0.428609 0.259021 0.181413 0.132950 -0.070980 -0.225606 
188.394257 -41.262752 0.719986 3.143846 -8.308360 -1.850136 -1.504375 0.437763 0.414743 -1.165479 1.796581 1.069886 0.745859 0.756060 -1.011357 -1.098217 -0.587149 0.322391 -0.246332 0.665956 0.971452 -0.302971 -0.185861 -0.236961 -0.147286 0.623582 0.255641 -0.074405 2.322204 0.367389 -0.181485 0.157989 -1.003379 0.191649 -0.211911 -0.605220 -0.021033 
186.866104 -39.125075 -0.543099 1.360740 -7.921857 -1.647740 -1.729503 1.211646 1.090498 -1.482589 0.617065 0.224871 0.370992 0.248236 0.466850 -0.005387 1.919624 -0.488992 -0.636831 0.306535 -1.154246 -0.093663 -0.316787 -1.534803 -0.232558 -1.433787 1.042548 1.404763 1.009874 -0.616425 -0.835580 -0.535261 -1.038093 0.564740 0.384242 -0.464282 0.066368 
185.287308 -40.766279 1.653687 3.133072 -4.469112 -2.828120 -2.778038 1.050833 -1.893749 -1.352804 1.163008 -1.999720 0.280742 -2.111514 1.073738 1.711308 1.432598 -0.910459 -1.917492 -0.404566 -1.104734 0.826508 0.582622 -1.165525 -0.014549 -0.239765 -0.570620 0.688416 -0.683910 0.223928 -0.013620 0.205047 1.238134 0.328997 0.155467 0.812683 0.128998 
171.235153 -43.348103 1.604378 4.783356 -5.056661 -3.468657 -5.564487 0.402513 -1.118970 0.170428 1.782309 -2.106179 0.341893 -0.231293 -0.674389 1.371444 0.551804 -0.041135 -0.664072 0.716629 1.322022 0.564332 -0.005852 0.090563 0.025438 1.848171 -0.599711 -1.530475 -0.659216 1.451549 1.609493 0.516305 0.996518 -0.798034 -0.594392 0.821177 0.052558 
174.423111 -41.228865 0.304908 5.875960 -3.365505 -2.910390 -4.106182 2.484091 0.750295 -0.224140 1.151303 -1.818594 0.331619 1.584827 -0.125683 -1.349642 0.114165 1.992639 1.301494 0.628043 0.888303 -0.769559 -0.606161 0.476829 0.090567 0.398582 0.227726 -1.972761 -0.739551 1.108502 0.735940 -0.702058 -0.683288 -0.789480 -0.023414 0.390794 -0.219874 
181.436249 -40.178448 1.353012 2.084072 -4.828330 0.516620 -2.961499 1.658599 0.657635 -1.368689 0.569987 -1.152521 0.523026 0.565872 -0.218938 -2.574077 -0.927297 2.175869 0.807809 -0.687488 -0.044553 -1.014628 -0.052679 0.872152 -0.414309 -0.535351 -0.934688 0.622059 0.242593 -0.428650 -0.453892 -0.361628 -0.678735 0.379347 0.537253 0.205230 -0.431322 
186.275635 -40.097121 -0.132967 0.727806 -5.220100 1.441348 -2.490564 1.109116 0.661189 -2.253397 1.045944 -0.074290 -0.496999 0.514126 -1.995060 -0.105523 0.599352 1.135338 0.393710 -0.095212 -0.469167 -0.010865 0.468345 0.887288 -0.772078 -0.635070 -1.058996 1.748011 1.373400 -0.483664 -0.053727 0.464962 -0.329333 0.703418 -0.016993 -0.258379 0.242143 
188.707047 -39.150195 -2.637109 1.873025 -3.629625 2.787297 -2.174079 1.468174 -0.280698 -1.390418 1.506676 0.622055 -1.021129 -0.704269 -2.336930 0.921945 1.819502 1.208542 0.700354 0.242436 -0.703218 0.392208 -0.086666 0.355393 0.069977 -2.230163 0.227786 0.831282 0.465905 -0.533795 0.160307 0.405925 0.717743 0.060518 -0.383134 -0.465601 0.882865 
194.984695 -41.505659 -4.806826 2.571695 -1.581096 3.858432 -1.089856 1.593988 -0.745248 -1.468980 0.872612 0.636497 -0.357045 -3.946199 -1.539488 1.557041 1.531163 0.067749 0.714323 0.716638 0.966320 0.110172 -0.297923 -0.043915 0.993652 -4.390676 0.808779 0.642539 -0.160969 -0.457717 -0.388804 0.484924 1.006764 -0.138389 0.011196 -0.183944 -0.020074 
195.087494 -47.042594 -5.716084 4.987107 -0.567299 2.922796 -0.745433 2.901450 1.651941 -1.170075 0.910830 0.534225 0.966174 -9.485622 -0.719373 2.207023 1.497563 0.293108 -0.077254 1.212285 1.310309 0.115430 -0.064273 -0.012495 0.029830 0.986244 2.297253 -0.620574 -0.703993 -0.602355 -0.555247 -1.035862 -1.062728 0.374709 0.047929 -0.198805 -0.568813 
194.944199 -60.476902 -6.245571 6.985742 1.414030 4.444648 -1.244365 4.018558 1.875369 -1.238120 0.744065 0.611507 -0.297386 -1.973712 3.055018 0.315893 0.123178 -1.136962 -0.396170 -1.355086 -1.159136 0.859590 -0.202065 -0.441524 -0.143973 10.329087 2.114518 -1.455397 -1.359327 -1.087988 -0.024063 -1.667667 -1.205340 0.426468 -0.058314 -0.256293 0.294406 
0.000000 -50.990018 0.393951 5.618894 -0.320943 0.648873 -1.537773 0.191278 -0.666331 0.549106 0.506700 -0.348823 0.678228 11.172552 3.509663 -0.703770 -1.221092 -1.882867 -0.125381 -2.123049 -1.100372 0.968366 -0.180900 -0.525080 0.618641 2.202008 -2.031960 -0.220846 -0.026356 0.880152 0.442132 0.479237 0.629298 -0.476838 0.101245 0.187634 -0.041410 
258.045715 -38.131798 0.773754 5.578202 -1.028153 0.678914 -1.495126 -0.227541 -0.325376 0.698612 0.382265 -0.438653 0.939896 2.430304 -1.008902 -0.125798 0.070465 0.623342 0.488095 -0.396612 0.099461 -0.094086 0.000424 -0.066256 -0.226793 -10.475378 -3.391235 0.163603 0.539574 0.978912 -0.151164 0.838496 0.319460 -0.750512 -0.064611 0.194664 -0.572492 
100.097588 -46.129411 -1.623853 5.367298 -0.180013 1.895557 -0.561583 -0.601946 -0.467409 0.360934 0.507548 -0.481336 0.224641 -9.778204 -3.272807 -0.376564 -0.141943 0.074957 -0.427709 -0.446057 -0.461453 -0.532657 -0.310123 -0.135752 -0.526343 -0.500239 0.921641 -1.191683 -0.312500 -0.394253 -0.709486 -0.144895 -0.362326 -0.173923 -0.212966 -0.104234 0.086866 
178.011368 -57.688207 -5.771861 4.825073 -1.312039 0.828828 -2.350544 -1.119654 -1.248282 -0.366702 -0.237981 -0.710157 -0.112790 1.429826 0.834379 -2.509164 -0.554534 -0.165164 -0.930878 -0.686402 -0.625191 -0.441933 -0.425509 -0.274725 -0.053062 10.105157 3.143602 -0.805474 -0.354370 -0.028540 0.440490 0.231163 0.277347 0.479473 0.201526 0.101369 0.327202 
227.844467 -43.269759 0.044905 0.348969 -1.289080 1.565229 -2.423339 -1.974750 -1.717792 -0.522932 -0.343469 -1.030786 0.118518 10.432109 3.014397 -1.987512 -0.850683 0.017878 0.453272 0.016269 0.093241 0.426290 0.092929 0.066987 0.128060 0.131211 -0.474748 1.283120 0.469786 0.244211 0.758749 0.989602 0.502624 0.375281 0.169290 0.422464 0.231237 
0.000000 -36.823989 0.256932 0.850050 -3.013406 0.864583 -1.443999 -1.087115 -1.061801 0.485878 -0.052123 -0.576184 0.143330 1.692248 -0.115117 0.057076 0.385038 0.323257 0.586621 1.292803 0.380058 0.308628 -0.086928 0.570203 0.409412 -5.377601 -1.210655 0.882781 0.828704 0.693470 -0.252696 -0.009237 -0.285638 -0.294487 -0.066302 0.135841 0.106545 
224.602859 -39.885264 -0.185329 0.463121 -0.519004 2.211744 -1.250097 0.610856 -0.957677 0.094325 -0.517324 0.109619 0.937342 -0.323093 0.593087 -0.221949 0.806725 1.404818 -0.052120 -0.002204 -0.478036 -0.162685 -0.039675 0.338668 0.341150 0.401111 0.812502 -0.192207 -0.736364 0.320934 -0.447199 -1.304345 -0.383677 -0.320592 0.079849 -0.322706 -0.301792 
142.443130 -37.470175 1.443107 0.406151 -1.399957 3.674220 -1.548239 -1.091522 -2.017872 0.160508 -0.131473 0.101152 0.825630 2.494470 1.509886 -0.327339 -1.087689 0.965125 -0.307776 -1.315887 -0.387296 -0.332556 0.072771 -0.075210 -0.194171 1.281554 -0.491068 0.237422 -0.868845 -0.587469 0.110734 0.081063 0.367039 -0.391655 0.340254 -0.293425 -0.656459 
192.920166 -34.896323 2.834443 -0.191556 -2.694382 4.141993 -1.865649 -2.020918 -1.732268 -0.570786 -0.371783 -0.040801 0.549000 2.240015 -0.389049 0.252895 -0.930966 0.229880 0.169347 0.159922 0.256043 -0.945996 0.640834 -0.248183 -0.971767 -1.948955 -1.281784 0.472065 0.473119 -0.305980 0.261183 0.893219 0.333480 0.091467 0.475125 0.175514 -0.132547 
199.792557 -32.990145 0.665010 0.911940 -3.261888 4.133979 -1.209545 -0.771679 -1.505787 -1.731484 1.150195 -0.395213 -1.117905 -1.403440 -1.053682 0.616791 -0.141451 0.353165 0.214590 0.470552 0.279663 -0.149622 1.023020 0.275818 -0.459265 -2.715859 -0.256321 0.287688 1.090335 0.313210 0.067417 0.224472 0.033244 0.883324 -0.356029 0.298098 0.768001 
205.471191 -37.703204 0.727079 1.042026 -2.977284 4.848322 -1.436469 -1.079815 -1.172941 -0.870031 1.674256 0.510835 -0.369531 -3.191704 -0.901691 0.828271 1.249704 0.856299 0.304181 0.608865 0.322530 0.820651 -0.071224 0.348014 0.564235 0.590870 -0.154392 0.206369 0.893841 -0.073340 0.315479 0.683264 0.063226 0.447350 -1.042280 -0.471837 0.492862 
205.459015 -39.373553 -1.138373 2.568483 -0.762480 5.846577 -0.601183 0.446051 -0.860726 -0.090182 1.007748 0.300815 0.010565 -0.221700 -1.362467 1.029530 1.646231 0.206485 0.845548 1.837079 0.406115 0.745077 -1.061540 -0.667855 0.526458 2.332577 0.736975 -0.185569 -0.581071 -1.632508 -0.559465 -0.040729 -0.181575 -0.195220 -0.140013 -0.394512 0.039135 
0.000000 -38.146603 -1.997855 3.101085 0.315178 5.261292 0.254628 2.594344 -0.360712 0.620124 -0.448824 -0.824875 0.683385 1.473451 0.572258 0.457133 0.087562 -2.408717 -0.814749 0.527408 -0.040620 0.430211 -0.351251 -0.441009 0.642506 0.815327 2.300590 -0.277286 -1.278946 -1.610004 -1.128527 -1.032622 -0.142459 -0.389109 0.220096 0.126600 -0.266679 
0.000000 -36.426651 0.006144 3.482748 -0.587357 1.029144 -2.230681 1.500867 -0.941966 0.770241 0.305246 -0.581203 1.295576 1.408955 3.238713 0.474958 -0.911660 -3.013523 -1.411505 -0.228165 0.121197 -0.033140 -0.621348 -0.414655 -0.006900 -0.911570 1.124377 -0.331445 -0.473317 0.741970 0.448054 0.170657 -0.144917 -0.652385 -0.133490 -0.406930 -0.572170 
214.418182 -35.328693 4.479571 4.051001 -1.508142 -0.765753 -2.568383 2.138014 -0.118318 0.553845 -1.691519 -1.654185 0.669584 -0.349690 2.821013 -0.205757 -0.859072 -0.924776 0.081359 0.868721 -0.330454 -0.874559 -0.618232 -1.254869 -0.501835 -2.340299 -1.455927 -0.843919 -0.260897 1.989950 1.414362 0.350896 -0.137622 -0.175685 0.796230 0.287920 -0.025981 
209.368774 -37.126032 5.648169 3.071235 -2.305501 -0.820409 -2.067964 3.238309 -1.602875 -0.978876 -0.931217 -3.090940 0.291907 -3.271642 0.326859 -1.212880 -1.433454 0.966377 1.417218 0.473627 -0.154047 -0.384510 0.971112 0.161186 -0.058862 -2.068016 -1.625438 0.041898 -0.010760 0.667542 0.510258 -0.540140 0.627801 0.583138 0.568655 1.164811 0.335978 
209.452591 -41.871977 5.133289 1.625242 -4.375051 1.167000 0.266053 3.085268 -0.426412 -0.215175 0.250705 -1.331813 0.551861 -4.485722 -0.429864 -0.121961 -0.880592 0.410307 1.101875 -0.211558 0.925147 0.291717 0.519079 1.074754 0.170121 -0.092266 -1.970752 0.742958 1.194162 -1.571069 -0.489923 -0.392650 -0.029043 0.072961 -0.105245 -0.042186 0.180437 
207.844437 -46.097475 4.788441 2.827314 -4.066685 0.000205 0.135787 2.815192 0.247419 -0.395442 0.106940 -0.941432 0.632150 -3.456173 -3.614645 0.273037 0.954869 -2.175761 0.437372 -0.311673 -0.212133 -0.238588 0.760622 0.076813 0.302012 1.738995 -2.670615 -0.332847 1.207401 0.232225 0.350454 -0.012431 -1.222547 0.054518 0.462561 -0.269924 -0.158027 
208.234238 -48.784324 -2.096002 2.171315 -2.465313 -3.184521 1.140798 2.461922 -0.850678 -0.692351 1.771949 -1.178187 1.155884 -1.007731 -5.771095 -0.787654 1.534210 0.874758 1.802783 -0.236420 -1.519947 0.400752 1.444201 0.534907 -0.145932 0.840803 0.063697 -0.205430 -0.350369 2.686449 0.640289 0.194829 -0.217535 0.447792 -0.174300 0.491836 -0.461641 
201.653000 -48.112937 -6.753748 1.252006 -0.998264 1.749720 3.741352 2.342353 -2.792475 0.406063 2.995342 0.128381 0.340285 -1.774567 -3.487252 -0.137823 0.254131 3.197137 1.717951 0.077985 -0.647203 0.656997 0.412023 1.060485 -0.621270 0.578221 2.364067 0.207779 -0.347974 0.328000 -0.940545 0.218031 1.016577 -0.296526 -0.755078 0.104720 -0.079742 
200.266953 -52.333458 -9.070505 1.895669 -1.957051 3.209753 4.576699 2.617891 -2.145085 0.621644 2.595995 0.942784 -0.086656 0.148711 -1.042961 -0.372095 0.838263 1.530758 -0.078308 0.199643 0.513208 -0.192299 -0.065954 0.744347 -0.305415 0.950136 2.186719 0.021658 0.346746 -1.234563 -0.962708 -0.152592 0.338853 -0.456592 -0.180518 -0.505278 0.390149 
199.742996 -47.815515 -8.839669 0.507816 0.678261 4.811236 3.584735 2.741640 -1.766059 0.021464 2.863433 1.617075 -0.270546 0.125704 0.886186 -0.094507 0.947624 0.728010 -0.207465 -0.227199 0.030502 -0.256188 0.050987 0.049929 0.159028 -3.735380 1.582140 0.491504 -0.522630 -2.181847 -1.166014 -0.792985 0.047384 0.081979 -0.769982 -0.818454 0.284274 
199.205536 -52.082049 -7.298132 1.706655 -0.061802 4.665773 4.161770 2.163493 -2.084081 0.109268 2.697969 1.042642 0.231400 -7.322049 2.121319 0.610914 -0.206997 -2.832936 -2.410337 -1.386326 0.607976 -0.028342 -1.605919 -0.892561 0.263133 4.176913 0.261333 0.051516 -0.479297 -0.660875 -1.205275 -0.717967 0.243468 -0.007756 -0.729371 -0.234968 -0.043093 
372.879333 -62.459612 -4.597031 1.729644 0.264267 -0.854636 -1.235939 -0.031013 -0.550108 -0.035219 -0.348405 -0.168046 0.255720 8.479531 1.408852 0.008526 -0.010970 -0.593741 -2.618014 -1.663132 0.517439 -0.271700 -1.407756 -0.420007 0.072841 11.514203 -1.119222 -0.278445 0.021352 2.319679 1.171857 0.739821 -0.341408 0.021416 1.016598 0.292525 -0.173236 
366.438446 -35.122987 -4.480429 1.723707 -0.083743 3.478291 -1.074258 -1.162770 -1.049204 -0.434132 -0.117542 0.202627 0.377083 15.706358 -0.117124 0.054024 -0.164293 1.806422 -0.066623 0.093315 -0.074840 0.014490 0.427278 -0.307510 -0.083340 -4.480289 -0.164169 -0.263923 0.012846 0.366099 1.332874 0.875095 -0.399242 0.212244 0.890753 0.067902 -0.087305 
0.000000 -31.046896 -4.831280 1.837692 -0.064319 2.758209 -1.369185 0.155617 -0.699789 -0.006240 0.506150 -0.783066 0.089040 -0.481046 1.080513 -0.519320 0.014722 0.138457 0.047734 0.087058 -0.281045 0.152787 0.373750 -0.284203 -0.101769 -9.559767 0.667648 -0.328010 -0.169798 -0.626096 0.231911 -0.396168 -0.211114 -0.025929 -0.164675 0.389340 -0.157841 
88.368790 -36.085080 -2.319403 0.685067 -0.054298 3.755206 -0.978790 -0.988654 -1.611295 -0.128557 0.629957 -0.365778 0.173545 -3.413177 1.218173 -0.601996 -0.503889 0.554230 0.397199 -0.699022 -0.497069 -0.037368 0.097928 0.471171 -0.399023 -1.149676 -0.377776 0.547756 -0.535666 0.336514 0.232436 -0.083956 0.161992 0.001818 -0.177331 0.065438 -0.276913 
182.242188 -37.873250 -2.394934 0.633700 -1.072098 3.866669 -0.574786 -1.242426 -1.693928 -0.080976 0.702006 0.159276 -0.709005 -2.780399 0.324960 0.576191 -1.056610 0.811485 0.512606 -0.080854 0.042938 0.156424 0.019088 -0.153328 -0.655594 -0.157194 -1.358207 0.727825 0.403561 -0.152271 0.037791 0.357634 0.259652 -0.066630 -0.054927 -0.164745 0.038033 
187.173218 -41.645878 -1.669482 1.837448 -2.167519 5.378177 0.046422 -1.150361 -1.525418 0.184290 0.668132 -0.672433 -1.137644 -3.727565 -1.498241 0.853654 0.303233 0.249688 0.472782 0.016247 0.022234 -0.170627 -0.011925 0.141682 -0.322957 -0.658181 -1.648311 -0.071948 1.116492 -0.167619 0.428350 0.193436 -0.235799 -0.336744 -0.083865 0.300468 0.087446 
192.437668 -45.328381 -5.391416 2.341009 -0.465631 4.366046 0.370778 -1.209933 -1.649459 -0.422231 0.678156 0.442639 -1.354919 -4.096761 -2.971662 0.432295 1.176375 0.476248 1.369305 0.306018 -0.428660 -0.517064 -0.148643 0.447608 -0.480702 1.671769 2.254157 -0.026785 -1.054101 -1.179298 -0.349474 0.581863 0.323395 0.294231 -0.315349 -0.381197 0.359116 
192.095093 -49.839400 -7.612806 2.702038 0.185231 6.330673 2.785033 -0.538324 -2.382738 -0.849839 0.370847 0.222784 -2.099048 -0.384028 3.010073 0.800084 -1.804968 -2.108908 -0.226166 1.179972 0.669024 0.417835 -0.642622 -0.620712 0.395274 2.984122 3.546215 0.093637 -1.653387 -1.783735 -1.401299 0.269075 0.732162 0.574352 -0.170162 -0.479196 0.624020 
0.000000 -46.096436 0.628731 3.941178 -4.075567 0.148230 -0.081553 1.150012 -0.311410 0.413439 -0.607088 -0.798784 -0.564371 1.871482 4.120769 0.619570 -2.130399 -3.091222 -1.433293 0.844168 1.035664 0.631639 -0.488967 -0.510784 0.767338 1.127755 0.555348 -0.090257 -0.162715 -0.491157 -0.603564 -0.167902 0.183320 0.106902 0.076827 0.054964 0.186032 
