291.788361 -15.850172 1.065832 -3.713726 2.239977 -4.257544 0.611602 -0.418730 -1.111034 -0.489717 -0.089800 -0.954798 -1.479240 -1.302128 -0.216302 0.356457 1.636134 0.786118 0.076215 0.169165 0.235570 -0.349436 0.706690 -0.061326 -0.245219 -1.455622 -0.468177 0.090999 0.714802 0.322494 -0.259421 0.116288 0.416570 0.078033 -0.410241 -0.059711 0.315386 
285.433929 -18.454428 0.633227 -3.000812 5.512245 -2.685308 0.764033 -0.080400 -0.639893 -1.188590 1.323581 -1.077449 -1.969678 -4.213373 -1.152656 0.538456 3.065737 1.431106 -0.442627 0.401741 1.068711 -0.193370 -0.113791 -0.180747 0.385553 -2.163881 -0.899867 0.072696 0.734509 -0.558691 -0.185057 -0.379806 0.640212 0.359832 -1.039357 0.140046 0.439959 
284.749878 -24.276918 -1.239480 -2.636814 8.371451 -1.395332 -0.273651 0.384752 1.026388 -0.876457 -0.317382 -1.316291 -0.708134 -5.629891 -2.016037 0.501850 3.105152 -0.331265 -0.293899 -0.590446 1.515995 0.370227 -1.372023 0.218767 0.634699 0.426744 -0.886568 0.071518 0.011939 -0.488434 0.375452 -0.553996 -0.541472 0.248130 -0.263914 0.430064 -0.215210 
280.774902 -29.714210 -3.398847 -1.997113 11.722549 -3.347837 0.176235 -1.261292 2.392098 -0.448137 -1.420465 -0.639914 -0.700280 -3.359886 -2.925792 0.681492 3.089615 0.454239 0.308277 -0.706251 -0.014233 0.302891 -0.641618 0.679382 -0.044867 2.954633 1.007983 -0.406886 -0.838352 1.525933 0.020313 0.144452 -1.065141 0.096661 0.676066 -0.131034 -0.423462 
273.142639 -30.996689 -7.091064 -1.273830 14.550682 -0.486855 0.342903 -1.027750 0.997922 -0.270676 -1.600618 0.042473 -0.797868 0.279376 -0.000071 -0.311922 1.428449 2.720601 -0.253273 -0.301542 -0.614287 0.563548 -0.019891 -0.043300 -0.212225 3.180269 4.488792 -0.617314 -3.230908 -0.938574 -0.375929 0.838185 0.242248 -0.024258 0.047708 -0.749793 -0.113713 
253.224548 -29.155459 -3.398989 -2.620957 14.579448 2.093365 -0.330312 -1.864376 1.163523 0.678960 -1.460247 -0.726514 -1.124730 3.000653 6.051791 -0.553135 -3.372201 -1.422908 -0.443581 0.970120 0.470262 0.254374 -0.546203 -0.820204 -0.272294 0.747961 2.326336 0.436161 -3.258638 -4.144471 -0.112202 1.084081 0.296125 -0.442129 0.032561 0.215846 0.162290 
273.913666 -24.995383 5.012518 -2.380100 7.806281 -3.332672 -0.544259 0.912489 1.938446 0.238072 -2.693025 -1.597935 -1.342456 1.775298 4.652600 0.560400 -5.088826 -5.568342 -0.477678 1.866620 -0.022037 -0.320709 0.045231 0.388391 0.112356 -1.701654 -3.340833 1.189651 1.177673 -0.823390 0.286236 -0.305107 -0.325877 0.111030 1.141439 1.165862 0.703177 
316.669312 -25.604862 5.906212 -1.500156 4.401795 -9.043318 -1.285668 1.868865 1.119449 0.037542 -1.369786 0.050268 -0.900019 -0.402655 -0.629875 1.826167 -1.016855 -3.069688 0.128891 0.359905 -0.181491 0.476434 1.736675 1.511520 1.134060 -2.571388 -2.182068 0.855471 2.285213 2.997123 0.495502 -1.058572 -0.515621 0.510548 0.686203 0.336545 0.653926 
373.779724 -25.800693 3.752767 1.272233 5.772570 -9.472048 -0.286477 1.632298 1.575464 1.190941 0.780325 1.425104 0.925664 -3.367478 0.288465 2.271343 -0.518400 0.425905 0.513325 -0.250524 -1.053279 0.700387 1.417636 1.061481 1.420208 -5.361296 1.249809 0.197050 -0.748734 3.061328 -0.082766 -0.541372 -0.228725 0.046296 -0.770824 -0.746633 -0.373018 
0.000000 -32.339818 6.483142 3.042529 3.364995 -8.191509 -0.259018 1.367818 -0.987109 1.438316 1.465486 2.173229 1.940396 -11.125248 1.869744 2.220268 -2.514324 3.052967 -0.036642 -0.722840 -0.638941 0.569026 0.195027 0.018254 0.388025 -5.516679 -1.931575 -0.700380 -0.149284 1.963280 -0.328542 -0.239426 1.038884 -0.423889 -0.839445 -0.856584 -1.048604 
0.000000 -48.051189 7.492254 5.712769 0.743923 -3.366113 -0.359760 0.186618 0.297582 2.328994 1.170378 1.461612 1.701714 -14.400837 -3.574685 0.870583 -0.816969 4.352465 -0.143759 -0.729376 1.024490 -0.147390 -0.261254 -0.651688 -0.677000 6.401705 -3.316473 -2.813144 1.659447 -0.310127 0.457333 0.623967 -0.540830 -0.914900 -0.072982 -0.521166 -0.700198 
0.000000 -61.141492 -0.666228 4.783694 1.731058 0.513420 -0.546536 -0.090934 1.061870 1.143535 0.942979 0.869853 0.586396 1.678163 -4.763203 -3.406020 0.804570 2.432712 0.878024 0.525094 -1.720602 -1.260773 0.049063 -1.024079 -1.012372 17.222707 2.723347 -2.076184 0.372643 -2.061670 0.747915 1.365610 -1.116448 -0.195324 0.269328 0.014984 -0.021055 
0.000000 -44.694864 -2.034151 -1.099271 2.353064 1.499312 1.396288 1.236806 -3.143621 -0.192552 1.268503 -0.586545 -0.323029 20.044577 1.872010 -3.281786 -0.071682 0.229125 1.352071 2.001843 -1.208407 -0.538038 0.277402 -0.621719 -0.719110 5.350308 4.039441 1.190828 -0.440204 -1.677713 -0.445700 0.386956 1.382906 0.900638 -0.151054 0.558388 0.401125 
0.000000 -21.052339 3.077791 -1.779878 1.587695 0.971670 2.157606 3.912752 -1.354944 0.067459 1.497784 -0.373585 -0.851825 12.378778 3.315680 -1.024365 -0.075837 -0.922714 -0.013376 1.299007 1.045210 0.540503 -0.253045 0.092698 -0.210123 -11.591140 -1.357689 1.926333 0.641764 -0.522414 -1.301868 -1.374234 0.748754 0.483948 -0.450252 0.520440 0.582577 
0.000000 -19.937308 4.597209 -3.148001 2.201390 -0.346117 1.369535 3.834819 -1.053201 0.888454 0.762414 -0.401150 -0.743274 -3.137704 -0.843368 0.570879 1.211846 -0.815703 -1.251665 -0.746625 0.289101 0.429859 -0.623101 0.419161 0.446045 -10.293619 -2.657672 1.273131 0.632253 0.722839 -0.805644 -1.046965 -0.007734 -0.693277 0.039002 -0.206662 0.256466 
0.000000 -27.327746 1.391055 -0.638120 4.011387 -0.659736 -0.345723 2.419503 -0.776741 0.927178 0.251582 0.464736 0.040265 -8.208459 -1.999664 1.521898 1.188669 0.522965 -1.624664 -0.794924 1.029741 -0.846052 -0.175042 -0.320626 0.302810 1.136038 -0.897635 0.030620 -0.447529 1.005319 -0.087521 -0.196907 0.267014 -0.517391 0.147229 -0.574690 -0.511830 
356.929413 -36.354227 0.597881 -0.104205 4.578728 0.699812 -1.879792 2.244972 1.006281 -0.803651 0.412331 -1.042402 -0.137655 -0.865628 -2.638637 0.632119 0.316787 1.194935 -1.426707 -1.140440 0.823129 -0.604923 -0.328642 -0.730219 -0.577616 7.896224 0.230557 -1.777781 -0.514844 -0.069239 0.455775 0.064726 -0.489798 0.819096 -0.055374 0.257024 -0.142877 
305.391510 -29.059002 -3.886220 0.626118 4.644961 1.730135 -3.199137 0.138623 0.869517 -0.282669 -0.405703 -0.995702 -1.114967 7.583989 -1.538550 -2.033665 0.158981 0.384487 -0.713114 -0.665472 0.050145 0.792139 -0.285789 0.193421 0.017056 2.914032 1.397785 -2.011027 0.429042 -0.629365 1.231190 0.767092 -0.268817 0.924617 0.547077 0.727169 0.459157 
331.488739 -21.186250 -2.479220 -4.171535 4.896689 1.468787 -3.306020 0.914028 1.106570 0.780628 -0.159248 -0.655560 -0.103542 4.962436 0.156933 -3.389934 1.174871 -0.063794 1.035674 0.393744 0.285495 1.244311 0.765512 0.724120 0.340698 -3.030912 0.984567 0.397581 0.050014 -0.534905 1.228273 0.618319 0.034342 -0.448730 0.120447 0.414396 0.009490 
369.663849 -19.134130 -3.572353 -6.153751 6.994704 1.602546 -1.127789 0.926112 1.440506 2.205953 1.125322 0.452537 -0.433571 1.522166 0.430583 -1.238502 0.259008 -0.685322 1.743431 0.571166 0.118829 -0.105322 -0.044896 1.022213 0.036036 -2.283003 1.255677 2.112178 -2.367862 -1.263527 -0.438258 0.440214 -0.519649 -1.432298 -1.372005 -0.348408 -0.307192 
389.479309 -18.141918 -1.618054 -6.648539 5.414706 0.098143 0.180843 2.056360 1.344228 0.569985 -0.249041 1.388867 -0.031471 0.396430 2.668288 0.834422 -3.560852 -2.590848 0.159159 1.274173 -0.753803 -1.620285 -1.978498 0.027303 -0.273687 -1.373110 1.503187 2.535293 -1.222049 -0.555967 -0.983741 -0.026562 -0.313951 -0.295042 -0.608522 -0.862499 -0.483499 
370.822388 -18.341271 1.764223 -4.484906 -0.127001 -3.579150 -0.809472 3.474457 -0.067100 -1.034618 -2.831674 0.507144 -0.980945 -1.224054 3.436958 3.832083 -2.185090 -1.797256 -0.224052 0.518042 -0.509072 -0.695407 -1.261940 -0.702785 -0.930962 -1.384192 -0.940671 1.379868 2.092614 1.429146 0.336837 -0.624136 0.887478 0.983428 1.226702 0.023975 -0.018498 
0.000000 -20.590027 5.255862 1.015627 1.044526 -3.496369 -0.267261 3.092445 0.326083 -0.820828 -2.772921 -0.016703 -1.893395 -2.371954 0.786946 3.594157 0.624375 0.267444 0.832833 0.025901 1.021154 0.346570 0.474906 0.075254 -0.310683 -0.715495 -2.442339 -2.258524 1.869380 1.303860 0.172113 -0.243821 0.931020 0.213986 0.646822 0.616436 0.641757 
263.482208 -23.085180 3.338116 2.703408 1.121749 -3.044263 0.856194 3.526258 1.975208 -0.341478 -1.881863 0.657651 -1.602311 -2.655044 -1.447720 -0.684964 1.553669 0.810463 0.120175 0.030400 1.352968 -0.267434 0.031704 0.530087 0.352553 -0.916812 -1.222140 -3.259369 1.877495 -0.084602 -1.024985 -0.579653 -0.298171 -0.369542 -0.184718 -0.201186 0.461860 
231.602692 -25.900115 2.360422 -0.354302 4.151864 -1.875442 -0.026911 3.153244 3.032019 -1.355697 -2.709513 1.043471 -1.188290 -4.205579 -1.657333 -2.924581 4.379366 0.098241 -1.217136 -1.133406 0.424813 -0.392515 0.105469 -0.327119 0.613037 -1.117893 -0.759662 0.259138 1.453620 -0.570329 -0.463922 -0.689821 -0.958467 0.055583 0.244751 -0.418743 -0.104023 
243.497910 -31.496338 0.023450 -3.145755 9.880481 -2.847782 -1.578078 1.259446 2.824834 -1.126508 -1.670924 0.003412 -0.376237 -4.890829 -2.967044 -0.166689 4.460909 -0.330195 -0.807670 -1.349242 -0.563966 -0.156269 0.521206 -0.307399 0.144507 1.705463 0.314997 1.862386 -1.723893 -0.325838 0.423396 0.235301 -0.351813 0.305409 0.121368 0.260719 -0.374342 
243.533478 -35.681774 -3.573667 -0.687679 13.073682 -2.535833 -1.642250 0.454760 1.904086 -1.668235 -1.667101 0.428673 -0.899276 -0.794653 -1.027340 0.800190 0.931579 -0.553435 -0.370344 -0.662805 -0.278813 0.218304 0.348205 0.194319 -0.135647 4.583038 1.622625 -0.832296 -2.766960 -0.303544 0.387825 0.328458 0.324889 0.224674 -0.254261 -0.090719 -0.180442 
247.298981 -33.085645 -2.031229 -1.545374 11.743640 -3.954653 -2.318765 -0.066163 2.267208 -0.689901 -0.974513 0.392051 -0.647530 4.275246 0.278205 -1.831280 -1.073010 -0.937282 -0.032019 -0.692325 0.085812 0.293078 0.012684 -0.488836 -0.216378 2.244811 0.935482 -1.265960 -1.083434 0.130142 0.546558 0.185868 -0.288882 -0.210765 -0.290262 -0.359949 0.003166 
0.000000 -27.131281 -3.017257 -4.350239 10.927662 -4.410398 -1.706287 -0.929891 2.075710 -1.082079 -1.641733 -0.548998 -1.332032 3.694968 0.843625 -1.731730 -1.235289 -0.293151 0.722772 -0.291070 -0.856577 -0.203225 -0.232319 -0.525578 -0.129315 -1.791834 0.988644 0.957128 -0.225244 0.568508 0.431215 0.507839 -0.654129 -0.004780 0.137824 -0.091768 0.316127 
301.136627 -25.695708 -0.343979 -5.008835 9.273063 -4.540955 -0.873222 -0.648303 0.554053 -1.096352 -1.439151 -0.659104 -0.906161 0.691579 2.255493 0.082977 -1.523499 0.199733 0.830412 0.323353 -1.222447 0.283518 0.288332 -0.672372 0.415877 -2.047572 -1.308322 3.219023 -1.110435 0.664174 -0.171648 0.544151 -0.031457 0.039918 0.660875 -0.156207 0.108166 
308.958893 -25.748123 1.493729 -4.184286 7.880665 -4.010931 -0.045463 -0.283185 -0.369183 -0.515044 -1.065069 -1.893742 -0.500278 -0.400176 -1.773020 4.706316 -3.456159 1.035198 0.379476 0.797231 -0.919492 -0.123389 1.089430 -0.837991 0.087017 -1.115444 -4.913343 2.168906 -0.469759 0.746629 -0.108500 0.044419 0.368516 -0.325524 0.423315 0.359762 -0.213745 
309.120789 -26.496060 -3.890018 4.403797 2.360745 -2.470560 -0.114270 0.946160 -1.284930 -1.343130 0.739710 -2.335086 -0.732128 -1.539308 -7.571194 4.420788 -2.463017 1.692991 0.613411 0.412191 -0.485415 -0.367531 1.134961 0.047152 -0.011612 -2.251118 -3.546410 -3.379502 1.455387 0.120028 0.405269 -0.420350 0.521485 0.240013 -0.500665 0.539850 0.134952 
295.315338 -28.826740 -13.648659 4.657290 2.954631 -0.624949 1.181360 0.541197 -1.340013 -1.250105 1.204853 -1.799439 -0.523503 -4.902412 -8.865839 -2.052689 -0.545386 1.275254 1.190015 -0.043468 0.123478 0.356638 0.088100 0.241709 0.356920 1.010049 5.711302 -2.824775 0.909663 -1.483194 -0.619334 0.334886 0.347982 0.266910 -0.537743 0.259838 0.287648 
0.000000 -36.300884 -21.621696 0.298419 1.269973 0.079947 2.265760 0.859225 -1.037974 -0.629855 0.915910 -1.851668 -0.018287 0.480789 3.851411 -1.228761 -0.643691 -1.273398 -0.625256 1.081962 0.210550 0.166289 0.059475 0.566828 0.563685 5.566295 9.566152 0.320256 0.282544 -1.668409 -1.470779 -0.005962 -0.231735 -0.132757 -0.412167 -0.048642 -0.291739 
0.000000 -27.865162 -5.945837 2.199768 1.667249 -3.171745 -0.069152 2.705120 -0.918912 -0.917528 1.323803 -0.665783 0.603866 6.230177 10.266466 -1.412177 0.019702 -2.061564 -1.751543 -0.055392 -0.339993 0.091123 -0.736235 0.144425 -0.226559 0.644373 -0.135674 -0.874517 0.207757 0.449609 0.277740 -1.403089 0.046907 -0.286331 -0.286542 -0.583851 -0.547308 
363.681396 -23.840530 -1.088765 -2.525935 1.309377 -4.043180 -1.237326 0.748440 -1.717959 -0.447609 -0.556560 -1.562819 -0.471405 1.769535 3.580064 -2.977796 -0.228177 -0.374180 -0.069775 -1.724216 0.304365 -0.406373 -0.513610 -0.600875 -0.530932 -4.935916 -3.898087 0.135253 0.015312 1.635524 1.335084 -0.465879 0.848539 -0.163673 0.537425 -0.177085 0.283485 
355.817719 -24.326092 1.214290 -3.755825 1.210895 -3.920104 -0.208703 -0.743311 -0.310182 -1.730273 0.296583 -1.867533 -0.457997 -3.641655 2.470291 -1.141671 0.050326 1.209484 0.918626 -0.987150 1.357084 -0.236223 0.338615 -0.209746 0.340410 -4.189165 0.381910 0.472541 -0.777355 2.211983 -0.271235 0.535911 0.429188 0.926587 -0.458924 0.658408 0.589893 
353.901642 -31.123839 3.851818 -4.809277 1.410029 -1.624213 0.599926 -1.225860 0.996210 -0.920055 0.120671 -1.982311 0.209416 -6.608796 4.343884 -2.032714 -1.782887 4.049786 -0.612246 -0.652394 1.162742 1.446801 -1.431458 0.715940 0.648855 -0.405337 0.277927 -0.232879 -0.966838 1.084244 -1.233820 0.503283 -0.270025 0.618291 -0.453133 0.751090 -0.020507 
343.596100 -37.543684 9.902057 -7.821253 -2.354879 4.179468 -1.433195 -2.048100 2.015302 1.163328 -2.566333 -0.435653 0.839713 -4.452329 3.026146 -1.607429 -1.883349 3.377973 -1.549014 0.019416 0.817035 1.000359 -0.567651 1.292435 0.299397 2.434901 -2.651666 2.526880 0.758465 -1.312304 0.242204 0.190797 -0.828856 -0.740619 1.171854 -0.304904 -0.410895 
352.966125 -40.028498 9.904110 -8.024135 -2.356669 5.131733 -2.498103 -1.187029 2.630279 1.080663 -1.014630 0.602559 0.808210 -1.738994 -0.959448 3.021045 -0.265958 1.425178 -0.127838 -0.270801 -0.494971 -0.034438 0.912249 0.106133 -0.172935 1.944309 -3.594733 3.462551 0.286912 -1.532207 1.289549 -0.840912 -0.534451 -0.655973 0.854894 -1.110543 -0.361915 
357.475586 -41.021671 7.983162 -1.779162 -2.886795 7.029824 -1.688871 -2.589702 1.025360 1.094453 -0.741835 -0.223386 0.493842 -0.563712 -4.163320 5.317673 -1.309525 0.313559 1.030084 -1.662409 -0.251868 -0.311588 1.142137 -0.928651 -0.424432 2.647183 -1.338954 -0.762543 0.299949 -3.115603 0.274490 0.999856 -0.089196 -0.235230 0.400759 -0.598136 -0.134050 
338.831543 -41.155922 1.577469 2.611211 -4.975718 5.758851 -0.437935 -4.511847 2.126542 0.457488 1.269645 -1.254743 -0.040654 3.555371 -3.637357 1.495960 0.333939 -4.806029 0.421142 1.728911 -0.673362 -0.504898 1.713768 -1.090138 -0.441036 2.771769 2.049791 -3.624529 0.901645 -2.623729 -0.316898 2.239524 -0.041339 -0.560383 -0.420869 0.215574 0.176075 
338.543365 -33.910929 0.708448 1.212758 -2.218917 -2.582233 -0.846586 0.868120 -0.321363 0.084656 2.685702 -2.403663 -0.388229 4.979825 -0.063738 -1.931385 0.493766 -4.933899 0.396288 2.816639 -0.334546 -1.432354 0.300399 -0.497502 -0.072283 0.818049 2.948944 -2.256066 -1.345889 2.456934 -0.160548 -1.479955 1.456490 -0.341212 -1.560202 0.827550 0.343652 
330.812714 -31.196272 1.449993 -1.251560 -3.988186 -4.108948 0.354642 1.121432 1.457450 -2.407220 1.870442 -2.249747 -0.185219 5.191469 2.260531 -3.016171 -2.357839 0.107840 0.100046 -1.230999 2.239619 -1.187321 -1.406635 0.564962 0.246269 0.193306 0.482430 -0.129324 -0.763707 2.857419 -0.636956 -1.902388 0.895655 0.802487 -0.576108 0.409364 0.004154 
348.726562 -23.527991 5.229510 -4.819584 -6.934594 -2.366554 -0.646495 -1.593879 4.157874 -2.289986 -0.127568 -1.273739 0.104308 5.366438 0.901122 -2.190034 -1.033648 0.780938 -0.877623 -0.988137 1.456764 0.172620 -0.851817 0.321227 -0.063975 -1.257977 -1.728851 1.581998 1.425832 -0.354557 -0.412389 1.178412 -1.473439 0.560945 0.735959 -0.370848 -0.016228 
342.095917 -20.463396 3.252237 -5.631627 -6.055481 -2.547071 -1.400605 -0.854841 4.370977 -2.061979 0.166808 -1.607294 -0.313169 2.675514 -1.197171 0.147825 0.493825 -0.601273 -0.724732 1.125825 -0.707260 -0.065431 0.065283 -0.176734 0.213813 -2.267347 -0.446825 0.982965 0.939969 -0.601274 -0.018250 0.672444 -1.279065 -0.211741 0.396350 -0.213011 0.311375 
346.061646 -18.176962 2.835168 -4.523933 -5.946944 -3.569101 -2.095958 0.657771 2.743355 -2.420848 0.002999 -1.627208 0.531933 0.831745 0.007472 -0.224103 0.846291 -0.421610 -0.914123 0.356750 -1.101366 -0.250861 -0.059117 -0.104795 0.558775 -1.588493 0.543557 -0.747281 0.209329 0.290250 -0.075601 -0.909119 0.237998 -0.151348 -0.030667 0.104958 -0.186173 
351.848114 -18.799906 3.267181 -6.079833 -4.362900 -3.390292 -3.228851 -0.141341 2.168244 -2.563700 0.048573 -1.816883 0.804381 -0.501471 -0.110057 -1.346738 0.912482 -0.020773 -0.875934 -0.692414 -0.231263 -0.368128 0.003948 0.033183 -0.158534 -0.947739 0.222968 -0.142492 -0.316450 0.174770 0.278889 -0.183390 0.516429 -0.043254 -0.055581 0.264772 -0.423104 
359.751068 -19.179905 2.615054 -7.217409 -4.121979 -3.610647 -3.847826 -0.727056 2.280828 -3.157104 0.010895 -1.560843 0.214866 -1.063733 0.453407 -0.509087 0.213391 -0.072070 -0.356344 -0.010029 -0.068508 -0.337369 -0.170278 0.424750 -0.287432 -1.382346 0.761387 1.159428 -0.482157 0.204649 0.452578 0.631942 -0.175593 0.093100 0.195453 0.075154 -0.095911 
361.197601 -20.927372 4.173996 -7.098007 -3.936119 -3.534431 -3.941539 -0.161399 2.031229 -3.238438 -0.291983 -0.967384 0.229517 -3.266164 1.412716 0.972119 -0.051831 0.388524 0.029222 0.571471 -0.582448 -0.181927 0.394854 0.183490 -0.350356 -4.580407 0.529372 1.860105 -0.408343 0.695268 0.265344 0.319306 0.231652 0.531062 0.431645 0.004886 -0.006191 
362.909241 -25.712233 5.440486 -5.273171 -4.225641 -2.833598 -3.789381 0.415886 1.115931 -3.520959 0.800602 -1.193863 -0.485847 -10.224548 1.512152 3.211124 -0.603296 1.318466 0.174343 0.628582 0.394797 0.724755 0.693011 0.434522 -0.299815 -6.793348 -2.161954 0.975124 -0.642244 -0.146989 0.477149 -0.144734 0.478521 1.184577 -0.149269 0.287017 0.204133 
362.112366 -41.376467 7.198300 -0.675760 -5.142711 -0.897499 -3.592852 1.095766 2.820822 -1.788928 1.094039 -0.098341 -0.370113 -16.852860 -2.911192 2.922366 -1.336319 0.094547 0.983521 0.282003 0.374593 2.187227 0.096316 0.757523 0.057909 7.434202 -2.198711 -1.773304 2.433010 -0.875306 0.743265 0.062975 -1.290684 0.122154 -0.978162 -0.039417 -0.064953 
0.000000 -59.417953 -0.381898 0.571562 -6.898279 -2.644504 -1.822338 0.979893 1.865117 0.853495 0.993234 0.321182 -0.370029 4.643856 -2.885271 -0.335483 4.262723 -0.432145 1.660873 0.754533 -2.186572 0.969064 -1.263312 0.355687 -0.429720 19.481618 1.436809 -2.067535 3.273874 0.116033 -0.016785 0.143634 -1.030801 -1.303595 -0.641826 -0.260748 -0.074696 
0.000000 -32.088755 1.427758 -1.346727 3.382735 -1.761790 -0.271106 2.604832 -1.552321 0.149199 -1.432585 0.613033 -1.229554 22.110376 -0.037574 -1.212704 5.211429 0.326613 0.949951 0.569271 -1.687010 -0.419964 -1.187335 0.236026 -0.091484 1.826938 0.810704 0.143532 -2.007946 0.186429 -0.929204 -0.544553 0.947143 -0.494801 0.729239 -0.286936 0.474511 
255.746597 -15.197201 -0.457046 -1.853845 3.524580 -1.991279 0.077564 2.118435 -1.508903 0.013567 -1.381436 0.793234 -0.552998 8.297731 -1.263863 -0.048419 0.246830 -0.059286 -0.197535 -0.334574 -0.292285 -0.020538 0.195166 -0.218186 0.519301 -12.001425 -0.448535 0.849326 -2.356013 0.255214 -0.594568 -0.389287 1.051496 0.148746 0.707907 -0.394370 0.260321 
240.486618 -15.493293 -1.099968 -1.443565 3.876395 -1.880362 -0.666176 1.935684 -2.136891 0.108122 -1.042254 0.176662 -0.190952 -1.892475 -0.934644 0.485949 0.499403 0.837041 -0.239185 -0.209303 0.415983 -0.122472 0.228479 -0.552714 0.429158 -6.267115 -0.054773 0.690149 0.557455 0.692573 -0.048720 0.111998 0.570995 0.305376 -0.191070 0.273385 -0.153120 
227.775146 -18.982150 -2.326335 -0.881947 4.523386 -0.317196 -0.400807 1.699829 -0.676937 -0.231378 -0.924477 -0.312194 0.305319 -4.236498 -1.373409 1.331879 1.361741 1.325859 -0.294974 -0.110578 0.849705 0.590215 -0.186974 0.328584 0.213062 -1.991637 0.321242 0.801606 1.021589 -0.398173 -0.088841 0.048045 -0.473487 0.950808 -0.464964 0.542682 -0.512650 
218.662567 -23.966288 -3.846786 1.220194 6.599877 0.771356 -1.256125 1.714528 -0.437482 1.288552 -1.416202 0.833830 0.235172 -5.875748 -0.292161 2.089162 2.542580 0.040695 -0.416868 -0.113213 -0.530991 1.779143 -0.701449 0.532650 -0.596142 -0.575530 0.980884 0.022804 -0.032011 -0.723676 0.287444 -0.020865 -1.007810 0.190972 -0.102740 -0.319962 -0.176109 
229.521378 -30.733646 -2.910657 3.296377 9.608546 -0.235806 -1.234542 1.473403 -1.738919 3.326908 -2.327374 0.753106 -0.886964 -5.387557 0.588358 1.377487 1.297719 -0.121494 0.279913 -0.152309 -1.165914 0.972159 -0.392454 -0.311340 -0.139157 2.147844 -0.195698 -0.455295 -1.182502 -0.639013 0.035590 -0.049592 0.149365 -1.368749 0.649638 -0.391174 0.448660 
242.480194 -34.741402 -2.670070 3.975168 9.195314 0.528368 -0.696299 1.409910 -2.769311 3.232869 -2.201111 0.211150 -0.043142 -1.580059 -0.683557 1.178573 0.177576 -1.237331 -0.345688 -0.212396 -0.232261 -0.958355 0.597827 -0.249697 0.301179 2.905688 -0.696104 -0.269155 -0.456764 -0.748962 -0.447361 -0.014170 0.724425 -0.941747 0.463575 0.166310 0.009212 
257.154755 -33.893763 -4.277771 5.653523 9.963698 -2.710467 -1.925919 1.048611 -2.203441 1.410198 -1.131720 0.253712 -0.284607 0.423819 -0.803850 0.839178 0.384192 -1.619417 -0.614810 -0.180650 0.282935 -0.911336 0.534696 0.021281 -0.120733 1.001939 -0.060147 -0.169698 0.103308 -0.191043 -0.134561 0.015873 0.257598 0.023510 -0.031566 0.135489 -0.210956 
