233.286255 -22.932504 3.110714 -1.509748 5.291339 3.235265 -1.495105 -1.188817 -0.887804 1.898490 0.952243 0.551601 -0.430050 -3.122045 0.143696 1.332955 -0.239510 0.677153 0.345218 0.336094 0.248604 -0.037862 0.022548 0.013325 0.012797 0.023405 0.477362 -0.297771 -0.173758 -0.077211 -0.183361 0.078075 -0.120127 0.046019 0.040164 -0.155522 0.215546 
226.191391 -29.176594 3.398106 1.156163 4.812318 4.589572 -0.804670 -0.516629 -0.390596 1.822767 0.997338 0.578251 -0.404457 -3.075235 1.098421 0.737413 -0.587027 0.522732 -0.021504 0.492245 0.008350 0.054176 0.102875 -0.297719 0.443888 3.052261 0.603236 -1.125059 -0.406934 -0.732859 -0.692234 -0.238430 -0.578973 -0.154921 0.076335 -0.262141 0.117142 
221.893051 -29.082974 5.307555 -0.034921 4.117284 4.280728 -1.538112 -0.204328 -0.871103 2.006842 1.157994 -0.043838 0.457727 2.982478 1.350167 -0.917164 -1.053378 -0.788564 -1.039250 -0.140765 -0.909343 -0.347703 0.175218 -0.510956 0.247081 2.913256 0.333844 -1.419968 -0.461632 -1.323731 -0.195419 -0.652122 -0.283672 -0.113100 -0.056462 0.388357 -0.257108 
217.104568 -23.211639 6.098441 -0.678165 2.705562 3.012444 -2.883169 -0.798159 -2.209282 1.127361 1.347774 -0.443662 0.089705 2.751277 1.766109 -2.102523 -1.510292 -2.124731 -0.412342 -0.812000 -0.558993 -0.172024 -0.010048 0.478995 -0.070329 -2.199954 0.119732 -0.932445 0.505121 -0.805251 0.730526 0.137088 0.879881 0.367409 -0.184101 0.444347 0.072187 
210.768326 -23.580420 8.839774 -4.239967 1.096701 0.031266 -2.362797 -1.828328 -1.989090 1.662794 1.137897 0.914152 0.317070 -1.417430 1.589632 -2.782055 -0.043136 -2.399066 0.421802 0.133411 0.850418 0.387115 -0.192984 0.377737 0.391456 -3.086039 -0.922964 0.243977 1.439423 0.709726 0.596518 0.774206 0.488358 0.237629 -0.279016 -0.356764 0.231109 
207.767975 -26.046498 9.277706 -6.242274 2.619290 -1.785688 -2.039564 -0.531337 -0.508445 1.901590 0.961807 0.311812 0.872617 -3.420800 -0.079818 -1.614569 1.368554 -0.705279 0.780693 0.736412 0.417723 0.303233 -0.568081 -0.234533 0.391888 -0.920768 -0.445690 1.767291 0.206669 1.114750 -0.026856 0.248569 -0.474869 -0.213389 -0.229644 -0.294580 -0.049353 
208.707977 -30.422020 8.680137 -7.469105 3.833810 -1.379292 -0.801411 -0.355505 -1.153643 2.269260 0.001735 0.445086 1.100847 -3.258965 0.698252 0.752528 0.370201 -0.169567 0.368090 0.630550 -0.099320 -0.039664 -0.652271 -0.211424 0.292750 -0.282782 0.356308 2.389488 -0.670167 0.379974 -0.513946 -0.043633 -0.009409 -0.228166 0.177006 -0.020549 -0.172051 
211.215103 -32.564427 10.674209 -4.737218 3.359692 -2.124822 -1.303384 0.729762 -0.707085 1.822263 -0.342735 -0.111037 1.458116 -3.986363 0.632798 3.164406 0.028220 0.054668 -0.247199 0.649146 0.398906 -0.153098 -0.214070 -0.275632 0.047786 -1.410840 -0.739961 1.427763 0.146313 0.091920 -0.183686 -0.076910 0.445949 0.023028 0.066355 0.124271 -0.192571 
208.067657 -38.394747 9.945732 -1.140293 3.890250 -1.269956 -1.295808 0.942786 -0.355831 1.963064 -0.426406 -0.106178 1.196418 -6.080645 -0.781671 3.608055 0.662828 0.014273 0.000719 0.476730 0.792579 0.006393 -0.519560 0.037117 -0.092392 3.484099 -0.262397 -1.746226 0.174928 -0.502818 0.135723 -0.096446 -0.197322 -0.471227 -0.107622 0.467264 -0.129505 
200.040802 -44.725717 9.110867 2.478892 4.685347 -2.096276 -1.301947 1.683222 0.878072 1.835048 -1.381856 -0.036803 1.273332 2.981835 0.108004 -0.328046 0.378077 -0.950968 0.024248 0.456254 0.004263 -1.095551 -0.429314 0.658896 -0.211224 7.315168 -0.293457 -3.227912 -0.229221 0.289093 0.251583 -0.851310 -0.537297 -0.968989 1.016516 -0.004327 -0.265627 
201.361328 -32.431078 10.161741 -1.796385 4.646403 -3.171891 -1.247313 1.855294 -0.347305 -0.228039 -1.285035 1.211614 0.773969 8.549691 -1.368585 -2.847769 0.204385 0.592459 0.503884 -1.225891 -0.282016 -1.931586 1.513472 0.028463 -0.623647 -2.623813 -1.702303 0.115486 0.252321 1.270986 0.508955 -0.966294 0.023453 0.397130 1.027462 -0.575525 -0.447623 
197.839828 -27.626335 6.373697 -3.216645 5.094118 -0.911359 -0.294178 -0.768560 0.314040 -2.028124 1.645088 0.020123 0.026039 -2.265792 -3.296602 -0.097075 0.882719 1.591004 1.042158 -1.476334 0.051169 -0.301292 1.625610 -0.492155 -1.106471 -11.277266 -2.132835 3.535276 -0.280577 -0.541544 0.317951 0.417518 0.360393 1.323453 -0.699872 0.281505 0.370193 
197.958405 -36.962662 3.568536 -1.990536 6.411840 0.010117 0.837004 -1.097374 -0.244968 -0.830622 1.966186 0.227305 -1.438972 -14.004842 -5.634254 4.222783 -0.356769 -0.490630 1.139786 -0.390855 0.438770 0.715320 0.113729 0.591474 0.116740 1.070830 -4.405189 0.551878 -1.063440 -1.023554 -1.065432 0.852887 0.480041 0.427866 -1.554540 0.005893 1.084413 
195.398346 -55.636019 -4.894812 5.228922 4.380581 -1.892618 1.985394 -1.550270 1.191580 -0.597483 1.872545 1.203071 0.259519 -0.124132 -12.106981 1.006681 -1.244162 -0.456103 -1.088705 0.229441 1.011250 0.554440 -1.483470 -0.480368 1.062355 13.978967 -0.895128 -4.340465 -0.345997 0.322659 -1.390837 0.085741 -0.322522 -0.138554 -0.517651 -0.643713 0.070541 
0.000000 -37.210925 -20.645425 0.022826 3.923517 -0.902089 -1.340406 -0.638493 1.777532 0.278258 -1.000754 -0.733431 0.685738 13.953092 -7.424510 -4.458147 -1.048763 0.154688 -1.641889 -0.219373 -0.206273 0.438211 -0.921573 -0.695953 0.257821 3.838367 8.341731 -1.311115 0.305490 0.330164 0.607108 -0.413150 -0.428371 -0.243255 1.114433 0.255318 -0.647866 
0.000000 -27.729834 -19.743832 -3.687373 2.283054 -1.583243 -1.298384 -1.989015 0.779033 0.278940 0.029400 -0.188835 0.775162 7.552603 4.576482 -1.615549 -0.633181 0.204226 0.125510 -0.596860 0.154508 0.067930 0.745396 0.030269 -0.233377 -6.238966 8.641364 3.237199 0.606274 0.800556 1.324609 0.379302 -0.107763 -0.357163 0.499192 0.207504 -0.443179 
0.000000 -22.105720 -11.492462 -3.208272 2.657154 -0.493638 -1.089385 -1.832212 2.086549 0.414118 0.490037 -0.672893 0.218984 1.475161 9.858218 2.016251 0.163785 1.755799 1.007330 0.539231 -0.421800 -0.276114 0.076812 -0.280944 -0.628536 -4.369391 0.897382 2.144784 0.020999 0.373336 0.442090 0.426844 -0.473888 -0.459715 -0.419791 0.119393 -0.037481 
274.188263 -24.779511 -0.027395 0.345130 2.610623 1.928355 0.716277 -0.910553 -0.064567 -0.273288 0.183023 -0.750722 -0.481911 -1.186180 6.371247 2.674019 -0.591183 0.950898 1.009691 0.256828 -0.793267 -0.851501 -0.094187 0.269055 -0.308339 -1.618535 -3.850697 -0.611699 -0.442668 -1.145810 -0.645621 -0.124593 0.427115 -0.162389 -0.005950 0.269592 0.203586 
270.358185 -24.478079 1.250031 2.139766 1.474788 1.408159 0.929996 -1.318556 0.500015 -1.288883 0.301664 -0.134782 -0.397695 -1.761908 2.156825 0.792852 -0.721550 -0.535821 -0.283912 0.290045 0.432431 -0.600893 0.064912 0.258241 -0.221364 0.342831 -3.796131 -0.838821 -0.059599 -0.597169 -0.437371 0.170429 0.665456 0.378433 -0.132262 -0.379213 0.190864 
271.777252 -28.303326 4.286255 1.930835 1.167522 0.856713 0.148452 -0.330463 0.800295 -1.475074 0.312847 -0.234240 -0.924639 -0.500519 -1.221014 0.996378 -0.710382 -0.243441 0.134948 0.597685 0.537644 -0.094635 -0.358710 -0.489370 0.073389 1.325213 -4.252713 -0.273428 0.009375 0.619547 0.497526 -0.232560 0.037857 0.241914 -0.035680 -0.401876 0.291172 
273.321259 -25.479116 -1.191997 4.132522 0.054025 0.921277 1.199892 -0.123186 1.575304 -1.478153 -0.415756 -1.113523 -0.250918 0.888518 -6.348601 0.245996 -0.702800 0.703273 0.711140 -0.175075 0.508145 -0.117065 -0.006448 -0.545511 0.360981 0.655640 -0.222170 -0.547665 0.340356 0.360574 -0.249638 -0.664126 -0.399822 -0.067614 0.154333 0.295200 0.004066 
269.353363 -26.526290 -8.410946 2.422826 -0.238077 2.263259 1.570733 -0.680614 1.816584 -1.709204 0.299951 -1.325262 -0.202677 0.810760 -1.665354 -0.098953 -0.029671 0.477708 -0.364327 -0.730566 -0.261999 -0.229863 -0.050044 0.101030 0.081522 0.375977 6.356855 -0.135532 0.624689 -1.141446 -1.023086 0.307511 -0.655149 -0.097883 -0.394567 0.420776 -0.267343 
286.668396 -23.857595 -4.522706 3.934616 -0.005317 1.876693 0.471238 -1.584318 1.051306 -1.937879 -0.515844 -0.911463 -0.087875 1.640471 6.365110 -0.025067 0.546578 -1.579619 -1.335031 0.439948 -0.802153 -0.312831 -0.795582 0.296041 -0.173705 -0.451392 3.593477 -0.562688 0.624571 -1.054339 -0.328923 0.856771 0.173038 0.380035 -0.275527 0.053582 -0.056484 
295.025330 -23.245348 4.319273 2.372692 0.855078 -0.895979 -1.099330 0.199281 0.212279 -2.334867 -1.291214 -0.733180 -0.550087 -0.092023 5.521599 -1.224329 1.219470 -1.630970 -1.022174 0.982976 0.084077 0.530207 -0.601098 0.208194 -0.031447 -0.828068 -2.959591 -0.517997 -0.122003 1.038944 0.410598 -0.308037 0.716882 0.528028 0.431579 0.155636 0.232900 
289.293396 -24.041641 6.520493 1.485959 2.433624 -1.385247 -1.573110 0.381635 1.219460 -0.877465 -1.718041 -0.495075 -0.150768 -0.015666 0.445927 -1.061062 0.302572 0.498269 -0.513836 -0.176127 0.631611 0.743225 0.067577 0.607312 0.292095 -0.448248 -3.444561 -0.223137 -0.350049 1.748012 0.750919 -0.142595 0.209933 -0.699943 0.576287 -0.039308 -0.058216 
271.932373 -23.276679 5.211127 0.250568 1.460221 0.100559 -2.127002 -0.152973 1.475502 -0.848418 -1.156061 0.481445 0.034102 -0.988518 -1.367523 -1.670603 0.519372 1.865055 0.479664 0.697787 0.503942 -0.869680 0.551476 0.129578 -0.147878 -0.765015 -1.188439 0.268208 0.781506 0.269193 0.792386 0.172141 -0.326524 -0.772831 0.195080 -0.449085 -0.229221 
258.195465 -26.018677 3.785448 -1.855246 3.472367 2.344864 -0.613783 1.777209 2.227344 -2.616825 -0.615089 -0.235919 -0.446524 -1.545696 -1.930951 -0.524645 1.865584 1.036655 1.070936 0.168155 -0.021436 -0.802437 0.457736 -0.290857 -0.166347 2.291698 -0.526546 1.192894 0.178820 -0.666951 -0.900603 -1.279118 -0.541528 1.125472 -0.230742 -0.208091 0.242110 
258.981873 -26.368070 1.349225 -0.798723 5.191390 2.173868 0.014870 0.183337 1.432629 -2.453291 -0.240589 -0.100269 -0.298592 3.594877 -2.420615 0.715185 0.877011 0.531153 -1.321543 -1.860448 -0.579114 1.381264 0.089991 -0.286604 0.336341 3.054862 0.118005 0.307312 -0.399868 -0.571570 -1.081418 -0.728595 -0.053039 1.162962 -0.343450 0.072492 0.093661 
268.156860 -18.828922 -1.055783 -0.424876 5.226389 3.407169 -3.256868 -1.943688 1.069116 0.145704 -0.435107 -0.809127 0.226159 4.564029 -1.694940 0.089980 1.065849 -0.106485 -1.091900 -1.289035 -0.127513 1.523488 -0.229163 -0.145874 0.020975 -1.958818 1.243364 -0.579108 0.258708 -0.278656 1.213740 0.835715 0.187229 -0.547703 -0.078911 0.280129 -0.384984 
269.948242 -17.240013 -2.040656 -0.618764 7.323088 1.960899 -2.168930 -2.394733 1.177603 0.593686 -0.698916 -0.392017 -0.256641 -0.322760 0.066112 -0.443030 1.394428 -0.026159 1.105937 -0.189019 -0.204656 0.285859 -0.067831 0.273653 -0.433626 -5.207870 1.754248 -0.131791 -0.514137 0.369865 1.440051 0.564575 -0.121659 -0.959523 0.337974 0.287122 -0.367259 
268.246948 -19.474442 -0.923558 -1.310935 8.015245 3.354851 -1.044993 -2.321725 0.659804 0.717423 -0.570769 -0.261820 -0.641094 -5.851711 1.813556 -0.173603 0.037575 0.633246 1.788202 -0.159884 -0.370830 -0.395557 0.446785 0.428371 -0.713542 -6.970101 0.634612 0.761919 -1.433779 -0.039183 0.108009 0.245713 0.386912 -0.321283 -0.095256 0.065681 0.135218 
265.747559 -28.943435 1.586457 -0.965971 7.398238 3.227390 1.407474 -2.714502 0.435942 -0.197429 0.194654 0.464726 -1.683726 -14.262962 1.335337 1.080809 -1.473131 -0.104526 1.321955 0.302407 0.569168 -0.356707 -0.258343 0.405016 -0.163191 -2.088447 1.126089 1.763409 -1.286552 -1.123438 -1.536063 0.899082 0.824698 0.655586 -0.407084 -0.488681 0.469414 
246.155777 -48.000365 1.747116 0.850682 5.068983 3.145799 1.598918 -1.716911 1.798139 0.004008 -1.087456 0.548212 -0.967475 -10.028604 4.065734 3.353214 -2.535529 -1.613631 -1.283924 1.638280 1.278565 0.915615 -0.367384 -0.548991 0.225286 9.509418 1.636251 0.125672 -0.078575 -1.360701 -1.158861 0.790810 0.035108 0.011055 0.251465 -0.210391 -0.116094 
249.221054 -49.000644 9.717925 5.740457 2.327179 0.000128 -1.160373 0.562057 2.993072 1.633801 -0.540113 -0.633256 -1.233154 4.755874 4.607840 1.332153 -1.630280 -2.825929 -0.995767 1.884028 0.639384 -0.334597 0.244587 -0.015765 -0.395379 9.780868 -2.214144 -3.499008 1.536705 0.506041 1.147879 -0.609311 -1.155678 -1.291116 0.130143 0.550358 0.001020 
99.280357 -38.488618 10.962796 3.514988 1.808422 -2.506059 -0.392616 2.051145 3.076907 -0.665187 -0.598281 0.516682 -1.758234 9.533132 -0.362555 -3.644802 0.537881 -0.601549 1.011834 0.419658 -1.032791 -1.666617 -0.107098 0.551725 0.227327 0.853031 -3.317167 -2.645738 1.235702 2.178495 0.403086 -1.792459 -1.361725 0.249979 0.298562 -0.051921 0.616083 
188.080002 -29.934380 8.992815 -1.549146 3.402941 -1.202970 0.863294 1.401372 0.927491 -1.699433 -0.754308 0.470194 -0.778500 6.461935 -2.026495 -3.959323 0.841123 1.531060 -0.189594 -1.700891 -2.084065 0.165362 0.841711 -0.119607 0.836787 -2.841994 -0.844144 0.768287 -0.061230 0.754791 -1.233522 -1.209879 -0.170400 1.392719 0.354534 -0.484996 0.185502 
183.169556 -25.564749 6.909806 -4.403657 3.490668 0.556061 -0.771804 -1.350637 -1.091224 -0.334463 1.085140 0.277468 -0.084660 3.849144 -2.050844 -2.108227 0.415420 0.908032 -1.455210 -2.000100 -1.373592 1.118821 0.601971 -0.418266 0.598331 -2.002078 0.227420 1.854505 -0.349444 -0.963314 -0.265064 0.389838 0.858329 0.347211 -0.572786 -0.115785 -0.198601 
182.232178 -22.236092 4.891128 -5.765600 4.233780 0.613094 -2.047126 -2.598827 -1.819693 0.538210 0.449634 -0.366338 0.418162 2.457778 -1.571655 -0.250312 0.142235 -0.395569 -0.719721 -0.921216 -0.367407 0.859783 -0.303862 -0.351176 0.439586 -1.341008 0.719630 1.579777 -0.541417 -0.631684 0.616143 0.741620 0.928551 -0.472032 -0.190808 0.183669 -0.163228 
185.716919 -20.649192 3.766497 -4.904281 3.775138 -0.235077 -2.211247 -3.193068 -1.826037 1.385102 0.477417 -0.424884 0.794511 1.167128 -0.611583 1.051328 -0.667414 -0.355337 -0.222923 -0.516861 0.483511 0.174757 0.220354 -0.050927 0.271875 -1.253283 0.467656 0.501605 -0.233763 0.090800 0.185641 0.519845 0.328570 -0.611420 0.262180 0.197587 -0.293841 
187.537811 -19.901835 3.667962 -3.662943 2.898952 -0.097579 -2.492973 -3.632549 -0.852670 0.887724 0.890342 -0.468193 0.961912 -0.048788 -0.636342 0.752899 -0.325292 -0.213969 -0.348440 0.118473 0.289732 -0.363057 0.220498 0.043998 -0.148096 -3.131859 -0.582791 -0.343834 0.542945 0.237744 0.038604 0.473478 -0.284752 -0.163542 0.064483 0.045961 -0.321419 
189.832672 -20.746767 2.493812 -3.398484 3.124554 -0.663015 -2.908126 -2.956121 -1.246572 0.658988 0.918413 -0.336888 0.498320 -5.096590 -1.777165 0.363661 0.418476 0.120152 -0.145716 0.430095 -0.085993 -0.152328 0.349320 0.040995 -0.370962 -3.343144 -2.728209 -1.011009 -0.106789 0.024309 0.557922 0.313607 0.131727 0.226814 0.038101 -0.181654 -0.026626 
195.047562 -30.095016 0.113632 -2.935622 3.735904 0.142724 -2.784405 -2.772358 -1.024656 0.583069 1.588982 -0.386202 0.219988 -6.735077 -6.092760 -1.269119 -0.538869 -0.165352 0.767405 0.745687 0.553187 0.090570 0.296700 -0.319310 -0.201347 3.838549 -3.064583 -1.465968 -1.323536 -0.620728 0.261584 0.086451 0.093723 0.317642 -0.236390 -0.120932 0.169465 
189.489899 -34.216921 -9.691707 -5.936721 2.046815 -0.993718 -1.373316 -1.464748 -0.140198 0.840129 1.511812 -0.975508 0.095625 2.580507 -7.906332 -2.568276 -2.228596 -1.121304 0.377452 0.602998 0.101452 0.482956 -0.123461 -0.200869 -0.032033 6.044319 1.476514 0.079365 -0.675313 -0.403384 -0.475459 -0.591441 -0.543744 0.115973 -0.091787 0.222220 0.245052 
0.000000 -24.934002 -15.699032 -8.072173 -0.721288 -2.099884 -2.029501 -1.566361 -0.821752 1.548980 1.342060 -0.787941 0.155923 5.353561 -3.139731 -1.110388 -1.889495 -0.972119 -0.183513 -0.437196 -0.534300 0.322517 0.113126 0.125131 0.288756 -0.835596 4.139887 1.385313 1.033767 0.601593 -0.087687 -0.407488 -0.105212 -0.271680 0.192047 0.316507 0.126211 
0.000000 -23.509798 -15.971170 -8.157498 -1.732174 -2.937956 -1.740342 -2.339139 -1.208799 1.485163 1.738064 -0.725246 0.673138 0.909316 0.373443 0.202349 -0.161062 0.081882 0.202078 -0.211978 -0.108972 -0.060404 0.260633 0.432144 0.220390 -2.705901 1.863577 0.566560 1.026178 0.528550 0.139814 0.393985 0.361296 -0.316997 -0.323500 -0.091817 -0.307620 
0.000000 -23.115370 -14.952147 -7.667474 -1.043412 -1.936120 -1.625346 -1.990317 -1.039696 1.428171 1.863326 0.076346 0.596703 -0.058241 0.587422 0.022732 0.162861 0.084981 0.096114 0.350775 0.188292 -0.311477 -0.533874 -0.058504 -0.326484 -0.899472 0.025490 -0.085467 -0.046859 -0.278101 0.056111 0.194976 0.008638 0.035397 -0.271011 -0.439271 -0.255821 
0.000000 -23.626281 -14.796326 -8.112033 -1.406452 -2.767995 -1.548114 -1.637589 -0.832214 0.862209 0.670315 -0.842254 0.020170 -0.889629 0.424422 0.031416 -0.254780 -0.474321 0.314300 0.177974 -0.091695 0.010389 -0.281389 -0.446398 -0.291252 -0.834527 0.500332 0.273920 -0.237328 -0.743276 -0.088189 -0.129912 0.111781 0.235539 0.315938 0.198162 0.404061 
0.000000 -24.894628 -14.103304 -7.604642 -1.552971 -2.884763 -0.996746 -1.634368 -1.223087 1.448949 1.300548 -0.816449 0.014200 -1.727295 1.588085 0.570573 -0.311796 -1.401570 -0.080265 0.090951 0.411853 0.159602 0.098002 0.337821 0.481639 -2.544247 0.995834 0.546713 0.150229 -0.453378 -0.839978 -0.626281 0.459833 -0.239668 0.034818 0.472370 0.582191 
0.000000 -27.080871 -11.620155 -6.970887 -2.030043 -5.571135 -1.708644 -1.455688 -0.008508 1.181413 0.866319 -0.166612 0.983448 -5.978124 2.416089 1.124841 0.045679 -1.381078 -1.365657 -1.074588 0.827971 -0.468946 -0.211754 0.498343 0.873130 -9.557493 0.488084 1.141493 0.697695 1.662573 0.262118 0.282518 -0.362321 -0.299760 -0.224644 -0.011153 -0.381094 
0.000000 -36.850876 -9.271125 -5.354960 -1.461614 -5.646919 -3.728060 -3.783544 0.432855 0.511057 0.877041 0.180237 1.760459 -20.842282 2.564253 2.853559 1.083594 1.923576 0.443971 0.655987 -0.312789 -0.439918 -0.351287 0.315515 -0.280549 -0.190967 2.302617 2.010505 0.535566 1.474892 1.889572 1.284053 -0.266047 0.288560 0.064652 -0.414723 -0.682079 
0.000000 -68.765435 -6.491648 -1.263768 0.137145 -1.723982 -0.820701 -0.143713 -0.634085 0.301577 0.163745 0.464418 0.422350 -6.360057 7.021322 5.145850 1.116810 1.568706 2.413488 1.493518 0.295876 0.108174 -0.082450 -0.331104 -0.491028 19.234488 2.208103 -0.017715 -0.021260 -1.375252 0.118638 -0.298826 0.953110 0.048560 0.124236 -0.246731 0.406878 
0.000000 -49.570990 4.771520 4.936740 0.772007 -2.509507 1.098917 -0.796507 1.024607 0.727404 0.712142 -0.481970 0.778403 17.626695 6.980459 2.818130 1.041074 -0.826927 0.681248 0.058335 1.593432 -0.342797 -0.102815 -0.177946 0.533207 8.270773 -3.009851 -4.158891 0.593117 0.202691 -1.416106 -0.444582 -0.310755 -0.205234 0.020740 0.415627 0.108400 
216.909149 -33.512045 7.469270 4.372492 2.219294 -3.377837 0.541796 -0.027044 2.552779 -0.384018 -0.041886 0.108526 1.488764 10.181490 1.001621 -3.171931 2.303044 1.974088 -0.418724 0.604354 -0.325634 -0.302295 -0.040969 0.500151 -0.274229 -7.580638 -4.717956 -3.142861 1.145273 2.732716 -0.152575 -0.236713 -1.578859 0.378422 0.087827 -0.115112 -0.720084 
219.218430 -29.208010 6.774762 -1.407122 5.378095 1.438669 0.261468 0.412200 0.373338 0.122814 0.630205 0.518332 0.229945 2.465418 -2.455453 -3.467592 3.331621 4.638505 0.376098 -0.415091 -1.564287 0.414047 0.072838 -0.408171 -0.906961 -4.925098 -1.972797 0.812444 -0.211154 0.368247 0.319856 -0.680713 0.189978 0.255266 -0.266666 -0.788403 -0.138594 
235.576050 -28.581208 2.558363 -2.562692 8.882535 5.899174 1.293992 -0.857227 -0.575794 0.444077 0.103791 -0.707816 -0.325159 0.331295 -2.943973 -1.547044 1.880736 2.710582 0.220988 -0.757072 0.054321 0.208238 -0.574300 -1.076655 -0.551417 0.125443 0.520277 1.323043 -1.632289 -2.831363 -0.704578 0.003350 1.091754 0.097648 -0.185603 -0.095954 0.387019 
254.018784 -28.545421 0.886817 -4.501211 9.139567 6.859833 0.703444 -1.101944 0.481979 0.539290 -0.518396 -1.634977 -0.872888 2.716305 -1.414899 -0.821505 0.067043 -1.024221 -1.033057 -0.408391 0.619221 0.609344 -0.298368 -0.600078 -0.132924 1.684086 1.525769 1.181293 -1.187512 -2.107176 -0.609910 0.033921 0.091716 -0.127552 0.605416 0.425883 0.339287 
264.414734 -23.148597 -0.271436 -4.205702 9.016620 3.850732 -0.772123 -1.674010 0.662649 1.662764 -0.492945 -1.907973 -0.591006 3.699468 0.107566 0.815541 -0.494287 -1.503771 -0.998831 -0.689230 0.237752 -0.046866 0.636532 -0.224888 0.127158 -0.156092 1.489208 0.527153 -0.705500 0.039006 0.239468 0.093130 -0.706818 -0.479205 0.497334 0.453772 0.196744 
267.781403 -21.146486 1.101948 -2.870128 8.150992 3.852291 -1.294218 -2.480405 0.957483 0.445558 0.754669 -2.084753 -0.618572 2.404121 1.563516 0.232802 -1.343957 -0.946209 -0.554121 -0.222132 -0.794414 -0.349067 0.696300 0.307465 0.260564 -0.812921 0.470654 -0.961840 -0.587351 0.111801 0.396679 0.633008 -0.784612 0.129405 -0.231232 0.426531 0.190437 
266.383667 -18.340355 2.855596 -3.740098 6.328705 1.958315 -1.880365 -2.118274 -0.926179 0.964630 0.899654 -1.293042 -0.069878 2.073625 1.048873 -1.108138 -1.668988 -1.280169 -0.205473 0.576786 -1.331473 0.211944 0.174068 0.628174 0.508032 -0.582645 -0.886326 -0.394920 0.087758 -0.039000 0.542884 0.394441 0.233059 0.339578 -0.240549 0.102365 -0.027676 
259.811127 -16.999235 3.199693 -5.086403 4.813015 1.291952 -1.705163 -1.326832 -1.705463 0.869446 1.102806 -0.828405 0.397492 1.238831 -0.209137 -0.557037 -1.168441 -1.024208 0.531646 0.566750 -0.328296 0.330089 0.215202 0.512196 0.205213 -0.752677 -0.715029 0.612126 0.629196 0.294571 0.324759 -0.202878 0.696409 0.082868 -0.030221 -0.174148 -0.268252 
251.593628 -15.862694 2.437321 -4.854173 3.991824 -0.090102 -0.817072 -0.984773 -1.582770 1.624807 1.330057 -0.268650 0.340547 0.568271 -0.381186 0.116115 -0.410596 -0.691027 0.444046 0.171029 0.061346 0.377681 0.113626 0.279878 -0.028472 -0.335280 -0.086024 0.336576 0.378923 0.166591 -0.043800 -0.197861 0.194821 0.023796 -0.050788 -0.116159 -0.116843 
