0.000000 -32.910257 3.252134 -3.611502 -6.104610 -4.726768 -2.702659 -0.975887 0.355549 -1.784698 0.952243 2.202621 -0.907609 1.903462 -1.627565 -0.887373 0.511237 -0.706829 -1.350156 -0.779363 -0.328859 -0.101936 0.037655 0.343671 0.967198 -2.723265 0.464155 0.666465 0.893425 0.243550 0.468892 0.244810 0.251566 0.327158 -0.124105 -0.104902 0.044556 
0.000000 -29.103332 -0.002996 -5.386248 -5.082137 -6.140425 -5.402970 -2.534614 -0.302168 -1.988570 1.027554 2.889962 1.026787 -3.543067 -0.699255 0.445558 2.298086 -0.219729 -0.412372 -0.289744 0.174273 0.552380 -0.210554 0.133866 1.056310 -5.461643 1.830816 0.826176 0.897990 0.561296 -0.525618 0.199348 1.022381 0.548125 -0.652230 -0.582512 -0.817133 
0.000000 -39.996392 1.853623 -2.720387 -1.508438 -5.166226 -3.527404 -1.555375 0.704095 -0.679939 0.531135 2.470353 1.205010 -9.019823 2.034068 0.764980 2.307216 0.415764 -2.401392 -0.380667 1.715904 0.994315 -1.266805 -0.821353 -0.667068 -0.216825 1.356702 -0.263474 -1.621230 -0.170984 -1.249127 -0.098690 0.411199 -0.029679 -0.292194 -0.479959 -0.831588 
0.000000 -47.142979 4.065140 -3.856289 -0.467705 -5.308897 -10.205753 -3.295949 3.129640 0.000060 -1.506057 1.247257 -0.307350 -3.976717 2.014149 -0.081391 -0.944374 -0.561697 -2.910625 -0.487124 0.996671 0.493021 -0.794941 -0.826052 -0.606865 1.921523 -0.860624 1.316069 -1.799032 -0.095544 2.261242 0.373702 -1.601054 -0.550778 0.847391 -0.000412 0.062588 
0.000000 -47.949826 5.881922 -2.883169 -3.397185 -6.289621 -9.348655 -2.529624 2.697436 0.306103 -1.058747 0.818250 -0.008720 -5.176777 0.312821 3.397117 -1.290849 0.224676 2.121092 0.366737 -1.486204 -0.107241 0.427977 -0.822176 -0.541893 6.218642 -3.651523 0.813517 1.632826 0.961952 3.402147 0.855986 -0.804946 -0.459415 0.647560 0.171892 0.265441 
0.000000 -57.496533 4.690781 2.937946 -3.049402 -4.859545 -5.963569 -2.562475 0.157232 -0.214421 -0.650103 -0.397095 -1.391135 8.460567 -5.288896 1.545643 2.321278 1.362207 3.893669 1.224849 -0.613222 -0.425808 0.500180 -0.482267 -0.075983 12.908325 -0.318162 -2.998999 1.908142 0.234263 -0.212950 0.310960 1.058590 0.036041 -0.089241 0.297546 0.453425 
0.000000 -31.028691 -4.695871 0.208118 1.245370 -3.565206 -1.561317 -0.079926 1.470992 -0.545514 -0.058387 -0.146285 -0.160687 20.639874 -0.323503 -2.600880 2.525436 0.693202 1.695192 0.988658 0.630975 -0.035159 0.249495 -0.227084 0.364957 -0.321722 5.616886 -1.940794 -0.871657 -0.602178 -2.164940 -0.915513 0.642306 0.215917 -0.416770 0.119007 -0.114739 
352.276733 -16.216785 4.043776 -2.263815 2.001470 -3.473142 -2.573185 -0.585160 1.419182 -0.284740 -0.151114 -0.851262 -0.661221 7.817123 5.944876 -2.335946 0.577964 0.157851 -0.436211 -0.606177 0.671390 0.006025 -0.333360 -0.244254 -0.305461 -9.965541 0.098946 1.083043 -1.279911 -0.029770 -0.781815 -0.692784 0.108863 0.022030 -0.400075 0.433600 -0.101677 
99.888802 -15.394445 7.193881 -4.463773 2.401297 -3.249504 -2.433740 -1.292280 2.813771 -0.533464 -0.725107 -0.634792 -0.771609 0.708791 -0.125611 -0.434794 -0.034385 0.633662 0.131563 -0.396910 0.848701 0.008901 -0.550656 0.640116 0.161603 -3.789380 -5.552833 2.336440 -0.767291 0.015860 0.356062 0.812561 -0.898981 0.131318 0.284861 0.391612 0.424065 
219.358353 -14.799203 3.792554 -3.133403 1.932700 -2.205817 -2.310059 -1.378980 3.116585 -0.266938 -1.252425 0.428970 -0.338015 0.238363 -5.160789 2.336934 -0.956619 0.189570 0.275914 1.018944 -1.126572 0.268661 0.236362 0.538970 0.542668 -1.605585 -3.306535 0.904691 -0.154268 -0.239530 0.804387 0.870165 -1.429122 -0.002567 0.659680 -0.366451 0.054749 
253.648438 -14.917718 -3.127698 0.210096 0.488059 -2.870364 -1.881913 0.745608 0.560627 0.003857 -0.252384 0.443148 0.313727 -2.502379 -6.738681 1.374588 -0.342922 0.154601 1.740337 1.343419 -2.009542 0.003766 0.768704 -0.092785 0.271100 -0.048671 3.923820 -1.595259 0.733626 -0.385169 0.431702 -0.261560 0.225001 -0.487246 -0.109624 -0.235729 -0.552507 
276.613037 -19.803962 -9.684808 -0.384228 1.246857 -1.896614 1.170614 1.307859 -0.902498 -0.259406 0.284982 0.243399 0.204186 0.141021 2.686850 -0.853583 0.510633 -0.580767 1.139318 0.495825 -0.676570 -0.705831 0.017115 0.067512 -0.562346 1.422623 7.003289 -1.291848 0.708346 -0.903723 -1.194151 -0.667393 1.224262 -0.058727 -0.733434 -0.013106 -0.648054 
329.938812 -14.635676 2.246002 -1.497070 1.509326 -4.031899 0.396724 1.737258 -0.792512 -1.407805 -0.218155 0.578173 -0.810965 0.342868 7.267898 -1.209108 1.073770 -1.652845 -0.647966 0.008633 0.438983 -0.113688 -0.698165 -0.118998 -1.025007 -5.399156 -1.000359 0.236010 0.333554 0.786597 -0.710829 -0.661898 0.328087 0.712507 -0.035136 -0.545784 0.297585 
302.998871 -19.118227 4.850987 -2.802443 3.394396 -5.202303 -0.125317 1.325125 -0.024531 -0.486781 -1.111348 0.005403 -1.845829 -10.657290 0.686132 -0.381563 1.177742 0.992427 -0.282340 -0.827972 -0.020397 0.719182 -0.053157 -1.024055 0.032824 -1.325170 -4.467507 0.879039 -1.490358 2.084011 -0.068179 -0.579322 -0.009171 0.052513 0.531870 0.100197 0.990117 
291.315216 -35.950257 3.618266 -2.260195 3.864810 -2.047045 -0.167957 0.081314 -0.833305 0.030559 -0.324468 -1.469937 -0.745317 -2.307473 -1.667116 0.548970 -1.906947 2.515178 -0.784324 -1.150011 0.420641 -0.008661 0.365575 0.081396 0.955228 10.284563 0.157220 0.760683 -1.327605 -0.557111 -0.683296 -0.198708 0.956542 -0.764250 0.177191 0.770151 -0.136295 
303.573486 -23.733174 1.516755 -1.704504 -0.419497 -0.171947 -1.693964 -0.974898 0.816751 -0.504103 -0.380198 0.168195 0.064626 9.911835 1.000573 1.139803 -1.477468 -0.121796 -1.648932 -1.225388 1.892687 -0.809319 0.301226 0.516247 -0.239766 3.775411 1.742380 -0.473969 1.445062 -1.916738 0.261720 0.228874 0.571485 -0.449606 0.095565 -0.397109 -0.242935 
291.788452 -16.126587 5.619412 0.019410 0.909875 -2.290637 -3.465821 -2.369463 2.952069 -1.588078 0.277983 -0.437443 -1.224848 5.243349 1.817643 -0.398968 0.983178 -1.318299 -0.260883 -0.692264 1.563610 -0.907874 0.556704 -0.712821 0.469357 -4.547802 -1.376143 -0.754339 0.830981 -0.172240 1.387289 1.359362 -1.381523 0.289167 -0.042437 -0.343642 0.663237 
283.607605 -13.246476 5.152040 -2.502440 1.546858 -2.808545 -2.215730 -2.359426 3.943972 -2.319851 0.733210 -1.257447 1.003340 0.816231 -1.751712 -0.368875 0.184495 -0.466277 1.125645 1.493335 -0.870359 -0.230985 0.216351 -0.171036 1.086708 -4.640899 -4.059482 0.714502 -0.392219 0.982015 0.647068 1.219695 -1.836235 0.791706 -0.391260 0.681107 -0.650959 
275.838287 -14.494125 2.115988 -0.718340 1.278864 -3.223191 -1.214531 0.617207 1.211351 -2.050047 0.710685 -0.779516 0.948568 -4.038450 -6.301322 1.030037 0.198740 0.645731 1.033253 1.747126 -2.108859 0.675538 -0.225815 0.649392 -0.832561 -1.652165 -0.002423 0.306869 -0.099090 0.414226 -0.471323 -0.532774 0.334508 0.365031 -0.360785 0.162287 -0.867772 
272.895844 -21.323376 -7.450604 -0.442366 1.944338 -1.517083 -0.149224 1.134827 -0.273745 -0.968775 0.281580 0.041337 -0.661782 -2.488099 -1.756559 0.244864 -0.013686 0.362174 0.182999 0.427787 -0.201343 0.499078 -0.505219 0.153537 -0.648835 3.596834 5.605428 -0.833375 -0.136764 -0.566764 -0.507794 -1.065995 1.822637 -0.498637 -0.381849 -0.354197 0.378375 
0.000000 -19.470323 -1.397129 -0.228612 1.251492 -2.498842 -0.848533 1.472781 0.808665 -1.051892 -0.299752 -0.472441 -0.349103 3.155219 4.909534 -0.636713 -0.074788 -0.487796 0.017665 -0.384864 1.536415 -0.321737 -0.989514 -0.059001 -0.075811 1.876855 0.986186 -1.008429 0.237321 0.057875 -0.377185 -0.927077 0.434119 -0.073315 0.115011 0.331890 0.279272 
261.580170 -15.012937 2.368463 -1.715793 1.794762 -2.492675 -0.113894 0.365100 2.799086 -1.612248 -1.697448 -0.076666 -0.813404 1.265612 0.215814 -1.771994 0.460957 0.477925 -0.571371 -1.426368 0.666895 0.352447 -0.275197 0.817317 -0.090292 -1.918001 -3.913876 -0.557625 0.446085 0.193345 -0.153184 -0.162453 -0.666099 0.402416 0.989231 0.184116 0.194300 
252.402069 -16.939099 -0.965502 -3.772601 2.173405 -1.542991 -1.991274 -1.379954 2.142455 -0.346998 -0.850146 1.162194 -0.529687 -0.680782 -2.918218 -1.751963 0.817382 -0.101106 -0.288704 -0.709771 0.204217 0.483095 0.988948 0.309230 0.312789 0.282769 -0.030801 0.692998 0.158455 -0.489725 0.488123 0.569896 -0.254208 -0.411107 0.344129 -0.621721 0.284436 
252.532288 -16.374502 -3.467972 -5.219718 3.429527 -2.694887 -0.691303 -1.054442 3.207519 -0.646059 0.280448 0.541794 -0.187826 1.831151 0.154211 -0.385998 0.777867 -0.501525 0.404874 -0.286576 0.158479 -0.469767 0.413061 -0.426124 0.478580 1.952393 2.544492 1.296344 -0.618619 -0.020500 -0.101402 0.278955 -0.363690 -0.435021 -0.778215 -0.389300 0.136726 
253.461288 -13.276797 -0.657080 -4.544597 3.729139 -2.546041 -1.181526 -1.953105 2.459413 -1.286531 -0.024024 0.309946 0.427474 3.224004 2.170767 0.840726 -0.419856 -0.142107 -0.491507 -0.151861 -0.523164 -0.386946 -0.567483 -0.469369 0.586241 -0.700101 0.346648 0.340358 -0.476114 0.048847 -0.394183 0.360910 -0.243478 0.175054 -0.381890 0.040931 -0.099597 
254.471191 -9.926493 0.873562 -3.538267 2.589815 -2.979101 -1.674317 -1.358164 2.161191 -1.419951 -0.854518 -0.396945 0.984656 0.430948 0.847508 0.294717 -0.174362 -0.403831 -0.383491 0.435244 -0.328477 -0.119658 -0.350719 -0.344262 0.279385 -5.627485 -1.347192 -0.552595 0.528291 -0.002079 0.326041 -0.034541 0.380341 0.182229 0.391533 0.452391 -0.332417 
250.519562 -12.414900 1.037936 -3.955162 3.380415 -3.353703 -1.948509 -1.082618 1.802460 -1.525847 -0.725463 -0.378578 0.986245 -8.030965 -0.523618 -0.264464 0.636725 -0.146264 0.160574 -0.220942 0.237519 -0.022487 0.215582 0.435413 -0.078593 -8.654608 -0.900882 0.487399 -0.101747 0.564678 0.407028 -0.067534 -0.143793 0.411069 0.430701 0.471392 -0.340681 
252.887741 -25.988424 -0.173673 -4.067196 3.863265 -3.271629 -1.353170 -1.800048 2.636229 -1.464926 -0.423353 0.473881 0.827471 -16.878268 -0.954256 1.269515 -0.377856 0.725525 0.430564 0.300175 -0.616063 0.702480 0.510683 0.598522 -0.401977 5.044383 1.087538 0.898219 -0.589385 0.133518 -0.089372 1.200550 -0.640249 0.354067 0.011770 -0.576434 -0.358673 
258.252106 -46.171436 -0.870576 -1.416132 2.624703 -1.902652 -1.087381 -0.482268 0.570334 -0.120886 0.295902 0.818465 0.182291 2.057801 1.651459 1.531974 -0.542045 0.120773 -0.018171 2.180158 -1.042980 0.685647 0.239121 -0.717455 -0.795940 16.733343 1.650082 -1.215660 0.682846 -0.985385 -0.233066 0.427555 0.288253 -0.656928 -0.250175 -0.631276 0.163030 
274.769897 -21.872822 3.129244 -1.003248 2.779175 -3.030084 -1.389512 2.560268 0.550270 -0.093631 0.054890 -0.961028 -0.764408 16.588417 2.345907 -1.161806 0.987836 -1.245245 -0.035568 1.155285 -0.039557 -0.611376 0.010332 -0.664029 -0.075916 1.715528 -0.936958 -1.359415 -0.078513 0.006618 -0.104168 -1.768626 0.706504 -1.106230 -0.210835 0.109277 0.723281 
257.178314 -12.994602 3.821238 -3.739744 4.600375 -4.393143 -1.158517 1.828302 0.491221 -1.343639 0.316566 -0.509593 0.030460 5.488858 -0.222458 -1.186855 -0.699071 0.134009 -0.226507 -1.357093 0.370029 -1.526812 -0.182549 -0.498900 0.650623 -8.146425 -1.163931 0.743503 -1.406848 1.050210 -0.231139 -1.514761 0.679782 -0.041371 -0.372464 0.062605 0.199557 
238.648544 -10.895106 2.684329 -3.376958 1.381034 -2.762066 -1.842525 -0.153918 1.290327 -3.147255 -0.310209 -1.958829 0.536839 0.295568 0.018045 0.325199 -1.825860 0.855174 -0.497846 -1.874237 1.320008 -0.694118 -0.734596 -0.538820 0.323197 -3.866069 0.588009 0.996667 0.431340 0.130051 -0.121932 -0.055885 0.455354 1.069957 0.060053 0.459625 -0.421375 
227.831070 -12.403467 3.857329 -3.089345 0.948654 -2.682795 -2.154209 -1.920171 3.131237 -2.731875 -1.152626 -1.587233 0.676855 -2.243280 0.953560 0.806479 0.163610 0.394112 -0.470370 -1.468864 1.280738 0.613103 -0.062443 0.420350 -0.192127 -1.963697 0.283313 0.302834 1.715108 -0.374372 0.151025 0.610617 -0.426346 0.533411 0.587466 0.607835 -0.197132 
223.268921 -15.381667 4.591448 -1.763999 1.708253 -1.973843 -2.783264 -3.091646 3.851803 -1.921050 -0.435096 -1.118128 0.152584 -3.631827 0.584671 0.930867 1.604355 0.106431 -0.195797 -0.653002 0.467316 0.372703 0.440337 0.676851 -0.071066 -0.967412 -0.665179 0.563662 0.777477 -0.314004 0.272414 0.752727 -0.529320 -0.119714 0.019753 0.179591 0.313055 
219.347382 -19.667121 5.026672 -1.227611 4.157364 -2.469933 -2.545803 -3.226174 4.065869 -1.986468 -0.271952 -0.233531 0.534722 -4.178104 -0.376797 1.933803 1.718563 -0.233896 0.074457 0.036591 0.222097 0.373675 -0.022937 0.779532 0.433983 -1.867351 -0.145455 0.975716 -0.399212 -0.143438 -0.162837 0.913615 -0.787379 0.432942 0.028792 -0.130804 0.054466 
214.985153 -23.737876 3.837853 2.103607 5.145379 -2.441635 -2.634350 -3.018464 4.295997 -1.173700 -0.480971 0.440936 1.020549 -7.366530 0.293761 2.882299 0.805931 -0.180445 -0.521470 1.174229 -1.107442 1.238587 0.497920 0.415242 0.037866 -5.150269 0.785575 -0.041481 -1.754640 0.143302 -0.107252 0.645739 -1.176720 0.316992 0.503086 -0.282686 -0.420612 
208.270889 -34.400182 5.614193 4.536988 5.769225 -2.830823 -3.588744 -0.877717 1.850985 0.490706 0.723888 0.596953 0.610455 -14.478642 1.194353 1.850842 -1.790717 0.052707 -0.140046 1.328069 -2.131344 1.007659 0.983235 0.214160 -0.407242 0.635566 -2.445204 -3.722750 -1.658979 0.670253 1.846620 -1.088188 -0.163414 -0.522898 -0.608012 -0.020916 -0.223461 
206.808731 -52.695161 6.226560 5.805292 1.563946 -2.336220 -2.914442 -0.362326 0.033309 0.841618 1.485499 0.869257 0.206066 -6.095399 -4.596647 -4.563201 -2.512027 1.160061 3.171770 -1.002147 -1.434270 0.192790 -0.718105 0.373410 -0.409055 14.982905 -3.506550 -4.173199 1.937230 1.076171 1.514810 -0.554235 1.532095 -0.268052 -1.031987 0.216952 0.173992 
190.027740 -46.590980 -3.579101 -4.589413 0.745171 -0.510700 2.754795 -2.882012 -1.017554 0.876287 -0.712321 1.343773 -0.207656 15.487167 -5.818748 -6.495556 2.083743 2.205048 2.889575 0.219600 0.932846 0.471555 -1.080739 0.648065 -0.059259 11.249523 2.180683 1.988446 2.954762 -0.024451 -2.200857 1.037372 1.438041 0.072506 0.555194 0.004464 0.261420 
0.000000 -21.720826 -5.410935 -7.185820 5.731432 2.073877 2.864707 0.076873 1.899000 1.784728 -0.675979 2.165387 0.087549 16.403646 -0.235282 -0.586309 3.397497 1.111160 -1.229944 1.072597 1.441813 0.337803 0.392283 0.382339 0.113784 -6.150812 3.883811 3.768031 -0.903521 -1.709171 -2.454658 -0.154652 -0.280200 -0.259640 0.956584 -0.645304 0.048980 
0.000000 -13.783688 -4.049665 -5.762032 7.540164 1.711619 0.294907 -0.736817 1.866072 1.551893 0.072246 2.108451 0.019912 3.185542 1.948874 1.040506 0.276700 -1.213294 -2.019742 -0.089704 0.372446 -0.047724 0.832430 -0.642543 0.038701 -9.425086 1.166772 0.933226 -2.140280 -1.839599 0.296808 -0.876401 -0.671106 -0.466551 -0.108438 -0.272343 -0.154689 
201.713287 -15.349742 -1.513187 -5.104807 6.284832 -0.352711 -1.174776 -0.102535 2.643893 1.689280 0.988881 0.880300 0.164952 -2.446526 2.098262 1.280142 -0.883064 -2.568038 -0.636328 -0.680205 0.099601 -0.595298 0.175407 -0.162347 -0.195594 -4.223282 -1.117382 0.191451 -0.499571 0.323860 1.179451 -0.501881 -0.476007 -0.469705 -0.581297 0.481442 -0.204607 
223.382736 -18.676740 0.146859 -3.201748 5.774037 -3.424457 -0.977750 -2.097226 2.065274 0.361296 0.423061 1.783757 -0.371277 -5.261023 -0.285890 1.423409 -0.722443 -0.565573 0.339160 -1.093467 -0.579567 -0.987133 -0.330164 0.320341 -0.370512 -2.057559 -3.294346 -0.734847 -0.525635 2.846469 -0.100213 0.682905 -0.317334 0.038514 -0.397298 -0.200514 0.290988 
241.477173 -25.871788 -2.084967 -2.257990 4.839947 -1.483857 -0.496457 -2.289469 1.484758 -0.284987 0.328553 1.520982 -0.576072 -6.561644 -4.490430 -0.189552 -1.934333 3.124899 -0.836755 0.685605 -0.535068 -0.518271 -0.619189 -0.563375 0.386381 2.745929 -3.378177 -1.678810 -1.806048 0.757878 -0.576634 1.597640 0.355925 0.427824 -0.189454 -0.508224 0.426754 
270.406799 -31.800029 -8.834000 -3.580853 1.905371 2.825342 -2.651259 -0.726016 0.995138 -0.675246 -0.815317 0.657007 0.401485 0.230836 -7.042244 -1.934211 -4.334539 0.950182 -0.814108 2.101814 0.132283 -0.131486 -0.709071 -0.696107 0.482995 4.866142 1.660939 -0.242760 -1.118341 -2.776502 0.358735 0.034230 0.444217 0.374065 0.526510 0.136247 -0.247399 
0.000000 -25.410117 -16.169455 -6.126412 -3.829132 0.416507 -2.124673 1.914158 1.749324 -0.547959 -1.089590 0.128769 0.389919 3.170639 -1.168551 -0.675072 -4.171014 -2.428104 -0.119284 0.754066 0.353366 0.229859 0.433832 -0.290882 -0.108416 -2.871889 6.746836 1.421417 1.102829 -1.334845 0.184691 -1.659784 -0.160041 0.412844 0.916205 0.417889 -0.205127 
0.000000 -25.458751 -11.171103 -4.930997 -6.436658 -2.030866 -2.889827 0.782116 1.701871 -0.215528 0.052346 0.075244 0.184652 -5.512943 6.451429 0.908623 -2.128881 -1.719508 -0.444725 -1.217754 -0.187800 0.694202 1.123339 0.139671 0.072742 -5.893643 4.696692 2.530022 3.489058 1.233462 0.796070 -0.462665 -0.494726 0.073137 0.267409 0.421688 0.269431 
0.000000 -36.436002 -3.266598 -4.309167 -8.086894 -3.022508 -3.014124 -0.521350 1.373725 0.840444 1.157087 0.408110 0.535402 -8.616648 8.224833 4.384973 2.807101 0.038820 1.472855 -0.171265 -0.636086 0.376134 0.968650 0.552495 0.430446 3.973057 -1.548778 2.278093 5.011809 -0.067835 0.553830 1.011921 0.000237 -0.554117 -0.195102 0.027000 -0.343483 
0.000000 -42.692046 5.278563 3.838948 -0.822457 -1.953227 0.055883 0.439585 0.429698 0.536740 1.989646 1.180235 1.045544 2.433172 3.353873 5.464809 7.894737 -1.855178 0.662935 0.806089 -0.187326 -0.414032 0.733134 0.193671 -0.614224 8.169716 -3.868363 -3.574376 0.231450 -0.505620 -1.343252 0.457122 0.755861 -0.222617 -0.884509 -0.784449 -0.563663 
201.139420 -31.569658 3.441149 6.620451 7.702579 -6.732864 -1.688253 1.090828 0.999073 0.012380 2.623355 0.795452 -0.693046 7.722784 0.488107 -2.763779 3.270000 -0.972420 -1.213649 0.742978 0.875636 -0.069100 -0.800367 -1.016402 -0.696880 -0.568832 0.118760 -5.399608 -5.489183 2.349505 -0.600733 -0.209297 0.490122 0.086492 -1.153994 -0.177578 0.356230 
180.591080 -27.246479 6.254777 -1.688609 5.717543 -3.898068 -2.371414 1.925542 2.180970 0.398539 0.388912 -0.852569 -0.348216 1.295509 3.591394 -5.334407 -3.083629 2.843832 -0.538532 0.387495 0.792918 -0.241048 -1.574854 -0.161485 0.098236 -1.656496 -0.291414 0.795745 -2.242015 0.302187 1.048212 -0.808528 -0.537541 -0.651723 0.005751 0.598613 0.251127 
159.730865 -28.978640 10.623937 -4.048363 1.535321 -1.045199 -2.765316 1.865819 2.584910 -0.469715 -0.526353 0.472483 -0.496574 4.409792 -0.094721 -1.172290 -1.214031 -0.368047 0.882776 -0.874078 -0.199446 -1.372547 -0.788865 0.180824 -0.194627 2.445618 -3.500201 2.428802 2.085000 -2.611669 0.800332 -0.904646 -0.680851 -0.538451 0.827358 -0.277925 0.098285 
299.450256 -18.426895 6.065336 -4.033188 3.289482 -4.634161 -0.605863 0.177386 1.782078 -2.346554 -1.188819 -0.490921 -0.737470 6.186745 -3.409007 -0.476802 1.086370 -2.379505 1.062133 -1.421797 -0.568783 -1.317949 0.079863 -0.717334 0.294806 -2.346394 -0.436874 0.446635 0.090883 0.079592 -0.357207 -0.164814 0.272737 0.404417 0.627425 -0.077984 0.299920 
141.129913 -16.605151 3.805922 -5.001967 3.708061 -5.804209 -0.641050 -0.977776 1.447344 -3.105613 -0.366627 -0.962186 0.093038 -0.282995 -0.968469 -0.279021 -1.032264 -0.208862 0.168361 -1.203706 0.346028 -0.563712 0.465985 0.024857 0.405214 -4.954944 1.968715 0.349616 -1.163681 1.691050 -0.576816 0.516143 0.559028 0.708092 -0.167222 0.638110 -0.037529 
70.943405 -18.992885 4.128398 -4.591229 1.224953 -5.051884 -0.269141 -2.230025 2.474134 -3.473977 -0.256848 -0.441207 0.072958 -3.723143 0.528423 0.222431 -1.240992 1.002594 -0.091499 -0.389512 0.549273 0.098235 -0.254582 0.558885 0.219749 -4.845571 -0.180178 0.158113 0.037627 0.993089 -0.188723 0.811311 -0.033079 0.463157 -0.142436 0.371882 -0.042877 
52.950874 -24.051436 4.862768 -4.557105 1.226076 -3.799020 -0.824048 -1.756799 2.545889 -2.909142 -0.875790 0.155584 0.532535 -9.974137 -1.328825 0.037205 -0.957011 1.777316 -0.209085 0.418915 0.279870 0.362602 0.181114 0.768622 0.319460 -6.008164 -1.110410 0.553964 -0.679749 -0.025946 -0.225549 0.560942 -0.837363 0.405757 0.305475 0.091159 0.031534 
188.285446 -38.941159 1.470748 -4.516819 -0.689069 -1.497253 -0.687310 -1.392195 3.033874 -2.748773 0.105380 1.096036 0.711878 -15.739471 -1.692397 1.330359 -2.600491 0.950701 -0.542598 0.732373 -1.125453 0.909750 0.356369 0.741203 0.282817 -0.840428 0.219829 1.818296 0.347743 -1.025813 -0.032014 0.133440 -0.885807 0.486035 -0.177521 -0.719769 -0.364067 
0.000000 -55.530378 1.477974 -1.896387 -3.974906 -1.897617 -1.909243 -0.292053 0.294984 -1.089642 -0.163052 1.637989 1.098169 -11.654993 -0.889167 3.673797 -0.261525 -0.274311 -0.273112 0.685796 -1.491745 1.334671 -0.173928 -0.670917 -0.408674 11.219753 2.577949 -0.001449 1.592092 -0.209130 0.579167 -0.470321 0.452483 -0.271259 -0.480494 -1.033375 -0.490658 
0.000000 -62.251144 -0.307587 2.830775 -1.212119 -2.045874 -1.233533 -0.020603 0.050384 -0.079430 -0.242477 -0.245798 -0.105469 6.700036 3.463501 1.327461 0.583692 0.532441 0.615737 -0.208268 -0.220486 0.367231 -0.604619 -1.325548 -0.698499 9.290647 3.729445 -2.977483 0.124115 0.930531 -0.036372 -0.465883 1.105117 -0.508833 0.254997 0.452418 0.186600 
0.000000 -42.130305 8.404975 0.758536 -2.807522 -0.832735 -0.677769 -0.708589 -0.145989 -0.355180 -1.372291 -1.013108 -0.298830 6.926301 6.569723 -2.281170 -0.013295 1.586751 -0.345855 -0.245970 0.718489 0.317004 0.336066 0.233919 -0.035473 -4.917077 -0.625029 -1.286256 0.100357 0.223870 -0.619737 0.153146 0.518581 0.043824 0.752796 0.971561 0.379853 
67.057327 -48.398543 12.831860 -1.731565 -1.238709 1.127628 -1.925244 -0.512543 1.487362 0.554579 0.429656 0.222040 -0.176416 -3.134119 2.213442 -1.245050 0.784406 0.980182 -0.623738 0.098023 0.816675 0.454879 0.900973 0.617574 0.061207 -5.030210 -2.178140 0.518060 0.398851 -0.303285 -0.138941 0.171996 0.049093 0.068937 0.282453 0.191828 0.048340 
