0.000000 -7.217647 -4.831435 -4.785077 -1.581956 -2.514045 -1.321387 -4.776150 -0.752570 0.101728 1.764943 -0.078802 0.881041 -2.307885 0.798453 0.421527 -0.387103 -0.085057 -0.556356 0.148482 -0.314582 0.203307 0.204894 0.391437 -0.226862 -2.882785 -0.268271 -0.207809 0.150599 0.412794 -0.290739 0.276782 0.074199 -0.117777 -0.103701 0.068756 -0.209370 
0.000000 -11.833417 -3.234528 -3.942024 -2.356161 -2.684158 -2.434099 -4.479185 -1.381733 0.508341 2.174732 0.704071 0.427318 -8.073454 0.261912 0.005909 -0.085904 0.740531 -1.137834 0.702047 -0.166184 -0.032248 -0.002507 0.528950 -0.645601 -5.131256 -1.058023 -0.993869 0.639469 0.795549 -0.295110 0.174918 0.241832 -0.552237 0.116446 -0.400151 0.027128 
0.000000 -23.364556 -4.307611 -4.773259 -1.753764 -1.032982 -3.597055 -3.372056 -1.084938 0.037232 1.759929 0.979097 -0.410161 -12.570398 -1.317593 -1.566211 0.891835 1.506041 -1.146575 0.498318 0.169082 -0.901168 0.437786 -0.408866 -0.172606 -3.962538 -0.630526 -1.003968 0.724325 0.853713 0.719235 -0.235720 0.248590 0.282361 0.170847 -0.905303 0.391721 
0.000000 -36.974212 -5.869715 -7.074446 -0.572491 0.327924 -4.727250 -3.482549 -1.043569 -1.293994 3.050303 -0.113660 0.082106 -15.998530 -0.999141 -2.002027 1.362745 2.447958 0.300636 0.230606 0.330997 0.532473 0.339187 -1.281655 0.137841 1.697778 1.837236 2.410461 -0.071003 -0.319808 1.705179 0.453116 0.279036 1.080127 -0.923088 0.111300 0.016083 
0.000000 -55.361615 -6.305893 -8.777312 0.971726 3.862935 -2.995783 -2.910845 -0.422945 1.102178 2.438303 -1.584213 -0.134479 -9.174842 2.356879 3.254710 0.749829 0.866426 2.263784 1.404549 0.727155 1.259086 -1.408391 -0.186265 -0.140440 16.631514 2.536565 2.785993 -0.544189 -1.745699 1.448209 0.158375 0.338002 -0.437853 -0.636302 1.044554 0.021301 
0.000000 -55.323896 -1.155956 -0.565026 0.927166 2.060776 -0.199683 -0.673451 0.410742 1.224179 0.233522 -0.486190 -0.198775 17.264499 4.073988 3.569960 0.274367 -1.043441 3.197054 0.547356 1.007000 -0.343233 -0.933417 0.807454 0.180443 16.221930 -1.037264 -1.772678 -0.353165 -0.642965 -0.186465 -1.014351 0.341319 -0.932097 0.771183 -0.104878 0.127197 
334.021576 -20.832617 1.842084 -1.637393 1.520460 1.776054 3.398325 -1.816133 1.591056 0.415712 0.571469 0.030694 0.226406 23.269017 0.282351 -0.290647 0.043498 -0.419504 1.890853 -0.624152 1.409793 -0.605109 0.133976 -0.396022 0.113954 -4.552729 -2.962084 -1.834458 -1.076898 0.171615 -1.704319 0.202728 0.048922 0.204993 0.148153 -1.013644 -0.272609 
0.000000 -8.785862 -0.591254 -1.146319 1.014163 1.221769 3.582024 -1.921756 3.230327 0.013962 0.501474 -1.278234 0.029133 8.159041 -1.850180 -0.098956 -1.879429 -0.700211 -0.211583 0.952812 1.104845 0.066754 -0.637111 -1.219834 -0.364776 -11.466388 -0.649380 0.253156 -0.947943 0.192402 -1.222128 1.072176 -0.740429 0.511679 -0.127243 0.195946 -0.358878 
0.000000 -4.514536 -1.858276 -1.835305 -2.238398 0.375631 2.975158 0.089490 3.800746 0.549220 -0.702754 -2.408973 -0.503146 0.336240 -1.016408 0.215665 -1.852387 -0.034700 -0.553402 1.520200 -0.071066 0.418249 -0.120510 -0.004129 -0.603802 -5.912386 0.135354 1.334898 0.591846 0.313578 -0.574468 -0.143869 -0.848588 0.123594 0.317560 0.914637 0.339977 
0.000000 -8.113381 -2.624070 -0.714989 -2.690611 1.152369 2.475220 1.118645 3.088195 0.850460 0.260454 -1.286492 -1.178471 -3.665732 -1.579473 2.570840 -0.695738 -0.073056 -1.360520 0.665073 -0.592331 0.313942 -0.001990 0.609441 0.315178 -1.274228 -0.738850 0.857434 0.896351 -0.316946 -0.120544 -0.696362 -0.540934 -0.160312 -0.065915 0.398799 0.719372 
0.000000 -11.846000 -5.017221 3.306375 -3.629874 0.229519 0.254118 1.419637 2.616085 1.177103 -0.706734 -1.190090 0.127210 -2.212215 -2.494109 1.930533 -0.059685 -0.668593 -0.794491 0.127476 -1.152934 0.097626 -0.252339 0.793470 0.834942 3.835347 0.794926 -2.231242 0.879470 -0.738861 0.979973 -0.736268 -0.291098 -0.322475 0.182891 0.415416 0.137275 
0.000000 -12.537810 -7.612288 3.146076 -2.809980 -0.184816 0.886239 1.373597 0.782326 1.045711 -0.244224 0.300447 0.491413 4.004962 0.010380 -1.891644 1.063203 -1.550779 0.599427 -0.807463 -1.174527 -0.331009 0.363792 1.440273 0.589727 3.504035 1.922145 -1.966196 0.282583 0.013625 0.524456 -0.962829 0.182490 -0.398416 0.445323 -0.212154 -0.508404 
0.000000 -3.836076 -4.996462 -0.476913 -1.503469 -2.872039 1.452972 -0.195288 0.267031 0.515086 0.020850 1.690456 1.306664 4.795854 1.350181 -2.001860 0.505481 -0.641342 0.254422 -1.798182 -0.787954 -0.699207 0.638306 0.369162 -0.181866 -3.567453 0.745886 1.151111 -0.560262 0.883389 -0.140549 -0.143628 0.466684 0.009772 0.256139 -0.936269 -0.315713 
0.000000 -2.946101 -4.911926 -0.857643 -1.799018 -1.467500 1.395084 -2.222768 -0.793582 -0.352703 1.032388 1.038772 0.127682 -3.129944 1.502151 0.410577 -0.057320 0.215999 0.318329 -1.094720 -0.241158 -0.311464 0.876070 -0.432265 -0.041699 -5.092461 -0.252167 1.474201 -0.115002 0.171623 -0.065060 0.832714 0.384362 0.354804 -0.280494 -0.089114 0.197940 
0.000000 -10.095965 -1.992160 0.344240 -1.618109 -2.440041 2.089629 -2.384728 -0.215286 -0.107842 1.772991 0.825927 1.223265 -5.389068 0.845848 0.946543 0.275478 -0.298096 0.124303 -0.132754 -0.019231 0.010400 0.077318 0.190934 0.214014 0.364508 -1.312411 -0.150790 0.327292 0.026616 -0.417185 0.612518 0.055144 0.225609 -0.720898 0.430160 -0.272037 
0.000000 -13.724238 -3.220231 1.035443 -1.248063 -2.063692 1.643690 -2.488276 -0.832044 -0.331903 1.187024 1.420640 0.555711 -2.400928 -1.122671 0.108998 0.597264 0.269232 -0.516041 0.130317 -0.130870 0.139754 -0.565725 0.428056 -0.585773 0.702349 0.005427 -0.586393 -0.019342 0.600769 -0.266865 -0.118729 -0.159212 0.166252 0.067389 -0.231998 -0.004822 
111.893951 -14.897821 -4.237502 0.562236 -0.423581 -1.901577 1.057548 -2.124094 -0.477027 0.171665 0.641541 1.682039 0.051720 -3.984371 0.856702 -0.226243 0.236794 0.903443 -0.409427 -0.370212 -0.337656 0.342904 0.212096 -0.273063 0.204371 2.880041 0.515400 -0.461735 0.002678 0.462687 -0.080116 -0.176285 -0.279270 -0.363273 0.415124 -1.158026 0.051855 
74.037941 -21.692979 -1.506827 0.582956 -0.774476 -0.256807 0.824836 -3.228699 -1.507356 0.353905 1.611216 0.874514 0.964454 3.359153 -0.091872 -0.814473 0.602621 1.194606 -0.676272 -0.222253 -0.689411 -0.586793 0.264523 -1.887997 -0.482062 6.459196 -1.225251 -0.802855 -0.012194 -0.383480 -0.354237 0.005224 0.260775 -0.254374 -0.261885 -0.742754 -0.623856 
322.694702 -8.179515 -4.421246 -1.066709 0.781660 0.487634 -0.294997 -2.568600 -1.855849 -1.001921 1.170587 -2.093955 -0.912404 8.934021 -1.593800 -1.831953 0.212406 0.136482 -1.117902 -0.359764 0.183894 -0.165844 -0.311675 -1.758572 -1.043341 -0.452436 0.351970 0.058249 -0.770909 -0.792203 0.318642 0.321520 0.647093 0.631823 -0.127890 1.428243 0.312446 
0.000000 -3.824937 -4.694426 -3.080950 -0.349664 0.016157 -1.410968 -3.948226 -1.139568 0.022218 0.987866 -2.642630 -1.122229 2.454280 0.612068 -0.697974 -0.939198 -0.389801 -0.038988 0.420788 0.604775 0.676853 0.008744 0.968488 0.142830 -5.757749 1.303494 1.924463 -0.412788 0.137040 0.949098 1.055269 0.048524 0.203171 0.407883 1.808941 0.876198 
361.298645 -3.270954 -3.197109 -2.462658 -1.096736 -0.291969 -0.372972 -1.727024 -0.646298 0.351785 1.188075 -0.156979 -0.626745 -2.581477 1.013188 2.016973 -0.613171 0.410563 0.780295 1.750774 0.280942 0.240498 0.504090 1.859311 0.709055 -3.592912 -1.374659 1.311459 0.397269 0.463563 0.132725 -0.271317 -0.559036 -0.520854 -0.178751 -0.241975 0.021421 
86.308708 -8.987892 -2.668050 0.952995 -1.576007 0.837282 0.149622 -0.446678 -0.577683 0.503213 1.996046 1.075992 0.295882 -4.731544 -2.137249 1.924944 -0.144660 0.537324 0.226462 -0.121846 -0.513297 -0.364856 -0.348759 0.484539 0.185671 -0.742406 -1.800790 -0.774277 0.513717 0.011173 -0.299377 -1.117319 -0.503213 -0.274241 -0.483719 -1.145788 -0.430241 
391.027130 -12.734042 -7.471608 1.387231 -1.386056 0.782679 0.079951 -1.970716 -1.672891 -0.377927 0.490557 0.812099 -0.255402 -4.066290 -2.588392 0.468419 0.414264 0.432908 0.181540 -0.483863 -0.725484 -0.307985 -0.463347 -0.432265 -0.151426 2.008729 2.565095 0.099800 0.675449 -0.903162 0.443699 0.673250 0.908361 0.716834 0.041611 -0.464659 -0.144643 
149.591507 -17.120472 -7.844835 1.889833 -0.747480 1.703098 0.512701 -1.414405 -2.028651 -0.112757 1.069352 0.211462 -0.006971 -0.714087 2.992941 2.124544 1.206239 -1.269000 1.113860 1.224654 1.303426 1.068812 -0.265538 -0.444780 -0.103615 3.010513 3.036959 0.934614 0.964955 -2.148503 -0.047964 0.817202 0.750174 0.362967 0.408976 0.501983 0.224261 
0.000000 -14.162216 -1.485726 5.636318 1.026421 -1.755321 2.307672 0.478592 0.933961 1.759697 -0.040518 -0.077461 -0.462631 1.954735 3.485526 2.337646 2.344173 -3.864097 0.085612 1.150541 0.774865 0.417950 0.354605 0.571700 0.297096 1.027292 -1.461973 -0.998466 0.036862 -0.855168 -1.191973 -0.611538 -0.881895 -0.970573 0.526054 0.445991 0.493554 
0.000000 -13.211001 -0.873783 6.565125 3.940866 -6.025097 0.683925 0.886676 -0.478922 0.723143 1.778561 1.354862 0.587222 1.340497 0.068995 0.127611 1.279963 -2.979336 -1.270085 0.001578 -0.460365 -0.872333 0.786571 0.447201 0.883494 -0.841700 -1.481914 -1.223953 -1.707521 1.753275 -0.502664 -0.667218 -0.275307 -0.308087 -0.283698 -0.343682 -0.091111 
0.000000 -11.481222 -1.347737 5.891540 3.586348 -7.713993 -0.232499 0.481748 0.013232 0.015030 1.532623 0.816941 1.304357 0.271335 0.521698 -0.110260 -1.070869 -0.357548 -0.919716 -0.183895 0.224251 -0.198225 -0.212792 -0.115663 0.114875 -1.812224 -0.119535 0.867642 -1.258130 2.100996 0.467122 0.094720 0.171452 0.611076 -0.284667 -0.153716 -0.535608 
0.000000 -12.668332 0.169613 6.344605 1.799128 -6.740192 -1.155506 0.518886 -0.030420 0.326692 1.352977 1.123536 0.816971 -2.283950 -0.170075 1.862895 -1.236296 1.222657 -0.335842 0.191019 -0.117461 0.349819 0.217237 0.139770 -0.187722 -1.001756 -0.559944 0.440773 0.258331 0.399223 0.315377 0.139569 -0.277964 0.135378 0.207564 -0.009711 -0.080783 
0.000000 -16.049122 -1.687887 9.617329 1.113756 -5.268680 -0.904182 0.863785 -0.221689 0.714669 1.967098 1.096482 0.928913 -1.732177 -0.598190 0.771285 -0.554207 0.440899 -0.288961 0.095243 -0.331678 0.072530 0.202335 -0.135085 -0.046692 2.105422 0.686218 -2.355685 0.203642 -1.257302 -0.059111 -0.469413 0.294957 -0.637232 -0.348372 -0.280006 -0.293203 
0.000000 -16.132686 -1.026767 7.887176 0.690714 -5.858395 -1.733429 0.709372 -0.693775 0.471752 1.757647 0.853365 0.723587 1.926894 1.202362 -2.848475 -0.829013 -1.291948 -0.454064 -0.747807 0.472453 -0.924645 -0.479507 -0.420242 -0.774127 2.895049 -0.509801 -1.955593 -0.216704 -0.377429 -0.307949 -0.932264 0.200679 -0.505203 -0.433103 -0.017802 -0.316070 
385.849152 -12.195334 0.716837 3.920379 -0.544271 -7.852575 -1.812309 -0.631829 0.723217 -1.134621 1.008083 0.255997 -0.619340 4.057920 -1.617791 -3.139900 -0.987615 -0.313959 -0.904859 -1.769284 0.069681 -0.937876 -0.663871 -0.170690 -0.678831 0.754008 -2.155644 0.295817 -0.241273 1.327036 0.168399 -0.119752 -0.392031 0.489132 -0.116419 0.124702 0.241183 
0.000000 -8.016845 -4.262350 1.607375 -1.284516 -6.486312 -3.543148 -2.829197 -0.554413 -1.403999 0.429905 0.511986 -0.634075 3.434910 -3.108927 -2.256841 -1.311559 1.362125 -0.117265 -0.987310 -0.311609 0.053618 -0.712344 -0.170837 -0.291760 -1.339454 0.553535 1.008212 0.018152 0.527272 0.894731 1.116756 0.414003 0.884734 -0.077547 0.069874 0.258143 
302.583801 -5.325513 -5.501016 -0.593303 -3.167389 -5.128326 -2.046839 -2.606450 0.099999 -1.027384 -0.416606 -0.085678 -1.202861 1.379013 -0.510722 -1.123476 -0.951311 0.740585 0.884602 0.464228 0.897686 0.831593 -0.818966 -0.030942 -0.162545 -2.561933 1.255706 1.007095 0.656903 -1.231381 -0.271526 1.058812 0.819956 0.499202 0.343693 0.226675 0.169059 
317.931030 -5.258820 -5.283795 -0.639577 -3.187139 -5.005142 -1.773943 -1.900742 1.240959 0.259186 -1.208026 0.450101 -0.959164 -1.688956 -0.597514 -0.242651 0.002247 -1.100637 -0.660318 1.130313 1.328303 1.052023 -0.024959 0.282512 0.046357 -2.638895 0.784208 1.398495 0.979717 -1.280630 -0.434029 -0.071465 -0.429711 -0.426669 0.918923 -0.170951 -0.091880 
0.000000 -8.703424 -6.696044 -1.078605 -3.162894 -7.329600 -3.367475 -0.345823 2.756605 1.076663 -0.466524 0.479346 -1.110146 -3.898778 1.057694 1.673513 1.008123 -1.820676 0.016543 0.321297 0.038265 -0.021745 1.018880 -0.372844 -0.346305 -0.955982 1.458980 2.018527 1.056382 0.372454 0.987816 -0.808055 -1.247622 -1.100154 0.285062 -0.419114 0.045264 
0.000000 -13.056375 -3.168407 2.707450 -1.170893 -8.646493 -1.740856 -1.258147 1.317489 0.215697 0.829733 -0.295586 -1.651775 -3.600919 2.320445 3.794403 2.115012 -0.355730 1.315314 -0.485796 -1.166941 -1.148284 0.545165 -0.555716 0.136886 -0.068807 0.099352 0.640425 0.256654 1.021551 -0.104618 -0.178647 -0.202514 -0.415847 -0.466392 0.305935 0.578115 
325.360077 -15.905263 -2.055154 6.510201 1.067130 -8.041061 -0.736848 -1.317415 0.422724 -1.219905 0.623806 -0.632086 -0.836373 -4.036392 1.256398 2.954364 1.521431 0.222427 -0.192694 -0.035997 -0.366764 -0.853439 0.086096 0.239027 0.809925 1.921802 -0.416788 -1.783130 -1.068310 0.377150 -1.204037 0.507858 1.170221 0.344503 -0.428630 0.346127 0.084386 
307.400940 -21.129160 -0.655611 8.616178 1.871969 -8.201638 -2.126243 -1.330140 0.583960 -1.491181 1.001925 0.182469 -0.031925 0.242685 1.486869 0.228142 -0.021608 0.398570 -1.092760 0.529919 1.173502 -0.459277 -0.312095 0.136539 0.305657 3.723559 -0.151450 -3.096050 -1.475244 1.207756 0.719813 0.227720 0.417240 0.594775 -0.481068 -0.295381 -0.476466 
278.538879 -15.419893 0.918583 6.966486 1.023914 -7.243921 -2.922368 -0.257577 2.769727 -2.138460 -0.000385 -0.359008 -0.225059 3.410725 0.953497 -3.237735 -1.429057 2.637940 1.246933 0.419444 0.467715 0.336111 -0.876039 -0.351734 -0.143008 2.049555 -2.065954 -3.019414 -0.609621 1.069257 1.839741 -0.432689 -1.004156 0.972633 0.223856 0.403098 -0.187537 
282.276764 -14.307709 1.251383 2.140707 -0.986146 -2.925759 0.367622 -0.491253 1.519391 -0.818959 -0.750153 -0.521000 -0.317941 4.341796 -2.645039 -5.810686 -1.240849 2.537084 2.586722 -0.335460 -0.834811 1.485988 0.135617 0.942734 -0.069417 0.545282 -1.730878 0.489777 0.967860 -1.046825 -0.053436 -0.499343 -0.621740 0.165914 0.706783 0.804867 0.270286 
0.000000 -6.736302 -4.371495 -4.654887 -1.457784 -2.169754 2.251077 -0.928496 1.100105 0.833516 0.270850 1.526460 -0.363892 4.501290 -2.508258 -2.258181 0.506663 0.544289 1.140061 -0.579243 -0.775765 0.667939 0.537526 1.258000 0.397565 -2.450990 1.836158 4.002624 1.476590 -2.221247 -1.046534 0.315090 0.363279 -0.678391 -0.099464 -0.513009 0.069807 
0.000000 -5.305129 -3.765133 -2.375655 0.027181 -1.837181 2.647743 -1.649738 -0.032138 0.516918 0.324899 1.995000 0.477188 -0.560185 1.027277 2.194562 1.712330 -1.905409 0.493653 0.294721 -0.108253 0.129207 -0.063311 -0.083284 0.070198 -3.088189 1.242543 0.934110 -0.375001 -1.746148 -1.101003 0.832153 0.405246 -0.027564 -0.104978 -0.946051 -0.282246 
0.000000 -7.856672 -2.316942 -0.265763 1.966875 -5.980573 3.238383 -0.339054 0.883599 1.091930 0.144228 1.359893 -0.223495 -1.675089 -0.023173 -0.389960 -0.243338 -2.948007 -1.061945 1.085063 0.034728 0.612811 0.327569 -0.634102 -0.166927 0.032544 -0.894378 -1.772837 -1.235014 0.460329 -1.129313 0.181150 -0.204893 0.163229 0.288141 -0.256374 -0.027889 
0.000000 -8.655307 -3.811478 -3.155576 -0.459496 -7.733195 0.523854 0.520387 0.037317 1.742540 0.980037 0.726796 0.143333 -0.495096 -0.761480 -1.351112 -0.757699 -0.984751 -1.764973 0.657021 -0.518039 0.455664 0.512971 -0.596031 0.014420 1.165116 -0.259343 0.439941 0.440101 1.384377 0.244740 -0.858260 -0.129708 -0.564754 -0.286786 0.192297 -0.202274 
390.552765 -8.846865 -3.839902 -2.967988 0.451478 -7.950075 -0.291562 0.974988 -0.152479 2.003258 1.170169 0.167831 -0.194655 0.655143 -0.541858 0.489922 0.636863 -0.179253 -0.572466 -0.631457 -0.224689 -0.516697 -0.246003 -0.249507 -0.571475 0.421168 0.760375 1.231364 0.474442 0.446626 0.874254 -0.706330 0.418875 -0.508295 -0.805759 0.324842 -0.291236 
389.028656 -7.345022 -4.895194 -2.175732 0.814231 -8.091701 -0.621078 -0.742526 -0.412061 0.709146 0.488030 0.227783 -0.999617 0.347239 0.759269 1.111616 0.191185 -0.091499 -0.016465 -0.755639 0.319711 -0.560926 -1.098548 0.053654 -0.568052 -1.010677 0.830407 -0.200995 -1.207667 0.126595 0.180236 0.442037 0.457646 0.346085 -0.293193 0.190777 0.287716 
380.219299 -8.152387 -2.321364 -0.744755 0.833848 -8.133074 -0.324493 -0.536290 0.486943 0.881406 -1.026927 0.275139 -1.330759 -1.366212 1.118956 0.087931 -1.778471 0.073937 -0.211994 0.252617 0.690603 0.175474 -0.832390 0.132047 0.003957 0.324954 -0.517343 -1.333205 -1.159619 0.626760 0.313995 0.171754 -0.385894 -0.180333 0.575203 -0.132162 0.475099 
353.473541 -10.077445 -2.657282 -1.999870 -2.742712 -7.943826 -1.045065 -0.237291 0.969144 1.060095 -1.176749 0.491877 -0.991702 0.997148 -0.275417 -1.554793 -2.128053 1.162020 0.611525 -0.412131 -0.452077 -0.921591 0.051859 -0.210671 0.382146 1.055800 -0.476521 -0.531537 0.381135 0.591697 0.532885 -0.363698 -0.145932 -0.683477 0.848099 -0.151512 0.301187 
0.000000 -6.158091 -2.872198 -3.854342 -3.422257 -5.809034 0.898557 -1.360553 -0.417212 -0.961777 -0.923210 -0.146203 -0.566467 0.745389 0.165913 -0.975143 -1.016202 1.257330 0.853777 -0.474778 0.398738 -1.191479 0.863809 -0.170976 0.606331 -1.516342 0.806873 0.896771 0.813019 -0.348272 -0.438259 0.383936 0.661273 0.280005 0.434874 0.398269 0.199792 
0.000000 -8.586667 -2.325457 -3.950157 -4.775116 -5.429166 0.662489 -1.186848 1.766621 -1.322863 0.550868 0.149925 0.220959 -2.035535 1.338328 0.238748 -0.502016 0.465476 -0.264993 0.355740 0.870469 -0.361581 0.921607 0.585868 0.781731 -2.985280 0.649568 0.744470 0.317994 -0.634583 -0.765555 0.361210 -0.307400 0.442366 -0.189863 0.400419 -0.121114 
0.000000 -10.229161 -0.195541 -3.376845 -4.426289 -4.878082 0.368572 -0.649072 1.323726 -1.684939 0.920004 1.025534 0.996995 -5.225171 1.465048 0.513797 -0.380214 -0.011836 -0.677333 0.247641 -0.216063 -0.306748 0.484083 0.629862 0.364102 -4.658099 -0.147856 -0.534702 -0.444057 -0.490308 -0.028127 -0.097829 -0.916881 0.045380 -0.561368 -0.155991 -0.427434 
0.000000 -19.037009 0.604640 -2.922562 -5.535545 -5.452837 -0.692177 -0.691567 1.334496 -1.936359 1.519034 1.409648 0.949163 -11.351734 1.042617 -0.830656 -1.390130 -0.515141 -0.321247 0.160083 -0.963293 -0.270821 -0.201130 0.273887 -0.073138 -4.119072 -0.193169 -1.378344 -0.907013 0.220875 0.158722 0.440568 -0.589710 0.624127 -0.302536 -0.227090 -0.481171 
0.000000 -32.932630 1.889694 -5.038158 -7.206548 -5.908364 -0.273923 -0.328907 -0.602860 -2.226581 0.517744 1.573308 0.850719 -13.463315 1.078710 -2.242890 -2.194240 0.429915 -0.359890 1.128776 -1.395483 0.941507 -0.120988 0.175682 -0.598241 3.238534 -2.949607 1.132687 1.072371 0.508219 0.613888 -0.198265 0.762473 0.944973 0.120924 -0.199440 -0.041284 
0.000000 -45.963640 2.762061 -7.408342 -9.924025 -4.593007 -1.411957 1.565985 -1.456470 -0.053345 1.277058 1.761012 -0.247319 -4.874667 -4.856596 1.434717 0.754611 0.501297 0.906529 -0.236447 0.561653 1.619124 0.040719 -0.124993 -0.155707 14.382846 -2.809013 3.364819 3.906310 0.489549 1.174521 -0.901784 1.097279 -0.333940 -0.344287 -0.160190 0.311258 
0.000000 -42.681963 -7.823498 -2.168724 -5.697325 -4.905770 1.539134 -0.801801 0.520445 1.011667 0.599182 1.323323 0.539305 15.302377 -4.539316 4.486748 5.618381 1.409014 1.989153 -0.674791 0.799076 0.273626 -0.809563 -0.144697 0.024276 11.211809 3.743068 -0.111291 1.391322 -0.560892 -0.363019 0.407010 -0.080745 -0.656412 -0.137132 0.103859 -0.074212 
0.000000 -15.358886 -6.316572 1.565154 1.312737 -1.774980 2.566349 0.216402 0.141682 0.493906 -0.342067 1.471618 -0.198768 17.548951 2.629540 1.212135 3.537254 -0.620488 0.180491 0.577572 0.400163 0.306300 -0.233546 0.082726 -0.304130 -6.443790 3.347420 -1.736358 -2.222560 -1.632125 -1.160852 0.001248 -0.423845 -0.023277 0.660432 0.091017 0.171239 
0.000000 -7.584062 -2.564419 0.255545 1.377184 -6.146745 1.900115 0.353343 1.320770 1.624267 0.132090 1.488774 -0.068956 2.414797 2.155523 1.014031 1.173260 -1.855237 -0.332552 -0.672296 -0.048614 0.227072 0.511301 0.037336 0.366753 -10.622676 -1.435274 0.769450 -1.429181 0.432259 0.200563 -0.882635 -0.202860 -0.077631 -0.090159 -0.098747 0.147863 
0.000000 -10.529292 -2.005525 3.593217 3.659257 -5.485453 1.901246 -1.128190 0.044454 0.948051 0.680535 1.546290 0.534738 -3.696400 -0.241009 2.751034 0.678892 0.244031 0.581617 -1.187698 -0.005558 0.151038 -0.413863 -0.114769 -0.008404 -2.251486 -1.159822 -0.055438 -0.720858 0.897201 0.938907 0.250756 0.304447 0.001370 -0.929458 -0.154126 -0.329395 
0.000000 -14.976863 -3.046437 5.757613 2.734967 -5.658684 3.063349 -2.022054 1.309655 1.926343 -0.695635 1.259236 -0.085764 -2.088174 -0.164121 0.903155 -0.268456 -0.060835 1.545263 -0.170784 0.560280 0.229813 -1.347615 -0.270917 -0.292037 1.870978 1.064002 -1.604188 -0.732598 0.492147 -0.063303 0.935784 -0.162169 -0.030194 0.110693 -0.083975 0.079010 
0.000000 -14.705641 -2.333767 5.399527 3.122345 -5.607123 4.991772 -1.469758 1.165015 1.407677 -2.014695 1.004456 -0.049335 0.045556 1.886995 -0.457341 -0.786304 1.228325 0.455011 0.683871 -0.329896 0.090651 -0.192476 -0.282720 0.149616 0.999060 0.847391 -0.590726 -0.355768 0.631690 -1.027232 0.289253 -0.408928 0.060086 0.907334 0.057793 0.211719 
0.000000 -14.885751 0.727553 4.842931 1.162359 -3.202034 3.973371 -0.654313 0.649864 2.107646 -1.080587 0.693796 0.213469 -0.090055 1.530660 -0.278298 -0.979993 1.202545 -0.509200 0.407723 -0.257576 0.349985 0.467054 -0.155330 0.131402 -0.067805 -0.178167 0.089522 -0.096845 -0.012890 -0.482106 -0.138074 0.036160 0.129667 0.329765 0.063695 -0.009107 
