391.486084 -11.011042 -0.865382 -5.769034 2.322906 -4.153077 0.857813 -4.240273 0.666867 -1.151424 2.481272 1.802117 0.375857 -0.194270 -1.140827 0.395645 1.104058 0.629594 -0.395541 -0.125069 0.254722 0.761026 -0.387944 0.077501 -0.102714 -0.141211 -0.456483 0.394599 0.216892 0.052183 -0.220210 0.442035 0.305187 0.261138 -0.102738 0.130789 0.144102 
396.653290 -11.399582 -3.147037 -4.977744 4.531021 -2.893888 0.066732 -4.490411 1.176310 0.370629 1.705385 1.957119 0.170428 -0.476693 -2.053793 1.184842 1.537841 0.733961 -0.835960 0.759001 0.865096 1.283302 -0.593420 0.339078 0.185489 -0.475836 -0.256208 0.530496 -0.049945 -0.468482 -0.255222 0.961600 0.313439 -0.091189 -0.076046 0.196069 -0.062562 
399.302673 -11.964428 -4.972968 -3.399350 5.398588 -2.685155 -0.814107 -2.722271 2.397059 1.415180 1.294432 2.480274 0.746835 -1.145943 -1.653243 1.456636 1.004167 -0.307370 -0.905984 1.798131 0.881599 0.578649 -0.540035 0.469639 -0.227839 -1.398980 1.544599 -0.005944 -0.817997 -0.385519 0.477221 0.181092 -0.070287 -0.752736 0.481440 -0.259525 -0.307295 
399.291595 -13.691467 -6.453522 -2.064472 6.539355 -3.508628 -1.745237 -0.894149 2.939508 1.527926 0.625315 2.896397 -0.285250 -3.274652 1.035405 1.172954 -0.098154 -0.037077 0.118483 1.121185 0.724522 -0.222171 0.369459 -0.179971 -0.429102 -1.335634 2.428645 -0.466516 -0.859291 0.723770 0.424230 -1.042022 -0.185605 -0.763393 0.488142 -0.679862 0.056850 
394.540161 -18.513732 -2.902158 -1.053443 5.202281 -2.759310 -0.577142 -0.479900 3.846102 0.970837 2.033351 2.120332 -0.111369 -3.817211 3.204047 0.523604 -0.714414 1.140170 -0.057525 -0.285912 0.510390 -0.948137 0.436250 -0.890086 -0.114139 3.165059 0.087339 -1.368743 -0.121730 0.222793 0.065945 -1.808860 -0.852334 -0.353169 -0.883983 -0.212793 0.028531 
386.156250 -21.325888 -0.045429 -1.017264 5.110527 -1.228288 -1.860286 -1.465972 3.960288 -0.368347 1.497814 1.116225 -0.513529 3.055465 1.210082 -1.564532 -0.341614 0.408509 0.250373 -2.496534 -0.980146 -0.928510 -1.398506 -0.605556 -0.372039 4.345274 -1.535867 -1.504371 -0.712553 -0.753799 0.623347 -0.860084 -0.861070 0.410566 -0.741338 0.030188 0.158705 
362.938019 -12.402801 -0.481994 -4.182507 4.519053 -1.942292 -0.076396 -5.472968 1.885809 -0.886182 -0.763662 0.909220 -0.855447 4.873338 0.132313 -2.485138 -2.139520 -0.367429 1.189170 -2.006081 -1.211750 -0.127004 -1.046427 -0.829709 0.203271 -1.341151 -0.288232 0.511124 -0.826228 -0.165432 -0.092219 1.381709 0.350018 0.586784 0.845318 -0.107460 0.340058 
375.094788 -11.579212 0.219198 -5.987541 0.831487 -1.963146 0.518054 -5.478133 1.536788 -0.622355 -0.595039 -0.543194 -0.106988 0.373163 0.633618 -0.542284 -1.994069 0.077644 0.065935 0.266884 -0.280111 0.245059 0.292130 -0.820475 0.308077 -2.694867 0.444576 1.904565 1.081186 0.542688 -0.675603 1.281024 0.523764 0.210034 0.896619 0.675125 -0.077765 
186.308578 -11.656475 0.785242 -5.267074 0.530915 -1.787003 0.055475 -4.939201 1.325588 -0.396064 -0.179403 -0.731730 -0.239294 -0.516396 1.021466 1.323991 0.022852 0.717948 -0.162036 0.555967 -0.164222 0.293063 0.746812 0.520541 0.047741 -1.088402 -1.005742 2.162499 0.675137 0.349085 0.223563 0.624909 0.063528 -0.019721 -0.005268 0.544321 0.071146 
188.174622 -12.612004 2.262129 -3.339560 0.877190 -0.527250 0.193982 -4.366200 1.208343 -0.036230 0.898585 0.497888 -0.011506 -1.803641 -1.377866 3.782714 -0.643796 0.775814 0.513061 1.516702 -0.153054 0.205617 0.281594 0.268168 0.450369 -0.847463 -2.170329 1.314921 -0.193968 -0.264782 0.261792 0.330484 -0.232598 -0.297658 -0.713489 -0.497764 0.077316 
0.000000 -15.263757 -1.970491 2.298354 -0.756677 -0.235376 1.081596 -1.905797 1.019481 0.015170 0.383785 -0.195395 0.661443 -2.211321 -3.319192 3.953832 -0.365084 0.188384 0.361548 1.216935 -0.629419 -0.302254 -0.680166 -0.474988 0.202372 0.899248 0.699638 -1.767889 0.415366 -0.669597 -0.263551 -0.469652 0.048400 -0.424512 -0.456227 0.194983 -0.328092 
376.990814 -17.034647 -4.376254 4.568104 0.147022 -0.150481 0.917078 -1.932329 -0.050494 -0.640737 -0.461747 -0.452088 0.393239 -0.005145 0.021411 0.246937 0.186935 -0.563380 -0.014042 0.577397 -0.056254 -0.643408 -0.630860 0.658134 -0.205815 0.925077 2.594342 -3.093768 0.354935 -0.539207 0.045052 -0.458307 0.616547 0.139778 0.404868 0.508161 -0.173199 
364.309387 -15.274047 -1.927670 2.792227 -0.382806 -1.362136 1.053511 -0.751003 0.906974 -1.271645 -0.877935 1.120874 0.249814 -0.361167 1.869492 -2.233704 0.344786 -0.890029 0.451652 0.300321 0.603676 -0.022697 0.129569 0.541333 -0.144025 -5.392433 0.711819 -0.796225 0.214355 0.923321 0.158460 -0.166686 -0.076773 0.660088 0.655417 -0.618933 0.104051 
388.692963 -17.756981 -0.637271 0.100696 0.836595 -1.930539 1.820382 -1.331688 1.156858 -0.686131 -0.202609 0.630579 0.105188 -10.790012 1.445050 -1.345514 0.615646 1.283263 0.302879 0.244025 -0.209800 0.676768 0.679974 -0.579731 0.002287 -1.736517 -3.203384 -0.175331 -0.533362 1.669269 0.064713 -0.152653 -0.615681 0.560492 0.168330 -0.528979 0.159028 
347.238922 -36.854071 0.962429 0.101199 0.848486 1.204389 1.659268 -0.262953 0.487374 0.081891 0.482012 -0.038588 0.254387 -3.834200 -4.537276 -2.584365 -0.721937 2.448509 0.581079 -0.004986 -0.627686 1.098288 0.466229 -0.516624 0.174030 11.081160 -0.788896 -0.118513 -0.811468 -1.355172 -0.542437 -0.809658 0.203494 0.178608 -0.378036 0.697107 0.048744 
0.000000 -25.425381 -9.711824 -5.068034 -0.607279 2.966480 2.982541 -1.341659 -0.098513 1.510444 0.729849 -0.402669 0.453248 11.372308 -0.132742 -1.582539 -1.007289 -1.427081 -0.781996 -1.375292 0.197188 1.033984 -0.076098 0.814484 0.099774 5.337171 5.215551 1.520982 0.393306 -2.877838 -0.660685 -0.698354 0.646684 -0.510743 -0.618173 0.655929 -0.145411 
0.000000 -14.109455 0.696946 -3.063880 -1.166093 -1.649772 0.095276 -3.013536 0.881750 2.149859 0.329816 1.590379 0.453935 6.840142 5.893826 0.457598 0.064674 -3.307166 -0.740292 -1.401695 0.665682 0.076801 -0.770118 0.795233 -0.116792 -4.788200 -0.113823 0.600353 0.970053 0.024600 0.708337 0.175085 0.275727 -1.265099 -0.439743 -0.893636 -0.043118 
0.000000 -11.745098 2.075828 -4.152839 -0.477930 -3.647852 1.501957 -4.145049 1.232850 1.664047 -0.810387 1.187797 0.219664 1.795908 -0.360387 -0.381833 0.932816 -1.377881 0.634677 -1.025121 0.748643 -1.496214 -0.955584 -0.972788 0.013537 -3.506276 -3.700902 0.460962 -0.162683 1.428897 0.048023 0.506812 -0.131827 -1.082411 0.428967 -0.781095 0.325750 
186.495972 -10.517639 -0.023828 -3.827547 0.699539 -4.405534 1.364629 -5.063779 2.379036 -0.842568 -1.581353 -0.355197 0.481008 -0.172410 -1.507978 1.379522 -0.260692 -0.449371 -0.644246 -0.388071 0.402028 -2.088021 0.087816 -0.766956 0.534708 -2.816141 0.128471 0.982401 -0.665619 0.827891 -0.641546 0.843885 -0.641379 0.285012 0.652844 0.451933 0.194271 
361.419067 -12.089918 -0.940128 -1.393795 -0.999314 -4.546594 0.213466 -4.921190 2.036905 -2.511995 -0.634755 -0.346116 1.289080 -3.836374 -0.103444 1.582968 -0.398422 0.277902 -0.648416 0.662650 -0.534116 -0.926191 0.350104 -0.068923 0.402080 -5.026679 0.781420 -0.494337 0.303237 0.628707 0.830426 0.718412 -0.568090 1.078256 -0.051085 0.552783 -0.309695 
0.000000 -18.190386 -0.230717 -0.661611 -0.097304 -3.849730 0.067797 -3.738480 1.310804 -2.694950 -0.881146 -0.493043 1.285167 -10.225767 0.054862 0.390848 0.345782 0.808043 1.016607 1.048753 -0.734153 0.068491 -0.014354 0.338609 -0.084682 -4.759865 0.128434 -1.387365 -0.119107 0.026732 0.511449 -0.357457 0.081492 0.649190 -0.333570 0.512174 -0.081289 
96.410118 -32.541452 -0.830404 -0.612098 -0.307750 -2.930508 2.246680 -2.823684 0.568599 -2.375013 -0.663462 0.331103 1.119716 -13.356104 0.153424 -1.191761 -0.636635 0.331365 0.374483 -0.052264 -0.371133 0.372190 -0.317037 0.955424 0.239501 -0.121933 -1.067248 -0.937982 -0.144770 -0.422300 -1.061246 -0.390402 -0.006348 0.496927 -0.224437 -0.163106 -0.108721 
0.000000 -44.902595 0.076132 -3.045132 -1.370574 -3.186999 0.816763 -3.843008 0.568539 -1.950571 -1.515219 1.417806 1.764169 -10.469632 -2.079634 -1.485115 0.056243 -0.036558 -1.105886 0.267949 -0.746850 1.062345 -0.463227 0.012397 -0.302124 9.325700 -2.938769 -0.542615 1.271793 0.146377 0.260386 0.322499 -0.244366 0.212964 0.130797 -0.919500 -0.809746 
375.153473 -53.480717 -4.989673 -3.582327 -0.195265 -3.003624 0.034908 -2.287785 -0.925100 -0.250324 -1.589917 0.355897 0.515469 5.295296 -5.724113 -2.276992 1.906951 0.624120 0.895255 0.592734 -0.859864 0.798118 -0.055442 -0.883575 -1.379990 11.900828 0.137747 -0.441277 0.507741 -0.418842 1.132488 -0.555170 0.409112 -1.022557 0.430365 -0.514401 -0.187085 
0.000000 -34.312004 -11.372094 -7.599116 2.443328 -1.938760 2.607273 -2.657540 -1.151188 -0.354335 -1.626103 -0.349344 -0.995811 13.332023 -1.804141 -2.367669 1.071725 -0.874243 1.159090 -0.842390 0.071374 -0.982770 0.397503 -1.016405 -0.676294 -0.693999 2.875587 0.915641 -1.496919 -0.873841 -0.621275 -0.415158 0.571053 -0.470660 0.207015 0.259130 0.845974 
0.000000 -26.816672 -8.597956 -8.317665 1.948184 -4.752109 2.353089 -3.972566 -0.782353 -2.215864 -0.794912 -1.676913 -0.837120 3.907298 0.027061 -0.445710 -1.086887 -1.123563 -0.347295 -0.237583 0.282242 -0.143202 0.358589 -0.365315 0.311957 -7.621760 0.647375 0.890178 -1.126728 0.437085 -0.506627 1.015627 0.318900 0.912002 -0.345704 0.770040 0.591354 
0.000000 -26.497408 -11.317973 -8.490537 0.269555 -4.185885 1.912684 -3.132705 -0.586704 -0.640738 -0.908925 -1.079974 -0.371897 -1.911498 -0.509391 -0.587312 -1.181731 -0.000073 0.145836 1.188864 0.709173 0.841235 -0.293905 0.523675 0.506413 -5.152989 0.784557 -0.748925 0.224010 0.078656 0.161487 0.982189 0.390919 0.479640 -0.589401 0.354870 -0.013760 
0.000000 -30.639667 -9.616738 -9.492289 -0.415277 -4.752255 2.644761 -1.594838 0.635993 -0.533394 -1.382722 -0.629564 0.175706 -6.398680 1.596175 -1.943561 -0.638867 -0.966252 -0.024321 1.726796 1.064081 0.816077 -0.820213 0.344424 0.284437 -5.899547 1.795960 0.694994 0.674462 0.791542 -0.482805 -0.106759 -0.416508 0.267743 0.077372 -0.354891 -0.427436 
0.000000 -39.294767 -8.125624 -12.377659 -1.008178 -6.118389 1.864042 0.320886 1.541457 0.991417 -2.549350 -0.391126 0.196977 -13.710592 3.082529 0.802676 0.167193 1.583011 -0.819774 0.975346 -0.123843 1.376720 -0.139162 -0.186108 -0.348459 -4.606579 1.709617 4.819775 0.710869 1.620373 -0.769552 -1.270727 -0.973191 -0.516054 0.930338 -0.059030 -0.208663 
184.569260 -58.060852 -3.451679 -7.886937 -0.080891 -1.586233 1.005212 0.355853 0.388306 2.220047 -1.661046 -1.001780 -0.521212 -15.611838 5.015409 7.695989 0.782871 2.274495 -1.563426 -0.814658 -0.882301 -0.216030 1.040462 0.226364 -0.132888 14.170926 0.658233 2.294914 1.211234 -2.070040 0.303782 -1.121746 0.314821 -1.215413 -0.059108 0.355782 0.236825 
0.000000 -70.518444 1.905194 3.014320 0.557564 -1.569399 -1.262809 -1.308429 -0.223145 0.559356 -0.468426 0.061603 -0.068800 14.631261 4.398996 5.392503 2.589662 -2.557069 -0.212211 -1.268147 0.505799 -1.054105 -0.257379 0.525456 0.125192 20.238171 -1.862247 -3.993571 0.432563 -2.619101 1.457116 -0.155282 0.936365 0.091203 -0.682851 -0.316711 0.010088 
0.000000 -28.798330 5.346314 2.898070 5.098433 -6.700372 0.580790 -2.180441 1.399904 0.111837 -2.175805 0.049132 -0.270829 24.864503 1.290914 -0.291153 1.647998 -2.963708 1.350806 -1.125223 0.990428 -0.033624 -0.325240 -0.407058 -0.112712 -5.582150 -2.257094 -2.849081 -2.022145 1.268276 0.040915 0.516785 -0.481272 0.791253 0.145902 -0.585008 -0.177513 
142.166855 -20.789439 4.487021 2.432015 3.853561 -7.496815 1.438802 -3.558874 1.757711 0.492109 -1.118906 -0.752513 -0.294223 3.466961 -0.115191 -0.305659 -1.454628 -0.020518 -0.130380 -0.234577 -0.456746 0.528401 0.034425 -0.644559 -0.229835 -12.607478 -0.932561 0.114537 -1.580025 1.756738 -1.323464 0.895740 -1.073002 -0.074617 -0.122248 0.139483 0.015467 
290.324585 -21.864408 5.115932 2.286753 2.189176 -6.741409 0.320030 -2.649596 0.486412 1.168638 -2.106955 -1.239986 -0.730499 -0.350454 -0.574208 -0.062080 -1.512052 0.549768 -1.296122 0.666258 -1.155576 -0.182858 -0.569736 -0.128093 -0.081779 -2.436822 -0.490514 0.399915 0.532787 0.610044 -0.117976 0.407991 -0.039292 -0.269949 0.268272 0.495572 0.138159 
302.784790 -21.490346 3.338606 2.307855 0.829457 -6.397279 -1.153442 -2.226358 -0.553440 0.126394 -2.258378 -1.008698 -0.457780 -1.406684 -1.096220 0.494172 -0.389055 1.199570 -0.366332 0.581404 -0.535329 -0.011498 0.570968 0.346586 0.046484 -1.241472 0.050951 0.293949 0.989275 0.135936 1.003364 -0.090074 0.563423 0.501579 0.641121 0.048274 0.178937 
295.550232 -24.677776 2.923492 3.275097 1.411066 -4.342268 -0.412634 -1.486788 -0.584246 1.145643 -0.965018 -0.546814 -0.637530 -2.833398 -0.472305 0.525818 0.466499 0.821639 0.710606 0.486110 -0.028729 0.820300 0.712505 -0.031546 0.276096 -0.084613 0.773655 -0.400523 0.568120 -0.647847 0.500984 -0.523261 0.237100 0.055095 -0.049998 -0.280335 0.266616 
283.413025 -27.157141 2.393995 3.359490 1.762454 -4.754001 0.267770 -1.254137 -0.610899 1.766995 -0.833368 -1.071790 0.094412 -1.575909 0.451089 -0.306875 0.747186 -0.096123 0.635635 -0.465119 -0.061129 0.098693 0.470972 -0.214085 0.579716 0.147037 1.504786 -0.446745 -0.187735 -0.267685 -0.248686 -0.626722 -0.010824 -0.628486 -0.028720 0.095994 0.087655 
276.827271 -27.829594 3.825671 2.661347 2.905437 -4.534514 0.858637 -2.417026 -0.706504 1.343030 -0.023075 -0.974983 0.521901 -2.539323 2.537267 -0.367673 0.091028 0.286269 0.213234 -0.767334 -0.050377 -0.436671 0.655065 0.160443 0.451406 -0.522539 0.237335 0.848823 -0.387737 -0.064108 -0.425817 -0.119059 -0.134564 -0.015940 -0.213515 0.004634 -0.074384 
273.778625 -32.235787 7.468529 2.624144 1.944510 -4.181464 0.694238 -2.788805 -0.711654 0.893653 0.476763 -0.750903 0.997225 -2.620986 0.925759 1.390772 -0.028289 -0.224339 -0.215999 -0.703236 -0.330256 0.066814 0.043942 -0.204817 0.430947 2.753393 -2.011790 0.721333 0.251869 -0.400912 -0.168052 0.066806 0.350732 -0.231185 -0.327870 -0.349444 -0.211393 
268.691040 -33.071566 5.677190 5.442891 2.848859 -4.983191 0.426639 -3.823499 -1.367016 1.476657 0.064810 -1.384617 1.383795 2.967464 -1.486313 1.074992 0.594765 -0.515555 -0.122869 -0.633721 0.651088 -0.899040 -0.000674 -0.538444 0.028621 3.385913 -0.700793 -1.171727 0.222787 -0.007141 -0.293612 0.541891 0.893750 -0.515398 0.005782 0.134664 -0.290723 
98.960785 -26.300859 4.495903 4.774128 3.134040 -5.212573 0.448499 -4.056246 0.590522 -0.904426 0.475414 -1.827791 1.054467 4.150840 -0.475827 -0.952682 0.417285 -0.238622 -0.803223 0.380546 1.457244 -0.963982 0.055505 0.064511 -0.150499 0.504816 0.551949 -1.420206 -0.370010 -0.151719 -0.097726 0.476595 -0.125776 0.406565 -0.244767 0.228880 0.002131 
198.407089 -24.769886 4.725536 3.537526 3.683429 -5.460434 -1.179807 -3.062407 1.547471 -0.451306 0.175821 -1.255595 1.082797 3.977095 -0.382414 -1.765419 -0.145255 -0.818993 -0.318321 0.319470 0.399535 -0.085910 -0.490209 -0.080684 0.032883 -0.047290 -0.076859 -0.577205 -0.667375 -0.335657 0.783037 -0.166263 -0.899450 0.220655 -0.288628 -0.176302 0.117202 
143.408096 -18.346669 3.731074 1.243290 2.843530 -6.850558 -0.188142 -3.417307 1.389592 -1.076247 -0.505003 -1.989158 1.120232 4.056261 -0.629545 -2.107092 -0.917465 -0.909935 0.762852 0.048021 -0.341656 -0.522672 -0.521751 -0.288092 0.083905 -1.627091 -0.051711 0.452854 -0.317845 0.326516 0.319763 0.138351 -0.422285 -0.054429 0.193231 0.346164 -0.054535 
144.149033 -16.657363 3.466445 -0.676658 1.848499 -7.280303 0.345897 -2.966365 0.864160 -1.496651 -0.867681 -1.831779 1.250606 0.722913 -0.485837 -0.859711 -0.780945 -0.165961 0.321205 0.596171 -0.445034 -0.194769 -0.103746 0.611645 -0.076187 -2.720760 -0.059563 1.192166 0.066034 0.706549 -0.353662 0.103624 0.165987 0.005545 0.431121 0.410503 -0.032153 
146.374466 -16.900843 2.759401 -0.476132 1.281641 -7.182481 0.454267 -2.224964 0.499523 -1.465784 -0.712495 -0.765868 0.967858 -1.385258 -0.748672 0.277241 -0.785397 0.503163 0.055527 0.255268 -0.009682 -0.511582 0.340491 0.532913 0.019598 -3.060975 -0.381351 0.580059 0.300590 0.154695 -0.216982 -0.342838 0.277997 -0.135411 0.091067 -0.274901 0.187253 
0.000000 -19.427879 1.969101 -0.122176 0.277704 -6.273978 0.456952 -2.455828 0.844795 -2.519816 -0.186699 -0.765953 1.289802 -5.399037 -1.248539 0.300407 -0.179765 0.143428 -0.112759 -0.089505 0.110960 -0.465590 0.078387 0.061843 0.298320 -7.872637 0.426296 0.352565 -0.204894 0.339761 -0.473785 0.386112 -0.299655 -0.026805 -0.330580 -0.031735 -0.233534 
0.000000 -27.698916 0.262322 0.124682 0.922111 -6.895625 0.228749 -2.403974 0.721442 -2.396964 -0.555721 -0.642182 1.564498 -17.130531 0.103920 0.982372 -1.195186 1.182684 -0.892043 1.027493 -0.608992 -0.565192 -0.320669 0.469442 -0.447470 -5.160132 -0.671165 -1.053673 0.136617 1.787617 0.126569 0.354273 -0.132884 1.166489 -0.311822 0.048174 -0.448732 
0.000000 -53.688942 2.176941 1.842568 -2.112669 -3.908609 -1.327135 -0.400841 -0.373190 -3.650200 -0.828038 0.172931 0.394862 -15.719300 -2.590870 -1.806938 0.093470 3.718661 0.140379 0.619040 -0.154809 1.867389 -0.545256 0.158192 -0.599143 12.316454 -3.643328 -3.361810 1.321313 0.560612 1.269186 -0.915321 0.462667 1.646518 0.158225 -0.428948 0.049619 
0.000000 -59.137517 -4.919418 -3.489195 1.109052 0.541698 0.509507 -1.165894 0.411823 1.337813 -1.646233 -0.325798 0.366212 7.502377 -7.182735 -5.741249 1.447439 2.303907 1.646329 -0.803149 0.316343 2.727845 -0.004219 -0.388453 -0.348232 14.290903 0.103160 -0.139781 -0.130268 -1.979162 0.586876 -0.259408 0.266853 -0.802151 0.576624 -0.008222 0.167875 
0.000000 -38.684188 -12.188529 -9.639930 0.782210 0.699205 1.965524 -2.007139 0.259495 1.805489 -0.836476 -0.603975 -0.301602 12.862505 -2.384549 -2.086500 -0.167066 -0.239662 1.314131 0.100225 0.378897 0.263086 0.607992 0.141747 -0.263393 -2.738594 3.893448 3.364024 -0.776224 -1.248303 -0.783464 0.734298 -0.029852 -1.092904 0.112300 0.356017 0.121088 
0.000000 -33.412506 -9.688517 -7.662195 0.774920 0.062373 3.137769 -0.965444 1.169617 1.863985 -0.430250 -0.042304 -0.160573 2.025189 0.604161 0.986800 -0.105008 -0.192698 0.079401 0.665446 0.256638 0.542036 0.220381 0.323581 -0.106057 -7.422798 0.700320 0.720870 -0.002641 0.109703 -0.658570 0.086195 -0.560752 0.071413 -0.523508 0.098743 0.128686 
0.000000 -34.633810 -10.980208 -7.666331 0.572193 0.313808 2.124325 -0.676246 0.772772 2.889562 -0.395715 0.043187 -0.513716 -1.983091 -0.983909 -0.644760 -0.172348 -0.020257 -0.003009 0.272616 -0.742607 0.405911 -0.439025 0.339234 -0.006020 -2.971691 -0.672300 -0.994301 -0.007473 0.313759 0.416749 -0.092086 -0.407724 -0.499530 -0.432334 0.195947 0.330047 
0.000000 -37.378688 -11.656335 -8.951714 0.430224 0.021860 3.131751 -0.420213 -0.315597 2.675808 -1.308300 0.636164 -0.172613 -3.918192 -0.740439 -1.001803 -0.119954 0.434819 0.912900 0.481274 -0.558811 -0.457023 -0.644287 0.715476 0.554036 -1.917298 0.583868 0.631167 -0.133360 0.478534 -0.124551 -0.103269 0.078626 -0.283246 0.066110 -0.306832 0.282547 
0.000000 -42.470195 -12.461085 -9.669937 0.332285 1.183447 3.950125 0.286302 -0.344849 1.975515 -1.684288 1.474139 0.594357 -5.817687 0.183826 0.617575 -0.439067 0.936810 -0.252112 0.066078 -0.585355 -0.160580 -0.306805 -0.274431 0.559074 2.089736 4.493765 2.617595 -0.070620 -0.932863 -1.348742 -0.296368 -0.155902 0.144414 0.121007 -0.620419 -0.305592 
0.000000 -49.014062 -11.288682 -7.716565 -0.447910 1.895481 2.627527 -0.288058 -1.486308 2.354648 -1.921909 0.087303 0.945536 0.261279 8.247091 4.233387 -0.261194 -1.430907 -1.784584 -0.111462 -0.870615 -0.168195 -0.402274 -0.525362 -0.057147 9.553638 4.106864 0.711284 0.886761 -1.817574 -0.254129 -0.222716 0.392900 -0.541108 0.108479 0.267063 -0.540918 
0.000000 -41.947638 4.033097 -1.203163 -0.190103 -1.678367 0.380957 0.063378 -2.086080 1.639125 -2.488835 0.423415 0.480064 13.289588 8.397554 2.040143 1.334455 -2.698339 -0.760369 -0.379355 0.200444 -1.242797 -0.089847 0.259695 -0.522762 5.136931 -4.270892 -2.459626 1.015154 0.860666 1.004901 -0.290714 0.729259 -0.351910 0.408758 0.181009 -0.546736 
145.380814 -22.434885 5.506426 -3.636279 2.220999 -3.501196 1.106788 -1.046767 -1.085420 -0.130946 -2.101604 0.606693 -0.099988 10.535141 -0.294693 -0.685865 1.769115 0.290426 0.225219 -0.692890 0.587902 -0.872014 0.415242 -0.163344 -1.150619 -10.036291 -5.503780 -0.185988 -0.309527 2.395541 0.233734 0.308258 -0.258955 0.892405 0.290571 -0.312427 -0.054039 
295.844147 -20.877355 3.443712 -2.574893 3.348126 -1.097516 0.831395 -1.322403 -0.910276 -0.104904 -1.658351 0.096726 -1.821173 -6.782994 -2.610006 1.668167 0.715400 2.092744 -0.292901 0.237162 -0.317466 0.542014 0.491295 -0.365158 -0.630840 -7.255519 -3.447006 1.435292 0.036672 0.131501 -0.447908 0.427560 -0.243614 0.550739 -0.252001 0.021840 0.783950 
290.339417 -36.000873 0.286413 -0.299945 3.651800 0.684292 0.520987 -0.572443 -1.720352 0.953082 -1.119013 -0.123623 -1.361669 -3.975897 -7.188705 2.184719 1.842459 0.553427 -0.670597 0.162230 0.100673 0.229463 -0.088760 -0.119664 0.417281 7.123997 -0.458497 -0.603524 0.663716 -1.123553 -0.348962 -0.395976 0.258622 -0.304102 -0.364975 0.220239 0.566457 
273.063721 -28.829149 -10.933699 1.794545 7.033045 0.009338 -0.509799 -0.997942 -0.708930 0.354023 -1.835870 -0.142602 -0.986612 7.465000 -3.527000 0.461118 2.042833 -0.154362 -0.990825 -0.554791 0.199777 -0.066189 -0.238656 0.075319 0.502074 3.927518 4.635881 -1.385423 -0.745125 -0.185156 0.097583 -0.252136 -0.203303 0.001939 0.104266 0.102236 -0.051367 
297.337128 -21.070873 -6.767587 0.622291 7.737465 0.375569 -1.460662 -1.682025 -1.320797 0.820704 -1.596325 0.027015 -0.357520 3.879138 2.083056 -0.586127 0.352210 0.183115 -0.475432 -0.342041 -0.305933 0.233341 0.119773 0.084809 0.314546 -1.792931 2.805028 -0.523623 -0.845311 0.168739 0.257696 0.106375 -0.252855 0.149765 0.179214 0.004745 -0.093764 
