311.002228 -12.848147 3.101877 -3.258433 -4.443247 -3.187489 -6.644249 1.725911 0.781031 -3.105363 -0.278388 -2.056363 -0.683063 0.175641 -0.363967 -0.346317 0.301976 0.115909 0.476417 -0.454538 0.500656 -0.008783 0.155568 0.232176 -0.024419 0.196387 -0.084955 0.016424 0.182677 0.005864 0.157284 -0.166040 0.015208 -0.077096 -0.079788 0.078954 0.070678 
311.128998 -12.496866 2.373944 -3.951068 -3.839295 -2.955672 -5.691414 0.816835 1.782342 -3.122928 0.032747 -1.592012 -0.731902 0.568414 -0.533877 -0.313469 0.667330 0.127637 0.790986 -0.786618 0.531071 -0.162974 -0.004009 0.390084 0.116936 -0.318443 -0.047395 -0.004657 0.094678 -0.150171 0.324831 -0.001050 -0.025603 -0.032491 -0.087086 -0.196663 -0.129595 
315.187225 -11.711320 2.034123 -3.885370 -3.108587 -2.932215 -5.062277 0.152674 1.843174 -3.431311 -0.286406 -1.276195 -0.449191 -0.461245 -0.458757 -0.355632 0.491332 -0.184433 1.126079 -0.456639 0.449450 -0.073764 -0.018605 -0.161150 -0.283609 -0.798439 0.472176 -0.080200 -0.322020 -0.074441 0.263488 0.344311 0.105969 0.360916 0.180891 -0.111107 -0.541945 
312.113617 -13.419355 1.456429 -4.662332 -2.856631 -3.324538 -3.439255 -0.096443 2.681243 -3.270455 -0.004464 -1.914311 -1.299120 -1.028465 0.410475 -0.473869 0.023290 -0.021245 1.317963 -0.097997 0.743009 0.558858 0.357774 0.167870 -0.966955 0.161919 0.598004 -0.065433 -0.218744 0.199769 -0.255050 0.274929 -0.221974 0.326106 0.109475 0.123510 0.062596 
0.000000 -13.768249 2.855073 -4.833109 -3.062006 -2.974705 -2.426352 -0.043319 3.329192 -2.313594 0.429142 -0.940455 -2.383101 -0.137407 0.737250 -0.486498 0.053844 0.215104 0.615979 0.093219 0.005502 0.578448 0.200344 0.085871 -0.158417 0.665006 0.042525 -0.177369 0.474643 0.036524 -0.517636 -0.184463 -0.186496 -0.084547 0.040857 -0.016292 0.813302 
294.110626 -13.694169 2.930929 -5.635329 -2.748943 -2.894329 -2.207297 0.089996 2.692247 -2.113560 0.396224 -1.742569 -1.615954 0.301547 0.495525 -0.828608 0.972577 0.051802 0.282690 -0.466923 0.370018 0.389764 0.439487 0.135286 0.659649 -0.300012 0.035268 -0.267157 0.499143 -0.158801 -0.027791 -0.212580 0.336509 0.139046 0.194307 0.527086 0.281409 
291.799896 -13.165155 3.846123 -6.490324 -1.116851 -2.871100 -1.860971 -0.977166 4.069227 -1.534066 1.308115 -0.669884 -1.063802 -0.737431 0.807785 -1.020813 1.052130 -0.102498 0.560397 -0.331940 0.678520 0.856539 0.588958 1.140043 0.404401 -1.144076 0.195208 0.242572 -0.718719 -0.041827 0.224802 0.033470 -0.090464 0.183126 -0.402941 0.270726 -0.115488 
0.000000 -15.169031 4.546499 -7.676955 -0.644683 -3.099325 -1.086502 -0.573885 4.049287 -0.400482 1.574140 0.537516 -0.807152 -1.986605 0.885941 -0.343464 -0.464860 -0.031852 0.732295 -0.399982 0.189090 0.756015 -0.366394 0.676737 0.428673 -1.295619 0.594388 0.666671 -1.302322 0.502165 -0.184732 -0.282780 -0.247949 -0.164938 -0.773369 -0.461587 0.168234 
250.950500 -17.138364 5.618005 -7.177252 -2.046571 -2.934804 -0.396381 -1.777131 4.447408 -0.022036 0.575327 0.683590 -0.206457 -3.328670 1.996560 0.312529 -1.552514 0.901832 0.190933 -0.897500 0.182622 0.526663 -0.957779 0.216869 0.740869 -1.580626 0.102311 -0.186833 -0.475074 0.613391 -0.615694 -0.118055 0.181190 0.140323 0.003653 -0.182049 0.095058 
0.000000 -21.826371 8.539620 -7.051897 -3.749711 -1.295662 -0.704637 -2.368884 4.414530 0.652845 -0.341419 0.971255 0.674586 -5.147857 1.090562 -0.717130 -1.415009 1.194930 -0.499093 -0.636093 0.551471 1.036662 -0.359089 0.312639 0.618789 -0.866615 -1.414435 -0.402454 -0.007300 -0.150803 -0.530340 -0.034102 -0.012002 -0.423608 0.585586 -0.338896 -0.415868 
0.000000 -27.434078 7.799129 -8.611513 -4.876589 -0.544943 -1.394567 -3.049317 5.550349 2.051288 -0.142851 1.308868 1.031120 -5.061899 -0.832309 -0.492378 -1.567114 0.600226 -0.869747 -0.965703 0.158618 -0.320552 0.213392 -0.460923 -0.090867 -2.109448 -1.737095 1.244287 0.464275 -0.395794 0.053142 0.487265 -0.814286 -0.840265 0.363435 -0.631351 -0.516833 
0.000000 -31.950170 6.875002 -8.036654 -6.883939 -0.095211 -2.444132 -4.300290 4.731767 0.011741 0.085365 0.049410 0.492852 -9.366754 -2.383629 1.771444 -0.486458 0.403343 -0.392809 0.338437 -1.077101 -0.643868 0.367781 -0.950063 -0.414878 -1.189517 -1.166486 2.219949 2.549860 0.066243 0.979481 1.328634 -1.306688 0.096691 -0.263993 0.234124 0.109487 
0.000000 -46.167585 3.031872 -5.068625 -5.849504 0.261742 -2.180185 -2.372442 3.396147 0.763551 0.592711 -0.591258 0.201365 -7.440933 -3.165281 3.947519 3.532606 0.732712 1.089215 1.691566 -2.454757 -0.127171 -0.314593 0.007326 0.128108 9.491363 0.938189 1.375888 2.069865 0.172961 0.780402 0.573643 -0.409545 0.182379 -0.440071 0.672986 0.118999 
0.000000 -46.832036 0.544440 -0.141616 0.181273 1.370213 -0.265702 -0.917158 -0.177747 -0.242601 -0.543821 0.064063 0.749069 9.615972 -0.507250 4.523220 3.653273 0.749265 1.167995 1.485724 -1.896192 -0.279111 -0.512361 0.395910 -0.176880 6.326653 0.095328 0.242409 -0.440552 0.175547 -0.198169 -0.727616 0.942772 -0.287483 0.158707 0.180532 -0.535385 
0.000000 -26.935641 2.017371 3.977815 1.457042 1.760272 0.155805 0.599006 -0.396236 0.205330 -0.432011 0.200562 -0.152396 5.212372 -2.974624 4.432337 2.651502 1.083805 0.692877 0.236333 -0.569212 -0.702138 0.002820 0.368391 -0.942662 -3.629702 -0.560352 -2.711688 -1.692820 -0.675095 -0.819505 -0.715031 1.045434 0.074421 0.354780 -0.278703 -0.342441 
233.512375 -36.407292 -5.404808 8.723058 5.484277 3.537823 1.120052 -0.444492 -1.316172 -1.646877 -0.538180 0.800845 -1.136254 2.356569 -1.627955 -0.900155 0.267633 -0.600925 -0.471015 0.055662 0.194676 -0.130269 0.197198 -0.161496 -0.861762 1.128091 4.028694 -3.776577 -2.930877 -1.485151 -1.736065 0.037453 0.314657 1.011937 -0.070160 -0.466013 0.463766 
0.000000 -22.222503 -1.238539 2.177504 1.992308 0.558423 -0.786224 0.710331 -0.006884 -0.055209 -0.037615 -0.122430 -1.875921 7.468555 5.082764 -3.120818 -3.210253 -1.886497 -2.779253 0.311239 0.060102 1.321735 -0.137500 -0.563635 -0.015129 -1.476357 2.407473 -0.935807 0.265124 -0.432438 -0.294585 0.057928 0.126165 0.692891 -0.244483 0.207797 0.812339 
314.073090 -21.470183 4.760720 2.481422 -0.936228 -0.235171 -4.438455 0.177986 -1.195968 0.996594 -0.813180 -0.326425 -1.166513 -0.596145 3.186991 -2.771770 0.797881 -1.465801 -1.060186 0.171519 0.447007 1.255513 -0.291768 0.254099 0.762916 -3.393128 -2.907709 0.635272 2.381167 0.287068 1.823185 0.347761 0.313355 -0.378478 -0.030365 0.359217 0.190516 
325.288391 -23.414793 5.135443 -3.366036 3.588070 -2.373180 -2.906596 1.053368 0.887130 2.455816 -0.621151 0.385768 -0.350089 0.682298 -0.732654 -1.850274 1.552080 -1.312361 0.867117 1.006762 0.686812 0.564779 -0.198229 0.154799 0.365902 3.210613 -2.852881 1.601520 -1.252716 0.445769 0.249618 0.631527 -0.672748 -1.189426 0.393413 -0.017253 -0.306525 
366.877747 -20.105586 3.295411 -1.219125 2.167933 -2.859893 -2.704220 2.191509 0.177657 2.126153 -1.209639 -0.016827 -0.434708 5.825081 -2.518771 0.431270 -1.707550 -0.574263 -0.560950 1.434573 -0.898488 -1.123339 0.495059 0.219592 0.149867 2.412927 -0.371953 0.631347 -1.153876 0.740633 -0.337799 -0.390748 -1.014568 -0.909499 0.038301 -0.022673 -0.035142 
389.432159 -11.764630 0.097901 -2.503495 0.172969 -3.521705 -4.028496 3.922515 -0.909846 0.209139 0.368967 0.824953 -0.050355 5.508153 -1.476559 -0.587579 -0.755671 0.168905 0.191519 0.225265 -1.342324 -1.254218 -0.121627 0.109454 0.295618 -4.621246 1.854837 -0.034890 1.391373 0.759622 0.752947 -1.331869 0.154888 0.449538 -0.937919 -0.560531 -0.124376 
388.472870 -9.089281 0.342292 -2.394284 0.656591 -2.522082 -2.321182 2.642039 -2.506991 -0.382284 -1.452893 0.202080 0.156529 -3.417411 1.190903 0.361490 1.075195 0.944981 0.944943 -1.229164 -0.588711 -0.224262 -1.380779 -0.901470 -0.098885 -6.860247 0.900090 0.553089 0.562286 0.591478 0.215020 0.041398 0.458342 0.473983 -0.008996 -0.153274 0.364829 
384.764618 -18.599453 2.479707 -1.780515 2.323359 -1.631743 -2.138610 1.464187 -2.087268 -0.239385 -2.392591 -0.977987 -0.248125 -8.212340 0.323620 0.518600 0.368901 1.351861 0.621560 0.308062 -0.425640 -0.306252 -0.139619 -0.197095 1.025275 3.123966 -0.935298 -0.784768 -0.624955 0.381698 -0.337785 0.587553 0.595182 0.254501 1.204888 0.849706 0.186687 
380.228668 -25.513961 0.989532 -1.357084 1.394394 0.181639 -1.078062 3.258162 -3.358271 -0.994787 -1.732131 -0.192110 2.207079 2.830521 -0.679694 -1.208046 -0.174714 1.708378 0.269374 -0.054058 0.601654 0.284740 1.028996 0.797941 0.274488 7.622042 -1.396092 -0.844914 0.973224 -0.125288 -0.527771 -1.362898 0.860103 0.738223 0.222911 0.047217 -0.994237 
374.853119 -12.938410 1.120320 -4.196606 1.973930 1.785014 -1.599862 1.356071 -0.883961 0.330095 -0.334599 0.617895 0.300852 7.031744 -2.468565 -1.171228 2.315350 1.101285 -0.433982 -2.417734 1.294565 1.170195 0.306203 -0.102662 -0.963198 -1.421210 -1.099761 0.825178 1.956485 -1.071050 -0.003613 -1.107017 -0.347039 0.429644 -1.026460 -0.725845 -0.053550 
364.391113 -11.450474 -3.947598 -3.699540 6.025093 2.384209 -1.946026 -1.577307 -0.769141 1.345604 -1.119724 -0.397433 0.280683 -0.011899 -2.879217 0.442311 3.738255 -0.433722 0.262148 -2.268093 -0.092425 1.144028 -1.023924 -0.653750 0.167388 -4.536485 2.388674 0.272095 -1.001232 -1.050041 0.723467 0.974381 -1.148129 -0.483868 -0.348166 0.061998 0.474039 
353.325714 -12.962208 -4.638113 -3.311985 9.450441 0.917571 -1.075565 -3.180116 -1.068812 2.618152 -2.382446 -0.689605 0.635627 -2.041227 2.308783 -0.627037 0.312885 -0.998797 1.012952 -0.468973 -1.001694 0.202460 -0.390129 0.021333 -0.015120 -3.394896 3.623367 0.261338 -3.011473 0.192551 -0.260845 1.403159 -0.261398 -1.141633 0.706551 0.325394 -0.426518 
349.319611 -15.532928 0.669969 -4.953615 6.650864 0.386614 0.079878 -2.515254 -2.772528 1.750523 -1.899982 -0.354766 0.250443 -6.801692 4.367517 0.964988 -2.284690 -0.048620 -0.259541 0.538225 -0.615222 -1.139237 0.389178 -0.002963 -0.685649 1.647833 -0.106704 0.577768 -1.441423 -0.004731 -1.517434 0.989752 0.784063 -0.584272 0.306851 0.291333 -0.325501 
326.719025 -26.565591 4.096920 -1.382009 4.881060 0.820332 -1.594646 -2.103666 -2.299255 0.339678 -1.604091 -0.695530 -0.735672 1.254439 2.095375 0.528499 -2.569962 -1.008260 -2.021916 1.510530 0.566433 -0.966084 0.223573 0.604000 -0.666123 6.637809 -1.979253 -1.688250 -0.576716 -0.626432 -0.963256 0.649235 0.555991 0.319874 0.024699 0.032973 0.228527 
359.163025 -13.024051 4.860718 -3.896617 1.510941 -1.629906 -3.963955 0.505807 -1.639662 -0.181644 -1.452837 0.853233 -1.081803 6.473927 0.409011 -2.411512 -3.438122 -1.301484 -2.186052 1.836694 0.496760 -0.499489 0.438576 0.062984 -0.228595 -1.273264 -1.313826 -0.659907 1.870930 0.705762 0.694220 -0.807311 0.260781 0.271041 -0.345233 -0.522667 0.471972 
346.730438 -13.617737 4.914943 -6.205034 -1.995183 -1.782637 -5.966750 1.569723 -1.305735 -0.659300 -0.726938 -0.569562 -1.192862 -1.292090 -0.532278 -0.791315 1.171899 0.403265 -0.633477 -0.104092 1.087995 -0.424002 -0.466893 -0.441335 0.277821 -3.079032 -0.715056 2.131885 3.240667 0.115005 1.883912 -1.213136 0.215934 0.210387 -0.314850 0.163965 0.306727 
351.223663 -15.608231 3.796162 -5.479247 3.854739 -0.823377 -5.230909 0.297623 0.536328 -1.029649 -2.386623 -0.029437 -0.526160 0.315863 -1.021100 1.852257 3.043213 -1.071473 1.581772 -0.589578 0.928628 -0.078715 -0.191123 0.390914 0.384859 0.270428 0.782903 1.937669 -0.754107 -1.519561 1.102041 -0.397273 -0.989259 0.704054 0.482444 0.075036 -0.294898 
366.043976 -12.986011 2.872743 -2.500521 4.091243 -3.925584 -2.803206 0.390567 0.551520 -0.816731 -1.109185 0.212265 -0.423144 -0.751235 1.033528 3.084023 -0.336316 -2.635857 1.570605 -0.898638 -0.890523 0.984106 0.497995 -0.291263 -0.311974 -2.158276 0.802741 0.830751 -2.025923 0.471162 -0.483222 0.088847 -0.950606 -0.203049 -0.250735 -0.295454 -0.545859 
354.824646 -17.110701 5.863217 0.688799 3.182108 -6.095092 -2.089699 -1.499654 -1.244719 0.938563 -1.390634 -0.611962 -1.150108 -4.000689 0.584381 3.513758 -1.008633 -0.129149 0.615327 -0.411883 -0.972584 -0.484813 -0.692594 -0.199995 -0.706859 -1.621677 -1.380997 -0.513648 0.149718 2.341913 0.022870 1.259665 0.699064 -1.073359 -0.295322 0.210067 -0.039481 
330.257446 -20.987388 4.041505 4.526995 2.073977 -4.183883 -1.572551 -0.433200 -1.393647 -1.786356 -2.494372 -0.187725 -1.836863 -3.994590 -1.728467 2.056728 -0.036880 2.047968 1.616346 1.620691 0.507604 -1.162611 -0.092649 0.128872 -0.390937 -4.210722 -0.888514 -1.718315 0.730840 1.175113 0.794515 0.065107 0.860239 0.407238 0.881895 -0.017661 0.771441 
0.000000 -25.099880 2.406284 4.802254 3.108347 -1.999155 1.142993 1.741729 -0.229511 -1.386659 -1.575931 -0.354217 -1.931981 -12.422133 -1.192647 0.077128 0.453046 2.221078 2.204358 -0.281670 0.747894 0.329663 1.071197 -0.235318 0.836024 -5.474569 -0.643079 -0.410139 -0.133613 -0.041311 -0.876751 -1.362478 -0.614881 1.005462 0.334642 -0.058378 0.542738 
0.000000 -45.831653 1.656211 4.681251 2.980070 0.258273 2.836164 -0.996539 0.102142 -1.127030 -0.351978 -0.658360 -0.164815 -14.943728 -3.014624 1.236450 -0.304106 1.965347 -0.137157 -1.104265 -0.722157 0.848312 0.576636 0.012117 0.694539 3.603924 -2.343593 -0.248771 -0.911438 -0.210049 -1.638456 0.040967 -0.781391 0.565627 -0.625137 0.086422 -0.637126 
322.783752 -54.987335 -3.622964 7.275155 2.500135 1.931538 0.868679 -0.466800 -1.673825 0.309964 -0.422659 -0.329984 -0.542903 -5.214285 -5.879833 -0.420413 -1.369830 1.800979 -1.072555 -0.199735 -0.814887 1.460916 -0.179077 -0.062473 -0.438228 10.693403 3.660235 0.190459 0.459811 -0.594056 -0.044380 0.514430 0.376089 -0.652115 -0.525652 -0.149675 -0.380184 
313.649933 -56.260224 -10.103456 3.840424 0.240410 3.860231 0.691054 -1.396009 -1.527632 1.794802 -0.710133 -0.783306 -1.041272 6.443079 4.305846 1.617369 0.615516 0.777236 -0.225916 -0.075405 0.030021 -0.455919 -0.474667 -0.287234 -0.065828 7.685080 5.455811 1.918048 1.733016 -1.607421 0.941298 0.266369 0.452556 -1.389496 0.016250 0.250999 0.331171 
0.000000 -42.101177 4.988727 10.509893 3.731167 3.486010 0.416847 -0.617611 -1.613784 -0.601873 -1.371993 -0.904451 -0.674559 10.155876 5.031789 3.415682 2.096202 -1.413863 0.810041 0.333003 0.090224 -1.318076 -0.146577 0.439526 0.224114 2.303764 -2.691783 -2.398643 -1.026626 -1.860191 0.043360 0.600261 0.651883 0.633004 0.489881 0.178123 -0.320331 
0.000000 -35.948472 -0.039877 10.671789 4.432813 1.032505 2.311136 -0.730002 -1.347183 -0.841350 -1.003287 0.095745 -0.593044 11.050607 -1.077721 -3.179917 -1.437736 -2.943146 -0.139195 1.125117 1.333787 0.810090 0.505095 0.069011 -0.706490 -1.014918 -1.001906 -3.814134 -2.468809 0.173807 -1.763985 0.360066 0.179598 0.934802 -0.171135 -0.588638 -0.237022 
266.990997 -19.999964 2.833285 4.150059 0.855696 -2.400281 0.138457 1.632622 1.053791 1.018306 -0.361803 -0.766429 -2.087539 8.126040 3.027977 -4.212586 -2.841416 -1.066248 -2.717930 1.053136 0.449420 0.551528 -0.488847 -0.737750 -0.249930 -5.522998 1.169598 -0.494076 1.527549 1.731213 -0.830168 -0.815477 -0.480675 -0.344237 -0.377793 0.280292 0.982655 
295.795959 -19.696392 6.016078 2.246617 -1.250020 -1.099991 -3.124723 1.376269 -0.448343 0.261706 -1.980982 -1.379755 -1.092904 0.004611 1.261475 -4.168069 1.617363 0.519280 -1.799532 -0.505837 0.372437 0.121616 -0.250490 0.629595 1.258820 -3.057510 -2.539518 0.952686 2.498695 0.204378 1.342610 -0.365575 0.195537 -0.083456 0.584707 0.765331 0.369858 
325.471558 -19.990741 5.356234 -4.186079 4.090421 -1.361721 -3.460607 0.620948 1.798664 1.261537 -0.862783 0.492761 0.430101 2.011019 -2.051058 -2.307214 2.155974 -0.657491 -0.032710 0.321986 0.840494 0.384615 0.680566 0.792912 0.489786 1.849551 -1.827158 2.715127 -2.001667 -0.578697 0.735771 0.881049 -0.648785 -0.812428 0.495651 -0.226741 -0.742984 
361.827728 -15.674353 1.913962 -2.367812 3.061928 -2.414973 -3.190143 2.020242 1.232644 1.030936 -0.619849 0.206070 -0.113332 3.703712 -2.392841 1.262185 -2.385971 -0.638114 -0.327990 1.256261 -0.925134 -1.503241 0.740812 0.176113 -0.227147 0.200650 0.801573 1.301317 -1.726951 0.521537 -0.017161 -0.049214 -0.973560 -1.103708 -0.273080 -0.253438 -0.357150 
381.097900 -12.583317 0.570552 -1.661709 -0.681521 -2.637950 -4.116587 3.133470 -0.051603 -1.744945 0.618840 0.844988 -0.024194 2.412319 -0.447913 0.295420 -1.297927 0.385583 -0.067033 0.223558 -1.106626 -1.822801 0.134407 0.286037 -0.224514 -3.147223 2.106922 -0.479146 1.713947 0.500944 0.673805 -0.894238 0.178892 0.937098 -0.781999 -0.390332 0.211122 
382.574799 -10.849715 1.018137 -1.776972 0.466074 -1.643807 -3.324208 2.467358 -0.980607 -2.614665 -0.351036 0.778144 -0.562361 -2.590735 1.821004 0.303893 1.041923 0.363775 1.019620 -0.532215 -0.567350 0.370955 -0.823186 -0.604551 0.195097 -4.864452 1.612035 -0.372423 1.065754 -0.043500 0.622836 -0.279654 0.522382 1.283231 -0.220086 -0.599020 0.750192 
372.792175 -17.764786 4.212561 -1.053924 1.402326 -1.910400 -2.077348 2.069041 -1.186304 -1.003034 -1.027531 -0.364115 0.366001 -7.316584 2.776157 -0.449426 0.833581 0.298584 1.178640 -0.335749 -0.061862 0.743661 -0.305766 -0.912003 1.275870 2.551450 -1.078938 -0.817465 -0.134561 0.421281 -0.204388 -0.449418 0.638977 0.448894 0.254445 0.358110 0.083798 
366.976013 -25.482884 6.570450 -2.675824 2.133236 -1.046639 -0.966929 1.795860 -1.104331 -1.127343 -0.962569 -1.045862 1.989378 2.512164 -0.336871 -1.331037 0.772800 1.206336 0.610844 -1.431051 0.710603 1.268744 -0.314296 0.111668 0.362693 7.382211 -2.841249 -0.277453 0.165578 0.369326 -0.433179 -0.836725 -0.662682 0.555833 -0.111642 0.498323 -1.167544 
368.294952 -12.740458 3.538818 -3.715997 2.947926 0.502272 -0.855659 -0.793062 0.234903 1.534453 -1.656123 -0.140779 1.091387 7.447837 -2.906342 -1.004332 1.164738 1.037236 0.312282 -2.009199 -1.387226 1.855326 -0.529050 0.084644 -1.059219 -1.413108 -1.419837 2.029186 -0.104372 -0.342614 -0.217747 0.216749 -1.330690 -1.126599 0.266952 -0.279740 -0.706476 
352.990540 -10.587210 0.757766 -4.684488 4.462712 1.027833 -0.342366 -2.222538 -3.878784 2.583309 -2.020669 -0.876574 -0.129060 -0.314052 -3.176545 2.727334 0.564057 0.521107 0.175351 -0.997553 -1.950777 -0.984453 0.219608 -0.447813 -1.050260 -6.021099 -1.971332 2.924545 -1.322750 -0.056420 0.180375 1.130968 1.294938 -1.485443 0.550526 0.159244 0.310504 
316.308533 -13.368561 -2.814272 1.738671 4.076040 1.544486 -0.504956 -2.788167 -3.666650 -0.434453 -1.216906 -1.036404 -1.009134 -4.594362 -6.849006 4.844759 -1.480762 0.924395 0.673032 0.252737 1.202650 -1.115560 0.572003 0.403132 -0.438211 -3.194284 -1.954995 -0.812199 -0.924048 0.249707 0.527399 1.239338 1.678973 0.833774 0.172775 0.609063 0.787796 
291.643616 -19.775933 -12.940246 5.005030 1.501187 2.876624 1.003699 -1.717064 -1.473485 0.352189 -0.876663 -0.070311 -1.005483 -6.702620 -7.086535 1.102936 -1.284039 1.020521 1.230149 1.481124 1.407169 0.683095 0.565157 0.770313 0.525331 2.699305 5.936206 -1.703970 0.853017 -1.890302 -0.879425 0.387428 -0.326083 0.111541 -0.584762 -0.403935 0.161238 
0.000000 -26.773801 -16.987342 3.944543 1.507963 3.585529 1.955341 0.174080 -0.852312 0.931736 -0.086591 0.504222 0.041529 0.804248 5.023405 1.436818 0.225272 -2.856208 -1.085817 1.027593 0.550483 -0.892478 -0.597521 -0.404738 -0.115736 5.344750 8.891869 -0.293604 1.250215 -2.147093 -1.775110 -0.033127 -0.267006 -0.912584 -0.531691 -0.656635 -0.815609 
0.000000 -18.167438 -2.893436 7.878666 1.951730 -2.835792 -1.167935 0.338121 -0.372519 -1.432766 -2.071705 -0.879786 -1.236954 3.986879 10.697203 0.515728 1.216391 -3.273665 -2.320071 1.414870 0.873157 -1.142072 -0.498224 -0.542957 -1.105887 -1.025958 -0.564821 -1.300784 0.440599 1.136885 0.495735 0.390427 0.274888 0.938673 0.733472 0.310285 -0.149181 
0.000000 -18.800042 4.407065 4.975999 3.940745 -2.961801 -2.684801 3.003820 0.894002 -1.352409 -1.083039 -0.581693 -2.170245 -1.247669 3.893763 -1.164751 1.106470 -0.582438 -0.094346 1.808447 1.100259 0.984869 0.869424 0.215832 -0.414098 -4.573767 -5.307685 -0.474069 -0.483587 1.335906 1.523054 -0.849925 -0.296506 0.798601 0.354402 0.210671 0.760722 
0.000000 -20.662775 4.894091 5.549164 4.164670 -4.000669 -1.356626 3.955014 1.827999 0.536972 -0.332857 -0.448122 -2.065151 -5.160655 0.081833 -0.432411 0.249217 -0.601853 0.726037 -0.284980 0.280144 0.455130 0.210580 -0.121615 0.415557 1.631235 -2.418987 0.023767 -1.011644 0.125288 -0.413350 -1.510512 -1.605418 -0.775985 -0.905961 -0.343579 0.593016 
0.000000 -29.121353 4.570731 4.111178 4.439178 -4.165507 -1.232726 2.433861 1.454291 -0.442150 -0.661879 -0.824923 -1.339131 2.014801 -0.944210 -1.117217 -0.916818 -0.331862 -0.921045 -1.212577 -2.110578 -0.567101 -0.942498 -0.471326 0.771934 6.486755 -1.191884 -0.295850 -0.953963 0.377706 -1.661563 -0.257523 -1.228593 -0.476534 -0.460074 -0.049933 -0.124578 
0.000000 -16.633174 3.005671 3.314730 2.331035 -4.664393 -3.198716 1.529861 -2.393157 -0.597230 -2.217853 -1.390775 -0.521282 7.812854 -2.301936 -1.024110 -1.658710 0.153559 -2.597088 -0.800026 -2.177041 -0.497939 -0.709567 -0.221482 0.166402 -0.016964 -0.126362 0.267622 -0.091605 0.671397 -0.364639 0.376286 1.224081 0.325729 0.285982 0.287224 -0.315640 
0.000000 -13.495645 -0.033141 2.062957 1.121758 -3.858388 -6.426902 0.833809 -2.899791 -1.438027 -2.081013 -1.267887 -1.006328 1.980874 -1.196934 -0.581973 -1.100028 1.010932 -1.650324 -0.460005 0.337585 0.084357 -0.370534 0.103122 0.140654 -3.700372 1.312204 0.534012 0.581660 0.227185 1.280429 0.344024 1.383971 0.501347 0.135307 0.131580 0.108388 
346.198639 -12.671427 0.611802 2.150785 0.130979 -2.642528 -6.499364 0.609851 -1.717987 -0.428516 -2.958920 -1.184530 -0.239973 0.412109 0.322472 0.043914 -0.495390 0.607930 -0.036231 -0.111979 0.590902 0.504756 -0.438954 0.041678 0.383178 -0.784382 0.759703 0.312943 0.302319 -0.201501 0.807046 0.174013 0.126658 0.210199 -0.034210 -0.030722 0.121262 
