286.437469 -22.886373 -11.605452 -0.371975 -0.498157 -2.490292 -0.323703 -2.884551 -0.388974 -0.133439 -0.342359 0.017700 0.448517 -0.950525 -1.811980 -0.550293 0.456937 -0.423133 -0.118705 0.326339 -0.705312 0.110436 0.061563 0.091457 0.056606 0.261126 2.072643 0.062457 0.608076 1.064987 0.856304 0.456342 0.046653 0.391887 0.517541 0.149720 -0.076610 
0.000000 -24.787423 -15.229411 -1.472561 0.415717 -3.336558 -0.561112 -2.231872 -1.799597 0.087434 -0.219232 0.200614 0.561730 -0.428274 2.333306 -0.425378 1.673089 1.706842 1.593903 1.239023 -0.612007 0.894210 1.096646 0.390897 -0.096614 1.657582 4.588270 -0.334179 0.838644 1.278607 0.825083 0.040735 0.179876 0.203122 0.267974 -0.228718 -0.212637 
0.000000 -23.742920 -6.938840 -1.222731 2.848022 0.923391 2.864104 -0.406505 -1.612987 1.654980 1.850933 0.799493 0.255289 2.364639 7.364560 -1.218651 2.134225 2.134082 1.531462 0.407810 -0.345559 0.516680 0.597511 -0.365979 -0.368667 1.193073 0.402991 -0.642595 -0.178949 -1.164293 -0.689268 -1.134715 0.198468 -0.413706 -0.800123 -0.406354 -0.251379 
360.329346 -20.058145 -0.500291 -3.909863 4.684167 0.931605 2.501811 -1.416252 -2.490715 1.120793 0.975790 -0.531345 -0.175604 1.957872 3.139287 -1.710568 1.315192 -0.621744 0.215368 -1.030408 -0.215070 0.066798 -0.503601 -0.421811 -0.599372 -2.405989 -4.302473 0.785896 -0.782264 -1.085172 -0.682497 -0.568197 0.125309 0.006018 -0.588535 0.376132 -0.088341 
351.500427 -19.827176 -0.660266 -4.643867 5.478406 -0.320096 3.294840 -2.467320 -2.043127 1.788577 0.843731 -0.044129 -0.943456 -2.447339 -1.240387 0.353140 0.569696 -0.036262 0.166468 -0.728584 -0.094942 0.528716 -0.579558 0.386285 -0.545348 -5.814845 -1.835330 1.491024 -0.283305 0.865220 -0.184217 0.645427 -0.093444 -0.014141 0.034537 0.039199 0.192263 
340.557190 -24.952822 -2.981065 -3.203582 5.823560 0.859082 2.834747 -2.873419 -2.680598 2.178225 -0.183326 0.241226 -1.266300 -9.671819 -0.531373 1.271480 0.748582 1.108697 -0.153065 0.260446 -0.401958 0.038517 -0.434527 -0.343413 -0.214847 -2.501771 -0.250066 1.355262 -1.544400 0.725308 -0.242218 0.300252 0.609078 -0.738309 0.414715 -0.315894 0.330764 
309.547516 -39.170814 -1.723012 -2.100907 6.975569 1.897298 2.988709 -1.946428 -2.847043 1.865610 -0.025323 -0.730954 -1.373149 -7.450880 -1.740518 3.063663 -2.519104 1.414355 -0.317969 -0.128080 1.123214 -0.947901 0.249873 -0.245503 0.116180 10.107922 1.265329 -0.430595 -1.899575 -0.451777 -0.330177 -0.154181 0.507707 -0.361558 0.232308 0.348090 0.290163 
249.110718 -39.854583 -6.462101 2.923745 0.785351 3.687791 2.198810 -3.129579 -0.434171 0.282422 0.316420 -0.249779 -1.033939 10.544025 1.999285 0.410290 -3.050568 0.205144 -0.813419 -0.047915 0.613456 -0.684599 0.030089 0.352768 0.365479 9.539633 4.044509 -3.719809 1.326112 -1.875974 -0.360080 0.307194 -0.822130 0.635636 -0.110475 0.378320 0.282197 
270.139252 -18.082765 2.275559 -1.280327 0.874433 2.307585 1.361872 -2.042258 -1.620132 0.496412 0.034855 -0.025419 -0.642192 11.628385 6.348500 -4.375955 0.133119 -2.337594 -1.038129 0.486309 -0.521045 0.323371 0.028924 0.511137 0.680575 -5.341702 0.043816 -1.402397 1.588512 -1.289944 0.262802 -0.325415 0.226993 0.432586 -0.219933 0.167133 -0.001056 
259.734344 -16.597813 6.234899 -5.828165 1.051588 -0.987397 0.122551 -2.156961 -1.476262 0.929163 0.374267 0.772495 0.327210 -0.139379 2.086917 -2.394503 0.126457 -2.374744 -0.287815 -0.698745 1.067442 0.180572 -0.409777 0.687034 0.363367 -8.175353 -2.976512 2.427939 0.194338 1.009898 0.740794 -0.340078 0.518743 -0.199343 -0.286132 -0.161278 -0.435011 
258.105408 -18.361522 6.449393 -6.069332 1.127347 -2.441903 0.786241 -3.439748 0.514752 0.857557 -0.784699 1.348650 0.084542 -4.722322 0.395475 0.479922 0.521795 -0.317797 0.443458 -0.193847 0.516441 -0.075314 -0.543341 0.188582 -0.189447 -3.423936 -0.543303 1.545473 0.318755 2.326011 0.003046 0.858495 -0.756362 -0.118389 0.024219 -0.559766 0.056867 
257.131836 -26.042456 7.025849 -4.868320 2.095179 -1.622991 1.009466 -2.544656 -0.443380 0.778535 -0.712414 1.149659 -0.051683 -6.987250 1.000311 0.696443 0.763966 2.277278 -0.281724 1.018246 -0.445283 -0.056205 -0.361338 -0.432497 0.477101 2.195507 -0.092145 0.250714 -0.125504 0.773738 -0.423647 -0.262119 0.161891 -0.329561 0.024900 -0.069038 0.222464 
252.505615 -32.336021 8.450016 -4.676446 2.655279 2.112653 0.222793 -1.403256 -0.375815 0.745146 -1.507376 0.483656 1.038743 -0.331308 0.211185 0.981351 0.270786 1.229680 -0.403836 -0.718085 0.840223 -0.734437 -0.493541 0.050505 0.255481 5.570112 -0.764707 0.345621 -0.346302 -1.552096 0.089178 -1.019722 0.885008 -0.629315 0.337818 0.354950 -0.742096 
236.049072 -26.705072 7.448220 -2.905617 2.636752 0.836369 0.201794 -3.980827 1.237066 -0.690339 -1.699495 1.250669 0.459278 4.152974 -0.529103 1.387686 0.071361 -0.826913 -0.103369 -1.021199 1.324733 -1.314835 0.314298 0.277403 -1.007091 -1.451918 0.297690 0.319905 -0.103049 -0.690679 0.192609 1.425591 -0.509043 0.026660 0.490650 -0.182464 -0.406569 
247.163162 -24.030074 7.391811 -1.901074 2.798001 0.458826 0.016056 -3.445654 2.273652 -1.884523 -0.878780 1.038463 -0.975440 -3.235145 0.806565 1.621161 0.064688 -0.151678 -0.018618 2.133097 -0.177864 -0.681118 0.487760 -0.314424 -0.557658 -8.767501 0.574417 0.207963 -1.027253 0.092359 -0.086633 1.422644 -1.600819 0.684641 -0.083341 -0.068222 0.974577 
264.964233 -33.175362 9.061349 0.336704 2.766128 0.533012 0.164558 0.285366 0.881338 -2.052574 -0.723976 0.621821 -0.656038 -13.382028 0.619732 1.803612 -1.983144 -0.642195 -0.276634 1.824088 -1.876905 0.054447 0.147616 0.140960 0.942063 -2.600629 -0.203243 0.623552 -0.818582 -0.527587 -0.561365 -1.648409 -0.632999 0.416883 -0.279418 0.041684 0.571516 
256.448364 -50.794130 8.631274 1.706149 -1.168287 -0.825565 -0.537212 0.202523 -1.480159 -1.775629 -0.583547 1.320384 0.908687 -8.436404 0.400078 2.868265 -1.572476 -1.206853 -1.141349 -1.163721 -1.443862 0.152649 -0.071077 -0.231056 0.585375 10.468269 -1.228450 0.870693 0.438085 -0.416392 0.520589 -1.201286 0.781743 0.315158 -0.119860 -0.329801 -0.606781 
254.638123 -50.048169 9.861505 6.073234 -0.378823 -1.880693 -2.118139 -2.042076 -2.006385 -1.747276 -0.866129 0.159710 0.514712 7.554509 -1.837169 3.544998 -1.106975 -1.474979 0.764545 -0.578483 -0.313419 0.684764 -0.092104 -0.518642 -0.271499 9.440981 -2.871181 -1.816987 0.415230 -0.670130 1.050513 1.254124 0.767918 0.248645 0.137490 -0.113440 -0.334840 
0.000000 -35.685112 4.956936 8.796144 -3.382237 -3.775522 0.991877 -0.954442 -2.106997 -0.406102 -0.767754 0.283099 0.365690 10.445558 -5.342285 -0.765709 -0.742016 -2.547112 0.959678 1.344527 0.091974 0.649939 0.203903 -0.457936 -0.084305 0.574953 0.678059 -5.021232 1.543343 0.970749 -0.964391 0.108195 0.310455 -0.004023 0.614482 0.702595 0.524630 
0.000000 -29.157052 -0.823065 4.541817 -1.862856 -6.974917 -0.198784 0.646978 -1.822437 -0.447398 -0.458323 -0.756162 0.346102 8.704414 -0.481051 -6.497467 1.979711 0.466520 -1.164236 -0.362093 0.307490 0.676718 1.136860 0.886548 0.777762 -1.206413 3.789124 -2.625812 1.799515 2.017608 -0.736976 -1.740185 0.155357 0.112894 0.087716 0.907473 0.246169 
0.000000 -18.276283 3.994833 -4.198789 0.577186 -2.842483 -1.336595 -1.678628 -1.492017 0.947334 1.505965 2.056194 1.921214 8.032732 2.235964 -6.017332 2.857013 1.488105 -0.514275 -2.135842 0.402688 0.875728 0.379336 1.357010 0.408033 -3.582210 -0.022571 2.594775 0.288293 -0.325871 0.742622 -0.537820 -0.479954 -0.666649 -1.257663 -1.170570 -1.186858 
0.000000 -13.091588 3.648863 -7.492848 3.851170 -3.998708 -1.227334 -3.624707 -1.017060 1.304058 0.300349 1.957859 1.162168 1.539994 -0.526193 -1.307917 2.556298 -0.185223 0.321007 -1.437733 -0.652418 -0.656579 -1.378467 -1.454592 -1.595954 -6.301591 -1.224903 3.161513 -1.107272 -0.515974 0.510614 1.099151 -0.337790 -0.623843 -0.593861 -1.181344 -0.780097 
384.058624 -15.196295 2.942447 -6.814623 5.689781 -3.212929 -0.694580 -4.554095 -2.796852 -0.365824 -1.250969 -0.852990 -1.270694 -4.570449 -0.213841 0.305693 0.642468 0.456157 0.506952 0.062459 -0.272891 -0.371957 -0.808386 -1.005677 -1.152161 -4.481221 0.103696 0.649250 -1.639899 0.279059 0.180728 1.064827 0.927720 0.572582 0.768900 1.244366 0.847013 
0.000000 -22.232485 3.221180 -6.881462 5.136106 -3.086394 -0.213431 -3.499789 -1.562842 0.560144 -1.316424 -0.053495 -1.142155 -7.422448 -0.318800 -0.009416 -0.723501 0.372895 0.682463 0.691921 1.203023 0.488584 0.159333 1.034140 0.098072 0.755653 0.736907 0.018861 -0.387975 0.000856 0.049683 0.975757 0.189374 0.187154 0.642849 0.419466 0.995598 
0.000000 -30.041191 2.304847 -6.833456 4.242780 -2.467139 0.670345 -3.170252 -0.390807 0.611344 -0.932304 1.215290 -1.074551 -3.059143 1.259972 0.343415 -0.133481 0.457870 0.606317 2.013972 0.105858 0.002350 0.477311 -0.166745 0.839034 4.400348 0.947341 0.083631 0.726160 -0.284987 -0.436533 0.799839 -0.917797 -0.142595 0.093106 -0.985756 0.460547 
365.050293 -28.350770 5.741125 -6.194632 4.869145 -2.170655 0.999204 0.528156 -1.351127 0.564844 -0.361801 -0.386984 0.535913 1.378248 1.575882 0.157845 0.728820 -0.197078 -0.190602 2.291600 -0.632572 0.203394 0.345546 -0.937372 1.019165 1.974290 -0.970814 0.073659 0.447746 -0.590032 -0.487382 -1.053255 -0.309267 -0.273598 -0.224068 0.021376 -0.578108 
361.555145 -27.284696 5.456612 -6.517765 5.700420 -2.861295 0.289140 1.412947 -1.655950 1.018132 -0.241212 -0.659454 0.963779 0.889438 -0.681656 0.490734 0.762011 -0.722194 -0.368446 -0.092538 -0.512677 -0.544846 0.029176 -0.123993 -0.317182 -0.138898 -1.165826 0.478187 -0.271696 -0.036543 0.010450 -1.886010 0.057941 -0.788275 -0.539469 0.489617 -0.963179 
367.402679 -26.571894 4.377814 -5.213164 6.393167 -3.615042 0.262311 0.343080 -2.376481 -0.524847 -0.303449 -0.634970 -0.098452 1.100452 -0.755769 1.114219 0.185428 -0.270165 -0.169702 -1.480420 -0.516689 -1.373156 -0.733392 0.041863 -0.907194 0.550290 -0.035405 -0.292131 -0.002681 0.855864 0.065962 -0.772424 -0.015666 0.220898 -0.259948 -0.144456 -0.088702 
347.887909 -25.083793 3.945074 -4.289326 6.071277 -3.401625 -0.050264 -1.547894 -2.689328 -1.728181 -1.707997 -0.575728 -0.850609 1.990019 -0.752466 -0.093529 0.756649 0.989534 -0.236523 -1.637385 -0.544010 -0.103049 -0.490721 -0.412906 -0.494585 -2.939607 0.018896 -0.931136 0.343333 0.907218 0.046070 0.699647 0.107534 0.899038 0.668450 -0.096467 0.463726 
0.000000 -22.591857 2.872882 -5.400222 7.906465 -1.635975 -0.210734 -2.931689 -3.464501 -0.730945 -1.284890 -1.460782 -1.087623 -4.778763 -0.717977 -0.748053 0.872095 1.544272 -0.077562 -0.081127 -0.301620 0.424919 0.603509 -0.151071 0.020258 -7.055327 0.187764 1.521236 -1.332167 0.495881 0.012485 0.669444 0.307229 -0.222209 0.545990 -0.068365 0.488751 
308.856018 -34.641320 2.509120 -5.785433 7.815466 -0.313082 -0.205389 -1.710147 -3.292568 -0.878344 -0.500980 -0.877870 -0.810094 -12.120635 -0.376938 2.948944 -1.907685 1.981295 -0.211554 -0.298497 0.070449 -0.547467 0.601259 -0.549636 0.482916 0.946005 -3.054691 3.334612 -0.662114 -0.779288 -0.658848 -0.048624 0.240818 -0.802412 -0.493937 -0.376975 -0.057452 
225.575134 -46.833128 2.119006 0.497665 4.091096 2.326616 -0.633842 -3.528684 -3.323603 -1.825880 -0.082372 -2.560054 -0.121790 -2.886754 -6.827360 5.921171 -0.452134 -0.014304 -1.395259 -0.178374 0.180016 -1.179906 -0.384365 -0.905022 -0.094647 9.880122 -1.307846 -1.418392 1.540577 -0.790512 -0.127414 0.592285 0.756718 0.692688 -0.268807 0.780586 -0.312007 
218.739838 -40.414828 -11.145599 6.056909 6.911198 -0.341689 -2.995906 -2.066895 -2.932536 -3.238157 -1.269709 -2.687915 -0.999388 7.639608 -2.992630 0.112159 1.173469 0.400271 -0.466381 0.886073 1.583885 0.837909 0.063645 1.011535 -0.141097 5.781201 7.266384 -5.045971 -0.524198 -0.670177 0.983096 0.085672 0.549333 1.298120 0.323296 1.108177 0.348539 
0.000000 -31.553913 -3.866253 0.721983 6.438034 3.127158 -1.566605 -1.756537 -0.155833 -0.150061 0.044918 -0.536984 -0.403984 8.675647 7.705407 -4.170770 -1.500529 -1.354658 0.570933 -0.007030 1.278683 1.416333 0.262227 1.311331 0.602432 -0.996364 3.622396 -1.260400 -1.689518 -2.351659 0.138132 -0.214931 -0.505134 -0.732333 -0.060676 -0.646855 0.316686 
248.133545 -23.063535 4.265216 -2.284630 3.910140 -3.051006 -1.854041 -2.080954 -0.375170 -0.405490 -0.745255 -0.065253 0.205476 5.646879 4.252162 -2.408642 -2.205568 -4.303048 -0.190117 0.456211 0.573618 -0.626756 -0.057706 -0.282175 0.492275 -4.406480 -3.312298 2.044353 0.764969 0.004719 -0.608676 0.283596 -0.507834 -0.897934 0.114190 -1.012999 -0.366177 
235.485672 -20.260154 4.638070 -4.095301 2.026898 -5.478938 -1.946839 -0.844115 0.991402 -1.403574 -0.070494 -1.101334 0.580565 -0.137313 1.080811 -0.082064 0.029409 -1.345220 -0.646420 0.560163 0.263015 -0.379534 0.490607 -0.714667 -0.129922 -6.966108 -1.445873 2.496987 1.520143 2.210573 -0.206433 0.071876 -0.979030 0.568236 0.246921 0.225343 -0.409234 
234.096985 -23.338161 6.426838 -2.448759 3.968958 -5.741446 -3.146881 -0.960628 0.150860 -1.164559 0.235959 -1.494587 -0.054367 -8.285336 1.360416 2.585331 0.834718 0.118099 -0.602984 0.599963 -1.384443 0.509715 0.436136 0.168510 -0.326193 -7.040465 -0.357925 1.178574 -1.306472 0.755150 0.303923 0.374998 -0.297605 0.082895 -0.270799 0.846004 0.184044 
235.700867 -36.830826 7.358901 1.075361 3.696335 -5.242740 -3.152807 0.355811 -1.777483 -0.384144 0.801779 -0.764314 -0.071820 -14.218244 0.364962 2.275083 -2.583535 0.165080 -0.038574 1.310160 -0.332195 -0.213745 -0.050992 0.977342 0.238166 -0.206456 -0.421975 -0.360111 -1.912827 0.495571 0.724196 -0.236587 1.299950 -0.014084 -0.360161 0.150671 0.279803 
234.153839 -51.774649 7.156761 2.101408 -1.198113 -5.411286 -3.224029 1.659691 -0.513530 -1.592048 0.133976 0.460096 0.421964 -8.698248 0.516465 1.865110 -2.990936 1.109240 0.845408 0.126789 1.215457 0.481547 -0.284186 0.469851 0.233413 9.432580 0.860657 -0.650455 1.805497 0.231947 0.817025 -0.203058 0.236591 0.897638 -0.003307 -1.097172 -0.218769 
230.287292 -54.227321 8.391831 4.805581 -2.285538 -3.024261 -1.461991 0.609390 0.653432 0.578950 0.233407 0.175389 0.395007 4.646916 2.086277 0.974174 1.027459 0.628974 1.595476 0.904045 0.140986 1.581531 -0.057607 -1.217002 -0.199371 9.742446 -0.110702 -3.385282 2.936208 0.183403 0.153606 0.081040 -1.132837 0.195441 -0.203474 -1.176273 -0.110094 
252.858078 -42.480816 11.329314 4.049755 0.856806 -4.153338 -0.033077 3.467780 -0.231557 1.571015 0.018763 -1.973909 0.023222 10.786644 0.295060 -4.905455 2.881481 1.476045 1.152621 0.288870 -1.050216 0.872430 -0.691134 -1.882696 0.013225 1.484604 -3.663420 -2.522880 -0.139701 1.700798 -0.640922 -1.514617 -0.285748 -0.900492 0.032308 0.280867 -0.003350 
271.434113 -32.654033 8.981951 -5.005330 3.477423 -0.072170 0.843251 1.187129 -1.447001 2.323809 -1.148861 -3.590002 0.421456 7.616125 -5.240564 -4.071587 0.748057 4.030571 0.313631 -2.125190 -0.430509 -0.219452 0.007010 -0.655269 -0.206072 -4.389306 -5.157292 2.806217 -1.445830 0.029861 -0.385425 -0.530808 0.780931 -1.091484 0.831355 1.416658 -0.362844 
288.190979 -27.248566 0.848186 -4.093419 2.352919 3.907804 0.594185 -0.782599 -1.092576 1.132111 0.032782 -3.284448 -0.388922 2.008032 -10.019524 0.706979 -0.010180 1.535767 0.381771 -0.772747 0.511646 -1.310539 0.971577 0.950621 -0.712463 -3.688579 0.478133 2.338318 -0.174699 -2.294525 0.284503 1.412179 0.397944 -0.137611 0.578758 1.188314 0.403619 
288.514740 -28.637969 -11.057097 -3.591372 3.457063 2.999364 1.606793 -0.358364 -0.423709 -0.297268 0.794292 -1.688759 -1.003470 0.238966 -4.284299 0.605048 0.398659 -0.558478 0.882637 0.699169 0.365378 -0.494675 1.164525 1.721358 0.601166 0.670702 7.999477 -0.855912 0.008155 -1.297465 -0.021535 0.509965 -0.767383 0.737376 -0.339508 0.019496 0.754227 
327.143311 -26.770633 -7.720412 -2.883323 3.150237 2.790847 2.359459 0.615739 -0.361820 0.142761 2.361831 0.158268 0.813410 3.349435 5.979430 -1.004845 0.006130 -1.059162 0.338701 0.247184 -1.023120 0.164213 0.292562 0.989613 0.795992 0.557076 4.432502 -0.622303 -0.355634 -0.495095 -0.405582 -0.331546 -0.921916 0.035716 -0.828260 -0.904356 -0.520373 
369.159882 -21.939099 0.901763 -5.601062 3.469324 0.881039 2.284196 0.136004 -2.469949 0.031158 1.379415 0.290468 0.588514 1.353119 4.580706 -0.639558 -0.312610 -1.548668 0.071472 0.036078 -1.478453 -0.423243 -0.491994 -0.087354 -0.439579 -4.584573 -3.752888 1.265754 -1.118170 0.700049 -0.022988 0.294218 0.409775 -0.057352 -0.027913 -0.609649 -0.394277 
362.903320 -24.064395 1.441001 -4.162439 2.525017 -0.306488 2.502404 0.687896 -3.318727 -0.703724 1.377842 -0.016439 -0.065749 -5.819712 -1.526346 1.526663 -2.230210 0.340935 0.292724 0.835620 -0.203570 0.049509 0.236736 -0.229684 0.007437 -4.479827 -4.090189 1.731990 -1.007763 1.859401 0.590120 0.101836 1.095341 0.383549 0.596363 0.295129 0.298399 
353.191986 -33.578522 -2.150930 -2.547736 -0.991096 1.562909 2.869645 1.807244 -2.877090 0.130176 1.852887 -0.168901 0.603388 -7.606534 -3.599672 2.824422 -2.328136 2.170135 1.251712 0.239750 0.712229 0.343856 0.700733 0.502903 0.157218 5.920829 1.833070 -0.776096 1.605164 -0.612408 -0.258075 -1.038560 -0.114248 -0.228290 -0.261093 0.037224 -0.172697 
363.236755 -39.277464 -5.758344 1.486405 -2.131256 4.033782 5.005828 1.167396 -1.894269 -0.016012 2.779308 0.989368 0.248687 6.021946 2.139793 -0.025529 0.980119 -0.883881 -0.223426 -1.241499 -0.432066 -0.407071 -0.285451 -0.155237 -0.337957 9.758340 4.042617 -3.180415 2.377023 -2.525387 -1.760325 -1.291074 -0.512877 -0.370024 -0.868530 -0.931103 -0.266009 
366.868896 -21.534631 2.128657 -2.598795 0.969142 -0.204852 2.422793 -0.675755 -3.741223 -0.683967 1.281984 -0.479375 -0.072525 11.910145 4.485562 -3.536409 2.425909 -2.880639 -2.268938 -2.342398 -0.313525 -0.396192 -1.036328 -1.359303 -0.374800 -2.024373 -1.257432 -1.037240 0.222449 0.393201 -0.575401 -0.239941 0.691187 0.130506 -0.066087 -0.486785 0.132571 
365.548920 -15.457173 3.212780 -5.586412 2.720562 -1.727496 0.467952 -3.517399 -2.521319 -0.808396 0.706651 -1.729239 -0.500912 1.973200 -0.375071 -2.100009 1.425016 -0.097480 -1.374227 -1.721382 0.950308 -0.146059 -0.417625 -1.128808 -0.072815 -7.273109 -3.224530 2.028866 -0.250427 1.553797 1.273199 1.276306 0.578834 0.346363 0.451629 0.801221 0.302231 
330.697113 -17.588232 1.378514 -6.798813 3.819174 -0.399811 -0.325661 -4.118518 -1.840607 -0.976085 0.446733 -2.736991 -0.218156 -2.636072 -1.963497 0.521324 1.925056 0.226955 0.277460 0.210214 0.844142 0.296535 -0.133070 0.243138 0.229663 -3.105989 -1.114259 1.848069 0.381549 -0.226965 1.305339 1.369927 -0.155251 0.562982 0.245998 1.334277 0.102047 
328.050934 -20.729317 -0.714214 -4.543764 6.570673 -1.273587 1.022872 -3.096971 -0.833035 -0.215327 0.440510 -1.242964 -0.041586 -4.238778 -2.603590 1.596130 2.188114 -0.551409 1.236450 1.018472 0.639805 0.979905 0.074371 1.539747 0.131278 -1.189880 0.409013 0.024773 -0.502658 0.035402 0.176117 0.284645 -0.700967 -0.187690 -0.155525 0.111504 -0.301388 
348.071655 -26.065788 -3.828665 -3.606553 8.195402 -1.502629 2.147239 -2.081575 -0.560997 0.983726 0.595476 0.342503 0.044401 -5.015832 -1.145471 0.570870 0.919740 0.297759 0.629694 0.779503 -0.557791 -0.078845 -0.444121 0.466146 -0.373112 -0.989569 1.335510 -0.768714 -1.393875 1.004593 -0.871579 -0.510071 -0.859279 -0.583532 -0.257486 -1.052357 -0.201778 
325.872162 -30.760981 -3.005157 -3.402025 8.410154 -0.678068 2.282260 -1.537964 -1.948617 -0.373016 -0.447731 -0.310672 -0.787810 -6.217915 0.067430 0.058701 -0.599637 1.457778 -0.506708 -0.001670 -1.078752 -0.187159 -0.440602 -0.564966 -0.272278 -3.772249 0.394763 -0.566270 -1.283489 0.954073 -0.442053 -0.208355 0.391771 0.681552 0.537606 -0.363895 0.571180 
318.253967 -38.501618 -3.693806 -3.489151 6.996128 1.412926 1.133822 -2.084915 -2.718501 0.609407 -0.285727 -0.787429 -0.500156 -12.560330 -0.355945 -0.561671 -1.647237 2.205906 -0.254413 0.362793 0.225751 1.284258 0.631092 -0.261644 0.769248 -1.147955 -0.634577 0.326264 -0.315602 -0.620127 -0.160638 0.472076 1.636447 0.129511 0.026264 0.749529 0.276751 
325.675018 -55.881641 -3.717047 -4.525367 5.115679 3.733744 1.773434 -0.812379 -1.497114 2.195500 0.814452 -0.833961 0.750686 -8.513825 -1.201724 0.711230 -1.230841 0.217524 -0.827984 0.942483 2.194141 0.071862 -0.388074 0.934091 0.281223 10.508467 -0.352711 0.782556 2.387493 -1.239636 -0.232686 0.080459 0.836849 -0.756825 -0.843295 0.426795 -0.587488 
205.656281 -55.529268 -6.097255 -2.066691 4.534446 1.847974 -0.522145 -0.199949 1.669782 0.753132 -1.061876 1.080752 0.062290 8.456604 -1.061366 1.003440 3.127748 -0.273367 -0.719785 0.523711 1.899449 -0.229392 -1.055498 0.591945 -0.405729 11.461299 2.590788 -1.094705 1.767590 -0.104560 1.332527 -0.393491 -1.308012 0.147496 0.292341 -0.738731 -0.324947 
0.000000 -38.968434 -5.839780 -2.518486 11.371174 3.187010 0.333863 0.235042 2.301785 1.736716 -1.296544 0.349929 -0.060771 14.408773 3.979851 -1.478180 2.304340 0.008405 1.837070 0.155501 -0.421883 0.366854 0.196607 -0.543370 -0.368670 0.665555 3.173683 -0.370094 -3.114051 -1.268151 1.161249 -0.018528 -1.065014 -0.097857 0.677866 -0.336026 0.085927 
0.000000 -26.711722 1.862447 -5.023051 9.143126 1.864784 3.151995 0.111052 0.826015 1.486841 -0.668662 -0.005989 -0.675049 9.787715 5.286000 0.263252 -3.100354 -2.809668 1.602712 0.486655 -0.230578 -0.425106 0.300234 -0.080107 -0.233875 -5.374707 -1.272482 1.496857 -2.145335 -1.078480 -0.821712 0.196575 0.464595 -0.333512 -0.105157 0.320611 0.220967 
0.000000 -19.393004 4.732219 -1.991983 5.170466 -2.432326 3.539288 1.208353 1.840630 0.886503 -0.696076 0.189715 -0.528521 3.659359 1.434886 1.515534 -1.986330 -2.148555 0.193646 0.548650 0.507307 -0.300169 -0.013707 0.097852 0.073264 -3.064178 -1.925557 0.626141 0.557012 0.330556 -0.704533 0.030998 0.368942 0.062469 -0.156970 0.088979 0.153569 
