0.000000 -22.142978 9.056309 -8.087687 1.350207 -0.600335 -4.499545 -1.390305 -0.998756 1.930079 1.047865 -0.282106 1.472158 0.504274 0.680679 0.354778 -0.053004 0.307532 0.462609 -0.564359 -0.045902 -0.543472 -0.535068 0.096066 0.056666 -0.505799 -0.009540 0.159306 0.298655 0.321464 0.447197 0.203701 -0.385658 0.006525 0.155798 -0.234564 -0.099838 
130.515121 -21.134430 10.417667 -7.378132 1.244199 0.014728 -3.574326 -2.519023 -1.090560 0.843136 -0.022271 -0.089974 1.585490 -0.507324 0.661599 0.673389 0.544306 0.950460 1.357004 -0.156957 -0.817218 -0.530423 -0.223472 -0.373062 -0.143009 -4.413975 -0.681594 0.851289 -0.197915 0.483119 0.714776 0.778288 -0.356606 0.059272 0.543538 -0.140422 -0.339237 
259.834595 -23.157625 10.379507 -6.740908 2.438819 1.300586 -1.785537 -1.704219 -2.633192 0.869234 0.600921 -1.028230 1.186139 -8.323676 -0.682510 2.057356 -0.448834 1.273770 1.892161 0.992216 -0.759113 -0.424927 0.552008 -0.184778 -0.621807 -6.012406 -0.440371 1.168263 -1.573148 -0.872686 -0.137276 0.160483 0.465500 -0.086329 0.163338 0.569742 -0.197586 
256.595612 -37.781782 9.052648 -3.263420 0.346532 2.562267 0.209995 -0.534590 -2.608785 -0.006719 1.081745 -0.459531 0.341875 -12.532136 -0.219143 3.009915 -2.601990 -0.794911 1.082453 0.164008 0.113781 -0.703081 0.103204 0.766421 -0.538181 4.878329 1.485718 -0.749125 -0.859763 -1.197876 -0.708446 -1.144091 0.258903 0.249968 -0.175072 0.374889 0.362495 
245.034439 -48.221898 9.941221 -0.721078 -2.765162 -0.289236 0.379369 -1.376203 -2.405630 -0.536928 0.807328 0.504612 0.109777 1.432981 2.288927 0.559106 -2.168360 -1.121982 0.475269 -1.295965 -0.241306 0.075008 0.201863 0.565000 0.103183 8.957161 0.554910 -2.745260 0.884529 1.125998 -0.545953 -0.531449 0.212299 0.927500 0.001230 -0.516751 0.385169 
266.929626 -34.915820 13.630502 -2.145209 -3.990188 0.318303 1.160532 -3.126520 -3.091398 0.143297 1.485472 0.670470 0.548241 5.382186 0.890678 -2.480605 -0.832931 1.457084 -0.009453 -0.898889 0.538380 1.151920 0.105664 -0.267080 0.232156 -1.853565 -2.108024 -1.837251 1.472637 0.912390 -0.610428 1.039278 0.424472 0.563030 0.169487 -0.765212 0.013718 
263.342926 -37.457526 11.722576 -5.682288 -4.431024 2.624932 0.360462 -3.173981 -1.328869 1.766912 1.018656 -0.029548 0.574090 -2.274149 -1.927122 -3.115395 0.776915 0.702798 -0.745588 0.782591 0.607638 1.201069 0.540838 -0.965424 0.130619 -4.571936 -1.725055 0.287634 1.175398 -0.982543 -0.114264 1.138440 -0.656045 -0.245861 0.535267 -0.264956 -0.068265 
0.000000 -39.464119 9.776259 -8.376000 -2.436357 1.723899 -0.330644 -1.561338 -1.876122 2.545434 2.567148 -1.260379 0.809479 -3.761687 -2.559432 -1.905338 1.517865 -0.508002 -0.237980 1.377990 -0.773709 0.660198 1.176199 -0.796992 0.095627 -2.354890 -0.692042 1.168892 -0.023856 -0.250086 0.371802 -0.563836 -0.541264 -0.541808 -0.304147 0.416960 -0.103902 
207.828415 -44.980899 6.603712 -9.492963 -1.395294 1.608928 -0.115498 -0.418001 -2.876288 3.087309 3.371054 -1.623532 0.765345 -6.983929 -3.311206 -0.777611 0.729204 0.202627 -0.001983 -0.345082 -0.474890 0.117452 -0.067457 -0.131503 -0.077184 -3.151088 0.068968 1.421159 -1.233012 0.782576 0.108114 -1.783143 0.516823 -0.311414 -1.055843 0.730672 0.057369 
0.000000 -53.431977 3.153847 -9.931221 -0.977949 2.129152 -0.334610 -2.251501 -2.825901 2.780338 2.432235 -1.523386 0.655112 -10.063862 -2.421496 0.936981 -0.948160 1.057151 -0.021752 -2.188295 0.259937 0.037370 -0.935486 0.664353 0.210365 0.890554 1.987677 3.623510 0.197886 -0.292768 0.019857 0.272038 0.504264 -0.917392 -0.793245 0.089609 -0.373920 
0.000000 -65.108624 1.760720 -7.619002 -3.291614 3.723229 -0.159002 -4.794591 -2.356415 3.162049 1.500081 -0.294826 1.186074 -5.202821 0.664147 6.469410 1.124975 -0.382909 0.037731 0.198995 0.533639 -1.717332 -1.653946 0.047714 -0.825024 7.772533 2.925234 3.188746 1.966738 -1.278317 -0.307163 1.826706 -0.060342 -1.405891 -0.463971 -0.636140 -0.585272 
0.000000 -63.837619 4.482141 3.007598 1.272002 1.363334 -0.259149 -1.853512 -1.758624 -0.654326 -0.875657 -1.427958 -0.994936 5.481203 3.428972 7.314473 2.985316 -1.499484 -0.636078 1.465117 0.139253 -2.774412 -1.863428 -0.607927 -0.960179 5.458308 0.499618 -2.592922 -0.378091 0.100595 -0.235425 0.122660 -0.224616 0.690274 0.778724 0.127455 0.600718 
0.000000 -54.146218 8.618665 7.009944 2.679019 0.724261 -1.431159 -1.864356 -2.077908 -2.386774 -2.226776 -1.510679 -0.734283 5.713796 1.663383 1.283565 0.368793 -0.181719 -0.433120 0.444315 0.084406 -0.336783 -0.096499 0.302624 0.376411 -4.378974 -2.156123 -4.254539 -1.794053 0.407688 0.217591 -0.631330 0.136307 1.676374 1.302133 0.510913 0.550409 
320.035217 -52.410026 7.808907 5.574728 2.009588 0.999896 -1.125388 -0.964881 -1.589811 -1.327893 -1.068655 -0.822711 -0.242113 -3.276745 -0.883273 -1.194605 -0.602789 -0.684108 -0.200897 0.202458 0.411867 0.578336 0.740838 0.413899 0.140640 -3.695054 -0.657262 -0.646657 -0.131728 -0.097952 0.572827 -0.073455 0.338874 0.253186 0.084572 -0.148931 -0.186104 
315.667358 -60.699708 6.852118 4.620734 1.473440 -0.643955 -1.832953 -1.459441 -1.254175 -1.230102 -0.745100 -0.682881 -0.453002 -1.676312 0.348859 -0.009749 0.105336 -0.377623 0.712534 0.297405 0.762154 0.169589 0.072645 0.004762 0.004203 5.742973 0.724190 0.530941 0.045132 0.457167 0.455078 0.394211 0.206892 -0.003579 -0.323486 -0.199167 -0.069607 
314.513367 -55.762651 8.506625 5.555230 2.220260 0.244649 0.299680 -0.370071 -0.065502 -0.988714 -0.923366 -0.813188 -0.233707 8.209202 0.565106 -0.132724 -0.512525 0.230227 0.709259 0.990880 0.825652 0.571179 0.093866 0.015565 0.001425 4.741719 -0.091379 -0.782999 -0.513668 0.818660 -0.513548 -0.327702 -0.332041 0.509846 0.355422 -0.136855 -0.131343 
288.056519 -44.281305 7.982330 4.355287 0.448391 -0.183500 -0.414434 0.522318 0.397129 -0.087745 -0.557368 -0.651752 -0.450152 7.807126 0.166101 -1.575748 -0.922001 1.259696 -0.314563 -0.358000 0.098073 1.189280 0.783488 -0.268949 -0.258482 -1.448445 -0.245420 -1.183324 0.425884 0.991527 -0.170276 -1.208086 -0.550987 0.236104 0.198542 -0.269049 0.009904 
263.943329 -40.148399 8.838826 2.403734 0.376259 2.764042 -0.329446 -1.086070 0.130644 1.389846 0.643610 -1.351086 -0.750671 5.312312 0.074266 -2.499371 0.339242 2.213281 0.368707 -1.425292 -0.276322 1.043386 0.490950 -0.522533 0.021233 -2.081108 -0.083675 -0.502748 1.037160 -1.000893 -0.090141 0.298670 -0.283644 -0.430222 -0.229823 0.058975 0.305851 
256.161896 -33.656680 8.130861 -0.643455 1.126875 4.243063 0.322981 -2.328266 -0.155515 1.999027 0.424532 -1.696818 -0.407685 3.644911 -0.001249 -2.581244 1.152320 -0.742090 -0.494845 0.239339 -0.469214 0.328836 0.323842 -0.151000 0.353220 -2.503345 0.004845 1.009006 0.081872 -1.883793 -0.504080 1.097254 -0.074243 -0.367408 -0.035628 0.225778 0.111583 
252.880539 -32.858577 8.836329 -2.758754 2.680899 1.279862 -1.319136 -0.607392 -0.807785 2.047518 1.291295 -1.653085 -0.044231 0.305623 0.083956 -0.481359 0.502987 -1.554304 -0.639452 0.769217 -0.424809 0.308569 0.419694 -0.070977 0.244400 -1.671269 -0.333807 1.762596 -0.744703 0.716972 0.689242 -0.255931 0.169406 -0.326381 -0.465655 0.043147 -0.059042 
250.396240 -33.045435 8.298774 -1.606174 2.132849 1.134454 -0.955923 -0.789832 -1.005132 2.616166 1.263919 -1.838772 0.081114 0.302373 -0.668863 0.943947 -0.337085 0.691853 0.883639 -0.272522 -0.130402 -0.323926 -0.607467 -0.064705 0.235136 -0.510381 -0.422964 1.017558 -0.766363 0.953393 0.470016 -0.391627 0.388638 -0.460608 -0.442316 0.183611 -0.101591 
246.098389 -32.253832 7.498602 -0.870860 2.006728 2.663569 0.448142 -1.152435 -1.068589 1.399667 0.076361 -1.782496 0.426041 -0.715139 -0.761972 1.553756 -1.029739 0.352482 0.300580 -0.014038 0.352467 -0.612647 -0.464939 0.296245 0.041218 -1.199364 -0.474080 0.189328 -0.459048 -1.288641 -0.717252 0.528727 0.359937 -0.139757 0.236216 0.383777 -0.243461 
238.513870 -34.475713 6.774830 1.501337 0.073371 1.839419 -0.354763 -0.817907 -0.300198 1.390871 0.334042 -1.246282 0.163550 -2.096355 -1.617023 1.322603 -1.255182 -1.885428 -0.550866 0.784932 0.589472 -0.603440 -0.135034 0.702849 -0.251786 -6.066694 -1.033820 -0.624329 0.230511 -0.943104 -0.239205 0.270416 -0.025133 0.036528 0.107970 0.099900 -0.083301 
242.931961 -36.446541 4.264555 1.774346 -0.503636 -1.107288 -0.653590 0.417429 0.110355 0.192787 -0.193707 -0.376797 -0.077530 -12.848528 -2.829613 0.305098 -0.568716 -1.533726 -0.177829 0.526794 0.302201 -0.539591 -0.248999 0.496045 -0.125384 -7.335050 -2.249392 -1.277294 0.491251 1.010936 0.355821 -0.584244 -0.355413 0.166614 0.026552 -0.322526 0.147501 
267.668457 -60.172769 1.115605 2.111533 -1.064061 -1.228032 -0.710421 0.235680 0.304203 0.311690 -0.163957 -0.254191 -0.087218 -16.766454 -6.115807 -1.231985 -0.272680 0.136444 0.160777 -0.383556 -0.121355 -0.270212 -0.081930 0.057798 0.043216 8.851399 2.208212 -0.225117 0.399931 0.931431 0.189937 -0.367665 -0.431452 0.092570 0.107601 -0.354770 -0.103480 
0.000000 -69.979450 -7.967058 -0.689625 -1.048995 -0.834400 -0.332036 -0.349683 -0.132356 -0.347636 -0.357566 -0.261201 0.008902 4.854269 1.586811 -0.145136 0.231145 0.329137 0.202045 -0.208537 -0.560703 -0.354450 -0.033797 -0.213495 -0.332345 15.768802 7.781376 1.425409 0.568188 -0.475558 0.077049 0.386863 -0.261781 0.550647 0.118749 -0.290655 -0.093368 
73.782440 -50.464230 4.289226 1.821260 -0.601772 -0.569758 -0.306331 -0.181393 -0.817203 -0.397211 -0.231551 -0.681182 -0.751907 14.771150 9.446946 1.618833 0.863696 -0.814673 0.314875 0.390170 -0.644918 0.831083 0.155567 -0.523512 -0.143521 0.667519 0.953308 0.028809 0.719804 -0.449452 0.177618 0.300796 0.375264 0.561984 -0.143877 0.127886 0.229636 
287.232117 -40.437149 10.926833 2.548042 0.678397 -2.463745 0.297715 0.430658 -1.422192 1.314531 -0.046431 -1.308226 -0.278139 6.189307 3.493427 -0.087517 1.670753 -0.569766 0.557282 0.393055 0.189826 0.769517 -0.321551 0.042277 0.126928 -6.860995 -4.773048 -0.794934 0.434155 0.853285 0.034652 -0.321663 0.496460 -0.484386 -0.300291 0.452133 0.017182 
273.171326 -38.085615 11.276080 1.646226 2.739735 -1.709291 0.808232 0.604717 -0.437552 1.141822 -0.874654 -0.596627 -0.498051 1.049159 -0.099151 0.028965 1.732006 0.891897 0.384179 -0.253155 0.348002 -0.137688 -0.445014 0.380753 -0.109157 -3.295716 -1.785095 0.588088 -0.483257 0.276672 -0.266546 -0.446913 -0.343199 -0.699645 0.220365 0.162318 0.017490 
275.057190 -38.338830 10.728531 2.605971 4.142409 -0.679951 1.066073 -0.075652 -0.726188 1.039155 -0.936459 -0.546720 -0.496453 -0.402125 -0.076763 1.088659 0.704239 -0.016421 0.024190 -0.500771 -0.496573 -0.629773 0.119179 0.366914 0.161909 -0.586183 0.137530 0.262881 -1.328099 -0.837517 -0.251542 -0.108928 -0.454107 -0.169087 0.219647 -0.093685 0.024779 
281.038849 -38.889866 11.122554 3.823544 4.148212 -1.742134 0.856611 -0.396826 -1.430697 -0.117724 -0.636296 0.137200 -0.174234 -0.123206 0.175910 0.554727 -0.924192 -0.783136 -0.118904 -0.471012 -0.560213 -0.475862 -0.005720 0.193384 -0.059600 0.754960 -0.180491 -1.498072 -0.851128 0.230724 -0.018725 -0.257766 0.225081 0.177759 -0.419085 -0.254706 -0.161579 
290.570282 -38.585242 11.080351 3.715426 2.294024 -2.246222 0.828265 -1.017676 -1.846613 0.087431 -0.947900 -0.159952 -0.615653 1.107794 -0.437745 -1.907484 -0.998017 0.445026 -0.013261 -1.016303 -0.046411 -0.274255 -0.718990 -0.142498 -0.161249 0.310159 -0.768644 -1.477242 0.056711 0.936248 0.114392 0.123842 0.531398 -0.029602 -0.259128 -0.218951 -0.047841 
296.018127 -36.674277 10.247064 0.008576 2.152178 -0.852081 0.830089 -2.429432 -1.523519 -0.666233 -2.074276 -0.147796 -0.496731 0.497113 -1.361378 -2.399757 -0.810770 1.089360 0.109879 -0.223328 0.502584 -0.535066 -0.523976 -0.244519 -0.155282 -0.958062 -0.748263 0.622025 -0.020490 0.006955 -0.301246 0.714526 0.353395 0.236745 0.769419 0.125020 -0.031411 
299.072510 -37.591017 8.357594 -1.084089 0.672484 -0.067502 1.048024 -1.464333 -0.841445 -0.982701 -1.995852 -0.648990 -0.926216 -0.808329 -1.934272 -0.663434 -1.038998 0.458937 -0.615753 0.412748 0.660379 0.199236 0.819849 0.107542 -0.224071 0.283337 0.479373 0.614861 0.405067 -0.481459 -0.243629 0.007857 -0.215288 0.381922 0.689770 0.286702 0.031692 
285.846039 -38.290935 6.378521 -1.318292 0.074182 0.065794 -0.401416 -1.603935 -0.202760 -0.267761 -0.434578 0.067288 -0.944873 1.063787 -0.402632 -1.170036 -0.000636 0.126442 -0.377378 -0.207614 0.072009 0.228778 0.855563 0.328886 -0.091897 3.502153 1.695316 -0.602138 0.905553 -0.785237 1.107601 0.046633 -0.667668 0.077499 -0.552672 -0.289528 0.219145 
282.578339 -35.463442 7.552330 -3.424161 0.671213 0.185382 0.293267 -1.879560 -0.697427 -0.525145 -0.284726 0.008781 -1.110011 6.195977 1.456359 -1.867709 0.772108 -1.111537 1.599450 0.506014 -0.674956 0.354235 -0.285496 -0.471514 0.214219 2.481451 0.440949 -0.252623 0.118613 -0.404789 0.668368 0.550959 -0.443646 0.173371 -0.369259 -0.440251 0.509677 
289.233429 -25.898982 9.291240 -5.053711 1.618398 -2.157281 2.797485 -0.591906 -1.552672 0.440709 -1.005569 -0.875740 -0.516435 6.026689 0.479267 -1.675281 0.236589 -0.683136 0.959357 0.894303 -0.815283 0.575520 0.117045 -0.551616 0.927457 -2.369713 -1.099685 0.414381 -0.650992 1.258172 -1.327280 -0.111517 0.272633 -0.163548 0.445987 0.098935 0.221895 
276.859680 -23.410064 8.510863 -6.774723 1.144391 -1.180890 2.211982 -0.090954 -2.327993 0.625894 -0.050637 -1.094451 0.744903 1.456552 -0.743010 -1.038947 -0.529876 1.404807 -1.055109 0.282980 -0.129689 0.027139 0.606478 -0.273645 0.658009 -2.958741 -0.623320 0.828740 -0.317624 1.226796 -1.131365 -0.579204 0.954496 -0.482827 -0.011853 0.234157 -0.528824 
265.300629 -22.985878 7.805220 -7.131604 0.558646 0.652333 0.687266 -0.025945 -1.812051 0.494987 0.207387 -1.423029 0.799583 0.109207 -0.767373 -0.017802 -0.398659 1.770455 -1.303372 -0.264105 1.093709 -0.390134 0.093340 -0.083303 -0.130190 -1.274862 0.127375 0.631984 0.546764 -0.441889 0.281749 -0.426587 0.668176 -0.292974 -0.331367 0.298500 -0.436716 
259.619965 -23.191649 6.976117 -6.810327 0.347073 2.360021 -0.394762 -0.619163 -0.140574 -0.154375 0.136043 -1.261056 0.484522 -1.093172 -0.488260 0.225022 0.563651 0.521028 -0.491612 -0.570193 1.206663 -0.558808 -0.056257 0.323355 -0.215424 -1.378023 0.560025 0.176026 1.226462 -1.030964 0.356579 0.324465 -0.450191 -0.103215 0.205331 -0.074002 0.223295 
255.194901 -25.172223 6.828700 -6.681560 1.685948 1.694389 -0.295958 -1.166331 0.601275 -0.622630 0.094874 -0.776318 0.368735 -2.646838 0.352677 0.334250 2.054265 -0.291472 -0.590213 0.384825 0.193326 -0.596565 0.504002 -0.231307 0.316400 -2.029660 0.653630 0.174666 0.968698 0.264050 -0.209980 1.120946 -1.014547 0.033446 0.062149 -0.147655 0.039805 
252.942795 -28.485326 7.681472 -6.141826 4.455604 1.777077 -1.575188 0.150488 0.246078 -1.347504 1.144046 -1.723671 1.117322 -5.152492 0.819001 0.574355 2.501048 1.049129 -0.911573 1.671698 -0.822431 -0.491916 0.068042 0.028044 -0.135815 -3.782381 -0.381571 0.146318 -0.885259 1.032543 0.831985 0.008436 -0.585648 0.420252 -0.510627 0.314065 -0.447317 
252.673233 -35.477206 8.466702 -5.532850 6.688043 3.792646 -2.119104 2.177065 -1.043587 -1.606461 0.230958 -0.720230 0.097106 -10.211600 -0.410465 0.626887 0.283747 1.773613 1.073757 0.401698 -0.977970 0.243940 -0.517253 0.396824 -0.578233 -5.784427 -3.219033 1.612106 -2.462770 -0.862719 1.354765 -1.276331 0.554186 0.473801 -0.036701 0.024017 -0.079199 
246.966690 -48.908526 6.860541 -4.888052 5.023097 5.324303 0.572326 0.953885 -1.709862 -0.859624 0.109541 -0.930023 -0.039144 -16.721347 -5.619064 3.798566 -2.424493 -0.676310 1.797957 -0.880964 0.285942 0.455685 -0.005361 0.076077 -0.294213 3.346745 -1.458593 -0.557294 -2.381631 -1.720824 0.203207 -0.055225 0.757648 -0.078022 0.094040 -0.124903 0.122821 
262.847076 -68.919900 -2.771427 2.064282 1.839058 2.440027 1.476809 0.415137 -0.471703 -0.695090 0.220237 -0.568075 -0.491320 -3.518109 -3.327651 -0.487701 -4.479515 -1.668036 1.480172 0.291248 0.537326 0.087897 -0.329173 0.147018 -0.332592 16.124239 4.741778 -2.918730 0.519841 0.572384 -0.342179 0.575220 -0.380254 -0.442696 -0.319208 -0.138881 0.024439 
260.236511 -55.944743 0.205238 -5.863453 -3.935934 1.988232 3.532669 1.536381 -0.635209 -0.683830 -0.548806 -0.635988 -0.704329 15.527132 3.864491 -2.038894 -1.384810 0.468458 1.113598 0.269476 -0.474567 -0.429706 -0.643777 -0.201685 -0.245336 3.289138 4.496978 2.467537 2.763480 0.882192 -0.447379 -0.370275 -0.972753 -0.519288 0.424843 0.313701 0.375957 
0.000000 -37.865636 4.957555 -2.013507 -0.930562 3.376942 3.704006 0.954089 -1.420836 -1.554503 -1.067317 -0.971445 -0.981991 3.060167 5.666304 4.447374 1.047444 0.096347 0.585414 -0.449302 -1.408179 -0.950680 0.520514 0.774420 0.419322 -15.378787 -4.369913 1.783857 1.130262 -0.947032 -1.457297 -0.355087 0.548913 0.543702 0.550515 0.326500 0.331235 
284.846893 -49.824410 11.537846 3.031296 -1.841046 2.180926 4.703497 0.637776 -3.451567 -2.585189 0.492222 0.912852 0.134315 -15.230441 -4.875334 1.528819 0.875714 -1.425607 -1.800996 -0.440699 0.623260 0.657698 0.457254 0.451315 0.417133 -1.145119 -3.876253 -2.475761 -0.827150 -1.051383 -1.193386 0.576413 1.607147 0.738564 -0.730847 -0.707023 -0.311766 
0.000000 -68.326519 -4.793114 1.044131 0.820866 0.525729 0.102014 0.072691 -0.174316 -0.239108 -0.152809 -0.068816 -0.147724 0.769929 -2.086201 -0.504147 -0.606855 -2.006419 -1.801358 0.703524 1.806115 0.526449 -0.941180 -0.639627 -0.204210 12.642271 6.588162 -0.736476 -1.852650 -0.050916 1.190865 0.622041 -0.370888 -0.704698 -0.475183 -0.201510 -0.174740 
325.310760 -48.284552 7.365443 2.023001 -3.054756 -1.831911 1.100782 2.044824 0.160662 -1.532290 -1.390138 -0.366402 -0.274106 10.054101 8.300989 0.055866 -2.829586 -1.527440 0.580733 0.803384 -0.118516 -0.751697 -0.493112 0.048295 0.067653 0.417700 2.237364 -0.586822 -0.909567 0.867350 1.461433 -0.263106 -1.128703 -0.430207 0.733117 0.754243 0.342645 
290.967102 -48.218316 11.808865 1.155863 -4.838307 -2.529150 1.263481 1.679459 -0.411348 -1.742503 -1.139034 0.027775 -0.012418 1.605329 2.388527 -1.677791 -2.425988 -0.271718 1.121509 0.177311 -0.451292 -0.333965 0.525054 0.868858 0.481079 -3.475839 -3.923912 -0.833411 0.801967 0.892299 0.369977 -0.068080 -0.044559 0.243252 0.475917 0.205454 0.027894 
265.696899 -45.073893 12.142498 -1.332580 -7.906733 -2.375348 3.343799 2.399446 -0.741921 -2.200221 -0.340031 1.371314 0.688052 3.102424 0.453165 -1.610955 -1.225652 0.257158 1.320687 0.667223 -0.207634 -0.265194 0.458721 0.459204 0.123440 -1.449224 -2.059001 0.801718 1.905549 0.409707 -0.545338 0.219732 0.389184 0.266844 -0.287791 -0.618264 -0.364540 
257.597900 -42.013468 12.715195 -2.066047 -7.289611 -2.014833 3.904854 3.013905 -0.826616 -2.272891 -0.221591 0.946182 0.234463 -1.293119 -1.729475 -0.074354 1.385110 0.547696 0.030833 0.616775 0.327077 0.199723 -0.050528 -0.367671 -0.248002 -6.783604 -2.881001 1.946885 2.869266 0.733198 -1.284637 -0.737217 0.438990 0.741723 -0.146493 -0.429231 -0.181880 
254.312836 -47.660130 8.683548 -1.481288 -5.136514 -1.279955 3.405466 3.632996 -0.087768 -1.800776 -0.441087 0.635973 0.192049 -10.464783 -5.308837 2.282816 4.512879 1.723555 -1.248587 -0.807211 0.670346 1.218251 0.165736 -0.399259 -0.240320 -3.969643 -2.067680 0.648418 0.631449 0.119925 -0.903607 -1.069834 -0.104902 0.425284 0.222787 0.007370 0.046332 
233.024246 -62.943035 2.097521 2.499584 1.736148 1.432277 1.407680 1.399484 0.514077 0.163611 0.109881 0.147664 -0.246176 -9.232405 -5.864835 1.222482 2.648008 0.787547 -1.776381 -1.522892 0.117272 1.050292 0.395047 -0.352931 -0.155338 3.709991 0.839744 -1.346146 -2.500005 -1.106625 0.301310 0.121171 -0.356593 -0.587247 -0.135177 0.155436 0.224482 
211.097748 -66.124941 -3.046123 0.963675 0.159503 0.295138 -0.147296 0.587211 0.146777 0.299807 0.349006 -0.069888 -0.118627 -3.044802 -3.629349 -0.409476 -0.487130 -0.489696 -0.645966 -0.564868 -0.042840 0.043757 -0.104617 -0.088387 0.208645 3.199046 1.817784 -0.875115 -1.559312 -0.565608 0.768630 0.594678 -0.106658 -0.653007 -0.471195 0.047373 0.049010 
217.120712 -69.032640 -5.161177 1.680631 0.761888 0.452885 0.115748 0.269747 0.428397 0.251124 -0.099353 -0.029110 0.171114 -2.834312 -2.229268 -0.527748 -0.470616 -0.343669 -0.239120 -0.333536 -0.096045 -0.255722 -0.547343 -0.258184 -0.057317 7.269672 5.455051 -0.316488 0.290499 1.138429 0.542886 -0.268052 -0.705058 -0.630260 -0.206617 -0.068360 -0.283923 
60.354347 -71.793565 -7.504659 -0.091821 -0.781729 -0.392200 -0.625536 -0.079860 -0.045313 -0.211637 -0.745679 -0.586257 -0.233262 11.494541 7.280752 -1.042452 0.093867 1.787162 0.439806 -1.100972 -1.452956 -1.216763 -0.517852 -0.225107 -0.359201 10.666298 5.956215 -0.060128 0.184164 0.991398 0.750434 0.015228 -0.425182 -0.375289 0.205726 0.089459 -0.151097 
216.290726 -46.043558 9.400328 -0.404272 0.949622 4.027210 0.995359 -1.932197 -2.477516 -2.182401 -1.135056 -0.479324 -0.547288 18.498284 9.683162 -0.648005 -0.102288 1.639128 1.261748 -0.303079 -0.946409 -1.006301 -0.135891 -0.079265 -0.359512 -3.794583 -2.675432 0.005085 -1.759952 -1.624186 0.722048 1.392682 0.827223 0.836036 0.557840 0.101780 0.060833 
301.383240 -34.796997 11.861664 -1.387830 -0.986306 2.886057 1.897961 -0.686018 -1.938131 -2.224238 -1.017461 -0.744787 -0.952286 3.905376 1.929888 -1.032283 -3.426037 -1.461210 1.883902 1.684393 0.201489 0.455310 0.597828 -0.021547 -0.237535 -10.108094 -4.491971 0.053750 -1.177892 -1.264881 0.085426 0.682191 0.439103 0.741265 0.337460 0.095225 0.162238 
291.443298 -38.232806 13.260103 -2.468838 -5.902451 1.104790 4.763163 1.436588 -2.074538 -1.271781 0.060599 -0.522417 -1.022358 -1.717904 0.699220 -0.540504 -2.458073 -0.890633 1.432601 1.061303 -0.068203 0.476229 0.539030 0.111185 -0.035036 -2.811640 -0.615334 0.245890 0.483982 0.285288 -0.225650 -0.311545 -0.134846 0.010459 -0.029399 0.066366 0.101250 
