244.188660 -28.995942 -0.432036 4.579582 -0.357724 -5.373064 -1.826249 1.047001 -0.120408 0.279913 1.082579 -0.262153 -0.328119 -4.539430 -1.116211 0.521942 0.518589 -1.152900 -1.195309 0.042736 -0.148759 -0.653710 0.222961 0.075644 -0.264888 -1.237154 0.369500 -0.095972 0.257445 0.078455 0.003841 -0.050185 -0.661706 0.188658 -0.085582 -0.065758 -0.122268 
0.000000 -38.074802 -2.664457 5.623467 0.679454 -7.678864 -4.216866 1.132473 -0.417925 -1.027507 1.528502 -0.110864 -0.857894 -7.013738 -0.377210 0.329998 1.033478 -0.995989 -1.187626 -0.057634 -1.472171 -0.276394 0.051798 -0.055871 -0.509423 3.014499 1.952758 0.452243 -0.160947 0.046422 0.867902 0.018972 -0.139535 0.836758 -0.290318 0.200912 -0.208298 
0.000000 -43.023417 -1.186455 5.239578 1.709232 -7.365043 -4.201501 0.931734 -3.064750 -0.272875 1.186175 -0.373895 -1.346965 1.489568 2.789305 1.426428 0.196694 -1.060057 0.540496 0.080679 -0.427829 1.019806 -0.357675 0.477469 -0.681484 5.602571 2.272892 0.326990 -1.068595 0.228736 1.213726 -0.122379 1.168666 0.600638 -0.564613 0.409205 0.336029 
250.981827 -35.095666 2.914153 8.476322 1.072842 -9.798977 -3.135874 1.293831 -1.273583 1.012104 0.813151 0.844073 -2.220861 4.191404 4.168573 0.983977 -1.103711 -0.538517 1.239825 -0.302391 0.865162 0.924881 -1.077427 0.762540 0.162635 -1.273890 -0.339811 -1.179533 -0.621324 0.845521 0.603855 -0.336901 0.010008 -0.470298 -0.456459 -0.024606 0.783258 
0.000000 -34.640609 7.150691 7.207533 -0.498190 -8.442076 -1.721852 0.326951 -1.334427 1.576887 -0.968679 1.151185 -1.021694 -1.058212 2.109682 -0.932638 -1.045954 0.630986 1.748205 -0.593123 -0.407813 0.079211 -1.270593 0.428258 0.885033 -3.144952 -2.838372 -0.497070 0.480802 0.584903 -0.341454 0.511284 -0.733422 -0.658438 0.531730 -0.421337 0.084938 
226.023544 -37.212091 7.133517 6.611047 -1.019065 -8.537005 0.360536 0.107585 -2.089209 1.170526 -1.728036 1.700589 -0.450794 -2.098500 -1.508171 -0.010163 -0.142108 0.631288 0.556918 0.720176 -0.601682 -0.391994 -0.013968 -0.080134 0.332511 -2.616506 -2.421049 1.204453 0.248538 0.971005 -1.490350 0.820087 0.341152 -0.325194 1.445701 -0.702902 -0.002528 
228.465469 -38.837608 4.134349 7.187207 -0.782405 -7.179500 -0.608017 1.767303 -2.537792 0.792900 -0.996615 0.990918 -0.356673 -6.291224 -2.732416 1.476269 -0.548877 2.572995 -1.232495 1.047052 0.274490 -0.571178 1.620808 -0.977547 0.879978 -3.607851 -1.820292 -0.758140 -0.340073 1.692554 -0.537107 -0.992647 0.711268 -0.295527 0.192129 -0.405716 -0.008385 
236.473801 -49.794538 1.668686 9.563584 -2.116820 -3.391015 -2.104453 2.201688 -1.540230 0.028169 1.513580 -0.254504 1.309162 -9.314203 -5.148756 -1.526443 -0.822254 4.016396 -0.517296 -1.265119 0.820854 -0.983047 0.370289 -0.891566 0.315741 4.596990 -2.219898 -0.028380 0.211193 -0.224324 0.818402 -1.312715 0.116145 0.075851 -0.978789 0.319935 -0.763769 
225.478104 -57.466013 -6.163163 4.134321 -2.426912 0.853291 -1.642610 -0.762934 -0.896084 -1.173195 -0.256036 -0.792215 0.274810 2.902756 -7.172211 1.419508 -0.126492 2.124347 0.404310 -1.578379 0.506780 -0.419476 -0.336771 -0.337677 -0.647559 11.975629 2.995324 2.373482 1.245974 -3.291365 0.344719 1.302592 -0.446908 0.633206 -0.199951 0.413275 -0.121708 
0.000000 -43.989025 -12.675736 12.402600 -2.369803 0.857679 -1.295833 -0.955071 -0.526669 -0.810782 0.840039 -0.929859 0.014043 14.637056 0.841892 3.220521 1.669695 -2.566334 0.172142 1.340066 -0.072963 0.283365 -0.029612 -0.065017 0.072326 3.047328 6.194236 -2.242920 0.688799 -2.817562 -0.072012 1.343749 -0.534936 0.135884 0.013817 0.452273 0.487307 
0.000000 -28.191901 -4.479379 10.575363 0.912478 -4.279377 -1.298326 1.917198 -1.042011 -0.606465 -0.315261 -0.922249 0.419462 8.997412 5.216260 -3.066331 1.251106 -3.510777 0.260287 1.109118 -0.563091 -0.147707 -0.309137 0.566869 0.327054 -6.937419 0.248447 -2.917853 -1.174046 0.809729 -0.069071 -0.617208 -0.086533 -0.297361 0.154377 0.457004 0.048526 
260.309509 -25.994202 -2.243215 6.269938 0.132408 -6.163875 -0.775259 1.263166 -1.652851 -1.106197 0.221764 0.203878 0.668152 0.762219 1.338787 -2.615185 -0.678398 -0.946876 0.034000 0.105650 -0.246028 -0.311358 0.279141 0.848991 0.169377 -7.489440 -2.265828 1.508795 -0.938779 1.799848 -0.315049 -0.544310 0.180159 0.042950 0.056375 -0.065996 -0.202163 
241.527451 -26.667463 -1.801805 5.344992 -0.444317 -6.173129 -1.230325 2.128498 -1.534067 -1.229181 0.243021 0.775734 0.758217 -5.981467 0.684605 -0.048741 -0.626452 0.088920 -0.369810 0.020498 -0.202773 -0.061807 -0.196387 0.434877 -0.077271 -7.909906 0.342719 0.654990 -0.049478 1.222317 -0.321375 -0.161599 0.139463 0.218452 -0.228516 -0.538494 -0.162617 
0.000000 -37.957136 -0.874006 6.172457 -1.120496 -5.986035 -1.514879 1.304162 -2.058397 -1.229810 -0.171010 1.073631 0.513609 -15.057593 2.024224 -1.305205 -0.777353 1.497757 -0.608749 -0.217548 0.032897 0.125545 -0.177891 -0.227997 -0.155857 -2.472149 -2.669887 -1.923629 1.070683 0.837533 -0.010534 0.111480 0.128046 0.227177 0.348072 -0.568937 0.068632 
0.000000 -56.782648 2.246643 2.734581 -1.999023 -3.177615 -2.447824 1.693403 -1.468274 -0.978090 -0.112761 0.319740 0.446502 -10.925766 -4.655170 -3.895999 1.514914 1.763985 -0.390878 0.243457 0.053319 0.392547 0.499756 -0.702997 0.059992 11.013225 -5.428735 -0.032951 1.497290 -0.391295 0.660473 0.263144 -0.095084 0.149757 0.410017 -0.139966 -0.083140 
175.899994 -59.808669 -10.184345 -1.619541 1.909332 -2.458064 -2.296635 1.791076 -1.951759 -0.444716 0.828503 -0.332362 0.633594 6.968857 -8.833246 -1.371107 2.217228 0.715167 0.712196 0.308740 -0.157271 0.425059 0.642144 -0.507928 -0.322138 9.479681 -1.213510 1.685225 -0.782536 -0.671816 0.849524 -0.124198 -0.120696 -0.228383 -0.045314 0.464625 -0.362210 
0.000000 -42.844934 -15.419849 -0.007632 2.435432 -1.747281 -1.023431 2.310883 -1.782816 -0.127971 1.171527 -0.696116 -0.197773 8.033596 -7.082189 -0.525549 -0.050158 0.420353 1.308170 -0.004938 -0.188073 -0.064219 0.409128 0.226253 -0.664427 -2.579083 3.546620 0.175800 -1.005300 0.117986 -0.005375 -0.390311 -0.210465 -0.282083 -0.150659 0.546924 0.035113 
0.000000 -43.741477 -24.348723 -2.670638 1.809015 -1.617358 0.319705 1.781200 -2.327905 -0.573155 1.646759 0.120145 -0.695261 1.810691 -1.740007 -1.019507 0.206629 0.951139 0.701447 -0.471882 -0.578200 -0.139107 0.340825 0.585921 -0.251912 -3.493008 4.179800 -0.201137 -0.089962 0.544948 -0.445387 -0.077199 -0.203761 0.053998 -0.074031 -0.024302 0.257400 
0.000000 -39.223552 -18.899862 -2.046645 2.848689 0.154996 0.379463 1.367118 -2.939217 -0.406186 1.853178 0.475725 -0.701596 1.047580 1.277412 -0.927824 -0.230082 1.510249 0.417396 -0.159335 -0.595596 0.043776 0.261066 0.177650 -0.149627 -2.706315 0.081484 -0.382724 -0.275770 -0.268551 -0.290318 0.094415 0.355453 0.138763 -0.155562 -0.395722 0.163153 
0.000000 -41.646316 -21.793899 -4.526285 1.348852 1.403140 1.154497 1.462529 -3.519097 -0.485603 2.168891 0.475444 -0.994515 -3.601938 -1.577039 -1.784954 -0.344911 0.414037 0.120810 -0.283053 0.132706 0.138419 0.029701 -0.205523 0.074395 -2.623116 0.625246 0.655487 0.707215 -0.996590 -0.597941 0.084739 0.414995 0.084696 -0.145721 -0.252895 0.171189 
0.000000 -46.427428 -22.053941 -5.616554 2.158868 0.983070 0.621084 0.801012 -2.673804 -0.129349 1.912579 0.064680 -0.552807 -4.198652 2.527904 0.383151 1.184349 -0.482930 -0.778487 0.010142 0.234395 0.213168 -0.030377 -0.328140 0.192751 -2.031398 3.393742 0.999476 0.402045 -0.624950 -0.344274 0.415922 -0.234745 -0.123507 0.094146 0.002564 0.017013 
0.000000 -50.043620 -16.738090 -3.759983 3.717549 0.437280 -0.402477 1.482812 -3.050307 -0.059266 2.108138 -0.180835 -0.609013 -7.664734 5.210445 0.213998 0.459180 -0.835864 -0.567737 0.548791 -0.336783 -0.108596 0.217992 -0.200395 0.108421 7.918315 2.778136 0.961929 -1.535616 -1.162105 0.084746 -0.443768 0.496039 -0.161238 -0.632833 0.187033 0.148041 
0.000000 -61.756896 -11.633051 -5.188559 3.077227 -0.688658 -0.514389 1.898593 -3.347370 -0.346541 2.348564 -0.336111 -0.335965 11.637979 8.084176 2.307008 -1.886883 -2.807141 -0.608995 -0.877395 1.226472 -0.109309 -1.296043 0.045927 0.488834 14.949527 0.096967 1.351042 -1.038840 -0.583141 -0.093098 -0.804493 0.869178 0.210845 -0.618496 0.310446 0.188561 
0.000000 -26.767662 -0.569738 0.854033 -0.056217 -5.177002 -1.620467 -0.271978 -0.597362 -0.277884 -0.483949 -0.088980 0.368655 22.234320 5.404380 2.916081 -1.618500 -2.002146 -0.753933 -1.060196 1.401573 0.313095 -1.018999 0.420497 0.485544 -3.425966 -3.906738 -1.218181 1.232341 1.879895 0.404415 0.490202 -0.627163 0.103092 0.805935 0.237614 -0.211569 
0.000000 -17.288256 -0.824290 0.643604 -0.159773 -4.692950 -2.022256 -0.221800 -0.544223 0.279648 0.310566 0.504883 0.635122 4.786046 0.270701 -0.129353 0.577799 0.952649 0.199834 0.103009 -0.027853 0.096875 0.315826 0.521156 0.065697 -13.097732 -2.804001 -1.639088 1.356252 1.958349 0.743508 0.663478 -0.528966 -0.337107 0.586579 0.004223 -0.264015 
240.524536 -17.195571 -0.028336 0.595326 1.099380 -3.271704 -1.220798 -0.065960 -0.653068 -0.084133 0.147703 0.953332 0.500049 -3.961144 -0.203622 -0.362096 1.094003 1.914551 0.733083 0.266760 0.343641 -0.361120 0.154159 0.428943 -0.042487 -6.139981 -3.007919 1.428723 -0.091933 -0.209238 -0.118076 0.379588 -0.127333 -0.143525 -0.355096 -0.674837 -0.066859 
239.621002 -25.210544 -1.231534 -0.080587 2.028233 -0.863848 -0.556090 0.311721 0.143059 -0.442592 0.618885 1.362769 0.550149 -7.493917 -5.745136 2.728092 0.393932 0.534173 -0.036318 0.862184 -0.282519 -0.190175 -0.394366 -0.828518 -0.068020 2.177566 -4.488005 1.315591 -0.336494 -0.656739 -1.083118 -0.137291 -0.281058 0.381891 -0.268538 -0.668039 0.069533 
229.555679 -32.183404 -11.518609 6.051511 1.887245 -2.203358 -1.293435 1.658409 -1.218105 -0.464483 -0.641029 -0.703703 0.364009 0.393988 -9.179631 2.269086 0.421014 0.601073 -1.433152 -0.007821 -0.218474 0.402662 -0.382917 -0.907136 0.096579 5.349145 0.197644 -2.480289 -0.098004 0.705109 -0.651128 -0.781627 0.728037 0.202979 0.141728 0.524152 0.220555 
0.000000 -24.422567 -19.590796 4.457585 2.870261 0.338297 -3.422394 0.296078 -0.293890 0.362732 -0.146950 -0.451503 0.743307 3.204373 -5.349847 -2.232485 0.197925 1.944392 -1.338574 -0.701069 1.173556 0.215784 -0.110910 0.219786 0.373091 -4.416901 3.892077 -1.690192 -0.375805 0.094601 0.589636 0.057125 0.680711 -0.502825 0.057857 0.542563 0.053174 
0.000000 -25.774658 -22.218304 1.586541 2.283094 1.685426 -3.970584 0.256270 1.129007 -0.032915 -0.862850 -0.264130 1.110190 -8.439814 -1.395477 -1.111297 -0.330595 0.790274 -0.253881 0.106429 1.142947 -0.602988 -0.267203 0.177991 0.202927 -3.669206 4.888796 1.182467 0.827484 -0.686060 1.434402 -0.079098 -1.258570 -0.671544 0.076592 -0.077849 -0.607341 
0.000000 -41.302195 -22.381751 2.234990 2.209071 1.918844 -3.930155 0.508936 1.992004 -0.843244 -0.681356 -0.095521 1.149160 -4.134038 4.427744 0.132449 1.852894 0.572273 1.530230 -0.859266 -1.343583 -1.127305 0.042274 0.064088 -0.841591 8.454172 4.565384 0.043549 1.586823 0.230908 1.098957 -0.652875 -1.759825 0.196740 0.014856 -0.183403 -0.462954 
0.000000 -34.042734 -13.362816 1.851439 5.988881 2.829971 -0.910124 -1.462262 -1.558159 -2.287525 -0.778302 -0.135955 -0.572991 8.468530 7.735291 -1.024198 2.843050 1.252090 1.944033 -1.199321 -2.376702 -0.209508 -0.237492 -0.188814 -0.722982 3.821266 -0.830661 -0.436822 -0.595100 -0.498706 -0.409279 0.627589 0.288804 1.029256 0.183395 0.000268 0.375168 
302.751251 -24.365134 -6.911168 0.186594 7.895171 4.423025 -0.042089 -1.889707 -2.761400 -1.262259 -1.156341 -0.473149 -0.296803 3.508494 2.766422 -0.741196 0.662694 -0.425140 0.711671 0.395911 -0.765975 0.931207 0.409065 0.064624 -0.091254 -6.373538 -3.251580 1.452406 -2.063612 -1.642421 -1.436704 0.608570 1.726671 0.266080 0.371726 0.444349 0.545282 
291.287354 -27.025747 -7.829973 0.369047 7.314270 1.979692 0.513218 -0.670439 -3.090109 -0.425112 0.039828 -0.006706 -0.755500 -4.278545 1.232131 1.880613 -1.284173 -2.032752 -0.929375 0.017820 1.076639 0.322652 0.505960 0.699883 0.367583 -2.782571 -0.326648 1.128731 -0.800043 -0.481076 -1.053461 -0.365115 1.386297 -0.471797 -0.472882 0.025870 0.426052 
278.685272 -32.922224 -4.446906 3.947821 5.326824 0.357521 -1.900839 -1.854067 -0.608122 -0.616954 -0.144420 0.926617 0.438362 -2.056649 2.113127 1.516266 -0.937392 -1.387293 -1.395251 -0.334319 2.006619 -0.012387 -0.536698 0.116364 0.760849 4.399964 -1.502334 -1.334272 1.643034 0.650879 0.759479 0.493561 -0.422093 0.285983 -0.795349 -0.695075 -0.089685 
270.390045 -31.139046 -3.603720 3.401580 5.439485 -0.794893 -2.277285 -1.339077 0.923128 -0.449886 -1.033569 0.226023 0.766199 4.521383 -1.772537 -0.787931 2.001895 -0.730995 0.589582 1.004942 0.232452 0.894617 -1.084738 -0.690267 0.188213 2.654042 -2.335828 -0.734312 1.752680 0.915716 0.806837 0.459504 -1.079256 0.141077 0.012675 -0.111214 -0.169898 
247.674667 -23.879459 -7.991980 2.371960 9.330615 -1.104469 -0.721674 0.155817 -0.143218 1.172280 -2.313896 -0.453917 0.814788 3.251435 -2.558529 0.047642 2.567969 0.444139 0.218422 0.584690 -0.151894 0.269767 -0.511348 -0.106064 0.421053 -3.049946 0.494090 0.870616 -0.322079 0.637347 -0.507566 -0.774988 0.033952 -0.580282 0.600242 0.527393 0.210977 
0.000000 -24.636175 -8.720778 3.496863 10.575423 0.093384 -1.840441 -0.169698 0.619341 0.089648 -2.056265 0.013894 1.608305 -1.578509 -0.784357 0.953301 1.357737 0.543699 -0.425549 -0.545034 0.300355 -0.265947 0.115745 0.364518 0.610166 -3.780350 1.301744 0.234469 -1.320859 -0.203793 0.057828 -0.458078 0.047945 -0.082764 0.284994 0.001410 0.004484 
222.832687 -27.036477 -9.560694 4.278562 12.046089 -0.017071 -1.572773 -0.934250 0.457493 0.640387 -2.082406 0.275118 2.035121 -4.309264 0.044960 0.516581 -0.073748 0.036552 0.334077 -0.331466 -0.056005 0.104238 0.058640 -0.103244 0.430021 -3.942659 1.172000 -0.528441 -2.459854 -0.594935 1.113591 0.474957 -0.627873 0.564630 0.332935 -0.410844 -0.441611 
224.777740 -33.254703 -8.630859 4.530025 10.427926 0.166487 -1.172286 -0.832631 0.507332 0.298125 -1.938984 -0.192595 2.468346 -9.463827 1.559643 -0.103582 -3.561972 -0.646170 1.801633 0.404880 -0.955391 0.863314 0.781615 -0.457171 -0.273055 5.112388 1.037709 -1.080000 -2.573705 0.438528 -0.029885 -0.281471 -0.384736 -0.060555 0.396797 -0.105632 -0.571349 
220.810989 -45.964131 -6.441409 4.071399 4.922145 -1.309411 2.030493 -0.124491 -1.453289 2.367016 -0.519176 -0.639223 1.489010 5.915513 2.120378 -1.643420 -5.221159 0.913607 0.274307 -0.894408 -0.825477 -0.016872 0.852235 -0.314508 -0.712678 13.692245 0.310627 -1.124681 0.845380 0.277554 -1.588353 -0.835013 0.291849 -1.065065 -0.399421 0.573198 0.091471 
0.000000 -21.423678 -4.390103 1.243186 -0.014392 1.993701 -0.623673 -2.621447 -1.143622 0.264380 -0.234515 -0.821611 1.042991 17.920663 2.180897 -2.352944 -1.871211 -0.091063 -1.375073 -1.265146 -0.371693 -1.266815 -0.017227 0.689225 -0.090113 -0.059164 -0.769893 0.012135 2.650199 -1.459718 -0.401923 0.214357 0.304993 -0.036146 -0.509524 0.559150 0.533406 
263.216370 -10.122806 -2.079615 -0.634488 1.179724 -1.491537 -0.719652 -2.654783 -2.196674 -0.166614 -0.553630 0.739227 1.308784 5.797184 0.580592 -1.619149 0.079239 -2.005830 -0.529539 -0.465695 -0.215491 -0.089164 -0.166813 0.803791 0.354134 -9.479845 -1.017838 0.829207 1.041455 -0.054051 0.536277 0.574008 0.475210 0.792918 -0.021416 -0.365588 0.011595 
258.006958 -9.829310 -3.228920 -1.995112 0.144085 -2.017958 -1.682751 -3.552836 -1.574603 0.086053 -0.568140 0.785972 1.751259 -1.039028 0.145220 -0.694529 0.211699 -0.199165 -0.302518 -0.117129 0.578728 0.319022 -0.060058 -0.041951 -0.066922 -5.758267 0.504519 1.540451 0.262391 1.061433 0.392616 0.705221 0.163944 0.093687 -0.045351 -0.590417 -0.381456 
260.861816 -12.200861 -1.789175 -2.023547 1.603122 -1.889866 -1.324688 -2.889042 -1.039219 0.471429 -0.673747 0.655324 1.174939 -5.719349 1.589630 1.461754 0.604021 0.117036 0.255693 0.944748 0.112398 0.098209 -0.257516 -0.377042 -0.408779 -3.210054 0.474808 1.550051 -0.152236 -0.215102 0.280565 0.437827 -0.155445 -0.003599 0.166250 -0.226642 -0.392965 
268.295197 -21.268008 -0.049660 0.928396 1.352127 -1.783885 -1.171364 -1.663341 -1.349807 0.282472 -1.083171 0.031887 0.933700 -7.459135 1.094836 2.405573 -0.092773 -0.629368 0.258612 0.758524 0.267838 0.311825 0.272441 -0.495235 -0.852851 1.756053 -0.081768 -0.002983 0.042491 -0.897845 0.582440 0.155810 0.453062 0.148765 0.280446 0.150671 -0.184517 
307.782837 -27.119132 0.400497 2.787599 1.417575 -3.148602 -0.807463 -1.371994 -0.503544 1.095079 -0.128865 -0.335145 -0.530764 -2.207244 1.426093 1.455788 0.689002 -1.678654 1.420573 1.256367 1.018523 0.395739 0.303376 -0.075700 -0.777812 5.451172 -0.890176 -1.722336 1.071423 0.566679 0.648162 0.275914 0.093100 -0.236376 -0.181453 0.427049 0.553839 
360.635223 -25.682495 2.802526 3.839972 2.730131 -5.141193 1.669782 0.849393 0.687238 1.073951 -0.476420 -0.119512 -0.621925 3.443209 -0.685515 -1.039099 2.050072 0.503989 1.554936 1.310353 0.454038 -0.160927 -0.090466 0.358863 0.254827 0.075250 -2.308565 -1.132523 0.340530 2.035716 -1.020232 -0.704321 -0.862132 -0.109552 0.036717 0.167434 0.699134 
0.000000 -20.232715 -0.970533 0.709401 5.517719 -2.140624 2.302410 1.248711 0.404532 0.773225 -0.309796 0.382581 -0.021109 -2.056744 -3.191036 -0.809258 1.370062 2.392778 -0.619890 -0.152276 -0.705741 0.176635 0.376809 0.259168 0.620456 -4.518949 -4.347991 1.903350 -1.052445 -0.221200 -1.412508 -0.603874 -0.569853 0.070425 0.086997 -0.234637 0.101369 
218.330368 -29.795983 -3.579546 2.221456 5.470255 -0.355637 0.430002 0.544842 -0.724245 1.427221 0.277199 0.398825 0.618988 -5.594690 -9.381497 2.767602 -0.054819 0.061589 -1.270080 0.102605 -0.685668 -0.020077 0.083528 -0.110411 0.457564 2.316101 -2.490932 0.304635 -1.723087 -1.894671 -0.599331 -0.108549 0.486875 -0.284355 -0.450232 -0.079197 -0.211980 
0.000000 -31.422095 -19.733528 6.244605 5.408082 -2.017446 -0.237750 1.453921 -0.966804 0.733071 -0.142741 0.161759 0.894019 2.575458 -8.172900 -0.199987 -2.076111 -1.396564 -1.818553 -0.369373 0.268008 -0.392074 -0.523655 0.100775 0.196497 4.465326 6.519072 -2.169250 -0.454613 0.935983 0.073673 -0.486042 0.701376 0.040102 -0.051441 0.046959 -0.264660 
0.000000 -24.645067 -19.925347 1.821483 1.318033 -3.148765 -3.207104 -0.193903 -0.188228 0.643073 -0.770112 0.600375 1.011981 3.335962 3.656646 -1.570899 -0.964045 1.933555 -1.122734 -0.869478 0.717085 0.060126 -0.019354 -0.016494 -0.071755 -1.770620 7.989226 0.402837 1.177703 1.409032 1.318438 -0.184780 -0.168155 0.333804 0.499378 -0.498311 -0.411930 
0.000000 -24.750172 -12.420236 3.102807 3.479991 1.849664 -2.483218 -0.285036 0.467366 0.853324 -0.181448 0.128771 0.750510 -0.965782 7.805553 0.605688 0.279295 1.421500 0.818324 -0.738933 -0.068302 0.275535 0.475102 -0.895847 -0.627363 -1.789867 0.362745 0.435023 -0.276871 -1.568702 1.293056 0.294542 -0.393596 0.135148 -0.125670 -0.331957 -0.276113 
318.700531 -26.576631 -4.314242 3.032858 1.876623 -0.305765 -1.570456 -1.671770 -0.324832 1.194142 0.180092 -1.191319 -0.242746 -0.243773 4.382136 -0.700854 -1.517788 -1.203850 1.463378 -0.280395 -0.070108 0.330422 -0.270693 -0.680408 -0.623982 1.961701 -3.185727 -1.288989 -0.465808 -1.498955 -0.133550 0.515906 0.068358 -0.053061 -0.379821 0.826598 0.291514 
294.297363 -25.237718 -3.655965 1.701099 0.444415 -0.558036 0.443537 -0.845825 0.327151 1.514167 -0.722834 -1.232044 -0.497453 2.957620 1.434098 -1.972290 -0.652321 -1.576411 0.551223 0.292878 0.068415 0.169412 -0.284540 0.757349 -0.044335 3.318188 -1.634592 -0.419964 0.828357 -0.337149 -1.118572 0.181903 -0.037057 -0.299244 0.132916 1.062553 0.426185 
265.240723 -20.661391 -1.446046 -0.911721 0.571980 -3.458587 -0.468009 -1.086013 -0.188002 1.532966 -0.388988 0.323379 -0.331415 6.392604 1.112953 -1.540781 0.138927 -1.878147 -0.773766 0.083412 -0.144221 -0.268066 -0.004860 1.444698 0.228389 1.695603 -1.411977 0.843295 0.489060 1.059952 -0.390700 -0.228591 -0.098378 -0.306923 0.026578 -0.022179 0.113508 
238.941742 -12.452510 -1.430059 -1.380464 0.722269 -4.314330 -1.103995 -0.679001 0.038708 0.978035 -0.732555 1.657353 -0.040676 6.348825 -1.389856 -0.285699 0.325799 0.543493 -0.230177 -0.164304 -0.128342 -0.444433 -0.231384 0.712991 0.182681 -2.951928 -1.479567 1.054964 0.722222 1.904772 0.577658 -0.167735 -0.192589 0.174543 0.068340 -0.859453 -0.180274 
237.872177 -7.963741 -4.225758 -1.483119 1.223578 -2.371601 -0.928362 -1.414621 -0.444685 0.644100 -0.851756 1.749361 0.033948 0.488748 -1.846181 0.569147 1.583370 1.931396 0.381550 -0.252059 -0.529400 0.081019 0.131820 -0.274208 -0.132160 -7.343843 0.265745 0.463530 0.321697 0.298038 0.278024 0.304774 -0.031235 0.250038 0.135169 -0.523519 0.064222 
252.908615 -11.475015 -5.122422 -0.242170 3.889009 -0.451538 -0.340894 -1.183118 -1.020091 1.140074 -0.468915 1.108936 -0.304996 -8.338861 -0.858365 0.641361 0.969194 1.139570 0.325871 0.445244 -0.190811 0.055643 0.038954 -0.334046 0.311125 -3.486193 0.507744 -0.320974 -2.649915 -1.445013 -0.233397 0.093187 -0.068972 -0.569734 0.042311 -0.002018 0.149891 
258.118134 -24.641462 -5.942489 -0.200397 3.161966 -0.092462 -0.276621 -0.524133 -0.826307 0.755385 -0.773849 1.081269 0.656198 -6.483638 -0.830694 -0.072802 -3.716461 -0.958631 -0.085244 -0.065685 -0.667343 -1.058448 0.216441 -0.278244 0.167622 4.219223 0.218852 -0.367524 -2.161066 -1.138869 -0.221626 -0.420211 -0.286712 -0.460873 0.164977 0.034818 -0.312050 
0.000000 -24.442292 -6.783811 -0.387773 -3.543912 -2.368799 -0.511383 -1.314489 -2.354778 -0.976823 -0.036033 0.552448 0.030248 0.099585 -0.420661 -0.093688 -3.352939 -1.138168 -0.117381 -0.395178 -0.764236 -0.866104 0.368908 -0.264411 -0.312975 3.291612 0.205017 -0.010443 0.181761 -0.089769 -0.016068 -0.164746 -0.048446 0.096172 0.076233 0.006917 -0.240299 
