328.142914 -21.820297 -7.601575 2.698155 4.210621 -0.298095 -0.592546 -2.996390 -1.807643 -0.389258 -0.991603 -0.046313 -1.703473 -1.686996 -4.059076 -1.566464 -0.341960 0.118833 0.455324 0.388296 0.247939 0.086151 0.457495 -0.151370 0.316994 1.886850 2.774758 0.277242 -0.314258 -0.144021 0.224199 0.150966 -0.060753 0.221075 -0.121321 0.049338 0.162395 
0.000000 -25.194289 -15.719726 -0.434772 3.526701 -0.060429 0.318101 -2.219798 -1.311764 -0.216956 -0.076614 -0.349052 -1.069485 2.086705 1.490440 -1.011979 -0.970476 -0.169209 0.903722 0.690228 0.126434 0.528301 0.214852 -0.052693 0.641784 2.760395 7.379539 0.077380 -0.850324 -0.138003 -0.051290 -0.184810 -0.226220 -0.096309 -0.302261 0.350434 0.128846 
0.000000 -17.646888 -4.620695 0.674197 2.269668 -0.636513 1.214897 -1.615934 -1.554775 0.667344 -0.561899 -0.151700 -0.419905 3.833793 10.700003 -1.411704 -2.042608 -0.157173 0.352743 0.018675 -0.204500 -0.106468 -0.147027 0.549499 0.574685 -2.354303 3.318417 -0.761368 -0.563301 -0.003527 -0.599091 -0.436940 0.262828 -0.425237 -0.359109 0.240375 -0.213885 
260.543671 -17.526702 5.680280 -3.258179 -0.558515 -0.374775 1.023587 -2.182447 -1.720765 -0.429891 -0.370668 0.749946 0.079886 -2.621901 8.127274 -2.534715 -2.097078 -0.176263 -0.294460 -0.183652 0.652090 -0.322173 -0.503365 0.428057 0.214014 -5.152171 -3.507637 0.810737 0.371032 0.435171 -0.415144 0.184943 0.208357 0.501234 -0.033854 -0.527005 0.038403 
248.300232 -22.890690 11.633853 -4.395234 -1.924487 -0.989038 0.625978 -1.983237 -0.250595 0.022998 -1.568629 0.704415 0.008123 -6.470548 3.684730 0.209770 -1.300544 0.713168 -0.477546 0.388562 0.212214 0.896001 -0.214735 -0.504512 0.651492 -1.739528 -6.565810 2.021693 0.156102 0.515914 0.582488 0.784159 -1.101430 0.265259 0.339797 -0.633462 0.445059 
248.665253 -30.467798 13.049741 -2.838640 -3.159603 1.051562 0.068495 -1.405323 -1.296336 1.362111 -0.800138 -0.259077 1.382870 -6.100957 -5.004347 1.508670 -1.784874 0.855566 0.870517 1.384665 -1.550771 0.208344 0.176229 -0.838866 1.104132 3.226609 -5.667887 0.395465 0.315725 -0.723517 0.596777 0.250039 -0.410941 -0.291480 0.204477 0.114424 -0.391179 
247.791916 -35.092604 1.625160 -1.377894 -5.494236 0.722094 2.367011 0.786093 -3.352137 0.439685 -1.216171 -0.973317 2.216387 -0.017329 -7.651044 1.000700 -0.669093 -0.733865 0.716008 0.888641 -0.609667 0.313042 0.194219 -0.275665 -0.130865 3.512838 4.258702 0.207165 1.056920 -1.084710 -1.168951 -0.688714 1.613810 0.043971 0.160920 0.562220 -0.937198 
0.000000 -30.502456 -2.252347 -0.837240 -4.497789 -0.416168 1.500511 0.371958 -2.515671 1.988194 -0.411699 -0.810406 1.121140 0.924720 3.513057 1.923000 0.328966 -1.313855 -1.467386 0.007238 1.676850 0.296285 0.498069 0.285573 -0.770265 -3.425372 6.726141 -0.250728 0.051001 0.324828 -0.591228 -0.177643 1.346172 -0.535685 0.135726 0.386562 -0.144489 
262.654297 -33.243165 8.651275 2.468107 -4.836304 -1.905615 -0.567762 0.800570 0.001563 1.032256 -0.220032 -0.402171 0.675858 -6.868073 5.801238 0.499243 -0.567092 -0.084208 -0.466448 0.533355 2.082676 -0.758329 0.465671 0.497459 -0.419843 -3.212222 -2.011077 -1.747091 -0.656634 -0.696828 -0.131844 -0.012388 -0.886474 -0.178366 0.257860 -0.182237 0.490134 
252.000275 -44.238601 9.350128 0.161245 -5.631972 -0.584585 0.567616 1.438668 1.649681 0.471537 0.519643 0.184511 0.281453 -5.499725 -0.509096 -1.571182 -0.984302 -2.707510 -1.731074 -0.017538 -0.096099 -0.060447 1.013790 -0.078901 0.210003 4.796243 -1.873580 0.792503 0.910743 -1.222371 -0.600924 -0.231036 -1.318504 0.470520 -0.337538 -0.633931 0.263560 
240.063248 -44.242614 7.633083 -0.674257 -6.804908 -7.320634 -4.029909 0.765494 -0.190635 0.911362 1.807548 -0.559973 1.095864 2.724414 2.054079 2.084248 1.254394 -2.528950 -1.668296 0.071283 -0.554331 0.182712 -0.209406 -0.770402 0.107277 3.191954 1.640678 2.581980 1.436691 2.267715 1.546725 0.068032 0.265131 -0.313542 -1.072562 -0.079732 -0.348715 
235.332428 -38.789774 13.458285 4.329742 -3.123184 -5.642485 -2.768976 1.581234 0.541018 0.836961 0.100832 -1.356293 0.496007 0.884184 2.772261 3.592778 1.889080 1.827921 1.362376 0.118525 0.434164 -0.687531 -1.131334 -0.238366 -0.487427 -3.461099 -2.500790 -1.498726 -0.370259 2.369163 1.392755 -0.239880 0.361786 -0.251006 0.063647 0.634977 -0.145477 
229.191223 -42.474246 13.177605 6.511299 -3.026748 -3.664793 -1.305156 1.002544 0.677692 -0.463700 -0.455119 -1.036705 0.121010 -4.197784 -2.947502 -0.913203 0.513875 2.209376 1.117213 -0.408478 0.169240 -0.319300 -0.082112 0.499551 -0.183678 2.655888 -1.348705 -3.489674 -1.011898 -0.300880 -0.672075 -0.489064 0.089240 0.080554 0.043451 0.752722 0.352410 
230.026764 -47.185342 7.563281 2.503336 -2.095434 -1.223733 -0.534550 0.764278 0.879499 0.198362 -0.063391 -0.357190 0.128652 6.195960 0.074851 -3.386570 -0.134717 1.226160 0.018226 -0.859603 0.612643 -0.526422 -1.044432 1.267078 0.217394 9.269186 1.869995 -1.280279 -0.195846 -1.342096 0.058467 -1.078681 0.254056 -0.083444 -0.571806 0.438021 -0.039019 
212.841766 -30.082325 13.327307 -0.261841 -3.296181 -1.212474 -1.268704 -0.716662 1.902978 -1.516545 -2.543984 1.497451 0.555798 14.340588 0.792488 -3.473761 0.122183 -0.474816 1.234147 -2.565839 0.677352 -0.486187 -1.225724 1.375594 -0.261716 -2.185250 -1.631666 0.788171 0.694303 -0.657754 1.147471 -0.536517 -0.519831 0.637832 0.605365 -0.579123 -0.384837 
225.483780 -18.504165 9.148257 -4.444185 -1.851069 -2.173365 1.933745 -4.367400 2.234204 -0.774011 -2.514839 2.393997 -0.394780 1.825461 -3.188481 -1.810228 1.253889 -0.089349 2.313167 -1.932637 -0.427019 0.749242 0.166298 0.108833 -0.552279 -9.502936 -1.544785 1.887677 0.701040 0.602690 -0.135010 0.986609 -1.019573 0.854003 0.776887 -1.248459 0.249031 
226.987640 -26.431403 6.950345 -3.882297 -0.788402 -1.391172 3.357630 -4.581936 1.048940 -0.018060 -2.211389 1.715116 -0.548760 -4.665283 -2.297083 0.301594 1.524262 0.730565 0.964127 -0.592620 -1.361793 1.221820 0.328051 -1.121324 0.236345 0.240842 1.516696 0.810474 0.100569 0.297449 -0.662067 1.029285 -0.206731 -0.012755 -0.131591 -0.267439 0.378559 
232.785004 -27.834731 4.554091 -3.840998 1.197455 -0.712235 3.861998 -5.552641 -0.489383 1.669629 -1.858738 0.151349 0.077910 2.307146 -0.155089 -0.189281 1.455028 0.505548 0.989033 0.125932 -0.840482 0.723732 -0.096885 -0.426046 0.204839 2.164072 2.164421 0.246332 -0.891195 -0.458069 -0.407789 1.219734 0.763709 -1.036817 -0.441188 0.785507 -0.202229 
129.325684 -21.817111 6.640168 -4.260858 2.121654 -0.380075 5.335697 -4.330072 -0.632023 1.429404 -2.405159 0.863025 -0.139082 -0.337139 2.031759 0.794258 -0.258129 -0.185573 0.148548 1.846848 0.165624 -0.851815 -0.554326 0.449690 -0.168113 -0.834580 0.897742 0.400038 -1.002646 -1.257835 -1.561583 1.276227 0.666901 -0.948776 -0.079580 0.206571 -0.168745 
259.358093 -28.509009 8.617610 -2.252482 0.681197 -1.083380 4.159094 -1.858944 -0.158135 -0.034001 -2.967389 1.050729 -0.258317 0.637985 1.640395 0.610796 -0.550265 -2.010122 -2.134133 2.678386 0.493320 -1.173821 -0.256045 -0.012903 -0.132651 1.955864 -0.628446 -0.225820 0.328502 -1.209438 -1.124128 -0.299273 -0.111506 0.299803 0.614099 -0.352753 -0.215787 
283.653564 -20.541141 9.920959 -3.039267 1.021125 -4.400319 1.067431 1.026700 0.354618 -0.918237 -2.917249 0.837218 -0.404384 3.574588 0.774868 0.342617 0.398875 -2.604448 -2.099708 1.248302 -0.057389 -0.252208 0.673873 -0.255817 -0.599687 -2.096283 -1.680987 1.286101 0.401682 0.698155 0.583099 -1.485694 -0.428436 0.935880 0.638577 -0.198150 -0.201595 
289.452759 -21.359832 10.167346 -1.567248 1.478947 -6.292277 -0.040322 0.637660 -0.272912 -0.538417 -1.619643 0.539096 -1.457692 -3.554580 -1.721579 3.182999 0.253099 -0.613811 -0.967935 -0.293002 -0.363551 0.697940 1.021109 -0.409204 -0.535842 -4.991046 -3.744188 1.189779 -0.350706 2.353050 0.651452 -0.269722 0.096836 -0.068165 -0.050424 0.093097 0.466472 
291.723358 -27.650302 6.477800 3.326730 1.527322 -5.627941 -0.868439 0.440696 -0.372484 0.477643 -0.875031 0.018811 -1.476067 -6.407503 -6.713508 2.722174 -0.302537 2.101652 -0.796804 0.708857 0.136282 -0.388538 0.573025 -0.069622 0.333257 -0.341735 -3.194846 -2.384709 -0.293032 1.357690 0.050164 0.131684 0.238462 -0.573319 -0.223209 0.358241 0.439573 
274.938354 -34.174839 -3.259669 3.877101 0.873873 -2.088973 -1.633929 2.055374 -0.000348 -1.315493 -0.473593 0.399851 -0.791177 -4.238051 -8.111272 -1.586420 -0.332966 2.101569 -0.867607 -0.029634 0.113374 -0.448698 0.574691 0.307279 0.343304 3.064262 2.538164 -3.233973 -0.654398 -0.726880 1.298378 0.312097 0.189460 0.015230 -0.574488 0.198610 -0.074944 
287.656464 -36.126405 -9.744744 0.153890 0.861390 -1.424803 -2.603652 0.381427 -0.145736 -0.419752 0.274351 0.633369 -0.789460 -0.278979 -1.637180 -3.745772 -1.611334 0.647892 1.799951 1.333051 0.515203 -0.358077 -0.575951 0.327598 0.183369 1.758449 6.830974 0.598836 0.010693 -0.352590 2.338621 1.085380 0.246285 0.040433 -0.850609 -0.117630 -0.154504 
249.629990 -34.732796 -6.534029 -3.614443 -2.348794 -0.793188 1.965973 4.721476 1.030058 -2.031648 -1.625494 1.055047 -0.424440 -0.721154 5.550677 -0.388748 -0.311580 1.396388 3.809636 2.141125 0.605943 -0.367832 -1.126527 0.072019 0.034295 -1.321903 3.288945 2.396014 1.841638 -0.230704 0.259774 -0.910260 -0.262345 0.498341 0.308937 0.057207 -0.182428 
0.000000 -37.568712 1.356610 -0.623605 0.238231 1.367974 5.015619 4.663677 1.066151 -1.155415 -1.978703 0.777406 -0.720870 -2.922785 4.940710 1.046256 2.071943 0.186484 2.319499 -0.487469 -0.009487 0.638604 0.041922 0.442012 -0.181487 -2.447866 -1.862737 1.816284 0.185394 -1.066794 -2.336587 -1.857513 -0.652288 0.262124 0.755962 0.002505 0.314336 
228.122070 -40.578365 3.347392 -1.521930 1.795091 -0.420221 6.604970 3.746537 1.011084 -0.754439 -1.541650 1.939070 -0.787413 -5.616885 1.825203 3.243820 0.059208 -0.737199 -0.863538 -1.573901 -0.698633 0.156416 0.385396 0.077029 0.662967 1.364740 -0.476614 1.054540 -2.192363 -0.252061 -2.067127 -0.535380 -0.550124 -0.428831 0.396331 -0.613375 0.300900 
212.908813 -48.802482 5.007017 5.864036 0.356647 -0.106423 3.288543 1.515875 -0.331115 -0.842584 -1.207911 0.931465 0.605065 -0.193304 3.987483 3.155337 -2.312783 -0.317637 -1.814756 -1.558229 -1.109734 -0.219058 0.834584 -0.784739 0.420313 6.136598 1.086496 -2.418048 -1.169279 0.405697 0.322327 0.293144 0.003668 0.079956 0.203925 -0.245975 -0.498750 
219.285355 -40.964972 11.322357 4.788744 -2.830475 -1.055495 2.975459 0.630079 -1.208385 -1.192556 0.127517 0.369593 0.053213 6.656311 3.998194 -1.592276 -2.279351 0.074195 -0.218885 -0.987612 -0.691297 0.316328 0.793247 -0.414920 -0.334533 3.020491 -2.446132 -2.726184 1.769088 0.058210 0.774155 0.147108 0.781365 -0.102925 -0.024846 0.799001 -0.980315 
227.464142 -35.489859 13.003406 2.679483 -4.202055 0.041966 2.850774 -0.459349 -1.713710 -0.209928 0.378582 0.101625 -0.064001 5.847679 -0.904781 -2.297030 1.225393 -0.201217 -0.266445 -1.264013 0.452996 -0.424909 0.784891 0.813263 -1.540317 -0.986898 -3.453065 -0.116957 2.836610 -0.501063 -0.307444 0.143570 1.029244 -0.561601 -0.108414 0.281326 -0.366136 
240.960114 -29.269615 9.512796 0.194684 -0.379688 -1.457928 2.442568 -1.897947 -0.302394 -2.042374 1.697299 1.996118 -3.027422 4.682516 -2.907936 -1.826190 3.393870 -0.927932 -0.833773 -0.700471 1.367191 -0.806873 0.576419 0.147732 -1.066805 -1.748476 -0.457858 0.510304 0.860240 -0.405912 -0.914695 1.176364 0.622778 0.292188 -1.007886 -1.090631 1.458638 
253.470139 -26.124827 7.187533 -0.972896 2.585685 -1.813899 1.183228 -1.860292 1.020673 -1.823675 1.531420 0.397090 -2.197610 2.350727 -1.820496 -1.276422 2.945874 -1.013041 -2.095835 1.088715 1.698553 0.159468 -1.230881 -1.367999 1.376960 -2.377373 1.428361 0.219904 -0.916312 0.055252 -0.361271 1.120350 -0.016056 0.337054 -0.952934 -0.180708 0.915362 
259.042572 -24.568162 5.871804 -2.358160 5.512060 -3.484011 -1.749101 0.279482 3.094712 -1.723438 -0.764462 -0.739880 -0.273502 -0.072229 -0.051213 -1.386381 1.561246 -0.817429 -1.556315 1.540229 1.335079 -0.132765 -1.329448 -0.213684 0.763919 -2.784535 2.247913 0.463754 -2.159054 1.121005 0.617352 -0.241018 -0.729518 0.107821 0.463315 0.670879 -0.703742 
259.225403 -26.269286 7.085107 -3.745658 5.708176 -3.448756 -1.929402 1.220166 3.690832 -2.089204 -1.127476 -0.030278 -0.669773 -3.218344 2.675329 -0.348914 -1.372234 1.228968 -0.861130 0.606679 0.239516 0.375110 -0.304251 -0.026241 -0.030524 -0.204222 0.334355 0.753240 -1.993286 1.180822 1.618245 -2.093869 -1.054924 0.563994 0.728253 0.509159 -0.610562 
259.740906 -31.004850 11.222463 -3.055987 2.767592 -1.026075 -3.471361 1.492840 3.573744 -0.973219 -1.372965 -0.792361 -0.334551 -0.480674 0.617496 0.120099 -2.425327 1.544215 1.680175 -2.647509 -0.774768 0.995224 0.127057 0.804634 -0.457205 4.676836 -2.329763 -0.492007 0.275116 -0.710297 1.801799 -2.229729 -0.501186 0.027533 0.143874 0.774060 -0.313644 
254.853348 -27.230634 8.320099 -3.505460 0.857523 -0.360327 1.430948 -4.074853 2.141296 -0.098756 -0.873362 1.578990 -1.584183 6.135327 -1.984197 -1.332928 -0.822001 -0.191627 2.742467 -3.852779 -0.762856 0.430176 -0.016503 1.521878 -0.657813 1.392534 -0.682861 -0.347808 1.478256 -0.848464 -0.657799 0.896223 0.181082 -0.200953 -0.304528 -0.356276 0.333837 
253.222198 -18.734196 7.254069 -5.721843 1.123590 -1.409329 2.013573 -6.212718 2.048032 -0.112866 -1.405972 2.251395 -1.650177 2.304393 -0.748226 -0.575518 0.531186 -0.152713 0.364576 -0.855064 -0.412605 0.593319 -0.481999 0.092081 0.210469 -6.210587 -1.019087 1.028673 1.263479 0.656480 -1.792956 2.218993 0.246751 0.048648 -0.092277 -0.890102 0.434003 
251.195724 -22.621848 6.823648 -4.656496 1.919895 -0.665753 2.160100 -5.784981 1.316087 1.087882 -1.837360 1.763152 -1.163245 -6.285848 -4.022370 0.724418 1.704956 1.121332 -0.843444 0.585207 -0.269354 0.527471 -0.201057 -0.258327 0.210192 -4.225940 -2.531393 1.137582 0.512729 0.683203 -1.059853 0.330494 0.031811 -0.449746 0.135714 -0.148889 0.080101 
244.137436 -31.305891 -0.790671 -4.273007 4.533503 0.833335 0.326684 -5.042304 1.509324 0.942077 -1.808087 1.734741 -1.229792 -6.147487 -5.811012 1.699646 1.556644 1.213693 -1.755129 -0.194076 -0.348983 -0.306173 -0.210572 -0.205697 0.370670 3.247662 4.495420 0.856662 -2.085472 -0.842114 0.772981 -0.092096 -0.406561 -0.389654 0.377458 0.019706 0.089616 
0.000000 -34.916822 -4.798377 -1.257204 5.033183 1.761633 -1.350158 -6.173132 0.618121 0.475536 -2.258503 1.351758 -0.421905 0.209476 4.968471 2.437741 -2.465987 -0.562895 0.702518 0.401015 -1.082476 -0.251837 0.553859 -0.218915 0.389424 2.835114 6.996256 -0.075957 -2.787357 -1.088155 1.848343 2.017505 -0.139557 -0.145034 0.509843 -0.445679 -0.187736 
252.347641 -30.886940 9.146270 0.602476 -0.398472 -0.292455 1.731721 -4.240275 -0.655627 0.438402 -0.700368 1.296911 -0.450945 -0.477260 8.181499 1.547732 -4.018071 -0.962618 1.941558 3.840934 -0.628098 -0.596242 0.809113 -1.097055 -0.004803 -1.822894 -1.615572 -0.659394 0.130972 -0.058673 0.051543 1.426384 0.686831 -0.365312 -0.100852 -0.419127 -0.173745 
256.039612 -35.871342 11.564621 1.838260 -3.002959 -0.163602 2.532957 1.508736 -0.638075 -0.716947 -0.640277 -0.842351 -0.431511 -3.436312 1.737326 1.118954 -2.204043 -0.680241 0.805604 3.253783 0.291186 -0.982461 0.352155 -1.057170 0.041933 0.676276 -3.664315 -0.971215 1.191237 -0.041945 -1.002356 -2.409811 -0.013148 0.307055 -0.005031 0.789283 0.064951 
264.343689 -37.759564 12.620922 2.840385 -4.806557 -1.652937 3.342928 2.267291 -0.073254 -1.526520 0.003942 -0.817428 -0.367078 0.875293 0.852869 -0.394697 -1.635596 -1.046508 -0.063155 -0.978687 -0.654394 0.017868 0.799051 0.481511 0.125100 2.817321 -1.039846 -0.933630 1.127207 0.332338 -0.406021 -2.779263 -0.582366 0.861741 0.183822 0.658070 -0.161522 
265.464508 -34.120757 13.270358 1.048865 -6.274152 -2.256618 2.406646 -0.448638 -1.946864 -0.681211 0.957825 0.120670 -0.181310 2.198330 -0.342367 -0.748306 0.050371 -0.015565 -0.006439 -2.304744 -0.873546 0.741021 0.719799 0.258970 -0.281111 -1.761433 -2.287529 -0.021844 2.422987 1.383558 0.295315 0.743204 1.026729 0.198629 -0.817239 -0.641348 -0.463213 
269.545563 -33.362904 11.936188 1.343774 -4.705816 -1.684067 3.330051 -2.342196 -1.820347 -0.044477 1.443541 -0.299488 -0.929300 -2.647573 -3.722188 -0.438386 3.210377 1.720609 0.527475 0.507721 1.399063 0.415126 -0.835428 -0.801185 -0.801327 -4.023867 -3.349668 -0.939398 1.504777 1.136216 0.164975 1.593360 0.839665 -0.334954 -0.800968 -0.189399 -0.155181 
272.786072 -39.415902 5.825981 0.172093 0.146602 1.184600 3.461595 0.566804 0.851263 0.149040 -0.713031 -1.481699 -1.783964 -5.849403 -7.041703 -2.627102 3.059924 2.256867 0.323511 0.881976 0.805783 0.071113 -0.882136 -0.119828 -0.591472 0.777005 -4.710255 -1.010739 -0.900681 -0.888332 -0.852223 -0.973982 -1.341358 -0.234510 0.713588 1.011220 0.464763 
0.000000 -45.061709 -2.147218 -3.910430 1.414032 2.829668 3.977072 -0.578243 -0.208781 0.097749 -0.320731 -0.539145 -2.112243 -1.093562 -13.142699 -2.459864 1.409014 -0.056054 -1.176971 -1.440243 -1.283654 -0.053894 0.591747 1.221256 0.128199 7.078004 1.278167 2.609697 -0.363869 -1.559554 -1.215958 -0.622502 -0.447184 -0.126071 0.634693 0.225729 0.475983 
0.000000 -41.603026 -20.459417 -4.747635 2.964631 1.072492 1.107653 -2.313683 -1.716045 0.041253 0.470463 0.960813 -1.527566 8.306606 -4.485370 2.592291 2.332185 -0.862240 -2.108405 -0.363027 -0.088585 -0.181029 0.387250 0.331629 0.360495 6.164134 11.731132 2.962263 -1.109512 -0.560916 0.118804 1.022310 0.959592 -0.239760 -0.509309 -0.875044 0.347124 
0.000000 -28.448498 -11.117959 1.274151 6.078403 1.105188 -0.239739 -1.304297 -0.385950 -0.264309 0.453770 0.124112 -1.391253 11.234705 10.319565 3.464663 -0.810009 -1.177886 -0.939363 0.604378 0.635529 -0.533414 -0.426871 -0.528832 0.822447 -1.893755 6.618368 -1.578787 -3.083290 -0.325132 0.867888 0.377208 0.179264 0.055393 -0.613008 -0.306478 0.195994 
236.370438 -19.133615 0.179713 2.181690 1.344612 -1.283281 -0.771072 -1.104927 -0.444986 -1.025576 -0.383279 -0.096852 0.117327 4.519096 8.751365 -0.565283 -3.834394 -1.512504 -0.372629 0.391390 0.269943 -0.070244 -0.838766 -0.281328 0.752482 -6.501549 -3.060052 -2.395664 -0.177424 0.159668 0.385003 0.171297 -0.082619 0.365093 0.241320 0.025042 -0.407446 
238.020050 -19.410305 6.384772 0.143585 -1.590384 -1.919820 -0.984996 -0.521518 0.153936 -0.404798 -1.223762 -0.438543 0.113711 -1.768393 4.199461 -1.326666 -1.164857 -0.858551 -0.169356 0.946973 0.470292 0.196771 0.055768 -0.478749 0.007555 -4.676353 -4.515309 -0.890560 2.981305 1.268354 -0.564987 0.242435 -0.263834 -0.171343 0.816473 0.221883 -0.443237 
232.768188 -22.670401 8.578636 -0.471642 -0.985102 -3.000383 -1.109784 0.789018 0.495598 -0.632033 -0.271743 -1.054351 0.132437 -4.833609 -0.279252 -2.346404 2.128215 1.024205 -1.502604 0.876261 -0.257724 -0.412930 0.794181 0.162438 -0.133991 -2.043735 -3.075462 -1.082347 1.811886 1.417837 -0.821284 -0.185960 -0.489000 -0.266856 0.337933 0.405892 -0.016630 
233.180756 -29.077524 5.826268 -4.549222 2.666046 0.128589 -3.990203 1.231003 -0.361511 -1.230658 0.364599 -0.113667 -0.154272 -5.855862 -1.951462 -3.491361 2.458915 1.977123 -1.811925 0.575052 -0.507708 -0.336941 0.731634 0.333035 -0.025705 0.170297 0.379350 1.142652 -1.010280 -0.461240 0.908567 -0.507535 0.313793 0.365063 -0.312955 -0.204975 -0.086946 
58.545589 -34.382126 4.675712 -7.454363 3.932728 0.953863 -4.733634 1.939123 -0.519818 -1.305914 1.191524 -0.388281 0.081026 -4.493015 0.479447 -0.061100 0.107655 0.101725 0.314530 -0.138810 0.369861 0.317196 0.168271 -0.247511 -0.307883 1.665224 2.320532 3.554348 -1.914370 -1.781507 1.304095 -0.126181 0.772914 0.048573 -0.856125 -0.069959 -0.204913 
0.000000 -38.063553 6.785163 -4.671422 2.881355 0.332039 -3.361143 0.953383 0.378212 -0.596265 0.701142 -0.608689 -0.770038 -2.525414 2.689602 3.617336 -1.369825 -1.585892 0.796265 0.322691 1.038120 -0.239794 -0.980617 0.193117 -0.435532 0.719663 -0.346510 1.469735 -0.898264 -0.945877 -0.057012 -0.150273 0.357214 -0.181781 -0.691723 0.283234 0.339433 
220.812393 -39.432954 10.054916 -0.219692 1.193079 -2.217922 -3.141104 2.584504 1.556423 -1.785501 -0.769710 -0.002046 -0.790037 -3.053689 -0.213572 2.878371 -1.688873 -1.790028 0.200507 -0.439357 1.084289 -0.046366 -1.215176 0.318957 0.370983 0.133353 -2.549601 -0.561632 0.635349 0.625967 -0.666095 -1.227268 -0.665057 0.803510 0.130522 -0.377548 0.542369 
208.761353 -44.170930 6.358019 1.085320 -0.496391 -3.248018 -2.960130 0.074668 2.546789 -0.688997 -1.729209 0.029224 -0.028072 -2.258708 -2.409599 2.494071 -0.099127 -0.333958 -0.535926 -2.131846 -0.291994 1.367226 -0.719574 -0.561978 0.649207 4.416895 -0.016358 -0.603401 0.524082 1.881270 -0.744228 0.111943 -0.620673 0.301101 0.358719 -0.258551 0.132356 
209.009766 -43.950371 5.235718 4.768449 0.994824 -2.885839 -4.212955 -1.679187 0.972435 0.948951 -2.208857 -1.126002 0.508376 5.780101 -0.246287 1.671568 -0.640708 1.972512 -1.287950 -0.215471 -0.157057 0.555836 -0.497738 -0.198146 0.635695 4.166990 2.018419 -2.238203 -0.376567 0.621004 0.216364 1.570235 0.801742 -0.990380 0.493480 0.552644 -0.387895 
220.261841 -32.610728 5.865445 4.428456 -1.777808 0.697005 -5.536030 -0.356273 2.232676 0.422674 -2.724685 -0.367068 1.243318 6.075271 1.627238 -1.982335 -0.852262 0.908050 -0.103198 1.008624 1.311489 -0.613534 0.267387 0.543310 -0.126583 -2.687326 0.779331 -1.741953 0.587381 -1.427942 0.923145 0.281319 0.419213 -0.453116 0.511519 0.180994 -0.564874 
218.857971 -31.799829 8.490194 0.803779 -0.709699 -1.069738 -4.419351 0.338060 3.595414 -0.278118 -1.674083 -0.039382 0.255210 0.405450 1.312375 -1.812338 0.534054 -0.883372 0.558340 0.347167 0.681369 -0.350396 0.525301 0.163843 -0.494054 -2.834911 -0.157432 0.084998 0.693158 -0.895711 0.330769 -0.330728 -0.315060 0.131569 0.128957 -0.189734 -0.183735 
