366.110748 -40.643406 -0.563706 2.889608 2.171718 -2.229287 5.905829 3.610301 -1.997247 -0.911413 0.478162 0.653416 1.675912 1.190985 -2.618726 -1.773301 0.968211 2.451074 -0.069799 -1.115047 -0.091892 1.088766 1.017191 0.631713 -0.956145 3.034114 -0.147428 -0.434858 0.259769 -0.378450 -0.139905 0.011757 0.068322 -0.483037 -0.426213 0.137580 0.380007 
342.774963 -38.261437 -5.801159 -0.656995 4.108140 2.672861 5.766231 1.380207 -2.181031 1.266118 2.512545 1.916842 -0.236377 7.259214 -2.913583 -2.643017 1.487749 1.694173 -0.349610 -1.091534 0.044752 0.122692 0.164766 0.906873 -0.196131 2.799927 2.200443 0.257207 -0.469438 -1.995808 -0.597346 0.641042 0.625299 -1.000106 -1.200560 -0.181741 0.893857 
376.870514 -26.124979 -6.390872 -2.396427 5.147215 1.159060 5.206610 1.427234 -1.907743 -0.666029 0.807693 2.467162 1.283651 6.790839 1.782160 -1.258887 0.029335 -1.540543 -1.264491 0.167036 1.158707 -0.911446 -1.383929 0.268230 0.831570 -4.913051 4.005464 1.758274 -1.818017 -1.806414 -0.705127 0.462844 0.780330 0.487137 -0.224180 -0.285357 -0.191678 
377.709656 -24.679758 -2.236838 -3.174768 4.166809 -0.408225 3.237250 1.714278 0.136382 -0.556773 -0.255314 2.453301 1.426763 -2.566889 5.097346 0.873532 -2.148285 -1.918655 -1.759865 -0.165846 1.605412 1.096967 -0.283594 0.336159 -0.579487 -9.175345 0.326158 3.051006 -0.394627 0.843734 -0.388717 -0.202866 -0.382227 1.100742 1.041178 -0.405298 -0.753986 
371.861206 -31.258756 3.803820 -0.649363 0.850646 -2.678250 1.686881 1.095541 1.303080 1.527905 0.240505 3.139480 0.124678 -11.559851 2.434476 4.843125 -0.759920 0.146925 -2.041924 -0.238697 0.394252 1.290038 0.698427 -0.542365 -0.676402 -0.538316 -2.748454 1.474336 1.656984 0.831307 0.689083 -0.604475 -1.436057 -0.059621 -0.396870 -0.881438 0.518427 
344.244324 -47.799460 2.632115 6.511482 2.646969 -0.114374 -0.846597 1.236885 0.924887 2.023302 1.141541 1.368570 0.073959 -3.643521 -0.399561 3.822204 1.165684 -0.256040 -0.381699 -1.374796 -1.266701 0.977724 -1.077334 -1.426718 0.457367 11.246505 -1.415521 -3.937507 0.175444 -0.594854 0.958856 -0.966386 -0.177434 -0.360265 -0.431942 0.178012 0.524988 
355.828186 -38.545799 3.004698 6.995045 3.182013 -3.190330 0.923482 -1.654051 -1.230322 3.483354 -1.914163 0.286044 1.039411 10.933159 -0.396566 -3.031889 -0.409032 -1.042783 -0.124212 -2.171469 0.039384 0.569508 -0.165457 -0.186342 0.373574 6.770915 -0.766051 -4.085831 -1.088731 0.342419 -0.301296 0.568785 1.058813 -0.974011 1.276367 0.971428 -0.332975 
385.858887 -25.933143 1.838982 0.447704 1.828905 -2.199940 -1.095022 -3.106054 1.003654 3.162318 0.810627 0.995886 0.821107 9.898308 -1.931664 -4.349458 -1.011779 0.428798 -0.984291 -0.237226 0.850924 -0.970297 1.475400 0.516139 -0.208584 -5.768296 -0.050784 1.784612 0.100693 0.633537 0.362098 1.543824 -0.248277 -0.709092 -0.105469 -0.147624 -0.386793 
392.760101 -18.749182 -0.858630 -1.703870 1.158455 -2.332734 -1.045101 -2.128502 0.471525 1.542761 1.036638 1.318322 0.622243 -0.603433 -0.498134 0.537334 -0.207647 0.224291 0.599983 0.916178 -0.457169 -0.848675 -0.376395 -0.481590 -0.400012 -13.490011 2.172339 3.879571 0.456398 -0.148950 0.375199 0.855268 -0.840344 0.720253 -0.861901 -0.734200 -0.044734 
388.406738 -27.140009 0.842715 1.522373 1.413610 -1.751359 0.104945 -1.273697 0.089316 1.464967 0.057836 0.032707 0.021083 -17.081713 2.413015 3.409685 -0.098983 0.130898 -0.233894 1.473310 -0.829765 0.470210 -0.248402 -0.952262 -0.298051 -8.255865 -0.133676 -0.363624 -1.100766 -0.784525 -0.579195 0.335100 1.143620 0.889668 0.577601 0.157076 0.014755 
362.898010 -52.912608 3.967400 5.115499 0.960489 -2.070938 -1.512889 0.818118 -1.188004 2.483180 0.539835 -0.586202 0.026140 -17.115162 -0.765485 -0.189913 -2.409179 -1.344758 -0.558406 1.586379 1.830071 0.930661 0.778807 -0.167437 -0.370502 5.932455 -2.373706 -2.117583 -0.237321 0.215264 0.388949 -0.761251 1.114913 -0.447877 0.062853 0.416822 -0.198834 
294.534790 -61.370334 -0.688254 1.142547 -3.404748 -4.440876 -1.011867 1.899060 3.749458 3.326288 1.615451 -0.302168 -0.719922 -5.216802 -2.334397 -0.825482 -0.573625 0.561426 0.544004 -0.049191 1.400061 -0.425544 -0.122696 -0.118619 -0.695719 13.072562 0.712712 1.549768 4.141920 1.536022 0.991478 -1.098580 -2.244505 -0.947897 -1.150151 0.198097 0.077649 
0.000000 -63.346212 -0.701395 3.464536 -0.186760 -0.948085 -0.424882 0.719736 1.612118 1.632093 0.294443 -0.823439 -1.365297 9.029962 0.659939 2.909624 5.874662 1.727285 1.424551 -0.610781 -2.658939 -0.965133 -1.521494 0.228756 -0.215205 10.825225 1.980718 0.887984 1.883506 -0.852113 0.017936 0.023276 -1.415222 0.044422 -0.198582 0.366059 0.626871 
262.752136 -43.310411 0.631623 6.961794 8.344576 -0.986305 1.837234 0.677498 -1.568420 1.396021 -1.427537 0.155345 -1.150332 16.433647 1.627038 0.950486 3.193387 -1.142799 0.579876 -0.002640 -1.430382 -0.336700 -0.519859 0.613500 0.558024 0.911773 -0.239204 -2.735516 -4.386543 -1.291260 -0.965770 -0.084651 1.205380 -0.401381 0.699494 -0.092044 0.784287 
259.782043 -30.478918 2.552682 5.365508 6.200014 -3.233683 0.734870 0.714456 -1.248646 0.958693 -0.745276 0.403561 -0.249250 10.853508 0.181531 -2.561408 -2.898425 -0.855234 -0.506989 -0.780084 -0.248180 -1.767895 -0.122506 0.044668 1.353369 -5.242133 -1.570273 -1.684335 -2.793482 0.777821 0.048539 -0.342733 0.556841 -1.013961 -0.227009 -0.346314 0.196009 
246.792313 -21.603396 0.994686 1.838979 2.547726 -2.696772 0.823256 -0.882670 -2.064779 -2.139770 -1.672548 0.244680 1.556407 5.949381 -1.513507 -2.418183 -2.393576 0.412844 0.676953 -0.688107 -0.316700 -2.364622 -0.973878 -0.079128 0.950042 -5.968358 -0.270935 0.995502 0.626338 0.868732 0.564598 0.786882 0.538667 0.964151 -0.248623 0.058075 -0.905452 
242.793335 -18.580155 -0.474333 0.529143 1.412862 -2.407995 2.088776 -0.661758 -1.882047 -3.770550 -2.693031 0.245305 1.650835 -1.083208 -0.360338 -0.570404 -1.645749 0.882230 0.622207 0.793681 0.829155 0.160406 -0.619752 0.160818 -0.457535 -8.688963 1.790768 1.353684 0.558408 0.064961 -0.809469 0.713977 0.599597 1.824106 0.860150 -0.097297 -0.917690 
242.585098 -23.769812 0.274010 0.698170 -0.743771 -0.932311 2.067669 0.704692 -0.406469 -1.818958 -2.912052 0.566316 0.641337 -11.428546 2.068028 0.289186 -1.276760 0.542767 -0.941984 0.739847 0.882494 1.283590 0.746423 -0.273722 -0.885337 0.225963 -0.243193 0.062551 1.193051 -1.151591 -0.257830 -0.520845 -0.444520 0.198983 0.850273 -0.320299 -0.107839 
240.675064 -41.437247 3.661722 1.107514 -1.140659 -1.322461 0.204808 0.817935 -0.117059 -1.203371 -1.200186 -0.302138 -0.119839 -0.631283 -0.846725 -0.445303 0.740353 -1.420951 0.106546 -0.248009 -0.059886 0.558372 1.080794 -0.479780 -0.673212 12.552024 -2.230802 -0.394520 0.744954 -1.265274 0.837319 -0.705383 -0.128797 -0.526102 -0.389854 -0.133958 0.261111 
246.563446 -25.032377 -1.419439 -0.192437 0.736934 -3.774213 2.280761 0.208673 -0.526241 -0.702213 -0.750464 -0.393244 -0.705086 13.675503 -2.393577 -0.499855 0.213147 -1.987780 0.732654 -0.670920 0.624901 0.231385 -0.033285 -0.541638 -0.363115 3.313483 0.608138 0.255442 -0.445439 0.418645 -0.419838 -0.326478 0.283861 -0.384940 -0.751325 0.052864 0.552539 
324.831177 -14.086241 -1.125431 0.107805 -0.714364 -5.298022 1.670117 -0.523904 1.132742 -0.740601 -1.266756 -1.385413 -0.846069 5.995683 0.369551 0.065580 -0.150525 -0.583662 -0.733131 -0.900965 0.507837 -0.211508 -0.421857 -0.374052 0.431867 -7.846246 1.492680 1.181763 0.945912 0.881422 -0.961212 -0.277678 -0.440224 -0.206837 0.204809 0.220339 0.415711 
336.755768 -13.041012 -0.680338 -0.061277 0.435884 -4.941536 0.814499 -1.593257 0.489434 -1.125230 -1.594177 -1.141348 0.158647 -2.016990 0.591784 1.863671 2.104972 -0.224936 -1.189769 -1.226276 -0.255548 -0.182290 0.376334 -0.100960 0.468307 -5.207310 0.188501 0.449254 0.725193 0.113186 0.538828 0.284712 -0.230061 0.383588 0.353626 0.579693 -0.415686 
354.938293 -18.120221 0.058137 3.835146 3.495579 -5.747893 -0.709422 -2.976457 0.621647 -1.105180 -0.514088 -1.587332 0.090545 -4.418937 0.746552 0.964088 1.299860 -0.357290 0.344524 -0.331541 0.047715 0.555668 0.285395 0.785334 -0.399505 -3.303839 -0.268462 -1.174423 -1.635971 0.586563 0.434923 1.308125 -0.094708 0.081462 -0.509808 0.217449 -0.200082 
360.669678 -21.878886 0.812767 1.866900 3.035604 -5.656117 1.503548 -2.256338 0.584864 -0.013894 -1.023388 0.429321 -0.640363 -8.624669 0.054859 -0.485174 -1.166971 0.948190 -0.319923 1.389974 -0.444963 -0.019365 -0.643281 0.333938 0.068142 -4.181185 -0.504591 -0.463428 -1.364566 -0.015695 -1.261865 0.501562 0.087702 -0.044107 -0.057719 -0.737025 0.239227 
350.688110 -35.369558 0.167856 2.864797 1.161637 -3.851513 -1.349267 -0.196508 -0.268280 -1.143911 -1.800650 -0.919457 0.226829 -12.781307 -0.262629 0.037232 -1.429272 -0.388679 -2.179205 0.671582 0.223120 0.467455 0.169956 -0.688716 0.078948 7.005627 -0.548834 -0.361320 1.069210 -0.131208 0.589627 -0.437955 0.280355 0.391768 0.905620 0.266091 -0.031820 
362.349243 -47.441500 0.287508 1.941364 0.177061 -6.433476 -2.854863 -0.913173 1.031104 0.921016 -0.683475 -0.948112 -0.482466 5.386585 -1.042808 -1.207815 0.971450 0.685773 0.859332 0.514065 0.115746 0.764170 1.167959 0.866119 0.004502 13.459757 0.020714 -0.055565 1.317832 0.464450 2.223949 -0.244605 -0.360405 -0.232988 0.288632 1.388517 0.319650 
361.673462 -24.596388 -1.917761 0.449168 3.104537 -2.479966 0.369398 0.831621 -0.036788 0.384429 0.535268 0.812782 0.235833 14.138206 -0.221200 -0.073898 1.206392 0.540220 2.268692 0.182372 -0.497690 0.001479 0.747221 2.088317 0.718248 -1.567221 1.155672 0.759805 -0.585378 -1.243932 -0.068595 -0.486946 -0.000767 -0.354323 -0.353436 0.189713 0.157436 
0.000000 -19.165087 -0.154893 1.793568 2.589844 -5.353036 1.682521 -0.548430 0.035724 0.923974 0.810966 3.228522 0.954031 2.252142 1.268536 0.311795 -0.199307 -1.802091 0.722142 -0.459827 0.114212 0.055523 0.461087 1.245545 0.319375 -7.990671 0.601566 0.083947 -0.150522 -0.179895 -1.065791 0.093018 0.210660 0.134464 -0.388376 -1.527339 -0.275533 
0.000000 -20.092103 0.619312 1.072757 2.705924 -6.084147 1.813681 -0.088033 0.191635 0.495475 1.457441 3.303872 0.874583 -1.843135 0.981931 0.093996 0.905347 0.180431 0.137109 0.368408 -0.076370 0.270407 -0.029532 -0.966362 0.167183 -3.447042 0.246883 0.616580 0.720142 1.051182 -0.543242 0.291495 -0.196122 0.298300 -0.451589 -1.089272 0.150387 
0.000000 -22.851358 1.808969 1.981561 4.400537 -4.992174 1.956740 0.188386 -0.117016 1.464789 0.751903 1.295798 1.288397 -4.641942 1.762302 1.544954 1.240978 0.300273 -0.364342 0.123164 -0.278033 0.652123 -0.442091 -0.932998 0.620148 -1.543476 -0.470163 0.343072 -0.732351 -0.031171 -0.078846 0.010002 0.423859 0.029383 0.094241 0.395300 -0.099390 
0.000000 -29.375987 4.143917 4.162666 5.187879 -5.483601 1.084998 0.158295 -0.364431 1.799721 0.573260 1.437876 2.114880 -4.930087 0.041606 0.780140 -0.559356 0.118090 -0.020582 0.388412 0.771348 0.329173 0.158949 -0.175762 -0.031597 -0.269365 -1.817334 -0.212185 -1.648639 0.163496 0.511290 0.343840 0.913494 0.176521 0.399620 0.196917 -0.578942 
0.000000 -32.711531 1.892181 3.541842 3.281826 -4.755995 1.915575 0.965210 1.425680 2.123135 1.069801 0.944273 1.225202 -5.180673 -1.872365 1.120584 -2.056301 0.627264 0.658239 0.810844 1.548956 1.005165 0.357149 -0.539163 -0.537736 0.470196 -0.294939 0.110059 -1.066689 0.306010 1.250191 0.223040 -0.315483 -0.740490 -0.033379 0.228865 0.312057 
392.191803 -39.737333 0.399188 6.403833 1.075277 -4.229073 2.401476 1.779983 2.733481 3.810051 1.287557 0.359549 1.039407 -3.989695 -0.548271 1.000258 -2.692734 0.730109 2.479800 0.834491 0.140382 -1.151806 0.092191 0.281968 0.592518 2.962703 0.762012 -1.306046 0.973230 0.548755 0.994798 -0.351879 -1.593272 -1.908935 -0.654023 0.399910 1.082032 
382.231262 -40.690920 0.795638 5.542358 -2.103643 -3.295778 6.875175 2.634192 1.706444 -0.180477 1.254183 1.508209 2.410238 0.744733 -0.348340 -1.491509 -0.109840 1.724774 2.647835 0.107086 -1.637588 -2.812705 -0.950898 0.260657 1.626327 3.798346 0.266450 -1.720759 2.632074 0.156759 -1.977711 -0.353387 -0.605776 0.804969 -0.265977 -0.683812 -0.412682 
367.592957 -38.247867 -0.297493 3.420815 0.855597 -0.779526 7.697146 1.994155 -0.541696 -1.815359 -0.614238 0.880862 4.292061 3.606998 -0.015371 -2.441261 2.571414 1.043626 -1.475623 0.127718 -1.071170 0.458131 -0.439763 -1.085657 -0.232847 4.026887 0.479750 -0.545207 0.150453 -1.437679 -2.401509 -0.124315 0.722858 1.619744 0.338652 -0.608070 -1.823958 
363.760193 -33.476924 0.764896 0.659836 3.039185 -1.208525 3.923929 2.889627 -0.435895 0.735785 0.374657 -0.663104 1.944544 8.798507 0.611160 -2.581924 0.191067 -1.150584 -2.155183 -0.141543 -0.191872 0.426782 -0.273593 -0.955483 -2.021590 2.171614 -0.281586 0.293371 -1.435961 -0.815098 0.197424 -1.112037 0.247828 -0.866661 0.136821 0.559607 -0.533816 
348.536011 -20.650852 0.924827 -1.743033 1.237730 -3.080694 3.386781 1.711069 -0.925439 -0.961795 -1.161424 -1.030104 0.248881 7.950226 -0.578543 -1.854519 -0.300508 -0.586569 -1.080775 -2.096357 -0.575514 -1.275191 -0.166122 0.033558 -1.300479 -3.010938 -1.227782 0.584073 0.212178 1.127136 0.679694 -0.971186 0.295400 -0.531600 0.679138 0.658591 0.929057 
330.143982 -17.576472 -0.392190 -3.049201 2.438168 -2.381664 1.762379 -1.303088 -1.586923 -1.814598 0.042414 -0.595988 -0.656413 2.776632 -1.844404 -1.413779 0.615423 1.103687 -0.795795 -2.083916 0.398928 -0.636418 1.084683 0.361699 -0.163476 -3.695239 -0.432272 0.450936 1.233232 1.366824 0.556940 0.483404 1.132745 0.816715 0.261603 -0.234981 0.866615 
299.181580 -15.097589 -2.763981 -4.570590 2.468575 -0.873320 1.795192 -2.456764 -0.127582 -2.234631 1.007942 -0.306706 -0.078071 0.559747 -1.443086 -0.952647 2.165956 2.147080 0.033106 -1.129550 1.689975 0.358238 0.357085 -0.436405 0.432751 -4.071150 0.642231 0.637364 1.075693 0.285349 0.578306 1.199422 0.316221 0.819163 -0.750438 -0.579362 -0.084655 
271.151001 -16.456978 -3.278362 -4.954495 6.770080 1.912495 1.828590 -3.562188 1.793028 -1.098122 0.756583 -1.468798 0.209089 -5.365668 -0.559943 -0.139051 2.766808 1.674384 0.360817 0.314928 1.031371 1.001907 -0.416193 -0.797025 -0.332787 -4.222464 0.213355 0.532627 -0.554917 -0.972640 0.310857 1.626241 -0.804147 -0.235647 -0.737900 0.526505 -0.138360 
264.206421 -25.828925 -3.883868 -4.848692 8.002192 2.475449 2.516825 -1.826907 1.935159 -0.230816 0.175556 -1.900757 -0.743645 -7.885181 -1.016376 0.112607 1.056123 0.201799 0.654819 2.122933 0.081681 -0.113057 -1.118716 0.616604 0.156031 2.266733 -0.486160 0.465818 -1.446721 -0.666362 -0.211388 0.391721 -0.358027 -0.724880 -0.272639 0.840541 0.441094 
249.752136 -32.227340 -5.311114 -4.729282 8.882326 2.316093 3.138228 0.683677 1.956389 -1.324236 -1.480848 -0.235589 0.521150 -0.832203 -1.532263 0.792585 -0.126633 0.341661 -0.061959 1.098371 0.315318 -0.447853 -0.961470 0.884057 0.549402 4.728306 0.301379 0.641362 -1.130730 0.084265 -0.544922 -1.127197 -0.002524 0.244877 0.614571 -0.326101 -0.313376 
244.501526 -27.493331 -6.948394 -3.263521 7.748925 3.158771 2.392907 0.369834 2.565794 -1.126521 -1.747385 -0.132643 0.355159 1.571432 -0.413618 1.395331 -1.205338 0.370328 -0.435024 -0.131461 0.076632 0.376697 0.110425 -0.035599 -0.470721 -2.522463 1.932102 0.292814 0.147903 0.109651 -0.159118 -0.443142 -0.407991 0.398428 0.808721 -0.767221 -0.421799 
244.162247 -29.084477 -6.138349 -1.938619 6.471651 3.056750 2.268179 0.420755 2.109654 -0.570841 -1.259997 -0.306786 -0.420292 -5.877130 2.331942 1.378214 0.169173 0.560963 -0.380195 0.212087 -0.500664 0.349004 0.655972 -0.650386 -0.294195 -3.125588 -0.125556 -0.418224 0.678078 0.399232 0.092668 0.090268 -0.189045 0.061993 0.400909 -0.225621 0.413346 
246.829727 -39.247590 -2.284510 -0.507094 8.087271 4.280697 1.632516 0.794008 1.564466 -0.428514 -0.435441 -1.433415 -0.233232 -4.679743 -0.664730 0.558883 0.150818 1.168793 -0.249689 0.049075 -0.301457 0.500684 0.912243 -0.486841 0.355970 3.183860 -3.282361 -1.535443 -1.016219 -0.070729 0.038604 -0.540455 0.156540 0.106184 -0.159519 0.391587 0.184134 
228.919785 -38.443964 -7.467809 -0.820852 6.773287 5.394336 1.768801 0.518906 1.506740 0.430526 0.564488 -1.280468 0.291649 0.490591 -4.232781 -1.692672 -1.863264 0.419506 -0.302987 -0.868823 -0.187585 0.561372 0.336935 0.132788 0.074073 4.455410 1.033819 -0.547536 -1.225166 -1.352031 0.209143 -0.380878 -0.061071 -0.372617 -0.746357 0.367669 -0.455595 
220.606430 -38.266408 -10.750072 -3.892437 4.360743 5.119709 1.026543 -0.943638 1.189296 0.694230 0.238428 -1.167838 -0.085085 4.231077 1.402908 -0.536189 -2.299515 -1.535269 0.168597 -0.712680 -0.423599 -0.244551 -0.580471 0.248498 -0.555220 3.675550 4.825039 0.669680 -0.331645 -1.318284 0.348061 0.071341 -0.561957 -0.735327 -0.160461 0.343113 0.149956 
240.084473 -29.981810 -4.661992 -1.893230 2.174258 2.323798 2.105995 -0.906455 0.659542 -0.058575 -0.596454 -0.783472 -0.818792 7.841692 5.417296 -0.353311 -2.526555 -2.217062 0.393135 -0.726141 -1.311499 -0.909281 0.016013 0.819014 0.373986 0.837464 0.852341 -0.790208 -0.010641 -0.019468 -0.246905 0.151942 -0.246945 -0.225611 0.296837 0.124102 0.984147 
263.940796 -22.583025 0.084520 -4.599058 -0.692366 0.685584 1.812812 -2.395919 -1.433702 -1.124333 0.270455 0.470189 0.662887 5.906005 3.107591 -2.116604 -2.320796 -1.574206 -0.325213 -0.408796 -0.917489 -0.695772 0.013202 0.496702 1.413074 -2.600898 -1.935515 -0.139226 0.933904 0.654929 -0.244033 0.564050 1.012916 0.060033 -0.233071 -0.448089 0.220605 
258.188599 -18.169800 1.553191 -6.126439 -2.467335 -0.824614 1.455569 -1.724047 -1.175437 -1.450120 -0.570050 0.209932 2.007357 2.639895 1.546266 -0.631762 -0.658747 -0.907204 -0.094932 0.401959 0.714333 -0.789214 -0.450128 -0.077165 0.815196 -2.976947 -1.158615 1.347883 1.216129 0.563308 0.171560 0.089886 0.830975 0.159244 0.086850 -0.318237 -0.808524 
255.363235 -17.303236 3.177052 -5.862583 -2.009859 -1.128824 1.622949 -1.592001 -0.005036 -2.702761 -0.629802 0.315859 2.293279 -0.047890 0.790361 0.579161 0.111461 -0.447590 0.017906 -0.229024 0.744461 -0.377283 0.186902 -0.139772 -0.203974 -1.821449 -0.742764 0.708303 0.247713 0.472432 -0.155024 -0.460677 0.045467 0.751981 0.365292 -0.046620 -0.665236 
249.180389 -18.265580 3.133913 -4.968116 -2.244412 -1.719794 1.491381 -2.182095 0.313485 -2.204686 -0.196245 -0.069613 1.599409 -1.003002 0.060738 0.784843 -0.163321 0.037661 -0.404979 -0.519396 0.805266 0.714748 0.280456 -0.170406 -0.515276 -0.434289 -0.524485 -0.110045 -0.501442 0.248071 -0.103218 -0.242992 -0.190469 0.646408 -0.086852 0.108864 -0.126041 
240.687332 -19.309240 3.298529 -4.292897 -2.336502 -1.053502 0.812991 -2.630792 1.605497 -1.273265 -0.068890 -0.024953 1.262726 -0.916467 -0.258608 0.359071 -0.891423 0.048553 -0.188529 -0.715008 0.363523 0.915533 0.013198 0.077955 -0.456056 -1.070116 0.299928 -0.309606 -0.749729 0.128969 0.167667 0.196284 -0.691036 -0.301056 -0.482412 0.390823 0.040111 
230.151825 -20.098514 2.616697 -4.249975 -4.027257 -1.622688 1.114322 -3.612111 1.040530 -0.373620 -0.169848 0.086298 0.687297 -3.143235 0.660594 0.165630 -1.662780 0.295600 -0.069644 -0.126828 -0.576806 0.112637 -0.684368 0.611241 -0.435054 -4.596912 0.851028 0.031502 -0.048173 0.471474 -0.327502 0.639400 -0.492235 -0.541008 -0.200037 -0.063459 0.221578 
219.030243 -25.595709 4.619718 -3.961637 -5.662061 -0.462303 0.673703 -2.884448 0.451884 -1.047992 -1.437625 1.197529 0.392618 -10.110292 1.443448 0.422074 -0.987768 0.991500 -0.843533 0.563792 -0.620947 -0.166482 -0.386876 -0.048963 -0.012901 -6.110875 -0.754395 0.765088 0.399417 -0.492447 0.280125 0.936248 0.255918 -0.071947 0.626679 -0.618029 0.248860 
210.858795 -40.319097 5.503592 -3.405828 -6.002793 0.360312 -0.572745 -2.484527 -0.201364 -0.706584 -0.943600 -0.011627 0.661495 -15.364985 -0.848197 1.695806 -0.863946 -0.689294 0.490606 1.745668 -0.064970 -0.031257 0.568990 -0.624818 0.062665 -0.234982 -1.803068 1.690578 2.085399 -0.857903 1.436295 0.668391 0.390197 0.101197 0.247946 0.129707 -0.015361 
211.328964 -56.325680 2.923325 -0.570024 -7.389953 -1.840891 1.654916 0.606888 0.321944 -1.110506 -0.299645 -0.052107 0.517947 -10.580257 -2.162689 3.803229 3.183031 -0.724305 2.029057 1.900574 0.159448 0.035912 0.109016 0.210451 -0.043623 13.237681 0.555065 0.482856 2.957073 0.164303 -0.310752 -1.224840 0.064232 0.176188 0.060675 0.582663 -0.410437 
0.000000 -61.479610 1.178214 4.200631 0.363268 -1.088298 3.485370 1.316622 0.117531 -0.634761 -0.725568 0.409276 0.574249 11.110377 0.261933 2.661518 5.050201 -0.360689 -0.130897 -0.704012 0.063493 0.321120 0.690341 0.540507 -0.758209 14.238761 1.684880 -2.120754 -0.836677 -0.318975 -1.442419 -1.628500 0.030598 0.246103 0.284261 0.049247 -0.255175 
221.715042 -34.104927 3.447191 4.753012 2.710448 -2.562268 1.393122 -0.801137 0.448929 -0.468266 1.081037 1.028907 -0.998471 17.897265 1.207071 -0.438278 1.509677 -1.362256 -0.855780 -1.356425 0.220643 0.528117 0.677538 0.308946 -0.553973 -4.415171 -0.147689 -1.698960 -2.468823 -0.280759 -0.065029 0.422970 0.180557 0.188542 -0.515612 -0.250144 0.364887 
243.115448 -25.685081 3.592357 3.324075 3.382622 -3.812810 1.773809 -1.396228 0.558818 0.421474 0.629508 1.027168 -0.533698 2.280035 -0.033444 -0.736401 0.112554 -0.922206 -0.260956 0.141928 0.424608 0.698204 -0.340882 0.040218 -0.028435 -9.913576 -0.656549 0.208173 -0.866605 0.532660 0.202241 0.897949 0.074510 -0.137392 -0.396328 -0.133929 0.146576 
246.656677 -29.544857 3.380302 3.280209 2.935556 -4.406681 0.871211 -0.517280 1.298144 0.928142 0.399272 1.109344 -1.055340 -1.929888 -0.106027 -0.021933 -0.223533 -0.296935 -0.451299 0.439474 0.369663 0.253334 -0.115118 0.041088 -0.260821 -2.104961 -0.036292 0.357234 -0.168044 0.312636 -0.095172 0.148773 -0.027472 -0.222435 0.112882 0.000435 -0.116193 
