0.000000 -44.540574 -23.417268 6.230797 4.682146 -3.090256 0.607453 3.080775 -1.057887 0.876581 0.733884 0.241464 0.361866 1.235087 3.183645 0.021568 0.117757 1.453529 0.403660 -0.066773 0.021542 -0.414491 -0.328436 0.048253 -0.254350 3.432210 3.401300 -2.199847 -0.381005 0.264465 0.424802 -0.035464 -0.339456 -0.635520 -0.106480 0.225818 -0.213537 
0.000000 -42.070400 -17.049979 6.273932 4.917661 -0.183199 1.414773 2.947230 -1.014802 0.047599 0.077011 0.337969 -0.146835 8.099506 9.986245 -4.378127 -0.644253 1.982458 1.253265 -0.137701 -0.657369 -1.685531 -0.541396 0.499890 -0.681424 2.662128 2.280497 -2.612090 -0.336722 -0.595482 0.123784 -0.296200 -0.234030 -0.062780 0.204557 0.165185 -0.176320 
0.000000 -28.341562 -3.444779 -2.525457 3.393641 0.874660 3.113982 2.805374 -2.372624 -2.494481 -0.348909 1.241243 -1.000982 6.559343 7.744640 -5.202612 -0.555686 0.262565 0.651228 -0.659173 -0.446518 -0.540052 0.080678 0.378623 -0.606990 -6.809658 -4.133839 1.946237 0.379104 -0.686846 -0.428611 -0.145314 0.518472 1.505779 0.200216 -0.261830 -0.036777 
173.704239 -28.951714 -1.560699 -4.131292 3.806289 0.341930 2.717229 1.628884 -1.907837 -1.032504 0.238367 1.095215 -1.360816 -5.519810 1.718566 -0.485652 0.113955 0.608767 0.396043 -0.428328 0.379576 1.326027 -0.140964 -0.023771 -0.754978 -9.427554 -2.246159 4.330955 -0.276907 0.654361 -0.146127 0.443183 0.397776 0.145101 0.096996 -0.151879 0.360447 
173.917725 -39.381182 -0.007646 -3.496762 3.621551 2.092195 3.906068 1.948718 -1.613473 0.157573 -0.630836 1.193701 -2.510939 -12.295765 3.252322 3.459297 -1.109500 1.571287 0.358973 0.227193 0.349035 -0.249850 0.274670 0.074865 0.113904 -2.074877 0.416954 2.965367 0.102159 -0.209990 -0.828149 -0.239351 0.097624 -0.760040 0.186450 -0.296123 1.196489 
179.935745 -53.543243 4.943946 2.787303 1.587290 3.484504 3.435175 2.083270 -1.209767 -1.532204 0.787707 1.244944 -1.133008 -9.669564 2.552474 5.445081 0.318273 0.188788 -1.260254 -0.907029 0.574823 -0.194053 0.231936 -0.616017 1.637999 4.852822 -2.019055 -0.635908 1.078914 -0.655328 -1.168770 -0.199975 0.125777 0.448760 -0.323827 -0.252004 0.267681 
186.190994 -58.720309 5.097302 7.393401 4.258097 2.469770 1.385559 0.134659 -0.463826 -0.230533 -0.166963 -0.038333 0.765059 -2.590120 -0.785788 2.187481 1.048329 0.260632 -1.978568 -0.172757 0.600589 0.647670 -0.372984 -0.429143 0.649266 8.293145 -6.290133 -3.581494 0.585341 -0.571862 -0.147899 1.699086 -0.099224 0.027763 0.240491 0.525337 -0.935780 
185.897751 -58.723483 3.372369 7.162264 3.683948 4.005768 -0.521960 1.737756 -0.008590 -0.236864 0.041740 0.386658 0.165525 6.916726 -10.027791 -1.717906 1.488956 -0.954936 -1.556053 2.491143 0.376376 -0.138526 0.712918 0.434658 -0.233561 5.609869 -5.302096 -2.313086 0.662984 -1.101864 0.505674 0.807714 -0.137992 -0.413777 0.400200 0.456319 -0.353392 
180.594543 -44.886858 -14.958280 3.957590 7.236009 0.559899 -1.726547 5.116945 0.288925 -0.507585 1.258872 0.830983 0.297938 8.629619 -11.389980 -2.438691 2.374297 -1.943096 -0.967219 1.442672 0.324604 -0.179884 0.427416 0.483495 -0.057517 -1.987919 4.671685 0.182824 -0.696300 0.694158 0.546582 -1.503086 -0.135915 0.083718 -0.610625 -0.385459 0.061046 
0.000000 -41.464246 -19.407591 2.284883 8.432542 0.119576 -2.456398 4.623099 0.640617 -0.596632 0.896572 1.353648 0.050491 2.940888 -0.684421 -1.352257 0.096355 0.433381 -0.462889 -0.515030 0.104545 0.028910 -0.508332 -0.336260 -0.111468 -3.471841 8.829555 0.790544 -2.407986 1.288583 1.263049 -0.567786 -0.432000 -0.345834 -0.560112 -0.583039 0.164812 
0.000000 -39.005082 -16.327121 1.253076 7.428719 1.426661 -2.652324 4.086885 0.498015 -0.449766 0.242207 0.158463 0.075002 1.685936 6.269131 -0.857602 -2.441674 0.634069 1.558879 0.307101 -0.539395 -0.871551 -0.692808 -0.682582 0.272106 -2.822918 4.024833 1.069160 -1.812475 -0.016823 1.344136 0.997766 -0.486576 -0.461993 0.077608 0.206866 0.035449 
0.000000 -38.092374 -6.869330 0.569679 3.549195 1.387715 0.661360 5.237300 -0.438173 -2.339735 -0.489043 -0.011516 0.594704 -2.704948 7.365245 0.786062 -3.528596 0.399736 2.225383 1.480502 -0.868608 -0.895076 -0.353116 0.077471 -0.040570 -4.098050 -0.986441 1.670176 -0.029002 0.342173 -0.360385 0.205865 0.339137 0.531991 0.172830 0.287991 -0.367912 
159.302170 -44.414978 -1.596630 2.825201 0.371528 2.226133 1.798441 7.047889 -1.239200 -2.239918 -0.464025 0.313406 -0.006139 -6.510165 4.296249 2.482750 -2.499678 1.318415 0.838109 0.718830 0.138878 0.192430 -0.347148 -0.106600 -0.463717 -0.989891 -1.886546 0.141578 1.301639 0.078851 -0.507491 -1.076039 0.569418 0.441458 -0.063892 0.034185 -0.091566 
157.440674 -51.112704 1.723168 5.535180 -1.450160 4.024544 2.337578 6.674960 -0.160418 -1.954876 -1.183340 -0.224716 -0.332730 -4.684731 3.592153 1.069219 -0.925318 0.557439 1.210402 -0.671577 0.270227 -0.012159 -0.480901 0.145841 -0.223702 2.104098 -0.658377 -1.777080 1.512943 -1.016482 0.447688 -0.790151 0.190596 -0.108408 0.025023 0.065237 0.216224 
159.493301 -53.784439 5.587676 4.963638 -1.479108 3.341011 4.219244 5.704736 -0.698745 -2.264236 -1.425828 0.605089 -0.453542 -2.301968 2.979495 -1.071409 0.526209 -0.714550 1.733485 -0.861471 0.520070 -0.024386 -0.297102 0.023875 -0.031269 1.629477 -1.322491 -0.616279 0.774463 -0.661253 -0.448793 0.049223 0.304221 0.057880 0.222528 -0.321255 0.142825 
161.249451 -55.716640 7.682158 3.392361 -0.397743 2.595444 5.804547 4.952017 0.879721 -2.003647 -1.777543 -0.176966 -0.395268 -1.425777 0.947172 -0.163339 0.623609 -0.765068 0.312816 -0.573131 0.878670 0.103601 -0.035846 -0.496668 0.061949 0.831053 -2.070696 1.069210 0.201532 0.224789 -1.370730 0.192494 -0.254978 0.125003 0.312519 -0.175793 -0.016249 
162.645737 -56.635993 7.482019 4.636961 -0.231890 1.810876 4.844876 4.558474 1.058594 -2.057034 -1.497520 -0.388248 -0.329645 -0.639861 -1.161897 1.067011 0.929273 -0.264972 -1.007975 -0.476483 0.010114 0.225620 0.327936 -0.327711 -0.063766 -0.185787 -1.549829 0.492559 0.515759 0.675698 -0.722534 -0.453207 -0.512435 0.303468 0.186632 0.108832 -0.147818 
162.926849 -56.996363 5.358364 5.526383 1.460804 2.065500 3.788597 3.999052 0.899949 -1.552406 -1.121671 -0.832389 -0.522800 -1.797351 -2.152486 0.821779 1.655127 0.586328 -1.132252 -1.479544 -0.146200 0.710538 0.337419 -0.279004 -0.233688 0.798617 -1.050166 -2.938331 -0.548615 0.802095 -0.287536 -0.999562 -0.051525 0.602852 0.209503 0.356295 -0.031416 
164.468781 -60.230696 3.177047 6.280520 3.078365 2.983532 2.580372 1.599385 0.766194 -0.635959 -0.822683 -0.946256 -0.797021 0.957372 -3.262229 -4.809651 -0.167956 1.339217 -1.583048 -2.475606 -0.092937 1.431325 0.746942 0.384879 -0.126598 5.697813 1.699418 -3.444195 -1.440228 0.960247 0.638556 0.102418 -0.163172 -0.033990 -0.009432 0.544496 0.310323 
0.000000 -55.081619 -1.166094 -4.092919 1.124892 4.743934 0.622500 -0.952160 0.714075 1.310243 0.372212 -0.062631 -0.775996 9.598275 1.246349 -6.066610 -1.225329 2.506821 0.144860 -1.274709 -0.472543 0.642558 0.318554 0.809987 0.386958 4.490312 3.582502 1.824827 0.736357 -0.688927 1.618201 1.871348 -0.521963 -0.922106 -0.789108 -0.424241 0.470306 
0.000000 -41.034146 5.669746 -5.852701 0.627707 7.997174 2.870092 -0.950032 -0.178892 0.649158 -0.185575 0.673718 -0.023105 9.937996 3.902774 -1.159996 1.304758 -0.038637 1.653354 1.267091 -1.136862 -0.412887 -0.831275 -0.463603 0.814013 -3.351499 -0.325766 3.003915 1.144063 -2.219632 0.033917 1.444239 -0.295702 -0.467245 -0.281265 -0.800026 0.015586 
94.324532 -35.205627 6.639455 -6.412911 3.734409 4.666659 3.929208 1.582021 -1.559648 0.484468 -1.290338 -0.989837 0.852031 2.895277 0.594818 -0.058781 1.062797 -1.932442 0.212694 1.613769 -1.063947 -0.291931 -0.243976 -0.790065 0.418131 -6.914089 -2.873225 2.339633 -2.452505 0.521539 -1.344134 -0.800767 0.522310 0.054797 0.735593 0.459637 -0.494295 
95.796310 -35.243591 6.859382 -5.970262 2.753301 4.132289 3.295479 2.277505 -2.306786 0.065295 -0.673527 -0.906411 0.813156 -3.890183 -1.843676 3.519269 -3.600251 1.004440 -1.034913 -0.334444 -0.092242 -0.303293 0.639911 0.455671 -0.174576 -1.421987 -4.383145 1.382882 -0.287849 0.248484 -0.578935 -0.587623 0.871286 0.229891 0.542588 0.605914 -0.552392 
190.530472 -42.985992 2.952103 0.625627 -3.466093 6.675540 1.859382 0.913133 -1.744133 -0.122119 -0.010515 -0.078495 0.502879 0.051304 -8.171471 2.706983 0.487100 -1.435474 -0.945175 0.438523 0.678625 0.167851 0.841200 0.421763 -0.686653 5.164664 -2.228326 -1.998600 3.824881 -1.586042 0.704159 0.650969 -0.066291 0.103601 -0.058778 -0.211659 -0.144259 
191.603516 -35.140983 -9.483561 -0.556296 3.727501 1.261340 1.405129 3.154552 -0.949535 0.400998 1.008873 -0.062885 -0.560149 6.439146 -6.300327 -0.477930 4.049510 -2.167644 0.373404 0.967495 -0.224825 -0.096091 0.522356 0.032352 -0.463095 1.459435 6.443108 -2.078117 -0.107854 1.091619 0.855762 -0.502141 -0.796924 -0.096597 -0.313437 -0.327305 0.155883 
0.000000 -30.107700 -9.648551 -0.330234 4.632927 2.340252 2.606191 2.848123 -2.193783 -0.314301 1.034198 -0.013790 -0.423311 2.970174 4.714745 -1.449252 0.271392 0.747763 0.766348 -0.565760 -0.915223 -0.025343 0.214326 -0.232847 -0.374886 -2.810585 6.082860 -1.448959 -1.273206 0.973771 0.032367 -0.930239 -0.137400 0.228548 -0.439128 -0.070500 -0.004397 
191.059235 -29.200635 -0.054071 -3.454800 4.270285 2.756866 2.937825 2.023033 -2.779981 0.350313 1.437526 -0.528579 -1.309921 0.817976 5.865392 -3.375848 1.503098 -0.220103 0.438138 -0.892982 -0.499625 0.361005 -0.355899 -0.108647 -0.471890 -0.653451 -1.524387 -0.123411 0.617540 -0.616436 -0.142284 -0.231134 0.438741 -0.221745 -0.532287 0.185291 -0.015488 
190.567413 -28.471748 2.082233 -7.081931 7.639123 1.900046 3.482467 1.062158 -3.193032 0.407708 0.322399 -0.231084 -1.367090 1.663272 1.665971 -1.696073 1.506471 -0.485109 0.481780 -1.028028 -0.037740 -0.468832 -0.850247 0.137736 -0.405861 1.541388 -2.653207 2.410612 -2.224316 0.065691 -0.789041 -0.108945 0.639721 -0.688870 -0.125716 0.272736 0.460703 
188.328476 -25.874092 3.277871 -6.846947 7.283228 1.786648 3.901384 -0.033024 -2.855462 -0.587351 -0.262968 -0.253107 -2.121644 3.900752 0.558978 1.445376 -2.945534 -0.088720 -1.139945 -1.110872 0.779817 -1.016735 -0.607331 0.436825 0.449516 0.782576 -1.374341 2.304408 -3.104986 -0.161582 -1.653043 0.333196 0.606903 0.206780 0.373259 0.157426 0.864944 
186.407303 -20.670245 3.200189 -4.191179 1.748055 1.722606 1.202577 -1.159586 -1.633399 -1.625762 -0.892264 0.642566 -0.468059 3.228424 -1.082711 2.912742 -4.703500 -0.808274 -2.824305 -0.361637 1.176065 -0.055272 -0.103729 0.452588 1.324027 -2.630250 -1.061024 0.490485 0.328040 -0.536185 -0.154695 0.826157 0.175581 0.767138 0.234810 -0.352317 -0.166807 
184.501495 -19.417245 1.112449 -1.021462 -2.123772 0.170101 -1.747226 -0.756298 -0.503332 -0.697896 -0.470427 0.652069 0.526410 -1.359749 -1.563070 2.426345 -2.289454 -1.161090 -1.449334 0.541442 1.130979 0.517541 -0.137712 -0.267809 0.115901 -4.077066 0.506800 -0.517572 1.966637 0.436861 1.240490 0.330393 -0.098146 0.009532 -0.107549 -0.407197 -0.796918 
175.652130 -23.389743 0.074048 0.661512 -2.830853 -0.599574 -1.696092 -0.076703 0.628560 -0.590680 -1.167688 0.106948 -0.236257 -4.925708 -0.069111 1.877598 -0.770227 0.065448 -0.343325 0.299150 0.979774 -0.036208 -0.318827 -0.361805 -0.269809 -2.865140 0.434285 -0.108883 0.860332 0.819249 0.740704 -0.175321 -0.390562 -0.464862 0.099921 0.023437 0.054584 
167.686325 -29.268661 0.974226 2.733734 -3.664225 0.300998 -2.433876 -0.157997 1.456215 -0.770313 -1.108081 -0.071540 -0.013208 -7.090030 -0.694501 2.208578 -0.568791 0.477409 0.032073 0.190800 0.349856 -0.412184 0.062130 -0.220934 0.225069 -1.064986 -1.489425 -0.195011 -0.093614 -0.293107 0.244121 -0.118337 -0.573170 -0.389076 0.278269 0.074133 0.133915 
165.369232 -37.569803 -1.314953 5.078668 -3.968434 0.355244 -1.631945 0.304897 1.328273 -1.415048 -1.043428 -0.334921 0.213881 -7.055681 -3.047962 1.487576 -0.957455 -0.520766 0.144918 0.062475 -0.166566 -0.814360 0.237710 -0.213539 -0.001980 0.622632 -1.685040 -1.204939 -0.164253 -0.604682 -0.561917 -0.532905 -0.323107 0.097600 0.112138 0.133429 -0.154680 
171.946762 -43.380022 -5.121699 5.708887 -5.579134 -0.740535 -2.144040 -0.033046 1.123082 -2.399032 -0.632661 -0.498619 -0.017167 -5.844765 -4.064580 -0.201300 -0.897296 -0.731955 -1.091762 -0.875011 -0.296357 -0.216985 0.286407 0.045925 -0.084291 6.340375 3.049432 -1.807279 2.041381 -1.014506 0.614600 -0.112920 -0.185635 0.821483 -0.117837 0.437564 -0.331392 
0.000000 -49.259333 -9.444113 4.676067 -5.763026 -1.108666 -3.815469 -1.445125 0.735559 -1.849018 -0.470614 -0.243072 0.045299 5.625070 3.050901 -2.126981 3.125307 -2.549778 1.374117 -0.163365 -0.537836 0.828606 0.002037 0.661588 -0.664764 9.041850 5.371548 -1.262079 2.439089 -0.908261 1.776733 0.370302 0.156909 0.312556 -0.006457 -0.063048 -0.158540 
0.000000 -32.129882 0.980104 1.454924 0.671479 -5.840091 0.604195 -0.359776 0.047410 -0.741820 -0.628587 0.824557 -1.346696 12.238935 6.678515 -2.725459 3.980882 -2.548476 2.461705 -0.134407 0.017462 0.408128 0.273493 -0.080171 -0.401371 -0.242218 -0.910156 0.660017 -1.404125 1.407883 -0.791694 -0.055600 0.293771 -0.441802 0.075081 -0.559543 0.507906 
90.006912 -24.781464 3.912918 -0.774851 2.198738 -6.205619 1.107941 -1.713939 0.770482 -1.032761 0.076373 -0.403413 -0.757443 5.140634 1.230589 -0.806947 0.317056 0.265988 -0.209271 -0.274566 0.049705 -0.054998 0.152198 -0.457498 0.351048 -5.206977 -3.716932 1.670235 -2.408450 1.637421 -1.576254 0.365571 -0.182588 -0.084969 -0.173471 0.244405 0.229121 
0.000000 -21.848614 3.441282 -0.158970 1.305591 -5.308115 0.185652 -0.908907 0.146821 -0.851816 -0.324191 -0.090440 -0.644601 1.824981 -0.755348 0.615011 -0.836017 0.726366 -0.690803 0.596734 -0.347714 0.238191 -0.073449 0.408639 0.056871 -2.898971 -0.507705 0.466708 -0.584431 -0.090283 0.096826 0.240417 0.168305 0.113731 0.020461 0.137554 -0.345007 
183.080688 -21.131501 2.402222 0.455170 0.526703 -4.752887 -0.273666 -0.520471 0.075055 -0.556380 -0.070526 0.413864 -0.643701 -0.657309 0.215180 0.126470 -0.851805 0.085423 -0.015620 0.206267 0.386315 0.172463 0.193120 -0.182390 -0.338966 -3.102918 1.288706 -0.706058 0.179363 -0.428299 0.249062 -0.189279 0.179761 -0.095603 0.055581 -0.361223 -0.046337 
177.025665 -23.163232 3.871642 0.093969 -0.398019 -5.137270 0.154413 -0.496372 0.919451 -0.506891 0.062050 -0.455219 -1.322533 -4.380854 1.822064 -0.797105 -0.477292 -0.130233 -0.192680 0.218176 0.011808 0.046984 0.037713 -0.313807 -0.035803 -4.334555 0.687148 -0.243869 0.285945 -0.019618 -0.173048 -0.011725 -0.157001 -0.050028 -0.022742 0.176921 0.305647 
164.801392 -29.893210 6.046351 -1.139039 -0.427881 -5.013354 -0.659025 -0.084120 0.098671 -0.462411 0.004900 -0.213749 -0.715308 -9.326419 1.589475 -0.361268 -0.279915 0.046187 -0.361715 0.182817 0.072312 0.072408 0.147635 0.171453 0.272328 -3.038982 -1.030142 0.424413 -0.621744 0.142870 -0.357491 0.031227 0.231716 0.037935 -0.036804 0.159520 0.089124 
153.881775 -41.816070 7.050592 -0.628566 -0.957850 -5.044897 -0.569016 -0.130738 1.064076 -0.362075 0.357320 -0.112313 -0.777877 -10.458819 -0.238219 0.051722 -1.720780 0.155507 -0.907661 0.280630 0.475241 0.122855 -0.035896 0.005234 0.142444 4.346078 -4.263023 0.424101 -0.363629 0.532882 -0.231161 0.123880 -0.479600 -0.021683 0.175228 -0.049510 0.122368 
0.000000 -50.810849 5.569912 -1.035596 -3.869441 -4.702340 -2.474347 0.477139 1.049152 -0.216701 -0.066892 -0.203281 -0.430419 -0.634264 -6.936571 0.486933 -1.007174 1.111950 -0.824036 0.430577 -0.886887 0.029042 0.498092 0.072434 0.517065 9.888516 -3.840045 -0.187270 1.008703 0.844307 0.734871 -0.052601 -0.824438 -0.135748 0.130814 0.058969 0.156673 
0.000000 -43.084598 -6.822549 0.345301 -2.972199 -2.820996 -2.217089 0.730417 -0.709699 -0.303992 1.353503 0.032555 0.256253 9.318212 -7.918308 -0.322818 0.296625 1.844120 0.562081 0.175428 -1.173635 -0.148641 0.225731 0.123172 0.455790 3.024933 2.743859 -0.544260 0.259343 -0.117240 0.706617 -0.286396 0.339342 -0.227568 -0.506029 -0.026413 -0.113621 
0.000000 -32.174425 -10.266704 -1.681232 -3.276190 -1.014101 -1.350184 0.827995 -1.298119 -0.513982 0.384571 0.043063 0.481161 5.415602 -1.448852 -0.601586 -0.488489 0.877471 0.589199 -0.142214 -0.208203 -0.426094 -0.513967 0.019609 0.289822 -4.421423 4.890742 0.887250 0.203051 -0.255744 0.313330 0.310601 0.945360 0.122288 -0.074006 -0.013673 -0.229293 
0.000000 -32.253393 -9.720253 -0.857872 -3.949176 -1.066053 -1.038692 0.445989 -1.126105 -1.156180 0.325569 0.071773 0.835898 0.475366 1.863175 1.451681 0.702728 1.332632 1.188740 0.796630 0.717085 0.095935 0.077719 0.095827 -0.002795 -1.147246 3.534142 -1.097773 2.896112 0.398325 0.988219 -0.072392 0.289958 0.877504 0.060619 0.042614 -0.775992 
0.000000 -31.223694 -6.540355 1.222131 -1.870735 1.651164 1.027296 2.421256 0.136052 -0.322112 0.540009 0.234717 0.475571 3.121110 5.619432 -2.797132 5.303735 1.674121 2.565637 -0.286998 0.371714 1.328914 -0.392728 0.104837 -1.262162 2.357908 1.282727 -3.226248 2.058026 -0.851062 0.302851 -1.282231 -0.326831 0.645069 -0.334246 -0.374305 -0.671610 
121.439003 -26.011172 1.518610 -6.452136 6.658294 2.282190 4.092583 -0.128007 -0.382677 1.501648 -0.459888 0.281448 -1.688427 5.191182 4.428629 -5.000815 4.818780 -0.369492 1.794443 -1.767831 0.063423 1.386073 -0.590773 -0.652782 -1.346016 0.201178 -2.893319 1.370640 -2.363764 -1.084297 -0.887537 0.049922 -0.089525 -0.684065 0.129431 -0.329122 0.812753 
263.683716 -20.841330 2.316903 -8.779499 7.766826 0.912179 4.616182 -1.114407 0.262899 2.450035 -0.641537 -1.070848 -2.216461 3.523466 -0.167206 -0.055851 0.576207 -0.494473 0.790564 -0.187154 0.192663 -0.039215 -0.133866 -0.553407 0.363344 -2.430918 -2.202190 3.643601 -2.454709 0.408659 -0.920542 1.118473 -0.118600 -0.918872 0.170704 0.691354 1.061191 
258.659241 -18.964239 1.184198 -6.563838 7.810709 1.293243 5.673711 -0.502314 0.002649 1.423217 -0.727620 -0.825366 -0.961739 0.329346 0.024248 2.286388 -0.090638 0.447826 -0.046641 0.469115 -0.173777 -0.451671 -0.249365 0.729926 0.776366 -1.976778 -0.789416 1.663102 -1.522845 0.934273 -0.856393 0.471255 -0.391474 -0.109523 0.176324 0.559596 -0.021542 
244.842285 -20.182639 2.365399 -4.206723 7.585550 1.807831 4.522901 -0.176178 -0.084656 1.546693 -1.140266 0.389004 -0.663728 -0.430090 -1.746038 3.270352 -2.469483 1.374073 -0.922222 0.755356 -0.590285 -0.258261 0.218782 0.565786 0.320260 -0.974906 -3.318542 0.997547 -1.919213 0.172566 -0.248528 0.073380 -0.025068 -0.137801 0.371719 -0.397682 -0.439067 
243.754379 -19.824420 -2.307879 -0.023134 2.871742 4.041388 3.829267 1.008398 -1.177920 0.906695 -0.290057 0.306206 -0.321220 -1.620466 -6.612835 4.281481 -3.929064 0.792958 -0.543696 0.615874 -0.223913 -0.727272 0.494073 -0.065438 -0.101768 -2.191905 -2.285452 -0.449873 0.084723 -1.062935 0.243857 -0.549101 0.455248 0.031977 -0.162469 -0.261038 -0.093346 
248.029251 -23.423572 -10.860271 4.356240 -0.272579 3.393746 3.435509 1.055570 -0.532483 0.092148 -0.152121 0.258128 -0.867264 -4.813901 -6.316943 2.370606 -2.300037 -0.751797 -0.434507 -0.342845 0.320211 -0.194307 -0.106157 0.043710 0.133568 0.368542 4.335029 -1.270002 1.586782 -1.017272 -0.340631 -0.150339 0.472503 0.514080 -0.319238 0.038092 -0.088074 
0.000000 -29.452223 -14.941765 4.718077 -1.728331 2.537795 2.960253 0.322709 -0.537497 0.518082 -0.502370 0.393625 -0.054083 -0.883382 2.057222 1.741477 -0.755501 -1.241585 -1.224958 0.315196 0.721092 0.300887 -0.144403 0.010747 -0.277915 5.743005 6.563387 -1.636598 1.860548 -0.807330 -0.142062 0.473941 0.306248 0.268417 -0.040175 0.017341 -0.405900 
0.000000 -25.190335 -6.745827 7.839193 -1.783581 0.910576 0.985592 1.685962 0.909702 0.693922 -0.440928 0.279621 -1.423093 6.672109 6.809832 -0.902591 1.421060 -2.366457 -0.718631 0.605038 0.932707 0.342528 -0.186507 0.078392 -0.678231 3.431807 0.300270 -2.511866 1.277986 -0.486010 0.810635 -0.273493 -0.287327 -0.179468 -0.133000 0.133863 0.369930 
248.514145 -16.108005 -1.322101 2.912896 1.113789 -2.195118 1.522990 1.532785 1.327918 1.203138 -0.875385 0.550408 -1.410545 5.980232 2.657763 -3.282256 1.800471 -2.213605 0.396311 -0.231789 0.146439 -0.058048 -0.410404 0.278473 0.461946 -2.588852 -3.350523 -0.093655 -0.591658 0.733238 0.377511 -0.349269 -0.587978 -0.373815 -0.064034 -0.116681 0.672436 
239.844574 -13.229871 -1.430301 1.274682 1.817361 -3.516635 1.778215 1.222384 1.202581 0.577826 -1.261736 0.836566 -0.499201 1.494405 0.108787 -1.089902 0.237744 -0.899980 0.036390 -0.093500 -0.243249 -0.405103 -0.314575 -0.154971 0.666641 -3.104175 -1.286959 1.530314 -1.188937 0.971905 -0.257576 0.197282 -0.434816 0.072747 0.119154 -0.273874 -0.274261 
235.341599 -13.119194 -1.104528 0.733093 1.589278 -3.995079 1.595770 1.345786 0.841419 0.392932 -1.504535 0.240466 -0.077264 -0.228118 0.083844 -0.221627 -0.577402 -0.269796 -0.118840 0.162775 -0.723193 0.087445 -0.172097 -0.269275 -0.086575 -0.564343 -0.005668 0.744502 -0.440124 0.064318 -0.054534 -0.051739 -0.062448 0.147605 0.102316 -0.152336 -0.549223 
231.120895 -13.686107 -1.262613 0.831428 0.662557 -4.056227 1.540534 1.547935 -0.243805 0.752716 -1.605930 0.298016 -0.672351 0.365719 0.097450 0.399103 -0.642504 -0.771345 -0.072677 -0.196978 -0.368145 -0.109893 -0.109943 -0.459644 -0.431805 0.438647 0.046324 0.285781 0.199129 -0.235487 0.036891 -0.230414 0.448830 -0.188615 0.056426 -0.109572 -0.023843 
225.834213 -12.387755 -0.909627 1.531298 0.304270 -5.537769 1.450416 0.951829 0.105130 0.173145 -1.724420 -0.678821 -0.940873 0.649176 0.176493 0.349935 -0.179143 -0.740771 -0.045059 -0.298053 0.174467 -0.289785 -0.059245 -0.488418 -0.134261 0.141728 0.039521 -0.024584 0.231680 0.015287 0.013809 -0.050537 0.271306 -0.089946 0.025349 -0.014387 0.148772 
