0.000000 -36.601377 4.234239 -0.419427 4.506777 5.949702 3.763841 -1.521719 0.611998 0.228359 0.072578 -0.617283 -2.229877 -1.077929 -0.225306 -0.354310 0.412505 0.047259 -1.647949 0.468985 0.125464 0.179098 0.305586 0.284449 0.166252 0.340662 0.793354 -0.605014 -0.796217 -0.409428 -0.876912 -0.501655 -0.210186 -0.171322 -0.026946 -0.020062 0.374982 
0.000000 -38.757236 3.783626 -1.128046 5.331786 6.044221 0.467942 -0.583749 0.862926 0.586554 0.683751 -0.048385 -1.897374 -0.396606 1.361402 -1.564337 -1.179928 -0.771597 -3.401773 -0.534324 -0.294907 -0.163546 0.251695 0.244325 0.916215 2.278003 1.697056 -1.040564 -1.528529 -0.841375 -0.065941 -0.626176 -0.410557 -0.256191 -0.055291 -0.055850 0.177424 
0.000000 -37.394590 6.957043 -3.548101 2.146920 4.406508 -3.039705 -2.590367 0.022183 -0.098732 0.575967 -0.128633 -0.397447 3.478076 3.168805 -2.435438 -2.644554 -1.635490 -1.779831 -0.783367 -0.695650 -0.333285 0.195004 0.172748 0.521099 2.660852 0.108282 -0.463644 -0.156763 -0.262710 1.901204 0.910472 -0.047884 0.070395 0.124110 0.169200 -0.507508 
238.214630 -31.801085 10.121237 -5.998923 0.042678 2.773240 -3.091720 -2.150483 -0.528375 -0.080016 1.073759 0.297111 -0.855175 4.925098 1.577965 -2.491626 -1.493455 -1.297018 0.400635 1.286619 -0.390674 -0.022756 0.499914 0.582724 -0.098801 -1.196546 -1.877225 0.608592 0.639674 0.358971 1.277397 1.056927 0.491837 0.118277 0.184133 0.109472 -0.208523 
226.759827 -27.544395 10.112974 -8.531353 -0.839991 1.812471 -2.238434 -0.017130 -0.759165 -0.144245 1.575796 1.036815 -0.595050 1.084985 -0.585644 -1.218254 -1.365206 -0.917549 0.774964 1.330488 0.288024 -0.096731 0.563271 0.391692 0.104053 -3.627092 -1.001231 1.398175 -0.068498 0.241333 0.016545 -0.356784 0.379763 -0.020422 -0.307742 -0.452813 0.022157 
222.177673 -29.631116 8.949948 -8.435431 -2.687734 0.938142 -1.541792 0.510493 0.047673 -0.273479 2.200302 1.080496 -0.647070 -2.329087 -0.424496 0.304725 -1.630450 -0.814353 0.433725 0.573051 0.368852 -0.063601 -0.115569 -0.322901 -0.054487 -1.758169 0.213127 0.578994 0.108686 0.146273 -0.322078 -0.425007 -0.327331 -0.234430 -0.640515 -0.526824 0.125935 
220.526306 -32.202569 9.263982 -7.921903 -4.100892 0.183765 -1.370984 1.128973 -0.021462 -0.271447 1.344657 0.391013 -0.704025 -2.431354 -0.159390 -0.060266 -1.147834 -0.625004 0.130809 0.480474 -0.366637 -0.565591 -0.717759 -0.661956 0.355922 -0.092331 0.109820 0.431908 0.674443 0.371363 0.035112 -0.204495 -0.251176 -0.298485 -0.198058 0.074364 0.027042 
216.550949 -34.493823 8.631168 -8.555964 -4.983402 -0.311865 -1.280175 1.471441 -0.685602 -1.404660 0.764783 -0.243416 0.064774 -2.513748 -0.204856 1.168541 -0.281564 -0.071626 0.503950 0.164062 -0.133501 -0.660570 -0.511684 -0.174173 -0.000404 0.048846 0.022787 1.067040 1.150170 0.595839 0.244535 -0.257747 0.481067 0.333745 0.496099 0.477476 -0.389105 
212.262436 -37.230065 8.854269 -5.584820 -4.664020 0.040513 -0.363085 1.457097 -0.288464 -1.592587 0.321289 0.042668 -0.704832 -2.333662 -0.113817 2.073814 1.152506 0.566674 0.619879 -0.035020 0.595496 0.101899 0.274440 0.292996 -0.422288 -0.309774 -0.381234 -0.329153 0.940690 0.657981 -0.003883 -0.390349 0.029522 0.745578 0.565448 0.095159 0.054669 
208.416916 -39.161148 8.403534 -4.408337 -2.678390 0.821482 -0.040417 1.401400 0.505390 -1.200863 1.313663 0.342577 -0.779801 -3.133297 -0.967325 0.510236 1.599816 1.244336 0.496184 -0.616635 -0.074456 0.830585 0.619212 0.016145 0.108935 -2.660436 -2.391250 0.122187 -0.219751 0.056727 -0.085120 -0.524345 -0.629332 0.037028 -0.421010 -0.199789 0.278118 
211.980377 -43.496658 6.919619 -4.564348 -1.464388 2.529185 0.629282 0.223826 -0.437377 0.068583 1.559712 0.074958 -0.486961 -7.654534 -4.896317 2.318188 0.713005 0.680128 0.449640 -1.083711 -0.663169 0.175954 -0.567581 -0.106583 0.133949 -0.720004 -3.175712 1.925759 -0.070281 0.060834 0.058591 0.186267 0.533480 -0.023522 -0.332824 0.018808 0.024425 
222.665421 -54.470215 -1.389101 0.228039 -1.252381 2.181738 0.858862 -0.766022 -0.820947 -0.848954 0.178501 0.129412 -0.511904 -4.573304 -7.318748 4.361753 1.459255 1.366004 0.613366 -0.244101 0.992503 0.783540 -0.046436 0.053762 0.157785 7.057325 1.598878 -1.579916 1.789973 0.792317 0.178022 0.422180 1.014578 1.091994 0.550985 -0.088869 -0.080366 
0.000000 -52.643266 -7.717878 4.159159 1.454122 5.261194 1.856014 -0.264376 1.547629 1.635664 1.466840 0.182481 -0.171392 6.460115 -1.698562 -0.841645 4.292950 2.264763 0.805684 -0.239350 1.365987 2.359942 0.534390 -0.284321 -0.026784 6.247418 4.011135 -3.874539 1.717808 -1.033946 0.001918 0.054726 -0.175492 -0.142427 0.085381 0.305684 -0.171212 
363.960938 -41.549984 -4.786226 -1.455251 7.333520 6.711264 2.470229 -1.244723 1.911028 3.870930 1.247281 -0.439231 -0.565471 7.921532 0.703521 -3.387325 4.894871 -0.701888 0.617202 -0.134650 0.641520 0.498687 0.124325 0.665129 -0.184640 -1.733400 0.377760 0.514795 -0.995639 -2.289652 -0.301307 0.652658 -0.175221 -1.771858 -0.177514 0.884767 0.059414 
382.591125 -36.800203 -6.310836 -2.615491 11.243864 3.857419 3.090418 -0.533676 2.830669 2.633038 1.715490 1.512739 -0.540671 2.993316 -0.943042 0.187946 2.301673 -2.314542 0.203071 1.065966 1.015545 -1.183774 0.179362 1.485212 0.092045 -2.637291 -0.278040 1.571304 -3.231332 -0.331606 0.455725 0.936733 -0.180931 -1.320001 -0.217703 0.121965 0.521524 
388.287140 -35.563352 -6.672309 -1.079358 11.936867 2.082180 2.876370 0.887209 3.942118 1.503382 1.606006 2.531194 -0.381381 2.646950 0.147440 -0.244716 -1.567792 -1.365100 1.528651 1.738816 0.279657 -2.141315 -0.311082 0.909059 0.858409 0.130521 2.366754 -0.044854 -3.220129 0.208386 0.354779 -0.198796 -1.090963 -0.674232 -0.720295 -1.248351 0.018020 
382.487701 -31.506302 -6.015956 -3.104924 8.108279 1.127218 6.147721 2.943955 3.389983 -1.649591 1.093327 3.330856 1.176146 3.254358 3.790467 0.098238 -4.138585 -1.897769 0.912629 0.668373 -1.166381 -2.532238 -1.261227 -1.011490 0.128085 -1.602380 2.525420 1.321659 -0.665380 -0.083989 -1.569137 -0.820807 -0.203300 0.898801 -0.473894 -1.640006 -1.105882 
351.059235 -29.054635 0.908624 -0.882883 3.659696 -1.713358 4.701629 2.223955 1.609357 -3.561094 -0.916449 0.508214 -0.125211 -0.557809 5.198281 2.398602 -2.898553 -1.533078 -1.609623 0.097201 -0.126944 -0.343713 -1.258869 -2.370953 -1.353356 -4.231033 -0.905159 0.727032 2.008332 1.426641 -1.211676 0.130337 1.025679 1.845369 0.329536 0.074349 -0.430702 
283.884613 -32.621920 4.380606 1.692280 2.311173 -1.938937 2.928476 3.138358 3.136096 -2.337016 -1.424411 -1.411049 -1.530566 -5.207707 1.980148 1.552302 -0.121921 0.955512 -1.510724 0.929047 0.884977 1.158500 -0.602156 -0.862792 -0.733319 -3.364615 -3.658745 -1.878792 2.154104 1.547904 0.152847 -0.231866 0.023436 0.600673 0.478571 1.272739 0.933152 
0.000000 -39.470049 4.868921 2.221721 3.415855 0.197666 1.680182 4.082050 3.379311 -1.244095 -2.120761 -1.217369 -1.591850 -7.287039 -2.119209 -1.358982 1.409656 1.562730 -1.303928 -0.366530 -0.080071 0.857633 -0.301728 0.174525 0.512949 0.178207 -3.490031 -1.191194 0.922359 -0.421916 0.699385 -1.346059 -0.766404 -0.391472 0.684958 0.921001 0.822759 
260.020935 -47.195998 0.142188 -1.025684 5.130485 1.186523 0.320620 2.405297 2.975953 -0.621750 -2.027866 -1.061999 -0.504669 -4.851293 -4.999914 -0.830087 1.722797 0.111680 -0.111954 -1.763070 -0.647832 0.375555 0.767760 0.979210 0.912198 5.434068 -0.709732 1.557929 0.764570 -1.352743 1.417357 -0.129819 0.000386 -0.257802 0.698372 0.648457 -0.142600 
282.493805 -49.172634 -5.130906 0.561547 6.861449 0.421025 1.456274 0.555910 2.083647 -0.492986 -0.585241 0.741050 0.232547 3.581097 -3.538672 1.756875 2.938797 -1.142756 1.530786 -0.626167 -0.079299 0.342028 1.095015 1.471440 0.227748 7.064160 1.296404 0.563984 0.919971 -0.393236 0.752910 0.756955 0.714602 -0.010924 0.000511 -0.160441 -0.361401 
299.081787 -40.033803 -6.935157 2.488067 11.008078 -1.098989 3.382191 1.152963 2.817354 0.062305 0.162165 1.880881 -0.049172 9.277028 -2.407106 0.297881 3.562739 -0.674792 1.393865 -0.249160 0.781371 0.353706 0.768782 0.658327 0.189397 1.044199 1.354455 -1.750697 -1.086175 0.919660 -0.610494 0.151760 0.374334 -0.067580 -0.201501 -0.545799 0.095115 
338.659393 -30.618578 -9.945117 1.157309 13.986927 -0.928559 4.244005 0.057591 3.646390 0.214427 0.952324 2.057705 0.611340 5.669495 -0.829762 -1.744518 0.766447 0.696564 0.309798 -0.322648 0.669368 0.206867 0.692014 0.379842 0.417977 -4.813487 2.233122 -0.958414 -2.976510 1.309442 -0.864024 0.442541 -0.372430 0.111516 -0.238671 -0.493458 0.123735 
357.099670 -28.694814 -8.594681 -1.000970 12.540973 0.294138 4.001787 0.507667 4.156091 0.476040 1.546192 2.640566 0.786783 -0.349945 2.059137 -1.618947 -2.390280 1.944091 -0.334182 0.635922 0.036512 0.576738 0.291440 -0.328590 0.436866 -3.917665 -0.084106 2.356410 -2.222175 0.490572 -0.783542 0.468459 -0.745957 0.101630 -0.351553 -0.573007 -0.255087 
370.364136 -31.318468 -5.826843 -2.080584 9.206367 2.959624 3.575640 1.329435 3.719413 1.367903 1.535204 1.400526 1.485073 -2.165835 -0.997973 2.968302 -3.677903 1.677707 -1.257287 0.614270 -0.822546 0.410127 -0.011093 -0.766172 -0.092196 -0.853586 -3.437984 3.370388 -0.036964 -1.296359 -0.172232 -0.170394 -0.369481 -0.369563 -0.120324 0.075873 -0.418271 
357.610077 -33.026484 -10.590628 4.935635 5.185167 3.649553 1.487214 1.736206 2.510999 1.296295 1.524006 1.108221 0.602391 -2.057118 -4.816831 5.121829 -2.464208 -0.648627 -0.678646 0.295133 -0.702451 -0.162389 0.050793 -0.176844 -0.399675 0.252508 -1.206466 -0.232059 1.632925 -1.622656 1.036930 -0.391823 0.289598 -0.382587 0.080081 0.317824 0.005478 
356.418823 -35.432704 -15.460505 8.163074 4.277951 1.662371 2.218348 1.919701 2.314511 1.043126 1.636790 1.046837 0.685723 -1.660819 -3.410905 2.504184 -0.412052 -1.567605 0.816573 -0.169377 -0.243349 -0.355048 0.149069 -0.130525 -0.081241 1.625348 3.421239 -2.923896 0.725854 0.539149 1.321643 0.011597 -0.087150 0.047340 0.520383 0.365424 -0.112139 
0.000000 -36.348123 -17.412439 9.944003 4.361062 0.514342 3.120360 1.397453 2.024300 0.586200 1.822144 0.847170 0.439910 1.193578 2.025648 -0.725963 -1.012500 0.429672 1.964639 0.318327 -0.876751 -0.067709 1.091559 0.554003 -0.623953 3.690723 4.927550 -3.918860 -0.659622 0.910410 0.050676 0.010179 -0.532797 0.329363 0.744535 0.116552 -0.210763 
0.000000 -33.045548 -11.409210 6.711148 2.252950 2.521715 6.147626 2.556355 0.561009 0.907707 3.819908 2.154843 -0.562183 5.720627 6.444195 -5.333535 -1.731297 0.253216 0.917926 -0.149019 -1.308944 0.303679 1.638139 0.102578 -0.502767 2.245569 1.074597 -2.180273 0.282385 -1.161644 -1.519736 -1.120309 0.021488 0.130646 -0.004767 -0.594171 0.500981 
376.803345 -24.906868 -4.524049 -0.723066 0.898468 1.020774 4.956211 1.099415 -0.593588 1.193559 5.098422 1.052326 -0.565623 5.684717 4.174841 -5.086510 -0.447731 -1.893617 -1.074834 -1.922291 -0.833776 0.193582 1.082025 -0.634339 0.378009 -1.833723 -2.272356 1.583584 1.495985 -0.978181 -1.454428 -0.736770 0.941138 -0.043609 -1.286622 -0.190446 0.663561 
387.130798 -21.676114 -3.059527 -3.461872 1.357489 -1.265519 3.997959 -1.288226 -1.106543 1.294871 5.983958 0.886166 0.193836 2.053181 1.899484 -2.166368 1.260672 -1.703147 -1.990929 -1.622559 0.573331 0.216462 -0.935105 -0.278314 0.824355 -2.103143 -2.039151 2.136410 2.103696 0.910652 -0.198501 0.807396 0.777260 0.043356 -1.470334 -0.006103 -0.143394 
0.000000 -20.800505 -0.725082 -5.055802 3.419813 -2.385519 0.974352 -2.145703 0.553074 1.626482 3.228213 0.495698 1.083087 1.478431 0.096540 -0.813691 3.759662 -0.072313 -1.471836 -0.307499 0.720744 0.280293 -1.858642 -0.646544 0.091221 -3.513212 -1.190475 1.795550 1.077158 1.423531 1.192869 1.092364 -0.381203 -0.171403 -0.002359 -0.084006 -0.715329 
0.000000 -18.719251 -2.866448 -5.089254 8.876812 -1.410146 1.054287 -1.903225 0.334945 1.855457 2.266673 -0.406922 0.376278 -4.973243 -0.481466 1.424732 3.414987 1.143916 0.394810 0.562169 -0.189075 -0.126344 -0.939822 -0.446326 -0.606303 -5.872354 1.923300 2.438939 -2.350814 0.782948 0.478888 0.829260 -0.535419 -0.247361 0.813015 0.665150 -0.060909 
0.000000 -30.746991 -1.688014 -2.206339 10.249787 -0.097687 1.763971 -1.021365 0.174924 1.373794 1.348569 -0.396955 -0.129520 -10.266278 3.943140 4.064187 -0.941966 1.493582 -0.514060 1.351021 -0.350095 -0.214430 -0.232612 0.683757 -0.030597 1.272431 0.913091 0.553843 -2.479803 -0.290080 -0.302817 0.361166 0.710622 -0.210083 0.421316 0.658397 0.465424 
0.000000 -39.251806 5.019832 3.039120 6.992881 1.577018 0.026167 0.798818 -0.365244 1.426597 1.801449 0.960591 0.315085 -2.428382 1.344717 2.532418 -1.544619 0.563756 -0.210825 1.284501 1.232169 -0.546511 -0.097190 0.870467 0.324545 7.625592 -3.478034 -2.439845 0.942536 -1.426681 0.323735 -0.910587 0.790351 -0.674663 -0.407824 -0.781759 -0.040032 
383.115814 -35.603754 1.001421 2.858497 7.160549 1.029826 1.342322 1.547637 2.639262 0.280773 1.154188 1.343980 0.519571 4.984906 -3.012927 -0.815503 0.943106 -1.359780 0.133411 -0.470152 1.230607 -1.563755 -1.048261 -0.879761 -0.110660 3.025020 -0.200218 -1.788863 0.643245 -0.989070 0.249315 -0.751204 -0.732962 -0.294908 -0.436379 -1.262638 -0.340915 
333.315399 -29.281995 -1.006022 1.408113 8.879092 -1.142542 0.292988 -0.141487 2.095970 -1.700914 -0.295072 -0.798930 0.093764 3.621658 0.944280 -1.045309 -0.258130 -1.414383 0.287805 -0.217907 -0.233754 -1.136326 -0.969948 -1.654808 -0.357284 -5.271406 3.346666 0.759463 -1.848966 0.543247 -0.207880 0.724873 -0.854234 0.765651 0.367182 0.555934 -0.000783 
280.733795 -28.360439 2.889981 0.767878 6.644290 -1.798941 1.917931 1.111822 2.171753 -1.991879 -0.785709 -1.965635 -0.194997 -5.557906 3.680405 0.703422 -2.754827 -0.273285 -0.282350 0.979593 -0.477860 -0.032454 -0.313897 0.232106 -0.112227 -9.449903 -0.448809 1.416278 -1.776482 0.967270 -1.237802 -0.427163 -0.350623 0.838565 0.591018 1.198808 0.187827 
272.136841 -40.397807 6.354788 2.814958 3.369438 -1.689113 -0.271711 1.817700 1.140249 -1.765822 -0.922866 -0.334717 -0.130689 -15.278149 0.046662 1.787247 -3.811093 0.520158 -2.187799 -1.072232 -0.935001 0.540804 0.212088 0.742809 0.018369 -3.375022 -4.278768 -0.902446 0.215181 0.586500 0.321001 -0.980637 -0.033700 0.367329 0.267575 -0.252870 -0.058347 
304.039490 -58.916736 2.983305 4.342372 -0.977896 -0.758626 -2.457667 -1.032643 0.301751 -0.910271 -0.361532 -0.480018 -0.158258 -12.307949 -4.877131 -1.101470 -2.324465 0.899715 0.359652 -0.981680 -0.545261 0.702204 0.221252 -0.273633 -0.228920 8.512752 -0.557008 -0.968410 3.079444 0.323525 1.592223 0.869692 0.467674 -0.152317 0.056505 -0.601727 0.408190 
158.649551 -65.013705 -3.399474 0.612017 -1.279492 0.110317 0.447593 -0.145660 0.049727 -0.361414 -0.480361 -0.881983 -0.588530 1.747356 -1.067354 -0.149573 2.347795 1.167208 0.996647 0.667151 0.000348 0.236169 0.325098 -0.460645 0.834749 11.393583 4.465914 1.636947 2.423242 0.146978 -0.582691 0.442087 0.121605 -0.587133 -0.115664 -0.030823 0.517721 
321.326691 -55.422024 0.848596 4.043226 3.717694 1.575790 -0.464373 0.301658 0.302447 -0.437932 0.288663 -1.401307 1.511239 10.479216 4.054697 2.172423 2.522019 1.193672 -0.805730 -0.097505 -0.302050 -0.472061 -0.010076 -0.335279 0.806522 2.269132 1.576252 -0.120604 -1.592697 -0.891319 -0.603037 -0.300359 0.114682 -0.010752 -0.297731 0.486620 -0.835691 
303.197632 -44.055272 4.709921 4.956863 3.764546 2.497660 -1.163867 -0.340670 -0.554374 -1.305537 -0.500512 -1.552540 1.024515 6.285621 2.085149 -0.390782 -0.837600 -0.615430 -0.209427 0.066432 0.229713 0.214665 -0.270365 0.512595 -0.836633 -4.341659 -2.068471 -2.309589 -2.209835 -1.449964 -0.284098 0.226863 0.395338 0.409505 0.135464 0.625090 -0.515963 
297.562408 -42.850782 5.018895 3.261663 2.042493 0.344929 -0.883226 0.434522 0.761872 -0.008602 -0.252066 -0.376117 -0.162026 1.795897 -0.082245 -2.446756 -1.897650 -1.706257 -1.373927 0.356221 0.488626 0.346948 0.260852 0.914902 -0.225404 -1.817425 0.150267 -0.448432 -0.304053 -0.110161 -0.806108 -0.103191 -0.219293 -0.246161 0.300470 -0.151560 0.498467 
280.211945 -40.463477 4.545430 0.063351 -0.030755 -0.914854 -3.911721 0.371773 0.422877 -0.611641 0.021191 0.277265 0.573708 2.650771 2.385684 -1.287645 -1.445706 -0.835752 -1.821643 -0.139951 -0.208873 -0.277656 0.330575 0.209474 0.160301 -1.503933 1.469148 1.301089 0.485923 1.096968 0.288138 -0.384236 -0.339073 -0.181458 -0.011795 -0.386470 -0.045416 
272.895630 -37.549241 9.790263 0.686373 -0.848919 -1.326575 -4.526513 0.154621 0.344127 -0.563914 0.409085 0.042832 0.158575 -1.211968 2.856051 0.155422 -0.925804 0.487679 -0.797650 -0.412251 -0.189520 -0.015969 0.237261 0.141963 -0.316236 -4.701990 -2.258949 0.115845 0.357626 1.308868 1.109725 -0.095813 -0.131482 0.029331 0.103226 0.036572 -0.153813 
273.166229 -42.887414 10.257531 0.374196 -1.882363 0.060503 -5.507022 -0.452729 0.043837 -0.643580 0.495713 0.561192 -0.058764 -6.753209 -2.132214 -1.055956 -0.730455 1.781984 0.397806 -0.331576 -0.471837 -0.218994 0.537027 0.282618 -0.147325 -2.928968 -3.271713 0.601635 1.062291 0.171073 1.307758 0.151950 0.147757 0.271402 -0.122249 -0.106916 0.177563 
264.480652 -51.055660 5.525835 -1.425538 -2.309829 2.237393 -3.730902 -0.508532 -0.599547 -1.001901 1.483138 0.608067 -0.136075 -7.069904 -3.687375 1.358692 1.198778 0.829825 1.817867 -0.108351 0.105993 0.526836 -0.007236 -0.071869 0.038889 5.446337 2.505801 1.491753 1.044149 -1.889498 -0.766544 0.349674 0.440200 0.019656 -0.763145 -0.364764 0.014672 
287.657776 -57.027221 2.882780 3.091580 0.515194 1.720154 -1.871289 -0.669432 0.255824 0.410091 0.481241 0.417454 0.019014 4.139465 2.879388 1.927551 1.357843 -1.997012 -1.135282 0.367771 0.408563 -0.179681 -0.989264 -0.446910 -0.117981 9.828554 3.846044 -2.075544 -1.056402 -2.184344 -1.867214 0.711874 -0.153779 -0.537991 -0.558838 -0.589716 -0.148618 
315.343384 -42.776729 11.284612 2.429564 0.405857 -1.756630 -6.001466 0.227011 0.217579 -1.361263 -0.495389 -0.285752 -0.372038 12.587203 4.004713 -2.792395 -0.914026 -3.538863 -1.916562 1.315397 -0.201566 -0.549146 -1.124913 -1.251301 -0.258348 1.944942 -1.740084 -2.616244 -1.234034 0.062258 0.828329 0.118544 -0.390520 0.406931 0.086503 -0.233313 0.024120 
311.110474 -31.852815 10.892207 -2.493210 -1.312858 -5.357572 -5.704412 1.961361 -0.147307 -0.688201 -1.768585 -2.085147 -0.497681 8.029350 -0.600780 -3.304937 -1.110225 -1.872495 0.521376 0.604859 -0.372477 0.634181 -0.816257 -0.913536 -0.069742 -4.693060 -1.973839 1.156673 0.721163 2.097527 1.311064 -1.010750 0.056865 0.669132 0.832919 0.893246 0.199986 
303.419708 -26.718029 10.083052 -4.180311 -1.814593 -5.501621 -4.958713 1.436730 -0.527375 -0.092900 -2.127903 -2.112824 -0.511522 3.201083 0.057035 -0.479049 0.528300 0.656190 0.705567 -0.706104 -0.087836 0.789118 0.540925 0.535192 0.141624 -3.967524 0.855139 2.406511 0.876260 1.374592 0.065522 -0.516518 0.492216 -0.178834 0.813613 0.797880 0.061094 
296.707001 -25.450649 11.006278 -3.451309 -0.256258 -4.045192 -4.293279 0.549154 -0.322979 0.890035 -0.686736 -1.014764 -0.214432 0.094301 1.109497 1.508085 0.642296 0.876689 0.652420 -0.428177 0.611954 0.276514 0.810969 0.682224 0.052445 -3.177355 0.084616 1.180887 -0.349172 -0.255210 -0.273780 0.635333 0.421257 -0.484057 -0.152244 -0.061565 -0.158762 
285.624969 -26.529428 12.302047 -1.164140 -0.530002 -3.748242 -3.653872 0.580376 0.696534 0.460128 -0.505965 -0.748376 -0.406631 -3.153627 0.226268 1.882725 -0.170044 0.145771 0.158008 0.564563 0.754679 -0.178996 0.236436 0.412061 -0.175900 -4.269355 -0.921888 -0.170231 -0.891188 -0.255489 -0.378512 0.327608 -0.306233 -0.112417 -0.235169 -0.282506 0.034427 
277.221497 -31.757903 11.458813 0.314142 -0.596347 -3.753650 -3.977263 1.678279 1.186380 0.532042 -0.213863 -0.190642 -0.566232 -8.444409 -0.734278 1.167622 -1.140081 0.365712 -0.104603 0.227038 -0.000511 0.051681 0.340632 0.117211 0.121299 -1.427947 -0.550504 -0.913589 -0.974691 0.030642 0.527765 -0.188361 -0.467008 -0.306873 -0.508061 -0.390623 0.052956 
283.406036 -43.418245 10.833492 1.171105 -2.810163 -3.016819 -3.863078 1.034453 0.695511 0.563489 0.175298 -0.513953 -0.164033 -6.009520 -0.874739 0.055546 -2.119427 0.207056 1.213537 0.187841 -0.179336 -0.792743 -0.779685 -0.369185 -0.069988 7.033519 0.448395 -1.705853 0.427157 -0.325394 0.031766 0.194085 -0.122283 -0.658774 -0.645909 -0.133930 -0.323585 
0.000000 -43.776943 9.709335 0.425235 -4.835201 -3.339538 -1.550190 2.053960 0.827707 -1.053444 -1.773233 -0.929011 -0.706207 5.622630 0.162513 -2.244084 -0.285768 -0.285075 -0.041071 0.615208 -0.245078 -1.265868 -0.951187 -0.150649 -0.525871 7.225841 0.714148 -1.310680 1.718151 -0.400616 -1.182076 0.165723 -0.299864 0.530823 0.518322 0.235454 0.274961 
299.356934 -32.172985 11.158517 -3.317063 -3.381699 -3.586969 -3.945221 2.264870 0.205356 -1.968247 -1.727076 -0.815252 -1.215774 8.442161 0.553557 -2.565813 1.316875 -0.594176 -1.150616 0.519287 -0.779064 0.268902 0.256959 0.101724 0.479934 -1.187435 0.308667 0.996773 0.628980 -0.045807 0.097538 -0.177763 0.025196 1.087829 0.668040 -0.022988 0.691054 
296.155212 -26.892620 10.816448 -4.706391 -2.201450 -4.527889 -3.851421 3.092535 -0.730421 -0.515640 -1.259314 -0.725563 0.253661 3.247760 0.779846 -0.250539 0.972192 -0.376689 0.154005 0.259683 -0.194685 0.909790 0.384893 -0.196626 0.856237 -3.917292 0.198662 1.504969 -0.467404 0.343973 0.628860 -0.336719 0.526134 -0.042708 -0.052974 -0.171597 -0.179207 
289.764252 -25.677464 12.718208 -3.818140 -1.437315 -4.340348 -3.637212 2.784235 -0.184014 -0.148668 -0.957289 -1.208503 0.496700 0.607578 0.950880 0.444126 0.382068 0.093771 0.107105 -0.154150 0.273204 0.183486 0.151012 -0.241470 0.121520 -1.320091 0.085517 0.347332 -0.295062 0.235230 -0.023450 -0.206916 0.233944 -0.363152 -0.116940 -0.022422 -0.367359 
