0.000000 -39.897312 7.058008 5.939379 2.290040 -0.043129 -1.244612 -1.537713 -1.535131 -1.402548 -1.317163 -0.884968 -0.383661 -2.853595 1.733308 1.127010 0.912536 0.075382 -0.163412 -0.289535 -0.241512 -0.052192 0.029940 0.136755 -0.017819 0.187536 0.168610 0.088970 -0.322176 -0.556084 -0.202751 0.069850 0.290892 0.411467 0.176840 -0.040561 -0.094603 
337.562347 -45.604502 10.524624 8.193400 4.115113 0.107635 -1.571435 -2.116782 -2.018156 -1.506932 -1.257283 -0.611458 -0.419299 -2.478523 2.070528 1.304950 0.268185 -1.036787 -0.568915 -0.149835 0.340271 0.770741 0.383619 0.055633 -0.207024 1.168892 -1.094883 -1.139478 -1.489222 -0.405296 0.873796 0.477877 0.550869 -0.193011 0.161678 0.214598 0.255166 
337.533539 -44.854358 11.199064 8.549278 2.826410 -2.116703 -2.382441 -1.837383 -0.854590 0.138935 -0.549925 -0.773702 -0.797710 -0.515812 -0.456457 -1.151945 -2.065907 -0.735210 1.584181 0.666219 0.860226 -0.438214 0.353296 0.565951 0.492512 6.022483 -2.112952 -2.090929 -0.274872 -0.215277 1.480383 0.314529 -0.497338 -0.891001 -0.432046 0.134926 0.343159 
333.836609 -46.636126 9.611709 5.889510 -0.016701 -1.362784 1.596926 -0.784345 -0.297704 -2.383359 -0.550691 0.520445 0.565725 9.566444 -2.155375 -2.876908 -0.281560 -1.467340 2.391851 0.479222 -0.654405 -1.011261 -0.480473 0.325484 0.479294 5.704588 -0.164167 -0.207096 1.487630 -0.901279 -0.958241 -0.731120 -1.012348 0.413403 -0.538483 -0.579075 -0.512613 
0.000000 -25.721470 6.888313 2.795463 2.263290 -5.051383 2.401261 -0.878938 -2.163400 -1.883588 -1.510872 -0.122734 0.160878 10.893364 -0.784792 -1.566137 0.909353 -2.537768 -0.332302 -0.796022 -1.164470 0.388593 -0.723671 -0.592200 -0.532714 -6.079846 2.260265 1.225128 -1.256478 0.495816 -1.639845 -0.257151 0.865267 0.917422 0.250031 0.091703 -0.530118 
354.173706 -24.849399 8.042124 2.757235 1.802005 -6.438320 0.932323 -2.376388 -2.626645 -1.606173 -1.998033 -0.663955 -0.499703 -2.593247 2.365154 -0.426652 -2.794517 -0.475709 -0.887838 -0.035080 1.076129 0.823583 0.019588 0.508890 -0.580941 -5.897210 0.315685 1.117215 -1.695152 1.447695 1.271696 0.616040 1.057394 -0.125537 0.480853 0.701403 0.133522 
345.907715 -30.907964 11.618622 1.942159 -3.325744 -6.002801 0.625585 -0.949099 -0.011142 -0.236423 -1.471696 0.895046 -1.001004 -0.901057 -0.153421 0.668293 -2.480952 0.357621 2.211091 0.436058 0.950318 0.137518 0.238035 0.810606 -0.265670 3.198570 -2.314101 0.816000 1.511684 0.173581 0.694412 0.230239 -0.785407 -0.715843 0.169322 -0.867611 0.340589 
343.020294 -26.651513 7.735282 4.093821 -3.159899 -5.723077 5.354505 -1.504272 -0.726009 -1.331136 -1.521964 0.957257 -1.031042 3.803892 -2.263047 1.205347 0.228852 -0.128548 0.500985 0.425397 -0.494685 -0.608103 0.358231 -1.226333 0.100237 0.625897 -0.325320 -0.340597 1.915181 0.106209 -2.400412 -0.214026 -0.715866 -0.094132 -0.050537 -1.008873 0.227703 
333.788727 -23.300180 7.092527 4.352852 -2.868040 -6.259896 1.627556 -0.098305 -1.000512 -1.452629 -0.755233 -1.557619 -0.800530 0.350737 -0.804061 -0.012901 1.349411 0.570039 -2.589733 0.008006 -0.481413 -0.050745 0.136961 -1.207141 0.189736 -4.537789 0.767645 -1.235114 1.023755 0.811767 -0.751260 -0.360413 0.248482 0.634708 -0.060769 0.756913 -0.056125 
321.556946 -25.950040 6.127159 4.068020 -0.461077 -4.582998 0.175040 -1.488259 -1.688836 -1.432626 -1.248042 -1.457026 -0.651571 -5.271686 -0.727757 -1.264882 2.276362 1.494987 -1.001535 -0.295429 0.002278 0.661312 0.236694 0.287493 -0.012013 -3.613402 0.484872 0.104094 -0.596629 0.654153 1.189057 0.324834 0.713801 0.314852 0.190557 0.734464 0.023381 
309.642365 -33.843551 5.637013 1.823089 1.684684 -3.269922 -0.375514 -0.689164 -0.995955 -0.130005 -0.281846 -0.982634 -0.824557 -6.876068 0.165683 0.195288 0.156153 1.878346 -0.211620 0.657674 0.946188 0.578959 0.518075 0.261788 0.236497 3.587420 0.167916 2.397944 -1.634317 -0.789420 0.382754 0.238092 -0.082213 -0.511768 -0.057859 -0.243257 0.189906 
287.145813 -39.702177 6.458526 4.458595 -0.148771 -0.826306 -0.248199 -0.172912 0.203540 -0.274707 -0.211893 -0.933451 -0.178577 1.903154 -0.391925 3.531005 -0.992272 -0.083853 -0.236027 0.180756 -0.162148 -0.362224 0.120975 -0.199022 0.367800 5.564941 0.222213 0.471483 0.344249 -2.151583 0.185682 0.062241 -0.765637 -0.152750 -0.246775 -0.021749 -0.046414 
299.905121 -30.037243 4.853163 8.885100 -0.299859 -3.437628 -0.847567 -0.327653 -1.320252 -0.854454 -0.039896 -1.380677 -0.088958 4.253814 0.610110 1.138254 0.844652 -2.424820 0.159745 0.782156 -0.585087 0.273460 0.024524 0.218289 0.143668 -0.210101 0.235753 -2.228620 1.010473 -0.548873 0.500080 0.331997 0.388844 0.582970 0.074125 0.319798 -0.179455 
328.069794 -31.194548 7.678745 6.735103 1.540532 -5.675946 0.071290 1.391400 -0.966633 0.272213 -0.162844 -0.496872 0.108760 1.482952 0.079581 -0.926235 1.028674 -1.181599 0.764132 0.844750 0.615540 0.803716 0.269226 0.440575 0.008889 -0.778198 -1.410483 -0.741152 -0.575953 1.474776 0.330498 -0.419251 0.421769 0.157136 0.297425 -0.023423 -0.010731 
351.479309 -27.071339 5.012325 7.032630 1.757489 -5.800826 0.680697 1.361848 -0.089172 0.752979 0.498555 -0.499526 -0.071179 2.697418 -2.210857 -0.344049 -0.307254 0.524732 0.820741 -0.056347 0.258451 0.587731 0.619374 0.171443 0.122207 -0.691668 -0.417515 0.205939 -0.765897 0.944655 0.054240 -0.431966 -0.328311 -0.239785 0.027632 0.013976 0.221992 
373.445648 -25.799712 3.257031 6.047004 0.926023 -4.626483 1.712771 1.278706 -0.449731 1.447675 1.075905 -0.153986 0.353174 0.099615 -0.755450 -0.514357 -0.503120 0.707711 0.872612 -0.019183 -0.041081 0.324147 0.324489 0.468528 0.452872 -1.073771 1.486371 -0.123260 -0.143581 -0.018291 -0.082805 0.080793 -0.234096 -0.522113 -0.494642 0.236664 0.028340 
375.448944 -26.872109 3.501426 6.003916 0.751249 -4.385404 2.425922 1.323483 -0.171335 1.401273 1.147533 0.437529 0.834565 0.549875 0.761885 -0.590569 -0.594417 0.488150 0.655131 0.105238 -0.209741 -0.456494 -0.369909 0.644771 0.178887 0.753383 0.683083 -0.012439 -0.428507 0.437217 -0.448129 0.035299 -0.295794 -0.589306 -0.476990 -0.246451 -0.221406 
379.604279 -24.699961 4.780800 4.865866 -0.262811 -3.650183 3.023032 1.489182 -0.869212 0.534686 0.336088 1.135555 0.710947 1.606381 0.610717 -0.539235 -1.360133 1.582146 -0.023645 0.051415 -0.632668 -0.854464 -0.629492 -0.024374 0.010061 -0.873202 -0.931506 0.979235 -0.164860 0.201259 -0.557831 -0.383733 0.243295 0.141654 0.334113 -0.292369 0.169982 
375.272858 -23.659347 4.722859 4.925445 -1.969018 -1.221113 2.378631 1.426313 -1.436672 -0.307656 -0.111450 0.388782 0.854688 -1.196528 -1.101128 1.367902 -0.924138 0.890667 -0.460532 -0.662228 0.276850 -0.173187 0.298317 0.060033 0.518850 -3.091362 -2.930567 1.113864 0.991172 -0.693768 0.251883 -0.352058 0.533883 0.405852 0.414479 0.129662 0.186934 
381.824097 -27.093017 2.578544 7.601671 -2.111086 -1.868849 2.101969 0.164726 -0.315512 0.188312 0.932722 1.255621 1.748647 -4.576343 -5.250418 1.688493 0.622210 0.194609 0.480121 -0.652701 0.435098 -0.042759 0.199466 0.234950 0.383929 1.061195 0.430413 -0.338824 0.543540 -0.563295 0.348710 0.233033 -0.309473 0.004502 -0.539312 -0.401274 -0.420180 
370.769897 -32.812033 -5.777976 8.302430 -0.724598 -0.831895 3.338874 0.120912 -0.566475 -0.393174 0.287481 0.858682 1.622545 0.925862 -0.240302 0.690254 0.162942 -0.235922 0.236888 -0.196162 -0.342097 -0.164183 -0.780307 -0.742515 -0.321510 4.803471 5.893029 -1.007590 -0.529348 -0.671202 -1.304162 0.180803 -0.525137 -0.231293 -0.606733 -0.560574 -0.681089 
374.031738 -25.241294 2.097940 8.982178 -1.785202 -2.340694 2.575745 -0.227599 -0.999706 -0.140055 -0.627892 -0.229410 1.105628 5.030598 6.535641 -0.326687 -0.436487 -1.147796 -2.128203 -0.291095 -0.615176 -0.505345 -1.014000 -0.886197 -0.978250 -0.010286 1.249420 -0.910794 -0.082034 -0.523307 -1.401415 0.061268 0.218470 -0.556105 -0.026840 0.126351 -0.275749 
353.391510 -22.750837 7.293305 7.649057 -1.597573 -3.127486 -0.917532 -0.461278 -1.796827 -1.403864 -1.740519 -0.913713 -0.333954 0.905289 2.258539 -1.131335 -0.001126 -1.282536 -2.565942 -0.073626 0.094843 -1.276393 -0.833988 -0.489814 -0.873007 -2.883646 -3.308949 -0.052629 0.425012 0.055272 0.568190 -0.004566 0.562679 0.142668 0.570510 0.266286 0.399313 
0.000000 -23.430716 6.615019 6.719509 -1.787454 -4.905766 -2.556138 -0.374851 -0.810020 -2.692841 -2.295868 -1.209038 -0.640386 -0.736693 -0.082257 -0.431945 0.413536 -1.037253 -0.991823 -0.300227 0.510182 -0.220009 0.127021 -0.353626 -0.179624 -0.839139 -0.887864 0.675432 0.432751 0.322305 1.326584 -0.181895 0.099383 0.866098 0.705051 0.094851 0.471269 
324.056183 -24.224224 7.128792 6.785167 -0.770500 -5.201992 -2.901178 -1.061733 -0.776463 -1.843882 -1.486478 -1.620965 -0.693202 -0.772989 0.482811 0.219529 0.864375 -0.637927 0.087226 -0.437416 0.293610 0.455803 0.576114 -0.300112 0.069531 -0.399681 0.494283 -0.254965 -0.220409 0.533401 0.751586 0.163075 -0.208328 -0.132512 -0.010800 0.188914 0.078533 
335.417450 -24.976695 7.580640 7.158567 -0.058703 -6.181619 -2.381686 -1.249682 -0.222800 -1.781235 -1.143639 -1.809262 -0.501325 -1.536055 0.906310 -0.941874 -0.027281 0.029550 0.511350 0.025922 0.093526 -0.485033 0.105420 0.024203 -0.022557 -2.990552 0.706807 -0.715820 -0.733640 0.779422 -0.058543 0.353313 -0.360608 -0.334129 -0.445514 0.135993 -0.084212 
330.641632 -27.296335 8.941411 4.901418 -0.825062 -5.142893 -1.878478 -1.009889 -0.589410 -2.813948 -1.275638 -1.572559 -0.738316 -6.754093 1.896425 -1.212111 -0.602905 0.920918 -0.029859 0.269210 -0.427605 -0.212455 -0.314914 -0.028126 -0.098894 -4.240335 -1.509659 0.919524 -0.637492 0.241059 -0.398284 -0.317972 0.734765 0.483364 0.171610 0.051334 0.055961 
320.974426 -38.484881 11.373491 4.734344 -1.264514 -4.339783 -2.441404 -0.711262 -1.078011 -2.206145 -1.773467 -1.865515 -0.699112 -10.016725 -2.113009 0.897174 -1.302264 0.511668 -0.285218 -0.610021 1.563057 0.481694 0.448639 0.126870 0.089365 2.645603 -4.272661 0.861774 -0.336583 -0.596917 0.205535 -0.652994 0.819714 0.674713 0.520775 0.296888 0.128576 
327.629761 -47.329784 4.715393 6.695766 -3.429590 -4.119556 -2.448915 -2.229931 2.536703 -1.850559 -0.378359 -1.318818 -0.559586 -1.462888 -6.648896 0.511436 -1.276071 -0.272915 0.381210 -1.036778 1.211823 1.136971 0.726636 0.565649 0.158259 9.333127 1.390685 -0.545498 1.417685 0.185374 0.487889 0.634030 -1.282248 0.031248 -0.374971 0.018337 -0.007237 
331.972504 -41.410656 -1.924302 5.757215 -3.816655 -4.885613 -1.678983 -2.784817 1.345636 0.067797 -0.320195 -0.734216 -0.382594 8.649530 0.668361 -0.193821 1.533106 0.882416 0.690559 0.658038 -1.001440 0.544191 -0.301303 0.163543 0.074892 3.314212 6.454937 0.485440 1.729365 0.368940 -0.062608 1.215933 -0.736265 -0.801103 -0.555512 -0.197912 -0.257140 
330.754883 -30.030724 6.052116 6.308124 -0.363378 -2.354724 -1.067796 -0.913855 0.533824 -0.762177 -0.980965 -0.991732 -0.409802 5.165537 6.260978 1.482315 2.182659 0.464965 0.255995 1.395088 -0.260707 -0.465234 -0.384387 0.169826 -0.356022 -5.958459 0.538036 0.551605 -0.176342 -0.285359 -0.270405 -0.434343 0.440257 0.001458 0.413661 0.121821 -0.173930 
0.000000 -31.079583 10.597655 8.721844 0.548663 -3.955684 -1.166994 0.005360 0.824222 -0.862671 -1.088969 -0.394563 -1.094638 -3.267387 1.744433 0.909388 1.180423 0.311699 0.149750 -0.210648 -0.120926 0.547107 0.526020 0.407184 -0.272968 -6.109052 -4.115740 -1.031224 -0.630986 0.554552 -0.447512 -1.102907 -0.013015 0.429177 0.425957 -0.021195 0.423759 
277.395691 -36.565499 9.540982 8.126901 1.997467 -1.731326 -0.768297 -1.335151 0.291973 0.332036 0.071074 -0.177363 -0.955738 -7.052567 -1.970502 -0.580133 0.920688 1.574068 -0.639029 -0.810726 -0.286736 0.393120 0.467526 0.127436 0.491497 1.381219 -1.588267 -0.572661 -0.486982 -0.095106 -0.374185 0.179416 -0.025053 -0.141774 -0.350428 -0.273159 0.098729 
261.497040 -45.184716 6.656651 7.561579 2.390039 -0.807548 -2.445052 -1.616092 0.250749 -0.076431 -0.153917 -0.139691 -0.111644 -0.504950 -1.432100 -0.235933 0.206458 0.121488 -0.598620 0.148185 -0.171031 0.263558 -0.174837 -0.139134 -0.075510 7.122749 1.217741 -0.004976 -0.490364 -1.359785 0.777879 0.594846 -0.167063 -0.419287 -0.381667 -0.281178 -0.454222 
259.203857 -37.575400 6.676782 7.655035 2.410383 -1.488350 -1.965537 -1.038782 -0.050089 0.859153 -0.278600 -0.455631 -1.106758 7.192932 0.464981 -0.590085 -0.060040 -1.145502 0.916728 0.378966 -0.620863 -0.445453 -0.295808 -0.434920 -0.416946 2.896410 -0.527306 0.162681 -0.604970 -0.466237 0.991299 0.203036 -0.181821 -0.839636 -0.209418 -0.181155 0.228280 
291.884827 -30.798852 7.586612 6.381409 2.269960 -3.098553 -0.611595 -0.858159 -0.990977 -0.967338 -0.745532 -1.009531 -0.945536 5.287871 -2.486713 0.089430 -1.003481 -0.810986 1.383978 0.554256 -0.534672 -1.415713 -0.593672 -0.501444 0.381051 -4.020836 -3.948182 0.645460 -0.510653 0.902053 0.371892 -0.198566 0.305437 0.173514 0.318811 0.374533 0.545076 
315.308990 -26.999658 1.703356 7.833895 0.403420 -3.110321 0.802419 0.069731 -1.119433 -1.972273 -1.465944 -1.458519 -0.344657 -0.848739 -7.431384 0.700835 -1.081345 0.658604 1.660513 -0.018166 -0.009988 -0.098425 0.341814 0.314145 0.673206 -4.456810 -1.284463 0.168674 0.377202 1.165651 -0.052307 -0.496127 0.343881 1.033353 0.609242 0.671744 -0.119401 
322.706726 -32.496331 -7.276155 7.783078 0.107269 -1.781345 2.709431 -0.894492 -1.010953 -1.164187 -0.061905 -0.381241 0.400876 -3.625749 -5.055639 0.426777 -0.249077 1.520317 1.279365 -0.437998 0.153089 0.650992 0.624813 0.842044 0.142248 2.322999 5.421266 -0.387943 -0.027260 -0.396361 -0.690238 0.226406 0.176857 0.320494 0.125836 0.172523 -0.193484 
0.000000 -34.251157 -8.407922 8.687449 -0.094735 -0.069687 3.361149 -0.806264 -0.813256 -0.670289 -0.216319 0.225569 -0.060160 3.797258 3.411148 -0.075052 -1.135866 -0.134118 0.280036 0.434646 0.343725 0.542564 0.593485 0.659192 0.286237 4.230941 5.856203 -0.722577 -0.229303 -1.608939 -0.780235 0.646512 -0.061808 -0.099791 0.231337 -0.112511 0.347574 
396.388306 -24.901815 -0.453858 7.632975 -2.164462 -2.049580 3.269504 -0.025200 -0.323502 -0.079060 1.125066 0.937143 0.973350 4.836132 6.656768 -1.018377 -0.707684 -1.697561 -0.281105 0.855027 0.029473 0.451410 1.087486 0.617021 0.837397 -3.411918 -0.565449 -0.021863 0.807179 -0.255047 -0.497434 -0.145751 -0.002180 -0.319718 -0.301807 -0.524910 -0.167720 
0.000000 -24.578893 4.905613 6.650694 -1.510103 -3.464809 2.798939 0.903790 -0.754311 0.232531 1.958653 1.459611 1.614633 -3.026578 2.280250 -0.118777 0.478493 -0.644212 -0.714831 0.143144 0.339364 -0.096873 -0.010129 -0.390628 -0.049204 -4.900031 -3.312080 1.026592 0.368287 0.858819 -0.445880 -0.784944 0.225621 -0.379596 -1.193922 -0.983435 -0.786603 
0.000000 -30.954971 4.106641 7.395422 -1.207476 -3.338005 1.839841 0.261088 0.355226 -0.272806 1.104809 0.155886 0.874943 -4.963930 0.032608 1.034806 0.028891 0.020077 -1.172865 -0.714861 0.480715 -0.307782 -1.300358 -1.349848 -0.735809 1.408154 0.542359 -0.418428 0.205445 0.547445 -0.130784 -0.400332 -0.229227 0.251745 -0.409568 -0.080764 -0.122684 
342.637604 -34.506753 4.970829 8.720307 -1.452322 -3.424656 0.453208 -0.525932 0.207118 -0.383032 -0.642062 -1.240086 0.143014 -0.210270 3.364967 -0.955633 0.889382 0.450677 -0.976398 -0.657520 -0.119091 0.406618 -0.829265 -0.552157 -0.294572 3.552919 1.335596 -1.623011 0.902279 0.051908 0.391424 0.228882 -0.220373 0.349842 0.742299 0.897715 0.421962 
292.693634 -31.375511 10.836576 5.484155 0.571289 -2.436650 -0.112955 -1.053953 0.117045 0.540430 -0.553721 -0.948428 0.285799 2.141909 2.703801 -2.211215 1.833449 0.123892 -0.390018 -0.257096 0.039969 0.391902 0.184241 0.445582 0.108115 0.131463 -1.814235 -0.186693 -0.149331 -0.066939 0.928780 0.346077 0.067479 -0.512844 0.430120 0.324925 0.185413 
255.715912 -30.222936 10.378431 4.297877 2.214576 -3.176872 -0.326828 -1.040125 0.287056 0.400771 -0.273580 -0.348922 0.359244 0.052657 -0.263503 -1.329020 0.590720 0.316798 0.881163 0.034633 0.015868 -0.619070 0.030975 0.097693 0.076255 -3.269478 -1.571900 0.677312 -0.790225 0.843014 0.242845 0.171013 -0.252153 -0.347564 -0.009428 -0.293901 -0.091700 
254.257538 -31.270196 10.309570 2.826116 1.752728 -1.803054 1.649370 -0.984686 0.148780 -0.697710 -0.491770 -0.753043 0.438308 -4.397048 -0.439999 -0.856591 0.252998 1.809919 0.095673 0.084929 -0.464337 -0.303226 0.165386 -0.142219 -0.075284 -1.461918 -2.726091 2.087364 -0.775023 -0.125000 -0.157752 0.204269 -0.433134 0.508125 -0.106237 0.108517 -0.158787 
263.225159 -39.017032 9.498432 2.584695 2.720572 0.442967 -0.135483 -0.870267 -0.641618 -0.205682 0.057191 -0.633360 0.208675 -2.871178 -5.715686 2.845708 -0.959326 0.066798 0.565659 0.443171 -0.850401 0.397179 -0.181498 0.314727 -0.241320 4.485932 -1.623575 1.714552 -0.899033 -1.722995 0.449469 0.129101 0.015022 -0.262856 -0.328353 0.289390 -0.044692 
269.945435 -37.012553 -1.121802 8.517533 -0.165924 -1.669458 2.780688 -0.098345 -1.552023 0.096648 -0.854767 -0.123589 -0.044332 4.574815 -3.687150 2.572513 -1.545068 -1.636071 0.994611 0.343130 -0.434293 -0.828938 -0.491321 0.436560 -0.164669 3.563490 4.791449 -1.921310 0.436158 -0.218104 -0.437888 -0.083759 0.251886 -0.646409 0.274877 -0.254335 0.168102 
310.805969 -29.867401 2.124133 7.729722 -0.369565 -2.829175 1.853738 -0.184007 -1.510205 -1.863557 -0.925450 0.239760 -0.120663 4.255802 3.867211 -0.996911 -0.087010 -0.369411 -0.310116 0.275652 -0.346630 -0.895639 0.368256 -0.193944 0.094883 -1.171434 2.515678 -1.806899 0.685085 1.193717 -0.429844 -0.152171 0.279533 0.620669 0.657342 -0.465429 0.192441 
347.246246 -28.500949 6.612620 6.523711 -0.339944 -2.408280 2.160456 0.452959 -2.245284 -1.694629 -0.118255 -0.511476 0.145434 2.231948 1.344207 -1.041285 -0.174898 0.751363 0.134923 0.038788 0.124773 0.412401 0.823363 -0.494297 0.220214 -1.064239 -3.115384 0.088122 0.166681 0.537550 0.226372 -0.394358 0.351570 0.800233 0.436656 0.190751 -0.114881 
365.137268 -25.403506 4.812546 5.647151 -0.719362 -1.326448 2.123584 -0.106431 -1.260659 -1.038755 0.721277 -0.748835 0.319765 2.127323 -2.363556 -0.820668 0.246353 0.705688 0.142627 -0.513065 0.356509 0.704828 1.241568 0.187559 -0.134879 -2.342558 -2.371336 1.153164 0.045737 -0.198370 -0.278472 -0.569581 0.087722 0.179003 -0.465310 0.606893 -0.062564 
373.236298 -24.246304 1.885508 4.882375 0.152761 -0.996903 2.445711 -0.573171 -1.532266 -0.284974 2.364880 -0.136358 -0.124324 -2.453169 -3.398466 1.265043 -0.083424 0.354623 -0.422021 -1.100375 0.300218 0.770408 -0.107256 0.719489 0.095085 -2.178736 -1.310309 0.664954 0.028897 -0.259229 -0.676297 -0.121896 0.204481 -0.382890 -1.275705 0.069064 0.357062 
376.917114 -30.309844 -1.984386 8.177236 -0.886209 -0.617202 1.279542 -2.307181 -0.660224 0.502060 0.506765 0.690142 0.509934 -2.230148 -4.984174 0.509240 0.304147 0.187230 -1.209966 -0.756857 0.765472 -0.060952 -1.309843 0.325686 0.579244 1.423631 -0.058949 -1.434473 0.940757 -0.203604 -0.177778 0.605708 0.120337 -0.346067 0.090514 -0.572450 -0.150862 
373.830597 -28.706600 -8.082840 5.900855 0.761056 -0.622443 0.025778 -2.086884 -0.001322 -0.406879 -0.254805 0.515014 1.034164 0.394094 -3.516363 -1.603904 1.798091 -0.052584 -0.777578 0.111041 0.540891 0.078275 0.073771 -0.425411 -0.206639 0.444546 3.126279 0.184260 1.220416 -0.000767 0.549951 0.603718 -0.555868 0.042027 0.621617 -0.466520 -0.438529 
0.000000 -29.521656 -9.017112 4.969429 2.709973 -0.722371 -0.275613 -2.085099 0.421557 0.658609 0.654308 -0.160679 0.096657 -1.341057 1.268384 0.877760 2.744980 0.185696 -0.110065 0.450578 -0.346263 0.023102 -0.066608 -0.607354 -0.297815 -0.024032 3.935764 1.651035 0.201652 -0.422001 -0.255270 0.074387 -0.760513 -0.426806 -0.500297 0.332627 -0.111204 
0.000000 -31.388714 -5.546071 7.656375 6.251016 -0.251051 -0.194351 -1.185727 -0.693849 -0.360674 -0.388021 -0.699695 0.438535 0.346031 4.355164 1.698167 2.201395 -0.896586 -1.288117 0.259814 -0.980135 -0.775338 -0.926822 0.239842 -0.429047 1.227657 1.405630 -1.068109 -1.426149 -0.501430 -0.172217 -0.595408 -0.293282 -0.390867 -0.011441 0.577652 -0.082797 
328.160583 -28.829595 -0.306784 8.365762 7.112762 -2.515543 -2.851846 -1.565470 -1.538712 -0.892067 -1.199337 0.319005 -0.761438 1.114257 4.079644 -1.258458 -0.107317 -0.817165 -0.454499 -0.740237 -0.932827 -0.758631 -0.089491 0.547950 -0.463408 -0.744187 -0.635295 -2.132265 -2.203728 0.856988 1.258788 -0.447627 0.238680 0.294010 0.492911 -0.350259 0.462330 
313.370453 -29.160200 2.613217 5.139459 6.036381 -1.885381 -1.103349 -2.666202 -2.559503 -1.877936 -0.567002 0.396205 -0.488281 -1.142343 3.084574 -2.566364 -2.206060 0.817389 1.229460 -0.635441 -0.502775 -0.187317 0.059000 -0.460675 0.495613 -1.004323 -1.748459 -0.177293 -0.676174 0.482546 0.456212 0.723274 0.439649 0.714712 -0.071042 -0.665747 0.337263 
309.747650 -31.114280 5.862363 3.233034 2.700642 -0.880764 -0.392927 -2.836352 -2.544263 -1.266701 -1.081337 -0.602345 0.229788 -0.894389 0.582727 -1.613045 -1.459665 0.147926 0.457926 0.706310 -0.053530 0.670793 -0.231575 -0.783543 0.211119 0.641790 -2.223543 0.693047 1.059533 -0.605313 -0.569012 0.787346 0.201633 0.329530 0.030420 0.215458 -0.288435 
306.118164 -30.948978 3.778671 1.913369 3.117050 -1.589529 -0.187497 -1.253582 -2.666562 -0.536350 -1.030152 -1.170882 -0.066043 0.141237 -1.362512 -1.180270 -0.086994 -0.393236 0.091436 0.939251 -0.099510 0.471742 0.119840 -0.029758 -0.081257 0.476487 -0.451696 0.546304 0.582234 -0.093390 -0.234602 -0.279222 0.007584 -0.282113 0.162911 0.519027 -0.072230 
302.628265 -30.831806 3.137339 0.872494 2.526655 -1.667237 -0.210055 -0.957850 -2.743284 -0.323217 -0.841656 -0.661862 0.067274 0.058586 -0.320666 -0.520437 -0.295198 -0.038854 -0.011279 0.147866 -0.038361 0.106567 0.094248 0.254510 0.066659 -0.041326 0.520923 0.329916 -0.104102 0.177191 -0.051357 -0.395693 0.030575 -0.182588 -0.012796 0.142134 0.073958 
