0.000000 -7.983214 0.412746 -2.567972 2.533789 -1.584863 2.848558 -1.285992 0.816557 -0.004190 -0.456070 1.003428 0.415042 0.214454 -1.170686 -0.811706 -0.955340 -0.270960 -1.525318 -0.671452 0.128071 0.480872 0.119409 -0.129754 0.298374 -1.135512 0.205546 0.226403 0.447790 -0.053152 -0.448422 0.176418 -0.080570 -0.060661 -0.227483 -0.244176 -0.241344 
0.000000 -7.554305 -1.928626 -4.191384 0.623110 -2.126783 -0.202078 -2.628896 1.072699 0.957555 -0.217252 0.743920 1.011789 -2.056570 -0.759595 -0.358901 -0.059760 -0.377265 -2.422163 -0.318616 -0.033070 0.359551 -0.335557 -0.618105 -0.184315 -1.494884 0.679347 0.628090 1.617078 0.182424 -0.049204 0.421041 -0.273675 -0.442289 -0.661439 -0.162456 -0.424188 
388.733032 -12.096354 -1.106444 -3.285774 2.414269 -2.339392 -1.995768 -1.923224 0.750417 0.714912 -1.127184 -0.232782 0.046413 -2.775313 0.188008 0.444474 2.278816 0.093888 -1.623726 0.170630 -0.419280 -0.403706 -1.203468 -0.454666 -0.550002 -0.055367 0.547529 0.379734 0.862348 0.614844 0.459529 0.354667 -0.394956 -0.300260 -0.332227 0.354823 0.142970 
322.883423 -13.104930 -1.552611 -3.302435 5.180741 -1.939006 -3.449530 -2.287636 0.234140 0.150143 -2.624189 -0.165412 -0.088214 -2.167305 0.335464 0.400567 1.664936 0.852424 -1.503104 0.390717 -0.822982 -0.240969 -1.000012 0.091542 0.101626 0.325223 -0.445528 0.376948 -0.852100 0.311640 0.625725 0.287710 -0.218796 0.273783 0.460121 0.441084 0.459141 
321.202820 -16.430964 -0.435516 -2.484640 5.744140 -0.634545 -5.001977 -1.141790 -0.895546 0.232973 -3.127207 -0.049699 0.249664 -2.124866 -0.703049 1.198371 0.574615 0.717169 -0.372275 0.746049 -0.856871 0.143860 -0.283227 0.427503 0.368281 0.855088 -0.939427 -0.204940 -0.571903 -0.121838 1.044906 0.111568 0.654729 0.405605 0.735649 0.255218 0.205558 
317.952362 -17.354663 -2.958708 -0.905693 6.329971 -0.504669 -4.194080 -0.795538 -1.479602 0.437862 -3.190643 0.689595 0.648349 -0.457129 -1.543390 -0.009314 0.521131 0.608747 0.586707 0.613853 0.486476 0.570241 0.471286 0.601977 0.512742 0.132774 -0.285374 -0.723801 -0.813737 0.700948 0.347548 -0.544830 1.020231 0.070490 0.975323 -0.516079 -0.262814 
318.452240 -17.345223 -3.522297 -2.503267 6.786402 0.582950 -3.828563 0.085917 0.077406 1.373454 -2.184636 1.154255 1.275148 -1.859318 -1.273797 -0.249232 -1.052859 2.119064 0.322821 -0.343611 1.183591 0.284839 1.667420 -0.604654 -0.157347 -4.678958 0.518980 0.681422 -1.001643 0.379046 0.198078 -0.653876 -0.223229 -0.580797 0.210780 -0.765259 -0.629320 
320.485870 -21.073299 -5.506302 -1.404157 4.224253 3.733459 -3.548439 -1.482759 0.887579 1.007540 0.144196 -0.519712 0.333656 -9.815045 -0.505429 1.353530 -1.482155 1.366839 0.982863 -0.693899 0.040019 -0.591352 0.892846 -0.928541 -0.745898 -0.691683 -2.559259 0.419127 0.271682 -1.441733 0.861377 0.320815 -1.186048 -0.134238 -1.185643 0.180067 -0.027539 
291.100281 -36.975312 -4.533155 0.203792 3.822091 3.316628 -1.862837 -1.301880 0.157444 0.190749 -0.398943 -0.702826 -0.216647 -3.242683 -6.392315 0.589023 -0.509495 -0.764402 2.045574 0.298019 -1.188505 0.016362 -0.703866 -0.244520 -0.212424 11.460649 -1.396571 -0.896904 -0.060685 -1.322492 -0.303714 0.701257 -0.140890 0.487662 -0.610063 0.638468 0.538918 
262.243164 -27.558666 -18.290931 -0.226111 3.205263 2.204655 0.542710 -0.886720 -1.489430 1.040263 -1.263535 -1.008752 -0.091193 13.106254 -3.298572 -0.440279 -1.603525 -1.278145 0.375435 0.708614 -0.241762 0.383971 -0.327281 0.348395 0.331939 5.809955 8.237228 -0.189773 -0.967825 -0.972901 -1.036566 0.119765 1.012445 -0.321470 0.259201 0.350675 0.282001 
0.000000 -10.762804 -11.130299 -0.676766 0.615042 0.760337 -1.111966 0.115348 -0.326080 0.958690 -1.053505 -0.006036 0.447231 8.377226 10.082142 0.209477 -2.445145 -2.710203 -0.027558 0.537549 0.836385 -0.626578 -0.185464 0.456831 0.351577 -7.633480 5.859888 0.211165 0.837377 -0.871028 -0.300323 -0.485489 0.247364 -0.851387 0.383148 -0.438822 -0.387121 
340.501434 -10.804214 1.873352 0.192844 -1.685027 -3.215751 0.487594 0.188378 0.183340 -0.212893 -1.634464 -0.095090 0.611962 -2.160706 8.421204 -0.017949 0.071229 -3.020202 -0.225210 -0.262365 0.252966 -1.318804 0.439015 -0.529250 -0.442303 -4.816210 -4.825084 -0.788796 1.737446 0.141609 -0.370305 -0.282757 -0.173960 0.232577 0.618782 -0.519615 -0.237554 
342.069794 -15.084216 5.712108 -0.712664 0.757500 -5.280066 -1.562386 -0.409381 0.179852 -1.678918 -0.175474 -1.064536 -0.437376 -1.255194 0.431973 -1.368114 1.029748 -2.426986 -0.768169 -0.027965 0.488465 -0.161424 1.052100 -0.582399 -0.123531 1.701262 -5.584357 -0.635895 -0.615568 0.952111 0.225660 0.630473 -0.140097 1.341356 -0.135368 0.363474 0.440614 
341.084534 -13.314603 2.737298 -2.543384 0.374468 -8.069722 -1.048744 0.132449 1.160269 -0.535741 0.469737 -1.259888 0.364899 1.241818 -2.747510 -1.289739 -1.159908 -1.115979 0.226110 0.998582 -0.027228 1.363909 0.168279 0.197699 0.438924 0.763980 -0.938736 0.350557 -1.074295 1.464011 0.412543 0.392457 -0.495769 0.656926 -0.736353 0.504616 0.148079 
340.556396 -12.600579 0.217088 -3.292143 -1.562315 -7.512024 -1.110166 1.587783 0.125396 1.048900 0.161083 -0.669138 0.440472 0.272766 -1.445499 -0.667000 -1.118842 0.501037 0.056917 0.756949 -0.503072 1.152428 -0.420606 0.426833 0.172626 -0.933608 1.303672 0.420548 0.526024 0.583576 0.140471 -0.490003 0.268718 -0.391030 -0.135436 0.042684 0.015201 
346.369537 -12.769071 -0.153699 -3.877385 -1.863216 -7.067648 -0.934910 1.646348 0.154124 1.769116 -0.371476 -0.406222 0.710151 -0.625398 -0.140165 -0.448643 -0.107860 0.051172 0.507051 0.018576 0.510207 0.581849 -0.102593 0.283066 0.469326 -0.586945 0.936281 0.059573 0.608195 -0.412366 0.443812 -0.586019 0.670346 -0.419088 0.317435 -0.104185 0.098351 
353.465271 -13.851374 -0.063243 -4.189430 -1.778036 -7.409680 -0.096064 1.624936 1.145810 2.212598 -0.044103 -0.103005 1.379124 -0.901124 0.427064 -0.547855 0.097548 -0.323695 0.944540 -0.415089 0.837619 0.314253 0.214264 0.218463 0.369329 -0.088282 0.454063 0.194348 0.085801 -0.131772 0.023585 -0.172364 -0.202300 -0.322453 0.035053 -0.098038 -0.305804 
359.846252 -14.571319 0.700428 -4.973095 -1.668120 -7.715037 0.954170 0.816170 1.829363 2.397621 0.057052 0.030703 1.448809 -0.801962 0.767960 -0.059948 0.063741 -0.212372 0.554221 -0.326151 0.105607 -0.063057 -0.032488 0.086991 -0.142282 -0.034560 0.108449 0.424782 -0.162898 0.055627 -0.533950 0.502556 -0.513478 -0.435863 -0.330342 -0.071717 -0.138039 
360.542145 -15.455297 1.472678 -4.309326 -1.650553 -7.834423 1.012378 0.972634 1.357025 2.086484 -0.109079 0.070976 1.094560 -0.970243 0.643962 0.301710 -0.228247 -0.212441 -0.123359 0.590024 -0.189337 -0.557474 -0.446421 0.075029 0.093251 0.069593 -0.247278 0.088066 -0.463734 0.299890 -0.363803 0.248971 -0.209345 -0.227691 -0.202973 -0.269966 0.261289 
353.430725 -16.511805 1.988353 -4.369676 -2.124615 -8.139920 0.707452 1.996217 1.450689 1.282673 -0.835790 0.180761 1.635310 -0.662776 0.273405 0.116185 -0.863726 0.387408 -0.173384 0.171790 -0.313082 -0.518439 -0.438435 -0.452942 0.380296 0.265650 -0.478589 0.884752 -0.560652 0.223708 0.032359 -0.809628 -0.737961 0.092437 0.317484 -0.347475 -0.106513 
341.865845 -16.780849 2.019487 -4.076957 -3.378005 -7.059606 0.665610 1.316214 0.730861 1.049607 -0.985949 -0.834909 1.855153 -0.438943 -0.313216 2.071214 -1.349551 0.234974 -0.058641 -1.029233 -1.665259 -0.372599 0.188547 -0.619920 -0.119776 0.009510 -0.474843 1.190442 0.394036 -0.500437 0.237606 -0.000813 -0.347343 0.277043 0.440725 0.253369 -0.229998 
320.955597 -17.389691 1.361922 -0.227248 -4.823716 -7.669972 0.590170 -0.062248 -1.879829 0.537475 -0.458695 -1.059080 1.395758 -0.643756 -0.676281 2.497069 -0.075654 -0.613465 0.301827 0.170163 -1.007768 0.035647 0.443015 0.053795 -0.079699 -0.337446 0.171071 -0.996260 1.474958 -0.256497 0.064413 0.809551 1.328887 0.361015 -0.127936 0.445207 0.229136 
282.955353 -18.068361 0.666925 0.917182 -3.529314 -8.286536 1.269263 1.656541 -1.284676 1.120902 -0.099919 -0.727319 1.695755 -1.113834 0.028926 0.078694 1.600365 -0.278020 0.070184 0.589870 0.992516 0.349431 -0.067324 0.270494 0.338497 -0.340352 0.938524 -1.450417 0.498550 0.342060 -0.449076 -0.241387 0.733671 -0.032557 -0.602117 0.010300 0.121305 
0.000000 -19.617358 1.419774 -0.069861 -1.622985 -8.226011 0.730539 1.117492 0.105203 1.236338 -0.593344 -0.518092 2.072752 -1.324461 1.200767 -0.403764 0.921445 0.070654 -0.596325 -0.312610 0.459575 -0.029467 -0.761218 0.074394 0.162911 -0.791465 0.363162 0.195373 -0.824033 0.279473 -0.117602 -0.085458 -0.679044 -0.178778 -0.130757 -0.249920 -0.381494 
0.000000 -20.717282 3.068458 0.109653 -1.686424 -8.145227 0.076614 1.031321 -0.365527 1.061968 -1.622356 -0.578531 2.021577 -2.696763 0.755251 0.469440 -0.047700 0.280927 -0.165020 0.418953 -0.365572 -0.008125 -0.328837 -0.229346 -0.424491 -0.753119 -0.623835 0.049615 -0.172587 0.053992 0.410661 0.669506 -0.446528 0.030521 0.504277 -0.027934 -0.281417 
209.237152 -25.010884 2.930275 0.869018 -1.718385 -7.664157 0.400500 1.955399 -0.625941 1.220088 -1.251019 -0.976785 1.223771 -2.830698 -0.046904 -0.304535 0.576271 0.178639 0.224998 1.026402 -0.433482 0.031575 0.247335 0.018526 -0.399923 0.690779 -0.512247 -0.863878 -0.024724 -0.153894 0.533368 -0.158161 -0.321679 -0.314176 0.739974 0.282752 0.248983 
200.986923 -26.378678 2.974651 -0.499417 -0.533883 -7.787950 0.526609 3.084125 -1.232491 1.125118 -1.127685 -0.541479 1.221732 -1.315204 -0.269243 -1.258316 -0.097148 -0.026861 0.901717 0.102632 -1.008930 -0.636477 1.151111 0.336157 0.073475 -0.554951 0.202264 -0.280007 -0.296221 0.714163 0.585841 -0.817834 -0.469493 -0.195395 0.786176 -0.079164 -0.174646 
190.495468 -27.641293 2.391788 -1.647614 -1.912681 -7.717879 2.203934 2.160664 -2.643801 -0.052865 1.051203 -0.304471 1.370721 -3.940601 0.357623 -0.864548 -0.016171 1.606966 1.396680 -0.609266 -1.372467 -0.359215 1.819686 -0.139801 -0.749214 -1.779097 -0.316218 1.727022 2.082277 2.439152 0.063911 -0.720829 0.626346 0.291089 -0.802137 0.060166 -0.773767 
101.110069 -34.259879 3.689897 -2.228512 -0.566225 -4.574018 3.319968 1.865593 -3.977425 0.406688 2.511687 -0.821082 -0.276697 -4.873399 -0.901679 2.195728 4.067406 4.851442 1.029539 -1.339026 0.243762 -0.054298 -0.453163 0.456489 -1.474058 5.727895 -2.609493 1.249510 2.518544 0.907308 -1.820984 -0.500050 1.761805 0.353294 -1.895248 0.058218 0.459204 
232.669586 -37.388090 0.588431 2.743842 6.222130 1.985006 4.263011 -0.517388 -2.156277 -0.161462 0.144877 0.608507 -1.577394 7.515189 -4.861363 1.634473 5.020918 3.421582 -2.245288 -1.609367 2.151143 0.347374 -1.970810 -0.023365 0.169194 6.313281 -0.192473 -2.185465 -1.971888 -2.532154 -1.474023 1.019691 0.685072 0.103608 -0.320561 -0.587952 1.101387 
260.909515 -19.229502 -6.032829 1.040434 9.475610 2.269145 -1.170607 -1.353141 0.324862 1.101436 -1.429932 -0.867811 0.061692 7.753164 -1.286625 -2.175201 0.123630 -0.212866 -1.918506 0.700356 1.613906 0.152917 -1.094284 -0.719415 0.728717 -4.821922 3.927396 -1.046665 -3.894609 -2.394628 1.658516 1.657195 -0.995348 -0.714242 0.784707 0.308295 -0.382557 
261.048065 -21.881762 -1.984818 -1.606560 6.469389 1.559274 0.425999 0.883324 1.071535 0.144373 -2.043692 -0.830322 -0.119960 -2.128656 2.993429 -0.458857 -2.768301 -1.367674 1.071744 1.705022 0.160448 -1.081109 -0.401395 0.593226 -0.595920 -1.170828 1.094517 1.224907 -0.863811 -0.735760 0.430844 -0.892839 -1.147367 -0.279900 0.661401 0.427057 -0.437410 
272.706512 -23.486814 -0.045971 0.122720 3.939008 -0.466203 0.972881 2.056904 0.645757 -1.060782 -2.232722 0.318641 -1.130147 5.411508 0.902409 0.274614 -1.603993 -1.684385 -1.056819 -1.085322 -0.680827 -0.406883 0.228517 0.134700 -0.146102 4.356111 -1.605568 -0.454955 1.187557 0.331660 -1.367918 -2.019099 -0.220092 0.640216 0.340973 -0.557395 0.471332 
295.572723 -11.058746 -0.180000 -1.057332 3.261404 -1.809497 -1.687639 -1.287320 -0.290120 -0.669394 -1.586658 -0.560922 -0.412164 6.583565 -0.217707 -1.368766 -0.393186 -0.704354 -1.664093 -2.333176 -0.279737 0.199324 0.280552 -0.521564 0.346744 -3.454760 -0.717862 -0.291773 1.003395 0.840907 0.685835 0.476013 0.945273 0.343915 0.163817 -0.077842 0.413498 
322.463684 -10.319684 -0.481385 -2.614812 3.152636 -1.874911 -2.355304 -2.609448 0.086283 -0.662135 -1.671619 -0.724486 -0.436659 -1.498011 -0.533314 -0.308931 0.402797 -0.002571 0.314851 -0.133297 1.209718 0.280948 0.556151 -0.020983 0.680894 -6.681878 -1.777464 1.661390 0.495847 0.967975 1.207939 1.888489 0.195613 -0.039545 0.047104 0.415133 0.038255 
351.807220 -14.054769 -1.246628 -1.675195 4.066997 -1.814639 -1.057937 -1.553914 2.129316 -0.107498 -0.474356 -0.602888 0.949624 -6.780192 -3.772634 1.954014 0.598507 1.231595 0.751785 1.443802 0.111489 0.120234 0.374761 0.308703 0.423253 -1.313585 -2.805779 0.327260 0.080711 0.345686 -0.285979 0.238721 -1.536155 -0.535300 -0.633077 0.047426 -0.668562 
396.023132 -23.880067 -8.026653 1.293215 4.349650 0.588280 -0.851734 0.278157 0.309262 -0.421666 -0.922098 -0.107080 0.409848 -4.125181 -6.144873 0.345588 0.564218 0.688801 -0.257107 0.344144 -1.862591 -0.789653 -0.710004 0.073868 -0.656231 4.404794 1.241077 -1.009777 0.418219 -0.568735 -0.412304 -0.539200 0.210112 0.151472 -0.201217 -0.069762 -0.533351 
0.000000 -22.305130 -13.536374 -0.984020 5.195434 -0.437037 -1.572151 -0.865625 -1.595866 -1.686805 -1.894363 -0.455152 -0.362837 2.029396 -1.290480 -0.065540 1.434946 0.094126 -0.072823 0.365403 0.531714 0.423179 -0.027672 0.169179 -0.643448 4.904138 5.794494 0.141330 -0.211071 -0.068688 0.329789 0.285484 1.760036 1.215399 0.539558 0.242444 0.332041 
0.000000 -19.821275 -10.607613 1.162136 7.219542 0.776531 -0.997379 1.008962 1.372689 0.424692 -0.977443 0.231278 -0.877048 5.683096 5.444115 0.628247 0.142077 0.551425 0.402471 0.915112 1.657480 1.641144 0.369112 0.558755 0.007852 0.736337 3.042089 -0.895494 -1.398287 0.293346 0.499428 -0.403556 -0.409707 0.330412 0.161167 -0.123649 0.644987 
0.000000 -10.938938 -2.648144 0.272474 5.479587 0.665814 -0.767208 0.964599 1.719095 1.595484 -1.156139 0.662359 -0.347133 3.502071 4.793698 -1.856528 -1.361628 0.680818 0.926033 -0.441710 -0.287701 1.084004 0.294661 -0.078120 0.646526 -4.609807 -1.520154 -0.855869 -0.400404 -0.135097 1.233824 -0.925899 -0.921411 -1.179262 -0.074036 0.336812 -0.489498 
0.000000 -12.817134 -1.020217 -2.550921 4.496285 2.138168 0.854687 0.125543 0.797287 2.592700 -0.388121 0.075039 0.416004 -3.536519 2.403806 -1.083491 -0.658731 0.281231 2.870119 -0.936685 -0.185342 -0.717380 0.221041 1.232379 -0.971144 -3.488374 -1.374916 1.665265 0.400858 -0.473745 0.461100 -0.016020 0.281147 -1.189565 -0.094897 0.610481 -0.929253 
0.000000 -18.011975 2.159468 -1.894508 4.162125 1.228276 4.973030 -0.908772 1.348410 0.160724 -0.714057 3.127118 -2.289421 -3.474677 2.043867 1.474002 -0.559912 -0.266671 1.848233 -0.473750 0.274592 -1.295127 0.104868 1.142842 -1.211981 3.541355 -1.307915 0.905771 -0.407014 -1.075275 -2.165379 1.034827 -0.081636 0.314261 0.146273 -1.137809 1.148581 
0.000000 -19.766488 3.067517 0.397083 3.376461 1.604826 4.551153 -0.821957 1.346472 0.002446 -0.178385 2.360723 -2.007958 3.546192 -0.212024 0.728051 -1.472758 -1.869319 -1.460639 1.132969 -0.348615 -0.088857 0.513588 -1.043239 1.326019 3.448842 -0.843363 -0.929732 -0.965674 -1.683893 -1.825114 0.085942 -0.341970 0.714639 -0.118290 -0.982873 1.250835 
0.000000 -10.919592 1.735420 -0.438407 1.216609 -2.510362 2.051752 1.357165 0.651180 -0.016991 0.313118 1.040639 0.362616 3.423007 0.357140 -0.385462 -2.491261 -3.634457 -1.801996 -0.301866 -0.409349 0.134152 -0.131712 -0.822905 1.289690 -3.123823 0.396612 0.331479 0.115328 -0.370266 -0.046683 -1.220507 -0.222969 0.043842 -0.246552 0.057094 -0.654603 
0.000000 -12.920474 3.781797 -0.373841 -1.606061 -5.664088 0.947161 -1.425689 0.527775 0.270751 -0.441810 0.714912 0.571422 -2.701454 0.581201 1.391010 -1.242103 -2.609852 -1.554004 -1.308045 -0.794552 -0.001172 0.020484 -0.929051 0.016812 -3.893834 -0.496122 1.491371 2.032275 1.664491 0.096414 -0.178683 -0.399138 -0.245674 0.199184 0.399268 -0.059393 
0.000000 -16.322500 2.897821 2.343613 -1.267597 -7.730066 -1.056257 -1.258924 -0.937924 -0.019335 0.354086 -0.817463 0.396241 -4.364661 -0.635104 2.597281 1.573289 -0.305476 -1.609167 -0.659232 -1.207625 -0.357196 0.266655 -0.024370 1.170904 0.149608 -0.469333 -0.646461 1.904122 2.004505 0.752963 0.186698 0.337768 -0.066592 -0.129554 0.935157 0.658529 
0.000000 -21.649797 2.511589 4.820721 1.540518 -6.275039 -2.271173 -2.744153 -1.887476 -0.443640 0.091500 0.666173 2.913230 -2.402239 -0.357465 0.098088 2.566141 1.399158 -0.048078 -0.934649 -0.119015 -0.134356 -0.238623 0.941263 1.333870 2.217102 -0.410107 -2.793867 -0.369130 0.681492 1.470015 0.384766 1.311646 0.108433 -0.390079 0.037727 -0.896381 
0.000000 -21.126977 2.182891 2.539789 3.864684 -4.931750 -1.152414 -3.128222 -1.175955 -0.288048 -0.123161 1.065064 3.063981 0.069543 -1.455318 -2.990454 0.835029 1.057509 1.330862 0.110300 1.415667 -0.140329 -0.513502 0.051085 -0.621859 1.157770 -0.863629 -1.449742 -1.944532 -0.874531 0.267866 0.895365 0.711706 -0.019407 -0.154469 -0.419003 -1.112520 
276.149597 -21.510710 -0.399047 -1.160187 3.210576 -4.160022 0.390551 -2.523554 0.943859 -0.724299 -0.935504 0.768342 1.669513 -0.086699 -2.084723 -2.801395 -1.322923 -0.349904 0.487654 0.856080 1.304397 -0.173169 -0.547562 0.103256 -0.891171 2.034408 1.089731 1.564781 -1.193465 -0.849384 -0.840464 0.389964 -0.679812 0.037398 0.754386 -0.179944 0.162058 
282.626373 -21.300376 -1.986554 -3.063002 1.218837 -5.631558 -0.177105 -1.416061 1.432839 -0.634387 -1.218284 1.271577 1.281640 4.138358 0.724145 0.139108 -1.551901 -0.641259 -0.350065 0.890228 0.056044 -0.065534 0.995270 -0.308804 -0.297742 2.692329 1.560805 1.505986 -0.230024 0.031371 0.208500 0.018255 -0.795014 0.138792 1.036214 -0.495050 0.424217 
300.430725 -13.233994 1.049244 -0.881971 0.106773 -5.442541 -0.309578 -0.743097 1.055946 -0.855366 1.055035 0.150734 1.074029 5.297958 1.036888 0.210577 -1.782971 -0.287162 0.904654 0.892589 -0.285631 0.104414 1.524865 -0.886843 -0.042737 -1.161623 -0.723275 -1.176957 0.334866 0.095675 0.775650 -0.140620 -0.084395 0.369588 -0.306121 -0.089200 0.218389 
331.308258 -10.704460 0.087222 -2.641848 -2.347105 -6.205882 1.632202 0.369118 0.861577 -0.425558 1.831446 -0.502109 1.196166 1.815113 -0.722404 -2.214807 -0.882170 -0.449909 1.201236 0.608988 -0.112746 0.673643 0.383028 -0.487205 0.139037 -2.751716 -0.622200 -1.124180 0.980547 0.068082 -0.297750 -0.298996 0.099285 0.264012 -0.731080 0.487235 -0.068309 
350.301605 -9.603767 -0.395564 -5.311585 -1.657566 -6.342358 2.092893 0.474879 0.830454 0.491920 1.821092 -0.823676 1.352104 -0.205474 -0.207512 -2.037782 0.178123 -0.150998 0.309153 0.294598 -0.087062 0.632439 0.062705 0.087627 -0.179355 -1.732254 0.293250 0.331889 0.265825 0.129316 -0.784522 -0.149847 0.127010 -0.110351 -0.107202 0.634060 -0.067898 
363.636322 -11.115407 -0.327802 -6.717413 -1.990859 -6.507879 2.250508 0.958314 0.687452 0.839320 1.956857 -0.326855 0.837455 -1.649395 -0.135905 -1.551028 -0.350520 -0.191277 -0.367808 0.309294 0.141274 0.452942 0.168625 0.780914 0.003241 -0.580137 -0.123215 0.575296 -0.074217 0.180415 -0.118523 -0.035145 0.254945 -0.456884 -0.001836 0.064930 0.274221 
381.846680 -12.902558 -0.667373 -8.413640 -2.358607 -6.724911 1.357278 1.093468 1.113003 1.397803 2.158342 0.738153 1.358587 -1.365749 -0.453941 -0.887190 0.029690 0.209832 0.072107 0.224308 0.422828 -0.281330 0.059034 0.217487 0.369086 0.102128 0.169351 1.122232 0.373221 0.383127 0.403662 0.016796 -0.202074 -0.635005 -0.184066 -0.335224 0.102707 
393.819611 -13.846904 -1.235685 -8.491794 -1.931479 -6.088214 2.394722 1.406929 1.533108 0.276661 2.074924 0.108120 1.575627 -1.445139 0.202798 0.693437 0.395921 0.574978 0.439515 0.342886 -0.262874 -0.817069 -0.199507 0.110466 0.208656 -0.906636 1.393625 1.823699 0.370487 0.136664 -0.338453 -0.316584 -0.816978 0.173636 -0.211008 0.027896 -0.120193 
0.000000 -15.792836 -0.261777 -7.026767 -1.566765 -5.574955 2.236308 1.779240 0.587254 -0.236334 1.759328 0.959085 1.775899 -3.179020 2.333308 2.760208 0.770664 0.483159 -0.604799 -0.408860 -1.211128 0.065942 -0.362982 0.273279 0.128701 -3.750262 0.695200 1.524361 0.226692 -0.397872 -0.625804 -0.362039 -0.300521 0.761237 -0.134610 -0.249216 -0.039318 
0.000000 -20.204944 3.430931 -2.971377 -0.390152 -5.121896 1.185124 0.589209 -0.889148 0.408545 1.348960 0.654677 1.833028 -8.945663 1.593197 3.742159 0.849306 -0.220765 -0.812092 -0.381192 -0.863916 0.705406 -0.468727 -0.387967 0.130020 -7.981512 -1.655819 -0.504950 -0.965964 -0.568126 -0.509948 0.299285 0.385431 0.126454 0.321375 -0.303277 0.122189 
0.000000 -33.684162 2.924618 0.457551 0.131847 -6.016485 0.612124 1.016857 -1.140578 1.174478 0.821874 0.183151 2.035939 -19.142044 -0.978330 1.750308 -1.161264 -0.653092 -1.624694 0.189709 -0.440267 0.318850 0.279767 -0.333275 0.373079 -1.722917 -2.566201 -3.399630 -1.224869 0.152222 0.228312 0.614793 0.095349 -0.732603 0.351326 0.188651 -0.292351 
0.000000 -58.489032 1.474271 0.529240 -2.712681 -6.428080 -2.064264 0.968627 -1.769682 1.046246 1.908493 -0.011873 2.579185 -12.391497 -3.539205 -3.057100 -1.600431 0.083680 -0.355468 0.848394 -0.673219 -0.759799 0.233925 -0.010665 -0.454683 9.576491 -0.917851 -2.421626 0.491548 0.471284 1.303710 0.341400 0.040800 -0.507267 -0.294576 0.210061 -0.549692 
0.000000 -58.467156 -4.153792 -5.656648 -3.069016 -5.849126 -0.098812 2.713644 -2.487015 -0.345121 1.289723 0.161821 1.126574 0.010938 -2.814032 -3.092944 -0.178167 0.289477 0.982726 0.872509 -0.358667 -0.695684 -0.309385 0.086847 -0.726306 6.201217 0.362587 -0.017922 0.711132 0.102899 0.669097 0.012057 0.157276 0.032058 -0.271655 0.048756 -0.135812 
