290.064850 -38.162951 -4.427864 -1.254023 -0.408660 2.291387 -0.439344 0.817501 -0.405921 -0.632632 0.538822 -1.131801 -0.479614 1.324510 -0.765310 -0.572485 -0.100124 0.356125 0.605845 0.077158 0.156063 0.188956 0.025511 0.155051 0.011610 2.200835 2.814188 0.757949 -0.064651 -0.518125 0.119325 0.071549 0.610283 -0.060779 -0.534217 -0.040703 -0.102907 
308.081940 -35.513930 -5.958484 -2.398993 -0.608909 3.003637 0.772345 0.971817 -0.093795 -0.254720 0.589844 -0.821699 -0.456393 5.726181 4.863066 0.943412 -0.229426 -0.680126 0.844495 0.220256 1.376628 0.067398 -1.042923 0.073645 -0.194203 3.324880 3.523178 0.911545 0.086610 -0.469643 0.335167 -0.170189 0.186537 -0.544746 -0.447050 -0.013710 -0.080130 
280.230927 -26.710589 5.298267 0.632802 -0.867513 0.931136 1.249646 1.258013 2.347336 -0.497836 -1.547024 -0.984510 -0.868019 7.974270 6.281047 1.250606 0.073096 -0.583162 1.276179 -0.263220 0.529136 -0.900537 -0.868588 0.127631 -0.148649 -1.520384 -2.224805 -0.753162 -0.035549 0.465075 -0.259820 -0.409218 -1.582176 -0.567194 0.760780 0.357610 0.273341 
273.782196 -19.565391 6.603610 0.102218 -0.462716 1.837313 3.324703 0.445376 0.964477 -2.055793 -1.147333 -0.566438 -0.753690 2.685414 0.413455 -0.562912 -0.300525 0.250025 0.324855 -0.598181 -1.787723 -1.066989 0.478638 0.788865 0.352479 -5.932524 -3.602454 -0.288761 -0.216223 0.104148 -1.163170 -0.221970 -0.982802 0.593196 0.427266 0.171552 -0.004464 
0.000000 -21.339762 6.125178 -0.493022 -1.468562 1.431186 1.899357 0.061650 -1.228109 -2.631814 -0.589749 0.593220 -0.163061 -3.890778 -0.923860 0.673083 -0.359349 -0.374866 -1.050161 -0.707161 -1.436467 0.285856 -0.014057 0.470734 -0.157577 -6.504985 -2.130129 1.360950 0.850944 0.174516 -0.408231 0.359418 0.699338 1.044694 -0.437644 -0.599439 -0.327098 
0.000000 -27.346947 4.755890 1.448384 -1.181413 1.087580 1.224380 -0.968946 -1.908457 -1.484082 -1.175448 0.375031 -1.068845 -10.324557 -3.846802 2.158987 1.401362 0.599056 -0.491606 0.120655 -0.389046 1.022398 -0.396650 -0.410012 -0.301717 -2.218683 -2.243180 -0.605998 0.609551 1.240262 0.754146 0.635605 0.526635 0.127371 0.116720 -0.415300 0.188007 
0.000000 -41.988876 -1.568426 3.824953 1.334163 2.629298 0.916144 0.302959 -2.006202 -0.587018 -1.383050 -0.226805 -0.766496 -8.328143 -5.410219 -0.538912 0.859754 2.105657 0.458130 0.564049 -0.383198 0.540598 0.219383 -0.359867 0.218437 4.696819 -0.044748 -3.444742 -1.919432 -0.061610 0.311652 -0.351810 0.208071 -0.475166 0.142216 0.007908 0.028373 
0.000000 -44.003234 -6.064548 0.370559 0.538096 5.298894 2.140640 0.159152 -2.674852 -0.402886 -0.736681 -0.344702 -0.631970 -0.930919 -3.936298 -4.730496 -2.437502 0.475837 0.131697 -0.582966 0.027096 0.072065 -0.112218 -0.394196 -0.244972 6.279118 4.454809 0.049273 -0.032391 -1.055627 -0.688215 -0.378983 0.765253 -0.215984 -0.291359 0.414875 -0.178057 
0.000000 -43.850713 -9.441021 -5.636039 -3.540841 3.580972 1.179539 -0.862972 -1.952010 -0.442887 -1.607486 -1.015198 -1.256440 4.230093 3.499398 -0.440366 0.794971 -0.005596 -0.918301 -0.193918 1.147309 0.108631 -0.363336 0.469884 -0.137677 5.806149 5.314216 3.284365 3.058155 -0.090935 -0.120063 0.297347 0.666364 0.178832 0.036625 0.448349 0.039666 
0.000000 -35.543049 0.934248 -0.510172 2.128039 5.287702 0.304038 -0.228685 -0.380234 -0.185624 -1.463352 0.595065 -0.907324 10.681380 6.692135 1.838234 3.678808 0.293967 -0.108428 0.011728 1.359824 0.429729 -0.038968 0.502501 -0.165640 1.129109 -0.938896 0.140418 -0.514427 -0.413185 0.636929 0.253740 -0.339560 -0.048868 0.188289 -0.308851 -0.186429 
264.383636 -22.487954 3.943249 -1.959572 3.816775 4.168906 0.962683 -0.839515 0.767638 0.416571 -1.685422 -0.010195 -1.587719 6.488310 1.621606 -0.159529 -0.233882 -0.831965 0.355558 0.313561 0.468189 0.010895 0.013242 -0.147819 -0.510535 -5.777221 -4.357069 -0.215952 -2.766742 -0.547439 -0.165349 0.487183 -0.958820 -0.646921 0.136438 -0.270150 0.229057 
273.230621 -22.566428 4.177459 -0.829231 1.660275 3.623771 1.015154 0.398437 0.556144 -0.163835 -1.436868 0.299426 -1.928395 -0.873063 -2.022003 1.406329 -1.854675 -0.800911 -0.439126 0.986094 -0.557817 -0.864112 0.233908 -0.037798 0.292475 -3.524393 -2.152605 0.988379 -0.297822 -0.242129 -0.903020 -0.084165 -0.557355 -0.050069 0.091490 0.271785 0.641942 
284.110077 -24.234080 -0.100758 0.853086 0.107426 2.567085 0.084431 1.132672 -0.347995 -1.311654 -1.217605 -0.085791 -1.002768 -0.560475 -2.683605 1.817228 -0.829525 -1.316223 -1.450482 0.145231 -0.646522 -0.089242 0.196222 0.395750 0.773348 0.296110 1.091246 -0.537320 0.805926 0.100945 0.048462 -0.416447 0.433798 0.794610 -0.084685 0.153981 -0.316669 
0.000000 -23.687378 -1.189751 2.805226 0.001225 0.991326 -1.885810 0.688900 -0.736901 -0.342319 -1.044425 1.090926 -0.381700 -0.280844 0.160488 0.331689 -0.242823 -0.599020 -0.342201 0.153200 0.309779 0.725109 0.064538 0.270164 -0.340863 1.364195 3.365679 -1.759742 0.282275 0.668453 1.415653 -0.019773 0.877783 -0.028928 -0.272966 -0.441654 -0.730208 
277.088135 -24.795768 0.220218 1.516463 -0.378220 1.369045 -0.599971 1.439071 0.271563 0.138563 -1.088528 0.454537 -1.684494 2.167916 4.047754 -1.702256 -0.264975 0.020683 1.380824 0.105686 1.109044 -0.147099 -0.349710 -0.487557 -0.687068 1.755046 1.056151 -0.925988 0.149313 0.855433 0.683478 -0.625035 -0.168460 -0.407936 0.044061 -0.003238 -0.213426 
277.509430 -19.351547 6.905756 -0.599287 -0.528725 1.032693 0.875837 0.900272 1.481188 -0.636517 -1.743845 0.115812 -1.755837 3.229248 2.272790 -1.520286 0.055803 1.111846 1.024755 -1.096871 -0.027142 -0.090764 0.152661 0.263689 -0.767715 -2.225020 -2.828840 0.838198 0.224782 0.788217 -0.576179 -0.372548 -0.832784 0.396890 0.350112 0.544984 0.146288 
284.814697 -18.337271 4.765799 -1.524110 -0.266615 3.592738 1.449539 -0.754670 0.217279 -0.042964 -0.783207 0.981916 -3.219924 -2.282125 -1.609927 -0.025860 0.184588 1.597118 0.228466 -0.639410 -0.556524 0.646681 0.350514 0.602410 -0.394492 -5.597570 -1.202106 1.450557 0.308726 -0.617440 -0.670745 0.711152 0.351617 -0.014332 -0.200273 -0.345844 0.768846 
274.151672 -23.915797 3.685902 -0.651007 -0.159549 4.226929 1.332768 -0.378547 0.368139 0.656845 -1.042818 1.320633 -2.544821 -7.965891 -0.131422 1.380828 0.673255 -0.123033 -0.316735 0.325434 0.676093 -0.119427 -0.247886 -0.427998 0.769978 -2.072121 1.059686 0.265377 0.275013 -1.410432 -0.239017 0.084556 0.669071 -0.785287 -0.082668 -0.743229 0.547645 
261.430664 -34.269053 4.502956 1.237545 1.079895 3.346671 0.816069 -0.103802 1.569465 -0.281819 -1.278978 0.125920 -1.679968 -6.426366 0.509445 0.504894 0.734615 -1.223746 -0.249569 -0.470298 0.781617 -0.923894 0.185178 -0.884048 0.700798 4.012835 -0.917738 -0.712905 -0.612054 -0.401740 -0.049531 -0.148198 -0.258678 -0.237836 0.299495 0.074975 -0.204747 
262.709900 -36.768529 4.704791 0.358780 1.309680 1.779437 0.833630 -1.319143 1.931374 -1.190943 -0.672461 -0.447464 -1.143226 0.059780 -1.966899 -0.044982 -0.550853 -0.926514 -0.415798 0.029038 0.158737 -0.595099 0.351104 -0.278049 0.360483 5.426510 -2.434412 -0.108925 -0.120656 0.353031 -0.450522 0.657611 -0.649476 0.401901 0.113284 0.621178 -0.283022 
261.667694 -34.149494 0.569159 1.147581 -0.021811 1.493643 -0.015527 -0.045727 1.886939 -1.472017 -0.576770 -0.430177 -0.959001 4.426654 -4.359379 0.287044 0.493303 -0.517684 -1.150613 0.844925 -0.517335 -0.120092 0.411747 0.358308 0.134753 1.660255 -1.192902 -0.207312 0.788162 0.278730 -0.010697 -0.141420 -0.266879 0.570121 -0.084981 0.252802 -0.178694 
0.000000 -27.915220 -4.013966 0.932868 2.296286 0.744069 -1.467596 0.370706 0.896703 -1.431127 0.151033 0.269152 -0.873719 3.380290 -4.352702 -0.459606 1.025472 -0.369053 -0.437191 -0.253802 -0.375021 0.545142 0.181142 0.227555 0.003095 -1.434072 1.678142 -0.868970 -0.348980 0.710694 0.909556 -0.904424 0.355629 0.568068 -0.386094 -0.259704 -0.105302 
269.432129 -27.388913 -8.136244 0.228368 2.029133 0.755538 -0.889909 -0.553331 1.136897 -0.381733 -0.214485 0.024932 -0.952811 1.558511 -1.003095 -1.450897 -0.204656 0.903704 0.668498 -0.963924 0.193922 1.016044 -0.360441 -0.161100 -0.075851 -0.017087 4.299255 0.144274 -0.856054 0.756987 0.846693 -0.046518 -0.125696 -0.312520 -0.466166 -0.329387 0.021269 
0.000000 -24.798198 -6.020156 -1.968925 1.886973 2.551477 -0.130599 -1.557142 1.284547 0.600961 -0.569850 -0.053047 -1.025421 3.346116 4.245807 -0.171059 -0.686635 1.144921 1.256196 -0.346838 -0.626412 -0.079897 -0.751190 -0.431219 0.045632 0.531888 2.902836 1.397888 -0.587106 -0.999087 0.053902 0.792018 -0.271621 -0.740666 -0.321523 -0.149242 0.120715 
288.922516 -20.696680 0.355370 -0.113749 0.655863 3.045379 1.622482 -1.247006 -0.115926 -0.541527 -1.716865 -0.837506 -0.861547 2.622287 4.802578 1.344880 -1.378869 -1.094471 0.776302 0.620111 -0.349320 -0.465288 -1.003488 -0.459584 0.165578 -0.445903 -0.998934 0.199544 0.170054 -1.786558 -0.883797 0.455250 0.688456 0.449319 -0.011608 0.166730 0.126658 
293.775330 -19.553625 3.584999 0.720835 -0.870764 0.362535 1.422005 -0.316921 0.585908 -0.329614 -2.576826 -0.972215 -0.694265 2.454310 2.247940 0.228029 -0.346527 -2.428195 -0.511399 0.563663 0.750500 0.818740 -0.774405 -0.097759 0.298948 -1.887833 -1.964971 -0.675367 0.999183 0.015885 -0.672706 -0.061356 0.450557 0.478298 0.157661 0.021578 0.114243 
314.586304 -15.788060 4.851250 0.342309 -0.037191 -1.811012 0.599684 -0.119681 1.385074 1.095952 -3.265675 -1.033024 -0.263652 -1.153379 0.872636 -0.005854 0.619498 -1.062701 -0.569109 0.497399 0.551793 0.491308 -0.688167 -0.416428 0.394064 -4.426043 -1.795186 -0.442530 0.169374 1.702704 0.261313 0.231633 -0.578110 -1.018504 0.455531 0.010512 -0.115044 
316.502686 -21.860383 5.330272 0.709127 0.368232 -1.762867 0.283787 0.677877 1.689495 0.653002 -3.953160 -1.805071 0.093862 -6.397776 -1.342432 -0.657031 -0.007778 0.977212 0.011226 1.026929 -0.405721 -1.218268 0.136658 -0.076735 0.068860 0.667811 -0.935661 -0.438054 -0.041918 0.970397 0.428356 -0.452760 -0.960131 -0.812290 0.713425 0.883149 -0.185553 
313.125122 -28.583612 2.166386 -0.971753 -0.052748 0.143411 0.622137 1.934177 0.573632 -1.340584 -2.992360 -1.186494 -0.125932 0.182243 -0.998686 -0.881962 0.535663 0.878094 0.287602 -0.408121 -1.368468 -1.133271 0.738683 1.349871 0.022958 6.188356 1.152310 0.454509 0.737174 -0.996630 0.533873 -1.086802 -0.341294 0.454016 -0.152827 0.441739 -0.076812 
317.953522 -21.495897 3.332899 -1.054798 1.439557 -0.006680 0.858991 -0.138364 -1.047441 -1.613540 -2.475793 0.894670 0.139777 5.978936 0.962188 0.251987 1.466570 -1.016049 1.078972 -1.146676 -1.088310 -0.310236 -0.168996 0.806744 -0.084764 -1.611643 0.402883 0.831869 -0.204284 -0.801334 0.205352 0.213076 0.607600 0.646844 -0.434750 -0.689460 -0.030645 
306.932343 -16.625741 4.090762 -0.467779 2.880392 -1.888687 2.780081 -0.359174 -1.602987 -1.961056 -3.330351 0.426994 -0.295461 -3.041043 -0.192921 0.781775 0.127095 -0.724575 0.698306 0.018031 -0.153269 0.160418 -0.130817 -0.029049 -0.038332 -9.047297 -1.403041 1.347751 -0.981727 1.102847 -1.111295 0.967924 0.316729 0.093926 0.376505 -0.634935 0.175803 
0.000000 -27.577983 2.947056 0.508752 1.693747 -1.455830 2.255602 -0.102303 -1.353979 -1.292705 -2.737428 0.836572 0.063114 -12.115659 -1.843895 2.947489 -0.496883 1.189645 -1.143618 0.789173 -0.454851 -0.122385 0.584015 -0.463126 0.266841 -3.073123 -1.508076 0.608397 0.150835 1.120890 -0.537532 0.714791 -0.389799 -0.424280 0.409516 -0.217898 0.030620 
0.000000 -40.857058 0.402973 5.427199 1.886625 0.490603 0.492845 1.219172 -2.512688 -2.205827 -2.162321 -0.499257 0.238222 -9.187288 -3.209073 1.998569 0.428765 1.517204 -0.376758 1.447613 -0.932867 -0.688142 0.688215 -0.464845 0.022908 6.306748 -0.186968 -2.448718 0.168710 -0.070735 0.792985 -0.714253 -0.040475 0.173836 -0.209474 0.197965 -0.109563 
0.000000 -45.952558 -3.471091 4.505889 2.551277 1.578579 1.502086 2.792923 -3.219714 -2.668989 -1.360999 -0.093117 0.108930 0.497838 -2.217831 -1.949947 -0.159464 1.048174 0.442352 -0.639333 -0.535800 0.225288 0.165066 -0.067197 0.047716 8.133729 0.994848 -2.232286 -1.008479 -0.784271 -0.114549 -1.451459 0.456207 0.789846 -0.433498 0.157635 -0.017352 
0.000000 -39.861382 -4.032690 1.527306 1.567697 2.586950 1.377549 -0.059494 -3.584289 -1.755251 -1.832189 -0.633651 0.333653 7.080171 -1.219377 -2.466003 -1.588193 -0.051339 -0.605856 -1.455305 -0.020453 0.891551 -0.178781 -0.149574 -0.011796 2.147961 0.084900 0.120203 -0.329553 -0.762906 -0.623329 0.254191 0.530650 0.312088 0.220030 0.362337 -0.031753 
0.000000 -31.792216 -5.909845 -0.426118 -0.625110 1.475902 0.290375 -0.117688 -3.260620 -0.885887 -1.718560 -0.392266 0.085338 4.793759 -2.048031 -1.709540 -0.818569 -0.477639 -0.804306 -0.130951 0.525500 0.849464 0.605127 0.657477 -0.015791 -2.880139 -0.163033 1.089693 1.118133 0.184134 0.067004 0.703877 0.062057 0.012188 0.299291 0.272498 0.208467 
0.000000 -30.273863 -8.128752 -1.891774 -0.069442 1.631672 -0.231063 -0.321397 -2.533289 -0.056323 -0.621935 0.681304 0.302071 1.319894 -1.545444 -0.286618 0.648073 0.316930 -0.471847 -0.047551 0.103661 0.915926 0.419801 0.395421 0.405137 -2.185708 0.845419 1.412626 0.828128 0.630924 0.414606 0.157413 -0.414223 -0.172833 -0.292363 -0.619497 -0.019079 
0.000000 -29.152429 -9.000732 -0.999353 0.671036 2.109762 -0.653320 -0.212791 -3.053298 0.945964 -0.878958 0.398577 0.895613 0.422343 -0.357192 1.115711 0.837687 0.784209 0.024906 0.183874 -0.302946 0.503798 0.020401 -0.581517 -0.053948 -1.371654 0.581465 0.241431 0.284078 0.212274 0.394597 -0.146364 0.015002 -0.467159 -0.118497 -0.436389 -0.561777 
0.000000 -29.429178 -8.843136 0.339649 1.605933 3.200089 -0.181250 0.046351 -3.139180 0.951273 -0.581134 -0.481730 0.194175 -1.423415 -0.382514 0.196245 1.216230 0.741477 0.317347 -0.340279 0.133665 -0.018392 0.182808 -0.477357 -0.718417 -1.806939 -0.653444 -1.534545 -0.434907 -0.618838 -0.003414 -0.343614 0.277653 -0.324277 0.026353 0.483539 -0.041092 
0.000000 -31.999258 -9.765761 -0.606863 3.103495 3.592716 -0.018626 -0.893349 -2.785968 0.909180 -0.513343 -0.556138 -0.541221 -3.191535 -1.664080 -1.953379 -0.032126 -0.453466 0.018079 -0.503355 0.252360 -0.144757 0.073106 0.385560 -0.136133 -0.588450 -0.612226 -1.170932 -0.939005 -0.548549 0.000656 0.174419 -0.093992 -0.228765 0.072051 0.551932 0.345225 
0.000000 -35.812248 -12.171297 -3.567109 1.541680 2.293156 -0.145092 -0.960358 -2.634461 0.661759 -0.434922 0.289390 -0.078090 -2.600315 -1.606966 -2.145620 -0.661781 -0.355620 0.318659 0.008558 -0.054320 -0.475921 0.326909 0.626507 -0.027967 0.563619 0.217248 0.358430 0.052530 0.559029 0.259081 0.412667 0.017572 -0.145818 0.136140 -0.060254 -0.057413 
0.000000 -37.199888 -12.979693 -4.898103 1.779934 2.881476 0.618692 -0.876234 -2.894608 -0.042662 0.140476 0.696877 -0.597156 -2.064298 -1.229585 -1.236518 0.072935 0.664591 0.536240 0.321978 0.287505 -0.436392 0.345387 0.265052 -0.250959 -0.549346 0.896244 0.613750 0.652826 0.236117 -0.315687 -0.093941 0.289538 0.314288 -0.072108 -0.526948 0.073762 
0.000000 -39.940844 -14.630467 -6.040144 1.687549 3.622339 0.927387 -0.316401 -2.059452 -0.211025 0.255852 0.819494 -0.580008 -3.699007 0.185521 -0.918120 0.643871 0.116614 -0.312715 -0.179324 0.524757 0.152656 0.182693 -0.427389 0.119557 2.481000 1.644025 -0.482054 -0.814246 -0.736658 -0.424882 -0.119277 0.508231 0.166373 -0.141167 -0.709837 -0.000864 
0.000000 -44.597902 -12.608651 -6.734343 3.067675 3.114704 -0.006738 -1.234881 -1.845094 0.262650 0.505862 -0.157902 -0.358043 2.897703 2.058465 -2.200626 -1.555558 -0.808725 -0.313525 0.083424 1.303967 -0.103647 0.063054 -1.154623 -0.252688 5.704364 0.485077 -0.255136 -2.041738 -0.557117 0.343649 0.511370 0.286709 0.005565 -0.463015 -0.155815 -0.399707 
0.000000 -34.145439 -10.513538 -10.441397 -1.423566 2.004889 0.300337 -0.149554 0.548482 -0.418318 0.381959 -1.489752 -1.085383 7.709721 1.155675 -1.428392 -3.439606 -0.997620 0.374584 0.843417 1.098175 0.163785 -0.743337 -0.739019 -0.679857 0.626017 -0.126787 2.359467 0.806084 0.580291 0.201840 -0.002621 -1.054371 -0.085625 -0.428767 0.592810 0.085231 
0.000000 -29.178460 -10.297301 -9.591127 -3.811537 1.119465 0.742429 0.451953 0.351255 0.590220 -0.980812 -1.635940 -1.717757 4.149736 1.804891 2.518308 0.056611 0.351856 0.090154 0.078181 -0.804776 -0.274897 -0.794481 0.030997 -0.082225 -2.428896 -0.033213 1.879680 2.398231 0.707107 -0.075785 -0.464936 -0.884655 -0.433179 0.236724 0.510076 0.474078 
0.000000 -25.845966 -6.903756 -5.404780 -1.310344 2.708601 0.480645 0.006808 -1.061069 -0.968113 -1.207002 -1.427759 -1.249833 2.851930 1.089248 2.330969 1.356856 0.416594 0.223013 -0.086456 -0.671136 -0.702574 -0.269890 0.281134 0.268299 -1.529634 -1.268457 -1.041064 -0.144204 -0.426808 0.190124 0.178838 0.702805 0.136934 0.204039 0.027480 -0.029727 
0.000000 -23.474601 -8.118804 -4.929189 -1.097825 1.952653 1.188456 0.279041 -0.991016 -0.814928 -1.520591 -1.073673 -1.181160 1.090468 -0.732022 0.436181 -0.231798 -0.501760 0.470402 0.435856 0.600834 -0.001029 -0.386403 0.085957 -0.141679 -2.605256 -0.985625 -0.894649 -0.806773 -0.073332 0.074254 0.260246 0.503728 0.452835 0.270443 -0.002932 0.062915 
62.454971 -23.665030 -8.367801 -4.532417 -1.773939 1.705081 1.421448 0.878521 0.140599 -0.970170 -1.979808 -1.255844 -1.533190 -2.358582 -0.882001 0.541672 -0.256690 0.269930 0.371520 0.434035 0.336321 0.203096 0.270997 0.275270 0.394129 -1.792126 1.276295 0.021279 0.411427 0.605770 0.009362 -0.079075 0.123488 0.624386 0.522581 0.243900 0.457805 
81.638306 -28.191766 -9.882807 -3.845846 -1.611204 2.492512 1.931497 1.147112 -0.318373 -0.408735 -0.978596 -0.523134 -0.392902 -2.493783 1.820567 0.478740 0.591057 0.709781 0.489126 0.277706 0.847810 1.247743 0.658758 0.573757 0.773932 0.722827 2.719450 0.419091 1.027077 -0.027836 -0.184080 -0.584478 0.212229 -0.038250 -0.135694 -0.317510 -0.071704 
320.178162 -28.652597 -4.726668 -3.574937 -0.591825 3.124642 2.399700 1.433934 1.836220 1.525317 -0.662292 -0.108331 0.014673 -0.912928 4.556898 1.379854 1.797464 0.214258 0.003361 -0.734920 0.760779 0.126597 -0.000391 -0.359750 0.250721 0.506145 1.109381 -0.362925 0.516542 -0.420850 -0.226340 -0.203755 -0.525099 -0.721213 -0.358852 -0.436839 -0.606907 
305.020081 -30.017623 -0.769011 -1.086137 1.983724 2.921027 1.938219 -0.322729 1.203185 -0.155542 -0.979378 -1.242634 0.108540 -1.481493 4.039329 -0.247110 1.624140 -0.131920 0.036446 -0.129804 -0.202389 -0.194682 -0.058946 -0.299922 -0.439882 -0.473568 -1.218359 -1.583676 -0.731794 -0.289258 0.296693 0.769445 -0.420031 -0.036684 -0.152934 0.334067 -0.099557 
308.556366 -31.615584 3.351991 -4.069157 2.656456 2.860803 2.472591 1.174325 1.431442 1.135952 -0.780183 -0.708174 -0.865091 -1.860065 2.120181 -1.787498 0.333876 -0.364258 0.596746 0.803970 -0.079283 0.053228 -0.306258 0.308383 0.051608 -1.611311 -3.126907 0.158503 -1.453282 -0.059796 0.069186 -0.610292 0.406567 -0.180348 0.066828 -0.158438 0.543770 
304.230194 -33.737752 3.471351 -4.661133 2.651476 2.192512 3.131712 1.285211 1.044620 -0.049085 -1.591894 -0.625868 0.211755 -4.704115 -2.214486 0.069897 -1.282424 -0.251511 0.174817 -1.350389 0.610746 -0.555378 0.074710 -0.616798 0.647659 -1.578893 -3.084737 0.989051 -1.370443 0.550240 -0.235309 -0.869260 0.730835 0.078456 0.428345 -0.175388 0.153645 
299.534332 -41.023813 -1.076981 -3.929363 0.091607 2.357780 2.822226 -1.526452 2.652934 0.025196 -0.630762 -1.941771 0.430226 -5.017852 -4.049294 0.190603 -2.407010 0.736223 0.126129 -0.934550 1.382388 0.210140 0.550431 -0.042394 0.358897 1.834184 1.527526 0.347571 0.730938 0.562362 0.095578 0.842394 -0.327323 0.062084 -0.106977 0.673465 -0.249113 
289.521179 -43.773455 -4.627238 -4.279926 -2.162543 3.664958 3.383970 -0.583889 3.809397 0.371195 -0.491031 -0.710656 0.929549 -1.035747 0.840567 0.765039 0.179451 0.873213 0.365974 0.334400 -0.043901 -0.431211 -0.139243 0.730132 0.149432 2.520512 3.578300 0.359037 2.354009 -0.714476 -0.295833 0.649712 -1.289466 -0.197730 -0.477967 -0.085531 -0.415303 
298.680969 -43.095306 0.604153 -2.399286 0.450510 4.104206 3.554174 -0.857652 2.565133 -0.837226 -0.909248 -0.481507 0.729090 0.023172 3.107307 0.908677 2.301009 -0.692729 -0.465537 0.364874 -1.196545 -0.185321 -0.405502 -0.213455 -0.471709 -1.845073 -0.743378 0.077258 -0.026328 -0.626894 -0.485653 -0.358136 -0.044164 0.526265 0.211415 -0.560338 -0.127451 
294.442963 -43.727112 1.587376 -2.462573 2.439475 2.279500 2.452896 0.145860 1.416308 0.000554 -1.302035 -1.137566 -0.013870 -4.725893 -0.646188 0.919554 0.126796 -0.380576 -0.605333 -0.381871 -0.132228 0.621319 0.283588 -0.390544 -0.105469 -2.703679 -2.437946 0.252609 -1.683262 -0.283624 -0.443682 -0.484039 0.319019 0.139415 0.426226 0.244554 0.374386 
296.391144 -52.547093 -0.688224 -0.560178 0.704103 3.343054 2.343508 -1.621394 2.300677 0.405412 -0.342072 -1.262596 0.518151 -5.384187 -1.768586 1.413895 -1.065516 -1.259976 -1.352900 -0.603205 -0.558506 0.093510 0.446950 0.275654 0.277063 2.287601 0.109365 0.043027 -0.053607 -0.856755 -0.553373 0.302086 -0.453947 -0.300299 -0.053879 0.385832 -0.123606 
285.927917 -54.495486 -1.949795 0.365218 0.308443 -0.240452 -0.252905 -1.060550 0.299296 0.187574 -0.408136 -0.586259 0.540257 -0.150691 -0.427459 1.005608 0.019582 -2.094085 -1.712079 0.222301 -1.040122 0.020721 0.175829 0.381119 -0.352681 3.103846 0.985956 -0.435493 0.641463 0.478822 0.469514 0.272542 0.259537 0.018065 -0.119044 -0.116352 -0.320399 
54.229652 -52.848475 -1.543142 1.451037 0.743266 -0.845115 -1.080650 -1.176793 0.220433 0.446855 0.009586 -0.500357 -0.187211 0.823505 0.203326 0.542910 0.217411 -0.302332 -0.413873 -0.058122 -0.039431 0.129640 0.208861 0.042951 -0.363734 0.487098 0.315393 -0.231349 0.098915 0.895877 0.649103 -0.140211 0.500345 0.054459 0.016516 -0.169084 -0.005527 
