330.862122 -25.122826 -0.808285 -0.269831 -0.290395 -1.448512 -0.010028 -0.889153 -2.595876 -0.154538 1.323999 -1.042199 -0.648147 -5.844855 -3.267964 1.966175 -1.035415 1.356222 -0.344822 0.242529 0.335076 -0.027489 -0.244197 0.416610 0.210579 -0.951907 -0.057316 0.220492 0.080390 0.358136 0.246492 -0.055498 0.195133 0.064746 0.274326 0.364379 -0.082326 
340.839508 -36.812536 -7.344214 3.662519 -2.361225 1.263933 -0.699672 -0.404095 -1.925725 -0.209516 0.835604 -0.208980 -0.226990 -7.748670 -3.382597 2.407159 -0.874634 2.072494 0.148161 0.131534 0.725342 0.102003 0.304454 1.145367 0.045927 6.358263 2.729521 -2.049875 0.972982 -1.572731 0.766466 -0.511066 -0.145296 0.324798 0.492763 0.255286 0.273353 
0.000000 -40.620165 -7.573479 4.544486 -2.039664 2.696477 0.286295 -0.626086 -1.145193 0.049467 1.932906 1.248534 -0.556294 6.871671 2.191077 -2.133575 0.910550 -1.789239 1.188109 -0.779602 0.044484 0.622108 0.741330 0.927182 0.757284 9.831815 3.137231 -3.349250 1.073376 -2.825615 0.448368 -0.327157 -0.472308 0.008412 -0.153891 -0.863317 0.164303 
0.000000 -23.069194 -2.962059 -0.604631 -0.540126 -2.314545 1.676546 -1.963300 -1.836757 1.034700 2.318264 1.645383 1.287578 11.914961 2.891864 -4.291342 1.272117 -3.578736 1.044898 -0.522780 -0.219274 0.118826 -0.003329 -0.581267 0.374533 -1.856417 -0.575115 0.056932 -0.303437 0.312013 -0.534141 0.781712 -0.055040 -0.555253 -0.496843 -0.860051 -0.522790 
382.878113 -16.790244 -1.789751 -4.038198 0.504571 -4.460996 2.376091 -1.671646 -1.583742 0.287120 1.926249 0.086001 0.192773 3.158838 1.040846 -2.019711 0.303676 -1.165214 0.119826 0.783822 -0.065596 -0.488397 -0.252355 -0.792919 -0.288297 -7.823303 -0.609869 2.197480 -0.536048 1.876946 -0.867955 0.850677 0.234012 -0.206439 -0.053445 0.672597 0.230570 
381.266174 -16.751519 -0.880367 -4.644054 0.067226 -4.644973 1.916199 -0.395656 -1.967948 0.057905 1.813553 0.059544 0.710984 -3.731646 1.672126 0.103618 0.200020 0.175155 -0.691011 1.178574 0.248751 -0.294051 -0.110218 0.763927 0.835674 -5.875552 0.456121 1.336427 0.206877 1.420488 -0.319940 -0.103009 0.493918 0.181182 -0.144401 0.894651 0.666475 
392.724426 -24.253536 1.554500 -3.830962 0.904612 -4.110687 0.994069 0.685502 -1.086241 -0.300981 1.705814 1.613855 1.864122 -8.592266 1.953088 0.653142 0.717430 1.675763 -0.520054 0.577804 0.922239 -0.126033 -0.541157 0.996383 1.044654 -2.526569 -0.594942 -0.088952 -0.138697 1.633694 0.495191 -0.466256 0.583401 0.264876 -0.276566 -0.197847 -0.233523 
391.944550 -33.936051 3.025810 -3.337770 1.502086 -1.293446 0.876090 0.759953 -0.123469 -0.194161 0.731239 2.052309 2.800292 -8.784785 0.482242 -0.074286 -0.077374 3.442543 0.299371 0.246062 1.415552 0.235702 -0.663350 0.368232 0.368628 1.797160 -1.298004 0.134603 -0.581063 -0.399905 0.605063 -0.246881 -0.700646 0.117319 0.497634 -0.603873 -0.662058 
0.000000 -41.823105 2.518984 -3.979534 0.749865 2.774400 1.592811 1.177625 1.744863 0.170424 0.379114 2.350319 2.601378 -4.997947 -0.642919 0.922347 -0.444695 0.875952 0.690073 0.084041 -0.479054 0.108604 0.454111 -0.211363 -0.279462 9.612227 -1.336863 -0.067829 -0.216332 -3.218416 -0.374257 -0.675245 -1.305388 -0.052399 0.932068 -0.503187 -0.217281 
381.358643 -43.931945 1.739971 -1.493075 0.612695 0.458458 2.256236 0.928036 -1.081576 0.023048 1.639460 1.629583 2.241368 10.439669 -2.191484 -0.209944 -0.510037 -2.994289 -0.449144 -1.104427 -1.195223 0.130903 1.200785 -0.638143 -0.065934 9.642465 -1.184991 -1.895994 -0.002869 -1.524986 -0.740897 -0.414438 0.456296 -0.062632 0.146501 -0.407291 -0.051808 
0.000000 -20.943767 -1.863984 -4.399421 -0.270209 -3.214179 0.694524 -1.031230 -0.645583 0.432230 2.780684 1.074034 2.469511 14.286982 -3.012902 -2.869642 -0.450434 -2.174020 -0.791721 -0.744835 0.433538 -0.016660 0.747114 -1.025944 -0.383079 -4.052845 0.293483 -0.728562 0.319151 1.508258 0.418018 0.543720 1.033290 -0.205196 -0.405339 -0.026500 -0.226896 
0.000000 -15.357980 -4.285834 -7.232358 -0.288172 -3.889582 0.672793 -0.561635 -0.214501 -0.010273 3.133687 -0.422305 1.475211 2.333979 -1.604518 -1.667067 0.128265 0.022228 0.386892 -0.016987 0.871358 -0.279489 0.390107 -0.691142 -0.519727 -8.623166 1.867235 1.477277 0.649941 1.446342 0.685659 -0.123786 -0.005490 -0.232676 -0.530485 0.831274 -0.055560 
0.000000 -16.275808 -5.073019 -7.733556 -0.013679 -3.169724 1.468307 -1.065204 1.097132 -0.126748 3.560898 -0.308251 1.430058 -2.959350 0.721567 0.084912 0.849449 0.718664 0.579597 -0.992408 0.422558 -0.482013 -0.313856 0.636603 -0.494198 -3.838455 0.688546 1.250079 0.883196 0.669914 0.074621 -0.119151 -0.938268 -0.137763 -0.276430 0.756742 0.354696 
398.019196 -21.276681 -2.842701 -7.062534 1.410726 -2.452254 1.831988 -2.546451 0.630615 -0.974299 2.505976 0.850901 0.486814 -5.342930 -0.227426 0.833090 1.894658 1.362056 0.536133 -0.255289 -1.005178 -0.555015 -0.162754 0.822341 0.189665 -0.452696 -1.244427 0.235565 0.874946 0.497818 0.177716 0.842628 -0.857943 0.140778 0.239157 -0.553333 0.361424 
392.342682 -26.961668 -5.527872 -6.067375 3.775636 -0.445611 2.540573 -1.575781 -0.913225 -1.236777 3.235390 1.336431 1.809387 -3.864743 -1.767287 0.556042 2.599342 1.714299 0.935029 0.692847 -1.293328 -0.200458 0.164458 -0.470063 0.228649 2.199753 0.296048 -0.072576 -0.521300 -0.662677 -0.072216 0.171325 0.040864 0.114921 -0.389750 -0.894218 -0.510281 
381.306305 -29.006167 -6.377275 -5.950450 6.609411 0.976345 3.702045 -1.160756 -1.956040 -1.375214 2.834892 -0.089224 0.944113 -0.943424 0.364669 0.687938 0.852058 0.036703 0.391701 0.087361 -0.923451 -0.325173 -0.942254 -0.966096 -0.830897 4.079850 1.662029 -0.132253 -2.570268 -2.033094 -1.391413 -0.637152 0.597079 0.125923 -0.141175 0.110039 -0.401902 
0.000000 -28.848516 -4.798533 -4.691500 5.479753 -0.372205 3.323975 -1.401060 -2.760127 -1.887123 1.350881 -0.595760 0.147592 4.294956 1.556771 0.291536 -2.541193 -2.351888 -1.847798 -0.581456 -0.099169 0.051387 -0.117892 -0.249985 -0.575155 3.357684 0.271197 -0.748623 -1.591259 -1.089356 -1.426089 -0.583573 0.695867 0.070540 0.728202 0.822407 0.469707 
331.079224 -20.416254 -3.263734 -5.367377 1.527024 -3.727432 0.006449 -2.323668 -2.154378 -1.272440 2.599108 -0.589194 -0.206198 5.771944 0.907063 -0.809309 -2.330460 -2.142009 -2.460477 -1.079786 0.468282 -0.184093 0.514149 0.678718 0.108516 -1.268709 -0.700809 -0.691970 1.047003 0.925258 0.524500 0.117632 0.125501 -0.344471 -0.230765 0.403651 0.384212 
317.993774 -17.304628 -2.984407 -6.310118 0.818832 -4.656223 -1.596979 -3.560631 -1.823562 -2.255310 2.379178 0.761676 0.364623 1.757538 0.155153 -1.092404 -0.447188 -0.501372 -0.798798 -0.346192 0.151834 -0.637555 -0.579423 0.557318 0.193269 -3.702778 -0.553716 -0.363780 0.822246 1.236587 1.385408 0.898891 -0.106389 -0.017188 -0.552523 -0.418415 -0.070956 
308.465149 -16.901179 -2.953427 -7.552185 0.632648 -4.730176 -1.591147 -3.016052 -1.850710 -2.547550 1.440263 0.525441 0.180340 -1.633612 -0.200369 -1.536868 -0.685968 0.331166 0.310340 0.717996 0.255504 -0.218470 -0.590898 -0.158113 -0.033396 -3.825360 0.562106 -0.419996 -0.117378 0.383699 0.433927 0.765468 0.255361 0.341483 0.311097 -0.232176 -0.133287 
300.785950 -20.571853 -3.385145 -9.383854 -0.553105 -3.993892 -0.976300 -2.124639 -1.312554 -2.692249 1.197383 0.445450 0.297831 -5.893182 1.279364 -1.932396 -0.681945 0.266026 0.069055 1.184745 0.662555 0.045411 0.042772 0.092965 -0.073305 -2.870531 1.216217 -0.732685 0.254207 -0.078287 -0.656274 0.488657 0.224834 0.676982 0.432108 0.402264 -0.252275 
292.062408 -28.687542 -0.394698 -11.416977 -0.731241 -4.198124 -1.453037 -0.646562 -0.525599 -2.456728 1.525807 0.711371 0.033729 -7.374675 2.232065 -3.002239 -0.177555 0.174591 -1.002209 1.695310 0.705172 1.135494 0.273318 0.646414 -0.537945 0.621666 0.138521 0.850251 0.227937 0.199930 -0.497059 -0.037906 -0.136158 0.788786 0.261949 0.140815 -0.312557 
93.952759 -35.321202 1.078985 -15.388332 -0.908215 -3.644710 -2.980717 1.265982 0.097790 -0.421261 1.744018 1.738278 -0.778060 -4.649849 1.556406 -0.231894 -0.226070 0.665886 -0.925062 1.108933 0.390239 1.622982 0.566669 0.374596 -0.698420 0.785156 -0.778378 3.381960 0.154567 0.560867 0.543583 -0.808402 -0.467715 -0.383162 0.102515 -0.542966 0.214591 
0.000000 -37.987240 2.718115 -11.880765 -1.183380 -2.866352 -3.303161 1.571304 0.254878 0.789237 2.659145 1.460562 -1.363112 -5.804362 0.675308 3.761682 0.131579 1.296324 0.084958 0.078506 -0.230259 0.369170 0.478347 -0.439517 -0.108763 -0.564227 -0.822775 2.638639 0.275592 -0.318836 0.325296 -0.962931 -0.234712 -1.116921 -0.849467 -0.670158 0.425025 
0.000000 -46.929925 2.429601 -7.864969 -0.645056 -1.052062 -2.810801 1.422993 -0.362728 0.317079 2.700713 0.859245 -0.995585 -5.778302 -0.089143 5.045384 0.325115 0.028215 -0.274470 -0.816930 -0.079185 -0.610860 -1.132265 -0.965720 0.151629 6.536413 0.601411 0.426148 -0.376896 -1.654968 0.187066 -0.547894 0.151939 -0.178213 -0.904637 -0.162668 0.047429 
79.506622 -49.543845 2.539829 -1.789996 -0.533151 -2.809922 -3.852101 -0.062555 0.096508 -0.432483 0.394615 -0.470878 -1.059853 7.268464 1.878129 4.613979 -0.622213 -2.013612 0.459091 -1.017282 0.073619 0.012745 -1.330926 -0.764852 -0.013905 7.797193 0.821931 -2.030177 -0.139788 -0.353889 0.833091 0.280694 0.193846 0.268384 0.623589 0.655958 0.063271 
361.641541 -32.392997 6.185860 1.362988 -1.889482 -5.079285 -1.892620 -0.611571 -0.215490 0.342568 0.038860 -0.670460 -1.023395 9.816084 1.554720 0.985031 0.045539 -0.679564 1.391712 -0.255542 0.308508 -0.074093 0.114913 0.346196 0.278172 -3.845990 -1.577913 -3.239908 0.949130 2.209300 0.300723 1.101639 0.500921 -0.256260 1.025403 0.782420 0.433755 
375.990234 -29.911678 5.649269 0.180066 -0.442072 -4.169051 -1.068677 -0.573639 0.713524 -0.580668 0.624440 0.221514 -0.503509 -0.423516 -1.277696 -1.865838 1.276048 2.404989 1.060536 1.185996 1.075460 -0.499774 0.719880 0.799988 0.853605 -5.525442 -1.459545 -1.525271 0.493393 1.390748 -0.505798 0.687599 -0.128962 -0.067818 0.118758 0.289415 0.374198 
390.686768 -33.240029 3.630469 -2.368688 0.662614 -0.269307 0.228452 1.760422 1.935431 -0.656980 1.478620 0.929516 0.683815 -1.234801 -1.364370 -2.065511 1.032325 2.101932 0.380117 1.119657 0.050585 -0.209728 0.352429 0.925027 1.026569 2.717986 -0.255162 -0.086122 0.302117 -1.390023 -1.434152 -0.911841 -0.874766 0.537367 -0.178144 -0.459044 -0.121573 
399.837952 -32.381280 2.920529 -3.950957 1.622578 0.034813 -0.308444 1.665674 0.814693 -1.000124 1.329298 2.071569 1.549629 5.012456 -1.788020 -2.038082 1.880283 -0.375056 -1.807768 -0.637686 -0.674073 0.574961 0.363591 -0.118100 0.610458 3.408052 -0.640388 0.272551 0.642044 -1.430548 -1.151850 -0.982083 0.098684 0.530205 -0.049321 -0.958390 -0.297281 
0.000000 -23.215117 0.054430 -6.444851 4.423179 -1.019419 -3.387085 0.485049 0.587285 0.492941 2.205801 0.693316 1.904732 5.581303 -2.645146 -1.520409 2.316413 -0.759164 -1.923583 -0.844509 0.247953 0.850683 0.253787 -0.991754 0.432007 -2.633044 0.477808 0.825424 -0.594537 0.388479 0.844067 0.229018 0.372433 -0.400533 -0.170132 -0.022080 -0.466143 
0.000000 -21.218675 -2.369764 -6.991774 6.255403 -1.483515 -4.155609 -0.023345 1.310598 0.701242 1.836872 0.088061 2.413644 -0.253632 -0.832403 -0.387234 0.691209 0.401903 -0.119635 -0.179651 0.070793 -0.226106 0.023327 -0.162259 -0.321827 -5.534725 2.585432 1.371119 -1.794441 1.200155 1.754817 0.710196 -0.417603 -0.713003 -0.139303 0.837513 -0.650592 
0.000000 -23.722381 -1.610377 -7.219319 5.805598 -0.215614 -3.626354 0.125748 0.728870 0.040728 2.252456 0.368798 1.261078 -5.488148 2.525718 1.221829 -1.272469 1.641146 1.586051 0.575882 -0.587252 -0.575324 -0.024819 0.683272 -0.869176 -2.685340 1.557726 0.925603 -0.808945 0.460772 0.685307 0.277548 -0.402108 -0.149025 0.139677 0.465972 -0.242141 
0.000000 -32.194970 2.681673 -4.548117 3.710464 1.798778 -0.983507 1.128419 0.136094 -0.449406 1.787234 1.454606 0.675292 -5.624313 2.283049 1.463971 -0.926680 1.323447 1.250979 0.375445 -0.733423 -0.524156 0.302681 0.769686 -0.806109 4.212223 -1.934425 -1.463588 1.239622 -0.722026 -1.160456 -0.486307 0.320181 0.345207 0.146833 -0.745191 0.371759 
0.000000 -34.971006 2.955720 -4.291377 3.952237 2.431281 -1.124395 0.876638 -0.737975 -1.007583 2.857817 1.908170 -0.351140 2.936299 -1.343132 -1.705348 1.206774 0.197095 -0.734861 -0.396732 0.053109 0.115091 0.268847 -0.807110 -0.125658 6.306397 -2.812214 -1.484358 1.136337 -1.127951 -1.101267 -0.171165 0.743957 0.457346 -0.325345 -1.001538 0.758589 
0.000000 -26.322373 -0.004591 -7.958812 6.124013 2.192968 -2.453230 0.334956 0.242312 -0.219223 2.324927 -0.159613 0.423976 6.988481 -3.341380 -1.504744 1.345994 -0.932455 -0.951555 0.033116 0.754491 0.390537 -0.348009 -1.233391 0.711069 -0.021597 -0.432694 0.857717 -0.474865 -0.330141 0.326094 0.291200 0.007072 0.005208 -0.177360 0.373383 0.112408 
0.000000 -20.994045 -3.727041 -7.300865 6.644225 0.566372 -3.027505 0.942870 0.771007 -0.226509 2.161799 -0.558612 1.070997 2.893105 -2.208521 0.010086 0.257044 -0.463188 -0.082673 0.185668 0.067253 0.125507 -0.085872 -0.060343 0.099159 -4.875135 2.501453 0.668898 -1.079792 0.827551 0.992152 0.058950 -0.764370 -0.139248 0.199942 0.832845 -0.443256 
0.000000 -20.536162 -4.421633 -7.938640 6.638102 1.266592 -2.618576 0.706292 0.376818 0.031790 2.153182 -0.280299 0.622294 -2.761790 1.661526 -0.166949 -0.813590 0.722647 1.032750 0.151016 -0.774248 0.112041 0.051874 0.432298 -0.175443 -4.488521 2.292128 0.144379 -0.795335 0.778031 0.671147 0.230497 0.044673 -0.229943 -0.237766 0.204702 -0.174820 
0.000000 -26.517624 -0.403989 -7.634764 5.017046 2.011665 -0.962006 1.244901 -0.777489 -0.002428 2.265547 0.305985 0.720112 -6.083936 2.375736 0.298843 -1.333625 1.092874 1.259622 0.646662 0.156599 -0.334379 -0.561404 0.349060 -0.250482 -1.883007 -0.592836 0.275442 0.177084 -0.153634 -0.394931 0.226344 0.801385 -0.188082 -0.492593 -0.139295 0.012972 
0.000000 -32.704034 0.329839 -7.340954 3.970852 3.452340 -0.099333 1.999616 0.690017 -0.636968 1.030374 0.417822 0.121330 -6.527804 0.475854 0.383934 -0.459423 0.415379 0.242889 0.603703 0.828523 -0.264123 -0.933312 0.153708 -0.149498 2.534358 -0.818128 0.043577 0.585279 -1.449753 -0.930060 -0.403938 -0.212828 0.180667 0.267078 -0.272266 0.047958 
0.000000 -39.573232 0.547718 -6.866895 4.098200 2.842423 -0.476228 2.452308 0.879556 -0.530674 0.398924 0.613400 0.421115 -1.015221 0.739481 0.385996 -0.163067 -1.806632 -0.600498 -0.161214 -0.269057 0.026955 -0.027249 -0.195472 -0.154567 9.235429 -0.825733 -0.632388 -0.133367 -1.409835 -0.530378 -0.567191 -0.260623 0.625918 0.951824 -0.394072 -0.023329 
0.000000 -34.734475 1.808800 -6.568961 3.644718 -0.160925 -1.300329 1.677188 0.151903 -0.583058 0.975876 0.026878 -0.187803 11.943054 -1.175612 -0.880841 -0.726157 -2.404291 -0.817868 -0.530678 0.307276 0.987713 0.970336 -0.634437 -0.196157 6.971049 -1.918504 -0.582718 -0.208576 0.603505 0.008424 0.056973 0.483101 0.429591 0.370786 0.068389 0.256723 
0.000000 -15.687124 -1.803507 -8.628577 2.645887 -1.966159 -2.111965 1.390952 1.494108 1.444752 2.339597 -0.655473 0.028802 12.926878 -3.097527 -0.779440 -0.580220 -0.599622 -0.583651 -0.047268 0.697145 0.886137 0.714323 -0.058694 0.358879 -3.985711 -0.394549 0.938954 0.440940 1.450591 0.282572 0.387686 -0.065061 -0.569658 -0.500700 0.492165 0.228408 
0.000000 -8.880720 -4.386255 -8.127841 2.484279 -1.360168 -2.467630 1.582652 1.546194 1.189217 2.404521 -0.090510 0.529956 3.971632 -1.964711 0.997067 0.155724 0.496891 -0.252725 0.244694 0.177154 -0.151602 -0.031064 0.349894 0.260659 -6.998249 1.394638 0.642734 0.547007 0.217016 0.210979 -0.091603 -0.167261 -0.310504 -0.495234 0.074603 -0.192202 
0.000000 -7.743860 -5.732928 -6.634444 2.957334 -0.972376 -2.617414 1.880340 1.848416 1.141548 2.277469 0.044314 0.550120 -1.069620 -0.308252 0.506028 0.513795 -0.165590 -0.161694 -0.230474 0.362624 0.265130 -0.276145 0.090511 -0.025525 -5.355697 1.801097 -0.662248 -0.026496 -0.094495 0.504199 -0.810303 -0.261604 0.330153 -0.145500 -0.456183 0.142559 
0.000000 -11.019960 -5.002760 -7.115784 3.511868 -1.691348 -2.791018 1.121704 2.271443 1.719477 1.852231 0.090511 0.478905 -6.739762 1.637484 -0.327430 0.102731 0.307902 0.755673 -1.375912 -0.346055 0.508704 -0.322065 -0.562472 0.545778 -3.481171 0.849414 -0.471637 -0.310402 1.135232 0.950701 -0.234535 -0.655139 -0.190782 0.077578 -0.456913 0.097680 
0.000000 -21.223384 -2.457960 -7.289305 3.162796 -0.356572 -1.106068 -0.871484 1.156306 2.158957 1.633339 -1.080629 1.641676 -8.031962 1.390575 -0.437246 -0.107009 2.104873 1.739709 -0.699545 -0.947654 -0.116434 -0.120988 -0.823316 0.169836 5.291313 -0.430137 -0.197238 -0.630214 -0.301432 -0.380983 0.715743 -0.005254 -0.643783 0.093706 0.606090 -0.293378 
0.000000 -27.083884 -2.221609 -7.990276 3.297851 2.518399 0.688399 -0.277386 0.376134 1.486610 1.610254 -1.556121 0.818577 3.842865 0.777210 -0.721906 -1.157698 -0.294961 -0.006293 0.055574 -0.356562 -0.778861 -0.134653 0.649708 -0.040979 7.755998 -0.670564 0.037936 -0.611554 -1.925390 -1.420277 0.610187 0.452387 -0.571843 0.234835 0.946642 -0.066531 
0.000000 -13.537654 -0.903540 -8.733118 0.847400 -0.946495 -1.118655 -0.760335 0.443182 0.601234 1.364034 0.218788 1.559719 7.480034 0.049448 -0.361373 -1.330117 -1.745906 -1.100845 0.520830 -0.042881 -1.260120 0.348682 1.069968 0.036773 -4.003333 -1.058386 0.655949 0.498905 0.356793 0.260602 0.264727 -0.133190 -0.002785 0.527973 -0.213769 -0.229083 
0.000000 -12.123816 -2.122713 -8.713022 0.637618 -0.973414 -1.513290 0.764274 0.290372 -1.033630 2.307619 0.583814 0.892123 -4.163800 -1.339562 0.589992 -0.159888 0.418624 0.514912 0.585027 -0.622943 -0.784431 0.921294 0.222171 -0.499144 -11.042267 -0.730491 0.233055 0.670465 1.725159 1.077648 -0.359052 -0.204426 0.700118 0.177087 -0.436049 -0.352431 
0.000000 -21.865254 -3.582664 -7.553133 0.527625 -0.109247 -0.088832 0.409720 -0.802704 -0.967627 3.206621 0.663130 0.561431 -14.604501 -1.411533 0.104737 0.010814 1.704412 1.054452 -0.197274 -0.451733 0.140116 0.702856 0.197870 -0.668088 -1.326887 0.758001 0.391398 0.133277 0.037893 0.322585 -0.691319 0.692222 0.501253 -0.723296 -0.093110 0.089251 
0.000000 -41.332818 -4.945780 -8.503548 0.659245 2.435411 0.595614 0.369725 -0.613095 -0.753399 3.713331 0.979554 -0.444054 -6.817575 0.176440 1.372789 0.106667 0.494411 1.160081 -0.797610 0.761502 0.218076 -0.525299 0.035951 -0.320642 13.484431 1.121888 0.572176 0.009573 -2.180866 -0.721476 -0.428299 0.499987 -0.082507 -0.638704 -0.140479 0.876067 
0.000000 -35.500404 -3.229785 -4.807555 0.740959 0.879576 2.231329 -1.185500 0.720299 -0.531475 2.156024 0.735032 -0.079853 12.364360 0.832242 1.249090 0.029960 -2.657320 -0.388501 -1.053873 0.548240 -0.024899 -0.574552 -0.083088 1.084046 9.119461 -0.209437 -1.209469 0.020621 -1.235910 -1.317575 0.512366 -0.489406 -0.098931 0.206985 0.081404 0.557591 
0.000000 -16.604097 -3.281296 -6.005368 0.719165 -2.879229 -0.181387 -1.738020 0.483385 -0.803198 2.564228 0.813379 1.724039 11.421347 -0.242435 -1.046148 0.147908 -1.977409 -1.475070 0.227123 -0.217310 0.020214 -0.111329 0.198759 0.794539 -6.849481 -0.510119 -0.579819 0.387843 1.521627 0.219654 0.701702 -0.303730 0.107252 0.144534 -0.023989 -0.649831 
0.000000 -12.657711 -3.714654 -6.899852 1.036775 -3.075243 -0.718810 -0.731255 0.285680 -0.491048 1.933366 1.132551 1.509226 -1.334602 -0.187996 0.089452 0.805646 0.385933 0.050808 0.349532 -0.059221 0.189606 -0.285483 -0.131066 -0.215617 -11.660417 0.468776 1.267344 -0.092421 1.587643 1.228657 -0.080586 0.246098 0.035414 -0.119525 -0.080405 -0.697507 
0.000000 -19.273300 -3.657288 -5.826463 2.330457 -2.107363 -0.079771 -1.038956 0.364944 -0.423987 1.993261 0.551248 1.292805 -11.899487 0.695117 1.488540 -0.036933 1.197876 0.982245 0.065951 0.274887 0.091042 -0.350379 0.037950 -0.600474 -5.861893 -0.806603 0.293237 -1.065968 0.060600 0.642480 0.551286 0.499856 -0.246028 -0.192999 -0.021738 -0.538358 
0.000000 -36.456686 -2.324420 -3.922773 0.962910 -0.679490 1.245680 -0.599354 0.835454 -0.308964 1.232609 1.208451 0.308279 -13.058387 -1.801201 0.675926 -1.326290 0.507133 1.335768 1.452105 0.940490 -0.302450 -0.671482 -0.174541 -1.292333 2.111792 -1.709050 -0.147488 -0.358451 -1.103257 -0.387928 0.683119 0.243562 -0.195776 -0.229513 -0.357813 0.103454 
0.000000 -45.390075 -7.259689 -4.474611 -0.322123 -1.093097 2.591766 1.865253 2.245925 -1.028887 0.650296 0.202166 -1.291861 -7.675903 -2.722982 1.193563 -0.753834 -1.008637 0.206390 1.432188 0.762012 -0.300510 -0.809404 -0.677675 -0.393567 10.164972 2.182029 0.012574 1.533716 -0.163274 -1.161518 -0.473507 -1.016190 0.624627 0.448805 -0.547443 1.069136 
0.000000 -51.808491 -7.770385 -1.535646 -0.544758 -2.696764 1.658460 2.265022 2.359478 -0.909983 -0.386200 -0.146900 -0.478854 7.271556 2.562858 0.701074 1.741142 0.180584 -0.987269 0.505092 -1.091889 0.946803 0.226127 -1.269426 0.845940 11.896144 3.424711 -2.296883 0.760536 0.806849 -0.507834 -0.911099 -0.887532 0.718637 0.769761 0.047693 0.490622 
0.000000 -30.846963 -2.133974 -3.072464 3.160161 -0.731928 0.617229 2.875437 0.062146 0.864719 1.102550 -2.336686 0.400019 16.116386 4.126440 -3.400203 0.767237 0.605062 -0.809279 -0.390010 -1.013053 1.136765 0.730117 -0.582288 0.587677 -0.817967 -0.627311 -1.666434 -1.413182 -0.278970 0.349302 -0.600155 0.613751 -0.348695 -0.120193 0.891016 -0.348850 
0.000000 -19.575719 0.482496 -8.336052 0.989716 -1.486639 0.039901 1.485001 0.333372 1.363547 1.074034 -1.311477 0.696499 5.635622 1.308235 -2.631794 -1.085223 -0.377356 -0.288664 -0.695218 0.135613 0.249414 -0.014258 0.512605 0.148240 -5.240382 -1.409103 0.384204 -0.926230 -0.491209 0.260308 -0.152604 0.574333 -0.443676 -0.372187 0.547447 -0.219718 
