342.149017 -11.380881 1.748307 -3.221298 0.035969 -2.954683 0.715507 -2.572291 -1.912506 -2.926876 -2.251469 0.385855 -0.565390 0.227575 0.101686 -0.323089 -0.059129 -0.195778 -0.179413 0.571782 -0.086873 0.070926 0.361613 -0.245183 0.305807 0.221234 -0.290622 0.035208 -0.143227 0.235526 -0.240326 0.189065 0.035595 -0.184042 0.091699 0.147834 -0.104509 
337.453949 -10.925731 1.951679 -3.867475 -0.082288 -3.346238 0.356681 -1.428726 -2.086252 -2.785025 -1.528244 -0.104511 0.046225 0.670043 -0.479557 -0.252673 -0.345584 0.275275 -0.660065 0.949912 -0.015682 -0.297158 0.545010 0.050484 0.096790 -0.100880 -0.077703 0.048320 -0.125656 0.125758 -0.140601 -0.051488 0.155537 -0.072228 -0.033749 0.386023 -0.300447 
333.926392 -10.040794 0.789193 -3.726643 -0.655198 -2.404132 -0.604623 -0.672467 -1.943871 -3.521192 -1.161450 0.486823 -0.371810 0.025815 -0.053721 -0.226448 -0.310440 0.055738 -0.460615 0.468807 0.224200 -0.073530 0.294115 0.526863 -0.295086 -0.828588 0.654126 -0.115683 0.247644 -0.442835 0.253823 -0.249807 0.060119 0.131725 -0.241776 0.228386 -0.197247 
334.281738 -10.874101 1.844238 -4.320372 -0.703168 -3.234763 -0.564550 -0.491113 -1.637851 -2.932085 -0.940015 0.949214 -0.543948 -0.987132 0.828695 -0.484039 0.149705 -0.610394 -0.152419 0.450299 0.104555 -0.033707 0.061457 0.507257 -0.297704 -0.636211 -0.153367 0.024324 0.375072 -0.273240 0.418132 -0.194230 -0.311878 0.141069 -0.344029 -0.258748 0.323232 
334.246063 -12.015058 2.446584 -4.694722 -0.355788 -3.624921 -0.909461 0.228131 -1.734760 -3.588607 -1.038535 1.501338 -0.967218 -1.246606 -0.360454 -0.177800 0.439704 -0.490742 0.375650 0.080347 -0.399555 0.208609 -0.393944 0.009367 0.351377 -0.210809 -0.503263 0.393540 -0.055082 0.204574 0.330049 -0.519661 -0.190905 0.173934 -0.093916 -0.603964 0.390298 
331.606720 -13.367312 1.123329 -4.675972 0.176240 -4.216247 0.186749 -0.330420 -2.436962 -2.514867 -1.727903 0.967949 0.158806 -1.408750 -0.177830 0.303041 0.039542 -0.201246 0.507680 -0.589024 -0.277254 0.314162 -0.126374 -0.700672 0.482893 0.013559 0.845517 0.355494 -0.427822 0.321931 -0.144565 -0.023847 0.019212 -0.030247 0.196954 -0.104995 -0.415519 
326.971558 -14.832557 2.090924 -4.088640 -0.276704 -4.027412 0.105899 -0.949917 -2.289269 -2.960283 -1.291283 0.099994 -0.001433 -1.219489 1.330580 0.533188 -0.415940 0.153120 0.086520 0.032652 -0.361131 0.148115 -0.000036 -0.200622 -0.479660 0.065098 1.003108 0.018614 0.188660 0.426437 -0.426348 0.413515 -0.122984 -0.107774 -0.010810 0.485930 -0.475483 
331.117432 -15.806290 3.784488 -3.609596 -0.655640 -3.910007 0.359789 -0.265116 -3.159224 -2.218637 -1.727976 0.566705 -0.800515 -1.278554 1.828386 0.340268 0.416861 0.651629 -0.345016 0.238005 -0.523222 0.098613 -0.147994 0.271188 -0.468073 -1.375549 0.230341 -0.285325 0.662201 0.492688 -0.493296 0.221164 -0.105635 -0.136831 -0.176143 0.193085 0.314829 
335.576752 -17.389666 5.747696 -3.408104 0.557018 -2.724155 -0.584132 -0.473906 -3.335713 -2.763058 -1.587271 0.642370 -0.937578 -3.970586 1.791261 -0.037462 0.908462 1.138496 -0.900072 0.474981 -0.572401 -0.125546 -0.352322 0.185548 0.149998 -6.101467 -0.596875 -0.208039 0.467214 0.147914 0.328550 0.162614 0.415858 0.249947 -0.111609 -0.177153 0.685298 
336.819366 -23.747462 7.367011 -3.684520 1.161285 -1.633014 -1.440354 0.684846 -4.304026 -2.469728 -2.432619 0.937800 -0.500519 -13.481489 0.634636 -0.075809 1.351289 0.947457 0.312085 0.563234 0.308494 0.598507 -0.371212 -0.083117 0.902524 -9.138489 -3.580001 1.387847 -0.624904 0.036112 0.971180 -0.257873 1.289251 0.563600 0.758458 -0.220871 0.136498 
318.426514 -44.352643 7.016967 -3.559721 3.259595 -0.829241 0.040038 0.652561 -2.718726 -1.566044 -2.329695 0.476135 0.867470 -22.247564 -5.368740 2.738231 -0.341345 1.210720 1.042288 -0.040765 2.006102 1.001654 1.164595 -0.256194 0.422993 4.562074 -1.035459 2.362255 -0.722267 -0.481960 0.225053 -0.968805 0.980503 -0.431214 0.646681 0.222246 -1.043314 
387.973389 -68.242590 -3.370469 1.791943 0.478594 0.788425 0.644221 0.603316 -0.291823 -0.466419 -0.103430 0.425412 0.345468 -4.357342 -1.436282 4.648701 -0.093245 -0.016463 0.762191 -1.374376 2.269499 -0.263921 0.922150 0.361374 -1.184104 19.286685 4.949953 0.184121 1.502894 -1.018103 -0.948663 -1.288876 -0.041021 -0.975805 -0.659955 0.572100 -0.495998 
69.255943 -53.067326 4.144403 5.737680 3.073106 -0.862168 1.564420 -2.096190 1.820272 -2.093885 -0.485395 1.198884 -1.500738 16.325805 4.531166 3.106474 2.664442 -0.825485 -0.855038 -2.618517 1.924059 -0.949955 -0.155316 0.888006 -0.569003 4.765356 2.112408 -1.768180 0.572946 0.274384 -1.377018 0.387875 -1.139786 0.425084 -0.317780 -0.202192 0.835004 
0.000000 -35.590979 5.691863 8.004890 5.807478 -0.862546 -1.065855 -4.633718 3.556295 -2.366330 -0.414062 2.201423 -0.792538 5.173371 2.788533 1.112341 1.052647 0.532304 -1.991846 -0.598625 -0.010073 0.586248 0.286589 -0.043010 0.485903 -11.823969 -1.072749 -1.423408 -2.278897 0.330511 0.296730 2.294951 -1.855794 1.132682 0.206260 -0.939448 0.477334 
267.102692 -42.720583 9.721470 7.962361 5.178399 0.202439 -2.419271 -3.293441 1.800127 -0.921390 0.087784 1.112864 -0.528931 -7.322133 2.385669 0.259657 -1.893351 -0.164464 -0.261579 1.971386 -1.787530 1.315408 0.257204 -0.990891 0.385665 -2.831453 -0.392274 -0.720399 -2.280865 -0.898987 0.765971 1.052949 -0.238245 0.169916 -0.599877 -0.432006 0.051642 
248.077209 -50.235245 10.463200 8.524205 2.020776 -1.191473 -1.589013 -0.690947 -0.018764 0.264487 0.100345 0.219641 -0.021208 -0.489534 2.003985 -0.328458 -3.509084 -1.265671 -0.459904 1.507273 -0.486564 0.926080 -0.913165 -0.907023 0.589187 8.870072 -0.717984 -1.886047 0.103710 -0.072408 -0.421617 -0.697096 0.907087 -0.208276 -0.922193 0.126507 -0.012140 
235.528030 -43.699652 13.729439 7.305445 -1.839768 -2.328903 -3.339078 -0.278895 0.827000 0.930769 -1.738546 -0.701182 0.649444 10.418011 0.949701 -3.512436 -1.685931 -0.309279 -1.104812 0.577193 0.026645 0.898856 -1.587183 -0.737878 0.361386 6.382952 -2.402878 -1.887154 2.266691 0.431354 0.343044 -0.256412 -0.374513 -0.058534 -0.005027 0.296916 -0.199445 
244.201843 -29.399223 12.362602 1.499333 -1.351086 -1.810031 -3.798637 0.463440 0.034526 2.062200 -3.074022 -1.256114 0.701563 12.276370 -2.801770 -4.102767 1.024298 -0.402964 0.226184 0.994448 -1.235589 0.809012 -0.923219 -0.313190 0.190297 -2.248660 -1.851071 0.939738 1.400275 -0.283304 0.781891 -0.062636 -0.356045 -0.425127 0.597704 0.475170 -0.087503 
244.866470 -19.146913 8.125899 -0.900088 0.208828 -3.134831 -2.886711 1.710001 -1.644178 2.548793 -3.584985 -1.327562 1.030038 5.920692 -2.752440 -1.632960 1.114619 -0.875887 0.458971 0.451920 -0.685445 0.048602 -0.391776 0.212463 0.186380 -5.159380 0.569455 1.732505 -0.104211 0.048798 -0.077238 -0.794995 0.900007 -0.696071 0.499301 0.425612 -0.150373 
245.729568 -17.557840 6.857722 -1.766586 0.878153 -3.561806 -2.880695 1.367281 -1.336365 2.159404 -3.857573 -0.831189 1.074324 1.957610 -1.662860 -0.637756 0.815876 -0.305368 0.071708 -0.595542 0.564425 -0.583129 0.075383 0.538034 -0.110450 -2.215763 0.683161 0.596092 -0.045185 0.191302 -0.115583 -0.475313 0.557514 -0.313939 0.471394 -0.074202 -0.224899 
245.990921 -15.231693 4.800178 -2.175601 1.840581 -3.745568 -2.743295 0.518917 -0.515328 1.382535 -3.434220 -0.251493 0.809138 1.489166 -1.386117 -0.440775 1.024250 -0.493284 0.227805 -0.498705 0.429583 -0.579276 0.551012 0.064059 -0.263418 -0.934259 0.683690 0.200012 -0.502618 0.102287 -0.166195 0.556118 -0.466625 0.123706 0.158542 -0.459603 0.158776 
242.726410 -14.579507 4.085487 -2.648137 2.926652 -4.548373 -2.425084 0.369871 -0.477200 1.000852 -2.755549 -0.703071 0.547487 0.089091 -0.295480 -0.237733 -0.189359 -0.100795 -0.260682 0.516694 -0.368825 -0.335716 0.392467 -0.381172 0.207101 -1.185756 1.108023 0.025346 -0.957979 0.407029 -0.299812 0.525513 -0.348524 0.101124 -0.173670 -0.119804 0.219955 
232.610367 -15.053511 4.209219 -2.651067 1.461864 -3.947157 -3.264659 1.552305 -1.252977 0.711102 -2.649286 -1.013838 1.223340 -0.882346 0.829929 -0.390082 -0.891707 0.320774 -0.371819 0.552321 -0.267465 -0.377029 0.203671 -0.175550 0.176492 -0.255771 0.347742 0.205095 -0.105695 -0.065123 0.307144 -0.276476 0.147332 -0.003867 -0.099618 0.315070 -0.276970 
228.844620 -16.344199 5.745346 -3.428301 1.143237 -3.906826 -3.168721 1.474512 -1.012129 0.246795 -2.348207 -1.054171 0.900471 -0.422452 0.400004 0.172457 -0.400748 -0.231040 0.353606 -0.036258 -0.074161 -0.343451 0.193231 0.248968 -0.346839 0.325525 -0.547223 0.217862 0.576244 -0.519373 0.490149 -0.529090 0.017943 0.056367 0.067305 0.380217 -0.280143 
231.209274 -15.898415 5.009227 -2.306154 0.660368 -4.409237 -2.557448 1.479789 -1.401299 0.024199 -2.262824 -0.515902 0.529662 -0.231296 -0.264516 0.045642 0.260781 -0.717973 0.608480 -0.505860 -0.231578 -0.264294 0.338281 0.584885 -0.383794 -0.724722 0.210408 -0.425042 0.554412 -0.011622 -0.301066 -0.312918 0.188332 0.131436 0.044409 0.040335 0.087885 
227.181778 -16.806791 5.216313 -3.337017 1.664799 -5.342772 -1.951761 0.462792 -1.475286 -0.281794 -1.671645 0.115599 0.132883 -1.871895 0.820820 -0.677627 0.708075 -0.254284 -0.248527 -0.662094 0.302503 -0.080580 0.282049 0.329638 -0.171069 -0.581994 0.587519 -0.120086 0.181071 0.450594 -0.305312 0.042865 0.341419 0.153282 -0.204759 -0.171068 0.167905 
218.592361 -19.642205 6.650866 -3.661408 2.076519 -4.917805 -3.054502 0.155602 -0.796293 -0.136961 -1.698726 0.143374 0.187525 -1.395285 0.910521 -0.194529 0.622924 0.183215 -0.002145 -0.420130 0.451259 0.042269 -0.071237 0.242750 -0.047984 0.836318 -0.358824 0.481667 -0.048665 -0.010588 0.673977 -0.002179 0.097410 -0.084783 -0.112591 -0.069314 0.084081 
216.524948 -19.597360 7.037355 -3.726076 2.910646 -4.976342 -1.956050 -0.377468 -0.572768 -0.197256 -1.814119 0.601099 0.036915 -0.199260 0.103171 0.285707 0.610746 -0.275461 1.099428 -0.666451 0.497322 -0.250146 0.056867 0.191010 -0.002906 0.119591 -0.205913 0.233719 -0.174681 -0.181748 0.362254 -0.171991 0.023252 -0.046826 0.016204 -0.149988 0.003405 
217.030365 -20.040725 6.857208 -3.089994 3.298011 -5.468727 -0.855647 -1.177301 0.198350 -0.637252 -1.584993 0.525394 0.181713 -1.156103 0.498695 0.272909 0.273562 -0.180281 0.722364 -0.764113 0.497762 -0.051383 -0.038828 -0.057227 -0.041174 -0.201714 0.085394 -0.041412 -0.524926 0.227176 -0.414472 0.080467 -0.073656 0.107629 -0.043345 -0.264171 0.064666 
215.522858 -21.909566 8.034745 -3.180257 3.457770 -5.336905 -0.511322 -1.905693 0.422756 -0.300021 -1.891775 0.486645 -0.045432 -0.602688 0.273959 0.202883 -0.439105 0.178892 0.270483 -0.505518 0.350009 -0.034887 -0.029823 -0.337332 0.126426 0.270124 -0.283074 -0.128825 -0.445817 0.256510 -0.191398 0.126538 -0.117227 -0.010396 -0.116699 -0.055121 0.030843 
212.226761 -21.246100 7.405126 -2.684229 2.419801 -5.110944 -0.314680 -2.188338 0.898369 -0.707026 -1.644638 -0.149270 0.434565 -0.615855 -0.067453 0.015260 -0.618073 0.332738 0.339567 -0.511037 0.263307 -0.072174 -0.272226 -0.167470 0.020513 -0.397177 -0.308764 -0.065964 0.205693 -0.053227 0.185924 0.000954 0.018751 0.062783 -0.259414 0.077157 -0.270590 
207.882553 -23.141276 7.899838 -3.149738 2.221625 -4.671428 0.167813 -2.927767 0.949371 -0.444370 -2.436228 0.151705 -0.004407 -1.397042 -0.343570 0.070956 -0.027720 0.072438 0.642330 -0.503610 0.387511 0.090679 -0.548650 -0.183018 -0.414753 -1.477132 -0.808164 0.424551 0.595375 -0.249312 0.237145 0.020696 -0.130285 0.181353 0.009794 -0.125101 0.037649 
205.297485 -24.040184 6.717986 -2.542318 2.364362 -4.966067 0.969980 -3.195557 1.673391 -0.525667 -2.741939 -0.515307 -0.394941 -3.570119 -1.683782 0.864361 0.572677 -0.165885 0.813857 -0.469645 0.002738 0.290531 -0.252639 -0.417672 0.095811 -6.882483 -0.935690 1.023703 0.038710 0.371057 -0.362049 0.033295 -0.560542 -0.009618 0.296969 0.461628 0.008826 
202.946747 -30.281514 4.532275 -1.421016 3.366980 -5.003198 1.795527 -3.867058 0.954847 0.136693 -2.941506 -0.683638 0.187216 -15.162007 -2.214950 2.118361 0.049701 0.814552 -0.081768 -0.437020 -0.733574 0.071444 0.045287 0.740237 -0.397102 -9.267692 -2.022932 -0.103592 -1.215518 1.188920 -1.062064 1.068327 -0.310922 -0.170557 0.898779 0.305125 -0.169468 
0.000000 -54.364199 2.288087 1.694405 2.463764 -3.336963 0.806445 -4.069597 0.206244 -0.382779 -2.651364 0.965167 -1.189145 -22.105502 -5.729646 0.657178 -1.858359 2.211954 -1.310272 1.667009 -0.619106 -0.050584 1.544918 0.192579 -0.243125 6.942433 -2.227596 -2.023452 0.311655 -0.015051 -0.264423 1.354218 0.429347 -0.149578 0.642609 -0.328608 0.308814 
204.134094 -74.492519 -6.927017 -0.106660 -0.349738 -0.579289 -0.825016 -0.533041 -0.283365 0.035525 0.148330 -0.298480 -0.299033 -1.277141 -6.670141 -1.928543 0.673011 0.784449 -0.610613 2.271415 0.125120 -0.227711 1.330505 0.083021 0.220525 23.355002 4.722992 -0.587725 1.737072 -1.032134 0.772263 -1.214962 -0.181570 0.114009 -0.632024 0.324352 -0.217168 
222.182617 -56.918480 -11.052196 -2.162682 3.809787 -1.768065 -0.414782 0.473233 0.456484 -0.838202 0.009647 1.131209 -0.748094 24.604501 3.716338 -0.518271 1.615785 0.147687 0.234253 -0.762914 -0.982247 0.177435 0.280869 0.841283 -0.677461 10.848618 6.671509 0.974663 -0.160167 -0.177171 0.512773 -1.700545 -0.907104 0.607607 -0.531116 0.103655 -0.597742 
0.000000 -25.283516 0.505658 -1.143203 2.881832 -0.283915 -0.356510 -2.058869 -2.247858 0.390395 0.710068 1.384086 -1.653956 20.420095 6.672877 0.020783 0.352677 0.430107 0.414933 -1.129676 -1.689088 0.987502 0.268274 0.290331 -0.974959 -10.019251 -1.422643 0.286449 0.225529 -0.295170 0.386974 0.758043 0.592282 -0.085171 -0.181417 -0.587792 0.124005 
279.213074 -16.078290 2.293559 -2.121116 4.515141 -0.907850 0.415084 -1.786118 -2.921691 1.136802 0.546194 1.711871 -2.698012 4.566000 0.871051 0.054626 2.066844 -0.442652 1.008201 0.753172 0.202317 0.007093 -0.081965 -0.334300 -0.429450 -12.241699 -3.639765 0.585804 0.862001 -0.301130 0.072435 0.786216 1.265493 -0.752293 -0.126328 -0.490029 0.601237 
276.927490 -16.151516 2.247761 -1.033951 7.015520 -1.169219 1.659892 -0.552526 -1.843223 0.404582 0.546139 0.715486 -2.512856 -4.063303 -0.606652 1.192392 2.076680 -0.172152 0.559803 0.442757 0.841898 -0.517084 0.015618 -0.689728 0.227515 -8.969254 -0.512173 0.320529 -0.847139 0.868047 -0.174712 -0.099331 -0.235682 -0.194184 0.262669 -0.018804 0.274222 
0.000000 -24.204895 1.080255 0.263668 8.668500 -1.252154 1.534691 -0.900604 -1.237895 0.102634 0.577431 0.332416 -2.242983 -13.372509 -0.153295 0.695685 0.372566 1.293442 0.658778 0.554510 -0.269047 -0.381275 0.443374 -0.371909 0.118993 -6.137021 0.205077 -0.043518 -1.831684 0.880655 -0.161687 0.657128 -0.479764 0.449092 0.349799 0.057683 0.364636 
267.045258 -42.896534 1.941171 0.357419 7.760652 1.417665 2.977447 0.556493 -2.381317 -0.357969 1.432886 -0.028332 -2.274870 -16.337344 -0.196499 1.105356 -1.586688 1.589158 0.236428 1.757014 -0.117630 0.381099 0.715217 -0.574361 0.956787 5.594175 -3.630966 0.138678 0.271661 -0.089698 -0.930592 0.420491 0.548129 0.776803 -0.584309 -0.074476 0.352132 
230.408112 -56.879583 0.687258 2.474379 5.495123 1.926162 2.007548 2.613424 -1.473154 0.864833 2.007866 -0.816307 -0.329408 -2.184158 -7.415228 0.973042 0.915888 1.114045 -1.202407 1.395491 0.827211 1.172331 -0.725244 -0.520861 0.823258 13.815370 -2.355750 -0.599610 2.134033 -0.132586 -0.911416 -1.373898 0.243652 -0.015059 -1.011894 0.246121 -0.368971 
231.116165 -47.264850 -12.889285 2.303502 9.592427 3.645756 0.572633 3.347475 -0.726895 1.986693 -0.017601 -1.070055 -0.628354 11.293396 -4.907999 -0.093864 2.681378 1.323986 -1.586404 -0.990781 0.369674 0.350982 -1.308570 -0.082120 0.218845 4.787602 6.095140 -1.312029 0.270062 -0.426613 0.264091 -1.421219 -0.510149 -0.923376 0.224661 0.609893 -0.150583 
222.939011 -34.292792 -9.128739 2.286651 10.857879 4.574134 -1.165260 0.631862 -0.733806 1.566796 -0.609275 -0.980547 0.108281 7.391046 4.775052 -1.651017 1.456012 0.260820 -0.674225 -1.446947 -0.193087 -0.674421 -0.275921 0.698925 0.522092 -4.999126 4.234631 -1.308631 -0.423408 -1.003007 1.306493 0.130272 -0.254667 -0.519442 0.702170 0.426464 0.008537 
222.160965 -32.482759 -3.339180 -0.998532 12.504452 4.167396 -0.775816 0.453581 -1.113069 0.637851 -0.569444 0.327795 0.415830 1.295143 3.561264 -2.711126 1.834562 -0.682028 1.026583 -0.730237 -0.139660 -0.687902 0.095769 0.770808 0.235918 -3.377140 -2.069623 0.241266 0.202431 -0.712943 0.844132 0.360552 0.136150 0.358468 -0.140792 -0.396872 -0.091907 
220.212204 -31.702506 -2.006212 -3.135602 14.527003 3.210077 0.887906 -0.828613 -1.013125 0.190993 -0.417737 0.561069 0.580116 0.636766 0.635805 -1.168486 1.860875 -1.165067 1.014040 -0.725843 0.079212 0.042515 -0.557506 -0.094819 0.338278 -0.145815 -1.910464 1.503927 -0.610425 0.063478 -0.640403 0.351428 -0.121516 0.660572 -0.538329 -0.403486 -0.152554 
223.000610 -31.209227 -2.067570 -3.335503 16.226202 1.837262 1.252264 -0.998105 -0.954644 0.722881 -1.684456 0.138156 1.092386 1.003514 -0.259664 0.296728 0.613712 -0.555073 -0.254223 -0.027382 -0.382691 0.633242 -0.980890 -0.036164 -0.069191 0.845886 -0.480876 0.925694 -1.276967 0.802697 -0.896450 0.499934 -0.232310 0.270953 -0.006167 -0.038468 -0.400126 
225.622299 -29.695479 -2.525540 -2.542146 15.754427 2.099932 0.379460 -0.883377 -1.778507 1.457477 -2.379518 0.488741 0.441733 2.328538 -0.325947 0.682902 -0.693059 0.440327 -0.778861 0.274025 -0.385407 0.584422 -0.569840 -0.171755 -0.461973 0.420604 0.168997 0.332275 -0.806251 0.235558 -0.108408 0.191813 0.254993 -0.316694 0.582097 -0.112564 -0.106685 
233.139236 -26.552151 -2.719463 -1.969699 14.840084 2.717916 -0.305457 -0.450054 -1.725458 1.891725 -2.824137 -0.205353 0.168440 1.844721 0.078330 0.961279 -0.998791 -0.083958 -0.471039 0.356244 0.127294 -0.000147 0.183305 -0.261291 -0.282562 -0.112599 0.346559 -0.242802 -0.263964 -0.663781 0.463866 0.049118 0.242362 -0.368390 0.535309 0.132602 0.173780 
240.276474 -26.006037 -2.368880 -0.619588 13.756845 1.932016 -0.562618 -0.170889 -1.523919 1.457183 -2.012909 -0.033841 -0.123390 2.103341 0.367172 0.197299 -1.220986 -0.887235 0.148871 0.372262 0.099317 -0.152358 0.500777 0.093450 -0.114413 0.487715 -0.025655 -0.852493 0.018746 -0.089383 0.453209 -0.019073 0.099365 0.052881 -0.042658 0.010210 0.039545 
251.232620 -22.345468 -1.985120 -1.575101 12.398112 0.943446 -0.007716 0.294470 -1.526824 1.587008 -1.822582 -0.018452 -0.060386 2.820152 0.027020 -0.743707 -0.961299 -0.262725 0.435379 0.318098 0.326024 0.105615 0.097989 -0.240871 -0.203473 -0.531981 -0.542040 0.036883 0.649213 0.551577 0.246873 -0.404977 0.291891 0.149905 -0.212314 -0.189615 -0.061346 
257.374786 -20.365734 -2.314839 -2.107003 11.834247 1.406567 0.308140 0.465307 -0.871870 1.668412 -1.816931 -0.515583 -0.530335 1.039379 -0.716908 0.271064 0.077439 0.215920 0.642616 -0.437692 0.683098 0.147451 0.076149 -0.285780 -0.237106 -3.016526 -0.451348 0.912675 0.487254 0.506324 -0.038069 -0.540337 -0.047466 -0.079579 0.057425 0.273478 0.095121 
0.000000 -20.266710 -3.418936 -1.032972 12.552990 1.375286 1.277517 -0.580914 -0.160627 1.881910 -1.670285 -0.590011 -0.534598 -3.212900 -0.875675 1.081643 0.013208 0.749923 0.359242 -0.762576 0.231092 -0.053543 0.212840 0.306085 -0.013230 -6.519829 -0.207683 0.246462 -0.981513 0.384799 -0.214279 0.239505 0.095283 -0.208739 -0.026642 0.173515 0.057336 
0.000000 -26.791533 -4.066190 0.056282 11.860663 2.906412 1.026625 -1.059845 -0.409687 1.561326 -1.391251 0.096587 -0.556796 -12.000280 -1.132275 0.763988 -1.885588 0.985517 0.214058 0.041319 0.873664 -0.270028 0.022864 0.061251 -0.122433 -7.472408 0.598939 -0.307068 -1.972394 0.091225 0.136227 0.932312 0.289280 0.188500 0.184225 -0.173926 0.127010 
0.000000 -44.267269 -5.683485 0.495004 8.781814 3.346320 1.705633 -0.498277 1.586701 1.341855 -1.624558 -0.467509 -0.779464 -18.157716 0.322202 0.467506 -3.931581 0.932372 0.631696 1.102049 0.809651 0.323457 0.581290 -0.041767 0.240789 2.285377 -2.144396 -0.514079 -0.826169 -1.324766 -0.561563 0.091103 -0.974590 0.109429 0.388153 -0.048162 0.233705 
0.000000 -63.106964 -3.421785 0.991295 3.997501 4.771156 2.290016 1.144252 1.209615 2.208241 -0.228671 0.013054 -0.075218 -7.429526 -5.421066 -0.264169 -3.537925 -1.664015 -0.909068 0.223525 -1.075517 -0.051170 0.799170 -0.035073 0.344977 14.176515 -4.589822 -0.722232 1.917875 -1.597596 -1.208763 -0.821443 -0.923566 -0.475234 -0.042323 -0.244411 -0.233474 
0.000000 -59.126320 -16.525618 -0.033335 1.705965 0.018290 -0.112502 -0.051227 -0.564333 1.239515 -0.026218 -0.537655 -0.089510 10.195314 -8.857441 -0.976957 -0.095831 -2.262821 -1.785830 -0.540837 -1.037481 -0.627011 0.496645 -0.530588 -0.226158 9.582172 2.379224 -0.710431 2.402536 1.650651 0.867372 0.196039 0.308535 -0.372185 -0.404612 0.088764 -0.087663 
0.000000 -42.716335 -21.136667 -0.962619 3.805839 0.245514 -1.281645 0.062578 -0.865346 0.954219 0.764618 -1.048121 -0.527535 11.734819 -0.662619 -1.685031 1.267147 1.637288 0.825676 0.615603 -0.458447 -0.795541 -0.010054 0.142456 0.169651 -1.086150 10.003685 1.492622 0.501764 1.255970 1.082374 0.327046 0.180188 -0.060615 -0.528936 0.300382 0.161889 
0.000000 -35.656683 -17.850856 -3.403396 4.240258 3.292866 1.538850 1.179978 -1.481226 -0.351566 -0.046326 -0.252743 0.249791 8.023014 11.149929 2.008286 0.907698 0.249120 0.378918 0.113254 -0.677105 -0.748242 -0.561227 0.070176 0.097620 -3.620815 5.084821 2.456853 -0.288329 -1.455922 -0.928503 -0.530524 0.044641 0.350095 -0.072851 -0.234985 -0.230347 
0.000000 -26.670307 1.163191 3.053954 5.621234 0.743755 -0.523810 0.289086 -2.219555 -0.542265 -0.357836 -0.907769 -0.332295 4.493188 9.507024 3.228675 0.690488 -1.274556 -1.031330 -0.445446 -0.369165 -0.095350 -0.155755 -0.327513 -0.291043 -1.764913 -0.821453 0.610194 -0.108605 -0.761838 -0.705124 -0.279350 0.153970 0.326446 0.202736 -0.198845 -0.194331 
