326.805145 -24.534139 5.424980 -2.882243 -0.280928 -5.955384 -2.755633 2.308142 -1.712621 -1.578368 -0.935244 -0.034529 -0.496821 0.644109 -0.486112 0.077161 0.123996 0.446666 1.003230 -0.683770 -0.574791 -0.640307 -0.083973 0.053496 0.090515 -1.697142 -0.475711 0.506158 0.378400 0.759675 0.363453 -0.553765 0.302588 0.164390 -0.012080 -0.171051 -0.030492 
310.767395 -23.245921 4.452756 -2.727920 -0.032937 -5.062053 -0.749172 0.940603 -2.862203 -2.858983 -1.103191 0.072462 -0.315790 -2.750175 -1.437534 1.089476 0.880795 1.966015 1.730137 -1.791299 0.030385 -0.311527 -0.108133 -0.288606 0.029531 -3.278997 -3.060132 0.523327 0.396592 -0.062792 -0.197727 -0.242757 1.186848 0.720518 -0.004029 -0.415219 -0.071109 
304.674652 -30.034488 2.549912 -0.703290 1.480663 -2.023355 0.704641 -1.274456 -1.651851 -2.201422 -1.151510 -0.611741 -0.437760 -5.913884 -6.606375 1.123816 0.917180 0.321082 0.607777 -1.169283 1.798905 0.800730 -0.092031 -0.776942 -0.051703 0.473517 -3.184324 -0.701405 0.413118 -0.770148 -0.991293 0.618920 0.527210 0.444070 -0.270423 -0.425744 -0.095358 
308.443115 -35.073689 -8.759994 -0.480288 1.801424 -4.419889 0.466383 -1.397963 0.735607 -1.257523 -1.287254 -1.481422 -0.419196 -1.803141 -7.806182 -0.313333 1.707031 0.425718 -0.252448 -0.553458 1.084805 0.576614 -0.648980 -1.140094 -0.161186 2.736088 4.707461 0.006935 0.725801 1.516033 -0.632585 0.025764 -1.135337 -0.237305 0.182201 0.594706 0.130467 
0.000000 -33.640769 -13.062452 -1.329956 4.894724 -1.171918 0.199744 -2.381373 0.517760 -1.048194 -2.449469 -2.891929 -0.760132 -0.441708 2.808547 1.137686 2.368783 3.353148 -0.657392 -1.117755 -0.471770 0.326119 0.272370 0.412469 0.209231 1.219021 8.542348 0.203267 -1.051804 -0.050414 -0.020449 0.279978 -0.898686 -0.559312 0.373848 1.377824 0.426039 
320.998535 -35.957105 -3.142899 1.795084 6.538989 2.286407 -0.848402 -3.633473 -0.207932 -0.605285 -0.742514 -0.656484 -0.000733 0.634902 9.278514 0.093202 -0.396577 0.324891 -0.293346 0.006498 -0.712567 -0.542009 0.098717 1.615555 0.690893 1.788724 1.287040 -1.623123 -2.304767 -3.344495 0.448488 1.113817 -0.245036 -0.540787 -0.806769 0.052301 -0.038462 
330.814087 -32.370965 5.494576 -1.143553 4.101570 -0.522137 -0.386949 -2.368377 -0.907373 -2.132213 -2.252036 0.339181 0.621654 3.135739 5.382627 -2.108559 -2.240752 -3.335843 0.239584 1.109879 -0.961842 -0.755455 -1.341168 0.517072 0.132307 0.804577 -3.994644 -0.347622 0.008506 -1.320752 0.062176 0.681874 0.192639 0.843328 -0.161389 -1.118522 -0.623324 
316.364288 -29.685626 7.622354 -2.422035 2.057485 -4.385279 -0.369234 -1.413715 -2.131615 -2.116195 -3.424850 0.377660 0.263880 2.244057 1.289225 -0.602042 -0.379566 -2.316614 -0.168994 1.370246 -0.327289 1.144647 -0.224062 -0.621490 -0.555755 -1.110579 -2.626125 1.527063 1.917672 1.042432 -0.710770 0.246032 0.983310 1.137363 1.190074 -0.548420 -0.491090 
303.515472 -27.882851 8.073027 -2.347638 3.342438 -5.155365 -0.724937 0.372116 -1.561951 0.157082 -2.700159 -0.903800 -0.489856 0.914582 0.130378 0.945566 1.594591 -1.250979 -1.181955 1.601944 1.004779 1.519271 1.038981 -0.579769 -0.849873 -1.606838 -0.358888 0.879044 0.653773 0.837980 -0.776222 -0.321899 0.749486 -0.276658 0.467200 0.442378 0.163399 
294.127716 -27.856462 7.883110 -0.530903 5.246667 -6.887238 -2.733145 1.790173 -0.122057 0.922347 -1.346889 -0.781878 -1.435866 -0.969620 0.571450 1.156045 0.927980 -0.640654 -1.721438 0.726449 1.171683 0.591332 0.710339 0.263265 -0.228957 -0.821352 0.311578 -0.857209 -1.190969 0.977287 1.137089 -0.803205 -0.492934 -0.847323 -0.630011 0.594547 0.659956 
286.121796 -29.822090 9.215927 -0.035547 5.198398 -6.436673 -4.167814 1.825014 0.781416 1.339745 -1.279482 -0.377269 -0.947770 -0.728123 0.753534 -0.768852 -0.787346 0.703594 1.092223 -0.004465 0.018911 -0.175375 -0.221042 0.609325 0.470039 0.058602 -1.835508 -0.372527 -1.757738 1.414788 1.962685 -0.833419 -0.413955 -0.914286 -0.030682 -0.023438 0.177383 
278.117401 -29.312709 9.390178 -2.068606 3.671975 -5.480049 -0.548699 1.781242 -0.084235 0.571597 -1.788973 0.436772 -0.495788 -0.852416 -3.099566 0.410991 -2.587496 2.188922 2.203932 -0.940389 0.343773 -1.237240 0.648974 0.216389 0.125809 -0.732355 -4.774294 2.308527 -0.403784 0.751847 -0.411070 -0.881594 0.249752 -0.166364 0.436626 -0.469160 -0.287422 
274.042145 -31.526922 3.016796 0.786435 0.023407 -2.058829 0.240051 -0.055764 1.468961 -1.134736 0.018467 0.055509 -0.696153 -2.192833 -8.795053 3.848203 -1.594915 2.207288 0.270082 -1.767653 0.518414 -0.508103 0.652209 -0.328995 -0.104805 -0.541539 -2.963020 0.692638 1.750483 -1.188248 -1.570199 0.582936 -0.261525 0.899378 -0.166207 -0.441508 -0.230989 
275.386719 -33.698375 -8.199927 5.627799 0.482145 -1.065473 -0.008535 -1.754063 0.952592 -0.444608 -0.484554 -0.221219 -0.705398 -1.935494 -9.025606 1.796267 0.913471 -0.187574 -0.936466 0.225483 -0.179277 0.561515 0.316561 -0.666627 -0.336170 0.955669 1.993134 -1.949517 2.231228 -0.863831 0.130131 1.335477 -0.281943 0.507129 0.077385 -0.089535 0.062980 
0.000000 -35.397910 -15.034415 4.378969 1.850350 -2.433977 -1.632882 0.395202 1.110408 -0.011705 0.651589 -1.277745 -1.368494 -0.281496 -4.808785 -0.050832 2.867541 0.479626 0.530344 0.903301 -0.045472 0.506154 0.806978 -0.508065 0.021154 5.229669 7.613849 -2.154653 -0.175042 0.476011 0.707081 -0.610051 -0.318990 -0.221724 0.093834 0.762359 0.694283 
0.000000 -34.261367 -17.817496 5.526135 6.217228 -0.106221 1.052153 0.052539 0.861649 0.567700 1.129403 -1.237349 -0.663090 8.523843 6.202093 -2.513040 0.563387 0.764448 0.477695 -0.994618 -0.817257 0.118067 0.504228 0.858090 1.052395 4.822914 7.700225 -2.746181 -3.129484 -0.902621 -0.596618 -0.738922 -0.521927 -0.284258 -0.627024 0.634465 0.142233 
0.000000 -18.350223 -2.630229 -0.647112 2.977125 -0.905081 -0.677491 -1.594034 -0.524107 0.224430 1.660045 0.438435 0.736297 9.364331 10.591665 -5.543194 -3.391426 -1.325616 -0.662893 -0.574542 -1.089327 -0.062362 -0.447069 0.760865 0.305621 -4.915899 -1.036611 0.013074 -1.796180 -1.116745 -0.414862 0.816142 0.752066 -0.005742 -0.895176 -0.544364 -0.679406 
382.571625 -15.532704 3.365834 -5.560252 -0.565624 -2.757452 -0.273632 -1.096545 -1.317005 0.442975 0.235264 0.284380 -0.051848 -1.307954 4.128871 -2.486892 -3.028973 -1.469041 -0.352029 0.637665 0.686874 0.106584 -1.286124 -0.230638 -0.306416 -5.800521 -4.791929 3.088277 1.128680 0.444113 -0.394066 0.594931 1.252665 -0.037649 -0.279524 -0.342578 -0.174901 
359.778259 -20.966130 5.627513 -5.620897 -3.080821 -3.843163 -1.381549 -0.318703 0.849642 0.437598 -0.912202 -0.022841 0.123464 -2.236710 1.007807 0.633360 -1.134066 -0.437389 -1.451025 0.615320 1.416003 -0.137660 -1.006118 0.075709 -0.044181 0.161385 -1.959387 2.055237 1.790982 0.975273 0.171680 -0.571711 -0.499670 -0.295438 0.323304 0.336450 -0.130413 
344.501038 -20.006125 5.381447 -4.293533 -2.833756 -3.632231 -3.175682 0.134096 1.515001 0.167655 -1.776972 0.435797 -0.140209 -0.985183 0.210097 1.623581 0.552991 0.481505 -0.008669 -0.505756 -0.312465 -0.484293 -0.639516 0.442262 -0.567242 -1.466914 -1.054041 1.243781 0.443245 0.936812 1.310844 -0.434816 -0.831408 -0.292763 0.678892 -0.219663 -0.080618 
330.186646 -22.936496 6.047708 -2.373735 -1.974838 -2.880153 -1.398886 -1.330215 0.224712 -0.530988 -2.191235 0.861682 -1.011020 -5.170538 -1.100275 3.120921 -0.247577 1.436235 1.170664 -0.254311 -0.246814 -0.723186 0.351666 -0.363618 -0.205416 -1.760671 -0.956642 1.418088 -0.075948 -0.178142 -0.117538 0.684256 0.501154 0.146321 0.588545 -0.737804 0.283302 
316.464783 -30.347201 3.180896 1.948310 -3.328909 -0.759761 -0.834354 -0.374525 1.021374 -1.278718 -1.073640 -0.291439 -0.551042 -4.506525 -1.703187 4.459757 0.401094 0.125221 -0.243746 0.862757 0.689842 -0.191651 0.537574 -1.033347 -0.000637 3.298970 0.769509 -0.549075 1.629765 -1.396781 -1.576552 0.520793 0.106879 0.680536 -0.086500 -0.128489 -0.328380 
281.885925 -31.949545 2.641333 6.545779 -1.172649 -2.629711 -1.886378 0.395299 1.604396 -0.914290 -1.116087 -1.205012 -1.012295 1.427402 0.438742 2.022771 3.011953 -1.357327 -1.982440 0.787275 -0.033056 0.637886 0.178666 -0.620597 -0.862177 2.455719 2.090753 -2.363796 0.944434 -0.615992 -0.139311 0.185301 -0.980148 0.685397 -0.055364 0.572239 0.033360 
297.795532 -27.492396 4.058380 5.993851 2.694996 -3.474416 -4.799234 1.200024 0.955262 -0.002947 -0.716309 -1.532632 -2.275396 0.404913 2.478319 -0.267835 2.289963 -1.106764 -0.522368 1.233358 -1.270453 1.179143 0.426847 0.111130 0.066082 -2.374179 1.774459 -1.534767 -1.387738 0.672374 1.329632 -0.301476 -0.072025 -0.020383 0.062563 0.548535 0.678526 
287.891968 -31.139719 7.597971 6.010110 3.407277 -4.843239 -2.931114 2.862015 -0.936510 1.443997 -0.262394 -0.982752 -0.880132 -3.320956 3.987659 -1.046763 0.236477 -0.012579 0.676824 0.184323 -0.177105 0.597119 0.303791 0.476474 0.494876 -0.191488 0.111576 -1.564300 -1.359536 1.239263 -0.299088 -1.042853 1.667893 -0.912620 -0.365859 0.188225 0.038267 
279.202179 -34.134308 12.033697 3.900325 3.167949 -3.499573 -3.445587 1.568670 0.601051 1.191292 -0.108727 -0.579685 -1.285644 0.021937 2.701472 -3.396434 -0.429110 1.371762 -1.120545 -0.852348 2.065333 -0.646097 -0.304871 0.487581 0.142616 2.609626 -1.478212 -1.305128 -0.555910 0.724236 -0.971446 0.021761 0.919180 -0.964565 -0.388544 0.084864 0.123654 
271.925720 -31.095846 13.000915 -0.782758 2.549058 -2.099716 -5.172205 1.157320 3.194155 0.151803 -0.872136 -0.007589 -0.594900 1.898297 1.031235 -3.657019 -0.875342 1.435893 -1.266069 0.227846 1.661254 -1.332011 -0.473296 0.646201 0.742184 0.767994 -1.384701 0.734495 -0.022944 -0.675338 0.863507 0.924714 -1.570703 -0.168987 0.183621 -0.146700 0.443928 
262.792450 -30.337715 14.096167 -3.413713 1.417264 -0.627788 -5.977725 2.024362 3.923559 -1.472731 -1.055320 0.712718 0.198725 1.557925 -0.067929 -1.927444 -0.474998 0.021087 0.606469 0.997081 -1.076074 -0.984071 0.062372 0.194181 1.030472 0.385617 -2.575099 2.682217 -0.214148 -1.040652 2.172161 -0.600667 -1.530071 0.398123 0.402839 -0.145336 -0.333369 
254.368927 -27.979996 12.865056 -4.637645 1.599062 -2.057542 -3.959267 3.151482 1.042007 -1.816338 -0.747393 0.380773 1.466044 2.669530 -4.118963 1.707415 -1.303638 -0.645411 3.078252 -0.973488 -1.398888 -0.535766 0.332382 0.355529 0.075446 -0.517488 -5.040372 2.581001 0.419944 0.088314 0.448715 -1.271865 0.568160 0.625614 0.178148 -0.181580 -0.861662 
248.563843 -24.998654 5.858241 0.001118 -1.190013 -1.918610 0.178779 0.077385 1.125784 -2.544262 -0.390556 1.423777 0.349617 0.522949 -10.148672 3.234557 0.364891 0.197714 1.503900 -1.546649 0.060247 0.267157 0.418667 -0.168978 -0.692852 -1.826248 -0.259397 -0.176280 1.728857 0.419642 -2.294064 -0.168556 0.321411 0.562660 -0.186042 -0.760309 -0.191357 
245.173553 -26.934098 -7.432289 1.831469 2.328844 -1.662113 -0.951466 0.058185 1.162500 -1.282023 0.089941 0.042816 0.080340 -0.982966 -4.637756 1.354856 2.154075 0.193873 -1.509875 -1.310601 -0.756065 0.589554 -0.039701 -1.165088 -0.307268 1.127888 8.733433 -3.314290 -0.883933 -0.236507 -0.815291 0.355754 -0.947716 -0.054922 -0.239937 0.123356 0.013023 
0.000000 -26.964586 -3.417272 2.710829 3.118138 -1.530864 -2.840971 -2.543816 -0.386345 -1.365155 -0.469958 -0.906400 -0.264920 2.778726 7.318193 -3.394024 -1.402974 -0.275300 -0.126682 -0.835140 -1.835185 0.157313 -0.061207 0.077735 -0.666806 1.908044 5.520477 -3.000843 -2.411873 -0.548306 0.948697 1.231465 -0.092787 0.210327 -0.197310 1.042370 0.120076 
321.641541 -21.376647 7.204096 -4.956578 -0.477105 -2.212714 -1.204829 -1.612096 -2.507870 -0.967397 -0.032472 0.198285 -1.253272 2.833122 6.403198 -4.646831 -2.669670 -0.902738 0.387519 1.152330 -0.941638 1.010208 -0.434321 0.919652 -0.067117 -1.757684 -2.741199 1.894358 -0.025540 0.113374 -0.412331 0.814439 1.595319 0.546768 -0.642104 0.071929 0.934618 
300.724518 -21.298342 9.389124 -6.582833 -2.221203 -3.336340 -2.065933 -0.239157 -2.269621 0.655260 -1.338600 0.932905 -0.399153 -0.736642 1.835795 0.394693 -1.454055 -0.048552 -0.951343 0.793737 1.355452 1.250849 -1.345415 0.221593 1.202430 -2.671249 -2.681978 3.743274 0.868335 1.022756 -0.041358 -0.463382 1.115291 -0.406636 -0.130251 -0.405571 0.339579 
282.764740 -22.849930 10.875687 -4.167192 -3.385215 -2.309817 -3.107516 -0.024622 0.203033 1.534301 -2.723303 0.641471 1.151589 -2.509376 1.039242 2.839717 -0.933000 1.142774 0.304803 0.225565 1.288945 0.196936 -0.694823 0.108510 0.612042 -2.335749 -0.729057 1.054100 0.724251 1.155554 0.904621 -0.133763 -0.273363 -0.946091 0.746436 -0.261198 -0.830306 
274.975464 -26.317094 11.467608 -0.903399 -4.087202 -1.050793 -1.456327 0.211974 0.308269 1.049132 -2.728246 1.149924 0.824931 -5.408140 0.377682 2.502893 -0.005554 2.262556 0.857899 0.526212 0.808726 -0.641332 0.147456 -0.300803 -0.458181 -1.036954 -0.261208 -0.378720 0.544521 0.058303 -0.077645 0.349711 -0.108447 -0.397533 0.589385 -0.639882 -0.472640 
267.369904 -33.666210 11.631051 0.838593 -3.396322 2.215294 -1.391719 1.027802 1.820486 0.251636 -2.428390 0.039865 0.235226 -4.583284 0.516827 2.082277 0.156042 1.259380 0.149513 0.924987 1.072050 -0.598130 0.483947 -1.171254 -0.333239 2.169038 0.533437 -0.372439 0.125018 -2.013880 -0.264889 -0.079927 -0.374026 0.305245 0.363807 -0.107296 0.229594 
264.515533 -35.483663 12.501262 3.261155 -3.775119 1.467968 -1.157301 2.061948 2.452369 -0.147128 -1.760352 -1.192583 0.158454 -1.070063 1.444555 1.758015 0.244482 -1.765204 0.328120 0.366359 0.060675 -0.030842 0.875071 -0.515395 0.001007 1.659910 -0.018091 -0.590015 0.876562 -1.412259 -0.069828 -0.728406 -0.883762 0.516708 0.133922 0.777239 0.081291 
262.462677 -35.806337 14.520162 4.354624 -2.907358 -1.315114 -0.735479 1.760519 1.941836 0.189951 -0.678248 -0.990925 0.237240 -1.263464 0.480646 0.902247 1.909165 -1.565137 0.009856 -0.531825 -0.695473 0.435286 0.751791 0.383224 -0.170656 -0.744178 -1.335912 -0.267916 0.981811 0.855857 -0.286750 -0.580270 -0.302388 0.190408 -0.178709 0.478267 -0.161724 
253.975815 -38.010590 13.462553 5.065649 0.043212 -1.662305 -1.137589 0.998298 1.061423 0.723444 -0.256770 -0.426135 -0.182859 -2.558419 -1.227269 1.222183 2.208104 -0.053489 -0.245379 -0.794182 -0.544102 0.349974 0.517653 0.441138 -0.322440 0.291644 -0.409154 0.105737 -1.091005 0.461946 -0.414453 -0.106038 0.528527 -0.096427 0.063492 -0.179897 0.137422 
251.102203 -40.923175 12.065624 6.798991 1.508850 -1.422092 -1.226238 0.172155 0.853632 0.889900 0.357058 -0.108649 -0.407641 -0.680176 -0.337663 1.113720 -0.272845 -0.641245 -0.819050 -0.743901 0.361580 0.242431 0.878775 0.023430 0.104189 3.642147 0.666672 -1.518821 -2.040691 -0.058554 -0.705685 0.025716 1.170658 -0.642148 -0.455220 -0.602464 0.496907 
0.000000 -39.370943 12.787226 7.293089 -0.502479 -2.944794 -2.775689 -0.489504 1.784584 1.208306 1.500780 -0.379275 0.025518 4.725875 0.106076 -1.815458 -1.873278 -0.170598 -1.656750 -0.742750 1.797214 -0.934322 -0.392787 -0.763790 0.671373 2.958887 0.063297 -2.549533 -0.498715 0.933141 -0.029739 0.152463 0.520481 -0.880119 -1.231062 -0.232160 0.299946 
233.728043 -31.471424 12.277776 3.168075 -2.237707 -1.763287 -4.539737 -1.313345 4.448060 -0.978743 -0.428516 -1.636229 0.935106 5.237599 -0.211069 -3.985346 -1.270275 1.225038 -0.878529 -0.438976 1.402543 -1.517807 -1.583350 -0.440890 0.704080 -2.147554 0.469305 -0.652281 1.238282 0.792468 0.620559 0.560325 -1.120370 0.308044 -0.303896 0.690882 -0.469448 
228.050385 -28.895746 12.365089 -0.677603 -3.043030 -0.494717 -4.532746 -1.367456 4.589669 -1.827308 -1.665919 -1.261054 1.433679 0.430767 1.044686 -3.120019 0.603285 1.414338 -0.415632 0.377900 -0.443527 -0.318234 -1.000580 0.617975 -0.267523 -3.440529 0.489930 1.661213 1.311720 -0.358285 0.462166 0.423934 -0.976305 0.888297 0.404856 0.472353 -0.543802 
220.492523 -30.609890 14.367149 -3.071962 -1.031137 1.065389 -5.371002 -0.557545 3.561007 -1.615211 -2.429676 -0.400278 0.400060 -1.643459 0.768792 -0.662919 1.353165 0.508469 0.045804 0.408892 -0.550068 0.258788 -0.773638 0.503816 -0.383524 -0.226140 -0.913359 1.803186 -0.805300 -1.162718 0.652258 -0.213280 -0.146720 0.190676 0.548315 -0.060159 0.366170 
218.838898 -32.182664 13.902674 -2.003440 -0.336699 0.522221 -4.441139 -0.549672 3.489534 -1.309732 -3.213195 -0.253422 0.666631 -0.021512 -0.782033 0.486354 -1.007315 -0.911098 0.888883 -0.048660 -0.736966 0.063118 0.096050 0.497657 0.464817 1.338875 -0.349631 0.286539 -1.575610 -0.589659 0.160688 -0.148097 -0.190565 -0.331567 0.901758 0.134646 0.435271 
218.588135 -30.652913 12.803083 -2.099255 -3.045767 -0.756806 -3.593236 -0.654865 2.087074 -1.488975 -2.237577 0.595037 1.329693 1.034291 0.069530 -0.089841 -1.798054 -0.670849 0.367180 0.112699 -0.931197 -0.404345 1.029879 0.773108 0.487018 -1.357990 0.370609 -0.521360 0.482632 0.440630 -0.508516 -0.077310 0.420793 0.075548 0.186041 -0.024531 -0.184376 
214.724655 -30.114082 14.041735 -2.183123 -3.932808 -0.819477 -3.706779 -0.324274 1.627139 -2.118422 -1.153436 1.292794 1.640667 -2.737492 -0.040815 -0.556367 -0.042052 -0.029837 -0.128149 -0.203281 0.104620 0.214215 0.468131 0.448595 0.096065 -3.834442 -1.921991 -0.895911 1.998121 1.085111 -0.704229 -0.498673 0.503327 0.491290 -0.214843 -0.627816 -0.927577 
210.796844 -36.127898 12.721453 -3.211988 -3.129870 -0.816481 -3.849534 -1.061427 2.296313 -1.060545 -1.301316 1.492226 1.521824 -6.634594 -3.774452 -1.881664 2.198189 1.499373 -1.041279 -0.884648 0.075456 0.578236 0.600193 -0.482523 -1.368137 -1.562244 -2.998381 -1.025260 0.811637 0.467036 -1.065325 -0.674860 -0.368600 -0.069807 0.018748 -0.473644 -0.502186 
213.041702 -43.383269 6.492830 -5.946450 0.463570 2.179268 -5.789337 -2.093571 1.778051 -0.961950 0.046950 0.327748 -1.095606 -5.861980 -6.037577 -2.606886 1.581223 0.904235 -2.258799 -1.553002 -0.632580 0.074600 0.505627 -0.498694 -0.908307 0.941307 -0.566611 0.425069 -0.832034 -0.918485 -0.246749 -0.181089 0.191221 -0.013854 -0.625330 0.646144 1.393509 
0.000000 -47.851859 0.646299 -8.425761 0.032576 0.991988 -8.367132 -4.167431 1.031152 -0.911345 -0.290062 0.494838 -0.294790 -4.751981 -4.907674 -1.031526 0.534121 -0.337597 -1.534777 -1.246827 0.457897 0.550528 -0.650467 0.809766 1.418881 0.953932 1.308719 1.148729 -0.223437 -0.050295 1.258410 1.249975 1.224729 0.395385 -0.680840 0.442520 0.868533 
0.000000 -52.887230 -3.322518 -8.009502 1.531812 1.504075 -8.858892 -4.587224 2.693845 0.139105 -1.253983 1.947280 1.742156 -3.954116 -3.420139 -0.309429 1.134349 0.803645 0.258022 0.946949 1.816877 0.865369 -0.856054 0.386347 0.828760 0.868379 0.778814 0.296284 0.253697 0.942918 1.607620 1.058648 0.413761 -0.395685 -0.093391 -0.637141 -0.707589 
0.000000 -55.760092 -6.193978 -9.044620 2.301274 2.599279 -7.851088 -2.273533 4.664906 0.819394 -2.002169 1.267532 1.362731 -3.015222 -3.350045 -0.438958 1.041516 1.548240 1.680464 0.870469 1.285420 -0.240843 -0.837249 -0.464516 0.003704 2.121709 0.488802 0.165876 -0.571199 -0.069855 0.996572 -0.363110 -1.324501 -0.746416 0.607955 -0.390247 -0.455938 
0.000000 -58.917675 -10.022608 -8.887418 3.614845 4.600554 -5.497965 -2.846286 5.264686 -0.342581 -2.928480 1.018249 1.749564 0.289302 -2.442534 0.022322 -0.008049 0.663935 2.251165 0.220730 -0.832125 -0.627462 0.359856 -0.394147 -0.083115 2.667324 4.587852 2.548682 -2.076752 -2.439870 0.250906 0.166090 -2.123788 0.074486 1.035511 -0.041322 -0.443223 
0.000000 -55.181487 -11.079046 -8.999975 2.285176 3.927148 -3.348758 -1.832074 3.000656 -0.435530 -1.282457 0.479238 1.196500 2.319426 5.825659 4.658405 -3.111987 -3.331500 2.182275 1.202648 -2.962156 -0.091872 1.233774 -0.547159 -0.882743 6.231294 6.194404 2.190817 -1.404652 -2.299943 -0.302526 0.486042 -0.924976 0.102110 0.096190 0.195479 -0.136879 
307.925476 -54.278823 1.628709 0.429393 -2.609129 -2.062445 -1.133414 -0.440989 -0.659626 -0.526326 -0.460932 -0.076070 -0.015922 12.751891 9.946273 4.403956 -2.817354 -3.935951 1.646113 1.192814 -2.682077 -0.423242 0.552235 -0.003188 -0.356873 7.706377 -1.868615 -3.221583 1.692466 0.734352 -1.004542 -0.140861 0.691239 -0.260013 -0.624994 0.272074 0.627778 
0.000000 -29.677705 8.813500 -0.192063 -3.349532 -3.944754 -0.056531 0.553555 -2.363499 -1.282014 -0.177987 0.472862 0.482754 17.732179 2.088428 -1.784762 0.272946 -1.862796 0.173192 0.920926 -1.579677 -0.611898 -0.016213 -0.003011 0.372813 -2.975285 -6.233504 -2.989680 2.139371 1.496000 -1.224945 -0.216945 1.369504 0.254681 -0.407263 0.033364 0.238398 
301.934753 -18.814466 5.805566 -3.140131 -2.063238 -5.788037 -0.787031 1.400864 -3.818979 -1.750122 -0.493359 -0.082091 0.729704 6.801322 -2.520734 -1.575404 1.461389 -0.943952 -0.803777 0.758924 0.056930 0.086119 -0.262291 0.063540 0.119923 -8.128739 -1.634538 1.022675 0.223062 0.744400 -0.299667 -0.309799 1.419221 0.687354 -0.046805 -0.112626 -0.264876 
316.241486 -16.075062 3.772032 -3.342870 -0.426755 -5.832658 -1.664085 2.071403 -2.249640 -1.109776 -0.702569 0.599941 0.722601 1.474701 -1.180648 0.260589 0.719070 -0.373997 -0.426142 0.301329 1.258765 0.762810 -0.109823 -0.228262 -0.156940 -3.612222 1.132079 1.094039 -0.907231 0.100077 0.427503 -0.248057 0.389515 0.364249 -0.059611 -0.392336 0.020100 
335.068115 -15.865063 3.444269 -2.618952 -0.625098 -6.536031 -1.639314 2.003523 -1.301449 -0.224503 -0.713005 -0.538614 0.415824 -0.423122 -0.256575 0.612674 -0.353074 -0.743798 0.051228 0.262810 0.835960 0.814618 -0.381513 -0.721132 0.160123 -1.001411 0.543977 -0.004937 -0.486486 -0.009058 0.232492 -0.002290 -0.448450 -0.195414 -0.133236 0.038203 0.235226 
343.572235 -16.921306 3.258882 -2.117522 -1.132903 -7.320255 -1.561628 2.597023 -0.577719 0.519460 -1.465595 -0.842324 1.042848 -0.528121 -0.092694 0.250715 -0.253902 -0.392112 0.038843 0.296750 0.361865 0.371981 -0.376295 -0.151855 0.313512 -0.052500 0.081941 -0.180979 0.049586 0.175843 -0.006193 0.016970 -0.237048 -0.221318 0.002609 0.284639 0.076694 
