198.614227 -32.332491 1.457721 3.004680 4.307538 4.425122 3.561996 -1.668135 -2.217787 -0.676410 -0.786476 0.312542 -1.259865 0.187284 0.182243 0.229791 0.252288 -0.300066 -0.234180 -0.088600 -0.382917 -0.144841 -0.140681 -0.374751 -0.032335 -0.637610 0.075530 0.483668 0.116126 -0.517468 0.023172 0.040458 -0.082675 0.047539 0.111758 -0.011628 0.069722 
197.454132 -31.957923 1.822206 3.464261 4.812114 3.824991 3.093636 -1.845336 -2.983621 -0.966091 -1.067839 -0.436961 -1.324534 -1.087936 0.333302 1.197126 0.484540 -1.335001 -0.187835 -0.007684 -0.548268 -0.049762 0.082835 -0.398007 0.107109 -2.424888 -0.436876 0.602231 -0.696106 0.078506 -0.191671 0.276856 0.757087 0.176348 0.155735 0.368537 0.249198 
199.475861 -34.508364 2.124325 5.398932 5.276618 1.755120 3.186325 -1.683503 -3.314322 -0.775934 -0.620806 -0.483472 -1.045648 -4.662492 -0.691509 1.434253 -1.139925 -0.143053 -0.617522 0.465112 1.131258 0.207856 0.170788 0.362323 0.466062 1.485665 0.783244 -0.704363 -2.136540 0.146543 -0.561099 0.210009 0.887893 0.079487 0.099063 0.457072 0.215214 
201.238510 -41.282907 0.439188 6.332768 2.532264 3.538885 1.858592 -0.915111 -0.721105 -0.550379 -0.726263 0.287684 -0.392409 1.883395 1.899791 -0.211600 -3.788541 -1.041915 -1.310033 0.412335 1.227518 0.109212 0.280961 0.516137 0.537537 5.845039 2.172823 -1.918204 -1.243261 -1.350324 -0.706492 0.292342 -0.341403 -0.078904 0.240763 -0.083587 -0.123004 
224.771011 -30.741575 5.923906 4.975733 -2.300465 -0.328710 0.566259 -0.858834 -0.859287 -0.557509 -0.058883 0.548802 0.029427 7.027586 3.654138 -2.402154 -3.626446 -2.843701 -2.030506 1.049796 0.448451 0.050047 0.652313 0.195148 0.220055 0.027470 -1.003843 -0.738799 1.395489 -0.493841 0.152710 0.597982 -0.258424 0.157173 0.017654 -0.067049 -0.164548 
211.876404 -27.227735 7.747464 1.528460 -4.720628 -2.148517 -2.202420 1.184481 0.175798 -0.450285 0.578363 0.677980 0.047700 1.938334 -0.107896 -1.689197 -0.997564 -2.029598 -1.004613 1.608300 0.710670 0.423558 0.316270 0.382040 0.208442 -3.575940 -2.372276 1.531073 2.271514 0.659872 1.270116 -0.185145 -0.162693 0.353853 -0.196391 -0.287747 -0.193474 
204.611740 -26.864906 5.708113 1.597338 -4.295593 -4.387907 -1.442968 2.357766 0.562053 0.289608 0.573658 1.312882 0.446311 -0.124293 -1.090413 0.659993 0.916582 -1.523958 0.509726 0.679506 0.123065 0.757754 0.259531 -0.380346 -0.166894 -1.273933 0.091783 1.392155 1.159422 0.524416 0.596570 -0.968554 -0.302343 0.102790 -0.274163 -0.617270 -0.186960 
212.707932 -27.476322 5.566638 2.848445 -2.887463 -5.196433 -1.182968 2.543494 0.421928 1.065223 1.097424 -0.082711 -0.286087 -0.609531 0.075670 1.095112 1.321280 -0.980767 0.188528 -0.328808 0.105984 0.629138 -0.232056 -0.852499 -0.165478 -0.850370 0.500454 0.338555 -0.057480 0.418155 -0.356122 -0.640640 -0.213870 -0.327217 -0.325432 -0.021065 0.136943 
214.480026 -28.083967 5.859453 3.787561 -1.653033 -6.349441 -1.065913 1.700150 0.774022 1.547885 0.109546 -0.392115 0.115356 -1.825033 -0.089505 1.337103 0.801622 -0.687647 -0.202517 -0.601773 -0.304676 0.103320 -0.391332 -0.422475 0.106992 -0.935059 -0.262662 -0.179915 -0.526088 0.989436 -0.537477 -0.477457 -0.356752 -0.538241 0.295096 0.139752 -0.121879 
209.722641 -31.126387 5.387628 5.522651 -1.284218 -6.571727 -1.588002 1.339947 -0.187424 1.271863 0.314759 -0.927662 -0.072103 -2.479648 -0.449654 0.735281 0.269103 0.998105 -0.886425 -1.283722 -0.607519 -0.447343 0.358137 -0.572995 -0.409235 -0.030363 0.072829 -0.178028 0.012479 1.830622 -0.225821 -0.288235 0.066950 -0.212423 0.149251 0.100970 -0.342978 
204.757324 -33.043264 4.960145 5.258124 -1.114827 -4.353231 -2.838763 -0.867293 -0.441017 0.653198 0.825819 -1.538105 -0.703114 -1.885758 0.056154 0.981047 0.826581 2.973596 -0.654159 -1.178243 -0.170777 -0.321525 -0.092831 -0.220536 -0.578964 -0.152877 0.281765 0.585527 0.841667 1.036449 0.820261 0.350115 0.112820 0.029722 -0.455320 0.394531 0.176397 
201.069351 -34.897903 5.499936 7.484746 0.368945 -0.624534 -2.896320 -1.016538 -0.528977 0.628812 0.129097 -1.368734 -1.230030 -2.785403 0.113875 1.906335 1.952437 3.071002 0.754096 -0.583491 -0.381879 -0.387899 -0.552502 0.216067 -0.056440 0.473911 -0.039779 -0.149058 -0.063552 -0.716964 0.695289 0.323211 0.234988 0.012946 -0.043865 0.316807 0.384999 
199.245865 -38.614070 5.187895 9.070794 2.790047 1.788774 -1.330571 -2.034275 -1.204775 -0.122599 -0.279185 -1.105972 -0.815995 -0.937936 -0.023404 0.682931 0.699477 1.539668 0.736419 -0.531821 0.299200 -0.295633 -0.180561 0.413079 0.191034 2.296939 0.323262 -1.156182 -1.245861 -1.899378 -0.663975 0.398422 0.499350 0.553944 0.448020 -0.244968 -0.136924 
202.064392 -36.773775 5.453128 8.850607 1.767899 2.454802 -1.423482 -2.080181 0.069422 0.037545 -0.232026 -0.542577 -0.847962 1.808474 0.760398 -0.406029 -0.539285 -0.727754 -0.573854 0.213352 0.616821 0.719990 0.343537 -0.273870 -0.330287 1.873088 0.599432 -0.769000 -0.748873 -1.992695 -0.542925 1.015092 -0.237099 0.297946 0.075714 -0.568228 -0.101162 
204.940002 -34.997121 6.708692 8.258736 1.711478 0.333265 -2.478280 -1.607570 0.028868 1.317380 0.407888 -1.653711 -1.476570 2.808240 1.175459 -0.855069 -0.798268 -2.445723 -0.349432 1.498363 -0.174999 0.300259 -0.029134 -0.723378 -0.011291 0.577252 -0.583299 -0.752751 -0.332472 -0.687009 1.040352 0.953628 -0.373110 -0.868931 -0.507106 0.223546 0.510715 
203.482605 -31.157295 7.804046 7.140470 0.171362 -2.436643 -2.122346 0.916544 -0.280576 0.638064 -0.290294 -1.989333 -0.870544 2.962979 -0.406199 -1.911532 -1.204229 -2.101772 1.506850 2.120609 -0.129399 -1.017872 -0.670675 0.173223 0.691143 -0.096693 -1.808741 -0.962567 0.516379 1.192961 1.037058 -0.547759 -0.186900 -0.454189 0.186832 0.711748 0.213008 
198.418579 -29.071163 5.896293 4.435671 -0.696979 -3.870279 0.535420 2.633648 -0.229931 -0.718363 -0.933461 -1.307265 -0.094283 2.614855 -2.442024 -2.780204 0.234489 -0.059801 1.724684 0.402844 -0.548800 -0.608119 0.344530 0.700117 0.414726 -1.079302 -1.687270 -0.221726 1.064001 1.662310 -0.564222 -1.652605 -0.101925 0.445129 0.504654 0.340678 -0.363708 
197.227020 -25.927586 2.919998 1.580062 0.640340 -2.556246 1.327022 1.722232 -1.378176 -0.578175 0.398766 -0.589098 -0.041092 0.804374 -3.780739 -2.354984 0.923774 1.222848 0.378406 -1.184602 -0.333249 -0.127613 0.338634 0.854578 -0.036273 -2.900678 -2.932468 0.583722 -0.350368 0.899348 -0.822185 -0.464614 0.786084 0.491712 -0.115875 0.212082 -0.284844 
205.195282 -27.462415 -1.665185 -0.274297 1.150568 -1.424583 1.292232 0.264444 -0.896429 -0.973589 -0.256193 0.401892 -0.166830 -3.186501 -8.306960 -1.612760 -0.466246 1.738895 0.080313 -0.526384 1.023368 0.375304 0.112780 1.124281 -0.154962 -2.122089 -2.853717 0.526603 -1.003329 -0.126471 -0.680040 0.401983 0.549502 0.176397 -0.084521 -0.111585 -0.024873 
235.150009 -32.300587 -13.693923 -1.645457 -0.292153 0.921544 1.487648 0.669465 0.668561 0.172434 0.624326 1.659463 -0.351016 -3.439803 -9.488172 -1.301778 -1.082885 0.969905 -0.981674 -0.380637 0.765755 0.225181 0.169592 0.631408 -0.086020 0.960230 2.333725 0.396209 0.272854 -0.545139 -0.301850 0.120448 -0.515442 -0.279335 -0.115692 -0.616651 0.128525 
0.000000 -34.342022 -20.641530 -2.877854 -1.015202 0.515227 -0.671117 -0.496829 0.635080 -0.523227 0.082991 1.664709 -0.338869 -1.266041 -3.639509 -0.820341 0.079461 0.648618 -0.523387 -0.285487 -0.007515 -0.183366 -0.118604 -0.109022 0.102088 4.118903 8.941611 2.166646 1.641057 0.569035 1.253699 0.164408 -0.845464 -0.194275 -0.044326 -0.700143 -0.465937 
0.000000 -34.832669 -20.972942 -3.286140 -0.133231 2.218779 0.440873 0.098491 0.653531 -0.194297 0.387118 1.441419 -0.146841 4.798004 8.395049 3.031513 2.199228 2.107974 1.525724 -0.051820 -0.925174 -0.163369 0.080940 -0.768878 -1.017894 3.292140 7.939523 1.582951 0.893894 0.274007 0.918507 -0.129221 -0.184728 0.302759 -0.057769 -0.441588 -0.648022 
0.000000 -24.746014 -3.851431 3.185173 3.383254 4.731175 2.380331 -0.600468 -1.215267 -0.849964 0.244871 0.126953 -2.374657 5.318239 12.239536 2.345561 1.867248 1.196632 1.313626 -0.543930 -0.376971 0.422152 -0.234142 -0.992198 -1.193957 -2.369123 -2.183873 -2.364065 -0.786524 -1.017637 -0.838071 -0.187463 0.877258 0.687685 -0.134435 0.158488 0.702327 
272.431854 -24.196191 3.506130 1.404982 3.601266 4.612043 3.068126 -0.989369 -0.100410 0.650006 -0.081166 -0.542976 -2.534754 0.059757 4.027303 -1.696617 0.626181 0.072700 -0.150417 -0.426746 0.829342 1.212001 -0.187931 -0.451901 0.386759 -4.036841 -6.117825 -1.355200 -0.252798 -0.125121 -1.085754 0.498287 0.378973 0.065466 0.069838 0.223142 0.943206 
257.432892 -24.626500 4.203176 -0.208060 4.635615 4.876574 2.079497 -1.453960 0.443417 1.574039 -0.130990 -0.776849 -1.601139 -2.755443 0.003886 -0.364839 1.361652 0.946390 -0.857881 0.452644 0.380975 0.553084 -0.094467 -0.545914 0.692456 -1.886451 -2.729356 1.974515 0.691134 -0.035610 -0.208474 0.516528 -0.368257 -1.015875 -0.021183 0.201239 0.086558 
242.584900 -29.707077 3.513902 0.675305 6.324569 6.504824 1.352364 -0.084081 0.661541 1.756175 -0.270099 -1.634804 -1.149842 -3.713145 -1.431409 2.252413 2.008448 0.001480 -0.567365 0.606311 0.092828 -0.819749 -0.230297 -0.049422 0.559876 1.219186 -1.002268 1.006562 0.260269 -1.228313 0.214247 -0.004032 -0.268716 -0.512601 -0.005877 0.564258 -0.197692 
235.102081 -32.052789 1.340359 4.296765 8.652511 4.879534 0.944767 -0.241338 0.629072 -0.065460 -0.591585 -0.875694 -0.481387 -0.317070 -2.000651 1.648285 1.882190 -1.510236 -0.429386 0.444580 -0.156458 -0.472118 -0.106220 0.582602 0.297071 1.661088 0.584660 -1.435776 -0.959186 -0.023306 0.102789 -0.128554 -0.153464 0.406052 0.214873 0.367967 -0.260126 
228.887604 -30.341217 -0.487399 3.971876 10.088949 3.484351 0.493592 0.805080 0.348625 0.811939 -0.482539 -0.469599 -0.555700 -0.390969 -0.262088 -0.619140 0.090075 -0.045132 -0.361786 0.349203 -0.214100 -0.007646 0.199449 0.686511 0.039623 -2.499792 0.318013 -0.662487 -2.453595 0.953746 0.313959 -0.145423 0.236359 0.095901 0.124588 0.006324 -0.176932 
225.458694 -32.834726 0.816182 3.058485 8.832662 4.789270 0.221194 0.457068 0.200873 -0.080751 -0.192686 0.497328 -0.402140 -5.316654 -1.364625 0.323311 -3.025000 0.397255 0.198533 0.153733 0.316260 -0.280316 0.142955 0.595250 -0.056794 -2.808008 -1.596534 0.373759 -1.557128 0.237368 0.431218 -0.167548 0.208587 0.130682 -0.037999 -0.281049 -0.164675 
219.112915 -40.974524 -3.216650 4.618499 4.038949 4.278862 0.890657 1.112546 0.981144 0.251307 -0.196628 0.720901 -0.669287 -6.006985 -3.455156 0.128378 -3.024181 0.429604 0.500650 0.014107 0.203075 0.253718 0.123450 0.124414 -0.289728 2.568290 0.197320 -2.190776 -0.746392 -0.605910 0.791611 -0.072670 -0.520525 -0.102624 0.038939 -0.033706 0.005102 
224.874405 -44.848695 -6.094131 3.315241 2.784301 5.648478 1.222495 0.485282 0.607023 0.426685 0.054215 0.746155 -0.981596 -0.180073 -0.969985 -4.058241 -4.517785 -0.814565 1.781754 0.008393 -0.724790 -0.485564 0.220833 0.527837 -0.046590 6.394772 3.703836 -0.542717 0.457568 -0.855275 -0.021529 0.136444 -0.370264 -0.550317 -0.042293 -0.120643 0.124185 
151.897964 -41.334670 -5.156620 -3.497983 -4.996620 2.649733 4.454165 1.129333 -0.468436 -0.719821 0.245038 1.776575 -0.762466 6.782559 3.952516 -0.957056 -2.109044 -1.280946 0.457593 0.286995 -0.537453 -0.846916 0.038865 -0.116873 -0.041359 3.987779 2.365350 3.852505 3.231008 -0.096779 -1.963786 -0.100801 0.495758 0.181171 -0.075055 -0.437793 0.039149 
0.000000 -31.283577 1.810901 1.401128 -1.433787 3.086586 2.137680 1.059273 -0.467884 -1.267148 0.131944 0.512408 -1.064313 7.795486 3.760715 3.646768 1.944232 -1.008123 -2.145819 -0.193209 0.266727 -0.123223 0.070722 -0.347749 0.031708 -2.154272 -0.706919 1.138214 1.043752 -0.409946 -0.732924 -0.313637 0.233361 0.213957 -0.053170 0.213751 0.182973 
59.468292 -25.743699 2.364809 3.795553 -1.108156 0.633486 0.162527 0.742916 0.065017 -0.966266 0.386483 1.081076 -0.699051 2.474016 2.538677 1.319371 -0.021540 -2.100838 -1.008255 -0.340279 -0.070732 -0.419002 -0.067475 0.310629 0.324588 -4.019164 -0.235982 -1.779573 -1.162558 -0.143058 0.825581 0.249849 -0.284197 0.114909 -0.295112 0.142252 0.019983 
231.211365 -26.335545 6.888255 4.039870 -1.476866 -1.115090 0.121171 0.378715 -0.609347 -2.105152 -0.003006 1.133666 -0.415136 -0.242842 3.288750 0.087623 -0.380884 -1.294239 -0.494657 0.306489 -0.301668 0.106595 -0.519501 -0.063246 0.071673 -2.173854 -0.673416 -0.431583 -0.198840 0.982830 0.257944 0.377906 0.292996 0.546968 -0.081025 -0.428899 -0.133810 
224.454468 -26.229383 8.942309 3.970798 -1.869925 -1.954993 -0.826787 1.355893 -0.538318 -0.753075 -0.652520 0.954585 -0.555705 -1.873691 1.191845 0.456205 -0.419219 -0.135178 -0.492366 0.415534 0.515261 0.674933 -0.229524 -0.547169 0.056967 -1.476175 -2.493878 0.028782 0.171825 1.526941 0.554085 -0.665867 0.411139 0.060948 0.176193 -0.242577 0.189407 
221.528000 -30.082928 9.271945 4.952280 -2.315305 -1.385446 -0.863560 1.209783 0.421175 -0.755286 -0.462055 0.039328 -0.301201 -3.195192 -1.699006 0.145186 -0.037234 1.759643 0.613514 -1.025245 0.520611 0.228491 -0.167115 -0.548399 0.450486 -2.558847 -2.951539 -1.550883 -0.050583 0.299681 0.740767 -0.470075 -0.270737 -0.277198 0.171819 0.350870 0.060244 
214.167786 -32.619768 5.544297 4.261171 -1.944393 1.564293 0.400240 -0.694596 0.502904 -0.296093 -0.986751 -0.142214 0.345268 -6.991386 -4.711234 -2.645561 -0.520385 0.464184 0.989167 -0.524616 -0.026214 0.120536 0.114113 0.154572 0.177455 -2.870407 -1.643118 -1.524861 -0.426408 -1.153160 -0.514475 0.809458 -0.171531 -0.177534 0.236901 0.367786 -0.364666 
122.202728 -44.065700 -0.150522 -0.338842 -3.356075 -0.457078 1.114774 0.160551 0.368746 -0.514214 -0.233829 0.348472 0.053709 -8.936007 -4.985242 -2.904536 -0.890051 -0.546678 -0.415437 0.593672 0.177548 -0.126578 0.306686 0.187172 -0.278846 1.651270 0.667442 0.659749 -0.182986 -0.038664 -0.873115 0.067387 0.497466 0.018096 -0.124692 0.040233 -0.364223 
0.000000 -50.491782 -4.426186 -1.547900 -3.724494 0.470937 -0.430635 0.492747 0.858000 -0.549248 -0.373378 0.232130 -0.212425 -3.688846 -3.376350 -1.326063 -0.886357 0.386856 -0.757063 -0.389841 0.968718 0.156729 -0.135271 0.235037 -0.550990 8.642652 4.289714 2.466731 1.412247 0.065590 0.263607 -0.231463 0.052055 0.571974 0.146243 -0.178015 -0.046592 
0.000000 -51.443392 -6.903223 -2.990968 -5.128788 0.316635 -0.399352 -0.619131 2.306181 -0.200757 -0.504370 0.818547 -1.048272 8.349298 3.594186 2.028926 1.934443 -0.415498 0.111777 0.130746 0.281659 1.017371 0.599173 -0.168858 -0.372030 7.122232 5.580946 2.726329 1.771423 -0.730005 0.157505 0.551902 -0.533914 0.472951 0.414134 -0.401646 0.286766 
97.128334 -33.793185 2.762186 2.509952 0.144391 -0.360059 -0.207081 0.754239 1.421317 1.485494 0.824969 -0.105586 -0.956484 10.555618 7.785541 4.126595 2.656490 -1.073154 -0.442052 0.713963 -0.099110 1.102630 0.692996 -0.568255 0.022542 -4.536014 1.158530 -0.823628 -1.483482 -0.212296 0.235197 0.445398 -0.451225 -1.114959 -0.632501 0.151644 0.397161 
249.930008 -30.332156 8.667860 5.262223 0.184191 -1.829674 -1.283456 0.808796 2.107961 2.004503 0.881622 -0.317963 -1.003188 -0.722729 5.911245 0.381670 -1.032521 -0.840089 0.582170 1.021543 -0.620791 -1.212547 -0.665829 0.134430 0.422292 -6.877880 -2.745486 -2.742522 -1.827697 0.930755 1.161804 -0.168714 -0.903964 -1.327829 -0.527997 0.428006 0.263128 
223.295609 -35.238644 14.584676 3.273293 -1.920650 -2.040237 0.957260 2.797325 0.179735 -0.939599 -0.506689 0.163275 -0.111900 -3.200143 2.294570 -1.358448 -0.998904 0.788357 1.881555 0.376536 -1.907038 -1.553029 -0.362997 0.287757 0.548797 -2.658301 -4.327855 -0.693782 0.366158 1.315550 0.298192 -0.639592 0.264551 0.728371 0.574017 0.081111 -0.177886 
208.232590 -36.732441 13.256999 2.545327 -1.813617 -0.252961 2.479654 1.561867 -1.706114 -1.101555 0.155628 0.257551 0.094405 -6.039332 -2.744464 -1.005894 -0.300205 1.791011 1.178554 -0.257641 -0.091689 0.244195 0.482206 0.296651 0.066519 0.913073 -1.647706 -0.492242 -0.118821 -0.337323 -1.060642 -0.026844 1.525313 0.713604 0.329035 -0.062278 -0.378972 
201.913559 -47.317308 9.095748 1.261505 -2.521060 1.541784 3.314368 2.282042 -0.003643 -0.451208 0.457723 0.756577 0.021138 -1.373996 -1.000843 -2.342932 -1.236545 0.113710 -0.239729 0.322848 1.143589 -0.125821 0.295073 0.163201 -0.209146 7.068306 2.484978 -0.013058 -0.260003 -1.628769 -1.297226 0.110829 0.308308 -0.600657 -0.245529 -0.316421 -0.001957 
211.271530 -39.480433 11.255313 -2.140538 -4.286707 -0.025541 2.000196 2.207563 0.581063 -1.353196 0.745774 0.583954 -0.323887 8.097279 2.225492 -1.032009 -0.820212 -1.466527 -1.415898 -0.035983 0.524928 -0.957118 -0.008852 -0.336190 0.062606 2.719427 1.537236 1.778430 0.836448 -0.626652 -0.632038 -0.154879 -0.220661 0.146932 -0.476491 -0.412580 0.172581 
221.152191 -31.122749 13.546731 -0.802514 -4.161483 -1.391270 0.482573 2.210077 1.046212 -2.365444 0.440018 0.084197 0.146349 4.064858 2.073628 1.213928 0.436350 -1.139593 -1.503805 0.013090 0.702267 0.168044 -0.657908 -0.661958 0.136015 -4.733113 -0.721441 0.821546 0.839582 0.481858 0.341473 -0.176504 0.033907 1.104318 -0.416711 0.058093 -0.089521 
218.670776 -31.350716 15.402570 0.287318 -3.414008 -2.304727 -1.007414 2.233743 1.985597 -1.017108 -0.570042 -0.739962 -0.051857 -1.368946 0.782610 0.611082 0.858952 -0.502811 -0.732952 -0.388990 0.592741 1.251518 -0.842274 -0.220005 -0.116436 -3.916211 -2.256354 -0.044125 0.679976 1.080101 1.076803 -0.258565 -0.360517 0.472560 0.424759 0.481857 -0.063759 
208.974213 -33.860642 15.111950 0.419650 -2.443580 -2.396891 -0.983332 1.432096 2.231695 0.137592 -1.244530 -0.355813 -0.086523 -3.767564 -2.439080 1.125677 1.796301 1.020608 0.649801 -0.504039 -0.018768 1.113163 0.191609 0.301755 0.008498 -1.693190 -2.418207 0.841911 1.007143 1.550020 1.032896 0.109399 -0.630618 -0.515140 0.627721 0.220530 -0.002253 
210.451584 -38.885844 10.524411 2.538673 0.178594 -0.263512 0.292189 1.225664 1.948062 1.209218 -0.186824 -0.136452 -0.034862 -4.755326 -4.053804 2.294904 2.873237 2.597229 1.332840 -0.170193 -0.668494 0.221238 0.413168 0.221055 -0.120943 0.642314 0.295657 -0.118451 0.182548 0.378633 0.080450 0.276850 -0.263870 -0.771882 -0.125577 -0.154495 -0.060395 
225.145599 -43.371294 7.004343 5.009459 3.302894 2.797567 1.682348 1.091710 0.894707 0.580068 -0.418194 0.086297 -0.328409 -2.482936 -1.847766 0.888775 2.161398 1.777873 0.810700 0.049661 -0.546508 -0.430601 -0.059544 -0.007234 -0.112292 3.245364 2.544003 -1.733031 -1.435213 -1.409680 -0.602559 -0.123522 -0.176660 -0.306230 0.021125 -0.059089 0.034242 
227.855133 -43.851716 6.828878 4.316222 4.501390 3.292235 1.913590 1.324985 0.855046 0.348015 -0.305912 -0.150920 -0.259446 1.735402 1.034202 -1.171157 0.002810 -0.222132 0.127722 -0.417237 -1.021813 -0.391222 0.455418 0.102877 -0.052459 3.531992 1.999807 -1.396538 -1.722999 -1.062777 -0.786083 -0.363925 -0.337403 0.127974 0.510296 0.016888 -0.006411 
232.515427 -39.900489 9.072748 2.667144 3.308514 2.353304 1.937791 0.257236 -1.148920 -0.202377 0.492643 0.292050 -0.433326 4.581049 2.151847 -1.904300 -1.284600 -0.347681 -0.761465 -0.678190 -1.221315 -0.174653 0.961048 0.026541 -0.125114 1.336297 0.087304 -0.610567 -0.094824 0.332790 -0.561650 -0.129099 0.264487 0.319594 0.220327 -0.376599 -0.084761 
230.627182 -34.689618 11.132571 0.507622 1.932191 2.596872 0.390659 -0.031394 -1.587584 -0.001291 1.616183 -0.097837 -0.509674 4.407997 1.208811 -2.392291 -0.186838 0.443448 -0.995579 -0.675436 -0.492839 0.247966 0.896073 -0.650321 -0.221981 -0.716588 -0.888524 0.197355 0.837963 0.002610 0.400608 -0.087471 0.499946 0.030776 -0.596425 -0.213304 -0.197801 
216.759232 -31.084495 11.490370 -2.117438 2.934837 3.240200 -0.053367 -1.093636 -2.134598 0.293554 2.284789 -1.008592 -0.877288 3.147874 0.374799 -1.509591 0.391327 -0.342462 0.039751 -0.853132 -0.221423 -0.113101 -0.231803 -0.400066 -0.520716 -1.525420 -0.530388 1.416224 -0.218559 -0.793545 0.902051 0.013122 0.433357 -0.223482 -0.867105 0.490991 -0.116298 
209.297211 -28.393871 11.882169 -2.511561 2.714845 1.911948 0.470160 -1.737657 -2.030429 -0.227494 1.152578 -0.897970 -1.551106 1.357157 0.148035 0.440156 -0.623955 -1.143642 0.808522 -0.649192 0.373874 -0.198998 -0.838136 0.331661 -0.454576 -1.473101 -0.205761 0.503682 -0.488926 0.166174 0.051929 0.342866 0.451636 0.106851 -0.016627 0.415297 0.264818 
207.593201 -28.370181 11.786439 -1.237126 1.686927 0.952917 1.563678 -2.392019 -1.386850 -0.104442 0.608518 -0.345271 -1.786441 0.201672 -0.036722 -0.502228 -0.586525 -0.010114 0.143609 -0.167400 0.681850 0.100600 -0.265056 0.430529 0.008920 -0.704456 -0.249636 -1.013759 0.523398 0.930190 -0.394487 0.355642 -0.093842 0.194647 0.347935 -0.107507 0.368966 
200.868607 -27.990527 11.808725 -3.516017 1.541795 1.891720 0.757378 -2.072457 -0.666729 -0.026293 0.622465 -0.036912 -1.533266 -0.051755 -0.351238 -1.587361 0.422841 0.716738 0.019548 0.062091 0.186190 0.190296 -0.142266 0.116646 0.283355 -0.797688 -0.581594 0.301234 0.771931 0.391748 0.196619 0.099777 -0.225790 0.477206 -0.152299 -0.482111 0.092523 
190.227509 -28.473690 11.083963 -4.411847 2.532609 2.386392 1.602774 -2.267837 -1.014469 0.276150 0.323987 -0.111979 -1.219731 -1.393704 -1.199910 0.100240 0.957336 0.773381 0.536848 0.032154 0.230271 1.055012 -0.569653 -0.533693 0.193966 -0.550184 -0.243145 1.067758 0.019544 -0.095347 0.047301 0.033877 0.108975 0.356748 -0.139074 -0.306403 -0.123078 
181.047272 -30.777935 9.408905 -3.315536 3.456468 3.438481 1.831073 -2.008148 -0.206187 2.083731 -0.516841 -1.104299 -1.145334 -1.152122 -0.837529 0.548156 0.461930 0.526044 0.114149 0.129845 0.404141 0.903791 -0.420414 -0.496160 0.037198 0.120791 0.181191 0.223958 -0.247703 -0.123668 -0.211349 0.048845 0.086935 -0.075611 0.074620 0.018767 -0.078384 
