0.000000 -20.699340 -1.110457 4.307869 2.072398 -7.286180 2.293129 -2.321639 -1.226602 -5.524998 -0.862477 -2.098596 0.351653 0.938803 -0.107774 -1.073516 -1.113572 -0.178506 -1.049271 -0.298727 1.175567 0.556011 0.117231 0.038647 -0.199014 -0.341271 0.392574 -0.148917 0.544717 -0.176226 0.114997 0.449233 -0.003059 0.406431 0.246369 0.120799 -0.031087 
0.000000 -18.821734 -1.326005 2.160837 -0.154747 -7.643193 0.194586 -2.919094 1.124532 -4.412976 -0.628015 -2.021301 -0.046376 0.256260 0.677374 -1.371349 -0.024138 -0.530959 -0.819277 0.599738 1.169448 1.368872 0.609969 0.280245 -0.261188 -1.658201 0.570708 0.665544 1.122084 -0.362231 0.739030 0.645540 -0.610834 0.205687 0.206984 0.279898 0.090560 
332.680176 -20.186820 0.244291 1.565171 2.024122 -8.348097 0.654574 -1.122163 1.112295 -2.787254 0.357461 -1.538105 -0.170723 -2.377599 1.033643 0.257573 1.130595 -0.902968 0.428789 0.992353 -0.046101 0.967384 0.531199 0.598443 -0.017894 -2.214820 0.508749 1.303401 -0.433887 0.106636 0.716315 -0.150181 -0.615822 -0.599115 -0.230630 0.109579 0.401954 
320.643555 -23.576932 0.741281 2.675983 2.106442 -9.449129 1.052164 -0.934388 1.032330 -2.478208 0.434384 -0.824415 -0.082165 -4.173380 1.694872 1.235454 -0.891911 -0.317687 0.613353 0.299376 -0.062196 0.170643 0.148709 0.499403 0.542719 -0.743675 0.060643 0.637969 -1.291729 0.694423 0.054903 -0.511435 0.336455 -0.559295 -0.422249 -0.574717 0.295693 
297.078003 -28.533581 3.634035 4.036078 0.240299 -8.983471 1.881281 -0.523410 0.987903 -2.445968 0.654879 -0.539299 0.914715 -3.864950 1.154928 1.533511 -1.452864 0.485878 0.538594 -0.030517 0.626810 -0.151207 -0.313299 -0.550991 0.573492 -1.304797 -1.312344 -0.979802 0.337802 0.535605 -0.698572 -0.052476 -0.023758 0.084563 -0.193776 -0.222039 -0.364683 
262.838226 -31.306833 3.051137 5.743005 -0.799285 -8.477372 2.129352 -0.995422 2.285949 -2.780621 -0.192215 -1.926397 1.064818 -6.782974 -0.929817 -0.724150 -0.216308 0.753523 -0.783791 0.194424 -0.109712 0.339769 -0.238842 0.055325 -0.186647 -2.633219 -1.853084 -2.069674 2.023951 0.907230 -0.382875 0.544611 -0.362753 0.946186 0.011644 1.021394 -0.423514 
63.508797 -42.099529 1.774400 2.587779 -0.192317 -7.476426 0.313700 -0.134561 0.768479 -1.766431 0.177195 -0.428650 0.541421 -9.131388 -2.551240 -2.605838 2.595038 2.300339 -0.227156 1.058704 -0.098697 1.741164 -0.290012 1.491796 -0.273535 2.301093 -0.269611 0.069844 1.170722 0.955066 0.306549 0.184569 -0.043938 0.278118 -0.257648 0.264401 0.150046 
368.010529 -49.569608 -2.051342 0.531329 4.390790 -3.876693 1.675039 1.121986 2.088556 0.701708 -0.772239 1.057196 0.517748 -2.180788 -1.469039 -0.584462 2.125135 2.663654 -0.170692 0.563563 -0.197588 0.896005 -0.754139 0.584127 0.113446 3.851251 3.109687 2.478330 -2.058806 -0.631313 -0.447377 -0.512720 -0.376473 -0.993531 0.230016 -0.922081 0.127516 
0.000000 -46.461104 -1.163678 1.418856 4.057954 -2.149118 -0.027684 0.992565 0.373304 0.025579 -1.331083 0.739604 0.768314 -1.428885 3.668134 2.350822 -1.522575 1.037713 -1.121911 0.033264 -0.851644 -0.245897 0.170021 -0.352366 -0.018502 0.951605 0.638794 0.923327 -1.350831 -0.384937 0.046722 -0.537674 -0.039240 0.081234 0.534710 -0.048417 0.102103 
52.292473 -52.427379 5.284926 5.232973 1.345640 -1.801267 -0.568782 1.188514 0.385268 0.209914 -0.432198 0.352464 0.480743 -0.277577 -0.191451 1.262191 -0.576527 1.893780 -0.077248 -0.511785 -0.276068 1.058473 0.315281 0.487293 0.317651 4.014242 -3.691207 -2.403439 0.997788 0.665717 1.038663 -0.853647 -0.170842 0.351389 -0.048119 0.578557 0.219128 
186.205933 -47.016259 -1.546579 3.943239 2.904899 1.638442 -0.182179 -0.031004 -0.178832 2.142525 -0.700521 1.714189 1.403617 6.599598 -3.714280 -2.456056 0.473001 2.369148 0.955416 -1.674030 -1.193328 0.456882 0.073782 0.804748 0.419753 1.313980 -0.448067 -1.523362 -0.051008 -0.311017 0.388316 0.001678 -0.064261 -1.029153 0.103280 -0.287542 -0.445249 
0.000000 -39.228182 -2.143634 0.320862 2.291642 2.937028 1.342049 -2.159546 -2.001387 1.123678 -0.284634 1.961960 1.320250 2.350383 -1.087584 -1.784533 -0.678542 1.271745 0.699385 -0.508429 -0.404590 -0.999832 0.521842 -0.087791 -0.572846 -4.375124 0.944095 0.481865 -0.632290 -0.823188 -0.314317 1.105757 0.734477 -0.570728 0.349875 -0.890878 -0.473224 
52.557171 -42.315492 -3.721748 0.374173 1.547814 4.181933 1.216591 -1.047862 -0.988012 0.142862 0.343163 1.538606 0.257925 -2.150649 -1.826091 -1.492326 -0.791579 0.722772 0.326782 0.537484 0.275627 -0.684574 0.773532 -0.977007 -0.526696 -1.766691 -0.056345 -0.611192 -0.488959 -0.660405 0.025898 0.515910 0.545938 0.242913 -0.377239 -0.298283 0.483183 
0.000000 -43.529480 -5.795816 -2.663790 0.708483 4.382571 1.995614 -1.084579 -1.450132 -0.245470 1.262430 0.007946 0.266859 -1.182999 -1.200275 -3.006917 -1.656460 -0.049065 0.751182 0.523392 0.687286 -0.514006 -0.232637 -0.684357 0.393520 0.261072 1.360978 -0.424148 0.106006 -0.484132 -0.347682 0.037617 0.434745 -0.133951 -0.239267 0.405419 0.486121 
153.461594 -44.681490 -6.122297 -5.639660 -1.765106 4.083803 2.718954 -0.001078 0.386561 -0.885151 -0.122111 0.169891 1.044966 -1.628504 0.895866 -2.340623 -0.579568 -0.245493 -0.368581 0.612717 1.145117 -0.952477 0.294997 -0.166168 0.445546 3.769488 2.913900 2.084888 0.676387 -2.389279 -1.138501 -0.586414 -0.458353 -0.044099 0.364091 0.018140 -0.437692 
0.000000 -46.786487 -4.004084 -7.345035 -0.450652 3.891586 1.258451 0.140855 0.840103 -2.150423 1.852425 -0.324391 1.157950 6.355977 4.627525 1.162859 -0.303687 -4.827623 -1.525819 -0.649436 -0.229420 -0.602204 0.495544 -0.648077 -0.481863 8.540464 1.341664 3.010879 -0.072428 -3.040854 -0.371293 -0.315059 -0.527500 0.093453 -0.586982 -0.241564 -0.567552 
0.000000 -31.969536 3.132752 -3.313942 -2.372480 -5.571443 -0.332685 -1.299951 -0.072280 -2.089558 0.868977 -1.126263 0.081239 15.452423 3.579194 3.681136 -0.724423 -6.327202 -1.111167 -0.017402 0.090116 -0.765570 -0.878966 -0.649297 -0.689559 -1.391117 -1.558699 0.281142 0.057629 2.234245 1.174450 1.165831 0.467282 0.315641 -0.710974 0.110917 0.123607 
0.000000 -15.881641 3.154304 0.017237 -1.899499 -8.762817 -0.963882 0.106052 1.020335 -3.681564 0.094493 -1.622986 -0.221167 3.573743 1.510127 1.725143 -0.188428 -0.359132 0.823080 1.682226 0.705144 0.029078 -0.926404 -0.426243 -0.234649 -11.695660 -1.722240 -1.594658 0.505266 5.603690 1.161728 -0.052517 -0.227121 1.366786 0.517508 0.153801 0.244004 
0.000000 -24.822049 6.153005 0.136343 -2.749336 -6.289707 1.313476 2.064501 1.338008 -2.031401 -0.983831 -1.978749 -0.388060 -7.938896 0.134714 0.491820 0.286108 4.880178 1.212289 -0.122436 -0.364126 1.968003 0.156051 -0.341696 -0.201551 -1.329235 -1.431648 -1.093969 1.176703 2.048506 -1.024568 -1.299817 -0.308161 0.604753 0.817124 0.102152 0.142006 
0.000000 -31.759434 3.423731 1.000877 -1.327282 0.997539 1.460697 -0.138820 0.292083 0.254442 0.406594 -2.306378 -0.624269 0.915273 -1.353169 -0.462795 2.164978 3.737879 -1.226056 -0.917407 0.088822 1.238583 0.707843 -0.221938 0.049364 8.549779 -1.226310 -0.929689 0.074803 -2.780075 -2.049242 -0.161491 0.506654 -1.103812 0.153156 0.694099 0.683101 
0.000000 -22.991502 3.446667 -0.789246 1.580620 1.186051 -1.138637 0.229686 1.515652 0.445765 0.431854 -2.422626 -0.289332 9.160661 -2.317907 -1.367558 0.435714 -0.679971 -2.886195 -0.445419 0.649182 -0.239621 0.462363 1.046502 1.164651 2.499702 -1.037916 -0.181535 -1.791426 -2.518191 -0.497643 0.145287 -0.290723 -0.766512 0.019606 0.876048 0.682269 
0.000000 -13.438111 -1.212083 -1.734239 -0.455855 -0.362404 -4.311694 -1.029658 1.590447 -0.224800 1.331320 -0.213375 1.705033 5.914677 -3.429002 -0.825864 -1.417874 -1.298503 -2.221342 -0.626834 -0.492624 -0.294441 0.747055 1.530158 1.413902 -4.275584 0.538629 0.423571 -0.478335 0.166089 1.069482 0.147589 -0.665843 0.147244 -0.108067 -0.246331 -0.349900 
0.000000 -11.162147 -3.411337 -2.440973 -1.255128 -1.410954 -5.581321 -1.023982 0.530404 -0.143116 1.925965 0.637690 2.538471 0.609494 -1.240648 -0.520415 -0.520957 -0.347793 -0.747230 -0.150240 -0.682505 0.054868 0.246228 0.553840 0.464851 -3.822905 1.894559 0.545172 1.115201 0.652175 0.965464 0.273251 0.049583 0.308277 -0.547150 -0.605909 -0.697464 
0.000000 -12.219124 -3.693380 -2.775069 -1.497770 -1.057990 -5.806154 -1.330139 0.225437 -0.115064 1.823776 0.894305 2.634735 -1.731133 0.360115 0.264481 0.812528 0.005847 -0.290414 -0.080332 -0.393458 0.322114 -0.347245 0.318339 0.018975 -1.545481 0.879433 0.506260 0.698533 0.105774 0.463214 0.077809 0.484767 0.062866 -0.278515 -0.094471 -0.167737 
0.000000 -14.624413 -2.691106 -1.912011 0.369929 -1.399260 -6.162149 -1.184647 -0.256511 0.501112 1.231475 1.274369 2.576421 -2.481469 0.518218 0.492105 0.876109 -0.136246 0.179198 0.005378 0.287030 0.180600 -0.310802 0.364899 0.129376 -0.040561 -0.500846 -0.297662 -0.213540 0.106415 0.753652 0.286382 0.434730 -0.210586 0.354878 -0.256731 -0.019139 
0.000000 -17.182061 -2.656945 -1.790859 0.254448 -1.330482 -5.447758 -1.319383 0.799497 0.246136 1.202173 1.624102 2.893487 -1.812255 -0.641576 -0.330842 0.385448 0.218678 1.216890 0.492431 0.476003 -0.099059 0.362512 -0.195123 -0.019304 0.140989 -0.115354 -0.278469 -0.666463 -0.123627 1.038715 0.663660 -0.385702 -0.083713 0.623020 -0.545776 -0.372674 
0.000000 -18.248923 -3.974258 -2.573695 1.140825 -0.961904 -3.728369 -0.199784 0.695495 0.302994 1.956500 0.884123 2.537812 -2.199490 0.287510 -0.064832 -0.456818 -0.383499 2.256628 1.332697 -0.484373 0.013173 0.935238 -0.726653 -0.615972 -1.248802 1.940981 1.043723 -0.526274 -0.746036 -0.247983 0.050034 -0.046730 0.068582 -0.364949 -0.332235 -0.114379 
0.000000 -21.581040 -2.081926 -1.920523 -0.659187 -2.097480 -0.934502 1.346011 -0.169249 0.272483 3.072650 0.170796 1.661543 -4.309859 3.240386 1.756604 -0.667100 -1.273393 0.720924 0.592499 0.382543 0.038104 -0.367387 -0.859594 -0.248063 0.465773 0.869271 0.945269 0.367892 -0.854505 -1.390736 -0.792464 0.576859 -0.219955 -0.832909 0.032464 0.088881 
0.000000 -26.868640 2.506515 0.939514 -0.193376 -3.508691 -2.286521 0.985214 1.460581 0.379202 1.221726 -0.835066 2.041686 -1.267943 2.026051 1.825706 0.278965 -2.092509 -0.524844 -0.252232 0.669345 -0.426736 -0.730580 -0.661725 -0.438209 4.635456 -2.146526 -0.674597 0.382822 -0.370464 -0.132481 -0.648479 -0.596824 -0.663090 0.320679 0.297636 -0.258858 
0.000000 -24.116927 1.970176 1.730888 -0.101257 -6.282499 -1.984190 0.841548 1.169440 -0.580988 1.611489 -1.152655 0.785124 4.961054 -1.052665 0.407411 0.098544 -2.014322 0.455963 -0.704460 -0.811105 -1.288076 0.273972 -0.264323 -0.765778 2.190165 -1.270278 -1.130077 0.077857 0.963213 0.698101 -0.315639 -0.656349 -0.064571 0.086859 0.217906 0.210822 
391.469910 -16.946533 0.401185 1.754336 0.003712 -7.537334 -1.374596 -0.423705 -0.161630 -2.196949 1.769670 -1.363712 0.510130 3.112387 -0.514505 -0.434449 0.434679 -0.166083 0.871357 -0.883509 -0.643354 -0.555877 -0.556862 -0.225913 -0.016565 -3.924943 0.534447 -0.790050 0.624553 1.599337 0.356279 0.246208 0.875829 1.089589 -0.374759 0.372213 0.367726 
382.115631 -17.892153 0.941166 0.861990 0.768102 -6.614666 -0.241475 -0.925469 -0.117268 -1.692743 0.497765 -1.604480 0.751994 -2.888832 0.016228 -1.172689 1.347651 1.184353 1.168521 -0.212043 0.940553 0.891103 -0.475546 0.480104 -0.030326 -2.657676 -0.104114 -0.449457 0.269899 0.316767 0.151260 0.662691 0.854460 0.665362 0.613623 0.504047 -0.212984 
372.755310 -22.724197 0.433642 -0.591042 2.699013 -5.168629 0.962447 -0.847792 1.719477 -0.414743 0.818578 -0.403504 0.449477 -2.202965 -0.722733 -1.333362 0.974478 0.467450 1.173878 0.441873 1.065567 0.774846 0.670385 0.782182 -0.442533 3.480431 -0.215724 -0.328805 -1.637944 -0.557683 -0.250581 0.276726 -0.863699 -0.817632 0.547259 0.037975 0.149640 
372.691589 -22.298084 -0.504299 -1.804734 2.717057 -5.679766 2.106282 -0.041722 2.013866 -0.143052 1.838535 -0.040116 -0.133072 4.072029 -0.415220 -1.830298 -1.928238 0.068987 0.667359 0.341409 -0.786845 -0.744161 0.618972 0.556053 0.268954 3.759450 0.159730 -0.198785 -1.305378 0.298958 -1.308120 -0.548607 -1.151749 -0.343192 -0.142702 -0.159799 0.580618 
0.000000 -14.580138 -0.396798 -4.251638 -1.157462 -5.030655 2.297164 -0.164974 0.145787 -1.903064 2.056522 0.708602 0.987386 5.315934 -0.403272 -1.730933 -1.636278 1.065365 -1.442361 -0.655342 -1.237931 0.088462 0.384981 0.462585 0.718704 -2.805627 0.340537 1.002147 1.555104 1.189544 -1.220626 -0.890392 0.549981 0.979161 -0.282162 -0.327414 -0.316267 
0.000000 -11.666217 -1.310842 -5.266599 -0.555499 -3.549036 -0.778440 -1.352405 -0.461995 0.033872 2.608496 0.885053 1.304336 -1.539225 0.265854 0.173996 1.181969 2.448075 -1.773893 -1.439374 0.313117 1.214162 0.054647 -0.098774 -0.363579 -7.283074 0.987652 1.900753 1.497227 0.387898 0.890696 0.112841 0.455928 -0.030714 -0.561332 -0.540839 -0.876437 
0.000000 -17.658589 0.134910 -3.903645 1.206476 -0.134504 -1.250621 -3.043723 0.772021 0.525259 2.165816 0.511054 0.260228 -9.250214 1.572032 2.070573 1.358176 1.841161 0.339032 -0.429659 -0.326075 0.027035 -0.737684 -0.619093 -1.034170 -2.577084 -1.721740 1.625783 -1.316959 -0.467585 1.375947 1.488802 -0.709737 -0.825493 -0.549000 -0.199269 0.033059 
0.000000 -30.166646 1.833223 -1.125453 2.160853 0.133285 -0.100376 -2.211723 -1.114146 0.087941 1.133128 -0.353132 -0.764005 -6.693393 -3.177626 3.425562 -1.451948 1.512906 0.978002 1.538230 -1.106357 -0.436824 -1.043353 -0.497311 -0.297461 5.016490 -4.240949 0.570049 -1.552792 -1.319562 -0.405878 0.451901 -0.113481 -0.223631 -0.030497 0.398176 0.627760 
213.609100 -31.045376 -6.220341 2.947478 -1.697420 2.891307 0.705383 0.032736 -1.440693 -0.348390 0.079110 -0.483568 -0.334694 0.782765 -6.909865 3.210671 -1.747408 -0.797964 -0.472725 0.474143 -0.553038 -0.420228 -0.798677 0.177260 0.221350 2.712093 -0.154913 -0.898486 1.989691 -1.333604 -0.755162 -0.638130 0.924241 0.319987 0.596253 0.559388 0.310048 
0.000000 -28.601116 -11.986508 5.295889 -1.333963 -1.462642 -1.045827 -1.263437 -2.220222 -0.752515 -0.464227 0.001388 -0.321304 -1.269207 -3.487451 1.628589 2.527434 -1.154302 -0.532323 0.261970 0.742125 0.203149 0.149154 0.621465 0.322636 -0.010590 5.056770 -1.695731 3.372815 1.597868 0.425963 0.048152 0.716839 0.245173 0.257137 -0.136262 -0.094504 
0.000000 -33.583789 -13.195243 6.204655 3.357449 0.582702 -0.359263 0.556676 0.043556 0.057908 0.377417 0.759362 0.310578 0.761585 3.203675 -0.180791 4.998221 2.397772 0.379201 0.570447 0.880640 0.070118 -0.284403 -0.095264 0.032342 4.220884 4.588093 -2.222421 -0.377687 0.510003 -0.399045 -0.335209 -0.084079 -0.420619 -0.366096 -0.518751 -0.165093 
0.000000 -27.077945 -5.579159 4.934306 8.662480 3.332901 -0.287425 -0.122544 -0.458943 -0.612279 -1.033033 -0.189140 -0.256620 7.172562 5.688735 -2.816253 1.772060 -0.134297 -1.330414 -0.408448 0.573966 -0.638088 -0.583038 -0.416036 -0.007550 2.973234 -1.174897 -1.595439 -3.291021 -2.381599 -0.866015 -0.315046 -0.135362 -0.408323 0.253610 -0.020744 0.220450 
0.000000 -19.238665 -1.817774 0.572149 6.901568 0.314109 -3.020091 -0.260219 1.191488 -1.218268 -0.788659 -0.072711 0.295477 6.708053 0.853881 -3.371670 -1.583820 -2.365426 -1.352828 -0.059646 0.609915 -0.746529 0.222817 -0.136752 0.473243 -1.105656 -3.877377 0.646961 -1.795930 -0.495191 0.210198 -0.017297 -0.409639 0.596775 0.576685 0.244531 0.399030 
362.508942 -13.661839 -3.871398 -1.809033 5.494840 -1.397950 -2.993081 -0.241835 0.760887 -2.105336 -0.587399 -0.462644 0.689866 4.961251 -2.066020 -1.522331 -1.819801 -1.124679 -0.910017 -0.443042 -0.245312 0.555462 0.570332 0.073027 0.790509 -2.041314 -0.958933 0.974733 -0.529967 1.271386 0.452463 -0.044000 -0.330434 1.016250 0.288762 0.289673 0.096567 
382.019287 -9.316163 -5.949813 -2.472512 3.261966 -1.935249 -4.840125 -1.146304 0.700865 -0.107343 0.352006 0.073343 1.876495 2.625425 -1.063986 -1.422203 -2.643753 0.177346 -0.447902 -0.147646 -0.050954 1.285971 0.800341 0.442594 0.666378 -2.673381 2.245259 -0.021918 -0.121801 1.019890 1.379091 0.406528 0.016410 0.011732 -0.065679 0.011990 -0.827679 
0.000000 -8.410989 -5.999370 -4.653440 0.207334 -1.043257 -3.888885 -0.537127 0.658978 0.466606 1.013282 0.422544 2.022621 -0.385510 2.424499 -1.566168 -2.063403 0.915101 1.848164 0.370013 -0.212491 0.578926 0.438973 0.097007 -0.864849 -4.482200 2.687616 0.935499 1.304024 0.037445 0.768043 0.501153 -0.186964 -0.801595 -0.974407 -0.710536 -1.151540 
0.000000 -10.087184 -1.100816 -5.604848 -0.864840 -0.105048 -1.143796 -0.406278 0.275882 1.050509 1.229952 0.267357 0.146797 -6.338975 4.311245 0.448794 -0.035706 0.252237 1.088184 0.854661 -0.424883 -0.317218 -1.148474 -0.978479 -1.636703 -4.191992 -0.405470 0.872374 1.211947 -0.720353 -1.281016 0.165876 0.039344 -0.770259 -1.045884 -0.581727 -0.017040 
0.000000 -21.088939 2.623119 -3.755853 0.135923 -0.538784 -1.712517 1.172194 -0.190787 -0.167830 -1.283665 -1.534413 -1.250784 -8.769494 1.613558 0.178579 0.360491 -0.525606 -0.713867 0.701764 -0.133803 -0.961592 -1.652794 -1.066448 -0.898929 -1.315236 -2.004969 -0.384363 0.151927 0.006304 -0.548425 -0.530073 0.078785 0.209369 0.608493 0.529357 0.800485 
0.000000 -27.626172 2.126300 -5.247689 -0.143858 -1.156260 -2.571531 0.997250 0.008277 -0.872675 -2.075635 -1.865538 -1.651062 -8.969448 0.301307 -0.319933 0.268149 0.264844 -0.008666 -0.205485 -0.267312 0.101520 0.068511 0.080235 -0.035732 0.205888 -0.779923 0.711430 -0.279678 0.513230 0.808503 -0.511974 0.227314 0.702514 1.020021 0.940867 0.907513 
199.290405 -39.027835 3.225733 -4.395718 0.672221 -0.009096 -1.729849 0.761224 -0.725411 0.035211 -1.146643 -1.373942 -1.322249 -8.357718 0.053713 1.601439 -0.198865 0.500853 0.903140 -0.322184 0.320826 0.443436 0.387249 0.815286 0.916096 11.377807 -0.954448 0.456589 -1.227721 -0.968020 0.450791 -0.121565 -0.131020 0.068876 0.820853 0.410055 0.621075 
0.000000 -44.341607 2.233725 -2.044811 -0.541587 -0.154553 -0.765252 0.352883 0.649929 0.014197 -1.301137 -0.234966 0.181130 13.786166 -1.607590 0.593246 -2.187292 -1.671196 0.892915 -0.448616 -0.529352 0.239271 1.710217 0.900345 1.206418 12.978683 -1.607899 -1.856788 -0.841108 -0.601613 -0.299479 0.191170 -0.505141 0.052907 0.763856 -0.396668 -0.311257 
0.000000 -11.455502 0.010553 -3.209226 -3.702363 -3.351487 0.055982 -0.136009 -1.784114 0.513754 2.273792 0.426747 1.090587 17.599647 -3.162086 -2.112138 -1.881081 -0.702372 0.304183 0.060156 -0.689455 0.549250 1.914960 0.021951 0.293583 -6.755299 -0.107976 -1.285415 1.019143 1.521233 -0.619951 0.548084 0.633165 -0.337128 -1.267425 -0.730707 -0.886164 
0.000000 -9.142313 -4.090446 -6.269086 -4.303750 -1.559298 -0.156886 0.473194 -0.728982 1.112697 2.528784 -0.191064 0.768295 0.275569 -1.823543 -1.977584 -0.149007 1.371270 -0.346986 0.647551 0.736978 -0.434985 -0.824633 -0.561070 -0.565911 -9.949419 1.961134 0.656731 1.087081 0.599742 -0.072690 0.064568 0.518846 -0.766188 -1.741180 -0.232680 -0.659777 
0.000000 -10.904364 -3.636532 -7.164393 -4.000376 -0.608946 -0.637990 1.159094 -0.310158 -0.356217 0.624526 -0.695392 -0.041235 -2.299190 0.760182 -0.798675 0.293080 0.497112 0.158802 0.189291 0.348236 -0.983126 -1.567399 -0.443410 -1.025971 -1.502162 1.391009 1.046437 -0.245761 -1.123809 0.426498 -0.483580 -0.389972 0.252841 0.039856 0.071752 0.001951 
0.000000 -13.740693 -2.570081 -7.866435 -3.717590 -0.565074 0.160717 0.851776 -0.032510 -0.853556 -0.606014 -1.077884 -1.283648 -2.728754 0.958476 0.115291 -0.640529 -0.876348 0.506010 -0.319609 -0.042966 0.070697 -0.744921 -0.417566 -0.562009 -1.414605 0.528627 0.877410 -0.087247 -0.646928 -0.016639 -0.319709 -0.085753 0.931608 0.586491 0.147182 0.886704 
331.838745 -16.361872 -1.719581 -6.933812 -5.281434 -2.361642 0.374031 0.519877 -0.396090 -0.214822 -0.865315 -1.530524 -1.165254 -5.128399 1.817436 0.956145 0.118586 -0.796744 0.125524 -0.450128 0.176731 0.880089 -0.394417 -0.149045 0.747438 -4.283148 0.801427 0.576476 0.950766 1.142665 0.221588 0.375190 0.265870 0.290806 0.491012 0.380285 0.599981 
319.036591 -23.997491 1.064790 -5.954146 -3.480418 -2.158563 0.411765 -0.048479 0.320951 0.906623 -1.394848 -1.375975 0.211227 -11.295050 2.561330 1.268243 1.261004 1.408982 0.949187 0.430772 0.488774 0.652310 0.237102 0.343003 0.637952 -4.424220 -1.499353 -0.316360 -0.337316 0.907384 0.321807 0.618217 0.200447 -0.361331 0.466022 0.221791 -0.619136 
316.886963 -38.951971 3.403079 -4.397327 -2.759426 0.456321 2.272404 1.381421 0.581457 1.089797 -0.391110 -0.844518 0.110651 -13.976839 -1.181270 0.323424 -0.556046 1.018024 0.769138 0.786306 0.577625 0.157427 0.537628 0.294536 -0.490834 6.911292 -6.013288 -1.597887 -0.227208 -0.881951 -1.213391 -0.605279 0.265683 -0.407979 -0.474086 -0.125967 -0.464230 
0.000000 -51.951169 -1.297749 -5.307297 -4.592510 -0.122515 1.950041 1.524133 1.476202 1.221476 -0.319593 -0.786903 -0.770441 2.527535 -9.465245 -1.927531 0.806589 -0.354921 -1.477595 -0.779786 1.020139 -0.163648 -0.711070 0.091068 -0.290507 12.858309 -2.705560 0.338035 1.737009 -0.172097 -1.142082 -0.757232 -0.383681 -0.623158 -0.480881 0.000227 0.311974 
0.000000 -33.896902 -15.527411 -8.252389 -1.146248 -0.253520 -0.682785 -0.178151 2.621735 0.762500 -1.813251 -0.662381 -0.470362 11.739778 -6.592390 0.999494 2.917971 0.673829 -1.515025 -0.728158 -0.189736 -1.088889 -0.424135 0.294991 0.133113 0.092555 4.993843 2.199786 0.194126 0.547126 0.639491 0.451385 -0.891321 -0.347877 0.516883 0.070831 0.136790 
0.000000 -28.471612 -14.482528 -3.308309 1.243433 1.225143 -1.080010 0.067817 1.096730 -0.956303 -1.167862 -0.196922 -0.504215 2.712645 0.522442 2.472040 1.194841 0.739332 -0.198612 0.122984 -0.762503 -0.859401 0.322695 0.232730 -0.016926 -4.513567 3.557416 0.736273 -0.861565 0.032751 0.658207 0.425571 -0.286383 0.114744 0.373415 -0.031131 -0.075020 
