0.000000 -32.805307 5.258717 -2.293015 1.398100 0.722234 0.779761 1.214474 -0.301176 -1.433195 -0.519738 -0.913257 0.153457 1.591541 -0.541255 1.472269 -0.130199 0.504541 0.873278 -1.723867 0.966556 0.072199 0.277255 -0.325599 0.124648 0.779480 -0.372751 -0.133108 0.743836 0.116254 -0.338920 -0.061172 -0.166439 0.280059 -0.048703 -0.302196 0.178583 
275.550873 -29.622225 4.176207 0.651523 1.137702 1.731316 2.526317 -2.233261 1.631936 -1.288797 0.034772 -1.564456 0.402752 3.150502 -1.286757 1.206053 1.357473 0.737049 0.195439 -1.846211 0.633678 0.632317 0.179848 -0.929991 0.481813 -0.969546 -0.223161 -0.858919 0.806670 0.184616 -1.117049 1.099295 -0.652626 0.330407 0.027228 0.287987 -0.300510 
271.838440 -26.504304 2.685204 0.119091 4.113046 2.196332 1.170638 -2.477948 0.966181 -0.168561 -0.160042 -2.773240 1.117082 -0.347550 -0.987578 -0.245568 1.483142 0.873774 -1.360819 0.474723 -0.338695 0.733014 0.331711 0.250375 -0.476372 -2.853109 0.935187 -0.714534 -0.765363 0.129563 -0.235990 1.429491 -0.426583 -0.184085 0.052703 1.217392 -0.898910 
263.939056 -30.317325 2.201050 0.160386 4.103986 3.478863 -0.195322 -1.283815 0.954546 0.177231 0.698194 -1.063707 -0.549993 -2.555715 0.583618 -0.223015 -0.173254 0.996175 -0.276541 1.012771 -0.219488 0.264147 0.285255 1.504792 -1.316007 0.465609 1.937783 -0.526499 -1.643594 -0.360051 0.433417 0.365504 -0.262186 -0.264999 -0.493834 0.244919 0.037272 
247.758133 -31.615735 3.852440 -0.326938 3.766539 4.188682 0.617556 -0.452406 0.527205 0.359734 0.410468 0.236345 -1.514931 0.583668 2.887987 -1.298567 -1.804046 0.153672 -0.493985 1.205731 -0.863068 0.203016 -0.655957 0.740212 -0.401828 1.091583 1.262101 -0.456010 -1.234188 -1.070601 -0.602646 0.144421 -0.069512 0.039655 -0.422937 -1.023212 1.000821 
247.615997 -29.149989 7.977025 -2.436747 0.495894 3.786207 -1.183292 1.127646 -0.771590 0.583263 -0.613720 0.416717 -1.353649 -0.372549 3.107821 -1.135035 -2.641629 -1.145026 -1.481834 1.301613 -0.358512 0.343458 -0.560619 -0.541631 0.685635 -2.208893 -1.601560 0.949283 0.663850 -0.441689 0.035193 -0.442050 0.637653 0.308173 0.451084 -0.774609 0.358349 
243.911575 -32.360832 10.068081 -2.597008 -1.516719 1.898629 -2.346112 2.150820 -0.189818 1.046649 -0.710770 -0.846917 -0.143662 -3.834118 -0.315133 0.599998 -0.476346 -0.729706 -0.423599 0.321630 0.412239 0.819362 0.246212 -0.809006 0.314869 -3.951819 -3.246029 1.978150 2.460902 0.571965 1.647883 -0.828726 0.489739 -0.256716 0.364306 0.301560 -0.590998 
236.604233 -36.818224 7.346760 -1.236751 -0.456798 2.326796 -2.030489 1.770907 0.052889 2.221987 -0.121297 -1.201294 -0.723911 -8.276187 -3.384236 2.821264 2.280175 -0.001097 1.813933 -0.355838 0.620966 -0.169975 0.167993 0.061489 -0.496361 -2.084062 -0.522779 1.608087 1.768780 0.645658 1.340490 -0.328617 -0.158477 -1.113349 -0.233526 0.436713 -0.243900 
234.360275 -48.913206 3.299608 3.045520 3.043631 1.896436 1.281755 1.439144 1.052114 0.706699 -0.374785 -0.723939 -1.136385 -8.002241 -1.360691 3.816172 3.061213 0.561610 2.257382 -0.335604 0.095286 -1.407337 -0.220840 0.064420 -0.172931 6.433891 3.322791 -1.011362 -1.381442 -1.011845 -1.480191 0.601942 -0.726927 -0.262729 -0.106490 -0.090734 0.448242 
247.142624 -52.822706 4.625378 6.395594 5.665629 3.450015 2.484274 1.099699 0.243460 -0.592686 -0.562978 -1.072455 -1.069773 4.591595 3.261345 0.798541 -0.482709 -2.024786 -1.146449 0.848047 -0.832888 -0.695433 -0.044987 -0.119980 0.400123 8.350024 2.020774 -2.454349 -2.191608 -1.422037 -2.169324 0.565395 -0.623036 0.855059 0.426556 0.040087 0.235830 
255.243225 -39.730015 9.822297 4.642602 2.078213 -2.153136 -1.011142 3.135237 -0.613663 -0.684167 -0.464758 -0.963899 -0.336139 8.697807 2.680858 -1.092525 -1.322002 -2.282465 -2.081267 0.795186 -1.150785 0.302782 0.632271 0.144593 0.298730 -2.208253 -1.864735 -0.663831 0.604572 1.655270 0.559783 -0.604588 0.478466 0.739516 -0.002603 0.044784 -0.133234 
254.695358 -35.427093 9.987093 4.210543 3.021624 -1.114915 -1.678260 2.690072 -2.058110 0.012877 0.701565 -0.783268 -0.472313 0.175090 -0.468124 -0.529121 0.726436 1.285754 -0.026884 -0.361130 0.124043 0.783599 -0.050193 -0.030412 0.133654 -6.281269 -2.055465 0.038933 1.013719 1.624333 1.337233 -0.573559 1.133691 0.053082 -0.520076 0.028397 0.021770 
246.654678 -39.379834 8.886048 3.584360 3.531084 0.418371 -1.064910 2.412977 -0.365577 0.883032 -0.565145 -1.024723 -0.068831 -3.864732 -1.430072 -1.014658 0.705437 0.966200 0.593200 -0.351932 1.116596 0.408946 -0.407881 0.201388 0.342270 -1.788984 -0.597154 0.160646 -0.105538 -0.669759 0.182794 -0.109974 -0.009527 -0.661818 0.140804 0.017186 -0.009997 
229.380264 -43.156557 7.126950 2.181226 4.432497 0.817485 -0.491860 1.986209 0.175081 0.830769 -0.114197 -0.380492 0.212227 -3.402878 -1.662433 -0.207829 0.515360 -0.053765 0.338704 -0.581077 0.104990 -0.540037 0.231414 0.003960 0.113659 1.367957 0.669125 0.468759 -0.884960 -0.616155 -0.126506 0.198545 -0.643426 -0.317854 0.258969 -0.349699 -0.178000 
219.483719 -46.185589 5.561183 3.168703 4.561804 0.310841 -0.387502 1.250822 -0.155597 -0.197042 -0.102317 -1.016802 0.158487 -1.128819 -0.091822 -0.077141 -1.064484 -0.266110 0.340189 0.045158 -0.170257 -0.226761 0.110057 -0.498009 -0.013730 4.689645 2.503645 -0.408213 -1.532831 -0.813017 -0.456552 0.553218 0.160033 0.355717 -0.216655 0.054911 0.053588 
214.210159 -45.414194 6.943305 2.026944 2.303528 0.285264 0.188518 2.076525 -0.165433 0.377247 0.105916 -1.376510 0.184768 5.976412 3.344858 -1.024254 -2.550302 -1.679798 -0.574401 0.525358 0.425056 0.171397 -0.201897 0.113783 0.220835 4.614450 1.261139 0.029499 -0.351424 -0.935335 -0.525311 0.159506 0.322698 -0.317493 -0.020131 0.126410 -0.173641 
213.016220 -34.232765 12.250899 1.120195 -0.538800 -3.048756 -1.536303 2.301538 0.694514 0.145753 -0.506110 -0.789236 0.600157 8.100082 2.430455 -0.018143 -1.767332 -2.136780 -0.710434 0.364170 0.475139 -0.861747 0.069794 -0.245189 -0.361011 -1.147817 -2.237507 0.441040 1.283384 1.243281 0.558074 -0.610437 -0.215374 -0.735701 -0.004367 -0.190074 -0.506312 
210.023849 -29.214030 11.804215 1.990658 -1.231136 -3.988295 -1.232350 2.804865 0.784845 -1.346248 0.245505 -1.866889 -0.537255 3.680779 -1.130156 -0.142173 0.016465 0.806763 0.541748 -0.695517 -0.005692 -1.300004 -0.210631 -0.266365 -0.791789 -4.556667 -2.546183 -0.414260 1.659536 1.668645 1.013410 -0.843388 -0.420894 0.656824 -0.570009 0.480523 0.151377 
206.411316 -26.871208 9.990587 0.835849 -0.505869 -1.435230 -0.452807 0.910505 0.683130 -2.454256 -0.927373 -1.321967 -0.983422 -1.013253 -2.661910 -0.846664 1.551739 1.200509 1.316386 -1.322606 -0.366650 0.451901 -1.070223 0.715856 -0.058257 -1.691813 -1.283489 0.094010 0.827032 -0.559576 0.451206 0.085424 -0.196005 1.219177 0.060128 0.529351 0.539939 
197.477188 -31.240536 6.480395 0.297329 1.872343 -1.587276 1.400422 0.159653 0.051546 -0.442445 -1.894942 -0.435176 -0.653769 0.297152 -3.697134 0.045847 1.670530 -0.312388 1.444160 -0.524668 -0.397702 1.138350 -0.090375 0.792336 0.288089 2.461600 0.806484 0.597740 -0.944048 -0.210312 -0.759958 0.407483 -0.144388 -0.322152 0.686131 0.003573 -0.205976 
200.060867 -26.276904 2.596318 0.927543 2.835191 -2.060007 2.435513 -0.138831 -0.112275 -0.177555 -1.108123 0.262706 -0.407244 3.909946 -1.048942 0.348815 -0.336356 0.779885 -0.203530 -0.507639 -0.655426 -0.192404 0.302039 0.723002 -0.470209 0.852215 2.232801 0.188296 -1.250104 0.444499 -1.291204 -0.125143 0.411739 -0.662228 0.244710 -0.225775 -0.301673 
204.423996 -23.420644 4.382511 0.994959 1.199630 -0.027506 0.993362 -0.855625 -1.259306 -0.827253 -1.290863 1.010828 -1.594188 2.001581 0.768468 0.422439 -0.829677 0.576609 -1.138249 -0.774954 0.425776 -0.186105 0.399044 0.340785 -0.315257 -2.580994 0.160960 0.013811 0.165339 -0.234970 -0.172829 0.098238 1.111097 0.162043 0.194181 -0.227759 0.385113 
206.690002 -22.273741 4.133255 1.772422 1.175836 -0.906789 0.159014 -1.688740 0.739277 -0.549765 -0.310035 0.944277 -1.037757 -1.252042 -0.727021 0.376437 -0.005678 0.309946 -0.549187 -0.311163 1.566767 0.131683 0.690401 0.267484 0.300017 -4.393223 -2.449977 -0.021129 0.871685 0.322233 1.039841 0.656773 -0.066021 0.139183 0.160920 -0.145645 0.266270 
212.327637 -25.924727 2.928469 1.747833 1.188273 0.592386 -0.105012 -1.477950 1.874228 -0.563887 0.089940 1.545796 -0.994154 -6.784864 -4.131487 0.380181 0.913692 1.221075 0.941433 0.538592 0.293734 0.092262 0.720885 0.049495 0.217283 -1.249792 -3.979469 -0.197616 1.316103 0.259763 0.577369 0.439028 -0.888436 -0.315260 -0.381409 -0.415240 0.078421 
213.763229 -35.843469 -4.129718 2.532783 3.003219 1.535361 2.041880 -0.611557 1.326745 -0.365241 1.131734 1.043266 -0.603191 -3.751626 -8.685959 -0.018794 2.626527 0.829471 0.605550 0.566894 -0.210105 -0.498837 -0.072417 -0.562996 0.456860 5.170462 2.127927 0.185048 0.357529 -0.013153 -0.762655 -0.424949 -0.122217 -0.267107 -0.533294 -0.653690 -0.143668 
225.103424 -33.427980 -14.443449 1.710245 6.441327 2.251328 1.106088 -0.344163 1.454017 -1.561560 -0.054894 0.419803 -0.080435 3.556060 0.124368 0.750276 1.628750 1.194770 -0.583876 -0.311307 0.049299 -0.441953 -0.345703 -1.257886 -0.070054 3.581284 7.927635 0.212286 -1.724801 0.193592 -0.502981 -0.677521 -0.035019 0.621479 0.221004 -0.349997 -0.192723 
263.399719 -28.731348 -3.880982 4.033335 6.260719 3.924901 0.874127 -1.234170 1.425343 -1.249147 0.440328 -1.472506 -0.743299 3.410941 7.169312 0.405779 -0.823075 1.216655 -0.400411 -0.788149 -0.280144 0.744121 0.369591 -1.262990 0.071414 -1.152505 1.067598 -1.027411 -1.020145 -0.325090 0.216474 -0.111255 -0.115792 0.730945 0.343363 0.381425 0.197095 
257.761322 -26.606098 -0.104826 2.521802 4.795177 4.684638 0.305266 -1.920461 0.893729 -0.073318 0.684288 -2.106177 0.062394 1.251050 2.259564 -1.304546 -0.411540 0.544590 -0.150928 -0.533816 -0.182284 1.019938 0.341024 -0.495037 0.324136 -2.200784 -3.328768 -0.686082 0.417342 -0.339430 0.197546 0.471169 0.326682 -0.387976 -0.204535 0.581402 0.139734 
253.512482 -26.229247 0.638147 1.424243 5.437639 5.014081 0.572271 -2.301802 1.060774 0.790729 1.122375 -2.462579 -0.095027 -0.990626 0.511776 -0.966386 0.011609 0.537794 -0.005319 0.154189 0.373219 -0.031831 -0.039479 -0.100187 0.350883 -2.579737 -0.641319 0.218226 0.312798 0.052661 0.242024 0.467054 0.061941 -0.652218 -0.253055 0.441399 -0.120865 
248.982895 -28.587351 0.918727 0.589030 4.818395 5.760226 0.294628 -1.612082 1.640167 -0.136980 0.605331 -2.306550 0.764160 -3.908424 0.976926 -0.868094 0.214055 0.649913 0.333121 0.400292 -0.058403 -0.284499 -0.165087 0.387761 0.082406 0.386159 0.814562 0.124454 -0.289394 -0.746208 0.167215 0.412942 -0.518474 0.077805 -0.127967 0.446368 -0.409501 
239.067612 -34.046096 2.591998 -0.311946 5.865750 6.313907 1.238512 -1.501218 0.943968 0.221731 0.792201 -1.687058 0.069784 -0.218309 2.140901 -0.717479 -0.567178 -0.954621 0.329112 0.980073 -0.663728 0.123779 -0.295413 0.792549 -0.468118 4.555282 -0.134049 0.184435 -0.842632 -1.200641 -0.279411 -0.004314 -0.052322 0.275216 -0.185348 0.264270 -0.134723 
234.236481 -29.023968 5.200529 -0.845927 3.684040 3.850985 0.952852 0.348063 0.312711 0.110579 0.014505 -0.721452 -0.172077 5.202139 0.708828 -0.499224 -1.471208 -1.751369 -0.225702 0.391663 -0.163047 0.265933 -0.535784 0.916302 -0.187041 1.370246 -1.768605 0.542128 0.507125 0.408461 -0.180675 -0.839488 0.597739 0.151887 0.190842 -0.497933 0.462612 
230.630356 -23.641817 4.009654 -1.310393 2.923334 2.811168 0.787108 -0.717892 0.617874 0.753597 -0.279367 0.145546 -0.304297 2.522184 -1.396308 0.366778 0.447072 -0.137698 -0.032237 -0.698903 0.531751 0.427554 0.086270 -0.203317 0.457106 -3.846810 -1.544725 0.696116 1.447578 1.076530 0.229942 -0.055002 0.306199 -0.279779 0.583206 -0.795537 0.215994 
223.676239 -23.979600 2.407913 -0.112371 4.578183 3.575589 0.888377 -1.049743 1.376212 0.965686 0.187045 -1.128087 0.742135 -2.491480 -2.380623 0.893008 1.423949 0.401690 0.234182 0.281659 0.449351 -0.293625 0.630629 -0.674772 0.244948 -3.643878 -0.994242 0.360608 0.139988 0.016248 0.089509 0.346196 -0.225318 -0.514669 0.257378 -0.036347 -0.250427 
225.710678 -28.624777 -0.751592 0.475623 5.771231 3.614549 1.255473 -0.154574 1.516575 0.166346 0.981890 -1.203998 0.185598 -4.765573 -3.384792 1.087993 0.727047 -0.105203 0.146780 -0.006511 0.081115 -0.601785 0.601027 -0.276011 -0.043747 -1.727577 -0.239148 0.079929 -0.796457 0.115011 0.098187 -0.093047 -0.602547 0.240265 -0.117495 0.458501 -0.252360 
224.367523 -33.510746 -4.361671 2.063616 6.032277 3.365184 1.181938 -1.062765 1.538441 -0.237884 1.389099 -1.680110 0.654640 -5.946634 -2.858919 1.052866 -0.168965 0.631711 0.430557 0.095564 -0.755743 0.186905 0.395640 0.242229 -0.259772 -3.105866 1.593191 -0.321889 -0.796982 0.190910 0.322003 0.359654 -0.448066 0.595168 -0.267777 0.230452 -0.138787 
221.118759 -40.518046 -6.469430 2.581354 5.433300 4.877971 2.116587 0.036555 0.005089 0.540157 1.773170 -0.719539 -0.333945 -10.977304 -0.198409 0.444216 -0.866918 0.276616 0.790787 0.712798 -0.815017 0.588551 0.065474 0.184893 -0.321322 -3.313609 1.989226 -0.474055 -0.438693 -0.712119 -0.106569 -0.060127 0.321925 0.264785 -0.539356 -0.166390 0.286051 
234.945084 -55.465353 -4.758489 2.952048 4.298442 3.918416 2.763512 0.362830 -0.091594 0.939217 1.520047 -1.310323 0.011996 -12.573853 1.119532 0.104755 -1.046352 -0.792527 0.217418 -0.024689 -0.111893 0.716476 -0.683072 -0.090551 0.312331 5.333371 -1.218774 -0.785616 -0.567281 -1.508346 -1.500697 -0.418461 0.282103 -0.236250 -0.348963 -0.012741 0.155977 
226.651901 -65.665753 -4.230365 2.790865 3.340597 3.292917 2.551424 -0.012823 -0.218698 1.973110 0.407025 -0.900641 0.290716 -0.310561 -2.635957 -1.127016 -2.001480 -2.740076 -2.210608 -0.124125 -0.250812 0.116051 -0.632452 0.159412 -0.009368 17.517805 -1.478427 0.016415 -0.613850 -0.670666 -1.022581 0.205469 0.289948 -0.712584 0.164423 0.071692 -0.241851 
225.642487 -56.086476 -10.030403 0.698016 0.295483 -1.561735 -1.657703 0.114581 -0.593218 1.171319 0.255142 -0.991498 -0.006739 22.461757 -1.837322 0.137585 -2.274053 -2.133859 -1.827743 0.386248 0.468002 -0.708692 -0.354225 0.052833 -0.171372 7.033467 1.592558 0.951015 0.461447 1.576078 1.318912 0.005663 0.251626 -0.057622 0.304116 0.036717 0.021602 
0.000000 -20.742239 -7.905009 3.066034 -1.207509 -0.974801 -1.104063 0.759672 0.717307 0.555725 -0.301425 -0.794975 -0.052027 13.756372 0.549159 0.775014 -1.078586 0.412080 0.427217 -0.112798 0.252440 0.000806 -0.024220 0.232846 0.033835 -16.006757 -0.130835 -1.220575 0.630860 1.160443 1.285624 -0.101112 -0.444231 0.601346 0.599328 -0.023464 0.035544 
80.003799 -28.573732 -8.932085 2.248045 -1.861689 -0.737576 -0.803269 -0.111015 -0.088337 1.172931 0.206702 -0.525806 0.060932 -9.551757 -2.098992 -2.303565 -1.012333 0.187028 0.743504 0.184023 -0.420461 0.493999 0.844430 0.005905 -0.100284 -7.883919 0.564318 -0.251648 1.026884 -0.015901 0.187350 0.132706 -0.023628 -0.285336 0.139431 -0.116347 0.100795 
55.373344 -39.845753 -12.102994 -1.541095 -3.232176 -0.600746 0.382944 1.127719 -0.123615 1.543723 1.387435 -0.783165 -0.252596 -2.011467 1.677796 0.271717 0.975182 0.380277 0.801916 0.152613 0.205185 -0.569866 0.254642 0.000151 0.235426 6.572566 2.144593 2.818071 1.963102 0.360739 -0.196727 -0.293667 0.446380 -0.682933 -0.759628 -0.105405 0.158551 
0.000000 -32.596665 -5.576493 2.791479 0.088674 0.022978 0.800564 0.194211 0.322033 0.033199 0.715987 -0.525503 0.531785 3.593374 2.190193 3.332578 2.913870 0.908505 0.350049 -0.403311 0.472299 -0.871867 -0.674826 -0.204906 0.216817 0.757761 -1.766257 0.366127 0.710378 0.268857 -0.542933 0.037511 0.096141 0.054828 -0.326870 -0.413540 -0.291748 
250.421356 -32.659004 -7.722608 5.124060 2.595564 1.216265 1.083042 0.321096 0.820984 -0.200010 0.037783 -1.192976 0.181038 -0.495945 -1.854718 1.003971 2.395937 0.917991 -0.283950 0.227635 0.397467 -0.460211 -0.399098 -0.826929 -0.348070 -1.895487 -1.257567 -2.050211 -0.543583 -0.206826 -0.720541 0.047241 -0.260910 0.404021 0.263506 -0.031415 -0.045928 
249.681549 -33.588555 -9.285929 4.799421 4.880547 1.858959 0.232664 0.649480 1.116967 -0.887224 -0.082209 -2.179361 -0.164355 -0.197601 -0.324941 -0.767844 1.826704 0.494853 -1.091034 -0.308830 -0.049520 -0.063825 -0.147815 -0.267736 0.124960 0.207357 1.180195 -1.060674 -0.850784 -0.338400 -0.363396 -0.276992 -0.583566 0.412049 0.147990 0.683368 0.291157 
255.161560 -33.054205 -8.372489 3.588372 6.248973 2.205970 -1.099026 -0.296564 0.721944 -0.327660 -0.257847 -1.728448 0.430958 -0.081232 0.505673 -1.117377 0.694369 0.241190 -1.010742 -0.326349 -0.769665 0.363887 -0.103119 0.539807 0.234244 -0.184107 -0.017108 0.085848 -0.947938 -0.436283 0.472542 0.245093 -0.408555 0.179815 -0.004721 0.517123 -0.238318 
259.643066 -33.751018 -8.274583 2.564667 6.269285 2.341340 -1.788820 -0.003217 -0.422364 -0.159449 -0.288447 -1.099748 0.304132 -0.565814 -0.359156 -0.596148 -0.069171 -0.377713 -0.145951 0.181355 -0.866630 0.295805 -0.157257 0.766511 -0.351677 0.244755 -1.560599 0.088270 -0.974821 -0.397682 0.759454 0.152732 0.200264 -0.132151 0.059012 0.097013 -0.086021 
259.800934 -34.185833 -9.090801 2.396077 6.110631 1.450544 -1.390927 0.066146 -1.011315 0.263949 -0.572360 -0.195426 -0.272395 0.408279 -2.615526 -0.940838 -1.255274 -0.554174 0.508165 -0.020885 -0.369138 0.099585 0.014905 0.733832 0.062202 1.648290 -1.503759 -0.893920 -0.762919 -0.045782 0.173773 0.169112 0.794284 -0.216959 0.412608 -0.352661 0.101517 
256.322540 -32.934461 -13.505635 0.682991 3.758737 1.232992 -0.772489 -0.044987 -1.160640 0.039721 -0.258637 0.367916 0.428537 2.730767 -3.366674 -2.383989 -1.595009 -0.469276 0.201595 0.519579 0.721939 -0.138112 0.667959 0.061190 -0.148643 1.368374 1.354385 -0.324882 0.621166 0.249198 -0.212805 0.346818 0.579148 0.042002 0.062294 -0.522351 -0.413902 
255.977325 -28.724300 -15.824149 -2.371900 2.920614 0.511992 -0.987737 1.105305 0.432563 -0.012276 0.763557 -0.073045 -0.569681 3.145027 0.093243 -1.590603 -0.012943 -0.055778 0.082555 0.672751 0.789158 0.183590 0.139493 -0.310870 -0.765601 -0.063535 5.609943 1.739078 1.000926 1.032932 -0.110064 -0.871619 -0.299211 -0.124085 -0.432445 -0.190469 -0.202179 
0.000000 -26.644408 -13.319148 -2.498215 3.732852 1.121437 -0.607379 1.300515 0.417676 0.406901 0.020349 -0.253825 -1.102665 2.603697 7.853213 1.094168 0.406844 1.596588 -0.018532 -1.223658 0.123516 -0.386283 -0.196931 -0.319747 -0.553002 -1.021373 3.864642 1.208797 -0.257908 0.586824 -0.508044 -1.185925 -0.316131 -0.560521 0.237985 0.162173 0.521686 
289.840820 -23.516906 -0.117724 -0.183564 3.734302 3.705167 -1.024802 -1.342012 0.679595 -0.784842 0.369695 -0.712540 -1.675685 1.102281 7.822528 0.826991 -0.528759 1.117869 -0.933533 -1.699098 0.156896 -0.937452 0.615463 0.013475 0.277772 -2.518201 -3.465614 -0.480522 -0.857860 -1.250852 -0.377407 0.549810 -0.252910 0.301113 0.291966 0.255969 0.619172 
269.417908 -24.439846 2.325909 -0.844232 2.675333 3.357175 -2.474444 -2.097681 0.731467 -1.468002 1.251275 -0.226874 -0.547122 -2.432705 0.921984 0.133123 -1.308877 -0.905116 -0.773346 -0.124039 -0.382304 0.215943 0.387000 0.192191 0.685341 -2.454068 -3.705153 0.101448 -0.078447 -0.702060 0.566983 0.898699 -0.230332 0.798891 -0.382077 -0.063166 -0.152219 
262.552643 -28.382316 1.726244 0.082683 1.116548 1.894936 -2.571494 -1.590091 -0.085014 -0.352955 1.143696 -0.328157 -0.305002 -3.805855 0.412222 1.029887 -0.685653 -0.286250 0.200434 0.098300 -0.303769 0.660330 -0.148691 -0.112857 -0.026666 -1.053018 -0.190035 0.160623 0.789422 0.621501 0.468765 0.157487 0.204917 -0.137589 -0.414081 -0.037534 -0.364057 
261.220673 -32.051557 3.150353 1.215541 1.304027 2.784675 -2.073575 -1.901082 0.123930 -0.147342 0.953893 -0.452587 -0.600454 -4.538740 0.541914 0.454369 0.269967 0.337887 0.164183 0.190936 0.027529 -0.059234 -0.441161 0.117123 -0.042773 3.071907 -1.050307 -1.605852 0.352062 -0.386097 0.265299 0.341726 -0.399893 0.054000 -0.273500 0.085304 -0.029179 
265.403778 -37.459797 2.810071 0.991421 1.656481 2.570709 -2.243127 -1.208219 -0.029956 -0.471423 0.261374 -0.093911 -0.390547 2.337959 -1.688392 -2.181817 0.018472 -1.058445 0.731033 0.781751 -1.103554 0.768331 -0.695690 0.057752 -0.085024 4.516919 -1.824004 -1.351673 -0.031387 -0.735727 0.398544 0.195780 -0.472328 0.517799 0.279742 -0.324110 0.155118 
263.470428 -27.375639 -0.226431 -3.148093 1.340971 0.667785 -0.611510 -0.337579 -2.083179 1.389320 -0.437487 -0.337083 -0.770503 4.495097 -3.106095 -2.248976 0.207192 -1.133567 0.961271 0.582496 -0.917127 0.976363 0.118324 -0.531097 0.267464 -0.707132 -0.212623 0.352275 -0.408578 0.055175 -0.567857 -0.667162 0.845727 -0.481394 0.652963 -0.031852 0.279981 
88.032936 -28.469602 -3.402118 -3.506532 2.070864 0.303575 -0.320586 -0.043228 -1.864211 1.481304 0.498022 -1.156106 0.144380 0.923695 -2.113638 -1.477266 -0.798685 -0.948095 -0.404681 -0.552572 0.587900 -0.194458 0.610235 -0.005951 0.474938 -1.499898 1.852874 0.412177 -0.728329 -0.167390 -0.263554 -0.320192 0.898969 -0.709794 -0.043824 0.445642 -0.259401 
261.085114 -25.528248 -4.453708 -6.102625 -0.256399 -1.228405 -1.420871 -1.442723 -0.907379 1.000404 0.782984 -0.348985 0.179372 1.495301 0.599653 -1.424623 -1.249466 -1.468346 0.434163 -0.057889 0.880811 -0.443224 0.030676 0.360186 -0.251338 -0.449536 1.619543 0.675345 0.356425 0.122869 0.694493 0.597215 -0.092752 -0.004158 -0.361020 -0.018711 -0.371886 
0.000000 -25.479000 -2.202812 -6.355777 -0.428067 -2.633117 0.547740 -0.159005 -0.102588 0.594856 0.559374 -0.435733 -0.358296 0.024624 1.125448 -0.126576 -0.085834 -0.702356 0.984305 0.641859 0.402395 -0.202774 -0.111805 -0.043374 -0.268834 -0.735339 0.262897 0.649023 0.581816 0.382995 0.275071 0.349874 -0.239208 0.120225 -0.071241 -0.201780 -0.008748 
