0.000000 -8.715098 -0.409957 -0.656837 3.481457 1.297636 0.802192 0.152620 0.861264 -0.311914 1.107341 -0.548831 0.336251 -0.075453 -0.909392 -0.478067 0.709152 0.148721 0.620528 0.630899 -0.001359 -0.187652 -0.202908 0.046367 -0.953677 -0.283166 -0.475358 -0.076336 -0.059064 -0.205107 0.245752 -0.692971 0.242028 -0.120198 -0.006025 -0.387122 0.033344 
0.000000 -8.866005 -2.228742 -1.612972 4.899761 1.595078 2.043248 1.414419 0.858547 -0.687217 0.701524 -0.456096 -1.571104 -0.641786 -1.860108 -0.630739 0.591023 -0.261493 1.112033 -0.755042 0.482697 -0.428047 -0.214958 -0.727877 -0.886988 -0.544271 -0.167918 0.082862 -0.566544 -0.341901 -0.660783 -1.366346 -0.149395 -0.467805 -0.112454 -0.778555 0.548213 
0.000000 -9.998670 -4.130173 -1.918315 4.663504 0.774650 3.026258 -1.357464 1.826658 -1.168008 0.677425 -2.004585 -1.437726 -1.163995 -1.245228 -0.312343 -0.423935 -0.535081 -0.701038 -2.101793 -0.300150 -1.123263 -0.427816 -1.510743 0.142748 -0.166854 0.691030 -0.054616 -0.515499 -0.493529 -1.339256 -0.001182 -1.050991 -0.492398 -0.850973 -0.029965 0.390613 
0.000000 -11.193995 -4.719198 -2.237658 4.051891 0.524916 0.641173 -2.789167 0.258247 -2.933743 -0.154107 -3.477582 -1.285607 -0.975495 -0.478048 -0.739972 -0.439976 -1.248551 -1.566480 -0.757406 -1.619285 -1.412844 -1.916905 -0.787806 -0.105762 0.441283 0.585431 -0.105558 0.068107 -0.409007 0.138796 1.264444 -0.210935 0.500212 -0.428265 0.890855 -0.217449 
0.000000 -11.949659 -5.086270 -3.398258 3.783553 -1.722451 -0.106701 -2.872276 -1.411912 -3.993697 -3.156384 -3.580198 -1.649249 -0.281428 -0.074365 -0.523460 -0.287721 -1.353095 -0.423446 0.427095 -0.722020 -0.122838 -1.284346 0.270967 -0.292149 0.366276 1.041083 0.850868 -0.255542 0.584845 0.714536 0.799780 1.058977 1.330652 1.366695 0.757875 0.292077 
0.000000 -11.756851 -4.867928 -3.284578 3.476450 -2.181273 -0.205719 -1.934977 -1.185793 -3.179420 -2.722800 -2.935649 -1.869905 -0.242942 1.604118 0.961765 -0.951059 -0.078860 -0.137408 0.842154 0.498669 1.248459 0.816484 0.727944 0.478393 -2.115971 0.528064 1.016066 -1.029667 1.018442 0.025847 0.202183 0.413331 0.537273 0.947500 0.090374 0.371054 
0.000000 -12.435543 -1.878033 -1.474729 1.881434 -1.880171 -0.381517 -1.187967 -0.414574 -1.496778 -1.523416 -2.124310 -0.692464 -4.513369 0.981763 1.508671 -2.347055 0.683789 -0.371751 0.831460 0.104642 0.951708 0.610653 0.451715 0.449959 -3.793292 -2.704998 0.222707 -0.260277 0.823188 -0.036301 -0.469560 -0.489597 -0.539125 -0.305753 -0.097886 -0.163774 
0.000000 -20.783590 -2.904402 -0.267236 -1.217659 -0.813694 -0.949220 -0.272057 -0.976509 -1.276004 -1.501493 -2.032219 -0.969987 -7.829526 -3.805878 1.407179 -1.471612 1.567516 -0.210010 -0.096966 -0.480525 0.170209 0.204978 0.532173 0.150846 1.587160 -1.628307 -0.370097 1.233106 0.384723 0.510953 -0.143155 0.215516 -0.119479 0.281269 0.335268 -0.109025 
347.574890 -28.094594 -9.489789 1.339629 -1.061790 1.254861 -0.801536 -1.381898 -1.375624 -1.156361 -1.113461 -1.059965 -0.390773 -1.339049 -2.274851 0.768477 0.119157 1.453234 0.650155 0.545151 0.535675 0.712749 1.173192 1.122250 0.231909 7.929440 3.862306 -1.003855 0.937385 -1.457328 0.850806 0.728522 0.908234 0.552805 0.640403 -0.027539 -0.486274 
0.000000 -23.461688 -7.454105 1.269718 -0.979346 2.092775 0.351089 0.818244 0.094841 0.149495 0.844891 0.212282 -0.506170 8.029355 3.918734 -0.600531 0.403158 -1.347140 1.491602 1.360078 1.335944 1.275819 1.485783 0.477096 -0.821703 4.414175 2.484299 -1.386279 -0.212279 -2.196710 0.277781 -0.053786 0.021482 -0.123686 -0.273569 -0.636605 -0.301018 
0.000000 -12.035885 -1.652322 0.138567 -0.255475 -1.439418 2.181667 1.338259 1.296263 1.395278 1.858105 -0.105774 -2.034180 7.489302 2.693747 -2.004081 -0.305402 -2.940186 1.205716 0.437578 0.578640 0.465377 0.626055 -0.150959 -0.370126 -2.978629 -2.411294 -0.756092 -0.597500 0.287564 -0.671691 -0.683489 -0.715936 -1.202154 -0.696601 -0.304219 0.598604 
0.000000 -8.483085 -2.066610 -2.738444 -1.590150 -3.787597 2.762522 1.693401 1.252120 1.080249 2.097001 -0.089637 -1.246423 2.072096 -0.903854 -2.112715 -0.791842 -0.772012 0.148219 -0.006900 -0.095929 -1.128489 0.092582 -0.131343 0.375505 -6.350154 -1.037521 1.059743 0.278293 2.006735 -0.734754 -0.739497 -0.613763 -1.166477 -0.635556 -0.094427 0.206633 
0.000000 -7.891692 -3.460030 -4.086864 -1.839158 -2.983443 2.478105 1.324459 1.104405 -0.861699 2.043268 -0.368459 -1.283170 -5.211006 0.618706 0.115404 0.251184 1.073284 -0.263791 -1.041416 -0.648886 -1.867577 -0.645057 -0.339814 0.043140 -5.028931 1.122474 2.298901 1.427288 0.171353 -0.374030 -0.741497 0.144265 -0.229708 -0.550945 -0.352120 -0.020180 
0.000000 -18.905097 -0.829198 -2.507636 -1.087782 -1.641028 2.234940 -0.389431 -0.045653 -2.654905 0.806887 -0.769264 -1.160142 -7.985765 1.341095 2.485087 2.062734 -0.429306 -0.599842 -1.489894 0.192600 -1.587904 -1.009309 -0.835583 0.335145 3.010588 -0.418413 0.327590 0.604626 -0.192552 -0.122881 0.383804 1.030650 1.277624 0.072406 0.202667 0.173444 
0.000000 -23.863223 -0.777840 0.883310 2.286310 -3.842054 1.278422 -1.655329 1.489606 -4.037506 0.024651 -2.039626 -0.612880 0.810169 -0.218120 0.770583 1.460436 0.688180 -0.509553 -0.273808 1.412413 0.687670 -0.500245 0.065521 0.390028 6.548410 -1.837697 -1.512626 -0.159000 1.240704 -0.086824 1.167877 0.314174 1.653929 0.435069 0.628582 -0.032532 
0.000000 -17.284759 -1.265439 -0.966469 1.833090 -0.264669 1.215833 -0.937047 2.779173 -1.279564 -0.193602 -0.638222 -0.380086 5.111055 -2.334299 -0.540165 1.744734 2.052103 -0.773489 0.845860 0.820948 1.719954 -0.139170 0.421581 0.270081 0.664215 -1.462434 -0.040464 -0.036650 -0.452615 0.070719 0.649720 -0.823075 -0.128219 0.329548 -0.154468 -0.266756 
0.000000 -13.641113 -5.446438 -0.197019 5.775777 0.262151 -0.268556 0.036390 3.131502 -0.597599 -0.253690 -1.196464 -0.072719 2.138598 -3.142989 0.689654 1.387136 -0.217050 -0.368116 1.025633 -0.233736 0.431233 0.158851 -0.243414 -0.143484 -1.436654 0.836357 0.000925 -1.993314 -1.439659 0.404798 -0.238579 -0.528542 -0.441232 0.365485 -0.175826 -0.362031 
0.000000 -13.007562 -7.551417 0.412840 4.607361 -0.698768 0.479602 1.114218 2.311702 -0.417098 0.124099 -1.125050 -0.667054 2.237746 -0.661585 -0.538316 -2.241895 -0.827215 0.036107 0.368702 -0.236135 0.837491 0.591799 0.069928 -0.453982 -0.186659 1.611285 -1.067001 -2.312824 -0.321458 0.086693 -0.735097 -0.047554 0.477191 0.482283 0.038161 0.021374 
0.000000 -9.165621 -6.769609 -1.273650 1.291987 -1.392278 -0.196343 0.773795 2.659231 1.077382 0.929908 -1.056608 -0.980683 1.765280 0.079581 -1.444348 -3.238513 -0.859965 -0.194730 -0.444561 -0.328844 1.385615 1.123416 -0.167092 -0.100736 -1.589415 0.163772 -0.123001 0.395403 0.227542 0.099834 -0.514383 -0.168952 0.054459 0.089748 -0.233590 0.188518 
0.000000 -9.477003 -7.392255 -2.475857 -1.869665 -2.418698 0.090142 0.225097 1.654014 2.354132 2.370931 -1.459234 -0.868526 -0.941084 -0.334042 -0.784318 -1.451090 -0.372131 0.235775 -0.660064 -0.574039 0.946408 0.771294 -0.397251 -0.076945 -2.400917 0.519137 0.699016 1.991782 0.658755 0.234812 0.218017 0.069127 -0.620147 -0.504753 -0.029615 0.043765 
270.812866 -11.047790 -7.437692 -2.842286 -1.610192 -2.136540 0.275207 -0.546334 1.511153 2.970199 2.472497 -1.851111 -1.134573 -3.036553 1.117856 -0.046316 0.745051 0.457545 0.274894 -0.008526 -0.190590 0.145322 0.113911 -0.226321 -0.013207 -4.591940 1.906371 1.752593 1.368272 0.531142 0.134739 0.595490 0.573740 -0.739309 -0.438721 0.161804 -0.098582 
0.000000 -15.550110 -5.156544 -2.568488 -0.379564 -1.503607 0.639930 0.208045 1.272835 2.644775 2.598752 -1.911876 -0.894940 -10.124965 3.478700 2.720868 1.285454 0.690153 0.505252 0.530916 0.573441 -0.532210 -0.106148 -0.073643 -0.274109 -4.480318 0.839351 1.848346 -0.207262 0.068593 -0.198687 -0.031953 0.243197 -0.312153 0.135292 -0.105076 -0.178868 
0.000000 -31.297719 -0.480293 2.599450 0.960715 -0.756234 1.285712 0.515499 2.658036 1.905778 2.260200 -1.998396 -1.682792 -11.997190 2.796559 3.650377 0.330527 0.594731 -0.122479 -0.072432 0.295805 -0.478983 0.384495 -0.436473 -0.370943 6.353207 -2.041632 -2.640964 -1.730390 -0.644509 -0.330488 -0.569822 -0.287213 0.002611 0.118883 0.382039 0.484650 
0.000000 -39.544490 0.436574 4.732266 0.281491 -0.314145 0.394972 0.063181 1.864444 1.686809 3.367742 -2.784822 -1.636827 2.581448 -0.604564 -2.561060 -2.175327 -0.598865 -0.155724 -0.608729 -0.000985 -0.526988 0.131618 0.690436 0.695190 13.116982 -2.491503 -4.300990 -1.254549 -0.725327 0.280440 -0.139225 0.078307 0.000637 -0.214274 0.702924 0.592889 
0.000000 -26.134823 -1.689421 -2.522670 -3.389939 -1.953965 0.974264 -0.701959 2.656066 0.851802 2.523435 -0.617525 -0.292411 14.236773 -2.186448 -4.951603 -2.178571 -0.855923 0.438400 -0.350883 0.452419 -0.477709 -0.044052 0.969375 0.814835 2.164269 -0.358345 0.220833 1.029376 0.125868 0.559855 0.903108 -0.559761 0.206754 -0.260038 -0.126540 -0.221427 
0.000000 -11.070943 -3.936322 -5.170939 -4.075651 -2.025991 1.271772 -0.638586 2.769281 0.731391 3.279637 -0.846072 -0.007157 6.909986 -1.321254 -2.119395 -0.116575 -0.347130 0.963986 1.197487 -1.120507 -0.113480 -0.388458 0.437355 0.252335 -7.295307 1.068063 2.075595 1.332365 -0.030436 0.304471 0.905143 -0.813348 0.294820 -0.514132 0.002329 -0.462661 
0.000000 -12.314852 -4.331930 -6.761459 -3.623089 -2.648226 2.902236 1.693016 0.415053 0.624842 1.746520 0.257186 0.212260 -0.353840 -0.050322 -0.800413 0.486159 -0.916796 1.047342 1.459403 -1.174277 0.111931 -1.072317 0.974033 -0.110488 -3.189191 0.781510 1.353348 -0.073304 -0.410689 -0.553138 -0.359072 0.608253 -0.028295 0.127347 -0.095237 -0.203421 
0.000000 -11.778624 -4.036966 -6.771766 -3.103333 -3.859583 3.366456 2.280221 0.420727 0.955253 1.135004 1.101993 -0.228133 0.531603 0.241765 0.587300 -0.263184 -1.168508 -0.142289 0.479344 0.096000 -0.170069 -0.133764 0.246882 -0.154506 0.096363 0.582873 1.122918 -0.285406 0.040601 -0.828471 -0.722574 0.477546 -0.215795 0.608265 -0.615631 0.029531 
0.000000 -11.251645 -3.848399 -5.586858 -4.149457 -4.985242 2.617658 2.651704 0.607052 0.284703 1.478993 0.750949 -0.096753 -0.161114 1.115424 1.445423 -0.084653 -0.835595 -0.609601 0.014255 -0.219185 -0.319658 0.144214 -0.257229 -0.051426 -2.669148 1.422611 0.157579 0.200625 0.443178 -0.441963 -0.358669 -0.755340 -0.100051 -0.664426 -0.779926 -0.336927 
0.000000 -12.100853 -1.806118 -3.880920 -3.272640 -5.530773 2.147255 2.308731 -0.017643 0.315936 1.423432 0.587536 -0.330985 -4.806693 3.086986 0.902459 0.138067 -0.282153 -1.026215 -0.237994 -1.414680 -0.370171 -1.462616 -1.312970 -0.828359 -2.751491 0.407869 -0.662707 -0.091470 0.553841 -0.397248 0.405459 -0.521241 0.095051 -0.948752 -0.656347 -0.595834 
265.590057 -20.865031 2.325573 -3.781940 -3.873323 -5.549548 0.565228 2.175715 -2.222308 -0.455638 -1.446240 -1.874991 -1.753472 -5.664096 1.931161 0.120008 -0.267593 0.272087 -1.404097 0.825172 -1.261668 -0.129555 -1.753290 -1.569923 -1.243093 2.725079 -1.683467 0.373986 0.061772 0.236198 -0.066118 0.349784 1.046721 0.221606 1.097227 0.907372 0.864971 
0.000000 -23.429044 2.056203 -3.640905 -3.807825 -4.986599 -0.660939 3.959075 -2.540980 0.056826 -2.083149 -2.552310 -2.817171 0.643466 -0.279948 1.650431 0.261612 0.190243 -1.158451 0.461574 0.678762 0.073041 0.731837 0.501774 0.901583 4.806008 -1.896334 0.419121 0.133532 -0.123432 0.449105 -0.898603 1.167731 -0.207913 1.785412 1.646491 1.757914 
0.000000 -19.578098 1.765678 -0.481079 -3.350099 -5.169061 -1.751675 3.098863 -0.864784 -0.309555 0.017434 -0.871443 0.049694 3.947921 -1.861508 0.958250 -0.000528 0.025223 -0.505886 -0.972034 1.073794 -0.545382 1.817533 1.723060 2.272735 0.318746 -0.323542 -0.615658 0.291448 -0.117255 0.451646 -1.173033 -0.226165 -0.502494 -0.105551 -0.169954 -0.363613 
0.000000 -15.533202 -1.666812 -1.724405 -3.808881 -4.936152 -1.672711 2.015006 -0.393391 -1.033938 1.551918 0.893811 1.728299 1.280957 -0.927032 0.419114 0.844508 -0.044266 -0.255159 -1.884492 0.226432 -0.931946 0.520734 0.161867 0.174357 -5.174618 1.560882 0.586253 0.506732 -0.029664 0.236020 0.171180 -0.226578 -0.148393 -0.896531 -1.329478 -1.333064 
0.000000 -17.016184 -0.088387 0.357149 -1.661083 -5.257593 -2.261993 -0.670121 -0.411919 -2.173446 1.058903 -0.547709 0.398407 -6.401314 1.260257 2.130756 1.012935 -0.034104 -0.033846 -0.629675 0.620639 -0.842168 0.024471 -0.935896 -0.393392 -3.099490 0.362872 -0.190401 -0.554131 0.404305 0.351293 1.436980 -0.088597 0.563778 0.154584 0.521925 0.276695 
393.223755 -28.335831 0.853702 2.537108 -1.783011 -5.004361 -1.740403 0.755655 0.847886 -2.718275 1.600860 -0.977981 0.941514 -4.918022 -0.201288 0.038311 -0.263754 0.764344 0.447427 0.989469 0.049238 0.195610 0.829903 1.205717 0.727746 7.020551 -1.453944 -2.623812 -1.233720 0.290362 0.192817 0.323010 -0.881426 0.867866 0.189764 1.251188 0.417849 
386.291840 -26.852228 -0.490963 0.433772 -2.188591 -3.728904 -1.367139 1.308816 -0.313443 -1.782226 2.718708 1.863724 1.853898 7.639789 -1.647631 -3.116868 -1.454506 0.546620 0.351787 0.016345 -1.142214 0.893563 0.403999 1.566481 0.442305 5.782366 -0.954165 -1.389395 -0.797753 -0.141898 -0.228785 -0.355214 -0.006793 0.425680 -0.734997 -1.014321 -0.649110 
0.000000 -13.056254 -2.441560 -3.696627 -4.692022 -3.911120 -1.036828 0.788346 -1.436541 -0.931149 2.408858 2.154981 1.826124 6.646709 -2.109617 -2.740479 -1.859260 0.480548 -0.010143 0.279041 0.035652 1.046971 -0.640092 -0.822925 -0.570474 -3.628535 0.157840 1.278519 0.553752 -0.118767 -0.250186 0.240557 0.874206 0.005716 -0.469834 -1.266001 -0.411623 
0.000000 -13.558810 -4.710198 -5.047186 -5.907110 -2.767807 -1.387425 1.866898 -0.242140 0.311715 1.438524 0.217873 0.712951 0.382719 -1.331951 -0.559829 -0.347001 0.309087 -0.148584 0.497460 0.606199 0.904994 -0.535669 -0.965522 -0.380941 -3.381524 1.714792 2.104982 1.383634 -0.438173 -0.017507 -0.236770 -0.308145 -0.866794 0.286532 0.464134 0.441639 
398.960297 -12.290816 -5.105461 -4.816284 -5.386023 -3.292946 -1.333996 1.783266 -0.224144 0.878839 1.337519 0.223937 1.064241 -0.116338 1.319967 1.469484 0.908008 -0.395798 -0.045158 -0.194499 -0.580638 -0.686617 -0.067028 0.105342 0.312805 -1.934228 2.228782 2.196160 0.821534 -0.196239 -0.271657 -0.527765 -0.788977 -1.093475 0.096304 0.088685 0.113874 
0.000000 -13.791487 -2.070264 -2.108217 -4.091093 -3.559404 -1.477740 1.477900 -1.403416 -1.061519 1.304469 0.428558 1.338562 -3.485737 3.125614 3.832491 1.296068 -0.083392 -0.691898 -0.558071 -0.971755 -1.281956 -0.343061 -0.788152 -0.153193 -4.118647 0.191989 1.104016 0.613945 0.189774 0.201695 -0.093796 0.108029 0.404853 -0.058549 -0.478439 -0.296314 
389.973450 -19.262291 1.145766 2.848698 -2.793888 -3.459730 -2.717791 0.667124 -2.167654 -1.685073 0.651397 -1.352367 0.757854 -8.353633 1.703945 3.677516 2.135899 -0.016251 0.358233 -0.382092 -0.364580 0.123089 -0.184126 -0.851535 -0.279822 1.990792 -1.606573 -2.615538 -0.546804 0.088980 0.801166 0.400250 0.454621 0.352937 0.278523 0.675686 0.264400 
378.898926 -30.498753 1.337626 5.246814 0.180705 -3.591905 -0.761273 0.713716 -2.132577 -0.815341 0.936216 -1.274511 0.778917 0.495846 -0.087533 -1.398584 0.202460 0.094568 0.910435 0.242428 -0.062513 -0.576082 0.213985 0.563221 0.375607 8.745088 -1.366608 -3.515720 -2.059486 0.190688 0.189164 0.184399 0.287145 -0.649790 -0.037739 0.806101 0.373610 
380.411713 -18.270598 0.970701 0.051530 -2.388967 -3.270595 -0.896922 1.151981 -2.292679 -2.837238 1.079367 -0.225925 1.509069 9.136543 -1.029271 -3.353925 -1.983073 0.365125 0.736561 -0.013293 0.209711 -1.176491 -0.259604 0.760668 0.467397 -0.506032 -0.353973 0.802085 -0.056653 0.296282 0.257068 -0.871448 0.448859 0.608228 -0.478696 -0.001832 -0.806061 
0.000000 -12.225667 -0.720917 -1.461036 -3.785440 -2.861655 0.711849 0.687130 -1.713156 -3.168323 0.417008 0.246824 1.713711 -0.516217 -0.795478 0.205586 0.089155 0.687132 1.424571 -1.500469 0.835205 0.640373 -0.743407 0.559557 -1.236515 -9.450590 -1.751068 2.127922 1.383599 0.878673 -0.926208 -0.313664 0.250228 1.007691 -0.100019 -0.217005 -0.409770 
383.421661 -19.303032 -0.620255 0.462702 -2.210658 -1.896330 1.952220 -1.848957 -0.622268 -1.556491 -0.407447 0.893189 -0.963960 -9.764638 -4.531407 0.901919 0.784125 2.122472 -1.115855 -0.640622 0.710167 0.838892 -0.459642 0.326657 -0.352143 -1.111248 -0.606098 -0.123620 0.530533 0.524645 -0.647035 1.075098 -0.277874 0.080273 0.635493 -0.176369 0.497864 
373.207550 -31.754943 -9.783731 0.342803 -2.217190 1.383288 -1.519862 -0.594114 -0.292821 -1.490540 -0.502276 0.900137 1.009425 -2.738713 -2.007674 -0.041654 1.150220 1.736423 0.130502 0.649728 0.279457 0.800920 0.527578 0.206818 -0.240787 9.305206 3.674983 -0.739672 -0.050199 -1.301996 1.714045 0.173197 -0.041365 0.413878 0.554690 -0.115434 -0.307945 
0.000000 -24.780458 -4.635603 0.379393 0.089782 1.576516 2.213223 -0.549501 -0.063355 0.045350 0.647710 1.306825 -1.445534 8.845773 2.818559 -0.577425 0.683728 -0.481520 2.312236 -0.294228 0.627436 1.666648 0.649739 0.095789 -0.968033 3.760183 0.875045 -0.302931 -0.078798 -0.928072 -0.386210 -0.387516 0.680645 -0.023671 -0.471788 -0.340142 0.539495 
0.000000 -14.063397 -4.146613 -0.812047 -0.849735 0.420249 3.104609 -1.182570 0.962052 1.842755 0.797201 1.091714 -0.926642 4.781654 -0.257584 -0.647516 0.992624 -0.119720 -0.641919 -0.125304 1.640747 0.753579 -0.415997 -0.473465 0.838204 -9.108182 -1.617727 0.780669 0.445764 0.706998 -1.905624 0.045461 -0.037095 -1.155144 -0.340150 -0.332928 0.952035 
0.000000 -15.217150 -5.150772 -0.915638 2.075030 1.337075 0.929385 -0.800109 3.218138 1.552507 -0.184283 0.359895 0.230874 -9.370591 -0.416896 0.983913 1.575255 0.932477 -1.499013 -0.203307 0.553246 -0.643641 -0.030562 -0.570067 0.936037 -7.278438 -2.459477 1.597654 -0.020546 0.565764 0.134426 0.478699 -1.515259 -0.680215 0.232435 0.046830 -0.409682 
0.000000 -32.804578 -4.980405 1.155779 2.300775 2.285203 0.106583 -1.589184 2.068544 0.555473 0.736077 -0.048420 0.945431 -9.775221 -5.176539 2.547791 0.951531 1.011808 -0.373067 0.832094 -1.389771 -0.606850 0.048873 -0.379806 0.018840 7.244003 -0.298048 0.986494 -0.045898 -0.595923 0.460890 0.950658 -0.174103 0.255381 -0.036912 0.181923 -0.990941 
0.000000 -34.767593 -15.503850 4.179944 3.978092 3.360691 0.183251 0.864079 0.438596 0.338807 -0.086538 -0.399716 0.268554 5.117416 -1.012992 2.956901 1.483459 -0.259370 -0.577233 1.698009 0.205040 -0.132879 -0.104386 -0.206222 -1.045845 9.494535 6.543831 -2.133477 -0.483454 -1.448680 -0.162868 -0.700213 0.868541 0.317348 0.139599 0.181923 -0.120312 
0.000000 -22.569747 -7.006389 7.069581 5.267693 1.766464 -1.047883 1.806834 2.478624 0.289716 0.527304 -0.460864 -1.146259 9.213849 7.911123 -1.719163 -0.015377 -1.885552 -0.698802 -0.568332 0.347311 0.027846 0.328071 -0.015960 -0.221784 0.421282 1.883394 -4.348167 -1.342269 -1.048286 0.427705 -1.675754 -0.832062 -0.076682 -0.182983 0.235801 0.735887 
0.000000 -16.339895 0.318397 0.741619 3.947338 -0.410414 -1.214354 -0.272584 1.133218 0.394499 0.569603 -0.431635 -0.175014 5.959980 2.753795 -5.739432 -1.201079 -2.355942 0.278177 -1.653500 -1.459083 -0.286242 -0.470351 0.265381 0.425930 -3.501359 -4.580005 -0.931702 -0.737672 0.243857 0.636759 0.074605 -0.784165 0.017122 -0.435514 0.189274 -0.228644 
384.211609 -10.649787 -1.498798 -4.409283 2.865536 -2.945420 -0.491530 -1.500165 -0.439541 -0.282768 -0.413398 0.069899 -0.294400 2.211131 -1.248887 -3.582566 -1.490720 -1.397839 0.574715 -0.419121 -1.221019 0.062090 -0.542957 0.362588 -0.679072 -3.587373 -1.260330 2.258752 -0.048511 0.916903 0.144668 1.231133 0.411336 0.314387 0.274693 -0.072369 -0.451148 
359.513580 -11.917634 -2.179376 -6.423513 0.965898 -3.206093 -0.064923 -1.110827 -1.308820 0.518678 -0.516310 0.293541 -1.533158 -1.214767 0.233136 -1.221928 -1.298100 -0.522137 0.567512 0.808767 -0.636411 0.342532 0.079036 0.120643 -0.476367 -1.981403 1.473310 2.167302 0.480068 0.341923 0.002990 0.353697 0.786975 -0.420967 0.302250 -0.342756 0.621066 
344.911926 -13.079320 -1.032526 -6.853139 0.269336 -3.989695 0.643495 0.117370 -1.712364 0.402295 -0.255327 0.311185 -1.247133 -1.751676 1.697733 0.752039 -0.530585 -0.713994 0.580696 0.288273 0.352930 -0.779845 0.061543 -0.322924 0.563059 -2.429731 0.643558 1.920822 0.640738 0.047168 -0.198073 -0.369663 1.249108 -0.453168 -0.120910 -0.227155 0.496135 
338.918762 -15.420986 1.216089 -4.919436 -0.095272 -4.634080 1.096469 -0.534281 -0.602959 -1.041011 -0.393225 -0.352307 -0.407040 -6.074230 1.520252 2.619716 -0.016623 -0.427801 0.171367 0.069441 1.861805 -0.563804 -0.162785 -0.333666 0.515903 -4.730355 -1.359378 0.956274 0.104449 1.074913 -0.706683 0.632898 0.385573 0.880272 0.384288 0.755114 -0.213694 
343.763367 -25.227779 2.007979 -1.613707 0.236089 -4.845297 0.986228 0.256252 2.011246 -0.725313 -0.580898 -0.356148 -0.215327 -11.212385 -1.021023 2.664588 -0.321688 1.435833 -0.832671 1.554070 1.124075 0.980700 0.830120 1.187305 0.135671 -0.635878 -2.151712 -0.184523 -0.858902 1.546833 -0.399637 0.549620 -1.102356 0.803039 0.689992 0.448284 0.034494 
339.053741 -37.845756 -0.825956 0.409739 -0.738648 -1.762415 -0.568873 2.573859 1.645192 0.920389 1.267015 2.022302 -0.135697 -7.345985 -2.783172 2.250670 -1.734426 2.665865 -0.627908 1.168681 -0.342908 1.042274 1.217199 0.562903 0.584890 5.087694 -0.172591 -0.712820 -0.462685 -0.155704 0.491157 -0.772097 -0.641978 -0.380639 -0.268439 -0.906813 0.204702 
343.381012 -39.919749 -3.558364 2.887633 -3.232763 0.486433 -0.269588 2.593613 1.325430 1.359234 1.853500 0.769658 0.954454 -1.036997 -1.366204 1.238947 -1.247058 1.124424 0.149642 0.009877 -0.159881 0.219422 0.293242 -0.626322 0.545076 3.154494 0.708484 -0.505862 0.243684 -0.770721 0.388775 -0.579402 0.091514 -0.411426 -0.461978 -0.594612 -0.019907 
