373.279175 -18.466905 -2.543318 -2.154250 3.408877 1.181213 -0.046911 1.026750 -1.196191 -1.431069 -0.483699 1.835354 -0.056461 -0.481061 0.398324 1.178495 -0.127869 -1.737785 -0.427713 -0.006215 0.107160 -0.365765 -0.901340 -0.406277 -0.591525 -1.285556 0.260150 0.143840 -0.145711 0.187630 -0.030884 0.443678 0.352581 -0.102356 0.162096 -0.061118 -0.014074 
340.594452 -19.429027 -1.746670 0.202739 3.153139 -2.294358 -0.902337 1.014319 -0.981870 -2.162599 -2.286378 1.022800 -1.239511 -3.052173 0.918623 1.466174 -0.419292 -1.362525 -0.489480 0.881141 0.812322 -0.570477 -0.577147 -0.528512 -0.619673 -4.265611 -1.106651 0.763627 -1.292775 1.727060 0.253548 0.317154 0.454613 0.311410 0.771419 -0.125403 0.616402 
290.669128 -24.571251 -0.706071 0.778098 2.570294 -1.543836 -1.025872 2.789031 0.428454 -2.572023 -1.637993 0.778329 -1.295807 -9.012284 -1.814977 2.705748 -2.713420 1.716335 0.079382 0.628092 1.016386 0.257055 0.641498 -0.657083 0.641279 -3.015262 -2.957388 -0.195039 -1.533345 1.127971 0.369887 -0.830087 -0.378513 0.574259 0.262975 -0.182120 0.516997 
286.567657 -37.453595 -5.376624 5.614236 -2.273701 1.138313 -0.743573 2.270502 1.050902 -1.648488 -1.003382 -0.291366 0.043046 -9.082697 -4.996153 1.076097 -3.485981 0.893417 0.250294 -0.779033 0.055297 0.578040 -0.051198 -0.892752 0.414321 5.126083 2.324663 -1.149542 0.790649 -1.515380 -0.043129 -0.512010 -0.555899 -0.030192 -0.351991 0.118763 -0.441850 
0.000000 -42.736645 -10.698378 2.930292 -4.401668 0.242998 -0.525284 1.230965 0.539048 -1.415943 -1.740389 -1.007175 -0.467165 1.239882 2.834350 0.406664 -1.132122 -1.314424 -0.006876 -0.395928 -0.095412 0.196670 -0.062485 -0.419557 -0.242422 8.434543 6.271241 -0.369676 2.656047 -1.245296 0.195977 0.220860 0.036150 -0.348738 0.424956 0.515799 -0.183166 
0.000000 -34.973831 0.292076 6.427564 -4.537944 -1.490535 -0.757326 1.478647 0.860079 -1.255147 -1.128351 -1.130479 -0.441799 7.786390 7.546328 0.336744 1.826113 -1.597175 0.642248 -0.337313 0.127598 -0.119436 0.798714 0.138846 0.047990 1.159326 -0.717647 -1.534969 2.236627 0.043587 0.610180 -0.609472 0.044835 0.331944 0.392287 0.362889 0.224645 
284.663696 -27.163865 4.394278 3.603781 -0.749441 -2.951352 0.759211 0.556338 0.794244 -1.654816 -0.142962 -0.729483 -0.371186 3.558534 1.399055 -2.663274 3.341132 -1.227250 1.213483 -1.614872 -0.005741 0.860558 0.722089 0.306222 0.206868 -5.193474 -4.751408 -0.238312 -0.360701 0.371494 -0.162184 -0.278966 -0.225458 0.780110 -0.500778 0.098183 0.169065 
268.956055 -27.856763 3.090186 1.101016 2.144320 -3.945036 1.669641 -1.751097 0.848596 0.465969 0.315827 -0.518035 -0.028062 -2.600559 -1.956487 -0.139881 1.104712 -0.854187 0.317879 -0.895245 -0.323318 1.440784 -0.202843 0.335213 0.386120 -2.141371 -0.783452 2.361073 -1.173277 0.200130 -1.006834 1.470135 -0.259710 -0.275383 -0.825765 0.065651 -0.293992 
261.614716 -32.364982 0.481304 3.324020 1.459983 -4.659726 1.394969 -1.234153 0.147607 1.226752 -0.548647 -0.059057 0.401055 -0.724209 -0.167849 2.058873 0.994577 -0.826991 -0.800185 1.325397 -0.525160 0.309792 -0.929442 0.437524 -0.381117 5.793528 0.709634 -0.375754 0.436807 0.121115 -0.253759 1.149433 0.381151 -1.081068 -0.391129 -0.056550 -0.522387 
254.320953 -29.305180 2.754488 5.218761 4.133474 -5.599018 0.069272 0.899697 -0.201724 1.085553 -1.543057 0.357013 -0.790296 8.986497 -0.537219 -0.891389 1.978327 -0.611957 -0.189639 1.403620 0.438983 -0.721351 -0.985101 0.222113 -0.658655 4.794031 -1.199717 -2.382894 0.126244 1.165702 0.801487 -0.572297 0.114823 -0.327365 0.344703 -0.133781 0.104820 
267.814972 -14.391988 -0.593134 1.541241 5.416638 -5.883640 1.015691 1.573087 1.025574 -0.215951 -2.518848 0.385169 -0.916255 8.863852 -2.567284 -2.706915 1.247065 1.504413 0.802789 0.180804 -0.295514 -0.344937 -0.240035 0.169961 -0.171477 -5.049426 -0.387223 -0.241794 -0.458576 1.927228 0.082663 -1.148973 -0.818266 0.535095 0.916907 -0.184408 0.193095 
271.455902 -11.577475 -2.380079 -0.195069 6.627603 -2.590192 1.674851 1.261306 -0.792752 0.395679 -2.023128 0.696934 -1.133249 -1.112355 -1.311664 -1.374978 1.061176 3.242500 -0.024313 -0.894327 -1.197548 0.348839 0.848713 -0.146703 -0.272465 -6.445925 0.952103 1.231490 -0.572754 -0.096935 -0.963542 -0.540240 0.076656 0.174901 0.249589 -0.185254 -0.191599 
272.789734 -16.616699 -3.216462 -1.208714 7.538989 0.601359 0.967065 -0.215566 -1.369523 0.481727 -0.821421 0.091762 -1.461185 -4.027998 -0.663079 -0.243934 0.101557 1.310542 -1.124295 -0.899676 -0.142201 0.004866 0.259143 -0.200548 -0.554674 -0.636628 1.321486 0.685170 -0.509314 -2.335145 -0.122307 0.281776 0.763669 -0.590909 -0.869345 0.228623 -0.110743 
288.822266 -19.633470 -3.706237 -0.682937 6.830717 0.030892 -0.573739 -0.538047 -1.077154 0.405411 -1.504841 0.295839 -2.242598 -2.385611 1.331307 -0.004638 0.042549 -1.427791 -0.268926 -0.330774 0.329790 -0.832979 -0.889976 0.310543 -0.493952 1.513083 1.310318 0.296429 -0.054574 -1.660784 1.260503 0.432358 0.238302 -0.441228 -0.654423 0.179754 0.305395 
293.997650 -21.387922 -0.553848 -1.217990 7.624086 -2.254223 0.429214 -0.877115 -0.709943 -1.184231 -2.601373 0.712848 -2.449088 -1.001833 1.957558 0.348925 -0.007591 -2.011025 1.396711 -0.034960 0.334403 -0.877589 -1.049702 0.158961 0.056117 0.399178 -0.021433 0.344178 -0.215873 -0.013124 0.753224 -0.024955 -0.024229 0.402338 0.283974 -0.287438 0.260306 
295.863556 -21.637136 0.208879 0.014912 6.815534 -3.991158 2.219682 -0.607966 -0.408347 -1.349768 -3.604246 0.613760 -2.130364 -1.587256 1.288440 0.683719 -0.389198 -1.454040 1.237523 -0.380684 0.281333 -0.028304 -0.322027 -0.264333 0.026661 -1.022319 -0.398186 -0.039207 0.065398 0.606627 -0.630598 -0.118074 -0.075668 0.332235 0.753447 -0.251972 0.044572 
295.772675 -24.562433 2.023032 0.149449 6.845691 -5.162304 2.904260 -1.638482 -0.147278 -1.240838 -3.245427 0.184182 -2.395765 -3.046471 1.161185 0.270510 0.123204 -0.797771 0.135515 -0.271107 0.183067 -0.213120 0.457192 -0.344983 0.145261 1.021702 -0.657392 -0.010078 0.414998 0.239998 -0.622713 0.701085 -0.097364 -0.325596 0.869272 0.186375 0.166833 
296.388763 -27.730078 2.531250 0.555932 7.061942 -5.586700 2.490712 -1.150181 -0.042214 -1.776007 -2.689863 -0.076206 -1.839842 0.456148 -0.026343 0.663563 0.440797 -0.974044 -0.007902 1.021486 0.086604 -0.679496 1.416516 0.108416 0.360326 3.432129 -0.810419 -0.682022 -0.196006 -0.155035 -0.367284 0.165536 -0.261056 0.237309 0.533158 0.292751 0.505892 
293.112396 -23.650137 1.970346 1.476574 7.727286 -7.110392 2.888456 0.404489 0.025930 -2.599830 -0.412395 0.401014 -1.675112 3.817787 -0.459652 -1.093534 -0.268809 -1.107841 -0.599052 0.059965 -0.339046 0.261498 1.523509 0.240519 1.157046 0.822554 -0.149465 -1.620993 -0.361674 0.143638 -0.620689 -0.655633 -0.388670 0.723041 -0.455858 -0.050883 0.373723 
277.256226 -20.094503 1.611946 -1.631135 6.524324 -7.802381 1.292607 -1.030252 -0.720306 -1.253011 0.357155 0.404832 0.474250 2.101256 -0.325273 -2.578423 -0.282551 -0.686767 -1.249281 -0.289780 -0.690736 0.766585 0.504800 0.006650 1.107773 -1.739273 0.015512 -0.401548 0.240041 0.453626 0.100959 0.417136 -0.015075 0.069221 -0.817018 0.076900 -0.745571 
270.189117 -19.447626 1.319799 -3.680271 7.162183 -8.483927 0.389893 -0.175072 -1.355542 -1.066661 0.597206 0.414314 0.540434 0.339242 -0.428628 -1.896630 0.211274 -0.200589 -0.397134 0.894237 -0.369197 0.399939 -0.110528 0.394319 -0.334095 -0.592039 -0.023667 0.694601 -0.011189 0.513556 0.777518 0.135921 0.573786 -0.188909 -0.262979 0.126604 -0.663180 
0.000000 -19.416019 0.754690 -5.424396 6.946872 -8.203559 0.498339 0.758223 -1.458700 -0.453133 0.136100 1.193470 -0.193940 0.917178 -0.372607 -1.189220 -0.304930 0.340344 0.305756 -0.017938 0.456836 0.388768 -0.021157 0.259858 -0.218587 0.809929 -0.048071 0.971096 -0.181184 0.505712 0.428891 -0.894174 0.131770 -0.040756 0.129697 -0.184392 0.219017 
249.152679 -17.613269 0.574586 -6.058712 6.552322 -7.803240 1.001405 -0.210948 -0.441870 -0.289125 0.554892 0.934030 0.103260 1.959101 -0.524770 0.045561 -0.151093 0.810834 0.460648 -0.894111 -0.105657 0.318427 0.148866 0.025534 0.103938 -0.059332 -0.791326 1.520517 0.778516 1.319108 -0.141985 -0.307968 -0.726746 0.402710 -0.560049 -0.176471 -0.108617 
245.690247 -15.497818 -0.294849 -5.333275 6.644686 -6.581890 1.419635 -1.029999 -1.670014 0.183722 0.433831 1.244539 0.013935 0.798514 -1.955258 1.851814 1.252102 2.978560 0.021786 -0.633875 -0.996656 1.194188 -1.141256 -0.093085 -0.435822 -3.323832 -1.118591 0.954263 0.428773 0.830776 -0.476632 0.931641 -0.188603 0.336891 -0.737938 0.016735 -0.459183 
0.000000 -16.016242 -3.335930 -2.355083 9.056526 -1.846119 1.044978 -1.478699 -2.435182 2.099251 -1.727620 0.747861 -0.768383 -4.688564 -2.761952 1.954087 0.706453 2.472387 -0.492617 0.969172 -0.482862 0.992208 -1.327011 0.059005 -0.814427 -5.013238 1.292595 -0.743925 -0.699986 -1.744648 -0.059362 0.708899 0.597581 -0.347353 0.523540 0.076365 0.201807 
0.000000 -24.874945 -5.818753 -1.425100 8.057593 -1.637117 0.434401 0.908345 -2.635739 2.168138 -2.220191 1.362549 -1.614919 -9.227962 0.629932 0.363964 -0.147870 -0.510736 -0.096938 0.783923 0.198507 0.499482 -0.094176 0.059645 -0.032207 1.179557 0.988877 -0.805574 0.781861 -1.166497 -0.074771 -0.751577 0.605735 -0.690817 0.357967 -0.181317 0.845592 
274.064819 -34.472167 -2.076066 -1.627156 8.760786 -2.867591 0.851103 0.089147 -2.038168 3.098215 -1.915971 0.867150 -0.832798 -2.329449 -0.784197 0.342940 2.270175 0.139392 -0.642159 -0.533982 0.728608 -0.389427 -0.611077 -0.303629 0.876756 7.786315 -0.452011 -0.510161 -0.041361 1.172518 -0.139647 -0.659259 0.009954 -0.444960 0.129565 -0.006525 0.110450 
290.849640 -29.533843 -7.387147 -0.739220 12.597942 -1.358332 -0.849917 -0.159619 -1.178522 1.389284 -3.442346 0.755291 0.138594 6.344667 -0.274089 -0.656358 -0.230592 1.834301 -0.376232 -0.534596 0.218415 -0.390438 0.164955 0.046594 0.188693 1.895092 1.977595 0.036724 -3.550763 0.976719 0.363451 0.129995 -0.154431 -0.168051 1.235047 0.209831 -0.569319 
0.000000 -21.782833 -2.624244 -2.939872 8.299602 0.801010 0.098639 -0.980045 -1.601338 2.317340 -1.586061 0.960339 -0.455411 1.460735 3.170992 0.416388 -4.831350 2.092830 0.084742 -0.273992 0.419747 -0.725529 1.859017 0.116034 -0.261881 -5.133467 0.194515 1.488721 -1.949130 -0.567313 -0.102448 0.137642 0.228946 -0.291064 0.182550 -0.581692 -0.258522 
161.693985 -26.612374 -1.045164 0.093556 2.935241 2.827328 -0.680432 -0.707602 -0.339029 -0.061774 0.275687 0.987359 -0.385168 -3.922267 0.114941 2.321083 -4.128853 0.699675 -0.581127 -0.259312 0.676307 -0.972565 0.530055 -1.116789 -0.328351 0.165079 -0.816278 0.094227 1.899599 -1.864538 0.195650 -0.021489 -0.429443 0.144955 -1.121776 -0.391375 0.070219 
305.654877 -29.627368 -2.394362 1.702294 0.041897 2.200361 -1.063616 -1.498668 -0.248724 0.372210 -0.525950 -1.273238 -1.112113 1.790893 1.538435 0.604842 -1.032152 -1.636246 0.476041 -0.316970 -0.439140 -0.435619 -0.384536 -0.666716 -0.121443 5.302364 0.599197 -1.872059 3.463021 -1.762645 1.070924 -0.219494 -0.981465 -0.088202 0.094994 0.784005 0.077170 
307.264923 -23.030587 2.031706 1.303241 0.870937 -0.445165 0.271650 -1.341542 -1.217309 -0.933011 -0.493386 -0.346073 -0.628054 6.682461 1.313335 -1.423034 2.797190 -2.825614 1.560721 -0.698300 -1.286622 -1.148969 0.720043 0.451221 -0.174011 -0.016110 -1.999386 -0.415876 1.581007 0.197018 0.156104 -0.140475 -0.073664 0.142618 0.186025 0.329032 -0.418600 
319.724182 -16.262445 0.232308 -1.143774 5.636277 -3.450867 2.057827 -2.895269 -2.821968 -1.925729 0.914137 -0.370796 -1.460135 1.758673 -2.460337 -0.226910 2.129862 -1.242210 0.788250 -0.597919 -0.586469 -0.150383 -0.012487 -0.008651 -0.958644 -7.527233 -0.557792 1.386217 -1.848325 1.857997 -1.185973 0.659173 1.021018 0.825171 -0.569729 -0.001620 0.167015 
306.712311 -19.513240 -2.888969 0.849421 5.130662 -2.929586 1.848151 -2.537381 -2.390247 -1.233778 -0.518359 -0.363374 -2.545342 -8.372005 0.197752 1.349400 -0.899459 0.890381 -0.811225 0.620045 0.755413 0.501372 -0.419415 0.447980 0.160019 -3.131528 1.793207 -1.201205 -0.082091 1.002518 -0.893173 0.306152 0.766843 0.590649 -0.246790 -0.047212 0.630965 
151.067413 -33.006456 0.627812 1.555026 3.837359 -1.670106 0.435377 -1.655179 -1.311142 -0.922984 0.075307 0.525164 -1.140098 -4.504382 1.126076 -2.629319 1.965680 0.762826 -0.998096 0.014384 0.947217 1.030915 -0.506067 -0.103076 0.303286 6.361113 -0.522751 -2.063667 1.661376 -1.037583 0.806877 -0.530021 -0.065464 -0.126980 -0.215485 -0.125397 -0.449444 
294.168182 -28.522004 -0.636817 -4.409218 9.062022 -1.403935 -0.148041 -2.508612 -0.495812 0.828052 -1.530493 -0.569526 -1.938771 4.350221 -0.847750 -2.777933 2.423294 -1.184785 0.802529 -0.439997 0.624486 0.247412 -0.850385 0.197186 -0.738870 2.650246 -0.572336 2.124072 -1.636155 -0.720051 0.846505 0.088855 -0.429193 -0.915342 0.360719 0.670556 -0.288625 
301.019928 -24.306014 -1.067687 -4.000841 8.683947 -4.039675 2.040435 -2.535174 -0.062171 -0.428160 -1.625462 0.919537 -2.617838 0.796109 -0.018596 1.618825 -1.306629 -0.677276 0.694915 0.192094 0.088831 -0.799768 0.215372 1.238036 -0.273964 -3.230674 1.100972 2.604568 -2.407292 0.997156 -1.292597 0.759023 -0.154938 -0.456916 0.444319 0.202248 0.370102 
302.570099 -26.929785 -0.674009 -1.171567 6.448763 -2.758486 1.241789 -2.124424 -0.318149 -0.771484 -1.099749 1.906547 -2.486699 -2.111127 1.354194 2.431202 -2.391290 0.809527 -1.782664 1.078048 0.314611 -0.666420 0.038253 0.601683 0.001334 0.633587 0.404069 -0.770340 0.156494 0.111136 -0.762413 0.294449 0.016579 0.002908 -0.532171 -0.695468 0.084465 
289.593262 -28.528268 1.640700 0.861564 3.901367 -2.420622 -1.524894 -0.379079 0.567050 -1.761000 -1.548956 2.122902 -2.615170 2.063283 0.789541 0.078146 -0.993642 -0.455003 -0.829912 0.780993 0.121989 -0.793953 -0.848969 -0.152900 -0.105035 3.223157 -0.844546 -1.664408 1.714590 -0.966330 1.494834 -1.276745 -0.282983 0.344116 -0.247211 -0.689068 0.170655 
306.316254 -22.803219 0.905074 -1.015275 4.461480 -3.668493 -0.418036 -0.562439 -0.074171 -2.359390 -2.797688 1.600747 -2.696769 4.335187 -0.334898 -0.897613 1.037889 -1.123133 1.207005 -1.475442 -0.251355 0.021813 -0.456169 -0.776453 0.342645 0.769440 -0.377130 -0.144338 1.007577 0.031805 1.051121 -0.951246 -0.047110 0.697172 0.705299 -0.304132 0.334884 
306.355713 -19.857895 0.970905 -0.933663 5.977145 -4.666888 0.889115 -3.329963 0.064339 -1.717375 -2.461293 0.569996 -1.929881 3.602164 0.035282 -0.210530 1.021513 -0.391394 1.272330 -1.121499 0.027769 0.600392 0.561630 -0.761163 0.564733 -0.947706 0.239381 0.596289 -0.637534 0.869097 -0.275463 1.158177 0.088446 0.410426 0.539769 0.420705 0.028165 
302.051178 -15.598891 0.975638 -1.436335 6.504506 -4.451280 2.126625 -2.805437 -0.018633 -1.158605 -1.674429 0.078421 -1.567302 2.439775 0.143864 0.294964 -0.237179 0.615061 0.656078 0.840912 -0.074464 0.842664 0.623369 0.064957 0.398975 -4.622601 -0.102552 0.886053 -1.207871 0.891329 -0.885280 1.366520 -0.101140 0.111942 -0.311303 0.502670 -0.110641 
286.536072 -14.978346 1.258632 -0.343736 5.502786 -3.436767 2.201272 -1.648139 -0.084589 -0.032046 -1.214555 0.699911 -1.131930 -5.643037 -0.169821 1.561576 -1.394229 1.391264 -0.498230 1.611542 -0.174511 0.824276 -0.060976 0.244177 0.343451 -4.955042 -1.950851 0.367324 -0.639142 0.538218 -1.122880 0.165112 -0.044102 -0.113025 0.090355 -0.065035 0.136909 
276.855011 -26.884966 0.635996 1.686818 3.716049 -1.668753 1.130164 0.417647 -0.367655 0.489947 -1.796380 0.566775 -0.880400 -7.470310 -3.757838 1.029612 -1.515463 1.691497 -1.589681 1.171136 -0.162667 0.616614 0.804079 -0.065112 0.672794 5.746928 -0.827847 -1.714884 0.357752 -1.544140 -0.514643 -0.712344 -0.442396 -0.512296 0.336313 0.007194 -0.053758 
162.997696 -29.918967 -6.257045 1.715488 2.471860 -0.053772 -0.978090 0.694134 -0.409924 1.201183 0.393603 0.569687 0.213658 5.850819 -1.825516 -1.868191 -0.678725 -1.697017 -1.527517 0.186854 -1.059302 -0.200316 0.611651 0.258564 0.235936 7.406901 3.424772 -2.499795 0.969434 -2.153283 0.456802 -0.383440 -0.063816 -0.619414 -0.565089 0.126578 -0.518270 
0.000000 -15.183328 -3.015036 -2.049564 2.358598 -5.062787 -1.924870 0.791356 -2.486260 0.089315 -0.573079 1.083904 -0.408529 7.343492 3.091705 -3.969979 0.423405 -2.615068 -0.676078 0.404257 -0.290299 -0.622213 -0.326098 0.188045 -0.363746 -2.101250 1.301481 0.291282 0.497090 0.499698 0.780941 -0.011024 0.715949 0.119882 -0.388617 -0.245176 -0.208209 
137.729813 -15.231982 -0.073634 -6.224470 3.318669 -5.283907 -2.330246 1.502648 -0.990521 -0.043244 -0.258594 0.945776 -0.513833 1.648319 0.777446 -1.285626 0.315455 -0.697622 0.034364 0.164806 0.372596 0.039448 -0.165584 -0.231788 -0.180482 -3.550134 -1.542269 2.966781 -0.615674 1.134214 0.473223 -0.366850 -0.050607 0.562680 0.029244 -0.227365 0.006031 
285.436890 -11.886690 -1.460145 -4.620817 2.989509 -6.458031 -1.856141 1.120968 -1.741068 0.168212 -0.904246 0.620327 -0.769493 0.243224 0.007167 1.963583 -0.807943 -0.346639 0.270367 -0.329443 -0.391513 0.503147 -0.267610 -0.266686 -0.351683 -4.601906 -0.431757 1.879702 -0.854198 0.920864 0.164817 -0.040483 -0.022011 -0.196413 0.198795 0.038795 0.266393 
96.942337 -14.745534 -0.059300 -2.297303 1.702782 -5.977186 -1.789512 0.843761 -1.773547 0.963051 -0.793813 0.412404 -1.217198 -7.555492 -0.086068 2.473778 -1.392941 1.144106 0.363998 0.083840 0.328573 -0.353378 0.232007 -0.154198 0.352305 -5.027592 -0.790378 -0.173639 -0.386982 1.179954 -0.070246 0.400050 0.717286 -0.494586 0.484531 -0.045392 0.511043 
141.991806 -26.997675 -1.632281 0.326740 0.203628 -4.169820 -1.128145 1.288649 -1.083921 -0.538544 -0.440233 0.311931 -0.064883 -9.811961 -1.573588 1.616304 -1.581908 2.013270 0.129875 0.470657 1.043058 -0.486024 0.701452 -0.357470 0.670403 2.829998 0.541529 -1.518425 0.686057 -0.462089 -0.900301 0.210781 -0.219967 0.108655 -0.095616 0.072298 -0.114106 
0.000000 -34.369455 -3.206475 0.935306 -1.461034 -1.950647 -1.529763 1.785075 0.312569 -0.008997 0.609092 -0.302536 0.123607 -1.895496 0.996990 -0.563072 -0.020827 0.219928 -1.436605 0.505402 -0.111360 -0.136068 0.040774 -0.009601 0.124094 9.537460 2.339089 -2.080298 2.010440 -1.767732 -0.668738 -0.269474 -1.012154 0.359462 -0.850957 0.385928 -0.238103 
164.061386 -30.788667 0.361700 -0.799404 0.161974 -3.729965 -4.001355 2.299453 -1.306641 -0.810681 -0.358685 0.292730 0.183305 9.262958 3.104589 -2.544292 2.438972 -1.522195 -1.207601 -0.068291 -0.981250 0.232900 -1.000462 0.414387 0.194197 4.220251 -0.010945 -1.078885 0.451387 -0.194494 0.606421 -0.309753 0.399562 0.349861 0.106815 0.080774 -0.046212 
292.202209 -15.843538 3.002704 -4.153277 3.416910 -4.995037 -3.944964 1.648494 -1.649930 0.456804 -1.391832 0.526237 0.512000 6.545005 0.975100 -2.720841 0.881947 -0.169061 -0.223763 -0.114103 0.687763 0.563653 0.254405 0.151947 0.031670 -3.915543 -1.989325 0.984141 -1.357095 0.863003 0.475821 0.130814 0.473451 -0.081661 0.713389 -0.350078 -0.151119 
0.000000 -17.698656 2.311900 -6.241087 1.925868 -4.068087 -4.448880 2.071247 0.068886 0.316624 0.150124 0.596623 0.246646 1.431873 -0.874061 -0.576010 -0.275218 0.203812 -0.255958 0.193338 -0.034348 0.069578 0.426316 -0.285770 -0.108042 -2.691833 -0.403942 1.961421 0.165621 -0.000730 0.298421 -0.088258 -1.040168 -0.191683 -0.499493 -0.075683 -0.074383 
0.000000 -12.979793 1.254583 -5.305298 2.866474 -4.587413 -4.456881 2.035169 -1.718626 0.595960 -0.539200 -0.045302 0.295916 1.161339 0.167216 1.202000 1.213189 -0.170522 0.373079 -0.290619 -1.392573 0.180286 -0.744581 0.000581 -0.117096 -4.997243 0.898827 0.849328 0.372022 0.188119 0.905854 -0.267685 0.126335 0.015432 -0.434838 0.160532 0.004871 
291.845428 -15.375978 2.646331 -3.837088 4.352246 -4.409130 -3.702722 1.490009 -2.716261 0.677196 -1.339039 0.597786 0.012454 -8.562613 0.923594 1.122645 0.468827 0.580049 1.555750 -0.342033 0.218323 0.100443 -0.443361 0.035294 -0.098300 -7.232263 0.546758 0.018833 -1.466060 0.794764 0.376397 0.273846 1.425199 -0.095241 0.750272 0.093815 0.140068 
293.242126 -30.105018 3.101770 -3.060008 3.804128 -3.427316 -1.345382 1.351103 -1.281981 0.796846 -1.425921 0.025286 0.099315 -13.303188 1.260731 1.239666 -1.718931 1.419006 1.125874 0.257072 1.457825 -0.010197 0.755963 0.188211 0.163041 4.075160 -1.961846 -0.722388 1.583214 -0.008293 -0.807690 0.053700 0.532171 0.335710 -0.006119 0.184764 0.038985 
300.364655 -41.982353 5.167792 -1.357756 0.914384 -1.571118 -1.450975 2.004154 0.199389 0.656803 0.172888 0.974207 0.338535 -0.412293 -3.000098 -0.322130 3.635255 0.563462 -0.059631 -0.234634 1.282664 0.771864 -0.455598 0.404823 -0.020329 10.235919 -3.037023 -1.034953 4.261277 -0.774784 -0.523917 -1.185981 -0.847140 0.022269 -1.085475 -0.338412 -0.462170 
320.542847 -30.929604 -2.898426 -3.704268 11.074638 -2.300392 -1.464643 0.881835 1.283346 2.340573 -2.337117 0.834933 0.058657 7.168651 -4.813316 -0.830240 6.803623 -0.130562 0.078039 -2.114889 -0.236456 0.034342 -1.414987 -0.488612 -0.761299 3.228068 1.090829 0.380075 -2.226082 0.346902 0.078112 -0.678512 -1.070988 -0.965052 0.344178 -0.565220 -0.354269 
307.412720 -27.645052 -4.458839 -3.018236 14.521630 -1.832241 -1.294896 -2.225624 -0.273522 0.725487 -2.657086 -0.003018 -1.184063 6.043844 -0.818439 0.438020 -0.816909 1.257266 0.096594 -1.591659 -0.859311 -1.158241 0.232758 -0.725617 -0.728868 -1.383541 2.387541 0.462622 -4.672014 0.576876 -0.033159 1.038480 0.077789 -0.192520 0.903865 0.090985 0.326896 
301.149597 -18.841916 -4.535305 -2.828227 9.440820 0.214140 -1.271455 -2.301482 -0.435277 0.024091 -1.871602 -0.616302 -1.399078 4.401568 -0.038233 0.095005 -2.540405 1.023191 0.011721 -0.037929 -0.080877 -0.350698 0.392742 -0.306642 -0.107507 -0.821138 0.390103 -0.171508 -0.861748 -0.117038 -0.042437 0.776865 0.389217 0.403772 0.079992 0.209488 0.310680 
