255.447281 -30.311437 12.813668 -0.552750 -2.733347 -1.624940 1.251363 -0.596250 -0.139071 0.070603 -0.020350 1.034099 -0.115251 -0.138947 -1.082782 -0.602505 0.566454 0.678083 0.733203 -0.172146 0.849894 -0.133613 -0.431673 0.297707 -0.685607 0.143482 -1.014030 0.235621 0.925393 0.093090 0.260978 -0.505439 0.112503 -0.229772 -0.565630 0.123437 -0.181974 
253.565903 -30.589331 10.648105 -1.757761 -1.600438 -0.268774 2.717768 -0.940542 1.560717 -0.196624 -0.883695 1.629513 -1.486464 0.148017 -3.110841 -0.131263 2.417241 0.864263 1.255159 -1.183025 1.074901 -0.593158 -1.562933 0.544582 -1.049554 -0.314871 -0.803181 1.425593 1.174861 0.068375 -0.297680 -0.924484 -0.787324 -0.141244 0.000793 0.144058 0.339872 
273.343231 -30.015403 6.591985 -0.815276 2.101135 0.103585 3.761680 -2.962300 2.010731 -1.115713 -3.146216 2.123262 -2.214359 -0.768689 -2.689144 2.248680 2.916176 0.814833 0.137842 -2.021113 -0.724753 -0.416102 -0.430087 0.585823 -0.005863 -1.193300 1.387369 1.290929 -0.594168 -0.172817 -1.358698 0.373301 -0.823226 0.660502 1.474766 -0.367462 0.857232 
306.615112 -32.126709 5.269817 2.739600 4.231914 1.360892 2.993453 -4.982768 0.111211 -1.028828 -1.743869 2.801158 -1.498191 -2.238583 -0.336103 2.450595 1.228905 0.518630 -1.462237 -0.436422 -0.571550 0.727847 1.386600 -0.190343 0.664911 -1.166520 1.095240 -0.206221 -2.987646 -0.560967 -0.719973 2.648999 0.805214 0.602483 0.552376 -0.837796 0.367491 
324.499359 -34.492568 5.919780 4.085914 4.558946 1.140845 0.837206 -3.835144 0.867631 0.339982 -0.373016 1.742577 -0.884538 -3.101730 -0.498663 1.836239 -3.059116 -0.307100 -1.302103 3.276884 0.885674 0.788863 0.674665 -1.089769 0.729119 0.882376 -1.742892 -1.780127 -3.489182 -0.595530 1.710758 1.330123 0.377673 -0.296548 -0.983420 -0.325085 -0.557760 
326.806519 -38.330169 4.272492 6.412079 -1.886318 0.746692 0.389247 1.571000 1.882559 0.548898 -0.394539 0.621621 -0.039953 -0.473830 -3.821887 -1.109660 -5.749459 -0.672431 1.959279 2.223823 0.183796 0.134752 -0.580240 -0.840512 -0.450609 2.948472 -0.161260 -1.772222 1.295711 0.372430 1.891934 -1.553963 -0.522780 -0.379995 -0.267891 0.872957 -0.423537 
322.983826 -35.440228 -1.723995 1.866595 -6.939973 -0.204017 4.755763 0.612502 1.235222 0.609485 -1.533496 0.061553 -1.785757 2.795215 -0.821183 -1.708205 -0.467695 0.437760 2.481766 0.168959 -0.159886 0.028873 0.138883 0.656146 -0.117956 0.602793 4.558411 0.467620 4.397867 0.072437 -1.823500 -0.416188 -0.011444 -0.188424 0.987023 0.818220 0.734241 
343.353119 -32.739739 2.630125 2.995668 -2.821708 1.622212 5.352779 1.908919 1.562788 0.606643 -0.116773 1.933913 -0.275864 0.731756 5.294935 -0.174419 3.046274 -0.527557 -1.687721 1.391446 0.160908 -0.242097 1.393805 0.795929 1.017873 -6.190793 0.232353 0.441101 1.751295 -1.304752 -2.360156 -0.151449 -0.122995 -0.296973 -0.043441 -0.407131 -0.167170 
365.947937 -33.976715 8.865876 1.517757 -0.847424 -1.259131 1.380321 3.395394 1.557037 0.125292 1.254114 1.653411 0.249990 -9.586372 -0.356478 -0.826004 3.034894 -2.171743 -2.238547 -0.133939 -0.405875 -0.565073 0.052000 -0.158116 -0.452295 0.293323 -3.773577 0.136018 -1.503141 0.413692 1.240511 -1.007816 0.010530 -0.080012 -1.569650 -1.009441 -0.969191 
366.645813 -51.912482 1.917170 1.343659 3.248080 -2.721274 0.875685 1.641040 0.751038 -0.523502 -0.012772 1.617682 -1.180454 1.318403 -2.252218 0.097616 0.039992 0.299827 0.793301 -0.624185 0.181968 -0.402121 -1.745494 -1.222952 -0.920508 11.639475 2.990514 -0.088640 -3.273283 1.044460 1.942465 -0.269654 0.191423 0.132871 -0.309359 -0.159181 0.089815 
0.000000 -31.339910 4.361439 1.712990 -0.767440 -0.659477 2.966924 2.147025 1.920974 -0.678950 -2.236875 -0.792494 -1.591026 13.692578 5.624550 -1.003284 -3.511671 -0.082824 1.646383 -0.673248 -0.023030 -0.299330 -0.566718 -0.476478 -0.272664 1.356684 3.294805 -1.106150 -0.584579 -0.414151 -0.021117 -0.597729 -0.367412 -0.042018 1.053007 1.406922 0.501513 
263.783173 -24.527326 13.166270 -0.662908 -3.775262 -2.886922 4.168451 0.294544 0.704978 -1.122162 -1.146209 0.664726 -1.725782 4.031771 4.337391 -2.114683 -1.129165 -0.528474 0.751068 -1.819644 -0.552855 -0.486158 0.360520 1.590892 0.082518 -8.465799 -3.141765 0.350418 2.115746 0.963961 -0.956522 0.225783 -0.281089 0.180231 0.504341 0.555076 0.455906 
258.488281 -23.276368 13.036221 -2.516377 -3.025771 -1.716426 4.469060 -1.492263 0.815264 -1.651266 -1.515834 2.389290 -1.425989 -3.239020 -0.658980 -0.302447 0.719820 1.845097 -0.266661 -0.221683 -0.585208 0.061133 0.441963 0.633674 0.639147 -6.147740 -5.178919 1.813576 1.071751 0.748889 -0.514683 1.184108 -0.115785 0.553868 -0.094679 -1.176836 0.006542 
251.667572 -31.005366 11.848310 -1.267802 -2.335622 0.803273 3.635129 -0.148822 -0.465438 -0.999897 -0.262284 1.932075 -0.447488 -8.263708 -6.020448 1.512469 1.014337 0.969304 -0.278299 0.548572 -0.784424 0.621579 0.171162 -0.762779 0.095602 1.544019 -2.551954 -1.509868 -0.401025 -1.303638 -0.005185 0.667076 -0.061591 -0.259967 -0.205880 -0.557780 -0.570758 
247.390869 -39.803784 0.995326 0.508562 -0.997097 0.222182 3.912462 -0.395119 -0.753585 -0.408108 -1.173510 0.863731 -1.234786 -0.150983 -5.762888 -3.322183 -0.082230 -0.762178 -0.277032 1.112468 -0.708391 -0.458801 0.030202 -0.481886 -0.502369 6.317018 2.386970 -3.511013 -1.607041 -1.319896 -0.716569 -0.153995 0.309921 -0.385676 0.249650 0.256198 -0.541102 
267.864990 -31.307331 0.322534 -7.912169 -2.500082 -0.721084 3.081066 2.076115 -1.882221 -1.917498 -0.201880 0.968303 -1.452226 4.370328 -1.246508 -5.509557 -2.199746 -1.670488 -1.711436 0.240583 -0.164582 -0.149773 0.670463 -0.250383 -0.986602 0.426807 4.272924 1.840832 -0.633551 0.197105 -0.550535 -0.914756 0.702360 0.624796 0.003483 0.316521 0.032538 
0.000000 -31.063128 -1.497691 -10.510552 -5.396589 -3.118793 0.489590 0.086046 -1.082750 -0.707654 0.167415 0.362965 -3.207989 0.702631 2.782960 0.359481 -1.349331 -0.367969 -1.378102 -0.717043 0.696329 0.790791 0.037167 0.151156 -0.437292 -0.343631 4.291124 3.825679 0.614598 1.183854 0.690320 -0.110620 -0.019137 -0.064845 -0.218187 0.017672 0.883427 
0.000000 -29.902069 5.888454 -7.193206 -5.198744 -1.457022 0.324862 0.642029 -0.489563 -0.335916 -0.127546 1.270616 -2.326810 3.683065 7.335740 2.141800 -0.970549 0.697221 -0.330797 0.019343 -0.202856 -0.279462 0.234089 -0.215039 0.780252 1.309480 0.318533 0.010975 0.486771 0.085047 0.496429 0.340127 -0.514598 -0.703857 0.315571 -0.175212 0.420477 
297.273071 -23.696997 13.173790 -6.226951 -7.337687 -1.724352 -0.172004 0.124733 -1.488462 -1.266579 0.635593 -0.067113 -1.647485 3.321592 3.420026 0.381431 -0.375790 -0.197874 -0.385244 -0.036788 -0.332867 -0.616923 0.668309 -0.199268 0.403661 -2.070594 -3.669153 -1.227112 0.866047 -0.223483 0.041283 0.071637 0.345405 0.169380 0.007340 0.398473 -0.086077 
292.875702 -23.258885 12.728505 -6.430345 -5.950324 -1.852771 -0.445626 0.568452 -1.155296 -1.569762 1.209072 0.872079 -1.519488 -0.458122 -0.002566 -0.312424 0.761544 0.250254 -0.248231 0.162616 0.487954 0.059297 0.248768 0.581907 0.608098 -1.900462 -1.747119 -0.597564 0.480119 0.178082 0.087970 0.113644 0.621617 0.251294 -0.509777 0.407793 0.073429 
277.583466 -24.613241 13.168657 -6.851799 -5.814599 -1.223844 -0.668466 0.449966 -0.512554 -1.147985 1.133130 1.096702 -0.431288 -0.479332 -0.074213 -0.813698 0.584448 0.158290 -0.209305 0.190499 0.910366 -0.114335 -0.351245 0.616318 0.550518 0.368215 -0.195069 -0.049984 0.057642 -0.342908 0.390353 -0.336438 0.142206 -0.210680 -0.421602 0.104404 -0.486438 
268.431793 -24.217548 12.580078 -8.057741 -4.781428 -1.536190 -0.864235 0.949451 0.665436 -1.798432 0.506583 2.104716 -0.418452 0.278308 -0.392704 -0.412391 0.876829 -0.435563 0.532474 -0.510260 0.772365 -0.362063 -0.594436 0.790715 -0.364778 -0.224518 0.559470 0.679008 -0.352732 0.443565 0.416571 -0.720904 -0.798042 0.086932 0.088673 -0.445537 -0.277859 
266.763885 -24.056626 12.383248 -7.676581 -4.060941 -2.094969 0.396482 -0.570554 1.032176 -1.872110 -0.055743 2.678131 -1.160844 -0.928367 1.044726 0.544318 -0.121017 1.045421 0.623838 -1.251308 -0.685718 0.059528 -0.173899 -0.274757 -0.005200 -3.038908 -0.064986 1.552963 -0.338129 1.022206 0.092838 0.206608 -1.096019 0.399058 0.347893 -0.968980 0.388675 
274.514648 -26.074283 14.669531 -6.969105 -5.023461 0.554652 0.383440 -1.553166 -0.705999 -1.679377 0.158784 1.555202 -0.428851 -5.799508 -0.522677 2.693535 0.200570 1.608850 0.718151 -0.097045 -1.419672 0.436053 0.101350 -1.147245 0.412572 -3.484136 -1.414410 1.410600 0.587140 -0.047448 0.403375 0.924480 -0.375870 0.053116 0.030180 0.000193 -0.005705 
279.246582 -35.655642 11.337895 -2.289512 -3.659801 1.122730 1.832783 -0.764643 -1.807168 -1.000004 0.146957 0.383640 -0.335700 -7.896639 -1.784093 3.365517 1.053263 0.950525 1.430588 0.597651 -1.437458 0.165759 -0.113539 -0.274371 -0.016609 2.712611 0.990244 -1.177636 -0.410613 -0.987577 -0.097683 0.342370 0.226506 -0.321059 -0.168930 0.922097 -0.176752 
281.340118 -41.867560 11.101344 -0.238071 -2.916935 2.455701 3.244616 -0.357864 -3.580915 -1.347858 -0.068293 1.006460 -0.462069 -0.374285 1.457811 0.338263 -0.620656 -0.366304 0.522784 0.587696 -0.966660 -0.206065 -0.236510 0.696949 0.059069 6.177493 1.879650 -2.305919 -0.870997 -1.221178 -1.061847 -0.094050 1.373066 -0.095774 -0.029962 0.010886 0.129340 
282.267120 -36.404212 14.253516 -1.612985 -4.901112 0.390122 2.878351 0.410749 -3.740487 -1.412135 -0.326063 1.777539 -0.217563 4.458348 1.975206 -1.246321 -0.688732 -1.491832 -0.693106 0.409551 1.308674 -0.025788 -0.173463 -0.252599 0.242070 2.058835 -0.117254 -0.591965 0.405539 -0.147395 -0.602190 -0.258918 1.147085 0.055501 0.049175 -0.855222 0.105623 
275.682373 -32.950864 15.051756 -2.730713 -4.294398 -0.527963 1.858403 0.461239 -0.963566 -1.399435 -0.415219 0.501263 0.022071 3.743384 1.223303 -0.845666 0.190423 -0.661094 -0.681596 0.069860 1.327511 -0.095063 -0.138160 -1.013495 0.270315 -1.243724 -0.767721 0.715876 0.369663 0.879516 0.558920 -0.186136 -0.730837 0.018569 0.158152 0.101984 -0.189182 
249.685333 -28.917444 16.700122 -3.304317 -4.520266 -0.932066 1.515158 0.550469 -1.085465 -1.602260 -0.602382 -0.249451 0.323068 1.970900 0.439764 0.185432 0.050594 0.267201 0.424734 0.037279 -0.153000 0.011349 0.142841 -0.048631 -0.136294 -4.185328 -2.299066 1.529097 0.298418 0.661021 0.796263 0.078264 -0.748236 0.580389 0.135601 0.859270 -0.271692 
236.729919 -29.009065 15.931285 -2.359849 -4.193210 0.006439 2.707870 0.535797 -1.269565 -1.376736 -0.129536 0.404000 -0.250518 -4.627272 -3.374829 2.212529 0.787259 0.660948 0.910929 0.226388 -0.168960 1.065716 0.133042 0.705046 -0.273068 -3.763454 -5.783175 0.902708 1.095579 -0.083051 -0.435302 -0.079086 0.194568 0.667819 -0.727615 -0.271236 0.179891 
228.584579 -38.171988 9.950465 1.120741 -2.945749 0.389830 3.337015 1.003245 -1.423385 0.529172 -0.336297 1.160640 -0.223069 -5.556009 -11.126585 1.990849 2.241751 0.101098 -0.445871 -0.120892 0.236136 1.346987 -1.312388 -0.591104 0.223488 -0.164615 -2.531200 -1.845763 1.421238 0.918324 -1.167428 -0.722080 0.406968 -0.276518 -0.390436 -0.902020 -0.125145 
234.151855 -40.121082 -6.321885 1.621848 0.290292 0.208636 1.816128 0.294012 -0.797294 1.317237 -2.754313 -0.778207 0.196459 -4.956503 -8.437228 -1.478998 3.629735 2.497596 -1.423928 -1.217773 0.644975 0.512680 -0.647830 -1.098994 -0.523358 -0.780791 7.865904 -1.122593 -0.148378 0.832169 -0.499433 0.116951 0.297325 -1.068524 1.225930 0.365627 -0.608066 
233.245239 -48.084993 -6.923991 -1.837254 4.313721 5.385021 0.489159 -1.432300 -0.133434 1.554533 -1.631956 -1.037349 -1.269785 -7.117591 4.605223 -0.254336 1.944996 1.765437 -1.444738 0.113010 0.830786 -0.790061 1.139471 0.140150 -0.992643 1.321688 7.517944 2.883629 -1.724951 -2.159587 0.626389 0.861645 -0.474273 -0.830749 0.485521 0.558222 0.384746 
0.000000 -54.356264 2.888562 1.113175 4.180284 3.739511 -1.073348 0.520033 0.864278 -0.262885 -0.475372 -0.497908 -1.788828 -2.313127 6.598660 4.288261 0.179833 -1.821578 -0.171151 0.505518 -0.303571 -1.148818 0.323212 0.017449 0.246133 8.112076 0.069395 0.785492 -1.646451 -1.964772 0.498611 0.067971 0.252467 0.442732 -1.056353 -0.166448 0.989511 
293.624359 -52.711247 6.273328 6.739268 4.673387 1.741865 0.146858 -0.421264 -0.740576 -0.743104 -0.985533 -1.002452 -0.777519 9.106561 4.744014 1.316647 -1.347905 -2.164106 -0.447516 0.248952 1.335719 0.095403 -0.973235 -0.192745 0.986380 7.654476 -1.196045 -4.506117 -1.945504 0.549781 -0.195258 0.025098 0.871323 0.525569 -0.463466 0.346564 0.263473 
279.973938 -36.143142 12.376590 3.746470 1.484473 -0.588702 -1.968380 1.017937 3.535716 -0.072078 -2.421842 -0.883399 0.183931 12.995825 4.206569 -4.723973 -3.711174 -0.722016 -0.561668 0.555715 1.439075 -0.097680 -0.603720 0.710577 0.773079 -2.502515 -2.049780 -3.178323 -0.461355 1.487722 0.967631 -0.363407 -1.576844 -0.145863 0.979291 0.720160 -0.325425 
226.264114 -26.719596 14.686466 -2.708678 -2.748961 0.297834 -0.976478 0.690166 2.137573 -0.938464 -2.192972 0.418702 0.768640 4.101532 0.644455 -5.039999 -2.270615 0.811338 1.487746 -0.477862 -1.817970 -0.196323 0.985347 1.247575 0.335530 -7.443220 -3.173281 2.222619 2.248738 0.535856 1.301677 -0.273968 -1.301837 0.138019 0.602027 0.051054 -0.367476 
206.769806 -27.940078 13.665499 -6.333528 -3.056757 1.033973 1.007112 0.062212 -0.100223 -0.464724 -0.451149 1.611751 0.854992 -1.890614 -2.139993 -0.278736 0.786303 0.349697 2.041686 0.007778 -1.164599 0.178357 0.600334 0.812685 0.038128 -1.380359 -0.655227 3.689702 1.673134 -1.171456 -0.662333 1.005613 0.633763 -0.580226 -0.411507 -0.458689 -0.517432 
207.642197 -30.500825 10.406481 -3.266150 -1.176355 0.997227 3.106894 0.705723 -0.191624 -0.581750 -0.992304 2.044071 0.844896 1.340813 -0.665999 2.339406 1.075654 -1.531574 0.163080 1.533364 -0.550444 -1.356774 0.162333 0.330198 -0.699334 2.293894 1.988784 0.779123 -1.091278 -1.297974 -1.596743 0.265373 0.465261 -0.378569 -0.084748 -0.800558 -0.314752 
243.432846 -25.258451 12.333501 -1.654717 -0.905449 -2.029174 1.333272 3.128941 -1.201111 -3.178272 -0.126483 2.272146 -0.543677 2.697174 1.837575 1.279510 -1.396254 -2.246252 -1.151800 0.538524 -0.234077 -0.578781 0.430838 -0.788432 -0.591376 -1.389336 0.964413 -0.488588 -1.330973 0.275959 -0.358361 -1.403246 0.257445 1.290012 -0.021978 -0.611977 0.529371 
260.967896 -25.106476 14.081631 -0.707129 -3.968863 -3.495276 0.803293 1.782771 -0.659777 -1.739312 -0.130628 0.467206 -0.337856 -1.437858 1.262827 1.362230 -1.586292 -0.979656 -0.553642 -1.273128 -0.035555 1.223250 0.118378 -0.893756 0.359408 -2.503220 -0.966306 0.253201 0.795740 0.950948 0.176711 -0.479594 0.346943 0.665216 -0.289569 0.258793 0.323853 
276.261169 -28.134167 14.859155 1.069743 -4.078033 -3.988487 0.225987 0.582685 -1.272220 -0.731773 0.110273 0.484633 0.175140 -2.309266 -0.095037 1.785912 0.195226 -0.344356 -0.798379 -0.420664 0.459810 0.751650 -0.148299 -0.270847 0.056330 -0.429218 -0.836132 -0.205693 1.019078 0.383577 -0.261871 0.769688 0.482346 -0.355918 -0.065281 0.278596 -0.414027 
254.754990 -29.725009 13.891557 2.864695 -3.578411 -4.183989 -0.793464 0.941444 0.259843 -0.236012 -0.427227 -0.074487 -0.225196 -2.296293 -0.409438 0.950844 0.451864 -0.212502 -1.077384 0.266247 0.929137 0.511413 -0.012185 -0.336564 -0.468646 -2.321379 -0.479533 -0.731592 0.247577 -0.082954 -0.103403 0.186288 -0.122576 -0.115996 0.207779 -0.081420 -0.097091 
0.000000 -32.726754 14.040279 2.971430 -3.174304 -4.413492 -1.928781 1.115180 0.586054 0.291054 0.085903 -0.188495 -0.762152 -6.952024 -1.054103 0.322728 0.690380 -0.510264 -1.005185 -0.048088 0.214658 0.519658 0.267259 -0.433687 -0.137852 -4.605661 -1.917205 -0.534837 0.214572 -0.212030 0.006703 -0.372328 -0.516943 -0.090866 0.061036 -0.040268 0.214938 
92.740318 -43.629057 11.783351 3.510151 -2.197651 -5.204518 -2.803835 0.845267 0.689158 0.803305 0.107290 -0.941860 -0.500900 -11.507616 -4.243849 -0.118830 0.881008 -0.636563 -1.063978 -0.478409 -0.104750 0.329682 0.109888 -0.417101 -0.038770 -2.169765 -2.958763 -1.173524 -0.312670 0.662999 0.830447 -0.093069 -0.407563 -0.214682 -0.024790 0.251635 0.212270 
0.000000 -55.741985 5.552581 2.733770 -1.412289 -5.686617 -4.056736 0.158362 0.376554 0.950417 0.305679 -1.022696 -0.839692 -11.291553 -6.971629 -2.024319 0.065040 0.815733 0.655708 -0.234226 -0.600468 0.090294 0.217678 0.069583 0.286687 6.535042 2.067865 0.676584 0.858676 1.784662 1.897489 0.645706 -0.001126 -0.073868 -0.154651 0.096806 0.007614 
102.771622 -66.212163 -2.159906 -0.538487 -2.067571 -3.573051 -1.492418 0.376814 -0.511778 0.983892 0.542647 -0.802694 0.072474 1.562468 -0.108120 1.234337 2.598361 2.932761 2.731001 0.813003 -0.107003 0.181946 -0.199414 -0.223488 -0.023542 14.160643 4.084501 2.113745 3.252794 0.464893 0.398960 0.562000 0.392748 -0.193203 -0.757616 0.080931 -0.372763 
0.000000 -52.617049 5.336342 5.202444 3.784433 0.178906 1.405266 1.784368 0.162549 1.314308 -0.093148 -1.469671 -0.886776 17.029734 1.197372 2.203171 6.570628 1.745519 1.453629 0.889774 0.185029 -0.296113 -1.297554 0.231445 -0.458838 7.111266 -0.203341 -1.772578 -0.588099 -1.122448 -0.896816 -0.568180 -0.213057 -0.377807 -0.098448 0.348332 -0.099732 
253.871231 -32.152696 0.234838 3.867855 11.073686 -0.082013 1.414839 2.156363 -0.141721 0.391666 -2.052461 -0.339804 -0.845203 15.785000 -0.514803 -2.310819 1.422164 0.687866 0.937369 -0.323356 -0.533117 -0.573668 -0.396309 0.473176 -0.223005 -5.822781 1.641728 -2.738602 -5.457800 -1.304689 -0.064475 -0.691974 -0.271014 -0.078232 0.989311 0.097658 0.151679 
255.945618 -21.047049 4.306737 0.580806 6.628761 1.554638 3.280004 1.137657 -0.903686 0.166972 -0.885766 -0.523319 -1.332787 5.384171 4.480828 -3.274033 -4.344972 -0.863859 1.324678 -0.494173 -0.357000 -0.452577 0.681068 0.426762 -0.155479 -9.871396 1.969958 1.288963 -2.196344 -1.581265 -0.459215 0.547352 0.337995 0.294229 0.163893 -0.123472 0.087222 
253.377914 -21.384353 9.196493 -2.680211 2.383741 -1.809731 4.064195 1.168018 -0.855720 -0.513488 -0.690326 0.513720 -1.156161 -3.957791 3.425113 0.267106 -2.970525 -2.474664 0.018939 0.771349 0.142872 0.014789 -0.068523 0.226233 -0.048562 -5.498629 -1.761135 3.155000 1.574261 -0.430452 -1.402265 0.401345 0.310453 0.600567 -0.571873 -0.425216 0.530496 
262.186890 -28.962631 11.156964 1.115018 0.687711 -3.394690 3.317883 2.680354 -0.617941 0.196550 -1.022812 -0.070853 -1.429911 -5.613086 0.958557 3.035968 -1.196451 -1.724763 -1.479851 0.308517 0.263906 0.748557 -0.462678 -0.423670 0.905512 2.665776 -1.247950 -0.569795 1.282100 0.541888 -0.671662 0.031043 0.001202 -0.370655 -0.058251 -0.095560 0.442439 
303.450409 -32.610524 11.113607 3.391725 -0.009162 -5.259256 1.104493 1.785053 -0.327908 0.983626 -1.615681 -0.333619 0.654863 1.373762 0.929214 -0.872483 -0.406325 -1.390888 -1.324384 0.833435 0.145277 -0.726520 -0.185024 0.035112 0.836316 5.706413 -0.707362 -2.642805 1.015332 0.861313 0.512142 -0.061823 -0.277981 -1.285566 0.279687 0.189064 -0.599465 
331.566864 -26.215108 13.015392 -0.629949 -0.124939 -6.176466 0.669114 4.347225 -0.327387 -1.256490 -1.392860 -0.000628 0.242721 5.799740 -0.456167 -2.249643 0.834214 -0.002137 -0.455567 0.184871 -0.292055 -1.822575 0.096696 -0.045541 -0.293417 0.281270 -1.349860 0.725919 0.521752 0.987125 0.564398 -1.280332 -0.041691 0.456841 -0.031435 -0.118186 -0.740858 
336.378052 -21.011045 10.201274 -1.107561 1.659266 -5.263530 0.193358 2.154795 -0.912019 -2.661524 -1.422288 -0.424701 0.068030 1.936302 -1.770507 0.579354 0.637180 0.583362 -0.195587 -1.727229 0.061896 0.187162 -0.247895 -0.201259 -0.645401 -5.058983 -0.294705 1.932593 -0.104734 0.231200 0.518597 -1.097290 0.399481 1.732588 -0.040049 0.442585 -0.061907 
329.633453 -22.342503 9.474379 0.528760 1.149421 -5.009742 0.277939 0.892767 -0.203596 -0.882167 -1.888649 -0.403146 -1.048080 -4.318227 -1.045578 1.615543 0.624747 0.460263 0.581626 -2.009709 0.506907 1.642601 0.016598 0.839628 -0.417231 -7.211631 -2.632327 -0.134029 1.028177 -0.048236 0.751653 0.408681 0.063041 0.066978 0.250363 0.501791 0.390481 
318.476898 -29.647498 8.110119 2.123526 2.908759 -4.343004 1.356611 -1.864623 0.101795 0.623679 -1.389093 1.254555 -0.766433 -12.486959 -7.035160 0.311297 2.693533 0.486891 1.307719 -0.909867 0.187977 0.321118 0.252831 0.802323 0.135561 -1.133510 -0.542176 0.416918 0.271671 0.710058 -0.075911 1.346904 -0.507047 -0.969715 -0.039267 -0.652624 0.319748 
286.696716 -47.316421 -4.595941 1.151355 6.536487 -4.035960 2.893378 -0.926966 0.172358 -0.239931 -1.382988 1.201500 -0.776959 -6.585246 -2.129930 2.449380 1.168088 1.880379 0.429805 0.684099 -0.507186 -0.296828 -0.061937 -0.465620 0.222264 10.181530 6.235632 1.120981 -1.708175 0.711569 -0.943890 0.659603 -1.297387 -0.406824 -0.289736 -0.869273 0.320392 
261.840546 -42.817991 3.850258 7.022287 5.244936 -0.582247 2.216221 -0.496426 -0.912578 0.030024 -1.512967 0.323315 -0.321904 7.876101 5.436104 2.553259 -0.722817 1.910030 -0.580061 0.409340 -2.406797 -0.492529 -0.326642 -0.936222 0.776345 7.594308 2.068005 -3.008547 -1.618596 -0.227559 -0.310359 0.429273 -0.435668 -0.191091 -0.105276 -0.072527 0.063109 
220.554459 -31.564218 6.276267 6.257872 5.090853 -0.215901 1.733256 -0.108287 -4.641236 -1.224989 -2.036272 -0.670944 0.775731 8.603370 2.006079 -3.567715 -2.069104 1.425262 -0.190914 1.542645 -1.378523 -0.679009 -0.272489 -0.610674 0.348482 -2.449809 -2.321515 -2.869383 -0.634623 -0.333971 0.315315 0.469618 1.446301 0.220513 0.157903 0.411339 -0.488340 
208.679733 -25.611251 7.862416 -0.113143 1.106729 2.268276 1.834393 2.588865 -3.669624 -1.327994 -2.057945 -0.898034 0.375060 2.976484 0.793074 -3.185507 -1.992062 1.242088 0.050569 1.348576 0.485806 -0.051503 -0.010837 -0.113545 -0.200335 -2.813443 -0.606502 0.191104 0.038521 -0.091587 0.120741 -0.097035 0.932164 0.313753 0.130826 0.248565 -0.274409 
