346.472839 -24.600518 1.527416 0.880094 0.096934 -2.121733 0.909535 2.320870 -0.365563 -1.451129 -0.695063 1.414589 -1.230744 4.427474 1.275079 -1.134899 1.154971 -0.840644 0.361954 -1.034177 -0.485111 -0.617480 -0.275062 -0.395510 -0.136520 0.685894 -0.134607 -0.112075 -0.335021 0.064185 -0.516683 -0.155806 0.017641 -0.325472 0.106146 -0.164505 -0.040601 
339.191803 -15.745571 4.077573 -1.389703 2.406877 -3.803020 1.633442 0.252515 -1.335784 -2.686090 -1.245188 0.623569 -1.503785 5.799261 1.005865 -1.359049 0.484929 -0.712274 -0.671411 -1.345790 -0.449830 -1.268424 -0.062770 -0.724521 -0.217722 -1.651970 -0.922067 0.123703 -0.954112 0.485263 -1.009776 0.566079 0.396404 0.289215 0.132982 0.002681 0.188809 
335.502716 -13.001996 3.539147 -1.838005 1.066793 -3.546282 -0.433288 -0.370711 -1.265222 -3.987976 -0.820603 -0.034452 -1.666189 1.123534 -0.569056 -0.887492 -0.753253 0.129882 -1.657597 0.097980 0.307698 -0.039051 -0.009099 -0.390149 0.241098 -3.562774 0.036439 0.820207 -0.133624 0.598460 -0.208127 1.217474 0.457259 1.326040 -0.017070 0.474339 0.535119 
319.461273 -13.498502 2.939462 -3.164687 0.900371 -3.543255 -1.681752 0.448475 -0.720388 -2.764191 -1.263386 -0.156728 -1.021588 -1.326287 1.078743 0.281366 0.217680 0.484646 -1.087665 1.089158 0.464688 1.383656 -0.096910 0.224157 0.852515 -2.843123 2.225684 1.084693 0.715910 0.407421 0.039821 0.572174 -0.138480 0.570821 0.268770 0.301587 0.447282 
295.341125 -15.654570 5.696632 -1.275274 1.502154 -2.576989 -2.608619 1.807604 -0.335847 -1.220665 -1.014423 0.413862 0.038841 -4.562712 3.882313 1.281895 0.678567 0.944725 -1.577956 1.242328 0.030738 1.102592 0.528442 0.213026 1.135662 -2.209958 0.360286 1.447678 0.201147 0.140089 -0.426037 -0.147814 -0.272428 -0.459633 0.559569 -0.334091 0.014748 
264.350861 -22.623927 10.704088 -0.600896 2.257504 -1.653805 -4.837664 2.933132 -0.658913 -0.559006 -0.206502 0.269323 1.249735 -5.746203 1.799315 3.176721 0.619975 0.764824 -1.939740 0.793530 -0.080169 0.464390 1.022229 -0.444026 0.882011 0.480649 -2.716984 1.452577 0.289051 -0.551043 0.374034 -0.378618 -0.055857 -0.417535 0.284416 -0.292259 -0.605527 
240.018219 -27.146976 9.295261 5.078168 2.742104 -1.047342 -6.488099 3.394665 -0.496184 -0.291886 1.030035 -0.474189 1.802864 -3.601415 -1.551655 4.187049 1.256669 -0.157360 -0.829888 0.485093 -0.080976 0.267521 1.097273 -0.371493 -0.075392 1.409456 -1.569150 -0.797941 0.306320 -0.234055 1.179776 -0.239788 -0.068551 -0.222747 -0.310076 0.097867 -0.630869 
231.105209 -29.826757 7.600778 7.773201 4.770842 -1.968526 -6.497439 3.903317 -0.820865 -0.023964 1.988045 -0.473662 1.098951 -2.927291 -1.338985 1.580839 1.232616 0.296713 0.419812 0.313954 -0.217271 0.018895 0.402076 -0.248292 -0.379728 -1.328228 0.068473 -1.519302 -0.961230 0.837299 1.032922 -0.642808 -0.315186 -0.194913 -0.395518 0.070593 -0.036357 
228.083893 -33.001557 6.617291 8.239846 5.207337 -0.453916 -5.648476 4.022573 -0.930725 -0.254096 1.834188 -0.970772 1.043409 -6.257870 -1.414708 1.148445 -0.665791 1.517237 1.235955 -0.800524 -0.711349 -0.122305 0.306237 -0.230307 -0.148107 0.915999 0.574361 -1.480556 -1.514552 -0.614703 -0.086196 -0.062211 0.229359 0.072732 -0.195278 0.006443 -0.144804 
227.900208 -42.342497 4.771362 10.070092 3.439259 1.065948 -4.025528 2.302270 -2.243562 -0.268573 2.600518 -0.934276 0.802738 -1.095293 -0.190262 -1.380274 -1.796489 -0.932693 0.247420 0.189532 0.241447 0.164359 0.011519 -0.235406 -0.669336 8.666726 1.445915 -3.470440 0.161308 -1.913476 0.216148 0.110193 0.965076 -0.848204 -0.573631 -0.142359 -0.324000 
236.491455 -35.192143 6.236766 5.479298 1.614359 -2.319302 -5.153635 4.401637 -0.447831 0.074622 1.857226 -1.441584 -0.295264 11.075582 1.477123 -5.792435 -0.343176 -2.309715 1.668251 -0.580137 1.218804 -1.818713 -0.841026 -0.515024 -0.796107 5.843409 -0.303998 -1.563714 0.976318 0.595017 1.308447 -1.302667 -0.353311 -0.924052 -0.379319 0.424026 0.333487 
291.405426 -20.191333 7.725608 -1.514778 2.752907 -3.553483 -0.689026 1.141996 0.194046 -3.905999 0.918465 -1.964324 -0.789477 10.591525 -0.798259 -4.507703 0.156148 0.257341 2.864315 -2.415801 -0.465175 -1.683745 -0.747119 0.612646 -0.002363 -4.874643 -2.231328 2.575348 0.204146 1.930312 -0.213663 -0.303985 -1.074120 1.933425 0.449818 0.755276 0.316415 
316.906036 -14.009093 4.640249 -3.536107 1.926655 -1.804619 0.574995 -0.429966 -1.378181 -3.292869 0.362988 -0.216292 -0.299989 1.326295 -2.985533 -0.641738 0.065116 1.550909 1.240926 -1.188107 -0.929436 2.048136 0.058611 0.995527 -0.163277 -9.531597 0.400694 2.472731 0.463795 0.652789 -1.356829 0.995426 0.879141 1.962989 0.343935 -0.342545 -0.080533 
338.911316 -17.538743 1.754542 -2.798254 2.883139 -0.451666 1.792826 -1.234218 -1.664827 0.190273 1.035686 0.026730 -1.116030 -8.471668 0.003130 0.437760 1.083737 1.562920 0.150656 -0.424949 1.293107 2.242232 -0.059250 -0.072445 -0.163429 -4.770128 2.889092 0.206932 0.039152 -0.390846 -1.208543 0.703043 0.937017 -0.915154 -0.166891 -0.894931 0.462864 
321.831543 -30.952430 4.646508 -2.660586 4.094130 1.321221 0.876306 -1.279864 1.208032 1.191595 0.244488 -0.361181 -0.626847 -8.213960 2.792652 -0.227874 0.143420 0.769217 -1.176161 0.217979 0.944597 0.217829 -0.275172 -0.794336 0.762452 3.246205 0.792764 0.115934 -1.156782 -0.950853 -0.372670 0.484718 -1.046610 -1.267741 0.018726 -0.112648 0.214995 
306.316284 -33.966664 7.339847 -3.254002 3.169979 1.086768 -0.559495 -0.798260 0.224367 0.625930 0.485342 -1.561941 0.408873 -1.979257 1.588657 0.669629 -1.229827 -0.338787 -0.594684 0.544487 -0.800113 -0.293250 -0.021798 -0.297740 0.266561 4.155344 -2.056740 1.514342 -0.537008 -0.331794 0.688187 -0.017845 -0.365304 -0.298684 0.034948 0.719078 -0.671058 
301.321838 -34.910945 7.823822 -1.321329 1.634477 0.643647 -0.313062 -0.190891 -0.392193 0.605094 0.200893 -0.956662 -0.093725 0.096728 -1.320827 2.800809 -0.930597 0.105629 0.200213 0.182288 0.213989 -0.379540 -0.205277 0.643821 -0.579664 2.772376 -3.492645 0.557169 1.586858 0.636005 0.192572 -0.295484 0.394388 -0.013956 -0.087095 0.436027 -0.171749 
303.983063 -33.773209 4.698192 2.347617 1.308785 1.298026 -0.159070 -0.433684 0.652345 -0.133149 0.074789 -0.274300 -0.750454 3.565495 -5.396633 1.783968 1.943889 0.933223 -0.209539 -0.046482 -0.011336 -0.321163 -0.195987 0.574314 -0.076937 1.503065 -1.954411 -1.984945 1.840725 0.430964 0.358325 -0.220383 -0.576360 -0.019562 -0.034190 -0.456987 0.238137 
314.738556 -27.779954 -2.969445 2.246607 5.522255 2.510093 -0.732140 -0.283854 -0.414866 -0.037232 -0.191081 0.191967 -0.247598 3.102859 -5.229650 -1.169080 2.750853 0.967557 0.916864 -0.258478 -0.938730 -0.418664 -0.273657 -0.270154 -0.103389 -3.528154 2.142815 -1.807173 -0.490579 -0.294283 0.977652 0.047958 -0.003726 0.255202 0.297760 -0.422746 -0.063053 
314.824219 -27.567491 -5.761108 0.009457 6.810492 3.233141 1.674657 -0.950640 -1.225116 -0.970478 -0.472525 -0.814608 -0.957233 -3.490813 -1.111004 -1.830378 0.962730 0.344658 1.745765 0.049435 -0.018787 0.189241 0.399534 -0.271177 -0.203043 -5.833422 1.100646 1.129403 -2.500187 -0.133144 -0.511742 0.125033 0.882217 0.860381 0.323564 0.085367 0.297205 
315.057129 -34.761581 -5.191453 -1.414149 7.447715 3.199408 2.759390 -0.184985 -0.452441 0.341250 0.607986 -0.350386 -0.653684 -8.563985 -3.028359 1.089726 -2.249521 0.701270 -0.106620 -0.008412 0.825703 1.302099 0.373472 -0.099421 0.491020 -0.912438 -3.748792 1.709717 -2.382770 -0.521396 -1.065481 -0.114511 0.279518 0.213172 -0.211048 0.140920 0.276823 
298.266602 -44.695461 -11.817825 2.188909 2.311450 4.635681 1.461417 -0.967465 0.426290 1.633720 0.274420 -1.013449 0.024808 -5.315689 -8.608589 1.589056 -3.802810 -0.698134 -0.385197 -0.179588 0.540249 0.615585 -0.022561 0.010663 0.350602 7.058719 1.003141 -0.085578 1.888686 -0.655364 0.172954 0.343517 -0.494312 -1.164149 -0.261042 -0.027961 -0.415026 
0.000000 -45.392958 -22.408630 1.763963 -0.157905 1.803141 1.988995 -0.544160 0.628057 1.572420 0.562864 -0.329060 0.047520 5.553454 -1.022076 0.918570 1.527851 -0.609458 0.239288 0.678622 -0.162921 -1.026200 -0.148612 -0.155342 -0.339031 6.020582 8.933374 -1.151008 4.275588 0.937654 0.060600 0.726008 -0.206471 -0.966579 -0.084953 -0.253933 -0.279986 
0.000000 -33.588554 -13.861977 4.026049 5.367152 3.416765 1.939993 0.389779 0.100447 -0.418680 -0.022804 -1.324134 -0.653255 6.725475 9.258159 -0.712961 4.748366 1.177175 -0.263997 1.272429 0.127307 -1.317573 -0.192468 -0.497203 -0.209370 -4.614167 4.831424 -2.125492 -0.653940 0.074760 -0.236840 0.502118 0.128887 0.672305 0.098261 0.199199 0.243160 
250.732925 -31.942008 -3.892312 0.338040 9.338826 4.157491 1.461001 2.000697 0.882671 -1.062726 0.177927 -1.323466 -0.371221 -3.674880 8.640772 -3.332414 0.219971 -0.459937 -0.234392 1.682858 0.094853 0.318410 0.047910 0.243056 0.147289 -7.172092 -2.978599 0.933839 -5.541945 -0.421690 0.037105 -0.053392 -0.272853 0.719997 -0.043105 0.296359 0.637463 
227.801971 -40.938313 3.419568 -2.638779 5.807094 2.496890 1.471208 3.755494 0.290152 0.218140 0.073016 -0.838022 -0.358677 -7.618708 3.300962 1.154716 -6.335525 0.333795 -0.189788 1.165645 -0.418398 0.122421 -0.278677 0.095516 1.065556 5.202637 -3.565676 2.786855 -0.680977 -0.482478 -0.612394 -0.278497 -0.143254 -0.461119 -0.019663 -0.147745 0.211192 
206.312180 -47.179424 2.709611 2.647473 -3.332224 4.825082 1.081426 4.331988 0.045875 -0.817884 -0.379427 -1.132435 1.759891 6.730395 1.509421 2.241297 -1.141983 -1.424894 -1.459180 1.125863 -0.191656 -0.603829 0.008583 -0.052433 0.569673 9.667015 0.160141 -1.760084 5.243262 -1.836841 -0.872915 -0.619294 0.129919 0.154203 0.346629 0.028260 -0.980292 
0.000000 -27.477524 6.438409 1.843814 3.523128 -0.352897 -1.447152 6.007221 -0.093160 -0.989517 0.090182 -0.942888 0.780668 11.715322 3.621244 -2.365451 4.150999 -3.339887 -1.935618 -0.072942 -0.158561 0.430828 0.414581 0.152035 -0.895028 -3.166528 0.169551 -1.624473 0.806127 0.548977 0.484648 -1.280789 0.236871 0.356217 0.146764 0.212266 -0.489484 
233.082123 -23.748780 9.952098 -2.083430 4.969773 -1.854693 -2.789810 4.186103 -0.271246 0.043771 0.449734 -0.828366 -0.030164 0.397339 1.848524 -1.007649 0.470270 -0.326940 -0.489884 -1.435714 0.282086 0.108606 0.302111 0.372098 -0.409296 -7.898135 -1.765428 1.521800 -2.348085 1.417668 0.892949 -0.534174 0.394390 -0.400228 -0.188126 0.073588 0.095392 
239.891235 -26.682847 10.135456 -0.171484 4.463669 -1.006777 -2.426920 3.135793 0.471012 -0.772304 0.694404 -0.198692 -0.037924 -4.080947 0.090387 0.678149 -0.545171 -0.504551 -0.149719 -1.141290 0.630219 -0.369629 0.038329 0.299210 -0.704244 0.895247 -1.195392 -0.420520 -0.644399 -0.381604 0.658388 0.389384 -0.323329 -0.572651 -0.185606 -0.470830 0.120703 
267.271088 -31.910675 10.132872 -0.727132 3.879432 -2.863795 -3.089248 1.903523 0.989192 -0.695487 0.526393 -0.229946 -1.438653 2.187832 -0.542260 -1.848689 -0.818527 -1.090148 0.826893 -0.656946 -0.364572 -1.036696 -0.069101 -0.569561 -0.167889 6.678490 -1.431231 -1.230966 -0.103948 0.714231 1.167816 0.251909 -1.052433 -0.363597 0.064065 -0.153354 0.619360 
300.651642 -22.307183 9.050937 -3.868861 2.826615 -3.187073 -0.773133 1.821902 -0.258132 -2.845696 0.556202 -1.337814 -0.373701 9.276033 -2.772076 -1.783783 -0.753066 0.923910 2.185912 -0.637471 -1.474646 -1.096822 0.166460 -0.007498 0.534476 1.273425 -1.895585 1.075499 0.254174 1.644708 0.307344 -0.102613 -0.272694 1.010655 0.108465 0.972573 0.112863 
348.218964 -13.358610 4.588720 -4.294698 2.373301 -1.015975 1.282576 0.628581 -1.960101 -2.889131 0.859314 -0.244942 -0.369701 4.734681 -4.333431 0.302310 -0.310179 2.199268 1.441580 -0.862171 -0.909959 0.984613 0.147829 1.375585 0.057838 -7.319655 0.573004 2.003688 0.607161 0.438625 -1.010229 0.005610 1.171560 1.597588 0.179632 0.063063 -0.140237 
375.227264 -12.837820 0.384076 -3.264241 2.206256 1.211464 2.110027 0.097561 -2.078051 -0.876469 0.851860 1.413356 -0.258025 -5.363278 -1.626068 2.223593 0.461256 1.801160 0.165454 -0.626251 0.868474 2.098353 0.525725 0.118627 0.254001 -7.738465 3.102399 1.632853 0.494005 -0.574532 -1.042059 0.477437 1.085672 0.022316 0.022691 -1.191604 0.382195 
373.009705 -24.085165 1.336584 0.152487 3.295812 2.586345 1.613484 -0.623921 -0.223152 1.307575 1.910763 -0.007687 0.138301 -10.742249 1.871367 3.568015 0.677830 1.050205 -0.642539 0.092703 1.261385 1.029245 0.193210 -1.007622 0.822227 -1.408291 0.990973 -0.081533 -0.175436 -0.791455 -0.202482 0.667840 -0.263338 -1.232978 -0.648851 -0.135626 -0.160519 
350.563995 -34.322318 4.126809 3.871790 3.561916 3.311875 0.824949 0.282966 0.444719 1.182021 1.238280 -0.601889 1.386430 -8.179859 0.355878 2.060526 0.110385 0.218249 -0.239510 0.709429 0.341799 -0.367603 -0.771977 -0.152624 -0.067036 4.202193 -5.736388 -1.822411 -0.779022 -0.797270 0.486140 -0.406695 -0.652210 -0.579733 -0.288581 0.537996 -0.841721 
319.879852 -40.444883 2.048340 4.273540 3.516581 3.022843 1.134464 0.794936 0.460446 0.572368 0.366809 -0.312936 0.004229 -2.337862 -9.601409 -0.076807 -0.880213 -0.544334 0.329742 -0.720688 -0.043034 -0.130221 -0.383951 0.068371 -0.861215 5.587695 -6.063812 -2.695261 -0.680299 -1.008855 0.050947 -0.876883 -0.225084 0.183283 0.581985 0.175685 -0.060573 
258.442230 -38.998041 -15.076010 3.718176 1.801489 2.223207 1.484433 -1.158411 0.358650 0.921579 0.470378 -0.465148 -0.336001 2.995530 -11.771746 -3.329995 -1.250213 -1.799460 -0.137616 -1.044336 -0.108369 -0.001038 0.391992 0.198746 -0.188183 2.445339 3.250746 -1.852791 0.283751 -0.588952 -0.444870 0.343917 -0.084838 -0.103875 0.214612 0.090231 0.424206 
0.000000 -34.453824 -21.495151 -2.386450 1.016155 -0.576078 0.859233 -1.293737 0.243708 0.570292 1.150793 0.084557 -0.372136 2.552815 -3.099918 -3.782389 -0.312712 -1.722237 -0.559998 -0.032854 -0.212710 -0.337970 0.045274 0.248832 -0.012804 -1.515232 5.672491 1.316079 0.719537 0.855977 0.101975 0.778696 -0.085121 -0.101162 -0.372676 -0.259118 0.149790 
0.000000 -33.892410 -21.275845 -3.846601 1.176064 -1.221268 0.364437 -1.224119 -0.066769 0.245639 0.560925 0.032516 -0.361610 -0.034933 -0.426763 -0.697838 0.188861 -0.087507 0.066334 0.513055 -0.278611 -0.203363 -0.353359 -0.319490 0.111398 -1.459963 2.368947 3.028198 1.219844 1.658021 0.929783 0.444096 0.320867 0.242526 0.143860 -0.208735 -0.099743 
0.000000 -34.523690 -22.348676 -3.782125 1.393877 -0.751092 0.991900 -0.267626 -0.313513 0.163566 0.444075 -0.554423 -0.149339 -0.367110 1.637977 2.274008 2.126975 1.593805 1.299569 0.855337 0.429024 0.147083 0.332994 -0.168639 -0.212289 -0.142759 3.866084 2.694461 1.349669 0.808949 0.229433 0.147423 0.413321 0.145300 0.235114 0.418391 0.062995 
0.000000 -34.626630 -17.999891 0.701414 5.430015 1.966342 2.963575 0.486556 0.791278 0.539804 1.226913 -0.304762 -0.786189 -0.320451 7.305405 4.691084 2.888198 1.530390 0.525200 0.807901 0.548031 0.087237 0.116869 0.517291 0.237389 -0.533891 3.269335 0.129673 -0.522167 -0.575170 -1.744616 0.208699 -0.384513 -0.119451 -0.513027 0.115452 0.640286 
211.824036 -35.164592 -7.737865 5.600042 7.170273 2.309689 2.042299 1.348177 0.782549 0.338040 0.677812 0.480158 0.325438 -1.434892 8.176648 2.533354 1.082641 0.443466 -2.189664 1.272735 -0.340003 -0.091819 -0.693060 0.062266 1.068283 0.223701 -2.052236 -2.668698 -1.383341 -0.219240 -1.051459 0.016875 -0.439915 0.285485 -0.201071 -0.415892 -0.034406 
210.051865 -37.496414 -1.646595 5.768122 7.595297 2.853274 -1.415753 3.032026 0.111272 0.356166 -0.159207 -0.180231 1.350378 0.126952 3.200934 -0.646313 0.121517 1.091911 -1.577719 0.841651 -0.331799 0.658206 -0.285273 -0.314493 0.168578 2.878898 -4.085794 -2.494758 -0.329763 0.016110 1.457093 -0.889692 0.124738 0.110420 0.355330 -0.044011 -1.113845 
195.300079 -34.910689 -1.335997 4.307417 7.413306 4.493511 -1.113138 3.031478 0.118951 1.654452 0.107267 -0.148827 0.662593 4.322904 0.005061 -2.456163 0.423116 0.475686 0.724523 -0.506649 -0.090526 0.129021 0.017600 -0.025756 -1.159406 1.791109 -0.316729 -0.858561 -0.368252 -1.052073 1.195856 -1.026948 -0.155065 -0.583818 -0.051513 0.242788 -0.697155 
185.984253 -28.850606 -1.636474 0.855796 8.441528 3.804646 0.033292 2.018728 -0.069781 0.614208 -0.124007 -0.231743 -0.968434 3.709169 2.567477 -2.363435 -0.614988 -1.012234 0.813994 -1.212246 -0.641928 -0.509429 -0.388298 0.171084 -1.225733 -1.961859 2.367462 0.150749 -1.502271 -0.398085 -0.870591 -0.285477 -0.611167 -0.274501 0.097998 0.209383 0.713692 
177.133743 -27.492350 3.798958 -0.419452 6.183331 2.469044 0.514850 0.606986 -1.164905 0.635594 -0.669328 0.193340 -1.788873 0.399186 4.739985 -2.154665 -2.581427 -0.320483 -1.016659 -1.077604 -1.312860 -0.419980 0.213596 0.393009 0.267978 -2.599036 -0.097725 0.370349 -1.150381 0.912703 -1.453123 0.654168 0.081020 -0.300845 0.617390 0.045953 0.932776 
174.073273 -28.052233 7.843497 -3.453533 3.278675 3.163681 -2.000025 -0.136480 -2.695502 -0.225752 0.303185 0.554275 -0.432478 -1.488903 2.372027 -1.622736 -2.915750 0.813171 -2.092251 0.096090 -0.479889 -1.111119 0.846482 0.262991 0.639820 -2.054906 -2.308046 1.448772 -0.083808 0.409519 0.108709 0.329245 0.640704 -0.105839 -0.078294 -0.199133 0.199448 
168.544510 -30.470157 8.543013 -3.664923 0.351831 4.095386 -3.669652 0.799167 -2.124682 -1.586643 1.023636 0.719322 -0.509234 -3.710627 0.123893 0.742879 -2.749042 0.498555 -0.799241 -0.419113 -0.031453 -0.631659 0.057008 -0.005256 0.666873 -2.971724 -1.745303 1.258443 0.727509 -0.662521 1.313948 -0.788192 0.135327 0.447100 -0.741582 -0.083981 -0.098715 
81.529503 -35.473486 8.091284 -1.967775 -2.219408 4.160791 -3.598507 -0.974707 -2.758409 -1.489069 0.417200 0.543763 0.901269 -7.432351 -1.118578 0.894150 -1.460732 -0.511870 0.535644 -1.480294 -0.209236 -0.216919 -0.636681 0.095029 0.442389 -4.828371 -2.624371 -0.935354 1.641945 -0.950031 0.902855 0.123926 0.540996 0.148818 -0.291845 0.213685 -0.531202 
0.000000 -45.334859 6.305856 -1.876624 -2.569633 3.071646 -2.598365 -2.161421 -2.543154 -2.020482 -0.249726 0.909379 0.375543 -13.367369 -5.124848 -1.127829 0.534848 -1.401507 1.006469 -0.171262 1.050540 -0.334022 -0.526682 0.422113 -0.395530 3.422699 -3.952151 -1.198146 1.642177 -0.397049 0.186874 1.497765 0.527903 0.343905 0.603487 -0.199276 -0.290809 
0.000000 -62.208225 -2.158412 -4.223432 -1.149712 1.357777 -1.585569 -1.317230 -0.657329 -2.157114 -0.636163 1.387989 0.110209 -0.586953 -9.022880 -1.502143 1.823623 -1.305969 0.909392 1.515235 0.846570 0.470890 0.570292 -0.303522 -0.139229 15.751468 -0.201414 0.317494 0.119073 0.386405 -0.332435 0.658361 -0.816867 0.386795 0.699148 -0.641786 -0.021024 
0.000000 -46.508766 -11.739905 -4.880910 1.077612 0.459709 -0.779581 0.869049 -0.850015 -1.078703 0.890858 0.302334 0.097086 18.135567 -5.527677 -0.492840 0.772993 -0.628697 0.341600 1.145461 -0.583195 0.439568 0.871614 -0.861459 -0.437577 6.320740 4.326447 0.808527 -1.135977 0.531772 -0.406627 -0.831065 -0.660805 -0.252206 -0.246163 -0.011850 -0.016992 
0.000000 -25.937090 -13.213765 -5.209112 0.396275 0.100383 -0.902368 0.973691 -1.823720 -1.277977 1.107066 -0.334928 -0.764946 12.054527 -0.369986 0.114911 -0.448331 -0.242424 0.096137 -0.146896 -0.475041 -0.033523 0.077965 -0.327222 -0.173213 -7.331064 3.554445 0.587036 -0.114520 0.208159 0.142425 -0.774656 0.420388 0.071661 -0.508084 0.317360 0.440564 
0.000000 -22.399712 -12.479877 -4.651088 0.180950 -0.025140 -0.587307 0.575257 -1.800096 -1.145749 1.046788 -0.352110 -0.249341 3.473440 1.581213 0.681232 0.543954 -0.212378 0.626450 -0.403850 0.257581 0.582890 -0.144553 -0.226739 0.443551 -5.111665 3.319595 1.342449 1.302185 0.599912 0.552474 0.354415 0.304980 0.066025 -0.166823 0.040351 -0.058802 
0.000000 -18.990211 -10.051340 -3.846648 1.484182 -0.324373 0.350532 0.165990 -1.308558 -0.112198 0.817959 -0.788407 0.122156 1.831197 6.269204 2.799808 2.156039 0.957400 1.201086 0.561935 0.134919 0.098528 -0.255681 -0.246520 -0.290817 -1.662711 3.863798 0.394089 -0.097068 0.142384 -0.183638 0.714962 -0.290597 -0.749608 -0.182767 0.261536 -0.151037 
279.911987 -18.737317 0.058531 0.948528 4.493028 1.889661 1.814865 1.699127 -1.530258 -0.948694 0.535426 -0.845149 -0.830974 0.148018 9.308808 1.469411 0.349817 0.072390 0.259175 1.026073 -0.323612 -0.916327 -0.510088 0.296332 0.141477 -0.831216 -1.014992 -1.602323 -1.489987 -1.405998 -1.504167 -0.311371 0.340345 -0.205169 0.041949 0.369259 0.366905 
266.752319 -18.694174 8.566276 -0.907826 2.183816 -0.179593 0.868882 2.218137 -1.955782 -1.944851 -0.202216 -0.195743 0.405111 0.168765 4.239220 -0.404837 -0.823936 -1.854596 -1.807248 -0.060808 0.815609 -0.311810 -0.171784 0.491998 0.442993 -0.792863 -4.565489 -0.029111 0.490663 -0.854646 -0.870298 -0.465983 0.642330 0.692759 0.525473 -0.026273 -0.157221 
247.790817 -18.399786 8.536971 0.138855 2.845156 -1.819532 -1.799631 1.577512 0.100960 -1.572315 0.191859 0.138847 0.055012 -1.437709 0.177829 1.411188 1.331143 -1.636902 -1.481422 0.094107 0.961048 0.469191 0.540857 0.243786 -0.172965 -1.209197 -2.355636 0.893162 0.921884 0.750453 0.613633 0.779936 -0.404676 0.527520 0.231447 -0.447420 -0.155135 
248.072021 -21.569592 8.921935 1.914550 4.846102 -3.453396 -2.093962 2.406351 -0.033685 -1.006469 0.879498 0.291829 0.059181 -2.249629 -0.472053 1.381487 1.019831 -0.353690 -0.579983 1.499064 0.006258 0.743230 0.291111 -0.402842 0.132723 0.386491 -0.421182 -0.458774 -0.655893 1.050072 0.524302 0.495268 -0.443734 -0.004442 -0.296783 -0.361560 0.151802 
245.495590 -22.899044 7.592865 2.901829 4.884818 -2.526911 -2.959597 4.575639 0.113475 -0.085855 0.774082 -0.666837 0.320458 -0.664726 -0.664535 0.493639 0.019358 0.463243 -0.432817 1.084644 0.073580 0.460307 -0.052708 -0.479333 0.130639 0.792451 -0.096241 -0.443924 -0.500237 0.408466 0.073583 -0.207210 0.033661 -0.141461 -0.171910 -0.038246 -0.001042 
