193.189423 -40.629135 -1.436795 3.393866 7.360014 -1.301708 -0.218616 1.313329 3.064820 -1.538532 -0.112586 -0.005709 -1.084393 -10.407062 0.501950 0.110375 -1.913774 1.336844 0.244355 -0.493234 -1.170104 0.355700 -0.377368 0.178984 0.490886 -2.160459 -1.791461 -1.023079 -0.937487 -0.343801 -0.190321 -0.156691 -0.139867 0.281497 0.243170 -0.044738 0.030860 
200.716110 -61.443258 -0.432896 3.614616 3.532467 1.371981 0.270094 0.326862 0.724612 -0.827132 -0.867323 0.352260 -0.102620 -14.727980 -3.080972 -1.935782 -3.788749 0.649243 -0.136287 -0.806615 -1.449839 0.918695 0.108971 0.089509 0.552606 12.660234 -1.319842 -0.502611 1.391544 -1.133917 -0.085373 0.349472 0.718756 -0.223385 0.502555 -0.278529 -0.370575 
202.454742 -70.085095 -7.598739 -0.477698 -0.217483 -0.003222 -0.491189 -0.299901 0.165143 0.298857 0.105356 0.173310 0.020819 14.913405 -2.137733 -0.894846 0.869313 -0.930989 0.073610 0.205711 0.267408 -0.091070 0.627741 -0.378074 -0.250264 17.934832 1.736275 1.730191 4.388198 -0.122661 0.379801 0.484583 1.216943 -0.910215 -0.119626 -0.370134 -0.439547 
148.313660 -31.616448 -4.708362 1.824924 5.271094 -0.489997 0.417313 0.738284 1.259428 -1.009271 0.388159 -0.403887 -0.603147 21.141685 0.391579 1.524601 4.987648 0.403921 0.623315 0.162550 0.984048 -0.901736 -0.130281 -0.650758 -0.326488 -6.466598 0.419436 0.758454 0.788625 0.838903 -0.056097 -0.257702 0.003249 0.050114 -0.450075 0.031728 0.127870 
241.199554 -27.801725 -6.815581 2.571504 9.757813 0.804620 0.755440 0.025199 2.133239 -1.504615 -0.155206 -1.128207 -0.632158 1.980210 -1.298861 0.622062 2.446564 0.746817 -0.038584 -0.309692 0.273906 0.009159 -0.272408 -0.314617 0.005476 -11.179529 0.141093 -1.009280 -2.509284 0.105823 -0.432723 0.021768 -0.591326 0.596751 -0.016403 0.178622 0.143763 
240.082962 -27.656028 -7.306084 3.069048 10.164222 1.003636 0.340146 0.118899 1.807240 -0.990954 -0.156658 -1.033122 -0.592195 -1.217374 0.673764 -0.493960 -0.030919 0.615568 -0.242132 0.206087 -0.198604 0.291767 -0.163086 -0.293515 -0.038962 -5.186376 1.289481 -0.844318 -1.750285 -0.338696 -0.064181 0.178479 -0.284529 0.254480 0.047687 0.353640 0.106550 
239.369919 -30.236473 -5.468052 1.583585 9.695975 2.035756 0.271176 0.437372 1.736030 -0.921082 -0.481379 -1.715236 -0.710081 -8.392542 1.280100 -1.066575 -1.054007 0.069425 -0.166945 0.047265 -0.295152 0.518118 -0.177034 0.392662 0.218576 -2.325382 0.620582 -0.705299 -1.859113 -0.430557 0.408540 0.041272 -0.420808 0.177529 0.282997 0.493223 0.175659 
242.449722 -44.441112 -4.745884 0.935898 8.056208 1.142486 0.006256 0.213428 1.216936 0.045282 -0.510725 -0.247797 -0.155043 -5.868139 1.914928 -1.904557 -3.749145 -0.245547 0.574948 0.288630 -1.040219 0.646825 0.402907 0.692931 0.312357 4.757796 0.733256 0.390368 0.053857 0.130291 0.029385 0.316496 -0.026968 -0.384000 0.405847 -0.091100 -0.302342 
238.969238 -41.972750 -1.638196 -2.225529 2.197684 1.544661 1.421072 1.014633 -0.344409 0.372567 0.324436 -0.329375 -0.085368 1.123049 2.746612 -0.285838 -0.946294 0.330007 -0.108175 0.680257 -0.349087 -0.249881 0.634661 0.210463 -0.386107 5.854340 -2.131791 2.196269 3.653572 -0.427375 -1.138109 -0.034710 1.385062 -0.859664 -0.291641 -0.577646 -0.160553 
236.445587 -42.195015 0.747340 0.364222 6.163621 1.802501 -0.210095 1.573942 0.518762 -0.454480 0.758597 0.173128 -0.927257 5.840542 -2.348654 2.487981 3.557999 -1.100296 -1.701269 0.219210 1.729904 -1.072502 -0.180375 -0.462361 -0.008748 2.368240 -3.119297 1.054726 1.100863 -0.971431 -0.090187 -0.483069 0.717604 -0.180377 -0.554051 -0.372582 0.175727 
227.022125 -30.291667 -6.335504 2.750434 9.313682 -0.655932 -1.981466 1.453054 3.115400 -1.772437 -0.036314 -1.254097 -0.102864 5.859528 -3.491982 1.823614 1.255432 -1.612855 -0.288550 -0.285881 1.086121 -0.610635 -0.473441 -0.534701 -0.034654 -3.942630 1.400426 -0.857316 -1.858634 0.378413 1.629727 -0.437539 -0.916532 0.425335 0.010344 0.462501 -0.156202 
188.354706 -30.475959 -6.236624 4.011451 8.674484 -1.423209 -0.787194 1.002181 2.691004 -1.675751 -0.188285 -0.896273 -0.996565 -2.044718 0.452198 0.773349 -0.159268 -0.343471 1.558184 -0.655867 -0.103160 -0.221833 -0.159688 0.462640 -0.321151 -5.403930 2.657402 -0.771042 -0.956313 0.953246 0.772917 -0.064083 -0.563402 0.495850 0.141073 0.646092 -0.008220 
187.095139 -34.381103 -5.431108 4.297132 8.995145 -1.342873 1.134903 0.141319 2.909080 -2.216103 -0.355690 -0.328816 -0.745167 -4.948332 1.822823 0.281530 -0.657194 0.293636 1.257284 -0.414047 -0.040684 0.381064 -0.191295 0.757484 -0.051095 -2.120358 1.002905 0.066822 -0.684222 0.410590 -0.575554 0.530405 -0.387107 0.414163 0.102980 0.202205 0.150370 
191.606293 -40.372623 -2.590979 4.574511 7.360095 -0.835937 1.727374 0.174087 2.609635 -0.913622 -0.570876 0.618695 -1.098754 -6.285435 2.458008 0.906993 -1.527712 0.477710 0.407075 0.404942 -0.877374 0.606494 0.046273 0.867051 -0.020411 -3.523207 -0.964069 -0.297433 -0.580086 0.408946 -0.545165 0.718796 -0.427312 0.055100 0.451714 -0.386488 0.387016 
201.216888 -46.951972 -0.515092 6.111119 5.939721 -0.387453 1.949053 0.951202 1.154331 -1.003115 -0.263145 1.405285 -0.785989 -11.994746 -0.105315 -0.313336 -1.817366 1.111527 0.166953 1.023545 -0.895308 0.491264 0.712132 -0.015492 0.722938 -2.581604 -2.955320 -1.974435 -0.931406 -0.106770 -0.673647 -0.532764 0.083727 -0.148274 -0.079458 -0.774650 0.223593 
195.074554 -64.362114 -2.801609 3.947839 3.725363 1.387118 2.061281 2.221176 0.819018 0.068906 0.853388 0.587710 0.347121 -11.448644 -3.452632 -3.041876 -3.390523 0.264170 -0.940220 -0.660587 -0.709919 0.309946 -0.112643 -0.682249 0.426775 13.908198 0.941747 -0.635317 -0.043690 -1.210684 0.071000 -1.616911 -0.006666 -0.877843 -1.008684 0.468181 -0.596715 
0.000000 -69.849260 -7.420356 0.027366 -0.841325 0.140887 0.068614 -0.369971 -0.265507 -0.383222 -0.488431 0.040787 0.067560 15.821651 1.778179 -1.583970 -1.904746 -1.309840 0.308953 -2.210277 -0.908640 -1.264421 -1.305235 0.920870 -0.470493 16.907319 4.114417 1.436929 1.631811 -0.806920 0.845868 -0.065565 0.289002 -0.551020 -0.115598 1.039376 -0.247266 
0.000000 -32.718813 0.754749 0.779899 -0.084130 -1.232561 2.679188 -2.199378 -0.998261 -2.459937 -1.757082 2.429450 -0.593864 22.365994 4.776203 -0.168019 -0.126900 -1.349671 0.751516 -0.791716 -0.131916 -0.792093 -0.343839 1.396503 -0.067756 -7.508955 -0.012592 0.067640 0.116160 0.265219 -0.483569 1.264738 0.681965 1.012062 0.931524 -0.711260 0.557191 
0.000000 -25.117271 2.132050 -0.308672 -1.095126 -2.558454 1.571646 -1.953404 -0.529338 -1.967408 -1.176110 2.833793 -0.067953 0.803741 1.752995 -1.448689 -1.672426 -0.779401 -0.658184 0.319200 0.455291 0.759703 0.557812 -0.501649 0.643889 -16.467032 -2.129401 -0.015249 -0.629956 0.556851 -0.358729 0.375523 0.058279 0.746536 0.171688 -1.000655 0.091533 
0.000000 -31.111330 4.260739 -2.117479 -3.428982 -2.791363 1.362819 -1.560979 -0.087679 -0.940530 -0.641458 1.426151 0.693913 -10.568069 0.517402 -0.198517 -1.386812 -0.235969 0.034058 -0.040670 -0.015358 0.700978 -0.000462 -0.604808 0.115310 -9.857615 -2.992324 1.174288 0.936990 0.695376 -0.091451 0.105439 -0.413710 -0.298760 -0.173697 0.124099 -0.354746 
151.838165 -46.253409 3.166854 -0.705706 -3.868750 -3.030392 1.639762 -2.034744 -0.560054 -0.565452 -1.177034 1.624177 0.162667 -18.911489 -4.231654 0.899887 0.201554 0.611351 -0.841087 0.530079 -0.372128 0.162183 0.210417 -0.253451 -0.065603 5.927303 -1.657667 0.025337 2.479140 1.038117 0.406783 -0.341925 0.670233 0.148874 0.248316 -0.172779 -0.620510 
0.000000 -68.934307 -4.202568 -0.317704 -3.025873 -1.568661 -0.319355 -0.500821 -0.831936 -0.616164 -0.220623 0.919250 0.562707 1.286537 -2.797932 -0.147844 3.571468 1.840265 0.847623 -0.724519 1.325109 0.998727 0.496170 -0.950366 -1.125710 20.891618 2.398598 -0.616881 1.719583 0.254871 0.955692 -0.877637 0.848977 0.229048 -0.142479 0.015313 -0.729568 
0.000000 -43.680334 -2.429010 -1.001394 3.274185 0.650138 3.335009 -3.483783 2.090163 1.432002 -0.184694 -0.276554 -2.088754 22.871747 0.565541 -0.333874 3.640721 1.121093 1.070298 -1.225196 1.325825 0.620279 -0.074540 -0.222824 -1.524740 4.114826 1.874391 0.104549 -1.444256 -0.965058 -1.032540 0.707105 -0.767643 -0.910736 -0.269674 0.682400 0.679642 
242.350479 -23.190813 -3.071485 -0.985452 4.255570 0.673526 1.821241 -2.951214 1.819714 0.624394 -0.369703 0.473603 -2.486773 9.516189 0.950849 0.061255 0.682956 -0.089851 -1.217457 0.689691 -0.210178 -0.822746 -0.043179 0.414433 0.233574 -12.254443 0.522071 0.096696 -1.814830 -0.449549 -0.514442 1.050369 -0.895480 -0.730023 -0.058762 0.630300 1.076934 
243.205643 -24.647956 -0.527311 -0.878884 4.640097 0.470436 0.900096 -2.104402 1.669808 -0.213490 -0.271051 0.552313 -1.621606 -1.637139 1.609684 -0.140481 0.011061 0.221996 0.041414 0.875541 -0.465136 -0.839768 -0.192064 1.037776 0.629128 -3.714173 -0.228194 0.167248 -0.755179 0.127521 0.871849 -0.391816 -0.305909 -0.209491 -0.309009 0.302927 0.048070 
239.219391 -26.465090 0.147883 -1.266415 4.277692 1.117519 1.904069 -1.200131 0.889442 -1.055141 -0.753832 2.549155 -1.228517 2.087843 0.494462 0.395751 -0.827402 0.165190 0.526242 -0.093942 -0.821996 -1.241729 -0.661197 1.020287 0.329714 2.753545 -0.995086 0.396991 -0.598367 -0.263313 0.079156 -0.971489 0.019786 -0.073090 -0.146346 -0.727640 -0.270006 
222.082535 -20.472269 0.461613 -0.087383 2.985292 0.800816 1.952580 -2.292285 0.025815 -2.696947 -1.593445 2.592888 -0.962179 3.869952 -0.380488 0.653500 -1.185673 -0.304630 0.199726 -1.067436 -0.425564 -0.985947 -0.484756 -0.417504 0.089116 -1.596002 -0.942756 -0.052134 0.726312 0.254209 -0.006340 -0.149938 0.663783 0.746919 0.698290 -0.972575 -0.426595 
211.640686 -18.725186 -0.613094 0.040586 1.906346 0.508260 2.303521 -3.335003 0.038314 -3.027035 -1.723344 1.714146 -1.050286 -1.104160 -1.391051 0.291483 0.625221 0.673609 0.513563 -0.393818 0.505569 0.252109 0.735383 -0.924863 -0.523477 -6.303418 0.080251 -0.386043 1.010292 0.449976 0.183174 0.485385 0.076472 0.878545 0.512080 0.024223 -0.000593 
194.922150 -22.680590 -2.320489 0.495584 4.235734 2.148034 2.979705 -3.079922 1.036953 -2.192728 -0.122679 0.743162 -2.009132 -8.736884 -0.219987 -0.118586 0.834910 0.595323 0.566074 -0.096666 -0.272620 0.771143 0.539404 -0.369059 0.087929 -3.730926 -0.893817 1.220850 -1.234038 -0.176545 -0.512618 0.644519 -0.544831 0.092719 -0.481912 0.538215 0.641532 
191.711426 -36.198955 -1.053068 -0.196586 3.576167 1.698906 3.435670 -3.528335 -0.506926 -1.484748 -0.644536 0.976027 -0.874428 -8.566012 -3.178685 2.733183 -1.842855 0.320518 -0.511673 0.895219 -0.584093 0.437548 -0.228440 0.151568 0.759588 4.384355 -3.249722 1.736864 -0.478016 -0.177533 -0.906265 1.051155 0.562650 -0.116169 -0.063737 0.074550 0.127279 
194.564545 -39.812614 -8.677858 5.961949 0.550023 2.789070 1.956359 -1.289484 -0.131233 -1.317632 -0.579560 1.046298 -0.489956 0.031826 -6.719430 3.355141 -0.121121 0.240258 -1.246457 2.005644 0.852680 0.538806 0.411931 -0.219959 0.342486 8.322316 1.106925 -1.959296 2.807078 -0.297079 -0.288903 -0.070543 1.047750 -0.036941 0.248475 -0.249323 -0.105885 
0.000000 -36.135303 -14.491928 6.513697 3.333926 2.179421 0.942756 0.482953 1.198435 -0.407137 0.179326 0.536110 -0.189456 8.078620 -0.964835 -1.185409 3.771302 -0.273639 -1.089479 0.754133 1.511407 0.363666 0.268510 -0.347077 0.547817 4.693633 5.524709 -2.803601 0.851983 -0.354216 0.263084 -1.775301 -0.172990 -0.460303 -0.213518 -0.097939 -0.188145 
215.714386 -23.655374 -10.607528 3.591132 8.092626 2.241792 -0.222599 0.218783 2.891581 -0.590300 -0.042539 0.352143 0.605678 9.419092 4.329989 -2.252061 1.582846 -0.468175 -0.720288 -1.544957 0.506701 -0.381800 -0.015104 -0.415837 -0.033804 -1.897211 2.493086 -0.900218 -3.719470 -0.773647 0.919302 -1.313185 -1.419991 -0.245704 -0.144959 0.246771 -0.615984 
211.621765 -17.297118 -5.831951 2.009574 6.499617 1.243072 -0.497821 -2.606962 2.211837 -1.170738 0.149118 -0.295564 -0.257064 4.284198 4.021336 -2.985844 -3.667638 -1.820934 0.749125 -1.872237 -1.328575 -0.127742 -0.021408 0.146465 -0.684150 -4.227374 -1.228468 -0.319535 -2.955731 -0.715335 0.925887 1.282680 -0.885613 0.557558 -0.045669 0.091280 0.178013 
206.007538 -15.086978 -2.564855 -2.380555 0.757350 -1.400077 1.275651 -3.525691 0.234431 -0.845783 -0.085356 0.645073 -0.762622 0.964345 1.873054 -2.891131 -4.328617 -1.898845 1.131485 1.020402 -1.264526 0.733315 -0.106443 -0.233277 0.322222 -2.308133 -2.131046 1.131591 1.225881 0.443848 -0.038325 1.873468 0.620439 0.378419 -0.019749 -0.540626 0.628955 
202.277283 -15.368427 -2.085843 -3.772687 -2.157617 -2.554618 1.765149 -0.566158 -0.317215 0.295893 -0.063769 -0.762118 0.387380 -0.332068 -0.240756 -0.722661 -1.215877 -0.933239 0.672475 1.874699 -0.087697 0.629097 -0.060906 -0.934787 0.573760 -0.612197 -0.898754 1.251113 2.279147 1.163577 -0.366244 -0.454910 0.613116 -0.325795 -0.023467 0.139974 -0.090609 
199.970078 -15.751114 -3.046367 -3.825877 -1.674403 -3.266554 2.620601 0.223707 0.059037 0.412410 -0.207167 -1.224501 0.384898 -0.260049 0.075546 -0.388905 0.229678 0.428308 0.398997 0.110583 -0.038294 0.081726 -0.153378 0.046670 0.141004 0.230007 0.238579 0.908694 1.183625 1.089826 -0.506886 -1.885467 0.133391 -0.505329 0.192764 0.718942 -0.343832 
204.941315 -15.888526 -1.934751 -4.550498 -1.698262 -1.698002 2.563144 -0.344993 -0.393804 0.459345 -0.370524 -0.668778 0.669388 0.127946 0.236403 1.094726 1.151374 1.246414 -0.341297 -1.896234 0.179086 -0.381561 0.324622 0.503097 -0.113904 -1.179471 -0.441639 1.346424 1.125628 0.661826 -0.138632 -0.762629 0.249475 -0.349971 0.271142 0.093401 -0.168954 
209.619049 -15.495223 -2.573562 -1.636425 0.628344 -0.773726 1.938007 -3.568761 0.417209 -0.350713 0.442078 -0.218308 0.157089 -2.618992 -0.807732 2.303943 2.480933 1.751960 0.121734 -1.414676 0.460655 -0.618215 0.388907 0.233473 -0.196903 -4.594566 -0.491847 0.213967 0.885071 0.099860 0.236198 1.412590 0.029471 0.459674 -0.176005 -0.261554 0.118193 
213.426849 -21.126510 -3.550216 0.057389 3.263603 1.805918 2.806611 -3.174345 0.527506 -0.777085 0.407290 -0.201832 0.275582 -9.061187 -0.747291 1.522660 2.921515 1.446135 0.131098 0.928946 0.238028 0.537787 -0.027388 -0.020011 0.122482 -1.890814 0.228105 -0.841905 0.413944 -0.563943 -0.706103 1.327295 0.138316 0.758100 -0.405198 -0.193730 -0.015413 
205.780304 -33.617597 -4.068144 1.408895 6.471374 2.118543 2.200203 -1.710870 0.893265 0.724862 0.387301 -0.258330 0.402052 -6.400619 -0.351522 0.620133 3.308821 0.624075 -1.290473 1.239913 0.737288 0.897984 -0.421488 -0.153987 -0.227730 5.192988 0.951604 -0.438013 -0.866954 -0.271212 -0.445804 -0.734357 -0.022567 -0.666659 -0.103453 -0.194654 -0.103491 
366.512665 -33.927747 -4.253259 1.297654 9.881245 3.054068 0.225665 -0.694519 2.002082 1.018882 -0.435687 -0.509806 -0.179878 1.324789 1.155917 0.646634 1.187608 0.903711 -0.760509 -0.539768 0.192894 -0.795531 -0.234295 -0.409319 -0.084501 3.334772 1.733330 0.390663 -3.271451 -0.825111 0.599821 -1.087938 -0.130834 -1.567212 -0.053338 0.005879 0.347894 
171.177643 -30.968018 -1.756310 2.702163 8.846589 3.925965 0.679185 -2.790406 1.279054 -0.866199 -0.081289 -1.076969 0.233051 0.268925 3.115138 1.401458 -3.234081 -1.026148 -0.090831 -0.935963 0.475620 -2.236440 -0.528165 -0.142228 0.468058 -2.844420 1.943067 0.282818 -2.852098 -1.938520 0.031986 0.445630 0.692169 0.119596 -0.325161 0.313163 -0.240908 
162.043564 -33.389897 1.977016 4.100571 3.413083 1.001772 0.044003 -2.566444 2.953323 -3.453997 -1.492017 -0.794262 0.756238 -4.364050 5.042051 1.212269 -4.516589 -2.973330 -0.696538 0.351491 1.577232 -0.556339 -0.884616 0.217007 -0.566316 -3.330809 0.810755 0.210482 0.919225 -0.137907 -0.328231 0.759467 -0.704492 1.893820 0.536966 0.151412 -0.762659 
149.313156 -39.696118 8.327792 5.126700 -0.186590 -2.020695 -0.713891 -2.087423 4.433519 -1.978876 -1.850522 -0.642955 -0.899581 -6.392692 4.736648 1.822423 -1.395632 -1.301962 -0.747292 0.582972 -0.933364 1.551201 0.545768 0.160596 -1.057260 0.002046 -1.645795 0.074729 3.209812 1.869258 0.124208 0.018327 -1.883374 0.827960 0.962179 0.066851 0.542019 
150.435776 -46.175281 11.450311 7.745417 0.621820 -1.602152 -1.450582 -1.400501 1.086594 -0.351596 -0.400481 -0.473070 -1.358283 -4.359959 1.750461 1.361727 1.903035 0.765187 -0.448122 0.388146 -2.189516 1.099581 1.039741 0.350709 0.517723 3.045263 -2.655789 -0.785119 1.303059 0.950272 0.533114 -0.008083 0.349925 -0.505178 -0.186692 -0.053771 0.613753 
157.835678 -48.416036 11.828713 7.850154 3.619481 -0.490320 -1.610135 -1.311130 0.054486 0.220286 0.228961 0.058464 0.135864 -0.302166 -0.574930 0.252184 1.210487 0.598583 0.318936 0.566805 -0.233515 0.540844 0.172384 0.053055 0.170246 3.650053 -2.016812 -0.876882 -1.076250 -0.099829 0.750942 0.272521 1.559149 -1.283442 -0.644322 -0.312050 -0.576886 
167.948135 -46.779612 10.300450 8.249786 3.042793 -0.404987 -0.812710 -0.266891 0.619563 0.730092 -0.055714 -0.366960 -1.017790 2.940147 -2.283163 -0.392038 -0.249465 0.565528 1.053762 0.933188 0.928781 -1.467303 -0.248902 -0.273391 -0.636050 0.892204 -1.220419 -1.182313 -0.050951 0.316528 0.239306 -0.144625 0.264336 -1.679072 0.241534 0.238716 -0.389695 
180.900146 -42.535742 7.262387 7.066078 3.120551 0.640737 0.497389 0.555246 1.912049 -2.714321 -0.268843 -0.488319 -1.136236 1.482243 -3.015769 -2.112443 1.108585 1.231639 0.797548 0.277556 0.295158 -2.817301 0.655451 0.530487 -0.609143 2.294231 0.548352 -1.421581 -0.026840 0.057120 -0.251255 -0.958613 -1.239710 0.082878 0.609347 0.549387 0.143514 
184.773499 -43.815127 4.268913 4.024901 5.259962 2.058291 0.782385 0.288221 1.209878 -4.904509 1.255189 0.694015 -2.236077 7.528610 -1.186459 -3.235201 -0.303145 0.679769 0.551252 -0.984038 -1.550639 -1.301547 0.969792 0.825384 -0.349023 4.483008 1.030505 -0.149298 -1.626463 -1.154514 -0.485031 -0.643750 -0.850809 1.951921 -0.327452 -0.159267 0.734125 
0.000000 -27.478522 4.889469 0.595676 2.514262 2.000274 1.599892 -1.412829 -1.189229 -5.317415 1.670742 1.162448 -1.834282 10.448260 -0.954758 -2.411039 -2.144341 -1.077389 -0.172515 -1.009944 -1.406460 1.086541 0.000548 0.211953 0.859107 -3.187135 0.089791 0.901508 -0.134157 -1.193887 -0.620800 0.362441 0.704350 1.682196 -0.805160 -0.144403 0.495318 
182.777481 -22.918608 2.359396 -0.797178 0.971279 -0.096487 0.437356 -1.731667 -1.603043 -2.731428 1.256285 1.117920 -0.517863 1.154340 -1.006878 -1.432184 -0.571458 -1.708005 -0.690348 -0.259157 -0.141940 2.062844 -0.640527 0.536578 0.641613 -6.590804 0.347172 0.740705 1.327456 0.322932 -0.063253 0.453159 0.707914 0.072718 -0.156576 0.267841 -0.494467 
168.165161 -25.169842 2.875712 -2.268692 1.371346 -1.415735 0.219196 -1.931142 -1.473108 -1.191728 0.389688 2.235604 -0.551055 -2.733349 -0.260415 -0.929630 0.510572 -0.431526 -0.299021 -0.103625 0.009367 1.231977 -0.312605 0.747634 -0.129827 -2.650567 0.927663 0.687576 0.327883 1.394971 0.229066 0.078134 -0.146514 -0.729759 0.361011 -0.397574 -0.345940 
156.903580 -28.385305 1.838566 -2.656437 1.992422 -0.959539 -0.160686 -1.938916 -1.584309 -0.267473 0.631075 2.613188 -0.777516 -4.146793 0.848447 -0.057032 0.084307 1.081937 -0.232216 -0.102889 -0.434967 0.603326 0.081495 -0.258570 -0.050267 -0.561360 1.229896 0.648560 -0.040985 1.340002 -0.125831 0.050022 -0.321239 -0.723251 0.253074 -0.930908 -0.003362 
149.901901 -33.463428 4.572606 -2.382755 1.539961 0.748139 -0.245236 -2.136920 -2.343043 0.014925 0.552678 1.718464 -0.651590 -3.856069 2.199377 0.367491 0.428601 2.248479 -0.550684 -0.003581 -0.633111 -0.214525 0.193543 -1.114181 -0.136551 -0.658789 -0.085391 0.334108 0.460586 0.315051 -0.136306 0.472903 0.248819 -0.205629 0.164403 -0.323449 0.040801 
147.586426 -36.097443 6.237321 -1.921456 2.849625 3.537420 -1.262054 -1.946078 -2.850531 -0.696522 1.018161 0.384825 -1.050617 -5.464372 0.677665 0.611185 1.005480 1.712039 -0.504828 0.842918 0.062670 0.192068 0.410301 -0.905468 0.031335 -5.340745 -3.735434 0.260288 -0.282198 -1.400649 0.621684 0.527827 0.824654 0.356196 -0.093239 0.454800 0.066226 
161.045898 -44.392172 5.927937 -1.160385 3.550921 4.172217 -1.254893 -0.451085 -2.217703 0.399062 1.373279 -0.092472 -0.588920 -14.537560 -5.271491 0.888066 -0.135796 -0.552819 0.692684 1.052072 1.016196 0.497867 0.007064 -0.204581 -0.004099 -3.518057 -3.834670 -0.330624 -1.615669 -1.883462 0.507763 -0.285166 0.519163 -0.347829 -0.555826 0.535207 0.217740 
168.930069 -65.172563 -4.305660 -0.145324 2.578033 2.431781 0.123314 0.158067 -0.818139 0.299211 1.032289 -0.024337 -1.058815 -12.500485 -6.991674 -0.050064 -2.225857 -2.054884 0.510697 0.272586 1.100996 -0.503590 -0.701351 0.164946 0.466816 11.833749 2.722926 0.025792 1.248735 -0.221378 -0.635537 -0.421288 0.111588 -0.381213 -0.403670 0.106187 0.427081 
95.202049 -69.393142 -8.055412 -1.260513 -0.900792 0.062448 -0.233499 0.094086 -0.015710 -0.608118 -0.029424 0.237419 0.344711 9.129938 0.174362 0.939649 2.361675 -0.995576 -0.578390 0.209496 1.239373 -0.264560 -0.800276 0.007793 0.850064 17.155101 3.942429 1.089326 4.070106 1.548214 -0.490575 -0.685090 -0.462251 0.236936 0.274217 -0.241972 -0.260298 
129.949951 -46.912687 -3.956936 1.733975 7.301384 0.440628 -1.033466 0.577059 1.660606 -0.229909 -0.568263 -0.008751 0.641313 21.809716 0.893184 2.128588 5.914355 1.041543 -0.470452 -1.097594 0.176494 -0.029718 -0.152918 -0.318999 -0.053780 0.719775 -0.665208 -0.154153 -0.274204 0.924015 0.253961 -0.774288 -0.950519 0.022869 0.458389 -0.101853 -0.526073 
0.000000 -25.773710 -6.269043 2.996663 10.927918 2.145535 -1.174404 -2.101102 0.337277 -0.667553 -0.335260 -0.400579 0.237151 10.569489 -1.156054 0.631344 1.813267 0.852453 -0.070469 -1.339080 -0.661665 -0.218822 0.116502 -0.195914 -0.202081 -5.620114 -1.024619 -0.748622 -2.050544 -0.094545 0.199992 -0.120743 -0.419079 -0.094552 0.134710 0.061543 -0.074151 
