310.169769 -22.064500 -6.149313 0.903788 -1.960677 -1.840368 1.096802 -1.351271 -0.598175 -0.316621 0.865699 0.786149 -0.130373 0.762336 0.189966 -1.117372 0.524439 0.559246 -0.174176 0.238941 -0.373229 0.121865 -0.128800 -0.185580 -0.059602 0.957907 1.734990 -0.029118 -0.001897 -0.469998 -0.009310 0.409495 0.357355 0.156385 0.077838 -0.064965 0.129138 
154.199463 -20.539828 -5.769380 -1.330956 -0.911798 -0.721876 0.748450 -0.873390 -1.344633 -0.072891 0.608098 0.414988 -0.249576 2.678150 3.659947 -1.175608 0.520646 -0.380750 -0.192796 1.057931 0.341481 0.434634 0.026875 -0.315509 0.198674 1.771301 1.821485 0.177705 -0.288167 -1.312260 0.033971 0.218131 0.821866 -0.165494 0.242998 -0.126981 0.235020 
331.108459 -16.708201 1.170581 -1.447429 -0.919385 -2.601868 0.711209 0.764590 0.084786 0.552648 0.919449 0.155130 0.266975 4.304938 3.832937 -0.761963 -0.051895 -2.065275 -0.106233 0.675203 1.270502 -0.209123 0.357196 -0.439543 0.410438 0.503126 -2.165142 0.392993 -0.590897 -0.326088 0.116893 -0.666467 0.221382 -0.605663 0.125934 -0.166532 -0.111580 
362.407898 -11.929953 1.896493 -2.854882 -1.015588 -4.852426 0.535984 0.477017 1.196372 -0.491138 1.322490 -0.464098 0.571300 3.684402 -0.670337 -0.389621 -0.661148 -1.032927 0.040990 -0.275004 0.784245 -0.776692 0.278742 -0.648573 -0.024487 -1.199962 -2.725303 0.113016 -0.360035 1.314786 0.210925 -0.472113 -1.109665 -0.175168 -0.030536 0.101303 -0.366493 
341.947723 -9.339397 -0.170094 -2.226672 -2.241681 -4.667722 0.793189 0.214582 1.653276 -1.000737 1.476933 -1.142016 0.218002 1.905015 -1.617669 -0.535931 -0.771965 0.564297 0.315616 -0.269022 -0.948827 -0.559460 0.296123 -0.236936 -0.322548 -2.692886 0.032933 -0.383591 1.156293 1.352784 0.252784 -0.361991 -1.172315 0.540906 -0.225834 0.239940 -0.126614 
329.909454 -8.119923 -1.338844 -3.926745 -2.559518 -3.723831 1.167216 -0.061028 -0.701282 -1.610058 1.914736 -0.937970 -0.073795 -1.701370 -0.604472 -1.156804 1.651439 1.672641 0.546558 -0.998986 -1.560385 0.305120 -0.172926 -0.168693 -0.277714 -4.540447 1.257505 0.965762 1.302990 0.544919 0.012127 0.022704 0.801977 0.342445 -0.412896 -0.038096 0.118436 
322.889221 -12.742137 -1.379037 -4.540280 1.061197 -1.322439 1.886304 -1.783390 -1.467494 -0.390497 1.131081 -1.479401 -0.337427 -7.175879 0.897340 1.395593 1.834016 1.654135 0.339869 -0.223614 0.655127 0.125430 -0.529669 -0.313129 -0.085676 -1.160803 0.296815 1.728268 -0.078831 -1.087816 -0.113250 0.968012 1.311147 -0.426952 -0.166380 0.381327 0.098295 
305.486115 -22.471681 0.455836 -1.135558 1.108514 -0.415561 1.846954 -0.508255 0.608972 -1.359198 0.855399 -1.564228 -0.245148 -4.022976 -0.010841 2.299732 1.493777 -0.502991 0.320057 0.937037 1.061909 -0.548784 -0.505686 0.593961 -0.081124 3.130258 -1.159599 0.131393 0.420056 -1.423142 -0.286187 0.190446 -0.066450 -0.501395 0.010783 0.518777 0.192276 
308.240967 -20.788088 -1.400719 0.059184 4.048750 -2.328420 2.526419 0.090685 0.656325 -1.488065 0.119708 -0.291478 -0.499675 -0.915364 -1.421859 1.658379 2.674128 -1.192149 -0.232505 0.157277 0.522227 -0.877360 -0.508103 0.724425 0.298875 -0.081639 -0.684113 -0.448603 -0.575464 0.944240 0.482660 -1.264201 -0.720829 -0.001168 0.378329 -0.217245 -0.186067 
318.830383 -24.302408 -2.387882 2.181200 6.456771 -2.799859 1.381944 -0.193701 1.653425 -3.113918 -0.160807 -0.115377 0.352601 -4.186254 -1.379066 1.402525 0.342849 1.385490 1.285378 -1.591365 -0.379749 -0.551119 0.250971 0.159472 -0.453258 3.506875 0.202831 -1.786202 -1.916724 1.111698 0.842997 -0.922671 -0.877794 0.344063 0.703276 -0.671190 -0.138552 
317.593323 -29.160597 -4.158851 2.864235 4.734447 0.442560 5.097175 -3.092046 -0.103172 -2.590303 0.621650 0.027466 -1.406192 6.098387 -1.016196 -1.914024 -1.159319 1.031247 1.453489 -1.688065 -1.233362 -0.189235 0.898449 -0.617956 0.021771 7.051100 1.003217 -2.298735 -0.748061 -1.184235 -1.013565 1.043522 -0.138219 0.215836 0.243564 -0.419036 0.778339 
346.620575 -12.105634 -4.420274 -1.646849 4.138132 -0.737365 4.288923 -3.569831 -0.813298 -3.492388 1.636090 -1.351289 0.396143 9.915946 0.627367 -3.194945 -1.153273 -0.982979 -0.741752 0.495679 -0.656187 -0.119446 0.738098 -0.678599 1.103420 -5.665433 1.065808 0.841298 0.091665 -0.467535 -0.498570 1.502138 0.422538 0.551906 -0.109164 0.424522 0.066863 
356.515198 -9.328704 -2.904116 -3.525655 2.427900 -1.523399 3.613672 -2.100688 -1.415547 -2.829196 2.097847 -1.329731 0.800648 -5.232478 1.115419 -0.231428 -0.975989 0.096177 0.456349 1.316211 -0.388286 0.914578 0.680121 0.231089 0.155496 -6.999450 0.041104 2.169205 -0.419931 0.402661 0.106524 0.090465 0.224125 0.626598 -0.573635 1.009179 -0.686618 
370.043304 -22.570590 -2.189436 -2.109705 2.186153 -0.545010 5.201622 -0.937410 -1.589871 -1.663231 2.996333 -0.889111 0.707136 -4.082953 0.709575 1.143466 -1.993135 -0.177657 -0.528704 0.676608 -0.207937 1.133750 -0.409171 1.339760 -0.269817 6.118345 -0.450280 -0.437296 -0.851720 -1.002747 -0.937564 -0.400932 0.444097 0.001542 -0.657831 0.236657 0.137545 
361.461395 -17.494611 -1.484967 -1.238723 -1.558370 -1.878713 2.556264 -0.747472 -1.831420 -0.561696 1.279504 1.349788 0.261014 7.004212 0.214858 -1.106021 -2.679429 -1.909317 -1.418778 0.514347 0.499907 0.917663 -0.635541 0.704403 0.430587 3.968761 -0.449594 -2.133069 0.601719 -0.138209 -0.129720 -0.056508 0.369320 -0.305473 -0.011037 -1.140467 0.260684 
0.000000 -8.562167 -1.759719 -4.321747 -3.172706 -4.363643 2.364065 0.091285 -0.590057 0.172095 1.725250 0.519694 1.568310 3.854569 -0.189612 -3.122672 -0.789698 -0.454074 -0.788143 0.563592 0.530703 0.522805 -0.431245 -0.941174 0.251552 -4.407244 -0.099079 -0.426223 1.358818 1.455630 0.509569 0.283392 -0.260915 -0.281485 0.232405 -0.504936 -0.286221 
383.631927 -9.785474 -1.864192 -7.484067 -3.137765 -2.786862 0.979977 0.379712 -0.770014 0.483913 0.417014 -0.532561 0.764118 -1.810276 0.016701 -1.958466 0.038206 1.001943 -0.399641 1.081131 -0.021922 0.354693 -0.170731 -0.305469 -0.141855 -1.984713 0.078046 1.810419 0.238601 0.293127 0.389985 -0.210860 -0.278321 -0.079969 0.265038 0.717747 -0.337566 
366.598022 -12.182718 -1.726318 -8.238679 -3.096293 -2.359757 1.564784 2.253547 -0.633901 0.881482 1.383788 -0.091243 1.284601 -0.114857 -0.033521 0.498165 -0.312495 0.132179 -0.008173 0.141871 -0.025938 0.362867 0.098830 0.494320 -0.423580 2.165926 0.137934 1.773099 0.268280 -0.305750 -0.278508 -1.639322 -0.014332 -0.079061 -0.303904 0.026049 -0.453459 
357.969513 -10.015187 -1.931235 -6.487737 -3.762756 -2.522504 0.963631 0.663455 -0.821891 1.209647 0.614674 0.456080 -0.083042 2.521576 0.292569 1.587731 0.574767 0.390443 -0.956657 -2.197512 -0.050586 0.196571 -0.778539 -0.253371 -1.048773 0.411563 0.095970 0.480331 1.555397 0.317728 0.061484 -0.653567 0.170568 -0.803818 -0.481156 -0.514450 0.361188 
355.121552 -7.139567 -1.141179 -5.063218 -1.946759 -1.578872 -0.348529 -2.141477 -0.735073 1.274623 -0.173291 -0.597986 -0.812946 0.708270 0.158419 1.458827 2.798299 0.767634 0.114795 -1.165262 0.315197 -1.244770 -0.863481 -0.534579 0.298795 -2.618876 -0.490986 -0.307856 0.829602 0.226979 0.985533 1.720859 0.713478 -0.471264 0.676321 0.419582 1.117936 
360.323120 -8.598648 -1.614397 -3.570084 1.833842 -0.987236 1.193221 -1.667069 -0.191497 -1.279893 -1.112289 -0.613079 0.514548 -2.716176 -0.689403 0.972018 2.233970 0.844400 1.014410 1.244206 1.376369 -0.745957 0.574102 0.585793 1.187098 -1.969583 -0.061883 -0.564145 -1.250199 0.010062 -0.293099 1.076275 0.373237 0.896050 1.258873 0.755270 -0.079520 
371.592773 -12.571920 -2.519985 -3.119181 2.521181 0.109928 1.680290 0.346934 2.017666 -0.217291 0.974913 0.573601 1.561249 -3.230896 0.034652 0.330536 0.297901 0.787757 -0.471403 0.987288 1.061671 0.547330 1.654264 0.975962 0.139755 1.359132 0.886690 -0.708686 -1.462110 -0.468013 -0.728146 -1.070704 -1.079472 0.566835 0.154000 -0.071783 -0.769448 
381.577850 -15.060441 -1.545093 -2.909012 2.429645 0.588278 0.250415 0.307507 1.931845 -0.185233 2.196240 1.338844 0.794059 0.002087 1.083976 -0.445353 -0.690249 -0.091627 -0.441882 -0.897202 -0.782574 0.387712 0.882102 0.442228 -0.351797 3.257400 0.203431 -0.640035 -0.712659 -0.814695 0.296722 -1.374314 -1.157427 -0.101179 -0.616194 -0.810411 0.129792 
397.336090 -12.567745 -0.352033 -4.009887 1.140683 -0.073325 0.796525 -1.447469 0.452518 0.558133 2.739117 1.458056 0.857655 3.283903 0.441514 -0.949534 -1.127417 -0.841634 0.122041 -1.761341 -1.253184 0.344972 0.421876 -0.644861 0.399339 0.915312 -0.628700 -0.021807 0.036124 -0.312206 0.107771 0.243062 -0.195934 -0.109724 -0.145735 -0.742035 0.331415 
0.000000 -8.492634 -0.662064 -4.808080 0.174812 -1.094990 0.494498 -3.215174 -0.574523 0.504712 3.039992 0.049123 1.592737 1.832712 -0.173425 -0.488967 -0.618001 -0.716038 -0.226341 -0.411078 -1.174442 0.168264 0.590631 -1.041842 0.311033 -1.954759 -0.316602 0.536798 0.481661 0.372104 -0.118112 1.201020 0.333746 -0.015224 0.068063 0.278809 -0.259091 
0.000000 -8.902321 -0.698883 -4.987820 -0.095318 -1.505401 0.343843 -2.269625 -1.896367 0.894661 3.920380 -0.625628 1.479720 -0.625614 -0.191690 0.124063 -0.164094 -0.097425 -0.114183 0.640699 -0.585692 0.314525 0.558002 -0.087242 -0.118843 -1.748569 0.281176 0.643026 0.260493 0.610275 0.340688 -0.026802 1.271260 -0.086033 -0.593378 0.817918 -0.190909 
0.000000 -9.743862 -1.045443 -4.559954 -0.153376 -1.289840 0.266132 -1.933776 -1.745908 1.133761 4.155996 -0.125361 1.355052 -1.664426 0.388927 0.797085 -0.097015 0.504512 0.455035 -0.464682 1.368079 -0.003802 -0.596124 0.593995 -0.070786 -2.226865 0.458381 0.527509 0.649792 0.671351 0.617381 -0.137492 0.934008 -0.087971 -0.418013 0.051119 -0.066343 
0.000000 -12.231172 0.078972 -3.393650 -0.289347 -0.496377 1.253912 -3.198988 0.839791 0.887057 2.728132 0.562362 1.338149 -5.079344 0.725072 1.179080 1.135491 1.245278 1.120580 0.365715 1.282324 0.138584 -0.278024 0.014996 -0.251530 -2.685185 0.585215 0.195495 0.674605 0.426419 0.054133 1.087967 -0.816641 0.199160 0.472648 -0.454405 -0.098304 
0.000000 -19.902549 0.404701 -2.201793 2.117606 1.200715 2.507291 -1.202347 0.818739 1.410929 3.599948 -0.095368 0.851993 -7.034795 1.559357 1.188075 1.252196 1.357349 0.563301 1.711252 -0.265203 0.394518 0.349171 -0.314816 -0.267394 -0.911542 0.222983 -0.075219 -0.519659 -0.314107 -0.935826 0.031174 -0.750847 0.153753 -0.240395 0.021997 0.110360 
0.000000 -26.300761 3.197686 -1.017500 2.215044 2.218321 2.380514 0.223516 0.309384 1.676094 3.426475 -0.067269 0.803362 -6.902427 1.171037 1.028643 0.096173 0.617064 -0.751073 0.428062 -0.219371 0.446090 -0.758814 0.058990 -0.030810 1.936044 -0.685546 0.272906 -0.411824 -0.922986 -0.411467 -1.925560 -0.173672 -0.826152 -1.161371 0.227959 -0.232355 
0.000000 -33.707403 2.746776 -0.144508 2.309952 2.434843 1.005146 -0.346223 0.379998 2.303110 2.082321 0.022612 0.790372 -3.162707 0.188264 1.733886 0.428547 -0.488624 -0.259632 -2.139868 -0.612547 -1.257786 -1.973570 0.141101 -0.732103 7.503063 -0.235658 -0.075822 -0.891105 -1.758020 0.534023 -0.477385 -0.406392 -1.347910 -0.227782 -0.630729 -0.166113 
361.083252 -32.626175 3.574214 2.450273 3.072138 1.241074 1.861250 -4.056219 -0.915709 -0.839478 -0.520664 0.214934 -0.660844 8.103699 0.699722 0.876998 -1.686037 -2.898977 0.316973 -0.526708 -1.032155 -2.249730 -1.214378 -1.202468 -0.363036 6.232456 -0.140367 -1.013880 -1.433474 -1.679703 -0.230255 2.605431 0.069718 0.404559 1.403342 -0.695812 0.772648 
313.373901 -17.500004 4.146219 1.609488 -1.062123 -3.363111 1.639093 -1.399639 -1.684311 -2.196350 -0.346434 -2.382324 0.064300 9.302206 -0.092469 -0.293874 -2.438401 -3.848029 -0.720143 3.070994 -0.473110 -0.448668 0.833115 -1.250523 0.813193 -3.769210 -0.418384 -0.279112 0.500145 0.239597 -0.754771 1.030127 0.846165 1.249181 0.743112 0.778242 0.535564 
286.296783 -14.021764 3.389276 1.862526 -1.804663 -6.454984 0.420965 2.085768 -1.861930 -1.736814 1.145565 -2.286113 0.965541 0.565280 -0.137045 0.318773 -0.685746 -2.419782 -1.192569 1.533547 0.660176 0.248632 0.271846 0.354016 0.708093 -5.390869 0.116778 0.541495 1.322140 1.229465 0.112266 -1.862744 0.718640 -0.105600 -0.126813 0.534931 -0.133935 
275.937469 -16.369444 3.872128 2.247034 -2.433616 -8.202676 -0.746045 1.667454 -0.363958 -1.699086 0.197257 -1.674292 1.480486 -1.479531 0.141087 0.789116 0.205880 -1.389098 -0.495610 -0.654495 0.964170 -0.659869 0.579488 -0.180662 0.545323 -0.591730 -0.171803 0.427934 0.582928 0.698889 0.545387 -0.991496 -0.245141 -0.400318 0.339550 -0.275462 -0.292014 
275.079987 -16.980826 3.671450 3.440758 -1.392903 -9.233180 -0.570255 0.776779 0.066410 -3.056551 2.304541 -2.647438 2.056187 -0.618179 -0.480651 1.174641 0.480109 -1.022004 -0.101795 -0.449446 0.169894 -0.552004 0.950946 -0.196908 0.124064 0.872136 -0.616419 -0.130695 -0.153399 0.357243 0.160605 -0.020656 -0.387543 0.413219 -0.307239 0.290799 -0.550077 
276.067780 -17.605802 2.910826 4.596317 -1.473398 -10.246684 -0.949635 0.768561 -0.024171 -2.803095 2.099150 -2.068108 1.728614 0.264740 -1.091751 0.527726 -0.100918 -0.674611 -0.174400 -0.695807 0.189083 0.166570 -0.034991 0.400936 -0.554831 0.907951 -0.370835 -1.104396 -0.420667 0.420778 0.209365 -0.156880 0.267350 0.270162 -0.536218 -0.282890 -0.390004 
284.356262 -16.451346 1.487948 4.496209 -1.594740 -10.582403 -0.919055 -0.614835 0.444577 -2.723412 2.234560 -1.845565 0.946525 1.197723 -1.222321 -1.034152 -0.361225 -0.180448 0.316936 -0.763207 0.704594 -0.011680 -0.121489 -0.762688 -0.655943 0.289163 0.465547 -0.827369 -0.212775 0.460866 0.430925 0.195824 0.308271 0.037346 -0.169766 -0.517582 0.189426 
296.517273 -15.210357 0.466184 2.528013 -2.195848 -10.607581 -0.315763 -0.757853 1.385017 -2.826454 1.856172 -3.593484 0.416727 0.843066 -0.160657 -1.127012 -0.526468 0.247121 0.687451 -0.304159 0.805625 0.241261 -0.374522 -0.634228 -0.175979 -0.469077 0.633587 0.511698 0.334296 0.205160 -0.101915 0.153079 -0.109805 0.063637 -0.116266 0.642652 0.306464 
308.906006 -14.765214 1.166634 2.242185 -2.647677 -10.088161 0.455846 -1.223152 2.055827 -2.240889 1.485515 -3.114021 0.594567 0.259568 0.044853 -0.010755 0.307367 0.229871 0.113105 -0.457048 0.484984 0.115595 -0.354021 0.522616 -0.043015 -0.371470 0.088703 0.640936 0.383356 -0.065234 -0.357897 -0.168966 -0.507267 -0.240652 0.226288 0.666011 0.104503 
316.366486 -14.691221 0.555891 2.506503 -1.581114 -10.147838 -0.089552 -1.671949 2.354986 -2.595264 1.148130 -2.548252 0.330697 0.100125 0.016749 0.154860 0.240243 0.116654 -0.028342 -0.642090 -0.208909 -0.240042 0.078055 0.697795 0.033027 -0.494651 0.304194 -0.077302 -0.631713 -0.237915 0.269011 0.309813 -0.703810 -0.085467 0.266271 -0.107190 -0.114732 
318.288879 -14.564963 1.200131 2.551905 -2.167190 -9.854854 0.399161 -2.507333 1.638009 -2.720973 1.641624 -1.718431 0.660620 -0.729734 0.653242 -0.165359 -0.956060 -0.245959 0.651126 0.162579 -0.922636 -0.055339 0.178521 0.308237 -0.272480 -0.455457 0.055766 -0.272690 -0.270192 -0.208338 0.198403 0.801279 0.048519 0.150592 -0.059976 -0.389300 0.038672 
309.444977 -16.150689 1.862374 2.175785 -3.493234 -10.639757 1.212701 -1.346792 0.509713 -2.705942 1.505171 -1.931778 -0.214263 -0.810789 0.128280 -0.390521 -0.300141 -0.300022 0.368463 0.960468 -0.111870 0.061142 -0.041898 -0.080805 0.110370 0.312332 -0.384302 -0.026908 0.570021 0.063310 -0.219716 0.277810 0.675145 0.061281 0.149130 -0.099329 0.609078 
295.673584 -16.186542 1.456692 1.770862 -2.767473 -10.454897 1.136087 -0.586397 1.414268 -2.598689 1.557829 -1.880041 0.881361 -0.105070 -0.115363 -0.219176 0.183983 -0.119338 0.211695 0.718198 0.427655 0.067224 0.476781 0.109579 0.945676 -0.535760 0.841782 0.510766 0.053117 0.350540 0.054012 -0.261013 0.094298 0.181797 -0.081307 0.190044 -0.140501 
276.853180 -16.360829 1.631648 1.737433 -3.125269 -10.878433 1.636090 0.089603 1.365023 -2.571494 2.458733 -1.712620 1.677089 -1.882309 1.811845 0.631011 -0.193908 0.401057 0.476487 0.438442 0.076726 0.424735 -0.204511 0.299283 -0.170632 -2.792111 1.689640 0.989300 -0.125264 0.589222 -0.027014 -0.333886 -0.168611 0.185686 -0.682782 0.123408 -0.786270 
256.498810 -19.951159 5.080382 3.032884 -3.155288 -9.652782 2.089062 0.290486 1.567721 -1.749218 1.148807 -1.281474 0.540097 -5.689292 3.263917 1.759423 -0.066545 1.059107 0.157667 0.050425 0.090432 0.438597 -0.888783 0.356394 -0.626863 -3.563187 0.768038 0.086776 -0.160957 0.507481 -0.818491 -0.291563 -0.278497 0.170732 -0.504510 -0.029108 -0.118327 
233.775955 -27.739414 8.159482 5.256279 -3.258359 -8.760220 1.951423 0.190453 1.545887 -1.694301 0.681167 -0.999832 0.423363 -9.008682 3.347921 0.804562 -0.515821 1.416019 -1.160494 -0.144685 -0.480268 0.766199 -1.213531 0.241067 -0.407285 -2.005256 -0.858619 -1.612739 -0.390669 0.408102 -1.146228 -0.018880 -0.276326 0.045187 -0.177789 -0.259624 -0.027745 
219.597092 -37.968523 11.776223 4.642009 -4.186930 -6.820744 -0.231926 0.001117 0.607185 -0.216821 -1.278255 -0.799340 -0.274473 -9.699805 1.546678 -1.466054 -0.847884 1.875311 -2.134789 0.012665 -0.462220 0.528971 -1.244361 -0.162854 -0.682354 0.113738 -3.556463 -0.957386 0.222534 -0.203526 0.204483 0.260777 0.525442 -0.233912 0.843735 -0.092140 0.174741 
209.799454 -47.139025 11.252838 2.324171 -4.954126 -5.009598 -2.318155 0.215784 0.621448 -0.636359 -1.807554 -1.325540 -0.941344 -8.781207 -3.765005 -1.110209 -0.070753 1.008967 -0.751529 0.376870 0.570616 0.298375 0.473940 0.056787 -0.057804 0.550066 -4.408270 0.237080 1.026778 -0.272207 1.455777 0.239839 0.454312 0.110927 1.204381 0.444942 0.483568 
260.457245 -55.530938 4.246213 2.421591 -4.328437 -4.802810 -1.734984 0.754857 1.748418 0.379929 -0.330376 -0.685766 -0.390081 -8.599673 -7.269862 -0.991895 1.205672 1.330896 0.776764 0.492343 0.446404 0.750826 1.164402 0.727030 0.284782 12.023602 0.368373 0.064183 0.851060 -0.643243 1.487541 0.001667 -0.784044 -0.655192 -0.115022 0.384336 0.123793 
255.340988 -64.338371 -3.286887 0.340381 -2.542783 -2.347807 -0.764626 1.200470 1.514256 0.865292 0.521249 0.128521 -0.371780 15.265997 -3.028259 -0.981844 1.631366 -0.277520 2.223554 0.380204 -0.997472 -1.012008 0.243895 0.825459 0.189781 17.630478 4.855779 -0.128279 -0.118118 -1.339239 0.133932 -0.766355 -0.624896 -1.142847 -0.750304 -0.145089 -0.116966 
0.000000 -24.998943 -1.810305 0.457904 -1.065704 -5.357850 2.712123 1.515265 -0.246526 -1.644088 0.157413 0.965152 -0.010519 26.661283 2.441695 -1.248452 0.969435 -1.347582 1.044629 -1.040368 -0.803387 -1.534869 -0.336206 0.436852 0.050851 -4.461935 3.045345 -0.909375 -1.311931 0.538663 -2.011081 -0.570304 0.801682 0.655917 -0.209434 -0.218353 -0.463942 
376.342773 -11.015805 1.596504 -2.156523 -0.603913 -5.042970 1.324633 -0.880265 -0.092519 -2.204446 -0.151163 1.002226 -0.270078 6.342127 3.062431 -2.800593 -0.992496 0.799805 -1.798609 -0.760403 0.605892 0.299825 -0.174974 0.388754 -0.738103 -13.822944 -0.646813 -0.067434 -1.434214 1.188229 -0.661817 1.164799 0.083773 1.154687 0.322081 -0.469875 0.026813 
377.059662 -12.314689 4.314558 -5.143283 -3.050696 -3.758240 -0.885095 -0.005542 0.965257 -1.044437 -0.192535 1.742660 -1.486725 -0.984606 1.148069 -1.383320 -1.898992 1.028877 -0.279006 1.289230 -0.635842 0.774506 0.307956 -0.502898 0.104478 -3.307983 -2.031806 1.277873 0.035428 -0.122621 1.272818 1.035832 -1.031976 0.090989 0.252039 -0.902613 0.891106 
369.381317 -12.985017 3.892642 -4.923163 -4.401897 -2.985217 0.766622 1.698194 -1.364204 -0.655434 0.464749 -0.003571 -0.061122 -0.273839 -1.001180 -0.244847 -0.921641 0.554562 0.747027 1.311260 -1.458060 0.481804 0.329103 -1.416472 1.044110 0.689244 -1.110967 0.494163 0.796849 -0.451150 0.339826 -0.618864 -0.047478 0.038468 -0.197317 -0.097114 0.110019 
360.998352 -12.862368 2.312198 -5.632976 -4.893979 -2.649115 0.608959 2.616978 -1.950863 -0.080829 0.465671 -1.090284 0.601495 0.393883 -1.073865 -0.394995 -0.305294 0.126577 0.400647 0.051501 -0.730798 0.851442 -0.086679 -0.697126 0.324516 0.442302 0.356364 -0.182118 0.758424 -0.375517 -0.194509 -0.929200 0.724796 0.016685 -0.288377 1.063758 -0.653131 
351.990479 -12.197252 1.744912 -5.713152 -5.012486 -2.732062 1.567916 1.801195 -2.825800 1.047449 0.291391 -1.397823 0.587910 0.610766 -0.288452 -0.609084 0.595207 -0.196471 0.358010 -0.547139 -0.008467 0.515174 -0.247651 0.711044 -0.262153 0.136473 0.856833 0.373654 0.877465 -0.016779 -0.583134 -0.427150 0.676141 -0.807634 0.128795 0.736141 -0.549423 
355.492401 -11.640837 1.735295 -6.851144 -3.703566 -3.042057 1.324980 1.522700 -1.967798 0.949518 -0.029632 0.331804 0.077189 0.666828 0.639800 0.352314 1.449636 0.093019 -0.765621 -0.802800 0.621484 -0.763827 0.170911 0.775156 -0.774331 -1.942419 0.685125 1.470718 0.395620 0.472516 -0.209197 0.498479 0.107440 -0.442914 0.205822 -0.395476 0.072587 
358.785278 -10.863596 3.024513 -5.008525 -2.113214 -2.546024 0.036674 0.195595 -1.582832 -0.480205 0.633213 0.152489 -0.960751 -3.274073 1.081798 2.332351 1.386447 0.748562 -0.060384 0.449818 0.206413 -0.370654 0.163993 -0.079908 -0.116978 -3.476506 0.144122 0.857152 -0.320633 0.318152 0.552796 0.810607 -0.018302 0.635548 -0.227506 -0.161902 0.571954 
359.886230 -18.188982 3.898891 -2.186441 -0.930671 -1.544934 1.204212 2.422336 -1.554972 0.208209 0.298355 0.171988 -0.156767 -6.286185 0.928045 2.066618 0.808371 0.729323 0.339971 0.818414 0.584880 0.507268 -0.284102 0.451353 0.369577 0.325291 -0.295471 -0.838388 -0.584674 -0.259892 -0.091707 -0.372388 0.182268 0.266858 -0.140333 0.260756 0.042282 
354.101685 -23.435965 4.880602 -0.875288 -0.496472 -1.087378 0.716616 1.832422 -0.413072 0.534332 0.065009 1.055195 -0.221598 -2.623491 0.490856 0.655576 0.217099 0.228778 -0.243798 -0.294957 0.570950 0.163061 -0.116673 0.441603 -0.032415 1.831347 -0.218595 -0.705521 -0.295636 -0.250273 -0.291884 -0.556685 -0.006965 -0.172103 0.083714 -0.004875 -0.200996 
