306.407532 -18.622582 4.847747 -1.193039 2.665154 -1.507653 -0.066223 -0.735786 -1.580858 -0.824683 -0.494089 -0.309182 -0.476387 -4.348215 1.192919 -0.989522 -0.134001 2.384608 1.078103 0.067828 -0.828034 -0.397018 1.013941 -0.025226 -0.925743 -0.083445 0.393784 0.178964 -0.385213 0.100973 0.131012 -0.035763 -0.008342 -0.044872 -0.012071 0.219622 -0.119085 
298.747864 -27.319011 7.233585 -3.172083 2.397151 3.261562 2.089984 -0.600129 -3.236925 -1.618718 1.533794 -0.359635 -2.327872 -4.515104 1.980488 -0.631593 -0.904427 2.586553 1.340127 -0.003698 -0.844717 -0.486761 0.989799 0.414018 -1.163913 3.760946 -0.738442 0.997582 -0.158218 -2.441080 -0.541536 0.395021 0.182584 0.431699 -0.428447 0.048894 0.704809 
301.600067 -27.652789 8.808723 -2.456226 0.856299 3.665453 2.614031 -0.743182 -3.270292 -1.798205 1.485510 0.518855 -2.804214 3.173677 -0.283964 1.005642 -0.450438 -2.497552 -0.004969 0.857871 -0.462865 0.466380 0.157048 0.072561 0.483876 5.271024 -2.153711 0.754899 0.802394 -3.237241 -1.157543 0.377912 0.044161 0.606064 -0.186749 -0.702206 1.093332 
304.175720 -20.971656 6.665657 -1.160799 1.496276 -1.733542 2.080047 1.115612 -4.162656 -0.685957 1.847890 -0.214512 -1.360120 6.026945 -2.326935 0.878205 0.700361 -3.887929 -0.974958 0.752127 -0.756396 0.725368 0.616301 -0.990394 1.022750 -0.525007 -0.681147 0.038293 0.341917 0.738085 -0.453422 -0.604048 0.621538 -0.349804 -0.158961 -0.260775 0.231672 
310.451813 -15.598899 4.154853 -0.699815 2.257022 -4.110404 0.664115 0.761073 -4.783084 -0.347469 2.718113 -1.461934 -0.758713 2.123664 -1.646258 1.082228 0.233395 -1.021381 -0.911813 -0.350225 0.780211 -0.233227 -0.160874 -0.448989 0.947219 -3.259987 1.073112 -0.067360 -0.415470 1.992144 0.451118 -0.403511 1.035068 -0.620896 -0.617425 0.552833 -0.098000 
316.903992 -16.724329 3.373141 1.003658 1.963066 -3.776304 0.256420 0.415161 -2.602234 -1.152411 1.526143 -1.112489 0.534318 -0.493029 -0.180710 0.743485 -0.130579 0.096360 -0.072722 -0.054896 1.313740 -0.516424 -0.618549 0.115271 0.826751 -1.411580 0.995454 -0.540794 -0.214460 0.454537 0.692007 0.257438 -0.358435 -0.121656 0.090018 0.191486 -0.450870 
105.464081 -16.584957 3.793432 0.787154 1.995865 -3.917685 0.518671 0.651282 -2.155603 -1.380317 1.481014 -1.231392 0.894789 -0.699497 0.344650 0.000641 -0.195525 -0.112308 0.472200 0.164650 0.063340 -0.476539 0.019161 -0.066016 0.045479 -0.347778 0.190269 -0.222947 0.124713 -0.213224 0.055979 0.151435 -0.505701 0.092371 0.106818 0.098766 -0.380648 
318.795258 -18.123323 4.062441 1.004939 1.572016 -4.000919 1.200821 0.744460 -2.475553 -2.105490 1.564466 -1.244522 0.625275 -1.188584 0.199829 0.297591 0.118848 -0.330088 0.039235 0.247974 0.302339 -0.331681 -0.404914 0.312804 0.065454 0.276075 0.058337 -0.209218 0.195753 0.106121 -0.417939 -0.061125 0.293694 0.524524 0.010020 0.157528 -0.038603 
312.857697 -18.962125 4.193090 1.382335 2.233562 -4.577861 0.597141 1.147230 -1.550925 -2.043680 0.671187 -0.605785 1.025697 -0.147346 0.461324 -0.417795 0.195980 0.099934 -0.363677 0.042400 0.650728 0.572509 0.039202 0.249039 -0.031727 0.077487 -0.349136 -0.460088 -0.358714 0.651367 0.267111 -0.236802 -0.068203 0.447607 0.381282 -0.227438 -0.241980 
153.843445 -18.418015 4.985090 0.169349 1.963976 -3.801052 0.473467 0.829261 -1.174098 -0.960471 1.642870 -0.746444 0.561822 -1.033610 -0.498443 -0.622585 -0.598580 0.972645 0.573458 -0.225630 0.165932 0.563533 0.357650 -0.142072 -0.418506 -3.931953 -1.285890 0.421914 -0.724164 0.400571 0.721535 0.064718 -0.224336 -0.089666 0.091553 -0.222519 -0.111864 
154.933029 -21.029346 3.196203 0.137166 1.036403 -2.632571 1.744057 0.695970 -1.219061 -0.916613 1.386486 -0.889929 0.188685 -8.011251 -2.110455 0.426034 -1.252348 0.901076 1.079393 0.171837 0.202055 0.393178 0.222307 -0.195998 -0.255455 -4.248211 -2.474775 -0.705434 -0.669757 -1.261957 -0.120064 0.525181 0.172764 -0.042682 -0.399522 0.362097 0.609117 
304.757874 -34.440517 0.764180 1.021416 -0.540720 -1.998899 2.632253 1.172936 -0.769988 -0.174115 2.087484 -1.138440 0.050912 -9.530033 -5.447994 -2.033453 -1.938094 -1.551270 0.333330 0.824733 0.511460 0.478170 -0.441394 0.582122 0.799727 5.114156 -1.687376 -1.296294 0.054356 -1.249794 -0.108846 0.391966 -0.115497 -0.201672 -0.273370 0.292098 0.547739 
363.465240 -40.089411 -7.699785 -3.929739 -2.839786 -5.735110 2.410716 2.345435 -0.196142 0.039727 0.503698 0.274314 1.788139 2.217060 -5.485208 -2.166554 -1.143637 -1.598512 0.861701 0.955770 -0.028939 -0.010166 -0.324432 0.388199 0.840024 8.525275 2.566619 1.603395 1.429649 1.293170 -0.057910 -0.122454 -0.130110 -0.076325 0.307547 -0.322946 -0.340597 
0.000000 -30.006396 -10.206236 -3.311692 -2.827993 -5.195923 4.355655 3.084476 -0.827867 -0.194447 1.438620 -0.362042 1.730960 7.520516 -0.314755 1.173337 0.921204 1.035070 0.217511 0.579825 0.251240 0.325520 0.173699 -0.063771 0.118534 -0.616196 2.694020 1.421675 1.067865 1.272995 -0.751205 -0.484442 0.138372 0.217496 0.153248 -0.004821 -0.494560 
0.000000 -25.048378 -8.329295 -1.583065 -0.997379 -3.664970 2.845738 3.505085 0.306337 0.690768 0.851097 0.146773 2.025207 0.984668 -0.097167 0.676797 0.992093 0.947479 -0.640710 -0.013115 0.247805 0.424827 -0.017937 0.378557 -0.149097 -6.162324 -1.319546 -1.218711 -0.673121 -0.901052 -0.454232 -0.436830 -0.352889 -0.335433 -0.106706 -0.050978 -0.405314 
0.000000 -28.037060 -10.400571 -1.958097 -0.843806 -3.300965 3.074236 3.058246 -0.332258 0.655207 1.402747 0.395072 1.432766 -4.804131 -2.953847 -1.264084 -0.425039 -0.767034 -0.690953 -0.293835 -0.454538 -0.345346 -0.039712 -0.165727 -0.692094 -3.227837 -0.923977 -1.330767 -0.828180 -0.721624 0.219919 0.125637 -0.230023 -0.412662 -0.362051 -0.570128 -0.296582 
0.000000 -34.656640 -14.236989 -4.111233 -1.847456 -5.199037 1.463831 2.917416 -0.602740 0.000076 0.771672 -0.184680 0.641019 -5.471006 -1.945121 -1.984736 -0.664267 -0.495769 -0.200871 0.238159 -0.212241 -0.400498 -0.742039 -0.761698 -0.742260 0.730043 2.678700 -0.011253 -0.271461 0.139087 1.102866 0.326850 0.311800 0.136204 -0.006247 -0.062876 0.250515 
0.000000 -38.979072 -14.290812 -5.927570 -2.172341 -4.292503 2.672493 3.534565 -0.756741 -0.145789 -0.081330 -1.128325 -0.051754 -3.344046 2.403553 -1.286591 -0.967960 -0.488860 1.514779 0.359865 0.169062 -0.072937 -0.052206 -0.291479 -0.191064 0.160651 2.683515 0.623604 -0.251289 -0.645024 0.811867 0.253532 0.291691 -0.045759 0.362990 0.477567 0.598529 
0.000000 -41.344731 -9.429883 -6.684414 -3.783377 -6.176757 4.493389 3.637147 -0.264616 -0.145797 0.667261 -0.767637 0.258891 -5.149704 3.421909 -0.737529 -1.166845 -1.785817 1.422862 0.745223 0.371140 -0.492015 -0.016058 0.193435 0.454798 -1.010185 2.193281 3.941270 1.604235 2.219247 -1.758464 0.089068 -0.111246 -0.221681 -0.712671 0.484942 -0.070813 
0.000000 -49.278479 -7.446994 -7.402627 -4.506032 -7.864137 5.518218 5.025010 -0.014461 -1.129820 -0.113447 -0.741456 0.857842 -5.364416 6.790115 6.595949 2.240511 3.949634 -2.002149 0.538001 -0.053430 -0.516298 -1.477548 0.678405 -0.332691 7.257513 1.988068 3.654587 1.384064 2.955395 -1.996146 -1.170043 -0.095138 0.278387 -0.122908 0.172364 -0.406354 
0.000000 -52.073562 4.150346 6.507483 0.697644 1.722510 0.489090 4.713150 -0.371476 -1.178394 -2.287835 0.589172 -0.406491 9.365323 7.398046 6.571646 1.601283 4.124974 -2.569430 -1.594863 0.180864 0.064758 -0.261874 0.538162 -0.357909 9.824410 -2.667726 -4.111825 -1.060870 -2.565271 0.938718 -1.231338 0.442854 0.445223 0.855315 -0.301029 0.428683 
315.987183 -30.547833 7.349097 5.740666 -1.303465 0.385812 0.379359 1.835285 0.347266 -1.000304 -0.637195 0.334868 0.142024 14.284403 1.454664 -1.627701 0.118770 -1.180909 -0.124713 -1.924675 0.832277 0.374147 0.233082 0.076346 0.524675 -2.772239 -3.535836 -3.815523 0.060732 -2.120860 1.299173 0.299281 0.010960 0.218343 -0.197043 -0.302276 0.281876 
260.141144 -23.504755 7.059673 3.252082 0.935185 -0.639307 0.239664 0.863800 1.293078 -0.430099 -1.821671 0.741864 0.642859 3.820844 0.326373 -1.059400 1.722747 -0.116746 0.028917 -0.996301 0.202784 0.501444 -0.655961 -0.066390 0.205844 -6.507700 -0.748760 0.783068 0.331170 0.907965 0.091126 0.835600 -0.337408 0.081388 -0.003376 -0.447603 -0.606747 
261.101562 -22.906146 8.001843 3.621866 2.142029 0.152320 0.437192 -0.157318 0.752833 0.002583 -1.949116 0.202089 0.553711 1.269004 -0.042857 -0.061565 0.781110 0.635022 0.057538 -0.253475 0.157460 0.536923 0.226331 -0.818861 -0.688819 -1.232396 -0.056974 0.331404 -0.969700 -0.252586 -0.337191 0.758201 0.192224 0.056147 0.707042 -0.294774 -0.505755 
268.542114 -20.966747 6.973959 3.128951 2.497404 0.630738 0.354741 0.356850 1.607998 0.643747 -1.369009 -0.895858 -0.734779 1.356052 0.212425 -0.396592 -0.216654 -0.621919 -0.645466 0.520101 0.587232 0.613737 0.758124 -0.655937 -0.805666 -0.216679 0.340380 -0.218145 -0.692544 -1.126194 -0.183783 0.395795 -0.223119 -0.259266 0.066198 0.477959 0.454540 
271.426483 -20.194042 8.426694 2.828683 1.708722 -1.091518 -0.853739 0.882885 1.927298 1.230057 -0.432868 -1.109786 -1.057621 0.835645 0.637904 -0.497856 -0.603978 -1.617366 -0.310028 0.538115 -0.288778 0.018391 0.358726 0.137057 0.220261 0.463074 -0.657307 -0.104009 -0.064285 -0.166121 0.536016 -0.035768 -0.586814 -0.727893 -0.460026 0.516066 0.705637 
269.969269 -19.295456 8.249767 2.133239 1.289448 -2.603994 -0.265315 1.433080 1.030443 0.680530 -0.651557 -0.621744 -0.294257 2.282201 -1.102190 -0.604611 -0.345223 -0.954161 0.426567 0.448565 -0.586396 -0.842049 -0.161929 0.376194 0.605608 0.769923 -0.943719 0.207762 0.089129 0.600204 0.405867 -0.297113 -0.065053 -0.187174 -0.218935 -0.060320 0.056758 
265.510406 -15.629641 6.222314 1.619461 1.018276 -2.999839 -0.000606 1.780014 0.754506 -0.454042 -0.756726 -0.357398 0.153596 2.375492 -1.249535 -0.082333 -0.425719 -0.416959 0.501707 -0.056111 -0.418883 -0.355957 -0.079143 0.016416 0.333778 -1.037636 0.321991 0.422626 0.077382 0.528269 -0.086132 -0.505452 0.075416 0.236823 0.117547 -0.026938 -0.220180 
260.772095 -14.544472 5.750697 1.968574 0.438011 -3.437911 0.738099 1.320858 0.192677 -0.031385 -0.809843 -0.588912 0.373298 0.206929 -0.458209 0.240641 -0.190460 0.102378 0.254302 -0.562340 -0.435563 -0.368403 0.073164 0.322317 0.165248 -1.665517 0.780719 -0.109287 0.347724 0.319651 -0.229120 -0.180389 -0.004367 0.015145 -0.109154 0.303559 0.033400 
257.765594 -15.215783 5.305897 2.100743 0.637357 -2.795083 0.507998 0.655333 -0.116621 -1.190847 -0.610397 0.287237 0.484092 -0.955541 0.311902 -0.300907 0.269730 0.222344 0.043466 -0.416890 -0.427616 -0.325668 -0.297451 0.623535 0.400578 -1.011717 0.439020 -0.427842 0.299318 0.101079 -0.002721 0.471060 0.163523 0.241012 -0.090783 0.047782 -0.050473 
254.754562 -16.455555 6.374501 1.366760 0.977470 -2.993223 0.825031 0.487078 -0.662556 -0.682720 -1.404746 0.658158 1.174455 -1.816506 0.419831 -0.615044 0.408176 0.304535 0.248860 0.379781 -0.108518 0.113620 -0.108402 0.417881 0.064302 -1.725970 -0.726631 -0.464609 0.367878 0.884605 -0.201821 0.592587 0.494050 -0.254543 0.505729 -0.238093 -0.665018 
251.898178 -18.848794 6.145560 0.870655 1.453709 -2.186012 1.005717 1.414895 -0.333656 -0.963606 -0.827202 1.122999 0.612696 -4.407481 -1.141360 -1.230125 1.005485 1.991554 -0.360177 0.768284 0.560484 -0.834754 0.714006 0.147348 -0.929457 -0.599972 -0.557244 -0.315400 0.139217 0.679630 0.073227 -0.083169 0.222350 -0.540700 0.237425 -0.137340 -0.481977 
250.015091 -25.270517 4.091781 -1.093489 2.988440 0.989885 0.104677 2.023646 0.458412 -2.352229 0.023266 0.952854 -0.684460 -3.016450 -0.694657 -1.245845 0.686610 1.663794 0.395314 0.213443 0.336182 -0.967780 0.366447 0.143202 -0.899652 2.015423 1.349391 0.455337 -0.560356 -1.246172 0.781984 -0.446461 -0.531548 0.243533 -0.292869 0.060783 0.230455 
253.080978 -24.881695 4.756245 -1.621034 2.826930 1.141576 1.796346 1.841780 0.338709 -2.899167 -0.094307 1.409403 -1.186608 -0.376635 1.557422 -0.319451 -0.115226 -0.500790 1.203791 -0.124638 -0.502612 -0.347689 0.128268 0.268914 -0.468548 2.647339 0.821402 0.384559 -0.446950 -1.647353 -0.015020 -0.297222 -0.574358 0.799381 -0.479800 0.096629 0.334661 
256.889771 -26.023788 7.206625 -1.732392 2.757988 -0.011695 2.512260 1.774370 -0.546813 -3.047606 0.279801 1.490683 -1.621557 2.278227 0.948147 -0.476726 -0.207290 -1.630912 0.365275 -0.381002 -0.812534 0.630982 -0.593153 0.336461 -0.230330 2.618866 -0.939347 -0.074901 -0.023631 -0.200439 -0.427512 -0.326030 0.004190 0.451270 -0.086217 -0.231273 0.103113 
262.801270 -20.325240 6.652540 -2.574486 2.412349 -2.120249 2.526895 1.079776 -1.286359 -1.637204 -1.280612 2.082325 -1.647268 4.861098 -0.321272 -0.469254 -0.162487 -0.901669 0.348768 -0.776698 -0.494232 0.554852 -0.044166 -0.193631 -0.262322 -3.418568 -0.829042 0.371289 0.291479 1.351937 0.040837 -0.114951 0.978462 -0.516905 0.341970 -0.559236 0.297413 
288.894226 -16.301592 6.564081 -2.670900 2.433014 -1.815033 3.209795 0.220975 -1.535276 -1.937903 0.191470 1.103420 -2.146201 -4.558909 -0.709936 0.265853 0.375667 1.072961 0.446948 -0.610905 1.144390 -0.402828 0.090786 -0.782011 0.364496 -9.529188 -0.936472 -0.677300 0.317817 1.527589 -0.956165 0.761138 1.389170 -0.166577 -0.195900 -0.017274 0.260974 
113.157753 -29.443058 5.232668 -2.042781 3.163683 0.025673 3.420792 -0.142035 1.002420 -2.442860 -1.099039 0.518304 -0.918277 -14.197279 -2.194216 -1.823854 0.473147 2.153509 -1.563562 0.745579 2.284109 0.221699 -0.435965 -0.228179 0.259627 -0.862379 -1.494218 -0.761075 -0.998727 -1.068981 -0.972697 -0.151374 0.143354 0.454125 0.071230 0.502255 -0.221972 
146.730576 -44.696150 2.175649 -6.318607 3.379308 2.491985 0.082671 1.712133 3.032943 -1.494506 -0.680459 0.647062 -1.626948 -6.283666 -3.698372 -1.256297 -1.621788 -1.065001 -1.498446 -0.913654 1.431098 0.505423 0.233246 0.222499 -0.079449 14.136948 0.889697 2.555541 -1.954360 -3.022859 1.387738 -1.088176 -1.051196 0.136406 0.181497 0.116519 0.150484 
0.000000 -42.010391 -2.164076 -4.555375 -0.079893 -2.104328 0.423901 -1.969342 3.864616 -1.432013 -0.632547 0.963301 -1.077175 14.076616 -0.414821 3.287229 -3.435574 -3.892208 1.211913 -1.430773 0.181718 0.494510 -0.072970 0.004859 0.560594 10.646260 3.359263 2.193024 0.547269 -0.147029 0.881016 0.963340 -1.617724 -0.065407 -0.519817 -0.526793 0.240379 
0.000000 -16.542918 1.346007 0.255850 -3.491840 -5.292432 2.506498 -1.149413 3.396378 -0.505487 -0.826398 0.656780 -0.505759 15.008853 3.020154 3.129751 -0.527251 -1.359058 0.263587 1.013026 -1.804350 0.374608 -0.806388 -0.831088 0.401309 -5.553495 0.542885 -1.989097 2.010825 1.869943 -1.201324 1.240873 -1.002174 -0.241975 0.094810 0.003088 -0.126646 
0.000000 -11.992684 3.876231 1.704127 -1.134394 -4.822444 0.951075 0.056710 0.255916 -0.682796 -2.245324 -0.698875 -0.274557 2.969626 0.670950 -0.690965 0.586077 -0.152322 -1.190734 1.050973 -1.822631 0.010560 0.116651 0.011035 0.307302 -6.924109 -2.132101 -2.954494 -0.428064 0.700019 -0.321859 -0.228540 0.835093 -0.152291 0.980540 1.133223 -0.050754 
334.711212 -10.603665 2.687907 -1.126081 -2.319686 -5.597076 0.125029 0.952532 -0.248884 -0.484366 -0.593096 0.678849 0.108846 1.160635 -1.244048 -2.779236 -1.383379 0.040980 -0.380132 0.555947 -0.134165 0.070026 1.154692 1.435357 0.299802 -1.564858 -0.060906 -0.727898 -0.604351 0.393386 0.773654 -0.807629 0.441622 -0.011049 0.141567 0.109182 -0.361856 
328.142212 -9.671414 1.388136 -3.854344 -3.901152 -4.740484 0.190811 1.168604 -0.012414 -0.542744 0.064059 2.171840 0.325047 -0.160090 0.549138 -2.146761 -0.622624 0.634449 0.356573 -0.564286 -0.939386 -0.011538 0.399785 0.229398 -0.416410 -0.762514 1.168630 1.218424 0.694671 0.400449 0.176515 -0.738589 -0.672610 -0.052173 -0.394365 -1.126769 -0.610222 
320.245270 -10.923844 3.786182 -5.419603 -3.564935 -4.328178 0.838176 -0.176040 -2.127655 -0.507442 0.206474 1.137646 -0.723974 -0.364393 1.093213 -0.342389 0.005964 0.841879 -0.027101 -0.921231 -1.479385 -0.034320 0.365962 -0.818181 -0.920642 -0.500875 0.148202 1.577518 1.620259 -0.395789 -0.302514 0.010453 0.625625 -0.188793 0.055624 -0.359191 0.354024 
308.188141 -10.400199 3.574562 -4.539121 -3.889225 -3.056727 0.136610 -0.673857 -2.971184 -0.611385 0.795984 0.535478 -1.516237 -1.161839 0.845542 1.008275 2.617894 -0.157128 -0.248455 -0.543380 0.311864 -0.389125 0.511032 -0.488984 0.291637 -3.306813 -0.381393 0.934042 1.728911 0.123200 0.103587 0.738298 1.483741 -0.090601 -0.204970 0.182580 0.724712 
295.648865 -13.247523 5.477266 -3.403053 1.670854 -4.642435 0.341265 -1.262800 -1.503928 -1.285691 1.228539 0.159678 -0.140700 -6.978018 0.330428 1.525695 3.463786 1.088279 0.180074 0.555365 1.488097 -0.215523 -0.043977 -0.453020 0.528782 -2.993164 -1.835048 0.043761 -1.566244 0.988732 0.091257 0.931675 -0.395552 0.763986 -0.695464 0.460524 -0.378394 
287.076294 -24.356236 4.235418 -1.487732 3.038348 -0.880169 0.496757 0.436873 0.005011 -1.042431 0.708030 -0.370562 -0.458672 -7.148166 -2.824554 1.095797 -0.514593 1.820336 -0.065942 1.319971 -0.479240 1.138848 -0.879895 0.432064 -0.465150 1.687744 -3.990037 -1.689684 -2.853063 -0.636097 -0.094570 0.496868 -1.325543 0.925020 -0.396980 0.945634 -0.551656 
265.777466 -27.543855 -0.171843 -1.211459 0.641668 -1.001763 0.209381 1.377141 -2.462408 0.992005 -0.531252 1.023805 -1.071000 -3.602531 -7.649647 -1.853673 -2.242340 -0.183915 -0.009066 1.549102 -1.162989 1.634516 -0.837936 1.438247 -0.574531 4.581100 0.803228 0.345594 0.919477 -0.647731 0.103107 -0.288273 0.473606 -0.593258 0.264199 -0.087664 0.070240 
266.809479 -31.561298 -11.063875 -5.195078 -1.446332 -1.247998 0.478626 3.535076 -2.320966 2.226600 -0.967842 2.505933 -1.607733 2.014034 -1.218098 1.786985 1.324360 0.524873 0.140273 0.743424 0.467972 -0.047668 -0.351497 0.256735 -0.324670 5.648034 6.683494 2.176958 2.297285 -0.038472 0.176438 -1.190909 0.704525 -1.320821 0.283956 -1.088859 0.310417 
0.000000 -23.515788 -2.608039 2.362510 3.290388 0.047984 0.489926 2.863989 -1.526464 0.896669 -1.234246 1.537274 -1.720339 7.693536 5.717342 2.500242 2.352231 -0.260859 0.343811 -0.832717 0.246061 -1.007125 -0.270025 -0.739471 0.046303 1.315061 1.592957 -1.817933 -0.733597 -0.863090 0.208388 -0.876431 -0.141713 -0.200838 0.366125 -0.374579 0.407700 
305.832336 -16.174225 0.370808 -0.194594 3.258129 -1.769717 1.166247 1.869643 -1.828844 0.212350 -1.507891 1.026991 -1.515127 4.644155 1.967816 -1.848882 -0.142834 -1.201307 0.557048 -1.009439 0.184546 -0.449343 0.380753 -0.492424 0.490730 -3.044265 -2.458782 -1.634970 -1.238411 0.245297 -0.296349 -0.145923 0.278617 -0.170354 0.594885 -0.000252 0.465327 
310.504089 -14.227477 1.327594 -1.335253 3.004719 -2.354631 1.604023 0.845111 -1.157372 -0.002016 -0.472741 0.552426 -0.738879 1.605007 0.799778 -0.769697 -0.124591 0.229735 -0.248888 -1.124562 0.803294 -1.347832 0.919745 -0.739975 0.976957 -1.762112 -0.465888 0.779112 -0.080324 1.104671 -0.561734 -0.172571 -0.105379 -0.797147 0.048743 -0.050426 0.012186 
314.146667 -12.964212 1.970364 -1.733988 3.008947 -1.310246 0.668472 -0.379481 -0.222256 -2.483315 0.331599 -0.452959 0.438787 1.119931 1.036041 -0.290658 -0.303483 1.008034 -0.566419 -1.354582 -0.026212 -2.043637 0.478240 -0.593276 0.515102 -0.556313 -0.577657 0.669616 -0.165346 -0.117893 0.211317 0.347612 -0.521849 0.066912 -0.440795 0.339598 -0.918196 
314.889709 -11.987615 3.399676 -1.916570 2.397753 -0.338562 0.471185 -1.864054 -1.209795 -4.089289 0.483738 -0.634127 0.291324 0.492380 -0.355536 0.569534 -0.455282 -0.006050 0.173746 -0.429338 -0.240405 -1.214008 0.038155 -0.060778 -0.859434 -1.113253 -0.874060 0.810424 0.490184 -0.516828 0.124248 1.510214 0.231915 0.808276 -0.289644 0.493106 -0.838768 
310.118866 -11.979451 1.259292 -0.594919 2.098382 -1.322346 1.015963 -1.238157 -0.703065 -4.911331 0.407909 -0.574516 -1.280082 -1.106575 -0.712078 1.330190 0.676886 -0.025622 -0.317924 1.665846 0.437618 -0.427085 -0.101049 0.392936 -1.162435 -1.427455 0.701316 -0.115778 1.432003 0.242486 -0.240172 0.901906 0.644631 1.407565 -0.564999 0.332835 0.534667 
299.145233 -14.200766 1.975520 0.743810 3.751524 -0.389806 -0.164662 1.467639 -0.334560 -4.943459 0.281641 0.151744 -2.033546 -2.362530 1.047096 0.337978 2.408723 0.478922 -0.306599 1.374475 1.048858 1.601121 -1.091844 0.604891 0.209900 -1.053187 -0.117028 -0.584340 0.767051 -0.363271 0.463950 -1.032371 0.025159 1.226582 -0.559018 0.056075 0.901482 
283.548828 -16.704512 3.353485 0.081037 6.915829 -0.364501 0.402765 1.510792 1.394651 -1.709088 -1.775779 0.635267 -0.860282 -3.212950 -0.946135 0.161510 2.210988 -0.752164 0.609976 -0.398895 0.487936 2.026079 -1.219085 0.505086 0.640530 -0.882668 -2.092935 0.653898 -0.541330 -0.591914 0.428531 -1.137681 -0.893644 -0.610996 0.255436 -0.247847 0.400443 
271.802277 -20.626666 0.083251 1.066830 8.173500 -1.894133 1.055290 0.669849 0.641313 -0.891302 -2.156530 1.161916 -0.752486 -4.127866 -3.138774 1.645774 1.326063 -0.704905 0.550463 -0.900888 -0.738429 0.379130 -0.580972 0.109198 1.010785 0.560674 -0.659117 0.464821 -0.367014 0.820171 -0.267187 -0.229964 -0.394028 -0.821088 0.508531 -0.646355 -0.038204 
254.972565 -24.960245 -2.924063 3.372585 9.567954 -1.774311 1.503692 -0.290983 -0.082207 -0.950829 -2.937722 0.853663 1.161288 -2.091601 -2.264369 1.091153 1.476959 0.888178 0.075601 -0.858822 -0.300120 0.383903 -0.202024 -0.787624 0.564123 2.101527 1.189031 -0.853749 -0.273165 0.766586 -0.349532 0.261241 0.400035 0.017269 0.384772 -0.371348 -0.701775 
243.446457 -24.809868 -4.445486 3.249135 11.127419 -0.117778 1.206492 -1.047796 0.041073 -0.123495 -2.560578 -0.413333 0.375760 0.075188 -0.760712 -0.061725 0.779732 0.828266 -0.148600 -0.378406 0.061640 0.413667 0.188572 -0.633498 -0.392764 1.083395 0.751828 -0.576439 -0.348614 -0.029956 -0.112100 0.240208 0.180880 0.014882 0.195298 0.077063 -0.478444 
