0.000000 -34.115520 -5.131510 2.234527 -1.911965 -0.040346 0.808048 -0.600923 0.181910 0.118339 -0.390648 -1.138390 -0.194449 1.715250 5.263054 -1.419719 0.128709 -1.891911 -0.400057 0.008646 -0.408024 -0.203356 -0.097665 0.080503 0.267939 -0.629884 0.394168 -0.445443 0.298596 0.163595 0.101879 0.134314 0.669018 0.258062 -0.162456 0.308434 0.110866 
300.422882 -30.685019 5.394598 -0.604910 -1.654548 -3.824168 0.007935 -0.583631 -0.634138 -0.288374 -0.585978 -0.977385 0.341428 0.455482 6.051391 -2.310605 0.725900 -1.564720 -0.196298 0.277273 0.930012 0.312768 -0.422576 0.697371 0.489671 -3.931234 -1.970792 0.976046 0.720278 2.123191 0.374718 -0.241443 1.240897 0.292364 -0.028225 0.476976 -0.060700 
318.347046 -33.204556 6.971271 -2.386682 -0.460166 -3.169786 0.415452 -0.046377 2.041933 0.743875 -1.235800 0.256352 0.784893 -6.147218 1.321469 0.532373 1.569264 2.354470 0.349379 -0.474240 2.073770 0.381372 -0.154115 1.034456 0.146539 -3.595264 -2.998255 2.452716 0.652678 1.745917 0.764059 0.034363 -0.777871 -0.401181 0.402126 -0.112573 -0.503557 
344.309967 -42.979454 8.037536 0.459835 1.483981 0.884772 0.706694 -1.532110 3.513403 0.474370 -0.894207 1.091527 0.634506 -6.735047 0.054880 2.594828 2.031256 1.927113 1.331820 0.346000 -0.625729 -0.489594 0.381676 0.472226 -0.517443 4.209789 -2.708583 -1.334089 -0.363326 -2.316873 0.785150 1.025176 -1.879988 -0.517390 0.389824 -0.704933 -0.331539 
0.000000 -46.674649 7.081030 2.802973 3.602346 0.684440 3.079092 0.645623 0.790474 -0.235313 -0.472449 1.200804 -0.249992 2.272361 -4.095698 -2.135805 0.842613 -2.279276 1.919679 1.576112 -1.686206 -0.653408 0.625532 -0.375410 -0.516539 6.199132 -2.611796 -3.199514 -1.578275 -2.371612 -1.091658 -0.500685 0.166811 0.354002 0.403677 -0.717396 0.322092 
0.000000 -38.434732 -0.153859 -3.811775 3.169207 -3.673780 4.546052 1.620113 0.140991 -0.832446 0.356858 0.340707 -0.398572 5.663218 -5.168713 -3.804200 -1.125295 -2.816111 -0.851496 -0.655371 -0.292107 0.218410 1.189029 -0.962567 0.126742 -0.524007 1.481782 1.274401 -0.698786 1.303450 -1.566127 -1.322560 0.712814 0.631417 -0.416012 0.128790 0.505173 
266.308868 -35.348213 -3.256395 -4.805426 1.351756 -4.947781 1.376100 -0.665119 0.206261 0.201508 1.905609 -0.724329 0.003492 1.224348 -1.132134 0.412997 -0.554959 0.327624 -1.212575 -1.069008 -0.260578 0.609427 -0.206492 -0.117829 0.493808 -2.748948 4.992513 3.255019 0.948483 2.290611 0.728975 0.065048 0.360005 0.269405 -1.192563 0.943182 0.137284 
0.000000 -35.986036 -2.418126 -2.985782 2.059289 -3.018532 2.120902 -0.517903 -0.380166 0.386409 -0.056125 0.105048 0.589043 0.165321 4.816313 2.705837 0.771671 1.765111 0.606455 -0.525275 0.427904 0.757221 -1.196098 0.923798 0.401310 -1.142795 2.161089 1.085689 0.981406 0.923739 0.792295 -0.363633 1.031884 -0.109238 0.441321 0.560312 0.011557 
0.000000 -35.017570 6.376231 0.606248 2.895098 -1.417559 2.589009 -1.715669 1.062069 1.715950 -0.486586 1.123267 0.806112 -1.061242 3.190045 2.584374 1.407852 2.175101 0.372014 -1.796274 1.803190 0.390951 0.676150 1.002794 0.516922 -0.993493 -3.143709 -0.793540 -0.099500 0.065731 -0.190169 -0.468325 0.309482 -0.446906 1.067258 -0.066186 0.049104 
0.000000 -38.108521 3.961964 2.182966 4.874994 1.331670 2.864930 -4.110451 3.226214 1.168311 1.296174 2.110635 1.622887 -1.821665 -1.471105 1.118758 0.572672 1.896574 0.226117 -1.461925 1.046869 -0.136591 0.938418 0.791426 0.499519 0.450385 -1.639501 -1.104493 -0.269691 -1.336165 -0.811204 0.999319 -1.482179 0.068262 0.005745 -0.462616 -0.150251 
0.000000 -38.660901 3.434021 2.843764 4.040443 2.375589 3.041243 -4.639519 3.155806 1.442769 1.390250 2.706120 1.805150 -0.160471 -0.088957 0.375388 0.868471 -0.497229 -1.250393 0.202363 -1.161168 0.527474 0.687639 0.077561 0.216419 1.509931 0.713329 -0.477462 1.020017 -1.677935 -1.311642 1.035187 -1.167199 -0.315060 -0.219081 -0.950467 -0.181100 
0.000000 -38.429463 3.784050 2.933742 6.611936 0.337212 0.364143 -3.705725 0.903879 2.223259 2.671452 2.265758 2.055725 1.198198 -0.044446 0.163833 2.612706 -1.459296 -2.397168 0.608449 -1.287529 -0.766711 0.500256 -1.109507 0.137319 0.225983 -1.088622 0.178547 0.917660 0.252933 -0.067008 0.483630 0.549562 -1.325435 -1.105677 -0.739285 -0.225627 
0.000000 -36.264505 3.345128 3.171430 9.265856 -0.543004 -1.753092 -3.422620 0.580747 -0.090654 2.390761 0.487106 2.079787 0.291496 -2.266201 0.732482 2.703791 0.008637 -1.384409 1.169623 -0.062043 -2.123395 -1.523715 -1.401009 -0.234835 -1.707629 -1.169347 0.532445 -1.595111 0.812302 0.828444 0.351542 0.434321 0.250938 -0.946300 0.453887 -0.622873 
363.790985 -37.846472 -0.748352 4.398706 12.019517 0.354487 -2.404674 -1.366480 0.779793 -2.023532 -0.375979 -0.536260 1.586054 -2.217061 -2.383141 1.228722 -0.577516 0.165308 -0.740279 1.311534 -0.418888 -0.264834 -1.392344 -0.201733 -1.108427 -0.568315 0.466133 -0.749576 -3.065787 0.095297 1.133566 -0.054847 -0.378844 1.315294 0.814850 0.721432 0.003404 
301.055328 -40.698627 -1.421153 5.628875 8.110823 -0.212387 -3.233651 -0.799552 -0.257028 -0.620322 -0.393927 0.083640 -0.137067 -0.845134 -1.333936 -0.766669 -3.427784 0.199232 0.882724 1.059929 -0.819730 0.507192 0.105985 0.041856 -0.228028 -0.238594 -0.237160 -1.333594 -0.587346 0.638791 0.925488 -0.062699 0.307509 -0.095492 0.817371 -0.084763 0.786377 
266.465393 -39.536739 -3.416224 2.865368 5.163950 0.752951 -0.639226 0.753377 -0.859668 -1.009147 -0.164008 -0.452549 1.129997 -2.694249 -2.857460 -1.438467 -1.752209 1.442891 1.110697 1.186136 0.196131 -0.455818 0.242399 -0.371259 0.464327 1.348677 0.773552 -0.296761 1.199598 1.541984 0.072454 -0.683511 0.741198 -0.304680 -0.105910 -0.017054 -0.304150 
256.006317 -46.087126 -7.136073 2.751941 4.606405 2.673394 -1.012257 1.572720 0.135233 -1.531959 0.090871 -0.658879 0.791586 1.852221 0.213168 -1.360192 -1.028587 3.283201 1.027632 -0.307093 0.662666 -0.102168 -0.105834 0.007748 -0.836328 4.226990 4.121143 0.772602 0.330742 0.070532 0.022691 -0.993199 -0.037267 0.059965 -0.369306 0.251633 -0.456770 
283.671539 -35.832297 -2.989887 0.144985 3.106775 7.319353 1.416038 0.139191 0.465663 -1.213483 -0.375676 -0.437053 -0.542658 5.759731 5.384826 0.106738 -1.090725 1.583955 1.156078 -0.800261 0.121597 -0.335887 -0.496213 0.132007 -0.449213 -1.528279 2.244856 1.829651 0.045805 -2.526723 -0.053409 0.728536 -0.341668 -0.689560 -0.210874 0.040899 0.633837 
259.319702 -34.567665 3.633580 2.965418 2.424956 5.841305 1.299900 -0.027801 0.378426 -2.203733 -0.901554 -0.394864 -0.106839 -1.204337 4.702881 2.299110 -0.936976 -1.770246 0.920813 1.149979 -0.020670 -1.481288 -0.527581 0.089546 0.431346 -3.589134 -1.715845 0.320804 0.224251 -1.523615 -0.200345 0.896375 -0.056256 -0.224096 0.326100 -0.041460 0.273685 
248.696594 -38.240970 6.415875 4.743205 1.232823 3.778861 3.257664 2.439148 0.424324 -4.176058 -1.430838 -0.257961 0.320034 -1.418537 1.953136 0.748347 -0.642222 -1.463275 0.755388 0.992490 0.009084 -0.784080 0.155988 0.049088 0.098158 1.387798 -2.400828 -1.518449 0.808971 1.020626 -0.863390 -1.058646 -0.166276 1.044381 0.740383 0.044122 -0.447507 
244.045578 -37.404738 7.539852 4.462111 1.140512 2.914754 2.810675 1.957180 0.396593 -3.771892 -0.589579 -0.296688 0.089477 1.571260 -0.098775 -0.737787 0.680967 0.271006 -0.805967 -0.967313 -0.353221 0.607474 0.953184 0.177791 -0.463668 0.613850 -1.730643 -0.502748 1.390935 0.720965 -1.315436 -0.623149 0.085392 0.973232 0.103853 0.001192 -0.240461 
240.047150 -35.098451 6.218324 3.267631 2.594756 4.320874 1.645730 0.504523 -0.282118 -2.961110 0.475530 0.097620 -0.607301 -0.190837 -1.508150 -0.257149 2.139648 -0.021345 -1.875484 -0.253807 0.179868 1.162384 0.363694 0.051472 -0.382764 -2.637251 -1.475970 1.332559 0.755037 -0.563696 -0.614609 0.593791 0.724926 -0.254347 -0.565729 -0.112727 0.223740 
236.036880 -37.786413 4.523552 3.947812 5.419809 2.872063 -0.940293 1.449565 0.756330 -1.447123 0.137810 -0.193743 -0.676052 -3.703242 -3.050715 1.927331 2.191041 -0.856385 -2.035186 0.220268 1.096631 0.098780 -0.178273 -0.047662 -0.016188 -2.087993 -2.041316 1.440176 -1.150386 0.528813 0.663655 -0.405213 0.329111 -0.750423 -0.202148 -0.050901 0.362401 
238.711243 -42.504935 0.116894 7.122292 6.976839 2.608104 -2.424642 0.945060 1.911144 -2.763551 0.118983 0.002296 -0.639676 -4.366823 -5.590782 2.623202 -0.161124 1.036281 -0.548174 -1.064233 0.838091 -0.338462 -0.040602 -0.050330 0.342038 1.977649 0.473050 -1.484201 -3.084395 0.945425 1.826252 -0.963506 -0.967073 0.118313 0.311061 0.181520 0.189777 
132.768005 -46.520059 -6.658012 9.194216 5.097562 4.944626 -2.036641 -0.678901 2.432512 -2.124047 0.056605 -0.294404 0.008024 0.252056 -2.104614 -1.041071 -3.977750 1.034466 1.617318 -1.706745 -0.837515 0.335405 0.443848 0.315377 0.363366 6.616046 5.745586 -2.688144 -1.243132 -1.733207 1.326871 0.444577 -1.482697 -0.040416 0.210838 -0.119469 -0.191352 
0.000000 -42.000822 -4.092334 5.040151 -0.978660 4.677035 0.809993 -2.468429 0.236115 -2.092740 1.006679 0.633050 0.087056 8.865269 5.900390 -2.753086 -2.647389 -2.430133 2.105568 -0.175078 -2.127302 -0.419293 0.381073 -0.289268 -0.040666 4.444239 3.618568 0.050133 2.010505 -1.983188 -0.740065 0.933550 0.077945 -0.215280 -0.448067 -0.442848 -0.336776 
366.114563 -28.789521 5.142769 3.688044 -0.197215 0.084361 2.174496 -1.029057 -1.822093 -2.962633 0.818752 -0.872939 -0.073308 9.140534 5.132522 -0.940805 0.043260 -2.931911 0.137187 0.160355 -0.681624 -0.095155 -0.452287 -0.570319 -0.310186 -3.993207 -2.958087 1.438384 0.914470 0.827818 -1.446398 -0.117295 1.424239 0.658352 -0.246927 0.445868 0.128168 
364.832611 -23.719755 6.172710 3.158542 -0.892141 -1.186787 1.084367 -2.147719 -1.127133 -2.283051 0.102105 -0.507589 -0.533316 0.878854 -0.015783 0.123682 -0.818448 -0.774498 -0.787228 -0.409668 0.721176 0.897412 -0.112781 0.602469 0.215671 -10.477283 -4.473256 1.091981 -0.672895 2.298430 0.068148 0.591702 0.280991 0.307429 0.538074 0.441163 0.365744 
379.254608 -27.031812 5.111202 3.935409 -1.834112 -1.464635 0.600039 -1.848393 -0.379740 -1.167810 0.593191 0.331998 0.358033 -11.814032 -3.813990 1.243157 -1.302530 1.664950 0.273482 1.343760 -0.119642 0.519702 0.623861 0.312007 0.421303 -8.254989 -2.537731 0.429930 0.983260 1.351179 0.795403 0.693998 -0.497165 -0.271422 0.010935 0.083930 -0.172326 
367.428589 -47.347820 -1.455270 5.644855 -3.497202 2.143113 1.631331 0.539801 -1.366417 -1.243647 1.349828 0.116424 0.309290 -15.631124 -5.091245 0.983542 1.148071 1.927860 0.803577 0.978328 -0.273153 0.354567 -0.090911 0.770329 -0.128981 6.857524 0.950494 -1.641895 0.511855 -1.580974 -1.066853 -1.176951 0.555827 -0.017167 -0.682036 -0.231709 -0.458282 
378.942810 -58.294060 -5.071289 5.902494 0.462030 2.391086 2.207193 0.108264 -0.926046 -0.458676 0.411369 1.872656 0.100070 1.901016 -1.913002 -2.040634 -0.278821 -1.496998 -1.860224 -1.010143 0.992011 0.485367 -0.740211 -0.151412 -0.495262 15.815483 3.697123 -0.937968 -1.138969 -1.411577 -1.495200 -1.212270 0.058637 -0.448401 -0.220110 -1.043936 -0.362135 
356.380066 -43.545787 -5.281274 1.563588 -4.054843 -0.850884 -2.089117 -1.480484 0.617605 -0.272913 -0.130593 -0.186399 -0.681234 15.999843 2.303001 -0.892393 -1.129867 -0.895294 -2.186823 -1.446212 -0.155879 -0.542235 -0.531130 -1.317542 -0.853252 -0.955592 2.514462 1.649877 0.928896 0.983181 0.583973 -0.072336 -1.422412 -0.576978 0.561761 0.114782 0.122752 
0.000000 -26.294374 -0.465287 4.117707 -1.797705 0.600497 -2.166453 -2.784160 -1.237805 -1.543146 -0.650892 -0.762427 -1.606434 -0.010168 3.115923 1.259120 1.578972 0.469364 -0.692279 -1.154815 -1.852814 -0.668589 0.383311 0.078152 -0.249757 -12.457906 -3.081466 -0.583752 0.797495 -0.196796 1.131151 1.401145 0.198583 0.868539 0.456377 0.585000 0.897911 
0.000000 -43.566122 0.950573 4.081828 -0.896899 0.087845 -3.473675 -3.790115 -3.088022 -1.610090 0.636029 -0.030094 -1.180749 -8.915968 -3.859931 -2.059896 0.465123 -1.288885 0.075480 1.356078 0.241287 1.194843 0.381625 -0.147542 0.942571 2.606524 -4.153056 -2.053519 -0.814057 -0.812905 0.767018 1.254051 1.401814 1.078608 -0.196329 -0.158724 0.436631 
0.000000 -44.126310 -8.185150 -0.002086 -0.867459 -1.977274 -2.015494 -0.072004 -0.755231 0.846541 0.112357 -1.057511 0.278707 5.202879 -5.190188 -2.847919 -0.049142 -1.156446 0.841756 1.353288 0.950814 1.488627 -0.009346 -0.239296 0.623505 5.100059 1.627678 0.805175 -0.185586 0.901585 0.078071 -0.974448 -0.199945 -0.579347 -0.019009 0.365339 -0.416095 
0.000000 -33.160363 -9.429803 -1.614009 -0.995183 -2.225047 -1.790162 -1.083540 -1.186394 1.367163 0.617337 -0.508686 0.066261 1.284150 -0.604575 -0.449547 0.093951 0.514284 0.231622 -0.592818 -0.158603 0.036149 0.343607 0.583137 0.110380 -6.788868 5.964210 2.549957 0.502152 1.083183 -0.444370 -0.723326 -0.162588 -1.013863 -0.118019 0.356636 -0.314718 
60.811241 -41.558011 -9.394300 -0.901179 -0.679557 -0.948706 -1.552250 -1.257641 -1.072437 0.918839 0.799571 0.108762 0.499468 -8.374856 6.738231 2.251995 0.955161 1.009919 -0.046983 -0.093365 0.625639 -0.539100 -0.245384 0.473976 -0.005931 1.370695 4.853037 1.381493 0.730147 0.080293 -0.557423 -0.074789 0.671273 -0.192601 -0.531105 -0.186305 -0.123195 
177.855484 -49.910075 4.046660 2.889981 0.915139 -0.205209 -1.884129 -1.270270 0.064884 0.288964 0.126568 0.439266 0.054400 4.025540 9.101499 2.313439 1.554245 0.674871 -0.883225 -0.742396 1.183944 -0.349053 -0.718603 0.210526 -0.136009 8.477849 -1.647998 -0.505600 -0.511050 -0.586898 -0.161953 -0.377693 0.370818 0.264114 -0.169841 -0.208661 -0.081885 
123.661285 -33.506931 8.808698 3.725699 2.428932 0.401036 -3.318699 -2.742434 1.295450 0.220734 -0.637636 0.529814 0.227450 8.580841 3.442234 1.240796 -0.066939 -0.163877 -0.370889 -0.848751 1.367276 -0.010871 -0.585067 0.056654 -0.169701 -3.602192 -5.290043 -1.155471 -1.734936 -0.420724 0.918466 0.728313 -0.021070 0.405964 0.401545 -0.068061 -0.072758 
247.875748 -32.748393 10.931128 5.371572 0.781261 -0.532964 -2.625907 -2.967772 2.799436 0.267221 -1.043565 0.552575 -0.285003 -3.178844 -1.478588 0.002497 -1.915628 -0.166577 0.953708 0.714230 1.141803 0.462875 0.084487 0.074405 -0.281525 -2.197167 -2.740751 -1.312414 -1.335952 -0.584216 0.534164 1.011712 -0.901224 0.041120 0.166433 -0.235283 0.075886 
245.578323 -39.864620 5.851523 3.730693 -1.402324 0.067883 -1.411282 -1.313973 3.579056 1.146485 -0.468661 0.678623 -0.335600 4.186507 -2.039269 -1.384032 -2.738842 -1.332309 0.697439 1.174673 -0.435172 0.071368 -0.252200 -0.413912 -0.017930 6.598586 1.121617 -1.073899 0.424433 -1.323730 -0.401725 -0.482056 -1.175534 -0.609264 -0.283978 -0.390283 0.264564 
0.000000 -24.375379 6.852591 2.603507 -4.696424 -3.197582 -1.231030 -0.618426 1.929091 0.409957 -1.547965 -0.275248 -0.320864 10.018327 0.764646 -2.145302 -1.066761 -2.814036 0.150259 -0.249882 -1.209264 -0.755652 -0.483468 -0.706161 0.247604 -1.040084 1.031588 -0.371626 1.956642 0.610279 -0.550898 -0.910888 0.297814 0.288925 0.297507 0.123777 0.229252 
302.267090 -19.827966 7.380815 -0.559911 -3.535846 -5.560190 -1.110764 -1.813737 1.160527 -0.364820 -1.435597 -0.733700 0.159608 2.106339 0.023908 -2.127285 1.174441 -0.111750 -0.404358 -0.647102 0.160456 0.649218 0.342815 -0.166358 0.440574 -5.332752 -0.569233 0.715662 1.226933 2.189081 -0.182777 -0.033504 0.843409 0.902487 0.478208 0.552616 -0.095161 
0.000000 -20.162700 6.900407 -1.651063 -2.347541 -3.421082 -2.039746 -1.912631 2.250002 1.708392 -0.862336 -0.607964 0.560285 -0.647178 -0.373819 -0.713978 1.387104 1.564125 -0.215296 -0.316890 0.477554 1.049322 0.472947 0.399071 0.057282 -1.749262 -0.133079 1.152527 0.253886 0.245421 0.524030 -0.036925 -0.247679 -0.370988 -0.208896 0.097003 -0.309219 
369.596497 -21.122321 6.633176 -1.987867 -0.761637 -2.431940 -1.541356 -2.447517 2.115636 1.733823 -0.489703 0.064443 0.274172 -1.392186 -0.242251 0.177770 1.682214 0.379092 0.643702 -0.720953 -0.334902 -0.092758 -0.074977 0.027649 -0.177864 -0.872868 0.385720 0.508153 -0.230191 -0.555373 0.477002 0.064297 -0.265421 -0.804438 -0.387609 -0.253869 -0.096031 
379.727814 -22.947071 6.415905 -1.295524 1.016887 -2.662898 -0.752341 -3.354536 1.580198 1.522876 -1.012290 -0.552666 0.204557 -2.392913 0.397621 0.302329 0.926723 0.453378 0.738708 -0.188296 -0.053287 -0.559555 -0.302271 -0.108668 -0.134780 -1.528436 -0.973444 1.039746 -1.273824 1.148697 -0.346360 1.192564 0.392922 -0.344211 0.023346 0.022682 0.367308 
375.211670 -25.908148 7.428418 -1.383209 1.091809 -1.525183 -0.063940 -2.824108 2.009062 0.614713 -1.094244 -0.152893 0.004612 -4.449057 -2.189138 2.257262 -0.865434 2.676487 -0.049018 1.664176 0.450942 -0.781181 -0.028286 0.073014 0.556752 1.373114 -3.211269 0.910290 -1.302995 0.158194 -0.916230 0.734625 -0.501555 -0.058442 0.620310 -0.049982 0.087469 
365.661957 -31.845185 2.037629 3.219001 -0.713981 2.690075 -0.850377 -0.026184 2.482082 -0.039486 -1.068862 -0.406639 1.318060 0.353315 -6.024917 2.122909 -1.679267 0.769766 -1.093752 1.280953 -1.056397 -0.676439 0.938350 -0.208631 0.040158 3.856345 -0.637644 -1.818327 -0.228491 -2.432624 0.298429 -1.160814 -1.056353 0.741431 0.137140 -0.186236 -0.449272 
356.519043 -25.201517 -4.621415 2.862608 -2.266725 0.014349 -2.251445 -0.262202 -0.103733 -0.738164 0.782455 -0.570155 0.084929 3.263634 -3.464426 -1.379391 -1.322415 -2.188762 0.547840 -0.657453 -1.661764 0.701682 0.245993 -0.299458 -0.341792 0.760174 3.683726 -1.905054 0.948501 -0.902857 1.310700 -0.806590 0.645151 0.883608 -0.826936 -0.191972 0.055843 
371.743622 -25.317917 -4.891223 0.460219 -3.358812 -1.687448 0.245304 -1.341089 -0.841446 1.363877 -0.576875 -1.005555 0.634476 1.873663 1.342535 -1.687199 0.217736 -1.035948 1.527647 -0.332227 0.233904 1.090777 -0.715522 -0.592575 0.151845 -0.393527 3.807488 0.390783 1.404830 0.685418 -0.564923 0.300814 0.983337 -0.455970 0.028618 0.070719 0.307198 
311.538330 -21.454192 -1.936345 -0.511790 -1.831253 -2.057547 0.803850 -0.926655 0.364076 1.443391 -0.648588 -1.755306 0.388618 2.476580 4.150550 -0.597824 1.487244 -0.817925 -0.582006 -0.055825 0.304910 -0.210258 0.303229 -0.158020 0.272604 -0.425049 1.098997 0.476610 0.425486 0.393992 -1.384208 0.259139 -0.286862 -0.806759 0.609187 0.473701 0.138456 
289.980133 -20.364756 3.409877 -0.735430 -0.384323 -3.323299 -0.918707 -1.452740 -0.231625 0.943360 0.029583 -1.321596 1.179683 1.023564 3.540528 -0.733978 1.068707 -0.247965 -1.240768 0.186050 -0.339820 -0.522740 0.502852 0.354826 0.428757 -1.147663 -1.553067 0.029460 -0.464771 0.663935 0.111942 0.227962 -0.044730 -0.048174 -0.070476 0.213906 -0.166746 
266.077179 -19.407064 5.144712 -1.979746 0.306162 -2.553476 -1.677687 -0.554554 -0.315565 0.397910 0.357115 -1.045653 1.246131 0.181255 1.044416 -0.538905 0.557702 0.509944 -0.358122 0.400098 0.215450 -0.306605 0.162276 0.269791 -0.060888 -0.477413 -1.940598 0.583198 -0.307547 0.095478 0.666910 -0.274119 0.424198 0.320244 -0.338349 0.020603 -0.368361 
256.289154 -20.002246 5.498709 -1.813240 0.731081 -2.303411 -1.634951 -0.652545 0.199275 0.330150 0.354136 -0.782014 1.057907 0.068738 -0.340667 0.432417 0.453614 -0.057008 0.093052 -0.362187 0.508575 0.117748 -0.173846 0.396032 -0.307965 0.625479 -1.028280 0.454217 -0.262542 -0.325930 -0.059482 -0.322652 -0.046064 0.217865 -0.022916 -0.121245 -0.077052 
253.282120 -19.269587 4.463378 -1.114912 1.213390 -2.667493 -1.491583 -1.278929 0.701585 0.633406 0.009424 -0.253590 0.630201 1.432213 -1.012144 0.369529 0.032619 -0.141915 -0.477086 -0.245207 0.123323 0.129125 0.116445 0.027301 -0.214993 0.449265 -0.169832 -0.146534 -0.448248 -0.360176 -0.258058 0.234193 -0.504230 -0.179212 0.244545 -0.206858 0.066554 
260.708282 -17.137820 3.474421 -1.074182 0.796318 -2.587241 -2.589123 -1.142959 0.445920 0.588400 0.587026 -0.727412 0.627921 0.967268 -0.680331 0.139349 -0.442881 -0.777361 -0.423064 0.106199 -0.499884 -0.240675 0.315244 -0.017684 -0.174856 -0.783856 0.449493 -0.046894 -0.575657 -0.195124 0.516337 -0.306195 -0.294221 -0.101888 -0.114431 -0.018515 0.003638 
266.962769 -17.335052 3.102715 -0.836214 0.327628 -4.222215 -2.337711 -1.066531 -0.298184 0.152057 0.639911 -0.288959 0.280489 -0.135499 -0.113157 0.275742 -1.118696 -0.532162 0.555588 -0.857598 -0.465119 -0.074651 -0.112417 -0.009730 -0.207716 -0.794922 0.151758 -0.164540 -0.406371 1.042598 0.104169 -0.725031 0.181040 -0.006779 -0.161533 -0.256700 -0.075640 
278.643829 -17.408818 3.248108 -0.522698 -1.441073 -3.651566 -1.477947 -2.858155 -0.484317 0.439099 0.362193 -0.746872 0.212488 -0.622577 -0.376816 -0.189731 -1.255623 1.307834 -0.214726 -1.343863 -0.137805 -0.254232 -0.007821 -0.531085 -0.326135 -0.968759 -0.003379 -0.196044 0.784663 0.800028 -0.105220 0.215791 0.398369 -0.239686 0.085574 -0.274754 -0.096531 
289.480652 -18.580206 2.349084 -1.215677 -2.183619 -1.606546 -2.767164 -3.754258 -0.573795 -0.356408 0.624268 -1.351128 -0.371782 -2.073018 -0.119915 -0.116346 0.450631 1.067893 0.345147 -0.426016 0.331620 -0.554022 0.058731 -0.559238 -0.400779 -3.009468 0.296288 0.803638 0.985706 0.300669 0.823642 0.268918 0.158649 0.077999 -0.184497 -0.014703 -0.014921 
305.979248 -21.554853 3.008278 -0.755391 -0.539810 -1.515779 -0.787652 -3.710188 0.178923 -0.668944 0.479654 -1.865349 -0.589070 -6.641512 0.215761 1.417545 0.715789 1.909173 1.432558 -0.806027 0.179493 -0.098235 -0.376815 -0.560490 -0.355976 -1.540585 0.003040 0.651874 -0.278373 0.397948 0.048827 -0.201023 -0.264243 0.306027 -0.181620 0.127929 0.076723 
310.170349 -31.863230 2.780607 1.619413 -0.752040 2.211799 0.097953 -5.366312 -0.214809 -0.552879 -0.129362 -2.472109 -1.083734 -5.154188 -0.113836 1.187402 -0.106115 1.863789 0.442802 -0.828062 -0.196866 0.058033 -0.304508 -0.303380 -0.247332 0.743662 -0.164798 -0.115072 -0.410952 -0.022692 -0.494878 -0.011018 -0.188179 0.078134 0.036154 0.128555 0.054322 
