228.789490 -26.731030 8.796176 4.677966 3.326479 -5.304769 -4.036523 1.607983 1.158389 -2.086689 1.274980 -0.101742 -1.193190 0.961098 -1.254955 -1.004579 -0.880704 0.822200 0.930551 0.296963 0.621544 -0.515164 -0.508318 -0.358244 0.719896 0.735937 -3.497144 0.198362 -0.376556 0.617690 1.026417 -0.755302 -0.747016 1.205430 -0.281219 0.194756 0.022460 
226.796814 -24.808833 6.286267 2.668808 1.565070 -3.660369 -2.175420 2.201910 2.401477 -3.117018 0.258344 -0.818230 0.246602 2.432973 -8.249243 -0.607854 -1.633816 2.057580 2.983385 -1.213642 -0.872487 1.895696 -1.070756 0.031268 0.764816 -0.375116 -5.479217 -0.441025 -0.167349 0.462067 0.447389 -1.017601 -0.823222 1.533185 0.158075 0.468307 -0.541155 
224.800797 -21.865085 -7.702310 3.462258 0.058848 -1.189610 1.930247 -0.819300 -0.586585 1.704702 -0.866533 -0.039206 0.336441 0.210866 -12.213388 -1.886629 -1.215402 1.746333 1.825330 -1.738239 -1.024900 2.551206 -0.192169 0.578370 -0.362413 -0.927214 3.482695 0.652948 1.492607 -0.645594 -1.414703 0.584117 0.328713 -1.355690 0.367817 -0.142343 -0.591639 
0.000000 -24.387100 -18.140509 -1.104451 -0.865733 -0.167703 1.475239 -1.274567 0.351677 1.985394 -0.125994 0.338509 -0.478225 0.578544 -1.283853 0.698041 1.351399 0.766392 0.153978 -0.045408 -0.215062 -0.815684 -0.335123 -0.253417 -0.418462 1.169547 9.669636 2.737215 1.758684 -1.648227 -1.041628 0.902979 -0.074695 -1.918224 0.046994 -0.568529 -0.126503 
0.000000 -20.707996 -10.270017 4.858340 2.761646 0.343175 2.238204 -0.910116 -1.016708 0.073334 -1.536778 -0.546041 -0.500483 2.549960 7.125884 3.587800 2.301967 -1.550120 -0.257926 0.067719 -1.174289 -1.285242 -0.098181 -0.558689 -0.615419 -0.042505 2.431694 -0.322245 -0.335080 -1.147014 -0.223213 -0.100655 0.003526 0.440582 0.584995 -0.123393 -0.209142 
302.906708 -19.287180 -3.888740 6.071148 3.738200 -3.267944 0.959386 -1.139129 -1.996901 -0.585089 -0.322356 -0.778869 -1.709063 0.493534 3.579535 0.053552 0.681239 -1.527636 -0.292447 -0.246718 -0.208011 0.065480 0.834868 -0.500203 -0.836747 -4.182577 -3.826149 -2.318723 -1.431005 1.335825 0.128188 0.033948 0.905125 1.069430 0.041550 0.387950 0.472527 
302.955872 -19.720929 -3.110947 4.965444 4.124124 -2.712096 1.653310 -1.403553 -1.432729 0.204295 0.132957 -1.546446 -2.173977 -5.815194 -0.526414 -1.049646 -0.560042 1.121529 -0.001551 0.135615 0.635961 0.853619 -0.015082 0.217210 0.329634 -9.298479 -2.604522 0.049515 -1.654543 1.152737 -0.543723 -0.042393 0.371633 0.003702 -0.494350 1.020290 0.797644 
281.370422 -30.917568 -4.941568 3.971857 2.618116 -1.024887 0.956285 -0.867898 -0.724978 1.122150 -0.352519 -0.344448 -1.049795 -18.103424 -1.629509 0.152582 -2.627847 0.777837 -1.379892 -0.331504 0.535255 0.072885 -0.153832 1.540377 0.758541 -7.221204 -0.851761 -0.479914 -0.744396 -0.166358 -0.436644 0.147483 -0.244188 -0.720676 -0.046170 -0.006960 0.157557 
78.019157 -55.927777 -6.369965 5.270609 -1.131570 -1.156422 -1.106474 -2.066561 -0.362219 0.350064 -0.174708 1.534308 -0.656895 -20.257602 -2.229936 -2.009474 -2.048834 0.788814 -0.874839 0.430581 0.147585 -0.587734 -0.107421 0.203291 0.644748 9.094828 2.935638 -0.784358 1.828017 0.134725 1.071895 0.824487 -0.067305 -0.006360 0.134088 -1.094878 -0.177081 
0.000000 -71.432772 -9.401440 -0.047092 -1.479553 0.552740 -0.793393 -0.006737 -0.429809 -0.053318 -0.567362 0.062134 0.239701 0.086233 4.241767 -1.416135 1.028186 1.047287 0.763897 1.317470 0.400646 0.060165 0.114345 -0.649379 0.404378 12.830884 3.627004 2.152676 2.032362 -0.142923 0.972767 -0.152880 0.073631 0.376160 0.115762 -0.169225 -0.472879 
183.674988 -55.755312 2.113570 2.438339 0.924803 0.938152 0.421321 0.568379 0.439073 0.470394 0.053982 0.235550 0.151860 5.404165 5.024073 2.295877 2.015889 0.502967 1.070695 0.124821 0.294846 0.164587 0.124102 -0.135159 -0.301011 -1.111291 -1.623656 1.663188 -0.040319 -0.519176 -0.748314 -1.128772 -0.541422 -0.221116 0.039277 0.329823 -0.241536 
269.606537 -60.624441 0.646706 4.544661 2.552225 1.558674 1.347998 0.242905 0.159883 0.275856 -0.319157 -0.208184 -0.362320 -2.136350 0.994456 1.910241 0.947549 0.008935 -0.732730 -0.940073 -0.682198 -0.382067 0.192899 0.010267 -0.078695 -2.805141 -1.681032 -0.817695 -0.859257 -0.515508 -1.029627 -0.368580 -0.405540 -0.174356 -0.014365 0.183661 0.199729 
266.481476 -60.028013 4.102482 6.258820 2.819900 0.956021 -1.044140 -1.311768 -0.925324 -0.293739 0.439780 0.256085 -0.005529 -0.206116 1.662008 0.660487 0.297374 -0.528049 -0.988558 -0.612340 -0.516234 -0.184125 0.095372 0.232163 0.098447 0.023845 -1.220173 -1.627689 -0.553683 0.121795 0.803793 0.849540 0.654682 0.341775 -0.287289 -0.110383 -0.120236 
274.157196 -61.036674 3.970722 5.865635 3.146974 0.502576 -0.629119 -0.981775 -0.872585 -0.092395 -0.128413 0.256142 -0.165427 -2.088661 -1.445890 -1.345138 -0.159817 0.252525 0.874855 0.759007 0.627167 0.301484 -0.381679 -0.210498 -0.319166 -1.701297 -2.585653 -0.930789 -0.423716 0.275003 1.200264 0.668701 0.758525 0.271987 -0.045801 0.258608 -0.067446 
277.718231 -64.205335 1.210703 3.568545 2.500266 1.461071 0.705570 0.206246 0.329009 0.309229 -0.323578 -0.164911 -0.643862 -3.608711 -3.509297 -1.201092 -0.550057 0.021957 1.411969 0.725062 1.000816 0.359849 0.003770 0.749379 -0.036445 -0.663574 -1.849307 0.073857 -0.086109 -1.100838 0.101102 -0.523555 -0.252280 0.189514 0.079712 0.483452 0.255892 
253.094391 -68.254095 -3.047872 3.463450 2.046860 0.546491 2.194819 0.468350 1.129046 0.627304 -0.120874 1.754900 -0.238317 -3.415808 -5.144503 -1.197425 -0.332034 -1.949152 1.077058 -0.288103 0.122607 0.680512 -0.222255 0.756405 0.192617 3.202763 2.913282 1.286450 0.754738 0.315014 -1.148134 -0.492497 -0.771811 -0.510646 -0.148469 -0.917668 -0.065416 
197.014694 -71.036950 -9.078303 1.173695 1.836198 -2.437233 2.859686 -0.369959 0.574223 1.670253 -0.768088 1.347899 -0.258628 2.796816 2.317268 1.371808 0.959418 0.651986 -0.884299 -0.259931 -0.542806 -0.661442 -0.293169 -1.085957 -0.167278 6.036730 7.140219 2.394542 0.265325 1.415058 -1.808236 -0.334129 -0.458599 -0.874387 0.322476 -0.632494 -0.127228 
0.000000 -62.660463 1.586663 6.207065 3.965696 1.850463 0.426221 -0.051513 0.043434 -0.695580 -0.707211 -0.417015 -0.572873 8.657652 9.135936 3.591659 0.198617 0.880964 -2.539414 -0.956360 -0.794591 -1.068262 0.422698 -0.508582 -0.061839 2.386031 1.801198 -0.608257 -1.920829 -1.686345 -0.389648 -0.075183 0.317428 0.564663 0.234603 0.573416 0.257157 
296.262177 -53.721646 9.193568 8.357012 2.233431 -0.675306 -2.219141 -2.282679 -1.014959 -0.466272 0.077309 0.330734 -0.382306 7.568877 5.919663 0.155294 -2.882239 -2.720705 -1.663595 -0.410297 0.092051 0.467884 0.176037 0.060875 0.347036 -1.825229 -3.381022 -2.909253 -1.802097 -1.733811 1.074083 1.005413 0.822331 0.548018 -0.420194 0.117588 0.327599 
280.284424 -47.522709 13.425989 6.517652 -1.798782 -3.590948 -2.900969 -0.872107 0.227536 0.240188 -0.355137 -0.295264 0.121198 5.007193 2.373891 -2.226848 -3.405578 -2.586658 -0.391247 1.054466 0.850071 0.027774 -0.417690 -0.273405 0.593358 -2.922137 -2.877829 -0.924087 0.583469 1.033103 1.189181 0.643611 -0.093091 -0.453254 -0.170643 0.152731 0.031197 
263.291931 -43.707260 13.941350 3.903316 -4.577725 -5.848623 -3.001636 -0.173747 0.685183 -0.410723 -0.758071 -0.216077 0.804411 1.724603 0.164005 -1.692881 -1.715301 -0.654499 0.714766 0.876925 -0.094132 -0.438624 -0.165249 0.366337 0.409430 -4.395951 -2.256423 0.875080 1.588813 1.433793 0.420834 -0.335583 -0.645703 -0.020668 0.394933 0.340503 -0.244407 
0.000000 -44.073503 13.753999 3.131891 -5.229384 -4.899945 -1.471436 0.881743 0.039273 -0.637060 -0.685635 0.437410 0.940057 -3.784708 -2.138956 -0.476689 -0.227952 0.280927 0.450421 0.383300 -0.441335 -0.013561 0.372177 0.407600 0.104544 -5.908223 -3.999464 0.546582 1.739244 0.859682 -0.622065 -0.953715 0.013056 0.552629 0.377056 -0.225996 -0.442816 
217.684235 -51.276676 9.663439 2.949938 -5.033629 -5.286769 -2.100793 0.592852 -0.197487 -0.437845 -0.013717 0.599123 1.013500 -10.091842 -7.834922 -0.599718 1.763187 1.064866 -0.529363 -1.030505 -0.068021 0.666633 0.588862 -0.085654 -0.476203 -0.869534 -1.309439 0.239146 1.571683 1.419247 0.440839 -0.282311 0.370347 0.171934 -0.127344 -0.317274 -0.244648 
196.335419 -64.257186 -1.915845 1.932455 -1.703011 -2.770212 -2.530161 -1.179266 -0.096768 0.696206 0.492088 0.266101 -0.012349 -5.523777 -4.757833 0.001603 2.915413 3.119421 1.332100 -0.181322 0.299360 0.330306 0.117490 -0.226949 -0.384752 7.311335 4.877704 0.406770 -0.108745 0.522314 1.326083 1.428125 0.348087 -0.299488 -0.315749 -0.029511 0.225483 
382.129517 -62.324229 0.147773 2.953145 0.797198 0.952073 0.563407 0.230208 0.401233 0.222766 0.221263 0.145226 0.243995 4.530828 1.920486 0.213822 1.545697 2.109495 2.122803 1.825745 0.628153 0.067658 -0.042636 -0.144675 -0.025236 3.739628 3.614946 0.043353 -1.367240 -1.463342 -0.475830 0.435773 -0.006751 -0.120124 -0.109724 -0.131360 -0.088958 
258.019409 -55.195530 1.925127 2.360099 1.388384 1.448779 1.715445 2.472225 1.159538 0.831522 0.406815 -0.023249 -0.062822 1.955479 2.472059 0.088310 0.180934 0.192737 0.380441 0.690224 0.285857 0.090057 -0.101959 -0.489669 -0.562668 -3.501154 -0.198289 -0.114324 -0.913906 -1.447176 -1.087136 -0.783867 -0.218583 -0.034374 -0.158132 -0.275918 -0.175791 
252.594559 -58.413271 5.091892 3.129764 1.159066 1.337547 1.324288 1.610656 0.972947 0.402881 0.017346 -0.834113 -0.881341 -2.471480 1.523909 -0.014826 -0.282114 -0.784856 -0.051470 0.258011 0.190988 -0.001091 -0.358901 -0.696510 -0.376819 -0.187493 -1.334448 -0.294781 0.065350 -0.398731 -0.256480 -0.146734 -0.278626 -0.017885 -0.031569 0.079591 0.409845 
249.222977 -60.138491 4.972945 2.330447 0.824155 -0.120934 1.612505 2.988247 1.541515 0.829341 -0.310988 -1.416270 -0.816460 1.580492 -0.196838 -0.501253 0.311635 -0.604725 -0.132519 0.396755 -0.271394 0.054287 -0.165097 -0.330487 0.257022 2.581118 -0.538245 -0.426215 -0.266437 0.184120 -0.407252 -0.549641 -0.458909 -0.020062 0.171026 0.702777 0.464737 
250.619263 -55.252287 4.698217 2.127259 1.782335 0.128098 1.059249 2.404166 0.430159 0.511456 -0.312848 -1.495086 -0.367296 2.690755 0.447419 -0.867255 -0.814989 -0.416617 -0.865974 -0.841272 -0.726829 -0.041215 -0.016849 0.709044 0.552656 -0.555487 0.647655 0.705663 -0.015630 0.434637 0.104962 -0.258762 0.131907 -0.036376 0.181712 0.419272 -0.028273 
240.869171 -54.756981 5.867782 0.595938 -0.805822 -0.954168 -0.119443 1.305703 0.087857 0.746912 -0.344686 0.001818 0.288852 0.469519 1.098473 0.910074 0.280375 0.264550 0.077405 -0.120769 -0.007581 -0.018465 0.198327 0.508057 0.200477 -0.297269 0.161654 1.731824 1.577101 0.859900 0.839619 0.321574 0.435760 -0.034507 0.071018 -0.405932 -0.260855 
267.590729 -54.313250 6.895162 3.947407 2.343085 0.657198 1.214059 2.162628 0.414997 0.474526 0.083807 -0.478972 0.033659 2.096217 0.770727 2.596394 2.339213 1.303182 0.813264 -0.198123 0.144691 -0.110230 0.125187 -0.102820 0.030945 -1.070723 -0.924943 -0.641787 -0.427621 -0.340092 -0.856171 -0.550410 -0.402690 -0.288353 -0.414503 -0.395188 -0.138542 
384.616638 -50.564546 7.409236 5.788725 3.872603 1.652196 1.507085 0.909456 0.377240 0.526453 -0.094311 -0.203822 0.350743 -1.671927 -0.751414 -0.373499 -0.574866 -0.415633 -1.634937 -1.221590 -0.812961 -0.595171 -0.630678 -0.282320 -0.076608 -3.175557 -1.040260 -2.055105 -1.845954 -1.116802 -1.210443 0.117357 -0.288385 0.067912 -0.036821 0.010085 -0.166737 
129.571548 -57.657103 5.392335 3.200408 1.193353 -0.174069 -2.055815 -0.280551 -1.210924 -0.715816 -1.177550 -1.043611 -0.119557 -4.254897 -1.309793 -1.513817 -1.352696 -0.930421 -1.607622 0.036592 -0.432079 0.025594 0.051545 -0.082651 -0.302528 2.001757 0.576999 0.183657 0.400298 0.227243 1.250001 0.929156 0.613431 0.808863 0.503679 0.247113 -0.065180 
127.103844 -59.074340 4.789650 2.761091 1.167212 -0.208647 -1.708158 0.982640 -0.486918 0.577640 0.008778 -0.369123 -0.254313 2.331588 0.402583 -0.006186 0.225730 0.038853 0.865064 0.636722 0.413902 1.022554 0.376681 0.211907 -0.206967 4.145274 0.503126 -0.065392 0.133274 0.212818 1.164035 0.032160 0.320367 0.104804 -0.000310 0.078991 0.202798 
0.000000 -52.993927 6.197502 3.188036 1.644813 -0.096362 -0.325686 0.992893 -0.383119 1.329291 -0.424189 -0.619798 -0.533491 4.035651 -0.303542 -1.644601 -1.086148 -0.504786 0.720447 0.100911 0.208656 0.235202 0.050925 0.075332 0.103068 -0.730063 -0.870036 -0.628077 -0.831012 -0.757915 -0.681071 -0.395835 0.031904 -0.548717 -0.076598 -0.134140 0.020749 
54.264229 -51.003037 4.182567 -0.528110 -1.005084 -1.218219 -0.267263 1.184462 -0.069606 1.048043 0.110629 -0.218458 -0.048176 0.871462 -1.337489 -1.262341 -1.436295 -1.476977 -0.497078 -0.154947 0.477711 -0.074879 0.223485 -0.056373 -0.165469 -0.242928 -0.921916 1.010016 0.429489 0.082849 -0.572009 -0.278347 0.142081 -0.141972 0.025952 -0.076958 -0.217379 
0.000000 -51.251003 3.522524 0.663354 -1.227778 -3.050316 -1.319842 0.682998 0.572302 1.179533 0.022782 -0.732543 -0.864430 3.549796 -2.147374 0.375431 -0.227170 -0.339088 -0.423570 -0.455783 0.492818 -0.048742 0.102830 -0.078584 -0.331689 -3.433790 -0.962878 0.512378 0.865961 1.447195 0.535734 0.004667 -0.369984 -0.221779 -0.175451 0.146689 0.272854 
0.000000 -43.903446 -0.112180 0.222753 -1.459424 -1.896395 -1.114403 0.272895 0.916030 0.950559 0.316289 -0.375626 -0.711554 -5.996118 -3.263245 -0.237586 0.295627 1.417412 0.574390 -0.145614 -0.262258 -0.518436 -0.127417 0.237005 0.380238 -6.163850 1.436854 0.708874 0.922057 1.095787 0.830367 0.434306 -0.245534 -0.040389 -0.006962 0.270535 0.426507 
123.285965 -63.243238 -3.003965 0.188183 -0.636524 -0.215491 -0.171061 0.391769 0.047786 0.142660 -0.232053 -0.258532 -0.103953 -8.777904 0.726334 1.793180 1.616945 1.852486 1.237163 0.412830 0.001750 -0.129519 0.088907 0.462486 0.521326 5.412131 3.347523 1.323171 1.064008 0.301139 0.429401 0.548566 0.429331 0.489805 0.247629 0.165663 -0.051915 
54.988533 -61.459254 1.340488 3.809113 1.774466 1.808576 1.359923 1.098554 0.919530 0.691520 0.494103 0.549347 0.331097 4.828144 3.431801 2.408756 2.423643 2.019691 1.433193 0.951517 0.596404 0.461174 0.367840 0.568330 0.276408 6.907512 0.247462 -0.580309 -0.009638 -0.476659 -0.356993 0.092842 0.136942 0.256687 0.172617 -0.106105 -0.069252 
368.688568 -53.586950 3.859638 5.005695 4.210762 3.823890 2.695324 2.294803 1.240595 1.065008 0.503627 0.878129 0.448863 5.037120 1.221259 0.632562 1.597669 0.899169 0.523177 0.598514 0.275635 0.383854 0.434140 0.250276 0.382821 -2.816274 -1.955023 -1.364889 -1.351439 -1.302425 -0.785169 -0.460900 -0.341893 -0.101349 -0.075006 -0.329607 -0.214412 
387.714325 -51.385014 3.783006 5.074238 4.969804 3.606913 2.406278 2.295582 1.470799 1.459228 1.362382 1.049899 1.096740 -0.804403 -0.478245 -0.321021 -0.279234 -0.585159 -0.137145 0.029716 -0.087382 0.258476 0.217829 -0.090884 -0.152416 -6.035997 -2.134899 -0.886702 -1.693291 -1.116181 -0.624780 -0.668117 -0.276868 -0.402962 -0.580351 -0.291729 -0.367337 
367.265839 -55.195755 2.903147 4.363653 3.652294 2.653571 2.421035 2.354235 1.065831 1.581959 0.939284 0.696361 0.144032 -7.034873 -3.048540 -1.140841 -1.788913 -1.333194 -0.726383 -0.737719 -0.278102 -0.422069 -0.726562 -0.333182 -0.351853 -0.848410 0.215229 0.281738 -0.182590 0.067185 -0.253179 -0.224566 -0.090400 -0.230913 -0.191749 0.003203 0.154609 
302.771545 -65.454760 -2.314074 2.792556 1.391978 0.940526 0.953511 0.820143 0.914595 0.615089 -0.090742 0.383534 0.393034 -2.501223 -0.047787 0.242455 -0.644415 -0.450789 -0.643502 -0.419417 -0.268182 -0.203350 -0.165669 -0.084478 0.156803 8.169029 3.025901 1.058186 1.807471 1.275359 0.750282 0.688393 0.238134 0.296560 0.629345 0.231845 0.170900 
69.286522 -60.198201 2.807573 4.848564 2.363465 1.751994 1.134030 1.515401 0.529468 1.175259 0.607946 0.527406 0.457639 9.303186 3.003263 0.975532 1.826029 1.217525 0.774181 0.639066 0.198165 0.171051 0.532127 0.130508 -0.010053 5.194899 0.333451 -0.205212 1.041493 0.675110 0.692637 0.456660 0.335844 0.004745 0.188301 0.074304 -0.147315 
339.102997 -46.848389 3.692451 4.743620 5.044037 3.375575 2.501872 2.098276 1.310925 0.957191 0.973512 0.644550 0.372927 7.888576 0.619114 -0.167970 1.438571 0.899430 0.741771 0.493904 0.403507 -0.193861 0.210932 0.064131 -0.137826 -3.962316 -1.515344 -0.513017 -0.872971 -0.692613 -0.449686 -0.248494 -0.087760 -0.119232 -0.348071 -0.106172 -0.064552 
345.271637 -44.421049 4.045802 4.512624 5.240607 3.550855 2.617573 2.503209 1.336481 0.787538 1.029810 0.655669 0.181986 1.378554 -0.027425 -0.050502 0.080088 -0.167701 -0.125191 0.142079 0.022646 -0.067413 -0.164016 -0.081836 -0.139157 -4.212033 -0.507561 0.175476 -0.713102 -0.532540 -0.472844 -0.298072 -0.183324 0.205925 -0.030626 -0.050060 0.167762 
340.770020 -44.091282 3.637601 4.642616 5.204212 3.040174 2.251491 2.382433 1.356217 0.822364 0.645479 0.480878 0.094614 -0.535490 -0.396008 0.182983 0.012368 -0.165650 -0.203918 -0.102240 0.036859 0.217989 0.149680 -0.035989 0.197697 -0.958018 -0.061554 0.105257 -0.134299 -0.032973 0.199686 -0.148268 0.212075 0.216558 0.290161 0.190775 0.270283 
340.453918 -45.492029 3.253785 4.878589 5.265343 3.219555 2.209737 2.298728 1.410199 1.223516 1.329169 0.583691 0.577379 -0.537481 -0.150533 0.160012 -0.188511 -0.233646 0.274181 -0.154457 0.446796 0.365702 0.416306 0.299715 0.401410 0.392570 0.422682 0.147988 -0.246228 0.010937 0.078960 -0.019445 -0.058937 -0.155527 -0.287834 -0.069472 -0.282383 
352.696503 -45.166245 3.336534 4.962640 4.827190 2.572882 2.799852 2.073518 2.249810 1.553769 1.478091 1.080309 0.897434 0.249650 0.449356 0.478958 -0.480088 -0.143777 -0.045997 -0.141131 -0.081016 -0.093064 -0.425988 -0.174933 -0.367069 -2.284958 0.064204 0.006524 -0.087071 0.240700 -0.460515 -0.148419 -0.565594 -0.299306 -0.467084 -0.256808 -0.328957 
353.024750 -44.992729 4.152497 5.836505 4.305166 2.932002 2.117743 2.016467 1.248168 1.037388 0.477194 0.233826 -0.156758 -5.107397 -0.022125 0.173060 -0.362653 0.247754 -0.646848 -0.451295 -0.684392 -0.232909 -0.517862 -0.213900 -0.256505 1.546633 0.845682 -0.639610 -0.507077 -0.468875 -0.055552 -0.060426 -0.259551 -0.193790 0.294053 0.467881 0.735699 
319.075653 -55.381039 3.292285 5.308760 4.101885 3.068390 1.506156 1.170928 0.881025 1.087951 0.442367 0.652509 0.384424 3.342915 2.140720 -0.800263 -1.494242 -1.081527 -0.157100 -0.261983 -0.600117 -0.480643 0.162118 0.760830 1.104329 8.917306 2.721440 -1.434214 -2.477293 -1.114437 0.644026 0.353383 -0.132993 -0.476158 0.122747 0.015391 0.131813 
0.000000 -38.306898 8.433937 4.235980 1.316682 0.768947 1.803543 1.492501 0.047933 0.076101 0.801431 1.755486 2.051901 12.727214 5.420754 -2.695368 -5.317239 -1.981120 0.641204 0.255471 -0.950379 -1.185225 -0.272367 -0.183118 0.007122 0.816131 -0.294401 -1.383979 -1.843767 -0.364190 -0.046494 0.289628 0.492021 0.392067 0.012658 -0.664285 -1.014051 
383.330170 -29.926610 14.133794 -0.081977 -6.532593 -0.893850 2.788564 1.681869 -1.019732 -1.282500 -0.102366 0.286272 0.398667 4.975177 1.551917 -3.568220 -5.181776 -1.809907 -0.250088 0.317274 0.383925 0.303490 0.187434 -0.567741 -0.923772 -6.554954 -3.847132 1.150336 2.097855 -0.537966 -1.734403 -0.375900 0.938715 1.072985 0.246068 0.369629 0.427624 
358.679504 -28.356545 11.537772 -2.900460 -9.046870 -2.850867 1.303367 2.127048 0.815784 0.683081 1.176299 0.620004 0.204356 -0.382693 -2.273509 -0.394697 -1.121529 -3.057053 -2.827602 -0.496329 0.927051 0.960745 0.219769 0.556140 0.862369 -5.851490 -1.028090 2.835240 3.537749 0.564630 -0.788896 -0.673501 -0.266102 -0.162314 -0.325077 0.306160 0.618716 
335.449768 -30.691997 9.586776 -0.871370 -8.775651 -7.007955 -2.866640 0.689212 0.834371 0.638991 0.337171 1.398553 2.123405 -6.727803 -0.504263 2.102260 1.893723 -0.680647 -1.827881 -1.029728 -0.148278 -0.021139 -0.462720 0.044579 0.313660 -3.213092 1.245130 1.998619 2.556849 2.037762 0.884599 -0.706157 -0.939270 -0.591955 -0.282202 -0.841922 -1.119889 
314.036713 -41.812151 10.529245 1.304060 -5.259425 -4.212161 -2.352395 0.067593 0.519228 0.640804 0.250860 0.709162 0.831676 -6.808877 0.216752 3.602542 3.992169 1.018472 -1.058405 -1.908642 -0.951488 -0.223165 -0.344635 -1.127704 -1.377408 2.011078 0.007361 0.018842 0.393554 0.489105 0.513258 -0.107310 -0.270123 -0.054215 0.267545 -0.304636 -0.516166 
0.000000 -44.309752 10.020280 6.333713 -0.791313 -4.971011 -4.983449 -3.128072 -1.068606 0.192661 -0.352100 -0.856856 -0.631411 -2.705647 -0.489542 2.139944 2.680831 0.297562 -0.801366 -1.244347 -0.688525 -0.129568 0.072371 -0.564694 -0.718672 0.209023 -2.256140 -2.627692 -0.859442 1.143822 2.004875 2.053111 0.811807 0.150988 0.233610 0.620321 0.681882 
253.806808 -47.223445 9.550161 5.583949 0.102237 -3.617037 -3.955126 -2.421100 -0.857821 0.381668 0.395602 -0.420226 -0.605668 -6.390831 -4.295527 -1.652842 2.273285 3.306117 2.951345 2.197579 0.672126 0.078811 0.122585 0.112937 -0.013644 -3.211493 -3.317695 -1.991273 -1.263824 0.876889 1.540832 1.400921 0.576742 0.017816 -0.142920 0.449431 0.495404 
255.793411 -57.091414 1.429225 3.028028 3.755257 1.641223 0.919241 1.267086 0.275646 0.350284 -0.106930 -0.630982 -0.658700 -9.128634 -7.124933 -1.842601 0.153182 2.051340 2.280298 1.557495 0.464959 -0.093935 -0.213469 0.334168 0.272136 1.098091 0.615531 0.544101 -1.973306 -1.941953 -1.554116 -1.242089 -0.386950 -0.078527 -0.042394 0.163304 0.156148 
239.597809 -65.480712 -4.699705 1.898747 0.408602 0.485644 0.605469 0.693889 0.072097 0.193798 -0.031337 0.248110 -0.061396 -4.194649 -3.064465 -0.564641 -1.673327 -0.577790 -0.156886 -0.286599 -0.101775 -0.078243 0.037797 0.439546 0.298652 2.466992 2.030234 0.638980 -0.913255 -1.314565 -1.218592 -0.922047 -0.283367 0.007846 0.125633 0.052689 0.013258 
