318.932190 -19.604677 -4.497706 -2.616652 2.285528 2.435982 -2.132952 -0.366868 -1.294354 -0.373430 0.588277 -0.233464 -1.710428 -3.574711 -1.804199 1.973154 -0.085844 0.081138 0.673639 0.695799 0.370144 0.160077 -0.090743 -0.453128 0.514305 -0.085642 0.130694 -0.258535 -0.128866 -0.444139 -0.240167 0.522006 0.485994 -0.369262 -0.164973 0.063680 0.103588 
268.094238 -26.754098 -8.106103 1.329655 2.113840 2.598258 -0.785673 1.024730 -0.554067 -0.053277 0.406792 -1.139720 -0.681818 -3.745995 -1.542810 1.456084 -0.343575 -0.807141 0.193306 1.739812 1.342132 -0.578448 -0.420689 -0.325768 0.721481 1.892599 2.183697 -1.046687 -0.337996 -0.618118 -0.991518 -0.070071 0.190060 -0.754526 0.011880 0.421730 -0.108439 
0.000000 -27.096667 -7.583325 0.295515 1.598377 0.821700 -1.746339 3.112755 1.389910 -1.530326 -0.253100 -0.885000 -0.267466 0.210488 2.563196 -0.120220 -0.761835 -1.155099 -1.309397 0.555658 0.750264 -1.348975 -0.066984 0.390332 0.297427 1.199898 3.366543 0.259459 0.211871 -0.073682 -0.623969 -1.639309 -1.191473 0.669633 0.501739 0.050444 -0.279593 
0.000000 -26.333123 -2.979710 1.089214 0.590169 0.288061 -3.404467 2.136045 0.946462 -2.751227 0.272824 -0.359057 -0.086964 -1.346200 5.190276 1.975001 0.080166 -0.954504 -1.054631 -1.538807 -1.040815 0.760818 0.582788 -0.224879 0.162296 -0.063920 -0.098783 0.699159 1.069280 -1.172859 0.770535 -0.317181 -0.931452 1.370011 -0.111179 -0.387231 -0.000085 
286.415375 -29.789066 2.797227 4.245517 1.758710 -1.087308 -3.855602 0.035142 -0.691719 -0.008691 0.912476 -1.334758 0.057125 0.082648 2.365630 1.278097 1.376725 -3.500817 0.231673 -0.078705 -1.112639 1.391048 -0.289341 -0.384130 0.297258 3.196786 -3.183008 -1.582301 -0.002968 -1.159607 0.978366 0.984433 1.082513 -0.742547 -0.664677 0.408592 -0.286046 
324.061890 -26.167827 1.751550 3.645408 3.343619 -6.713574 -2.941121 1.978636 -1.278816 0.030868 -0.305857 -1.127316 0.507552 5.047372 -1.175740 -1.189600 0.074231 -3.273717 0.902101 0.430060 1.124212 -0.724277 -0.746566 0.592306 -0.409796 3.208464 -1.264457 -1.756672 -1.480272 1.829523 0.839162 -0.501590 1.061395 -1.436414 -0.147660 0.449839 -0.740497 
329.665466 -19.694321 0.445747 1.866316 1.907172 -7.634743 -2.051400 0.895261 1.556706 -1.457245 -0.580655 -0.150146 -0.762467 6.499575 -0.163284 -2.235247 -1.583819 0.158228 1.909997 -1.081885 1.010151 -1.481780 -0.584661 0.515549 -1.183737 -0.293277 1.371804 -0.608954 -0.302790 2.512828 0.017324 -0.677588 -1.020552 0.094432 0.381021 0.027623 0.227780 
320.837769 -13.168677 1.424983 -0.825087 0.175981 -6.397119 0.878874 -0.185135 0.741485 -2.932692 -1.475180 -0.096218 -1.859922 4.460819 1.567867 -2.407509 -0.531349 1.751940 0.936748 -0.925117 -0.916892 -0.535412 0.015476 0.647553 0.045765 -3.212779 0.450943 0.516284 0.711629 0.874864 -1.313068 0.050820 -0.933427 1.153527 0.857710 0.086818 0.965986 
293.754730 -10.772684 3.581482 -2.948703 0.844474 -4.130863 -0.177903 -0.954972 -0.277078 -2.528069 -0.549703 1.144960 -0.670937 0.074017 0.738602 -1.202680 -0.160560 1.907956 -0.716138 -0.980246 -0.856703 0.825275 1.130758 0.689185 0.748235 -2.154682 -1.528018 0.811658 0.056383 -0.056189 -0.679440 0.312223 0.468505 0.610559 0.303567 0.026849 -0.144644 
272.222565 -13.020644 2.902187 -3.230446 -0.145139 -2.581206 -0.553403 -2.145627 -0.971922 -1.282143 0.786336 1.282152 -0.363452 0.151455 -1.488170 -0.784194 -0.418583 1.639562 -0.422131 -0.300670 0.020118 0.685706 0.622611 0.701251 -0.243523 0.711071 -1.008503 0.191574 -0.131736 -0.593424 0.432671 0.735319 0.517686 -0.227289 -0.592802 -0.135958 -0.505985 
255.110672 -10.469774 0.605142 -4.517090 0.007308 -0.851739 -1.022164 -1.556311 -0.236842 -1.156657 0.695519 2.547461 -1.157984 1.496158 -1.278405 -0.819532 -0.424033 0.721108 0.149205 0.490392 0.178669 0.370697 -0.054845 0.417270 -0.263736 0.132521 0.359082 0.288903 0.106168 -0.805511 0.441441 0.186403 -0.324942 -0.154583 -0.297032 -0.572456 0.124839 
252.954468 -10.028328 0.345378 -4.869510 -0.993205 -1.138990 -0.254994 -1.164842 -0.614584 -0.540749 0.676646 2.116693 -0.890923 0.416497 -0.770006 -0.206387 -0.206248 0.028540 0.460751 0.072137 -0.629766 0.376539 0.028546 -0.443661 0.006154 -0.568864 0.269660 0.501185 0.466206 -0.505552 0.164508 -0.663373 -0.459976 -0.223349 0.098486 -0.292808 0.108576 
255.925629 -9.636779 -0.934870 -4.929864 -0.405188 -0.794660 -0.100662 -1.412038 -1.496375 -0.403579 0.752611 1.660140 -1.145677 0.358429 -0.739084 0.182838 0.508380 -0.289996 0.478220 -0.836354 -0.741283 -0.076001 0.142127 -0.168346 -0.046583 -0.208268 0.464188 0.134654 -0.009972 -0.461223 0.134775 -0.509942 0.182108 -0.384942 0.244724 0.084224 0.103602 
263.888519 -9.311470 -1.132790 -4.503835 0.023555 -1.718981 0.701446 -2.837551 -2.097150 -0.692750 0.960900 1.780001 -0.984089 -0.000039 0.158370 0.062922 -0.226191 -0.893906 0.730302 -0.947748 -0.265550 -0.393345 0.517994 -0.275212 0.213358 -0.623693 0.407768 -0.110847 -0.651873 -0.132411 -0.114988 0.345437 0.489435 0.034681 0.032532 -0.193832 0.071429 
273.842621 -9.636857 -0.618130 -4.804021 -0.857571 -2.582472 1.359941 -3.307534 -2.027475 -1.190268 1.788599 1.109715 -0.718962 -0.888958 0.076453 -0.038857 -0.795367 -0.554817 0.248243 -0.145479 0.237587 -0.006639 0.207190 -0.556010 0.096274 -2.594604 0.143484 0.894319 -0.086449 0.418456 -0.646296 0.727191 0.124716 0.499558 -0.413628 -0.103140 0.088658 
280.062042 -11.089385 -0.979884 -4.581549 -1.567178 -2.828616 1.197933 -3.128510 -1.621976 -0.706029 1.375280 0.667981 -0.791542 -5.189246 0.445339 1.851559 -0.399089 -0.056993 -0.562290 0.506634 -0.016118 0.605771 -0.309261 -0.481492 0.390673 -4.496619 -0.834939 0.809856 0.264168 0.791216 -0.375616 0.636100 -0.010197 0.139057 -0.309219 -0.033300 0.304294 
276.839111 -20.015349 0.272547 -1.100903 -1.655749 -2.696457 0.235361 -2.294266 -2.059712 0.021274 1.170076 0.146732 0.062385 -9.882196 -1.593425 1.580856 -0.267031 1.027615 -0.502989 1.126720 0.217193 0.271475 -0.411249 -0.622611 0.704862 -1.962629 -0.715629 -0.865452 -0.372537 0.232373 -0.037061 0.357628 0.154628 -0.546009 0.114630 0.287925 -0.160426 
276.383698 -30.853776 -4.166734 -1.419837 -2.101240 -0.773386 0.191956 -0.875069 -1.187589 -0.163079 0.552783 -0.577241 0.618183 -9.114503 -0.985919 0.120655 -1.144164 0.407753 -0.636412 1.221891 0.293137 -0.486247 -0.080001 0.094357 0.069822 3.965994 3.074869 0.432919 0.911989 -0.111125 0.173688 -0.373106 0.089319 -0.190590 -0.020313 0.293379 -0.617865 
279.413544 -38.244356 -1.699290 -0.859593 -3.944077 -1.880951 -1.037462 0.149516 -1.473438 -0.951220 1.010074 0.335446 0.202029 -1.950207 4.556312 2.446693 1.556948 0.805366 -0.155612 0.380509 0.395831 -0.109706 -0.451874 -0.035853 -0.530867 7.742558 2.561114 1.554875 2.395694 0.147663 0.235421 -0.779290 -0.030285 0.372939 -0.115054 -0.256920 -0.061512 
277.429199 -34.754190 4.945891 3.473549 1.012656 0.837346 -0.119267 -0.114052 -0.395927 -0.382491 -0.350966 -0.648946 -0.443551 6.370612 4.136309 3.230406 3.647225 0.703079 -0.165569 -0.336690 0.232567 0.259630 -0.310109 -0.419483 -0.053202 5.287238 -2.213843 -1.353840 -0.384010 -1.463011 -0.776959 0.372575 0.025320 -0.043338 0.315824 -0.166709 0.076024 
0.000000 -25.503132 6.573328 5.601219 3.350373 -0.474792 -1.368600 -0.523863 -1.008305 -0.431959 0.389856 -0.503520 0.095625 8.624269 0.128626 -0.260988 0.788927 -2.120655 -1.709529 1.125659 0.446472 -0.196382 0.179774 -0.369271 -0.378820 -0.426666 -2.601014 -2.671948 -2.351812 -1.122848 0.211654 0.536724 0.151569 -0.492654 -0.004513 0.155386 0.029170 
284.318939 -17.505653 5.203143 2.951574 2.590510 -3.403965 -3.538325 2.137267 0.497016 -0.775255 0.008582 -1.387488 -1.201191 5.517279 -1.065719 -2.113491 -1.056399 -1.542617 0.257740 0.736759 0.535704 -0.725677 -0.319136 -0.108711 0.005137 -4.990607 -1.066158 -0.106700 -0.665978 1.416101 1.708558 -0.616244 -0.399205 -0.126459 -0.194439 0.440377 0.372147 
289.680695 -14.468573 4.441891 1.374237 1.237575 -3.560027 -0.853121 0.949655 0.063104 -1.883313 -0.248415 -0.720942 0.105900 -1.356946 -2.003689 -0.474388 -0.543029 0.711546 1.707587 -0.106828 -0.351938 -0.449300 -0.209103 0.511483 0.365474 -4.647540 -0.592929 0.744063 0.530481 1.341789 -0.282210 -0.269524 -0.578640 0.410733 0.175685 -0.192339 -0.152556 
285.952362 -20.219545 1.195765 2.002797 1.504452 -1.980873 -0.123151 1.923610 -0.206859 -1.673855 -0.409625 -0.364522 -0.470244 -3.777801 -2.251576 -0.625365 0.004563 1.140962 -0.306681 0.197711 -0.621577 0.095789 0.032234 -0.493389 -0.299974 1.376561 0.496153 -0.490171 0.351113 -0.292263 -0.875356 -0.406006 -0.006497 0.293716 0.171172 -0.358138 0.110059 
297.399384 -22.024175 -0.061262 0.123507 1.246702 -1.278104 -1.466484 1.345078 -1.180050 -1.691735 -0.183946 -1.707720 -0.494049 1.396177 -1.011384 -1.454730 0.159197 0.127020 -0.043124 -0.918841 -0.364931 0.138131 0.133241 -0.204792 0.585592 4.462141 0.902853 0.245929 0.223071 -1.293018 0.787242 -0.571118 0.029870 -0.517818 -0.092959 0.369536 0.445285 
332.515900 -17.427191 -0.827003 -0.906663 1.822847 -1.726834 -0.209400 0.085929 -0.936721 -1.397594 -0.143143 -0.774107 0.700941 5.146480 -0.445871 -0.133507 0.450705 -1.445074 1.267802 -0.944525 -0.561836 -0.939848 -0.153684 0.245682 0.590596 0.691279 0.776204 0.896113 -0.036646 -0.979427 0.360038 0.110965 0.019964 -0.402550 -0.155098 -0.012748 -0.409040 
372.772186 -11.731216 -0.953005 -0.143506 2.148112 -4.168251 1.069121 -0.543973 -2.303722 -3.571431 -0.491314 -1.216356 0.687143 2.778735 0.541025 0.337495 0.085904 -1.831834 0.676951 -0.696910 -0.325002 -0.666969 -0.176955 -0.230288 -0.232488 -3.484646 1.017048 0.637994 -0.024729 0.266824 -1.012146 0.113091 0.571269 0.933869 0.225605 -0.289296 -0.584611 
374.642303 -11.869720 0.255046 -0.231673 1.994656 -5.390502 1.144503 -1.307892 -1.586726 -2.731532 -0.497054 -1.234682 0.235965 -1.822812 1.588225 1.142482 0.401248 -0.911426 -0.756491 -0.718343 0.580701 0.927891 0.297525 -0.332909 -0.578626 -3.423983 0.428079 0.508493 -0.036372 1.330906 -0.997000 0.335150 0.285986 1.042083 0.109393 0.093658 -0.030957 
374.416412 -15.376839 2.223445 2.141457 2.950608 -5.991103 -0.443860 -1.980659 -1.142319 -1.715649 0.103736 -1.882173 -0.470109 -4.069230 1.397182 1.354480 0.013161 0.829977 -1.317049 -0.026609 0.246969 1.417197 0.041831 -0.042972 -0.294401 -1.370441 -1.090997 -0.617415 -0.620299 1.529237 -0.031330 0.653631 0.231833 0.087248 -0.266552 0.429204 0.280926 
372.047455 -20.008180 3.049410 2.477288 2.020977 -3.730547 -1.489594 -1.361111 -1.092788 0.102862 -0.413391 -1.320626 -0.352838 -4.563694 -0.593770 -0.092348 -0.839349 2.147048 -0.819150 0.588919 1.044367 1.102386 -0.235578 0.525498 -0.016774 0.528152 -1.489376 -0.790685 -0.095103 0.240140 0.732621 0.197016 0.266000 -0.843693 0.000522 0.065796 0.017040 
366.595490 -24.504227 1.035906 1.956761 1.271910 -1.697006 -2.082160 -0.802821 0.946415 0.489124 -0.367420 -0.831176 -0.503656 -3.012925 -1.581570 -0.226890 -0.177046 1.310257 0.148192 0.367423 0.778969 -0.270189 0.042875 0.088620 -0.260320 1.961567 0.153405 0.825814 1.257836 -0.768518 0.860395 -0.540469 -0.914222 -0.545570 -0.005463 -0.380032 -0.180491 
159.758362 -26.034031 -0.113729 2.023509 1.666886 -1.110033 -1.193210 -0.626265 0.465150 -0.437517 -0.327642 -1.143385 -0.873478 -0.640560 -0.286959 1.559281 1.676323 0.610012 0.901640 -0.492020 -0.784077 0.011246 -0.246504 -0.234565 -0.377755 2.744815 1.308751 1.254301 0.743368 -0.737983 -0.110065 -0.589980 -0.689401 0.153846 0.190327 0.311991 0.246697 
297.739685 -25.785347 0.461988 5.075322 4.624555 -0.476982 -0.278880 -1.786861 -0.621739 0.511617 -0.860427 -1.300306 -1.259167 2.476704 1.035932 2.281712 1.309689 -0.165709 -0.071938 -0.812537 -0.599832 0.037503 0.423529 0.712601 0.233074 2.194517 0.713181 -0.565711 -0.789912 -0.746441 -0.680616 0.053119 0.603923 -0.284534 0.572191 0.501869 0.341501 
285.046631 -21.080623 1.958135 6.586933 4.286265 -1.441451 -1.337085 -2.251338 -0.734515 -0.362510 0.519417 0.281818 -0.407331 3.748473 1.139403 0.427859 0.096499 -0.882871 -0.459591 -0.385781 0.423768 -0.557822 0.897879 0.769172 0.305247 -1.519858 -0.884181 -2.110392 -1.337414 0.288348 0.077508 0.814675 0.840297 -0.058601 -0.230850 -0.451794 -0.223695 
275.270844 -18.288400 2.740794 5.931040 4.817553 -2.242723 -1.198062 -2.558423 0.225798 -0.604028 0.935330 0.238039 -0.648673 -0.563012 -0.732429 -1.939072 -1.365139 0.410987 0.083078 0.816813 1.080762 -0.079699 -0.038171 -0.190987 -0.214315 -3.003851 -1.969366 -1.561165 -0.579484 1.517770 0.627887 0.840451 0.274800 -0.028836 -0.853001 -0.579741 -0.223621 
268.863892 -22.206646 0.493277 2.708788 1.555986 -0.619477 -1.170929 -0.617712 1.427010 -0.521909 0.443074 -0.100156 -0.835961 -2.259229 -2.799328 -2.694471 -1.062468 2.152669 0.796182 1.295122 0.973369 -0.615494 -0.808123 -0.390310 -0.141996 1.608156 -0.882073 -0.079051 1.463984 0.670176 0.392922 -0.748245 -0.991739 -0.114449 -0.167086 -0.067529 0.191418 
265.539917 -22.806858 -2.857862 0.542098 2.692616 2.062614 0.394301 0.031820 2.172535 -1.835015 -0.680915 -0.542582 -0.932664 2.653301 -2.496576 -2.097175 1.562829 1.751340 0.868922 -0.679677 -0.902715 -0.308596 -0.372344 -0.326045 0.168521 3.596573 0.360272 0.360669 1.348630 -1.110229 -0.632978 -1.220437 -1.245695 0.326950 0.109079 -0.001309 0.019117 
272.483582 -16.900044 -4.499874 -1.485563 4.681644 2.883202 0.566916 -1.977066 -0.378421 -1.139101 -0.301614 -0.752246 -0.498918 4.933917 -2.078784 -1.973134 1.634791 -0.067789 -0.469775 -1.145753 -1.518021 0.038406 -0.589965 -0.392929 -0.103761 -0.007951 0.664464 0.631719 -0.609915 -1.269678 -0.982707 0.449832 0.578651 0.293701 0.142482 0.262303 -0.182431 
299.977051 -12.939024 -7.015430 -3.404170 5.962198 1.927035 -0.545248 -2.259686 -0.863508 -1.758202 -1.860845 -1.328440 -1.140186 2.637400 -1.167648 -0.833738 0.342999 -0.788017 -1.096491 0.219987 0.254586 0.278806 -0.087379 0.198561 -0.196341 -2.812538 1.069274 0.765996 -1.188494 0.194750 0.708586 1.011746 1.085641 0.228438 0.738705 0.421991 0.421444 
0.000000 -11.625245 -6.835169 -3.153039 5.367642 1.307169 -1.626066 -1.537092 0.130750 -0.581489 -0.476372 -0.355123 -0.891601 -0.691159 0.059765 -0.441143 -0.742197 0.321711 0.947398 0.877739 0.653261 0.495282 0.887444 0.451053 0.739128 -3.267416 1.203543 0.332260 -0.849627 0.368353 1.468953 0.557727 0.413253 0.142972 0.370613 0.121216 0.647746 
351.422577 -14.321342 -6.895901 -4.286455 4.477804 2.570457 1.349547 -0.504208 0.443014 -0.767638 -0.085957 -0.426334 0.338069 -3.897433 1.239438 -0.169217 -1.356256 -0.051310 1.841415 1.335441 1.081092 0.564751 0.653846 0.440994 1.099151 -1.102445 1.302483 0.366345 -1.017885 -0.742781 -0.507652 -0.036330 0.504209 0.297648 -0.058528 0.142052 -0.063484 
373.714264 -19.420110 -4.356294 -3.491474 2.655131 1.204548 2.056764 1.133791 2.292934 0.548013 0.831321 0.526866 1.306702 -2.896049 2.664730 0.291547 -2.777968 -1.163851 -0.067907 0.805079 1.661678 1.090579 0.770388 0.735158 0.612159 2.259436 0.071834 0.626521 -0.484656 -0.368929 -0.983054 -0.951399 -0.334949 -0.318505 -0.465273 -0.249118 -0.520759 
389.400543 -20.113439 -1.566441 -3.703361 -1.078132 0.242755 1.213734 1.105950 3.766370 1.413520 1.454819 1.043982 1.562387 0.621440 1.383105 1.083825 -2.325568 -0.789169 -0.124692 -0.567356 0.411194 -0.072260 -0.276699 -0.057242 0.057634 2.296291 -0.969865 1.506774 1.451806 0.052693 -0.406162 -1.582147 -1.310911 -1.070598 -0.767307 -0.902244 -0.616675 
374.656891 -18.177230 -1.590084 -1.323824 -1.996004 -0.373790 1.807380 -0.000921 3.115323 0.403493 0.277922 0.412381 1.421971 1.696533 0.724999 3.305095 0.125644 -1.058465 -0.880230 -2.359215 -0.960145 -1.050617 -0.764226 -1.069329 -0.621190 -0.233174 -0.298065 0.789712 1.597343 -0.153074 -0.455121 -0.773223 -0.966124 -0.353922 0.056078 -0.482116 -0.221733 
351.179871 -16.720374 -0.116443 2.906830 -0.826844 -1.874175 -0.546726 -3.612479 1.846081 -0.687715 -0.073633 -1.094677 0.320007 0.155092 0.786976 2.663250 0.869119 -1.095317 -1.034934 -2.113801 -1.521053 -0.780103 -0.164544 -1.021474 -0.385832 -1.141889 -0.041583 -0.794165 0.299119 0.352045 0.663824 1.269815 -0.031505 0.255531 0.482515 0.426056 0.341052 
326.079529 -17.867046 -0.016132 4.002676 -0.257767 -2.564424 -0.262487 -4.228524 0.073216 -1.156713 -0.051166 -1.630568 0.650308 -0.587245 0.641833 1.716765 0.723883 -0.354375 0.447418 0.180415 -1.023155 -0.539554 0.200804 -0.217218 0.060913 0.164845 -0.030040 -0.646296 0.358360 0.063067 0.186472 1.854297 0.667971 0.215370 0.455876 0.784445 0.163665 
304.611603 -17.894863 1.167224 6.340360 0.620921 -2.582924 0.348110 -3.251650 -0.200230 -1.766824 0.327976 -1.529113 0.441834 0.484783 0.726896 1.370657 1.585839 -0.969183 -0.661990 1.594792 -0.185111 -0.349363 0.747208 0.547415 -0.058502 -0.099166 -0.380366 -1.509859 0.037828 -0.091614 -0.618596 0.789717 0.557267 0.269031 0.143527 0.518103 -0.180979 
288.884674 -16.897480 1.437659 6.743991 2.913911 -4.502791 -1.586468 -1.038939 -0.297006 -1.855439 1.443249 -0.535737 0.533304 -0.785577 -0.118899 -1.302952 0.799539 -0.537603 -0.789773 1.759849 0.091378 -0.001493 0.487858 0.818988 -0.301044 -0.558468 -0.639226 -1.905011 -1.488188 0.879056 1.125657 -0.703670 -0.015545 0.320166 -0.632923 -0.003215 -0.133192 
267.216492 -19.466018 0.929425 3.734456 2.219999 -3.658130 -1.231436 0.268048 -0.017473 -1.769809 1.303692 0.108864 -0.160254 -0.632152 -0.551555 -2.439365 -1.390536 0.788929 1.589324 0.187451 -0.216200 0.290969 -0.518638 0.540985 -0.324887 2.190545 0.182787 -0.420620 -0.696004 0.479464 0.742025 -1.449339 -0.169666 -0.027516 -0.369352 -0.238134 0.248546 
253.406830 -18.161785 0.334548 1.865261 0.132838 -2.924933 1.592181 -0.664036 -0.729407 -1.273501 0.405973 0.546233 -0.116470 3.595512 0.246675 -2.144192 -0.592469 0.421324 0.694277 -1.138828 -0.247953 -0.056524 -0.250846 0.342720 0.196049 3.071414 -0.303105 -0.225797 0.658280 -0.124654 -0.809156 -0.909590 0.073337 -0.427004 0.359159 -0.297417 -0.081611 
262.585236 -12.274994 1.422776 -0.553929 1.035061 -2.815481 0.157118 -2.009607 -0.513379 -1.882857 0.802000 0.794304 0.231843 5.510675 -1.157766 -2.890959 -0.073977 0.539622 -0.028987 -1.631729 -0.069527 -0.563038 0.199681 -0.053848 -0.488109 -0.916057 -1.455209 0.306517 0.259029 0.296275 0.144173 0.225302 0.017801 -0.048321 0.058883 -0.339542 -0.818844 
285.416382 -7.140434 -1.980983 -3.916658 -0.015116 -1.845688 1.534207 -3.927494 -0.868461 -2.399577 0.805335 0.438536 -1.092688 1.763398 -2.663742 -1.531159 -0.074411 1.013875 0.982623 -0.688224 -0.212351 -0.153165 -0.133081 -0.336364 -1.441639 -4.067736 -0.087075 1.822901 0.175067 0.499946 -0.080625 0.964727 -0.119698 0.614157 -0.128903 -0.130222 0.025644 
0.000000 -8.748197 -3.904708 -3.616248 0.886238 -0.787732 2.122364 -3.386054 -0.938081 -2.189188 0.535839 0.121575 -2.651434 -2.624796 -1.331916 0.754843 0.276157 1.539514 -0.190236 0.297725 -0.308923 0.665276 -0.058126 -0.314293 -0.436821 -3.256085 0.243470 1.799420 -0.329320 0.036277 -1.142271 0.300461 -0.120352 0.367519 -0.240774 -0.003636 1.065464 
335.230743 -12.390026 -4.644815 -2.406972 0.537198 1.233340 1.153734 -3.332043 -1.486307 -1.069025 0.689084 -0.190050 -1.966330 -4.748771 -2.176802 2.067680 -0.733052 1.086428 -1.301919 -0.087301 -0.453054 0.581872 -0.614629 -0.343637 0.689290 0.107125 -0.901717 -0.146827 0.035874 -1.168256 -0.360358 -0.067384 0.507567 -0.251214 -0.212161 0.281601 0.605866 
0.000000 -18.245739 -8.258311 0.519113 -0.579865 1.385125 -0.481475 -3.560656 -1.844190 -1.025443 -0.693420 -0.565699 -1.272855 -2.410546 -3.135350 0.461189 0.347906 -0.796998 -0.910952 0.162957 0.706211 0.162848 -0.482447 0.248910 0.774912 3.342891 1.607474 -1.135108 1.406547 -0.753461 0.526555 0.386308 0.709443 -0.271870 0.459814 0.518916 -0.270975 
0.000000 -17.211118 -10.915515 -1.484594 1.233011 -0.360656 -0.668171 -3.006130 -0.073886 -0.743329 -0.275810 0.307769 -0.416507 1.937011 1.038147 -0.202535 2.080043 -0.420495 -0.248810 0.685316 0.965832 0.038133 0.304999 0.694196 0.147340 3.211667 4.254330 -0.651973 0.085472 0.494212 0.307097 0.047338 -0.784840 -0.232623 0.544714 0.422327 -0.520564 
0.000000 -14.371718 -6.182018 0.114042 3.580220 0.544136 -0.979096 -2.190024 0.087475 -0.949177 -0.083422 0.822693 -0.978175 4.012788 5.373311 -0.842756 0.518849 0.191425 -0.296757 0.257633 -0.863470 -0.302398 0.606982 1.093564 -0.266217 0.302348 1.106843 -0.653592 -1.752993 -0.426091 0.376034 -0.481170 -0.682966 -0.175731 0.013672 -0.212753 0.244779 
272.728699 -9.185542 -0.168893 -3.170107 2.270709 0.022195 -1.261685 -2.490864 -1.800826 -1.348124 0.938154 2.494897 -0.948940 2.541707 3.251833 -1.509719 -1.425943 -1.272677 0.503258 -0.277024 -0.400100 -0.313330 0.332342 0.268691 0.636898 -3.934901 -2.478476 1.029888 -0.755318 -0.650443 0.590627 -0.002756 1.054312 0.392239 -0.518827 -1.045812 0.432854 
270.897858 -9.288304 0.321648 -2.905395 0.728334 -2.001218 0.027421 -2.744072 -0.712726 -1.575837 0.581263 1.360075 0.295621 -3.857014 0.416358 1.217020 -0.991786 -1.109461 0.884496 0.252121 1.245154 0.482081 -0.430672 -0.998061 0.599491 -5.529958 -1.675086 1.421928 0.473097 0.617406 -0.571722 0.369523 0.560216 0.386483 -0.192785 -0.176625 -0.246030 
265.994751 -16.899569 0.663823 -0.736067 0.287136 -2.196727 0.507306 -1.986622 0.689482 -0.383962 0.076810 0.498775 0.250041 -8.518209 -0.098339 1.334138 -0.479749 -0.037865 -0.640185 0.462022 0.720332 0.459636 -0.053227 -0.084559 0.144837 -0.427781 -0.342892 -0.483773 0.366318 0.584675 -0.882312 -0.084412 -0.612963 -0.309191 0.314836 0.672076 -0.215932 
260.506989 -26.324721 0.124970 -0.237120 -0.231165 -2.076949 -1.252949 -1.820028 0.727939 -0.656565 0.474810 1.190956 0.585295 -4.712576 -0.269426 0.249473 -0.259151 0.059889 -0.880127 0.083297 0.019228 -0.136302 0.199000 0.346091 0.167627 1.902816 -0.085544 -0.542332 0.110299 0.048877 -0.119971 -0.189362 -0.350552 -0.297969 0.126113 0.215325 0.011395 
