0.000000 -12.958032 -3.985310 -2.336057 4.077488 0.942898 -0.953133 -0.707909 1.834652 0.762701 1.648762 1.892027 1.102778 1.115224 -0.053637 0.275310 0.943892 0.292605 -0.416181 -0.025803 -0.059183 0.392753 -0.762324 0.011621 0.084272 0.904206 0.122897 0.019019 -0.414894 -0.397708 -0.455075 -0.100001 -0.295130 -0.159984 0.108660 0.119926 0.087288 
0.000000 -10.727583 -4.092585 -1.785437 5.965272 1.528108 -1.785496 -0.759516 1.716287 1.548208 0.124113 1.915268 1.271322 2.923635 0.192156 0.313347 0.114104 -0.502811 -1.326331 -0.225806 -0.649443 0.072786 -0.545004 0.251474 0.258847 1.474302 -0.076029 -0.205088 -2.256578 -1.031734 -0.159537 0.046711 -0.255331 -0.430978 0.812631 -0.128867 -0.125834 
0.000000 -7.110761 -3.600998 -1.709362 4.305696 -0.062724 -3.605796 -1.159521 0.535765 0.908272 0.558754 2.394974 1.620473 4.063828 -0.205695 -0.134867 -3.569264 -1.770863 -0.735256 0.067619 -0.569844 -0.469204 0.862938 -0.246113 -0.167396 -0.182755 -0.810242 -0.598119 -1.921926 -0.377574 1.078912 0.528431 0.592633 -0.116673 0.473476 -0.656770 -0.593130 
0.000000 -2.599928 -4.503974 -2.055171 -1.173257 -2.013617 -3.256008 -0.624278 0.576598 0.609801 1.849989 1.423042 0.936531 2.558124 -1.428328 -0.882890 -3.729747 -1.257959 0.831492 0.831056 0.535822 -0.160560 0.401948 -1.062066 -0.927412 -1.827370 -0.501250 -0.366952 1.042269 1.075498 0.904148 0.354229 0.287780 0.200275 -0.790822 -0.252688 -0.219068 
0.000000 -1.994512 -6.457654 -3.475143 -3.153799 -2.578642 -1.942812 0.502592 1.607409 0.587153 1.362651 0.270842 -0.234352 0.409087 -1.208194 -0.868770 -1.484727 0.380134 1.073040 0.776077 0.005715 -0.068654 -0.718706 -0.751489 -0.605531 -2.104047 0.845641 0.073671 1.473314 1.115875 -0.386132 -0.388809 -0.643156 0.056850 -0.401382 0.553186 0.343091 
0.000000 -1.781753 -6.920361 -3.792711 -4.142710 -1.253349 -1.109928 0.927876 0.588027 0.472492 0.412577 -0.079936 -0.274532 -1.649969 0.262955 -0.735549 -0.783120 0.973791 0.059229 0.053438 -0.750490 -0.046859 -0.400815 0.044306 -0.241230 -3.536022 0.787259 -1.012105 0.601770 0.091087 -0.866186 -0.676843 -0.188183 -0.042571 0.389186 0.410968 0.216483 
0.000000 -5.294451 -5.931745 -4.946240 -4.720039 -0.631061 -1.824355 0.609468 0.106428 0.493434 0.561020 0.359453 -0.716813 -6.662957 0.366324 -2.892980 -0.281187 0.562309 -0.659331 -0.577609 -0.370651 -0.153796 0.059666 0.070448 -0.172565 -3.992450 -0.256606 -1.698396 0.647977 -0.187719 -0.253274 0.267137 0.592793 0.155362 0.435432 -0.098938 0.192261 
0.000000 -15.107667 -6.187714 -9.578672 -4.705085 -0.128732 -2.428590 -0.227342 -0.153275 0.164900 0.531910 0.060960 -0.619662 -9.634870 -0.250257 -4.132340 0.512835 0.598353 -0.447320 0.587711 0.435096 0.263865 0.470049 -0.153571 0.143293 -0.988643 -0.099400 -0.019674 -0.019375 -0.647636 -0.131791 0.688824 0.185418 0.419968 0.235251 0.111388 0.115776 
0.000000 -24.564191 -6.432259 -13.210920 -3.694370 0.565645 -2.718995 1.784890 0.976620 1.021163 1.501119 0.052311 -0.430228 -8.640242 0.167524 -2.932327 -0.319938 -0.732963 -0.922913 0.800040 0.000184 0.686140 0.530167 0.293223 0.058987 1.138051 1.281828 1.641142 0.306016 0.229741 0.170763 -0.108237 -0.474986 -0.133401 -0.490495 0.047395 -0.307866 
0.000000 -32.388151 -5.852666 -15.443327 -5.344961 -1.594658 -4.274417 1.372737 -0.152907 1.537180 1.592245 0.647406 -0.501688 -7.358767 2.313399 -0.850057 1.124867 1.057835 -0.105793 0.371237 -0.514876 -0.002938 -0.510940 -0.058780 -0.472439 5.437860 0.286685 3.693244 0.408627 1.665073 1.484774 -0.236249 0.485155 -0.916117 -0.197544 -0.152964 0.122862 
0.000000 -39.281725 -1.805461 -14.911034 -1.444635 2.681316 -2.930582 2.527363 -0.053133 1.015287 0.479238 -0.065249 -1.375106 2.235477 0.740893 4.454161 0.497316 2.597183 2.046635 0.327543 0.970494 -1.146093 0.135079 -0.012704 0.304711 7.949298 -3.166945 2.910523 -1.188575 -0.593383 0.825223 -0.510057 0.601240 -0.415362 0.412975 0.258164 0.699556 
0.000000 -27.917196 -4.370880 -6.535004 -4.350328 3.599708 -0.181147 2.027823 1.788082 -0.755006 1.862402 0.621998 0.107734 8.539830 -4.020492 4.970989 -1.252284 -0.128931 1.544653 -0.648878 0.687605 -0.833661 0.315011 0.457548 0.926673 -1.924920 -2.532312 -1.903127 -0.230067 -1.509554 -0.902134 -0.791776 -0.905239 0.649335 -0.169104 -0.025063 -0.187497 
0.000000 -22.202065 -9.846445 -4.969057 -3.949203 2.423453 0.158724 1.229607 1.322077 -0.652035 1.109260 0.849848 0.478241 -1.614363 -4.323731 0.647908 0.037183 -0.421926 0.242367 -1.256010 -0.839984 0.152577 -0.203130 -0.062829 -0.070283 -9.038110 0.814455 -2.103247 0.907863 0.830289 -0.967619 -0.286487 -0.528485 0.274494 -0.142141 -0.407044 -0.568416 
0.000000 -31.145922 -13.018341 -5.239187 -4.275963 2.755856 0.303587 -0.484197 0.108115 -0.449852 1.456142 0.496340 -0.032833 -9.536391 -2.391582 0.764495 0.563442 1.531647 -0.390585 -1.221853 -0.369366 -0.284674 0.030728 -0.356541 -0.210158 -3.490163 1.575995 0.096011 0.819785 0.186167 -0.397839 0.523158 0.152790 -0.044177 -0.108271 -0.126187 -0.229797 
0.000000 -41.274847 -14.629609 -3.440067 -2.822319 5.486747 -0.622447 -1.214098 0.583345 -1.221382 1.170716 0.136766 0.057925 -8.594688 -1.171742 0.839931 1.676754 -0.049591 -0.553312 -0.209694 -0.534403 0.064223 -0.419673 -0.315203 -0.529878 8.367794 1.344827 -0.426657 0.923787 -1.482069 0.608662 0.731378 -0.190351 0.334629 -0.101206 0.221680 -0.100741 
94.716957 -48.335299 -15.361824 -3.559326 -0.922455 2.656674 -0.803036 -0.903585 -0.960690 -0.321406 0.616795 -0.134065 -1.092588 7.199198 0.298071 -0.088820 2.411016 -1.432492 0.826738 0.240904 -0.750068 0.384584 -0.171683 0.086819 -0.411639 10.236025 0.854976 -0.564377 0.074786 0.141536 0.801899 0.161283 0.219313 -0.032729 0.236153 0.206270 0.383384 
0.000000 -26.876451 -14.033466 -3.617707 1.999713 2.621763 1.031029 -0.732291 -0.916791 -0.452213 0.827350 0.310404 -0.765354 11.877362 0.538210 -0.288824 1.826325 0.233481 1.050486 0.112872 -0.095776 -0.001234 0.052634 0.097337 0.236891 -3.525932 -0.445139 -0.780516 -1.110877 0.967938 -0.315909 -0.102453 0.368148 -0.122266 -0.046535 0.048641 0.326625 
0.000000 -24.580574 -14.285404 -4.136975 2.730194 3.123637 1.297936 -0.677841 -1.152242 -0.323874 0.722063 0.060608 -0.618806 0.147334 -0.592207 -1.649852 0.189262 0.503384 0.194920 0.035997 -0.013772 0.140053 -0.264754 0.184101 0.241610 -7.324851 -0.132848 -0.617661 -0.620199 0.162697 -0.332569 0.370866 0.351045 0.235634 -0.094962 0.056745 0.186067 
0.000000 -26.581784 -15.217879 -6.917410 2.378237 3.628531 1.420869 -0.660297 -0.944335 -0.172107 0.297842 0.678606 -0.282134 -2.772339 0.272513 -1.524145 0.585928 0.558876 0.385348 0.854604 0.606314 0.470033 -0.137291 0.210826 0.609026 -1.866856 0.744281 0.021827 0.577463 -0.778717 0.176200 0.084003 0.248383 0.003764 0.247439 -0.315107 0.013224 
0.000000 -30.125251 -13.740377 -7.185265 3.902049 4.241389 2.068633 1.031366 0.060387 0.616192 0.447481 0.482260 0.599245 -3.586379 0.896355 -1.606198 1.344189 -1.054049 0.547321 0.204003 0.482994 0.147582 0.230124 -0.446112 0.268058 0.160921 -1.081367 0.140701 -0.890413 -0.377272 -0.364705 -0.765468 -0.552431 -0.266203 0.078954 -0.183845 -0.447252 
0.000000 -33.754543 -13.425169 -10.129807 5.066615 1.520433 2.515511 -0.252290 0.021653 0.123057 0.758090 -0.213618 0.253982 -2.450497 -1.890220 -1.242743 -1.194899 -0.195668 -0.344063 -0.676333 -0.498548 -0.062374 0.020618 -0.156864 -0.285478 4.665029 -0.240159 3.339811 -1.188251 1.553252 -0.514685 0.146590 -0.283484 0.056885 -0.102851 0.299305 -0.223305 
0.000000 -35.026246 -17.520816 -9.670752 1.512251 3.850053 1.380507 -0.321301 -0.936709 0.491445 0.488717 0.168533 0.028290 5.743679 0.416037 5.073424 -1.032314 2.052454 -0.482048 0.497183 -0.083975 0.261353 0.024422 0.152498 -0.178552 8.041466 3.992322 3.197970 1.051281 -0.368985 -0.020101 0.091591 0.449918 -0.242644 0.315052 0.634897 0.329386 
0.000000 -22.267185 -12.593094 0.017042 3.001987 5.625341 1.551414 0.742076 -0.146296 0.645762 0.806933 0.091379 -0.103123 13.632435 6.094425 5.153197 0.907663 -0.933638 -0.384265 -0.493152 0.401288 -0.547663 0.650722 1.112931 0.373293 0.434535 1.999847 -2.687758 0.744263 -2.078545 -0.113900 -0.856890 0.405747 -0.274557 0.190799 0.192810 0.598399 
0.000000 -7.761376 -5.331966 0.635642 3.327577 1.982776 0.611976 -1.307604 -0.134133 -0.603881 1.790161 2.394394 0.774877 6.612750 4.415731 -0.302092 0.456212 -2.104637 -0.709848 -1.216597 0.727519 -0.287761 0.406020 0.538118 1.018246 -8.720647 -2.142523 -3.304823 -0.264791 0.358897 0.081472 0.372623 0.036472 0.421252 -0.464195 -1.011254 -0.091620 
0.000000 -9.041684 -3.761633 -0.587142 3.914412 1.416067 0.131719 -1.691118 1.308741 0.070241 1.618973 1.167615 1.933369 -3.808859 1.809379 -1.456449 0.378081 -0.215845 -0.221322 0.252095 0.474231 0.294842 -0.277668 -0.909577 0.190054 -2.416469 -2.063804 0.070461 -0.998957 0.579395 0.189918 0.704348 -0.202330 -0.305206 -0.188872 -0.048305 -0.620802 
397.542725 -15.379094 -1.713209 -2.277256 4.083738 1.551087 0.169332 -0.803414 0.814330 -0.014197 1.234825 0.575240 1.154986 1.779813 0.288123 -0.161169 -1.541701 -0.945847 -0.330011 0.192099 0.322858 -0.898173 0.028276 0.441507 -0.223358 5.189715 -1.695373 0.992953 -1.438451 -0.714751 -0.024067 -0.041890 -0.155100 -0.464202 0.342461 1.026864 0.061513 
0.000000 -5.482059 -3.185387 -0.909481 0.831009 -0.475626 -0.528302 -1.306920 1.954458 -1.726105 1.675526 2.050630 1.486652 6.570571 -1.581367 0.529457 -2.498821 -1.645347 -0.269457 0.168315 0.164031 -0.633562 0.407254 1.144152 0.313081 -0.494050 -0.311816 0.198040 0.597108 0.627835 0.558364 0.234748 -0.769594 0.810030 0.052879 -0.048993 -0.018377 
0.000000 -2.237952 -4.875942 -1.218342 -0.913905 -1.739607 -0.369582 -0.466783 1.142393 -1.281321 2.049334 2.863544 1.781148 0.791712 -0.335509 0.234911 -0.347486 0.309824 0.786718 0.661595 -1.216331 0.721887 0.134035 0.343522 -0.260112 -5.868794 0.486315 0.192482 1.362352 1.821117 0.164839 0.134228 -0.325825 0.535267 -0.258699 -0.652413 -0.391925 
0.000000 -3.898635 -3.856405 -0.439658 0.136036 0.144022 1.045133 0.016270 -0.478204 -0.282330 1.943595 2.737674 0.966428 -5.167018 -0.608737 0.914421 0.225883 1.996886 0.060221 0.436772 -0.487618 0.436972 -0.110144 -0.160674 -0.470768 -2.816662 -1.986111 0.421316 -0.547580 0.357434 -0.467280 -0.491437 0.594866 -0.303683 -0.198935 -0.315133 0.096946 
0.000000 -12.571987 -6.093416 0.610500 -0.462138 2.254166 -0.249140 0.406760 0.167157 -0.407377 1.829046 2.542195 0.839611 -4.841613 -4.307730 1.077543 -1.442647 1.024691 -0.147842 -0.321279 -0.026598 0.114521 -0.263835 -0.286745 -0.066220 2.256198 -2.055695 -0.092284 -0.499887 -1.381701 -0.200673 -0.613769 -0.014305 -0.103309 -0.401091 -0.490198 0.014030 
0.000000 -13.581861 -12.471865 1.715428 -2.749258 2.193405 0.749449 -0.626288 -0.531400 -0.053288 1.415926 2.164183 0.833989 -0.654622 -4.720127 0.729853 -0.773891 -0.766516 -0.341125 -0.790767 -0.516228 0.230354 -0.912327 -1.141071 -0.442708 1.980490 2.310143 0.844431 2.593438 -0.492148 0.103045 0.516153 0.448368 0.278707 -0.224736 -0.183480 0.121312 
0.000000 -13.881230 -15.533671 2.070206 -2.009919 0.721133 -0.931391 -1.174774 -0.865299 0.053330 0.004393 0.260053 -0.045804 -0.880632 0.312556 2.766405 3.744229 0.040395 0.058248 0.711027 0.870139 0.671935 -0.713307 -0.653705 0.176404 -0.357985 4.468109 0.856231 2.934781 0.374830 -0.123028 0.806477 0.823437 -0.059678 0.512094 0.890706 0.768000 
0.000000 -15.343125 -11.846753 7.248238 4.739199 2.274194 0.865945 0.795767 1.208877 1.290581 -0.010689 0.856774 1.186796 -1.370591 4.216091 2.442315 5.095672 -0.016857 -0.587181 0.822188 1.130646 0.110998 0.111861 0.640342 1.093293 0.954413 0.516439 -1.804700 -1.389692 -0.841824 -1.195341 -0.560361 -0.297285 -0.443430 0.342703 0.611537 0.158998 
0.000000 -16.622412 -7.101488 6.954837 8.181425 0.687420 -2.105752 0.469602 1.395993 0.275326 0.228115 1.540736 2.140782 1.028194 1.345433 -0.842995 0.964844 -1.643253 -2.332433 -0.409695 0.275568 -0.214926 -0.027901 0.569370 0.494400 2.852318 -2.402314 -2.041084 -4.151177 -0.001223 -0.019168 -0.384060 -0.810938 0.149021 -0.162860 -0.318588 -0.622086 
0.000000 -13.286737 -9.155886 5.562249 6.668886 -1.012313 -3.798920 -0.023622 1.760014 0.860729 -0.066492 1.995513 2.175597 4.334046 -0.588537 -1.639853 -3.206681 -0.019303 -0.625516 0.054068 -0.491231 0.409041 -0.213859 0.003166 -0.150880 0.027689 0.859593 -0.857871 -2.021613 1.312115 2.076982 0.418260 -0.721698 0.229655 0.054301 -0.419647 -0.636370 
0.000000 -7.954319 -8.278562 3.675131 1.768064 0.648814 -3.356785 0.577737 0.413531 1.093408 -0.199602 1.547069 1.839021 1.083573 3.064620 -2.558737 -3.078382 0.980978 1.821531 0.426825 -1.167827 0.244384 0.080700 -0.269925 -0.778340 -3.576944 2.201832 -0.191568 0.849314 0.380373 1.445833 0.387241 0.138407 -0.213030 -0.340742 0.010981 -0.396090 
0.000000 -11.119591 -3.026646 0.444774 0.512122 0.949643 -0.155859 0.830028 -0.575640 1.349497 0.094909 1.455664 0.618917 -2.819842 3.815128 -2.022989 -1.508053 0.741443 2.266150 0.828549 -0.214417 -0.017019 -0.895342 0.025129 -0.943061 -0.018075 -0.699401 1.207411 0.551435 -0.768310 -0.302229 0.344022 0.465214 -0.104329 -0.439299 0.192270 0.146865 
0.000000 -13.594004 -0.648306 -0.370848 -1.248043 2.131701 1.175516 2.234836 -0.015304 1.059370 -1.990286 1.597326 -0.047101 1.047422 1.665818 -0.143916 -1.975511 -0.555642 1.217073 1.114869 -0.237399 0.035725 -0.797898 0.114616 -0.484611 2.786644 -1.929436 1.353904 0.199503 -1.185115 -0.860045 -0.339996 -0.185028 0.327690 0.645323 0.079453 0.416343 
0.000000 -9.024746 0.304991 0.156942 -3.438899 -0.161641 2.278286 3.059766 -1.050437 1.420948 -1.500887 1.684895 -0.350304 2.753446 -0.043745 0.684819 -1.109048 -1.628787 0.546060 0.148557 -0.584473 0.638362 0.395304 0.184035 -0.110375 -2.546076 -0.751068 0.417134 1.584797 0.312552 -0.666140 -0.936544 0.166292 -0.021555 0.718396 -0.108673 0.341168 
0.000000 -8.087112 -0.735795 0.998790 -3.466140 -1.125874 2.267636 2.531950 -1.184251 2.336094 -1.199679 1.965396 -0.267850 -4.044729 0.163683 0.690353 1.194082 0.069462 -0.115208 -0.758220 0.095184 -0.007384 0.638893 -0.102730 0.197725 -1.192963 0.733456 -0.911983 1.019653 0.501160 -1.019746 -0.799351 0.497927 -0.768855 0.477281 -0.124050 0.253545 
0.000000 -17.114204 0.632358 1.537647 -1.050734 -0.022716 2.047871 1.543327 -0.860069 1.406180 -0.223100 1.479435 0.045145 0.367520 1.423168 -1.139146 0.930257 -0.626467 -1.493431 -1.450145 0.411381 -0.899347 1.349866 -0.064065 0.396715 5.700546 -0.932044 -1.558947 -1.042499 -1.010974 -0.502859 0.399939 0.328407 -0.423735 0.013882 -0.118637 -0.077563 
0.000000 -7.352071 2.110541 -1.279503 -1.605626 -2.378808 -0.719226 -0.368340 -0.361489 0.537400 1.500053 1.837266 0.525580 7.356364 -1.700404 -2.427541 -0.890915 -1.952486 -1.120925 0.041659 0.751999 -0.854854 0.666658 -0.340003 0.042600 0.765372 -1.961777 0.108999 -0.566377 -0.060443 0.839837 1.352834 0.039653 0.166655 -0.928214 -0.299291 -0.275445 
312.584991 -2.401476 -2.768450 -3.317434 -2.832564 -3.927688 -0.193980 1.626644 0.643929 -0.303527 1.110217 0.799429 0.130345 1.898265 -2.500386 -0.921148 -0.202496 -0.747354 0.186244 1.255523 0.490687 -0.566036 -0.506563 -0.662647 -0.154175 -4.984877 1.670123 1.134692 0.834351 1.075450 0.454887 -0.204362 -0.474360 0.680848 -0.351768 0.031006 0.097957 
399.856659 -3.555542 -2.890230 -3.121800 -2.010618 -3.873516 -0.346739 2.142707 0.619886 -0.594673 0.486927 0.511973 0.217230 -2.613389 1.639842 -0.158156 0.777787 0.198414 -0.211152 -0.367066 -0.196720 0.506843 -0.036878 -0.277992 0.238514 -4.417509 3.123385 -0.563179 0.620495 0.652721 -0.172309 -0.550275 -0.335829 0.434670 0.607049 0.205089 0.236030 
0.000000 -7.628254 0.511235 -3.633747 -1.276990 -3.530859 -0.616283 0.892512 0.250488 0.710159 1.036461 0.243444 0.607373 -6.936753 3.746384 -2.047506 1.038494 0.558088 -0.158373 0.154973 -0.180972 0.303304 0.707536 -0.252469 0.317885 -2.745787 0.655935 -1.117090 0.151194 0.153036 -0.037193 1.028202 -0.317756 -0.193326 0.158146 -0.216868 -0.092798 
0.000000 -17.429047 4.602538 -7.216811 0.066370 -2.757339 -0.663486 2.452653 0.257942 0.011936 1.901999 0.007035 0.852999 -8.104963 2.951711 -2.392337 1.080174 0.504486 -0.285538 1.689338 -0.832232 0.120190 0.279413 -0.711729 0.052919 2.116625 -2.228981 2.342291 -1.487522 0.612568 -0.603729 0.185150 -0.602192 -0.172909 -0.737682 -0.150308 -0.367147 
0.000000 -23.838180 6.414658 -8.418421 0.883359 -2.521887 -1.187360 4.271187 -1.413976 0.950540 1.595287 -1.180013 0.713210 -2.703502 -0.711577 2.637076 -1.936550 1.783224 -1.365831 0.525273 -1.385355 -0.042514 -0.767829 -0.553085 -0.416409 5.004092 -2.534478 4.144259 -1.229561 -0.478207 0.148293 -1.604237 0.403104 -0.408175 -0.102596 0.486721 -0.205555 
301.181854 -22.836052 3.179383 -1.942658 -3.806730 0.809110 -3.395149 3.503199 -2.512768 -0.073093 0.366340 -1.099134 0.020181 1.903221 -2.117244 5.896182 -1.378947 -0.451928 0.011047 -1.519137 -0.026024 -0.696161 0.074221 0.261714 -0.358192 3.076530 -0.070344 0.704853 2.075663 -3.006016 1.721869 -1.101159 1.519694 -0.261534 1.021080 0.201896 0.126675 
305.319641 -20.031739 2.180169 3.373942 -1.874535 -3.425743 -1.165265 1.232913 -1.466023 -0.441782 1.743728 -0.656586 -0.003174 3.449557 -0.852266 4.046782 2.214777 -4.228808 2.077906 -1.677044 1.654032 -0.565583 1.274331 -0.149293 -0.163060 0.116702 1.102326 -1.983077 0.867239 -0.775870 0.597548 1.006269 0.755607 0.482586 -0.196680 -0.120558 0.298589 
334.684326 -15.936938 1.474852 6.150905 0.622825 -7.648507 0.760663 0.149111 0.795296 -1.204258 2.915002 -1.397720 -0.305938 2.136625 0.087408 1.930029 0.355531 -2.003668 1.206144 0.493400 1.485190 0.269010 -0.319140 0.020599 0.238987 -2.578184 -1.063196 -0.519138 -2.257491 3.221746 -1.203597 1.349396 -0.694358 0.749916 -1.239903 0.448286 0.369113 
381.750610 -15.758489 2.354985 7.233999 -1.163472 -7.433079 1.247023 2.219713 1.504356 0.096239 1.105448 -0.615389 0.474799 -1.706810 -2.978658 3.008505 -2.300205 2.214685 -0.329289 1.021749 0.265317 0.934250 -1.205476 0.747278 0.575167 -3.585288 -2.652626 -0.021310 -1.557994 2.508675 -0.798471 -0.204788 -0.638901 0.164728 0.026441 0.401916 -0.002122 
0.000000 -19.350558 -4.482464 12.167916 -3.977584 -3.219138 0.102086 2.192608 1.325929 0.664241 0.504049 0.096837 0.844396 -5.033950 -5.217845 1.887408 -2.760457 3.013681 -0.390799 0.083825 0.207388 0.598467 -0.266258 0.824430 0.234743 -0.044838 1.294584 -2.151830 0.520905 -0.873046 0.407307 -0.586203 -0.312486 -0.608096 0.514850 -0.310675 -0.506851 
0.000000 -25.826390 -8.080704 11.008814 -6.684387 -1.405717 0.465426 2.387362 1.919133 1.293174 0.572931 1.033471 0.944286 -1.796486 -0.389490 -1.295155 -1.258395 0.468593 0.485324 -0.150658 -0.359656 -0.281942 -0.175776 0.125929 -0.438536 6.187545 3.860946 -2.848135 2.433041 -1.991161 0.514792 -0.200805 -0.818601 -0.757628 0.601932 -0.608590 -0.308361 
0.000000 -22.943529 -5.261444 9.577606 -6.494375 -2.281952 1.072734 1.891291 0.606617 0.100356 0.152498 0.348695 -0.032675 7.341139 2.504048 -3.808862 2.105625 -0.968640 0.638786 -0.317785 -1.429813 -0.916790 0.937606 -0.392750 -0.381979 4.242815 0.774096 -1.435855 1.706662 -0.394174 -0.055473 -0.007101 -0.347650 0.068402 0.700217 -0.015433 0.255928 
0.000000 -11.144111 -3.072608 3.391090 -2.473137 -3.342997 1.742998 1.751792 -0.940493 -0.540405 2.448144 0.247970 0.180328 6.689144 1.158702 -4.166866 2.154928 -0.319756 0.374378 -0.164860 -1.054957 -0.145139 1.224659 0.095063 0.073320 -6.029833 -0.914481 1.499504 -0.363853 1.037304 -0.474515 0.257179 0.544733 0.753141 -0.556174 0.246230 0.159583 
0.000000 -9.565242 -2.944040 1.243874 -2.184519 -2.921463 1.821490 1.561571 -1.503297 -0.189923 2.601815 0.538820 0.113965 -4.718527 0.675086 -0.809854 1.377919 1.105969 -0.310244 0.196574 -0.340347 0.589492 -0.174741 0.099710 -0.062814 -5.784723 -0.155337 1.783845 -0.996359 0.749393 -0.725485 -0.130485 0.287337 0.200342 -0.804818 0.152333 -0.046251 
0.000000 -20.581165 -1.722435 1.771381 0.282701 -1.131060 1.122509 2.144939 -1.621188 0.638578 2.098662 0.447390 0.054701 -4.880302 0.848028 -0.599175 0.162210 1.179030 -1.076593 -0.425830 -0.480284 0.255545 -0.384978 0.399729 -0.019181 6.990937 -1.215399 -0.728324 -1.744279 -0.794881 -0.734995 -0.558205 0.368718 -0.453787 -0.092925 0.285791 0.015919 
0.000000 -19.325845 -1.247985 0.045523 -1.860099 -0.563404 -0.331696 0.709911 -2.463864 0.321168 1.831860 1.338278 0.075602 9.263347 -1.755711 -2.266503 -2.110639 -0.483794 -1.780235 -0.919836 0.397088 -0.318083 -0.360591 0.671292 -0.030976 6.862532 -1.601784 -0.670955 -0.508281 -0.684856 0.085447 0.374158 1.032929 -0.318037 -0.067588 -0.544887 -0.342169 
0.000000 -2.054471 -5.233858 -2.761625 -3.938577 -2.098648 -2.437960 0.305268 -0.827012 0.002411 1.377480 1.789974 -0.007251 8.844761 -2.355541 -1.941085 -0.854351 -0.190683 -0.905699 0.322485 1.585575 -0.380529 -0.520153 -0.690044 -0.703520 -4.303798 0.674900 0.894289 1.187325 0.625637 1.209207 0.529442 0.043715 0.299281 0.064446 -0.569714 -0.078930 
0.000000 -1.636322 -5.959067 -3.836647 -3.568801 -0.944771 -2.143093 1.354881 0.707285 -0.439891 0.791554 -0.041809 -1.331438 0.655750 -0.405911 -0.477926 0.264010 0.767481 0.638180 0.139048 0.484518 0.280479 -0.231699 -0.468136 -0.188835 -4.199043 1.156118 1.000335 0.466737 0.190613 0.698222 -0.354122 -0.934103 0.441080 0.290709 0.568900 0.588389 
392.109863 -0.742971 -6.045680 -3.717476 -3.410557 -0.563685 -1.161601 0.583364 0.142023 0.563369 0.914082 0.853702 -0.384920 0.446676 -0.043306 0.059585 0.079122 0.190543 0.490746 -0.385759 -0.282631 0.501630 0.061264 0.447756 0.473259 -0.104537 0.181302 0.268755 -0.092444 -0.288469 -0.073717 -0.262403 -0.383574 0.110576 0.146481 0.457946 0.331047 
