0.000000 -28.638232 -14.947234 -1.928231 4.422475 -0.877758 -5.588029 -2.710755 -2.750157 -1.699746 -1.640546 -0.831447 -0.819286 0.869288 0.509413 0.550663 0.262327 0.856070 0.091986 0.009229 0.117458 0.461780 0.283993 -0.081451 0.101857 -1.283240 -0.454223 -0.316845 -0.064965 -0.084133 0.200418 0.309967 0.546498 0.179643 0.046959 0.237096 0.147995 
0.000000 -26.899657 -13.928408 -0.826905 4.947130 0.834382 -5.404056 -2.692297 -2.515240 -0.776186 -1.072559 -0.994348 -0.615572 -1.697192 -0.399033 -0.083027 0.132397 0.687805 0.492822 0.629164 1.210454 0.821066 0.377912 0.392741 0.397847 -3.125166 -1.099816 -0.865863 -0.073574 -0.480535 0.508724 0.647884 0.753276 0.151031 -0.098123 0.220009 0.303774 
0.000000 -32.032617 -15.745299 -2.094286 4.687268 0.497851 -4.602385 -1.452428 -0.329250 -0.057615 -0.884722 -0.045965 -0.023592 -5.381043 -1.690220 -1.181062 0.115180 -0.105001 1.109435 1.304997 1.624011 0.763843 0.087748 0.358567 0.709405 -2.525919 -0.226261 -0.338251 -0.117423 -0.207906 0.038405 0.058123 -0.413898 -0.154867 -0.229603 -0.386384 0.068718 
0.000000 -37.661744 -17.308848 -3.189030 5.177489 0.624380 -3.185187 -0.082304 0.732781 0.751501 -0.897063 -0.277215 0.803238 -6.749031 -0.851555 -0.759528 -0.102449 0.271992 0.569633 0.745409 0.382658 0.511332 -0.081294 -0.380028 0.535283 -1.086455 1.700998 0.368832 -0.699645 -0.054262 -0.448212 -0.243594 -0.884643 -0.130534 -0.189641 -0.134359 -0.136090 
0.000000 -45.530679 -17.448408 -3.613343 4.482370 1.041834 -3.463120 0.038390 0.436065 0.965049 -1.047310 -0.806021 1.046974 -7.553954 1.711777 -0.443398 -1.284111 -0.213524 0.213010 0.817810 -0.145274 0.502775 -0.291534 0.089849 0.437225 1.216247 2.560952 1.141089 0.574475 -0.628377 0.816597 0.201643 0.068079 -0.763781 0.343611 0.291568 -0.527095 
0.000000 -52.769652 -13.885294 -4.075825 2.609266 0.197331 -2.759166 1.553315 0.442233 1.757050 -1.480132 -0.097517 1.677688 -4.316538 4.270350 1.522649 1.046501 -0.984762 2.202828 1.148696 0.518816 -1.016230 0.605928 0.203109 -0.518907 7.814225 -0.520080 1.834884 2.625988 0.192892 0.572498 -0.451351 0.625278 -1.129246 0.721762 0.120030 -0.673281 
0.000000 -54.163755 -8.907709 -0.568044 6.575372 -0.927689 0.942535 2.335782 1.473696 -1.067411 0.164546 -0.399803 0.009161 8.074495 0.671617 3.226370 3.967864 0.172259 1.358007 -0.084893 1.105283 -1.755717 1.151989 0.329909 -0.909336 7.511620 -3.455443 -0.009965 0.401747 0.739031 -0.900533 -0.758106 0.084223 0.479389 -0.410504 0.128682 0.067123 
0.000000 -36.620662 -12.542061 2.376916 10.544994 0.541849 -0.043153 1.383529 2.652799 -1.754384 0.823846 0.562302 -0.140985 10.706702 -2.640536 1.502719 1.849995 0.493299 0.401761 -0.367516 0.687261 -0.057452 -0.215081 0.460472 -0.384660 -4.018891 -0.728159 -1.741450 -2.091718 -0.414884 -0.324504 0.020176 -0.630014 1.015175 -0.844080 -0.313329 0.362924 
235.678452 -32.750352 -14.188781 2.437395 10.275362 0.058910 1.746057 1.600750 2.848219 -1.182316 -0.265615 0.521141 -0.760158 0.036714 -0.784702 -0.256529 -0.215571 -0.657509 0.708999 -0.044542 -0.154745 0.274633 -0.536171 -0.296749 -0.183488 -6.491408 2.050291 -0.842736 -0.217134 -0.131339 -0.351838 -0.078240 0.123140 -0.126890 0.058832 -0.509838 0.325954 
0.000000 -36.547234 -14.111466 1.863857 10.113852 -0.773169 1.374845 1.294445 2.343309 -1.205119 -0.248497 -0.031196 -0.507960 -2.276114 1.460046 -0.182752 1.415727 0.230621 -0.301916 -0.523995 0.933542 -0.311232 -0.097417 -0.559205 0.267248 -0.854069 1.301421 0.309779 0.679933 0.277748 -0.063910 -0.004797 0.460967 -0.332106 0.234080 0.134195 0.142259 
0.000000 -37.302580 -11.268689 2.071890 13.106816 0.520151 1.142224 0.552760 4.715304 -1.804780 -0.460448 -0.597269 -0.225662 -1.671425 1.818141 0.363028 1.144294 -0.102013 0.581179 -0.054135 0.767189 -0.389580 -0.068012 -0.028359 0.101031 -1.058439 -1.199158 0.020029 -1.557845 -1.273729 0.799136 0.420915 -1.049858 0.133462 0.105560 0.444927 0.081346 
0.000000 -39.890083 -10.475185 2.589914 12.402440 -0.977195 2.537202 1.186175 3.877687 -1.984280 -0.384520 -0.087913 -0.305899 -4.392992 -0.938270 -0.142694 -1.699963 -2.316837 1.296355 0.317834 -1.166174 -0.044308 0.113703 0.330650 0.429940 -1.167301 -1.889780 -0.944105 -1.276409 -0.663600 -0.372814 0.313210 -0.713373 -0.044045 0.232095 0.076551 -0.139437 
0.000000 -46.088565 -13.145230 1.786503 9.706890 -4.113522 3.734935 1.188428 2.382956 -1.893395 -0.233042 0.064030 0.634218 -4.006027 -1.961418 -1.525182 -1.408524 -1.429214 -0.164450 0.572284 -0.659556 -0.477670 0.396177 0.124743 -0.177843 0.291211 0.676920 -0.962154 0.106658 1.426465 -1.461126 0.051104 0.499301 -0.177696 0.185847 0.029433 -0.746670 
0.000000 -47.902137 -14.398022 -0.460451 9.585392 -3.835622 2.208302 2.330744 2.558575 -2.939621 0.407834 0.161573 -0.661586 -3.810570 0.415570 -2.067001 -1.486647 0.536094 -1.625896 0.420043 -0.167573 -0.399700 0.485397 0.389515 -1.063399 -2.566784 3.134461 0.621447 -2.088411 1.504522 -0.315431 -0.744198 -0.293330 0.966653 -0.338836 -0.140467 0.268114 
0.000000 -53.709705 -12.314089 -2.347499 6.733597 -3.041335 0.483142 2.028513 2.047811 -2.692796 0.737751 0.843061 -1.492580 -9.139595 4.307504 -0.282289 -5.585347 1.579831 -0.795311 -0.916113 -1.246215 1.455636 -0.281494 -0.156190 0.358385 6.936211 -0.528452 0.495515 -0.526087 1.683505 0.849398 -1.492020 -1.099475 0.561188 -0.424025 -0.657167 0.852525 
0.000000 -66.181327 -5.783014 -1.025028 -1.585301 -0.675961 0.617679 0.498519 0.066144 -0.028349 -0.155154 -0.150807 0.055184 10.061853 -0.641333 -1.075970 -2.538821 3.903103 0.072900 -2.563998 -2.366522 0.722677 -0.362653 -0.924819 0.641652 15.092012 -4.471928 -1.123975 3.010744 -0.233682 0.076216 -0.123758 0.380090 -0.639970 0.164513 -0.565383 -0.625654 
0.000000 -33.586000 -13.596755 -4.499440 1.655955 4.764872 0.628941 -3.099482 -2.685233 -1.247443 0.012444 -1.006576 -0.209276 21.044429 -4.636351 -2.530239 0.436141 1.112466 -0.642879 -1.163628 -0.486036 0.175696 0.047531 -1.286956 -0.892923 -2.252556 0.076244 0.127553 0.557927 -3.094958 -0.196048 1.946678 1.798158 0.389219 0.586976 0.437611 -0.634335 
0.000000 -24.092470 -15.055717 -6.085507 -0.713019 1.548970 -0.668078 -1.828737 -0.905927 0.323043 -0.060092 -2.724720 -1.730663 5.556741 -0.488844 -0.820864 -1.422967 -2.286813 -0.319196 1.329358 1.229794 1.501114 0.811298 -0.049596 -0.627019 -10.781122 1.937002 0.825233 -0.836523 -1.587080 0.057154 0.953127 0.506225 0.362491 0.401434 1.218643 0.735743 
0.000000 -22.472517 -14.574444 -6.141167 -1.189978 0.191246 -0.009452 -0.440766 -0.225645 1.754785 1.635040 -1.105769 -1.463315 -0.517816 -0.762347 -0.879773 -1.236904 -2.061694 -0.528571 0.742625 0.526415 0.900678 0.850399 1.150330 0.578563 -3.922325 0.248456 0.004084 0.294457 0.666195 -0.101526 -0.331679 -0.560596 -0.497887 -0.420134 0.187273 0.593277 
0.000000 -25.128101 -16.580410 -7.845053 -3.186827 -2.574419 -1.725220 -0.343487 0.146903 2.124399 1.640706 -0.424059 -0.573536 -2.287908 0.008068 -0.812697 -0.834052 -0.954422 -0.522248 0.666001 0.108602 0.505339 -0.028970 0.324949 0.559535 -2.267119 1.359980 0.645168 0.820905 1.326853 0.495661 0.044031 -0.198526 -0.407980 -0.514671 -0.648695 -0.234868 
0.000000 -27.048333 -14.558307 -7.766560 -2.858083 -1.717597 -1.053948 0.891235 -0.008441 2.765463 1.577101 -0.455871 -0.344246 -5.052054 1.957614 0.410563 0.404906 0.592012 0.462752 0.830688 0.129362 0.084718 -0.178944 -0.147060 0.108828 -1.496195 -0.161643 0.368119 0.218873 0.753420 0.432795 -0.263856 -0.185693 -0.491909 0.108340 -0.276959 -0.333006 
87.479149 -35.232209 -12.665182 -7.023927 -2.377015 -1.390395 -0.799717 1.317890 0.405627 2.293836 1.282819 -0.718179 -0.355879 -5.280299 -0.315218 -0.076458 -0.396306 0.552418 0.343342 0.138289 -0.262784 -0.478479 0.187710 -0.228970 -0.106478 -1.092615 -0.598275 0.802202 0.019602 0.320961 -0.203279 -0.479716 -0.472928 -0.786958 0.059775 0.118750 -0.115509 
0.000000 -37.608932 -15.188743 -7.919475 -3.650694 -0.612762 -0.367264 1.167813 -0.534008 1.808504 1.952521 -0.913811 -0.557201 -7.237283 0.761064 2.014966 0.444109 1.233935 0.056194 -0.128745 -0.816493 -1.489197 -0.059393 0.090440 -0.122190 4.501247 2.459563 0.463295 1.114854 -0.568307 -0.815879 -0.751677 -0.143314 -0.161944 -0.296998 -0.135294 0.045506 
0.000000 -49.706776 -11.143055 -2.993995 -1.488796 1.077474 -0.687329 1.060401 -1.227359 -0.684558 1.164034 -0.537299 -0.600259 3.722194 4.603907 0.850131 1.833401 -0.584196 -1.288415 -1.365064 -0.549412 -0.802367 -0.406286 -0.499557 -0.015466 9.409138 1.109087 -1.793281 -0.097793 -0.824618 -0.296767 -1.765154 0.899210 0.913229 -0.145983 -0.465473 -0.085679 
0.000000 -30.164544 -5.980929 -6.219212 0.016108 -1.781154 -2.944095 -1.562316 -1.632833 0.203770 1.139950 -1.912926 -0.588132 11.580992 2.979237 -1.571596 0.248523 -0.415302 -0.537339 -3.659053 0.981927 0.337262 -0.351358 -0.840507 -0.293548 -1.715920 -2.707670 -0.028101 -0.955462 1.370232 1.145533 -0.374138 0.585124 0.170860 -0.251404 0.333148 -0.043284 
354.560394 -26.544792 -5.184580 -6.137186 -0.991750 0.246871 -1.762008 -6.257705 0.736495 -0.010035 0.461317 -2.218313 -1.187356 0.290353 -0.811432 0.793929 -0.077524 2.156268 1.002650 -2.113340 0.620835 -0.460648 -0.909094 0.166738 -0.102033 -5.331108 -2.718017 1.528498 -0.020429 0.231678 0.499305 2.770999 -1.130429 -0.299714 0.181278 0.553020 0.233056 
0.000000 -29.583837 -7.603792 -4.631355 -0.138939 2.531382 -0.938795 -5.788996 -0.391162 -0.717525 -0.678238 -1.579450 -0.792198 0.918776 -2.456797 1.485400 0.207666 0.048053 0.461270 1.882945 -1.278931 -0.262166 0.011197 0.265533 0.172564 1.421956 0.072154 -0.180790 -0.854925 -2.422092 -0.634573 2.066298 -0.492227 0.587442 1.052639 0.131100 0.005225 
0.000000 -24.707241 -10.098174 -3.166386 -0.576418 0.342977 -0.839467 -2.491815 -1.821367 -0.534367 0.483712 -1.687247 -0.842229 3.134266 -0.667124 0.432349 -1.787373 -2.687916 -0.266496 2.019257 -0.363618 0.714235 1.196184 0.428938 -0.091583 -1.183903 1.733759 -1.187109 -0.851901 -0.894517 -0.247139 -0.299519 0.884589 0.072845 0.094588 -0.035430 0.080734 
371.998871 -23.315306 -8.938040 -3.766657 -3.713686 -2.844449 -1.471786 -1.750482 -1.118399 0.710945 1.714131 -0.721573 -0.975363 -1.449031 1.010720 -0.888818 -1.496136 -1.740981 -0.033008 1.283907 0.490247 -0.116476 0.200374 0.194673 0.334032 -3.472148 0.904227 0.046117 0.832640 0.373813 -0.270096 -0.563909 0.330849 -0.405874 -0.588620 -0.375583 -0.115318 
367.976868 -27.605303 -8.076733 -4.944022 -3.568691 -3.138984 -0.905483 0.076000 -0.840873 -0.767320 0.884460 -1.297901 -0.174164 -3.810031 1.141329 0.524583 -0.122093 -1.940290 -0.806688 0.891439 0.298081 -0.097512 0.018944 -0.322228 -0.322218 -1.750465 -0.533740 0.719806 1.114795 0.207384 0.142375 -0.573518 -0.304110 0.042557 0.004252 0.055218 -0.342535 
363.743591 -30.935368 -6.655381 -2.717491 -3.957872 -6.725030 -3.085163 0.032395 -0.522237 0.515920 1.752018 -1.366029 -1.619800 -4.949960 -0.056759 0.550793 0.733454 -1.326213 0.251741 0.136871 -0.117973 -0.031363 0.208878 0.305109 -0.351037 -0.414065 -2.217113 -0.556057 1.936771 0.733040 1.611874 0.392527 0.432844 -0.925035 -0.053069 0.412780 0.624755 
0.000000 -37.505223 -8.190251 -3.842437 -2.101784 -5.791411 -0.402001 0.349742 -1.076819 -0.830045 1.302215 -0.687683 -0.876238 -4.638161 -3.292896 -0.587531 3.751449 -0.474209 2.417060 1.676492 1.163770 -1.947582 -0.087195 0.503332 0.927292 3.269812 -1.238712 -0.291861 0.403480 -0.509388 -0.296420 0.435596 0.706955 -0.352975 0.110597 0.230374 0.444577 
0.000000 -40.211689 -13.241173 -3.892554 3.545026 -7.673448 1.748956 3.385380 1.805302 -3.379243 1.577629 -0.359365 0.234784 1.589664 -2.534182 -0.032930 1.540415 -2.344990 -0.341100 1.008064 1.295938 -0.737312 0.430072 0.765856 0.538117 3.630242 3.536097 1.218121 -2.292734 -0.529062 -1.963667 -1.417673 -0.898015 1.321582 -0.017637 -0.461318 -0.544799 
0.000000 -34.325895 -13.258615 -3.908296 0.979046 -10.481390 -1.084201 2.365870 1.515058 -2.304670 2.162359 0.844029 0.199996 2.622323 3.779299 1.848711 -0.834018 -1.532333 -1.510275 -1.158853 -0.632260 0.695582 -0.122468 -0.419303 -0.162305 -1.899775 4.798857 0.854731 -0.093105 1.281738 0.559912 -0.579251 -1.141501 0.540498 -0.722081 -0.854736 -0.364851 
0.000000 -34.967043 -5.682574 -0.195133 1.876991 -10.738115 -1.271594 1.067674 0.540782 -1.988079 1.332693 -1.197971 -0.089826 -2.209886 7.063532 1.676533 1.354205 0.218486 0.778725 -0.150438 -0.987064 0.343685 -1.014090 -0.943616 -0.191585 -3.404333 0.763353 -0.838257 1.398874 1.440961 1.194489 1.320875 -0.458552 0.344986 -0.350760 0.558026 -0.269823 
307.932129 -38.745668 0.868450 -0.555231 3.687456 -10.044418 0.473248 2.064995 -0.459071 -1.617300 0.134180 -1.043203 -0.183174 -4.186343 5.306004 0.172196 1.963730 1.349588 0.878703 1.482896 -1.549363 1.385555 -0.823987 0.696749 -0.701951 -0.001897 -2.103341 -1.489521 -1.565030 2.489213 0.375801 -0.484708 -0.739979 0.401557 0.897280 0.696476 -0.272549 
305.964417 -43.339729 4.929434 0.149259 5.804452 -8.038938 0.485812 4.033466 -2.557945 0.783031 -0.315282 0.195526 -1.493728 -2.213679 2.856850 -1.302509 -1.775855 5.196913 1.530327 -1.119853 -2.467021 1.146799 0.780470 0.449336 -0.736684 2.409840 -1.351057 -1.886706 -3.142215 1.442120 -0.657049 -1.634127 0.627649 -1.258557 1.266014 -0.377252 0.035931 
281.977142 -43.173027 6.582149 -3.160249 0.135746 0.349407 3.533902 -0.174712 -5.393114 0.676299 1.695121 -0.144532 -1.656541 0.633337 2.603890 -3.601216 -4.320700 4.233829 -0.435395 -1.785357 -0.294065 -1.131560 1.708041 -0.057756 -0.630088 3.086401 -1.531983 -1.454666 1.054288 -3.266755 -2.610301 1.110862 2.303156 -0.960634 -0.194254 -0.099364 0.322061 
284.865875 -42.073055 10.137214 -7.053174 -2.836948 0.428720 -0.384978 0.462751 -3.146076 -1.480090 3.100801 0.080014 -2.753905 3.959122 -0.207116 -4.211840 0.332721 -1.336597 -3.690274 1.101871 2.139291 -0.774469 0.391963 0.250608 -0.092562 2.056893 -2.482965 0.526420 3.602312 -3.329374 0.107205 1.364834 0.490283 1.198550 -1.714771 0.254541 0.977416 
278.591125 -35.254783 6.167916 -11.583930 0.801187 -2.323787 -3.846646 2.029031 -1.114532 -0.872639 2.479047 0.356684 -1.841666 4.747122 -2.362040 -2.548377 2.883923 -2.424919 -0.220985 0.944311 0.686502 1.265539 -1.721502 0.451325 1.324745 -1.785105 -0.147676 2.147303 -0.101276 -0.146194 2.463633 -0.176729 -1.206345 0.766233 -0.767614 -0.044106 0.712630 
273.393768 -32.578810 5.413133 -12.149929 2.930899 -4.421117 -0.826948 2.351374 -1.773072 1.050989 -0.342202 0.982665 -0.104415 0.388912 -0.502468 0.082766 0.130168 -1.628986 1.236993 0.748413 -0.273399 0.757997 -1.143264 0.162395 1.332697 -3.559502 0.867480 1.792727 -2.726963 0.905352 0.190416 -0.376298 -0.173085 -0.457498 1.217735 -0.242736 -0.612698 
272.814575 -34.476959 5.162980 -11.418399 1.061524 -5.581759 -1.372661 3.525857 -1.661330 0.643354 0.192519 0.681474 0.823728 -2.371881 -0.627080 1.037077 -2.570003 -0.614215 0.159848 0.191714 0.340332 0.350543 0.713969 -0.034146 0.099348 -2.798171 -0.835731 1.199144 -0.858741 -0.059967 -0.173384 -0.627537 0.401901 0.188793 0.757291 -0.037642 -0.949074 
0.000000 -37.322572 4.158973 -10.075775 -2.209107 -5.649547 -0.507252 2.734803 -1.092407 1.752075 1.085735 0.914372 0.094280 -5.207431 -2.173930 2.481053 -1.587314 -1.748921 0.890225 -0.506660 0.530403 1.135583 0.371318 0.087112 -0.565450 1.619064 -1.855582 2.609799 1.627403 -1.043518 -0.216185 -0.531860 0.211809 -0.846106 -0.479063 -0.744447 -0.173738 
0.000000 -44.891820 0.815121 -6.456292 -2.113105 -9.079600 0.407789 2.512536 -0.600524 2.914520 0.935155 0.855698 -0.307171 0.866246 -4.338244 6.256674 0.684804 -2.701250 -0.272522 -0.872007 0.763950 -1.341669 -0.244156 -1.523040 -0.248127 5.262805 0.074198 0.021039 0.736143 0.073500 -0.863871 -0.282987 -0.344260 -1.478847 -0.063717 -0.917272 0.212722 
0.000000 -35.590080 -4.517515 2.437573 -0.839500 -11.052048 -1.052296 0.990790 0.435494 -0.931263 0.597422 -2.131708 -0.401975 5.318179 -2.025533 2.523131 -0.115029 -1.601921 -0.837516 -1.072634 -0.158117 -1.822112 0.243885 -1.747431 -0.140007 -0.246793 3.202909 -5.028227 -0.141585 0.930634 0.188442 1.174013 -0.906918 1.148032 0.400316 0.902530 0.225643 
391.674591 -34.255462 -3.235946 -1.410031 -2.343164 -12.283443 -1.267243 0.367268 -0.916759 -0.729704 1.422924 -2.639165 -0.587185 0.372660 2.067574 -3.799780 0.401634 -0.839983 0.104362 1.476020 -1.049885 0.954395 0.556475 0.282019 0.203159 -2.924646 1.863229 -2.932525 1.505340 1.307473 0.060884 1.547684 0.206170 1.320560 0.227522 1.390723 0.200789 
0.000000 -34.844761 -0.382366 -5.161986 -0.036232 -12.732013 -0.843571 3.942830 -1.664277 0.977527 1.710371 -1.567670 0.004344 -0.531112 1.700925 -3.341920 2.895650 1.013025 -0.715749 2.022733 0.254224 0.819008 0.698928 1.034014 0.261572 -0.276999 -0.737362 1.174706 0.406154 1.807609 -0.581459 -1.193892 1.193982 -0.473004 -0.123238 0.067135 -0.116480 
0.000000 -35.317686 0.165903 -8.093870 3.448135 -10.257392 -2.698740 4.412735 -0.408311 0.908313 2.820781 -0.571136 -0.064041 -0.181339 0.592851 -1.450369 1.213942 2.775236 -1.058556 -0.911763 1.338079 0.008386 0.309999 0.416290 -0.029800 1.139387 -0.278055 0.422095 -2.167151 1.354086 0.525902 -2.361018 -0.260919 -0.357769 -0.239288 -0.577671 -0.435057 
0.000000 -35.207438 0.803335 -8.062723 2.391651 -7.181542 -2.960683 2.119304 1.011882 0.994299 2.330369 -0.735089 -0.055256 1.747661 1.144814 -2.497729 -1.438652 3.721197 0.336055 -2.699303 -0.267615 0.103471 0.220353 -0.121328 -0.608542 0.092410 0.467745 -0.647058 -0.968105 0.258465 0.176057 -0.074733 -1.152204 0.169326 0.005091 -0.297265 -0.180600 
0.000000 -31.822363 2.455530 -13.089327 0.570832 -2.814997 -2.026631 -0.985871 -0.943542 1.115255 3.261488 -0.813792 -1.281124 0.003481 1.528341 -2.744485 -0.722268 3.292166 -0.706442 -1.061228 -0.966328 0.347039 0.320181 -0.178239 -0.391000 -2.388446 -0.639758 0.960747 0.856849 -1.281057 -1.138557 1.509316 -0.190784 -0.327265 -0.127102 0.128751 0.613231 
0.000000 -35.200476 3.860016 -13.551694 0.947115 -0.597210 -4.373567 -0.003152 -0.920774 1.688377 2.970730 -1.091567 -0.837256 -3.029232 -0.134703 -0.576235 0.275046 1.159084 -1.941059 0.319328 -0.649183 -0.551060 -0.033850 0.136175 0.617921 -0.356887 -1.507796 0.954977 0.440908 -1.834115 0.071834 0.499814 0.072917 -0.176489 -0.123272 -0.255030 0.326638 
0.000000 -37.880826 2.186125 -14.241797 1.120924 -0.496830 -5.908749 -0.347214 -2.241908 0.013134 3.193787 -0.541442 -0.045283 -0.710292 -1.487252 -0.834530 0.159547 -0.376064 -0.562773 -0.061601 -0.820494 -0.005938 0.073637 -0.688299 0.262275 0.831857 0.895342 0.878659 -0.524532 -0.591456 1.119435 -0.460999 0.401211 0.414819 -0.141875 -0.213340 -0.466613 
0.000000 -36.621060 0.885512 -15.220754 1.266209 -1.349337 -5.499113 -0.126355 -2.561762 1.676500 3.118005 -2.468165 -0.312706 -1.365518 1.655981 1.181082 -0.774018 -0.023828 0.297812 -0.602670 0.153239 0.278578 -0.317599 -0.290504 -0.315304 -0.251140 2.077481 1.680286 -0.458096 0.537641 0.520552 0.069672 0.874387 -0.386325 -0.105410 0.642940 -0.694817 
0.000000 -40.611863 5.498088 -11.879632 -0.427112 -0.544487 -5.313124 -1.552553 -1.935429 0.570291 2.558589 -1.122451 -0.675891 -1.212573 2.667711 2.526042 -0.756645 0.699219 0.478331 0.077742 0.928281 -0.778588 -0.137182 0.597581 -1.127359 0.810801 -3.040120 -0.468276 1.444461 -0.645182 0.620403 0.632155 0.054787 -0.426186 0.015800 0.637953 -0.327825 
0.000000 -39.046206 6.220933 -10.168671 -0.247082 0.049101 -4.542451 0.029130 -0.705200 0.119324 2.843641 -1.273004 -2.567424 0.256084 -4.424259 0.244530 2.114903 -1.314192 1.538618 0.661640 0.262814 -0.573793 -0.285998 0.985401 -0.970955 0.112358 -5.029780 -1.013056 1.923435 -1.234744 0.843615 -0.052429 -0.565996 -0.233838 -0.217947 0.366465 1.077342 
0.000000 -40.099694 -3.350430 -11.390571 3.802695 -3.172871 -2.235888 -0.229274 -1.409802 -0.577295 1.986592 0.848351 -2.617802 -0.987857 -7.391849 0.499930 3.090225 -1.770270 2.165561 -0.027116 -0.203710 -1.246264 -0.573077 1.330510 1.027326 -3.166726 -0.159458 1.056175 -0.069071 0.594808 -0.507257 0.174239 0.040543 0.160173 0.020502 -0.575130 0.886314 
0.000000 -41.021920 -8.562764 -9.168810 5.933369 -3.491439 -0.211329 -0.025102 -1.112621 -2.373205 1.697487 1.388017 -0.512773 -6.077367 -4.743175 2.356881 1.976761 -0.124576 0.524104 1.010118 0.343900 -0.253446 -0.244994 -0.164859 0.801674 -4.530041 3.215250 0.733195 -1.880167 1.479803 -1.748351 0.870784 0.340965 0.561573 0.243277 -0.794312 -0.713677 
0.000000 -52.254428 -12.836780 -6.676809 7.756216 -3.422023 -1.187679 1.790962 -0.722002 -1.084188 1.496605 0.518632 -1.014454 -10.047939 -0.961348 1.966320 -0.670109 1.189336 -1.331140 1.714452 0.478220 -0.123119 -0.086524 -0.258114 -0.400028 5.775027 5.613216 -1.226279 -3.299623 2.424128 -0.221558 -1.090310 -0.268614 0.363954 -0.434605 0.019256 -0.092458 
0.000000 -61.117798 -10.485460 -5.236171 4.593151 -1.112766 -2.873608 3.403802 -0.156180 -2.619442 1.524439 0.871790 -1.312829 5.472687 6.483256 -0.095677 -4.622485 4.723679 0.080989 -1.170502 -0.193327 0.474462 -1.114203 -0.126347 0.616757 16.903326 3.138857 -0.909507 -1.400795 0.751148 1.042012 -1.819072 -0.504309 0.848239 -0.556192 -0.070132 0.480521 
0.000000 -41.309053 0.129732 -6.868163 -1.488755 6.025335 -1.025701 -0.550042 -1.108657 -0.135263 -0.731802 0.265939 0.219060 23.758714 5.316366 0.147306 -3.471698 2.691632 0.752884 -1.923693 -0.530398 1.573358 -1.198907 -0.398377 0.561014 4.190827 -3.237243 0.529489 2.095870 -2.800549 -0.126029 0.611866 0.069584 -0.071597 0.521709 0.015447 -0.410844 
0.000000 -13.600370 0.147272 -4.941559 -2.350246 4.270498 -1.367840 -0.443583 -1.216976 0.527275 -0.873375 0.075035 -0.190801 13.854342 0.008770 0.963302 -0.430746 -0.877419 -0.171069 0.053230 -0.054159 0.331269 -0.070786 -0.095452 -0.204930 -4.952186 -2.653798 0.407998 1.520476 -1.784525 -0.461977 0.988461 0.238119 -0.621045 0.564060 0.151463 -0.382972 
