169.905090 -37.054846 3.946327 0.251608 0.454639 -1.398899 -1.761214 -0.800681 -0.856857 -0.290722 0.643849 -0.193542 0.279102 -2.715518 1.317102 0.107472 -0.647123 0.015775 0.117595 0.092300 -0.124563 0.053177 0.274507 0.600729 0.297256 -0.709592 -0.153942 -0.106124 0.208661 0.044143 0.200006 -0.120738 0.020589 -0.028150 -0.156311 -0.023672 -0.101650 
169.880966 -42.485883 6.580531 0.466551 -0.839606 -1.367348 -1.526024 -0.616081 -1.105984 -0.184369 1.192863 1.007915 0.873613 -4.134701 1.009217 -0.104776 -0.229800 0.104061 0.517607 -0.149176 -0.083386 -0.003124 -0.038114 0.553385 0.093956 -1.350239 -1.115508 -0.547029 0.482248 0.265232 0.148451 -0.293857 0.148522 0.008254 -0.271064 -0.323110 -0.259944 
169.662750 -45.324249 5.964762 0.042055 -0.004961 -1.190777 -0.725999 -1.099033 -1.023630 -0.296970 0.567621 0.913228 0.467014 -5.415997 -0.913914 -0.986586 0.317374 0.546240 0.414497 -0.495414 0.172480 0.069684 -0.267621 -0.045491 -0.222633 5.561379 -0.707759 -0.202387 -1.000932 1.120943 -0.110488 0.653198 0.826558 0.196673 -0.053031 -0.509563 -0.075975 
169.095062 -53.317878 4.752702 -1.506621 -0.204857 -0.274868 -0.697030 -1.606909 -0.761024 -0.045001 0.657620 0.916934 0.428347 6.988057 -0.406301 -0.509549 -2.231665 2.345948 0.296632 1.157220 1.569729 0.390222 -0.144176 -0.465741 -0.057994 9.713586 1.775257 1.059472 -0.810007 0.111040 -0.652635 0.748981 0.303865 -0.096470 -0.173154 -0.487593 -0.035113 
0.000000 -31.348134 5.152159 -0.977043 -4.468291 3.501119 -0.132735 1.215408 2.115829 0.483474 0.279269 -0.018253 0.351026 14.011174 2.636601 1.132358 -1.302639 0.768321 -0.890774 1.002547 0.780209 -0.123255 -0.613929 -1.020677 -0.292860 -2.558741 1.372465 1.485714 2.620382 -1.501081 -1.254905 -1.049701 -1.102858 -0.313201 -0.150470 0.007028 -0.107566 
358.564056 -25.295530 10.025904 0.758096 -2.810135 1.261774 -2.478578 0.398185 0.799394 -0.291511 -0.570238 -1.124420 -0.157373 1.870575 2.338629 2.461878 3.009099 -0.656214 -2.213178 -0.942181 -0.635987 -0.236179 -0.445115 -0.451685 -0.273125 -8.720522 -1.494250 0.767872 2.176642 0.028287 0.141217 -0.679283 -0.710693 -0.127410 0.430390 1.050479 0.275107 
225.875443 -27.606984 9.829418 3.946714 1.549907 2.188692 -4.559092 -0.668955 0.843855 0.011116 -0.610962 -0.921622 -0.195224 -3.429870 -0.351899 2.668102 3.050645 0.824895 -0.608341 -0.356020 -0.641177 -0.378075 0.246851 1.080281 0.257353 -1.301064 -1.593111 -0.806161 -1.178881 -0.379578 1.662780 1.086665 0.150043 0.216601 0.343879 0.565892 -0.047584 
220.937317 -32.155269 9.322105 6.094299 3.291156 2.911564 -3.695259 -0.313854 -0.482961 -1.047662 -0.076536 1.036142 0.357334 -0.731553 -0.847593 0.849557 0.651337 -1.415369 1.112381 1.231149 -0.335900 0.197023 0.242644 0.680100 -0.368294 3.377242 -0.796840 -2.435691 -1.217611 -1.188885 0.700974 1.232905 0.761496 0.312354 -0.349918 -0.685231 -0.371581 
219.575287 -29.070090 8.134231 5.645827 2.852581 -0.642047 -2.334330 1.793344 0.172055 0.405162 -0.125675 0.438578 -0.931811 3.324615 -1.945580 -2.203281 0.615423 -1.552874 0.793606 2.109791 0.881814 0.246633 -0.452985 -0.290180 -0.485808 -0.281120 0.039313 -1.699114 -0.968738 0.203902 -0.399545 -0.068530 0.776222 -0.179690 0.046890 -0.457486 0.196449 
222.691147 -25.506039 5.430945 1.687737 4.522002 -0.194184 -2.108047 3.905727 1.280667 -0.554395 -0.982505 0.455783 -0.614282 -1.293793 -0.768967 -2.548671 -1.286140 -1.007566 0.313291 1.094089 1.216543 -0.162356 0.336424 -0.234871 0.024604 -1.995912 -2.242906 0.622625 -0.066938 0.761883 -0.347375 -1.349179 -0.453264 -0.009808 0.437878 -0.169401 0.315265 
222.381332 -31.657676 6.596298 0.548485 0.280301 -2.657180 -1.707748 3.981522 2.605142 0.080450 0.547173 -0.031164 -0.882603 -0.667210 -6.431391 -0.958030 0.481548 -0.029108 0.098857 -0.588566 -0.024714 0.227016 0.422771 -0.628981 0.144723 3.535590 -3.682144 1.000167 2.285641 2.000996 -0.035223 -0.947690 -1.095801 -0.389808 -0.187495 0.094981 0.006583 
222.807220 -26.840458 -7.431838 -0.228323 5.485097 -0.252399 -1.910333 2.728594 1.231239 -0.100363 -0.136962 -0.802180 -0.324837 5.777387 -8.133255 -0.548338 3.285142 2.994425 0.242844 -0.801290 -0.975058 -0.941971 -0.038566 -0.044909 0.037770 3.105444 5.494189 0.153905 -0.455617 1.024013 0.441946 0.007443 -0.231747 -0.368315 -0.292999 0.600718 -0.410506 
0.000000 -20.102901 -9.670213 -0.548191 6.850585 3.331671 -1.222060 2.378942 0.655025 -1.803493 0.470040 -0.120982 -0.807064 5.543679 4.556987 -0.650221 -0.429686 2.018918 0.982748 -0.573681 -0.488208 -0.509613 -0.163226 0.572455 -0.676290 -1.758956 7.584574 -0.677929 -2.014761 -1.610678 0.262824 0.074181 0.279579 0.611580 -0.156698 0.355713 -0.377989 
268.881836 -15.753100 1.682136 -1.528764 4.625726 3.785436 0.055163 1.581232 0.254822 -1.119589 -0.463414 0.342730 -1.677417 2.259476 7.035893 -1.904196 -0.744379 -0.226931 0.768492 -0.652928 -0.415901 0.281188 -0.351963 0.666517 -0.718209 -2.818403 -1.497881 -0.491205 0.489463 -1.602725 -0.394487 0.066156 -0.074858 0.291330 0.294134 -0.202835 0.450612 
268.765442 -15.583949 4.401573 -4.356583 5.361827 2.877808 0.314924 1.073086 -0.176777 -1.241116 -0.233887 1.212052 -2.243482 -0.093128 1.561225 -1.632631 0.549240 -1.186532 0.193774 -0.441368 -0.637924 0.073047 0.425043 0.166785 0.224935 -1.203216 -3.353089 0.723578 0.225703 -0.393734 -0.303386 0.420593 -0.225408 -0.274188 0.455063 -0.373853 0.689046 
264.435577 -15.939355 4.804585 -4.794027 5.724206 1.412372 0.442712 0.698496 -1.021025 -0.973495 0.386671 0.676300 -1.227548 -0.146955 0.329715 -0.457041 -0.292972 -1.014399 0.161720 0.188258 -0.866717 -0.267188 0.558162 -0.081189 0.659883 -0.271232 -0.345870 0.747188 -1.169533 0.444341 -0.531842 0.226777 0.274461 -0.182312 -0.183778 -0.046353 0.286159 
258.518402 -15.877860 5.061003 -5.270665 4.775882 0.849011 0.638365 1.449602 -1.910211 -1.775491 0.882438 1.049674 -0.923716 -0.635591 0.869485 -0.138255 -1.789825 -0.297850 -0.869911 0.012186 -0.089001 -0.291576 0.057486 0.074079 0.797253 -0.960730 0.347581 1.339471 -0.723669 0.285763 -0.717005 -0.359791 0.908534 0.370649 -0.527090 -0.238572 -0.100764 
250.432068 -17.210537 6.543555 -5.070537 2.144557 0.816673 -1.297109 0.722868 -1.199027 -1.556648 0.501643 0.824459 0.366958 -2.068416 1.024876 2.221900 -1.740310 -0.442872 -1.272291 -0.531323 0.950350 0.474111 -0.496017 -0.558333 0.458355 -2.222815 -0.307000 2.788619 0.784497 -0.149352 0.486740 -0.143171 0.255938 0.643076 -0.231107 -0.060862 -0.413097 
239.099884 -20.014691 7.110754 -0.826864 1.295263 -0.036734 -1.906216 0.386956 -0.009511 -0.827270 -0.109597 -0.066991 -0.007006 -5.081222 0.255485 5.438984 -0.220832 -0.596554 0.103570 -0.274155 0.422876 0.994575 -0.404729 -0.047644 -0.028942 -1.744108 -1.033063 1.171374 1.488021 0.369370 0.950556 0.259462 -0.384025 -0.126408 0.119027 0.617555 0.065009 
226.073013 -27.372980 7.054526 5.807430 1.702893 -0.376435 -1.089970 0.174558 -0.353276 0.432503 -0.307814 0.729171 0.309073 -5.556632 -1.041251 4.564649 1.235731 0.295868 0.628821 -0.012398 0.182300 0.221294 -0.257964 0.676777 0.588372 1.842396 -0.651402 -2.232084 0.987489 0.565537 -0.475726 -0.036035 0.061504 -0.449282 0.197483 0.101667 0.118022 
219.942017 -31.127955 5.028253 8.302433 3.766725 0.555003 -0.648574 0.362160 0.355088 -0.384681 -0.625524 1.286563 1.169738 -1.396429 -1.047318 0.974817 1.754147 0.534520 -0.847882 -0.346225 0.545885 0.096011 -0.009763 0.155690 0.207102 4.556553 0.799970 -3.224716 -0.758789 -0.926602 -0.972590 0.108232 0.114123 0.190227 0.184566 -0.604570 -0.546355 
223.628845 -30.165838 4.959890 7.757063 5.211186 0.692605 -2.785733 -0.517893 0.738493 0.624525 -0.327339 1.040552 0.723278 3.556474 0.558689 -1.884783 -0.281848 -1.557336 -1.316359 0.204067 0.410545 0.601748 0.111169 -0.532364 -0.504339 3.166181 0.065410 -1.798730 -1.255925 -1.147714 0.630389 0.965744 -0.496323 -0.249357 -0.141760 -0.135908 -0.292180 
235.293823 -24.015006 6.145631 4.532868 3.203030 -2.559669 -3.281293 0.770293 1.176178 0.818814 -0.403186 0.221835 0.161060 4.935933 -0.916497 -2.622644 -0.757704 -1.760908 0.412896 1.585263 -0.446761 -0.402704 -0.293282 -0.116126 -0.377257 -2.120532 -1.681054 0.708695 1.124396 1.289569 0.910731 0.267304 -0.308559 -0.567761 -0.263271 0.408838 0.016847 
251.528534 -20.293972 3.126895 2.511775 3.695779 -2.829211 -1.959941 2.652633 -0.155029 -0.180883 -0.913903 0.808300 -0.031236 -0.684589 -2.803418 -0.467393 1.966944 1.021801 0.505103 0.738675 -0.206574 -0.533775 -0.415373 0.285312 -0.470644 -4.994771 -0.122871 2.214553 1.758194 1.771837 -0.215283 -1.302102 0.802782 0.131633 0.190813 0.182288 -0.159012 
255.760361 -25.384185 0.538795 3.598082 7.136919 -0.516067 -2.271087 2.247642 0.763030 -0.248736 -1.233932 0.792459 -0.780227 -5.053609 -1.162239 1.806463 2.758685 1.782766 -0.017669 -1.018942 1.158804 -0.139437 0.088344 0.248449 -0.695282 -0.868043 1.509136 0.352310 -0.854187 -0.014701 0.133872 -0.814610 0.605109 0.426512 0.381464 0.075289 0.298219 
250.292313 -30.401190 0.802418 6.124700 9.213148 0.736321 -1.995279 0.614750 2.162578 -0.459757 -0.737215 1.305198 -1.421800 -2.420675 0.214853 0.237226 0.258571 0.992398 0.772847 -0.890546 1.003644 0.319249 0.347555 0.435889 0.125794 1.628133 0.437612 -1.130142 -1.516181 -0.564649 0.221296 0.592357 -0.757701 0.016889 -0.059194 -0.042387 0.802426 
244.031326 -30.225536 0.968501 4.072534 7.654061 1.468729 -0.725392 0.466550 2.770317 0.389762 -0.538822 1.664238 -0.528640 -1.797342 -0.287014 -0.453821 -0.273677 0.653468 0.424923 0.165772 -0.356598 -0.105658 -0.030044 0.163676 0.909570 0.172004 -1.240802 0.405359 0.578385 -0.389417 -0.352961 0.576818 -0.890607 -0.436034 -0.442803 -0.522542 0.126866 
237.885696 -33.995874 0.228390 5.217058 8.665795 2.043257 -1.145434 0.946294 1.449382 -0.671074 -0.797302 1.632549 0.397340 -2.076667 -2.266751 1.047944 1.415341 0.213565 0.066926 0.263091 -0.777571 -0.552819 -0.538051 -0.609194 0.379525 0.026657 -1.169483 0.757148 0.241170 -0.492107 -0.017149 0.038781 0.199042 -0.055276 -0.022032 -0.220172 -0.655274 
234.634979 -34.378870 -3.565001 6.168422 10.484742 1.895858 -0.591540 0.992731 1.215175 -0.715877 -1.614923 0.445851 0.230410 -1.744027 -2.625981 1.060475 0.208663 -0.330746 0.390624 0.243335 0.041486 -0.216211 -0.074107 -0.276668 -0.400978 -1.715619 0.187629 -0.454031 -1.582656 -0.586522 0.144703 0.078097 0.392022 0.117018 0.528810 0.270947 -0.490425 
224.259247 -37.483928 -5.023572 7.338009 9.083122 1.381765 -0.364187 1.432965 1.532354 -1.103495 -0.945516 1.079213 -0.404615 -5.507905 -1.891493 0.139882 -1.749971 -0.959479 0.356332 0.419285 0.006472 -0.318782 0.519569 -0.067300 -0.601325 -0.280997 -0.904902 -1.442891 -0.735362 0.492859 -0.208093 -0.482885 -0.407679 0.231853 0.131399 -0.282753 -0.039121 
202.895355 -45.394680 -7.347986 6.448187 6.984801 -0.023101 0.121125 1.831301 1.228120 -1.353441 -0.575786 0.311251 -0.972239 -2.306021 -4.435784 -1.825306 -1.262061 0.654971 -0.025562 -0.722435 -0.773873 0.247495 0.188691 -0.842175 -0.479220 3.818459 -1.469523 -0.837892 0.247408 1.004771 -0.192961 -0.728434 -0.353895 0.371028 -0.035175 -0.229345 0.314544 
202.701172 -42.095969 -13.895140 3.687397 6.559000 2.691708 -0.415311 -0.011905 -0.015392 -0.608506 -0.568133 -0.605136 -1.363054 2.129013 -4.830539 -1.535901 -1.255154 1.050063 -0.029589 -1.037582 -0.701317 0.423274 0.449219 -0.525989 0.027763 2.810170 2.185507 0.734489 -0.407002 -0.217619 0.995651 0.616107 0.158234 -0.087169 0.485116 0.713705 0.506228 
0.000000 -41.136653 -17.009064 3.376385 4.474492 2.077025 0.061947 -0.243863 -0.174514 -0.506894 0.322653 -0.740728 -0.916714 3.314319 -0.064771 -0.356328 -2.076065 0.219733 1.965739 0.509778 -0.457406 0.073156 1.158923 0.585234 0.533237 1.619114 5.353540 1.037839 -0.023160 -0.451303 1.539095 1.566722 -0.008240 -0.398069 0.177722 0.680293 0.162958 
0.000000 -35.467331 -14.024681 2.974741 2.406870 3.131173 3.516168 1.007651 -0.930203 -0.462194 1.749713 0.565333 -0.296580 5.367242 5.876541 0.539778 -1.301475 0.147458 3.048600 2.095863 -0.717797 -0.372865 0.804663 0.834597 0.353678 -0.547889 3.279386 0.688028 1.095332 -0.386336 -0.587043 0.265424 -0.307323 -0.620350 -0.646820 -0.212821 -0.068534 
220.632263 -30.402169 -5.255983 4.455941 1.871543 2.371942 6.159147 3.947863 -1.610109 -1.252624 1.931979 0.928466 -0.209359 2.218541 6.494002 1.019728 0.114598 -0.552939 0.791653 1.040627 -1.072052 -1.167544 -0.134717 0.159593 0.396169 -3.283176 -1.637718 0.048088 1.206286 -0.492495 -1.876718 -1.266227 0.027483 -0.201031 -0.607280 -0.830618 -0.161984 
214.494003 -31.030249 -1.036677 5.014197 2.636066 2.025296 5.099473 3.088904 -3.074306 -2.797281 1.480280 0.884520 0.495758 -1.199109 2.601105 0.635953 1.111097 -0.837532 -0.704836 -0.436592 -0.662832 -0.774927 -0.409896 -0.826640 0.029710 -1.156147 -3.085918 -0.419900 0.156319 -0.084751 -0.343254 -0.530946 0.652272 0.461628 0.018502 -0.372825 -0.224256 
207.114838 -32.800388 -0.053773 5.727847 4.093738 0.696878 4.749476 3.074679 -2.935772 -2.802477 1.112188 -0.724814 -0.149939 -0.093754 0.322166 0.179929 0.427236 -0.722441 0.105145 -0.021265 0.232492 -0.244288 -0.097714 -0.586057 -0.052343 1.105171 -2.609240 -0.196034 -0.820249 0.392904 0.216431 0.320786 0.659600 0.347126 0.068484 0.554652 0.026899 
202.196335 -31.217757 -0.392345 5.374054 3.490539 0.580413 5.309763 3.046375 -2.609321 -3.285856 1.284852 -0.287594 0.391072 1.011232 -2.617374 0.243884 -0.529400 -0.051724 -0.271973 0.204979 0.656368 -0.080674 -0.272927 0.282664 0.083509 -0.772197 -2.410942 0.122831 -0.296000 0.405423 -0.448483 0.256198 0.360245 0.332469 -0.266442 0.389694 0.016160 
198.868195 -30.777924 -5.288520 6.215615 3.034938 0.593430 4.205530 3.484638 -1.623037 -2.963826 0.566333 -0.159486 0.017078 -1.638148 -4.499717 0.425590 -0.164764 0.088404 -0.791821 0.491131 0.952982 0.420650 -0.630598 0.193332 -0.020022 -0.039749 2.272163 -0.125861 0.171514 -0.307043 -0.376851 -0.263141 -0.208305 0.238694 -0.075691 -0.247654 -0.069897 
195.911896 -34.494054 -9.391779 6.225234 3.161010 0.757221 3.726121 4.028638 -0.703358 -2.444556 0.023656 0.099070 0.351027 0.931735 1.926951 -0.007838 -0.186372 -0.665811 -1.025675 -0.321303 0.239758 0.396713 -0.424310 -0.212645 -0.056286 3.314096 6.046885 -1.347644 0.210997 -0.795972 -0.281369 -0.363241 -0.704061 -0.207943 0.378159 -0.091382 0.015241 
227.328033 -28.914454 -1.434618 6.199939 2.662194 -0.738191 2.154180 2.842031 -1.143521 -2.170399 -0.282287 -0.584776 -0.095495 4.990043 7.594053 -2.269698 0.257230 -1.503540 -1.354560 -0.235350 -0.455141 0.004765 0.125720 0.010567 0.010459 1.100783 1.109392 -1.589095 0.572499 -0.293912 0.463328 0.243774 -0.233002 -0.344456 0.322121 0.368342 0.065571 
240.916840 -24.513968 5.796327 1.685838 3.675469 -2.249859 1.017001 3.557938 -1.613640 -2.435026 0.275095 0.120204 0.371946 3.133301 4.145735 -3.186027 0.958627 -1.253634 -0.099020 0.166245 -0.226247 -0.292198 0.219931 0.524039 0.074856 -1.820386 -4.225182 1.465447 -0.541803 0.779326 0.785678 0.241105 0.274110 0.011725 -0.203815 0.120732 -0.013763 
245.108734 -22.647852 6.856851 -0.172116 4.579449 -3.245459 1.956141 3.174520 -1.596015 -2.754796 0.157575 0.463303 0.054218 1.349271 -0.856311 0.661196 -0.826376 0.055112 0.216796 0.246861 0.093080 0.028214 -0.281910 0.252031 -0.017066 -2.230144 -3.853937 2.810767 -1.322562 1.086366 -0.037236 -0.122568 0.419441 0.477628 -0.222906 -0.495695 0.078694 
246.702759 -21.815425 4.083704 3.008231 2.022718 -2.139635 1.450593 4.051660 -1.427480 -2.378598 -0.288725 0.624267 0.337814 -1.326986 -3.562139 2.435507 -1.686498 0.919099 -0.173492 -0.078891 0.612636 0.663058 -0.225880 -0.467350 0.232245 -2.195342 -1.553893 -0.092199 0.342331 0.383517 -0.039186 -0.355783 0.275169 0.137504 0.043568 -0.223116 0.011977 
241.316650 -25.301824 -0.267426 4.698898 1.206453 -1.407261 1.609156 3.016739 -0.370743 -1.428679 -0.294185 -0.471397 0.518708 -3.041413 -3.964098 0.476797 -0.141715 0.822147 0.138424 -0.464706 0.643417 0.303222 -0.194774 -0.194200 0.006888 0.538046 1.957068 -1.160962 1.007228 -0.134181 -0.053340 0.180586 -0.181722 -0.437105 0.013921 0.285616 -0.262318 
238.456635 -27.898251 -3.844491 3.961826 1.739288 -0.495341 1.727442 3.122247 -0.140646 -1.772153 -0.678273 0.235867 0.351590 -0.250894 0.351998 0.113582 0.327958 0.650737 -0.280173 0.282280 0.249192 -0.211151 -0.198039 0.103883 -0.292391 1.153877 4.807059 -0.533443 0.195312 -0.400120 -0.653223 0.458333 -0.069506 -0.051193 0.012860 -0.076715 -0.014380 
243.404495 -25.803611 0.436571 4.926061 1.862368 -0.105787 1.048810 3.581300 0.127641 -1.850982 -0.690263 -0.263632 -0.066073 -0.733660 5.650020 -0.590089 0.248909 0.021907 -1.168022 0.451959 0.504405 0.200836 -0.169055 -0.347630 -0.021872 -3.751184 2.190163 -0.417367 -0.911521 -0.401699 -0.334434 -0.445804 0.486216 0.625733 0.135085 0.079045 0.262489 
241.813309 -29.365571 7.455549 2.781647 2.237106 -0.451526 -0.608602 4.026166 0.868165 -1.370480 -1.016382 -0.459394 0.307845 -7.753262 4.732323 -0.721152 -1.495083 -0.152661 -0.949042 -0.609327 1.221624 1.040314 0.072131 0.261972 0.232587 -3.843299 -2.146543 0.662198 -1.306409 -0.268304 0.997149 -0.463489 0.100718 0.466884 0.394726 0.343262 -0.034292 
230.002930 -41.310136 9.901217 3.483758 -1.127799 -0.411109 -0.849274 2.362646 2.570888 0.229647 -0.546000 0.260312 0.399102 -8.420257 1.356934 0.734308 -2.363910 -0.514701 0.826275 -0.475018 0.705842 1.134605 0.620398 0.338894 -0.090456 5.636539 -2.752018 0.701498 1.037495 0.507975 0.437123 0.810731 -0.857434 -1.237930 -0.109144 -0.091591 -0.209742 
217.125549 -46.206085 10.169416 4.250262 -2.490714 -1.480928 1.043949 3.076130 2.279849 0.898730 0.224415 0.218394 0.126933 3.519815 -0.771714 0.681844 0.579906 0.863289 -0.074796 1.012134 -0.493245 -1.435547 -0.146157 0.078790 -0.186897 9.125719 -1.452431 -1.102898 2.674465 0.809839 -0.934531 0.663345 -0.759626 -1.465648 -0.666993 -0.003112 0.126118 
223.225784 -34.270506 8.357790 4.847445 0.032014 1.315470 -0.998865 4.386914 1.584399 -2.641447 -0.838314 0.417891 0.025308 9.831181 -1.547928 -1.471489 2.985020 1.104976 -1.042787 0.851672 -0.813409 -1.796692 -0.713587 0.332669 0.161779 0.885014 0.081499 -2.046314 1.173058 -0.527826 0.603786 -0.816358 -0.553697 1.007329 0.086336 0.126671 0.057482 
230.329636 -26.543723 7.073561 1.307285 3.479325 0.729025 -1.041625 4.779475 0.653030 -2.694654 -1.202759 0.883732 0.450492 5.289843 -0.608715 -3.410784 2.926023 -0.192362 1.132776 -0.620582 -1.600639 0.579111 0.026516 0.332132 -0.071932 -4.425685 0.158316 -0.112928 -0.633276 -0.019078 1.212103 -1.130543 -0.135739 1.375780 0.483312 -0.325945 -0.433293 
236.158218 -23.690819 7.140361 -1.974123 5.884059 0.930745 1.266687 3.145749 -1.616879 -1.483225 -0.785282 1.082155 -0.118556 0.979811 -1.231295 -1.697346 1.718468 1.066820 1.381419 -1.409414 -1.084886 0.954868 0.253036 -0.319221 -0.704807 -2.820057 -2.296427 2.298393 -1.474878 0.993501 -0.790380 -0.013296 1.100763 -0.048671 0.118859 -0.562431 -0.065702 
238.461304 -24.584100 4.610970 -2.087407 6.916262 2.862665 1.721213 1.960646 -1.516743 -0.784917 -0.696687 0.245290 -0.959122 -0.350270 -5.201568 1.186002 -0.023733 1.794640 -0.447985 -0.647174 0.600887 0.481768 0.264233 -0.792730 -0.203336 -0.308961 -1.527396 1.697285 -1.201156 -0.296569 -1.226072 0.619840 0.738485 -0.516398 0.148143 0.117719 0.477236 
234.765396 -24.391360 -3.262776 0.397881 5.836593 4.520025 0.370717 1.851400 -0.415105 -0.519688 -0.256816 -0.503306 -0.525227 0.361889 -4.286088 1.697224 -0.683844 0.473683 -1.070725 -0.169733 0.392084 -0.077927 0.549322 -0.083782 0.249665 1.107965 4.759456 -1.289713 -0.660103 -1.605997 0.102651 0.092573 -0.917596 -0.513458 0.068260 0.574442 0.181865 
220.671005 -23.860321 -3.961205 1.307042 5.548574 3.810030 -0.420237 1.621179 -0.732575 -0.940770 0.401957 0.077726 -0.459792 1.865660 4.317343 -1.393424 -1.343939 -1.417354 -0.242682 -0.462029 -1.234306 -0.545147 0.400754 0.356153 0.160394 -0.127533 5.423615 -1.841814 -0.605256 -0.975100 0.228091 -0.165115 -0.095377 0.111277 -0.551990 0.017770 0.044719 
234.830215 -20.660041 5.371910 -2.388968 3.148715 1.685316 -0.114646 0.927343 -2.883717 -1.609982 0.544692 0.209001 -0.204440 0.106824 6.561143 -1.986403 -1.894355 -1.476516 -0.614543 -0.499963 0.201330 0.144627 -0.554657 -0.048242 0.339104 -3.765777 -1.228635 1.592088 0.397815 0.591161 -0.169266 0.379383 1.464411 0.750629 -0.123876 -0.261058 -0.006310 
231.701614 -23.646674 9.161080 -2.665765 1.759864 0.856997 -1.649323 0.621254 -0.329915 -0.651516 -0.707358 -0.018758 0.218415 -5.665895 1.860072 1.790751 -0.548309 -0.235033 -0.581214 0.296737 1.694516 0.956111 0.153001 -0.165962 0.147774 -4.167407 -3.775190 2.432527 1.273455 0.876609 1.023569 0.702025 -0.138512 0.203220 0.860776 -0.064205 -0.132051 
223.365082 -31.991830 9.092055 1.192535 2.052098 1.215251 -1.277075 1.520816 0.505315 0.302240 0.850695 -0.122923 0.091108 -8.227991 -0.989238 2.878651 0.652556 0.276702 1.432595 0.904088 -0.075693 0.551067 1.166894 -0.176651 0.075001 -2.193747 -1.889017 -0.016157 0.539251 0.342908 0.882027 -0.212592 -0.769006 -0.356506 -0.178630 0.157877 0.007989 
214.601883 -40.102657 7.182605 3.091537 3.064976 1.410401 1.215866 2.429430 -0.481302 0.450618 1.626429 -0.372061 0.368418 -10.053389 -1.917961 1.758437 0.530193 0.450784 1.182839 -0.128448 0.156503 0.243098 -0.204258 0.149793 0.163752 1.115008 0.013001 -1.034858 -0.314401 0.038254 -0.748113 -0.743421 0.362753 -0.191079 -0.879510 0.225506 -0.024952 
190.725021 -52.098609 5.256134 4.709409 3.112484 2.116819 1.088603 1.263920 0.818321 0.788437 0.442178 0.176662 0.418612 -5.997976 -0.963236 0.808936 0.023754 0.353209 -0.063631 -0.582755 0.649812 0.168909 -0.592125 0.274361 0.025097 2.027707 0.477363 -0.474751 -0.253219 -0.048787 -0.623235 -0.227153 0.246654 -0.037095 -0.193934 0.062284 -0.069327 
