104.680199 -43.609734 -3.380047 -18.760011 -4.045981 -0.899477 -0.996988 1.840836 0.738593 1.026763 -0.552578 -1.095082 0.439659 0.497811 0.599634 1.360451 1.593496 1.355628 0.125466 -0.183432 -0.146421 -0.111240 0.137975 0.129244 -0.041596 -0.866089 -0.199462 -0.389156 0.060093 -0.474418 0.130230 0.188140 -0.118279 0.113448 -0.117770 -0.211657 0.027077 
0.000000 -42.614112 -2.180779 -16.039110 -0.858990 1.811779 -0.746056 1.473973 0.445750 0.804283 -0.276628 -0.836595 0.356466 -1.234368 0.200710 0.582139 1.713681 0.406791 0.385926 0.192848 -0.382980 0.115655 -0.097565 -0.294070 0.012557 -1.222878 -0.585929 -0.583097 -0.563786 -1.024787 -0.357293 0.171742 0.075856 0.005937 -0.392019 -0.496690 0.032221 
0.000000 -46.078469 -2.978626 -17.595734 -0.618619 -0.085894 -0.225136 2.226532 -0.027366 1.258074 -0.747708 -1.683223 0.464773 -1.947946 -0.572225 0.194257 0.465924 -0.693946 -0.589120 0.160053 0.005291 -0.099365 -0.646064 -0.864136 0.022846 2.781833 -1.668872 1.975018 -0.986427 0.669179 -0.162283 -0.773337 0.474698 -0.638730 -0.134134 0.396324 -0.310994 
0.000000 -46.510004 -3.325230 -15.650596 0.072859 0.423887 -1.924296 1.794078 0.456333 0.605554 -1.568755 -2.564867 0.402159 4.329299 -3.137034 4.532174 -0.259173 1.745149 0.061360 -1.353825 0.566416 -1.161804 -0.365832 0.498578 -0.609431 5.412667 -0.665912 2.349386 -0.653093 0.607055 0.533821 -0.399529 0.508376 -0.197455 0.266465 0.677660 -0.190832 
0.000000 -37.419872 -9.252695 -8.531386 -1.136965 3.404404 -0.102416 -0.481118 1.105465 -1.065534 -1.479372 -0.686067 -0.754089 8.877388 -1.904049 4.893028 -0.840262 0.520165 0.478522 -0.639006 1.022044 -0.494275 -0.113133 0.491184 -0.358818 1.211071 3.014246 -1.269760 -0.173141 -2.013145 -0.253432 1.183971 0.247309 1.327470 0.446606 -0.373293 0.476447 
0.000000 -28.755228 -7.133328 -5.864540 -1.607665 1.464217 -0.967252 0.516066 2.500421 -0.382997 -1.795020 -1.582500 -0.315477 6.751442 2.891458 1.992654 -0.605456 -2.281141 -0.445503 1.014116 1.061035 1.493136 0.527380 -0.248009 0.343463 -3.011044 2.454823 -2.049802 0.513459 -1.041639 -0.452792 0.572933 -0.425139 0.686458 0.444879 -0.155686 0.279818 
0.000000 -23.916989 -3.469779 -4.546077 -2.347877 -1.157877 -0.993422 1.547114 3.227535 1.920739 -0.424612 -1.182084 -0.067163 2.855299 3.005598 0.793424 0.186655 -1.563113 -0.427062 0.506861 0.171765 0.878640 0.776626 0.179813 0.200818 -3.319503 -1.021840 -1.163200 0.564741 0.961263 0.148768 -0.476423 -0.778371 -0.973431 -0.335957 0.032848 -0.029131 
0.000000 -23.044630 -1.122133 -4.277691 -1.234355 -1.662010 -1.821375 1.529788 2.843950 1.374282 -0.241769 -1.222875 0.086159 0.112435 0.847777 -0.333746 0.524025 -0.358614 -0.147968 0.061270 -0.495706 -0.453725 -0.144533 -0.182313 0.285202 -2.142175 -1.230860 -0.507897 0.026745 0.783793 0.350774 -0.394572 -0.253322 -0.388646 -0.406624 0.023029 -0.065895 
0.000000 -23.692119 -1.774224 -5.213569 -1.299827 -1.875106 -1.289358 1.669654 2.236122 1.013288 -0.713678 -1.546710 0.503240 -1.429050 0.543878 -0.222370 0.240145 0.004474 0.274486 -0.282283 -0.334879 0.101347 -0.036623 0.225871 0.069027 -0.705359 0.062314 0.031636 -0.210957 0.577352 0.408794 0.034427 0.193511 0.315484 0.168436 0.258007 -0.155948 
0.000000 -25.902730 -0.034378 -4.722431 -0.754065 -1.653063 -1.272403 0.965222 2.174192 1.576976 -0.315016 -0.771133 0.224214 -1.298284 0.972406 -0.270473 0.102112 0.796090 0.669621 0.130125 -0.108685 0.177243 0.192338 0.333701 -0.026695 0.015226 0.362064 0.227132 0.176198 0.319609 0.051315 0.375204 0.063338 -0.183536 0.187635 -0.153173 -0.194967 
197.746979 -26.288686 0.170587 -5.754515 -1.095604 -0.282927 0.049885 1.929904 2.018753 1.367774 -0.329002 -0.879308 0.449850 -1.398599 1.268007 0.231895 0.592540 0.643692 0.377117 0.468125 -0.208203 -0.265724 0.338646 -0.080474 -0.320908 -0.645199 0.391913 -0.076157 0.732827 -0.510048 -0.950667 0.111416 -0.222301 -0.387130 0.250543 -0.239162 -0.068061 
199.165375 -28.699929 2.501636 -4.258641 0.431015 -0.365680 -0.518169 1.901471 1.757786 1.045527 0.362277 -0.932081 -0.417602 -2.588681 1.756231 -0.422788 1.567766 -0.224007 -1.231712 0.352956 -0.553286 -0.597017 0.693425 -0.144623 -0.162817 -0.118301 -0.090494 -1.214658 0.343838 -0.541745 -0.853321 -0.043285 -0.015405 -0.034829 0.108087 0.008073 0.284276 
71.689972 -31.466048 3.683050 -6.600091 2.039929 -0.730941 -2.413540 2.635817 0.912181 0.173740 1.057847 -1.168553 0.124216 -1.635202 1.087019 -2.197421 1.280216 -0.439799 -1.329525 0.381554 -0.239013 -0.335382 0.554821 -0.064329 0.247645 0.464490 -0.562519 -0.284535 -0.395513 -0.401203 0.271529 0.086968 0.155229 0.174635 -0.219305 -0.059187 0.098151 
333.409912 -31.970332 4.675673 -8.653484 2.991446 -1.245277 -3.177218 2.664579 1.279760 0.374763 1.471918 -1.060738 0.077688 -1.659701 0.631193 -0.991858 0.776740 -1.026414 -0.688654 0.526893 -0.242829 -0.247747 0.254815 -0.262997 0.033485 -1.165001 -0.505631 1.134714 -0.369410 0.058486 0.522250 -0.128319 -0.143176 0.143268 -0.633570 0.029024 -0.089255 
131.009644 -34.785449 4.945436 -8.583807 3.593410 -2.783768 -3.790847 3.689602 0.426524 -0.321754 1.567476 -1.694547 0.191186 -3.965204 0.075756 0.072007 0.541396 -0.322827 -0.285024 0.124915 -0.525364 -0.048845 -0.712320 -0.006280 0.069134 -0.752664 -0.234607 -0.014126 -0.616543 0.742046 0.507321 -0.162529 0.438459 0.017401 -0.650279 0.271466 0.045777 
0.000000 -39.900740 4.827186 -8.509470 4.074238 -1.890931 -3.747266 2.914410 0.229032 0.277072 0.047278 -1.073299 0.215956 -3.165028 0.161979 -1.020109 -0.456345 0.457679 0.325988 0.201835 0.634088 -0.212945 -1.045743 0.279934 0.125039 1.543496 0.191638 -0.547089 -0.553027 1.287060 0.909991 0.384163 1.004439 -0.021000 0.342834 0.138624 -0.011582 
0.000000 -41.115505 5.269394 -10.624026 2.680719 -1.868409 -3.138872 4.093272 1.694701 -0.747644 -0.524010 -1.134679 0.441263 -0.878212 0.459033 -1.022171 -0.564658 2.251292 1.534957 0.893241 1.483514 -0.090846 -0.026652 0.270967 0.045969 0.647530 -0.195831 0.853248 0.768546 1.057924 0.306950 -0.106809 -0.117721 0.371273 0.855661 -0.056922 -0.075058 
203.187119 -41.657164 5.745251 -10.553813 2.944923 2.611654 -0.677352 4.700891 3.196060 0.095380 -0.006026 -0.531365 0.307895 -1.869969 -0.229683 0.686386 1.080747 2.573528 0.939888 -0.011783 0.398646 0.529601 0.665579 0.166089 -0.025077 -1.780774 -1.150084 1.497055 0.658362 -0.884848 -1.154880 -0.571726 -0.531638 -0.197923 -0.195285 -0.199573 0.020106 
0.000000 -44.855442 4.810029 -9.251253 4.842213 3.278648 -1.259096 4.069706 2.491993 0.311558 0.807149 -0.802500 0.391109 -4.439759 -1.841135 1.971939 0.752066 0.481597 -0.774803 -0.250211 0.420238 -0.486692 -0.417221 -0.128179 0.086180 2.339776 -3.919884 1.309334 -0.251480 -1.247738 0.015922 -1.140679 -0.057385 0.004764 -0.589761 -0.086680 -0.101524 
0.000000 -50.536681 2.062982 -6.609935 4.449055 3.574847 -2.226957 4.200469 4.036535 -0.878004 -0.840469 -0.787723 0.480255 2.809583 -8.069452 3.305055 0.577786 0.078052 0.971731 -2.293140 0.283877 0.539129 -0.513943 -0.007271 -0.228126 3.832335 -3.772551 -1.705303 -0.134455 0.297790 1.489310 -1.299073 -1.327547 0.467469 0.890625 0.402512 -0.294980 
0.000000 -39.236276 -11.328874 -2.641143 5.997785 3.434752 0.684366 -0.516575 3.059746 1.389817 -0.220738 -0.817043 -0.065143 3.224911 -9.386237 -1.438668 0.483156 1.077177 2.203818 -2.848358 -2.234855 0.448245 1.364028 0.676846 -0.503780 -3.596941 4.303151 -4.049862 -0.781425 0.115490 -0.541846 0.979863 -1.586423 -0.535403 0.824008 0.296861 -0.057874 
0.000000 -44.086859 -16.709492 -9.487272 5.415366 5.729201 2.180678 -1.496246 -0.433175 0.018485 1.887587 0.565968 -0.527304 -4.384299 0.536850 -4.794669 -0.985063 0.309033 -0.111961 -0.333415 -2.888969 -0.531676 1.134073 0.586450 -0.343873 -2.603107 6.749340 -0.661670 -1.384350 -1.304440 -1.486389 1.773933 1.065055 -0.222628 -0.833489 -0.515211 0.212707 
0.000000 -48.004874 -10.255174 -12.230481 4.027659 4.052819 0.460444 -1.183404 -2.718192 0.326464 2.047407 0.355858 -0.752889 -1.981303 4.112443 -2.762008 -2.285545 -1.531703 -0.768961 0.699508 -0.104746 0.002988 -0.302949 -0.353576 -0.078365 4.538899 1.949930 1.778853 -0.883836 -1.305510 -0.226974 0.820714 2.421337 0.501564 -1.052973 -0.556382 0.284578 
0.000000 -48.049464 -8.484606 -15.011288 0.844276 2.665796 0.642757 -0.097230 -0.642667 0.024462 1.281689 -0.141183 -0.684034 4.693500 4.436710 -1.236963 -2.752736 -2.301988 -0.565910 1.308014 1.953705 0.471453 -0.971874 -0.526314 0.225284 4.282916 -0.116224 1.017099 0.726544 -0.660200 -0.197202 -0.358755 -0.145388 0.054652 -0.431859 -0.154516 0.283163 
0.000000 -38.617875 -1.381754 -14.704407 -1.477812 -0.551156 -0.671375 1.432623 1.189219 1.269369 0.103660 -0.696770 -0.302322 6.584530 3.879995 -0.727810 -0.832457 -2.852102 -1.163364 -0.018001 -0.395522 0.112293 -1.166667 -0.662608 0.487961 -0.981943 -1.627773 0.629430 1.826755 0.585726 0.214769 -0.876670 -1.626095 -0.319704 0.172255 0.029356 0.113871 
0.000000 -34.880404 -0.724615 -16.466908 -0.820639 -3.038408 -1.683971 -0.133233 -1.433711 0.249047 -1.051645 -1.466399 0.291888 2.729614 1.181163 0.021898 0.900774 -1.130537 -0.136371 -0.445326 -1.298485 -0.167954 -0.627364 -0.467602 0.453026 -4.009868 -1.753007 0.520475 0.457639 1.709006 0.823563 0.411667 0.237962 -0.029779 0.462985 -0.014779 -0.430142 
99.189529 -33.158648 0.980573 -14.660610 0.323735 -2.812229 -0.944117 0.541971 -1.407750 0.933460 -1.151068 -1.631974 0.603730 -1.435207 0.373981 0.313141 0.082821 0.565910 0.483761 0.805332 0.080401 0.052734 -0.240698 -0.692167 -0.372322 -3.886421 -2.010213 -0.846522 -1.016411 1.031879 0.656566 0.225089 0.627131 0.023884 0.538605 0.367674 -0.519155 
124.190643 -37.750817 0.023347 -15.840626 -0.654997 -1.906589 -0.716448 1.477432 -1.272910 0.354516 -1.533040 -2.850734 -0.452756 -5.043229 -2.839262 -1.671145 -1.132049 0.933221 1.176761 0.004851 -0.044223 -0.120187 0.449847 0.267745 -0.585283 -0.664066 -0.844024 -0.060005 -0.012412 0.292767 0.556564 -0.553320 0.001651 0.078493 0.587314 0.863705 0.015623 
0.000000 -43.245105 -4.697952 -18.002901 -1.940363 -0.945788 1.409405 0.551673 -1.496197 0.693087 -0.251374 -1.096483 -0.566836 -2.763338 -1.314067 0.193130 0.057996 1.151445 1.596889 -0.301307 0.083703 0.209720 0.933930 1.035243 -0.341077 2.249357 1.825825 0.865536 0.662506 -0.152822 -0.813998 0.250408 0.305369 0.241839 -0.101790 -0.096574 0.300253 
0.000000 -43.277494 -2.604788 -15.454366 -0.539004 0.396300 2.477331 0.874817 -1.105504 0.773956 0.334820 -0.780247 -1.134910 -0.544515 0.812388 0.059926 0.192962 0.627576 -0.451235 0.505667 0.566514 0.363491 0.246266 0.074597 0.015223 1.119465 0.776225 -0.593106 -0.179559 -0.116684 -1.049892 0.294059 0.042880 -0.068473 -0.555061 -0.643308 0.298752 
0.000000 -44.334135 -3.073177 -17.883048 -1.554438 0.309365 0.506934 1.563008 -0.363169 1.420068 0.241157 -0.947289 -0.536391 -0.524408 0.238382 -0.993081 -0.301121 0.918076 -0.502894 0.286810 0.169463 0.072774 -0.176192 -0.251372 0.256428 0.447188 -0.158169 0.500092 0.266757 0.382255 0.552634 -0.507866 -0.523222 -0.566395 -0.026384 0.134674 -0.052830 
0.000000 -44.326310 -2.128024 -17.440529 -1.141245 2.232452 1.471543 1.448436 -0.766577 0.919503 -0.017565 -1.282991 -0.622053 0.349861 0.496049 1.060111 0.726476 1.392087 0.654032 -0.510064 -0.479930 -0.769298 0.193498 0.343945 -0.090437 -0.233238 -1.198951 0.377413 0.224893 -0.634383 -0.004403 -0.132526 -0.195240 -0.389319 0.703825 0.428194 -0.270447 
0.000000 -43.634413 -2.081079 -15.762827 -0.101486 3.093539 1.814999 0.542880 -1.323029 -0.118529 0.628152 -0.259398 -0.717266 -0.990884 -2.159520 -0.238255 0.148665 -0.350690 -0.511699 0.021758 -0.221017 -0.705864 1.231458 0.605016 -0.284465 -0.796873 -1.473896 -0.155640 0.092335 -0.719040 -1.029966 0.757301 0.241969 -0.022057 0.361142 -0.307919 0.032027 
0.000000 -46.308077 -6.447064 -17.917038 -0.843915 1.531073 0.448145 1.491953 -1.208610 -0.492226 2.445352 -0.072960 -1.190982 -1.243884 -2.451742 0.748831 0.911146 -0.045994 -1.405900 1.004537 0.004007 -0.813413 0.915782 -0.271893 -0.026384 -0.029932 -0.196984 0.257949 0.215165 0.864250 0.061102 0.258133 0.134148 -0.225308 -0.772437 -0.451379 0.527343 
0.000000 -46.122181 -6.984563 -14.265166 1.720806 3.001551 -0.996801 2.551954 -1.315014 -1.745354 2.459715 -0.803184 -0.770033 -1.050749 -2.553489 0.277643 0.578994 1.377810 -0.389495 0.538024 0.047280 -1.156480 -0.313415 -0.297742 0.770221 0.301348 1.193869 -0.904303 -0.542082 0.388502 0.809003 -0.550882 0.018718 0.196958 -0.630522 0.198076 0.307707 
0.000000 -48.409574 -11.554041 -17.361751 0.314074 4.286694 -0.330845 2.568001 -1.114050 -2.805185 1.818521 -0.668444 0.349459 -0.641189 -0.064005 -1.059775 -0.173018 0.731010 0.212107 -0.097227 0.041443 -0.419496 -0.345263 0.124260 0.589031 0.854096 3.063458 0.291471 -0.185187 -0.450818 0.297307 -0.501546 -0.386112 0.832991 0.144662 0.316799 -0.357019 
0.000000 -47.404559 -7.112573 -16.384715 1.374771 4.463570 -0.572586 2.357500 -1.232128 -2.584345 1.769189 -0.554663 0.408028 0.657443 3.573427 0.860585 0.208621 0.476174 0.205118 -0.465067 -0.724945 0.509503 -0.024092 0.335855 0.056182 -0.156663 0.928274 0.443099 -0.719986 -0.122402 0.302334 -0.193890 -0.176142 0.536007 -0.054257 0.126953 -0.405758 
117.495537 -47.094688 -4.407188 -15.640582 0.731317 5.239041 0.079391 1.637866 -2.563939 -1.786179 1.770338 0.003265 0.461823 -0.954515 1.792542 -0.173577 -1.612989 0.486205 0.816776 -0.485007 -0.310841 0.652518 -0.453776 0.378166 -0.222485 4.891767 -2.627157 2.500693 -0.226372 -0.676763 -0.033251 -0.242799 1.183540 0.229282 -0.386309 -0.005561 -0.205830 
0.000000 -49.313588 -3.527488 -16.731868 -1.851208 5.435981 1.060966 1.387487 -1.853809 -1.279310 0.861636 0.201669 -0.036941 10.440976 -1.680887 5.861970 -0.244124 -0.877351 0.138616 -0.950666 1.642135 0.968068 -0.796709 0.324734 -0.355478 8.693462 -1.838843 3.987534 1.506876 -1.189735 -0.648652 -0.254592 0.997308 0.150570 0.040280 -0.040865 0.017559 
0.000000 -26.212735 -7.768962 -3.916641 0.243070 3.484339 0.356623 -0.263466 0.720330 0.149956 0.176919 0.652733 -0.249133 16.432409 -1.885144 7.801491 1.400762 -1.893265 -0.480527 -0.994190 1.683776 0.953657 -0.373217 0.296436 -0.187367 -4.535008 0.956405 -2.497488 0.002734 0.074575 0.187481 0.365359 -0.918768 -0.529969 0.650501 -0.150120 0.122052 
0.000000 -16.448771 -7.297776 -1.128886 0.950316 1.649450 0.099911 -0.600893 1.513742 0.628004 0.115202 0.794541 -0.411675 1.370961 0.231923 0.866993 -0.238656 -0.728202 0.513579 -0.219947 -0.195401 -0.091869 0.504292 0.024494 -0.111374 -12.310798 1.879243 -5.303425 -1.296165 0.918822 0.580471 0.509787 -1.494274 -0.638773 0.450362 -0.278054 0.040636 
72.014519 -23.470814 -7.305116 -2.182655 -0.234243 2.027935 1.383781 -0.703361 0.329528 -0.033783 1.185502 0.701721 -0.471880 -8.189188 1.873342 -2.805358 -1.191568 -0.055621 0.680415 0.025385 -1.304772 -0.323889 0.527508 -0.259672 -0.106094 -2.271124 0.692733 -1.865243 -0.531031 0.415378 -0.245589 0.251366 -0.104894 0.257057 -0.267764 -0.070786 0.039469 
0.000000 -32.827147 -3.551093 -6.739603 -1.432820 1.538208 1.460741 -0.550124 -1.095801 -0.019773 1.170217 0.275197 -0.623864 -3.171288 1.617389 -2.863492 -1.300718 0.102554 0.022401 0.282785 -0.405190 0.422244 -0.031236 -0.117078 -0.032436 2.889394 -1.236807 0.641754 0.263741 0.118256 -0.539120 -0.150183 0.623780 -0.003657 -0.173717 0.204431 0.089438 
0.000000 -29.813390 -4.070339 -7.909638 -2.835680 2.233043 1.428583 -0.137791 -0.480852 0.810705 1.123031 0.467564 -0.536751 -2.410401 -0.600273 -1.521851 -0.664086 0.180892 -0.397824 -0.274981 -0.057212 -0.331202 0.180073 0.149190 0.072782 -2.189492 -0.066337 0.600412 0.653598 -0.775228 -0.326998 0.169217 0.260700 -0.361716 -0.097561 -0.264785 0.152454 
0.000000 -37.647949 -4.751640 -9.783305 -2.760993 1.899991 0.665092 -1.100087 -1.210225 -0.682177 1.530363 0.573576 -0.478300 -7.550273 1.484715 -1.662667 0.006477 -1.447903 -0.631594 0.621219 0.116210 -0.301188 -0.226357 -0.646647 0.272472 -1.435171 1.809398 0.186434 -0.169689 -1.303214 -0.308150 1.169529 0.706566 0.592183 -0.641340 -0.743528 0.029253 
0.000000 -44.913935 -1.100909 -11.234972 -2.822726 -0.662763 0.165394 1.104646 -0.248431 0.208329 0.670316 -0.825731 0.008193 -5.280743 3.018523 -1.148983 -1.003464 -2.425537 -1.014125 2.064077 1.355920 0.853164 -1.102606 -1.337867 0.131289 6.002641 -2.216809 0.487966 -0.535508 -0.227526 0.871238 -0.684960 0.525200 0.294630 0.000318 0.469205 -0.337099 
0.000000 -48.209434 1.285405 -12.081270 -4.767922 -2.951083 -1.363157 3.028067 1.501616 1.024151 -0.674850 -2.102158 -0.215722 4.455010 -2.948903 -0.686735 -1.064540 -1.902954 1.110881 -0.748702 1.166611 0.288072 -0.225721 0.291762 -0.401727 7.058978 -4.861169 0.993246 1.073392 1.250611 1.826432 -2.080054 -0.986312 -0.726724 0.670135 1.195764 0.035463 
0.000000 -36.003916 -6.998716 -12.608442 -4.951805 -4.468671 2.387156 -0.392758 2.084790 0.784473 0.218873 -0.242206 -0.795261 8.837213 -6.703815 0.837509 1.143319 0.075684 2.638740 -2.096032 -0.616704 -0.600285 0.237663 1.053662 0.202216 -2.547871 -0.685512 1.032491 1.929419 1.199722 -0.720749 0.422732 -0.986299 -0.591656 0.049744 -0.008863 0.446177 
0.000000 -30.535009 -12.122224 -10.406253 -2.481284 -2.799714 3.914322 -1.163996 0.268208 -0.176418 -0.199525 0.005165 0.188710 -0.640733 -4.319928 1.378248 2.794299 0.496490 -0.330618 0.096762 -0.805987 -0.895240 -0.126233 0.274035 0.490628 -8.230258 3.807338 0.041840 1.131885 0.309465 -2.290412 1.594533 0.190915 0.351081 -0.059865 -0.518285 -0.229296 
0.000000 -37.285381 -15.638571 -9.851947 0.636792 -3.475690 1.725921 -0.199233 0.472817 -1.006007 -0.033593 0.305864 0.185996 -7.623304 0.910862 0.921188 3.407090 0.694614 -1.942085 1.093035 -0.234874 0.101877 0.117933 0.017091 -0.256376 -2.846252 3.743379 -1.396420 -0.100494 1.344378 -0.595666 -0.353049 0.049273 1.415124 0.141363 -0.742319 -0.317717 
0.000000 -45.781616 -10.300501 -8.563877 4.332896 -1.410487 0.030152 1.022073 -0.201540 0.027336 0.036340 0.039347 -0.324043 -6.333237 3.166830 -1.414593 2.593311 3.185246 -1.521949 -0.609337 -0.707441 1.935008 0.156494 -1.210602 -0.144806 2.694534 0.273918 -1.525495 -1.374687 1.112126 0.586807 -1.491692 -0.188150 0.953279 -0.017979 -0.698585 0.178191 
0.000000 -49.951856 -9.304910 -12.681133 5.823413 2.894803 -1.317978 -1.417907 -0.942065 2.864008 0.279395 -2.115340 -0.103616 -2.234235 1.458698 -2.129803 0.657716 2.918866 -0.768472 -1.890349 -0.611173 2.008435 0.081974 -1.380080 0.100005 3.083565 -1.071764 0.308931 -1.319706 -0.959981 0.420263 0.131451 0.268410 -0.849088 -0.012899 0.518090 0.031840 
0.000000 -50.250087 -7.383106 -12.823482 5.648328 4.427245 -1.506792 -2.758625 -1.423885 4.044206 0.200288 -2.720812 -0.124032 -0.166106 1.023303 -0.796730 -0.046102 1.265284 -0.681423 -0.346434 -0.170621 0.236831 0.130695 -0.174422 -0.081126 2.177805 -0.724034 0.898163 0.334939 -1.924108 -0.030190 1.639360 0.235068 -1.410169 0.032988 0.987541 -0.106034 
0.000000 -50.284068 -7.258305 -14.274594 5.731209 5.425371 -2.680823 -2.110774 -1.283307 3.337670 0.540784 -2.464184 -0.265867 2.121374 0.010630 -0.333476 1.327593 -0.929351 -0.828851 1.388371 -0.141037 -0.811904 0.147951 0.595003 -0.112062 -0.101562 -2.023952 0.276935 0.645274 -1.511835 -0.014388 0.915799 -0.066941 -0.315084 -0.049768 0.340658 -0.035471 
0.000000 -46.007340 -7.361846 -13.490434 8.303515 2.568543 -3.164495 0.018116 -1.705960 2.420398 0.496191 -1.530806 -0.348156 -0.369231 -3.024602 -0.242861 1.244446 -1.758385 -0.710199 1.485164 -0.304502 -0.393337 0.031159 0.506894 -0.152067 -1.154945 -0.678294 0.143435 -0.305152 0.397809 0.186915 -0.626303 0.219205 0.334155 -0.049127 -0.342839 -0.013973 
0.000000 -51.022530 -13.307510 -14.760317 8.220101 1.908600 -4.101222 0.859553 -1.892311 2.550997 0.603102 -1.450396 -0.570001 -0.188516 -1.345959 -0.046607 0.717289 -0.133734 -0.455021 0.135765 0.297373 -0.143594 0.049697 -0.090674 -0.140008 0.240846 1.641438 0.163748 -0.386656 0.936197 0.618661 -0.892398 0.249181 0.094759 -0.000408 -0.254790 0.112751 
0.000000 -46.384372 -10.053763 -13.583648 9.738092 2.301076 -4.074536 0.289647 -1.111213 2.133210 0.595585 -1.712155 -0.628172 0.112461 0.258274 0.084635 0.471133 0.114009 0.527123 -0.299632 0.193861 -0.203819 0.030343 -0.002686 0.073435 -0.753248 0.820315 0.410488 -0.471607 -0.220702 0.359401 0.036846 -0.153598 -0.043264 -0.021659 0.070121 0.195047 
0.000000 -50.797608 -12.790961 -14.591047 9.162367 2.136618 -3.046976 0.260289 -1.504589 2.143359 0.663788 -1.455768 -0.423131 -1.695011 0.294671 0.774369 -0.225925 -0.575138 0.263781 0.209456 -0.009823 -0.230122 0.006380 0.049568 0.250086 -1.229881 0.126692 0.817502 0.070613 -0.718959 -0.146108 0.296467 -0.139549 0.136370 -0.144677 0.101811 -0.010270 
0.000000 -49.774395 -9.464421 -12.034911 9.286241 1.150799 -3.546975 0.708559 -1.130859 1.672966 0.608344 -1.613019 -0.128000 -2.347301 0.511659 1.719638 0.612358 -1.323910 0.234907 0.293301 -0.085238 0.068920 -0.259012 0.200935 0.052896 -1.903426 -1.133560 0.439391 -0.090684 -0.266607 0.016761 0.114965 0.003675 -0.075878 -0.044967 0.359433 -0.200682 
0.000000 -55.492210 -11.767642 -11.151771 10.387083 -0.511201 -2.577163 0.846891 -1.675065 2.281199 0.145765 -1.053897 -0.317340 -5.501864 -1.972449 1.653151 -0.407294 -1.108353 0.297302 0.439387 -0.002474 -0.381878 -0.083555 0.768433 -0.151277 -0.147828 -0.666249 -0.254028 -0.785037 0.523278 -0.211256 0.038460 0.177434 -0.377457 0.203373 0.143968 -0.054751 
0.000000 -60.778124 -13.409320 -8.728609 8.471653 -1.065907 -2.952372 1.587333 -1.135806 0.909210 0.441234 -0.076153 -0.430554 -2.642957 -0.820839 1.211581 -0.957715 -0.277353 -0.187605 0.370221 0.269630 -0.685994 0.147734 0.488872 -0.056607 1.429454 0.575805 -0.220785 -0.275210 0.415500 -0.242453 -0.034583 0.136052 -0.152058 0.115645 -0.139780 0.047335 
