0.000000 -46.448357 2.902129 13.177110 -1.188593 3.743456 -0.679838 1.195209 0.257063 -0.700915 0.158825 -1.687307 -0.173857 10.102801 2.561028 -3.946827 0.948719 -2.172422 1.698058 -0.354612 -0.478677 1.299645 -0.501580 0.628218 0.128862 2.460376 -0.119233 -2.169899 0.556353 -1.036245 -0.379598 -0.802363 0.143612 -0.082153 0.220848 0.552029 0.089178 
0.000000 -26.242755 8.024185 5.283456 0.708845 -0.601389 2.716277 0.485985 -0.700291 1.898375 -0.844335 -0.430871 0.083867 15.023552 2.322562 -8.286626 2.061426 -4.244911 0.938862 -1.959338 -0.191452 1.135338 -0.059884 1.732277 0.307217 -2.063561 -2.064127 -1.076218 -0.190554 -0.598120 -1.279510 -0.389663 0.529355 -0.896914 0.718914 0.494881 0.382423 
0.000000 -16.401252 7.547253 -3.396142 2.934259 -4.746367 1.197886 -2.723468 -0.125842 1.569761 0.039057 1.777247 0.440578 5.975680 -1.567226 -6.099263 0.567612 -3.368662 -0.860962 -1.133937 0.580034 -0.494184 0.936247 1.617979 0.893707 -6.617693 -2.145102 3.860188 -0.999752 1.460748 -0.697942 1.290364 0.223518 -1.065297 0.046917 -1.387322 -0.296738 
0.000000 -14.291395 4.889734 -6.915070 1.844069 -7.338712 0.994353 -1.781888 0.459777 0.910008 1.028159 2.805088 1.871282 1.788167 -1.967643 -0.566250 0.061921 -1.323415 -0.457021 0.621391 0.255584 -0.995256 0.033951 -1.042367 -0.286258 -2.673421 0.196413 3.840055 0.173911 2.147940 0.136711 0.246156 -0.443594 -0.459324 -0.878150 -1.845121 -1.050829 
0.000000 -12.824918 3.611967 -4.528642 3.058101 -7.393198 0.283843 -1.480687 0.385326 -0.420752 0.106958 -0.307488 -0.131938 0.628837 -1.174400 1.580847 0.915433 0.927219 -0.587541 -0.641624 -0.307154 -1.412831 -0.820052 -2.072263 -1.207951 -4.701322 0.913320 0.812080 0.221862 2.157186 0.238220 -0.377076 -0.075566 0.693621 -0.024702 0.603608 -0.008947 
352.380127 -13.033721 2.540933 -3.753377 3.674935 -5.484274 -0.180728 -3.065136 -0.154532 -1.915654 -0.611944 -1.339438 -0.544621 -7.614476 -0.141002 1.057910 0.505644 2.990956 0.019418 -0.132761 0.104452 0.391985 -0.015453 0.164849 -0.304153 -5.115770 -4.113038 0.505502 0.005470 1.399544 0.227170 1.293338 0.762041 1.736058 0.384810 1.748176 0.760532 
335.558838 -28.053870 3.329963 -2.412822 4.069390 -1.411286 0.322679 -1.746209 0.594229 0.363219 0.076051 0.022209 -0.740243 -9.602703 -9.400476 2.591851 0.926372 3.726307 -0.133201 1.945051 1.216928 2.059286 -0.050432 1.424088 0.313112 2.734967 -5.439667 -0.844852 -0.334796 -1.008012 -0.013361 0.634602 0.323187 0.328182 -0.149428 -0.141817 0.126185 
352.445465 -32.239127 -16.260020 1.430325 5.527680 1.968341 -0.447130 0.824966 2.279325 2.202917 -0.712809 1.508739 0.081603 -2.144542 -11.020337 -0.631794 -0.163948 0.974932 -0.007304 1.136443 0.750825 1.048350 -0.314310 -0.118785 -0.051783 5.845838 6.165170 -3.601171 -1.122942 -2.591421 0.103013 -0.969879 -0.716065 -0.894317 0.023806 -1.353906 -0.338948 
0.000000 -32.342954 -18.710710 -3.676411 3.741495 0.538577 0.308072 0.526677 2.095879 2.459919 -0.552568 -0.215361 -0.843810 2.088973 2.929864 -4.610491 -1.319512 -1.456534 0.072826 0.005293 -0.215201 0.270651 -0.002821 -1.283724 -0.364784 3.081813 9.776028 0.579518 0.160585 -1.223727 -0.654462 -0.829720 -0.738449 -0.990581 0.216594 -0.006591 0.065334 
0.000000 -28.061181 -10.400292 -7.790658 2.888657 -0.944728 -0.301479 0.835553 1.848923 2.744219 -0.718450 -1.058709 -0.647964 4.019085 8.531718 0.527241 0.157222 -1.472523 -1.316228 -0.522998 -0.726073 -0.932812 0.118879 -0.131968 0.078885 -1.179095 3.059760 4.382339 1.047146 0.008950 -0.854771 -0.123735 -0.576371 -0.874604 0.233289 0.803241 0.377918 
0.000000 -24.304784 -1.647273 -2.621928 4.055938 -2.406470 -2.324385 -0.519318 0.643734 0.594296 -0.314810 -0.479297 -0.686040 -0.269217 9.049384 4.154186 0.774780 -1.438634 -1.636716 -0.242177 -1.367943 -1.478557 0.463758 0.322758 0.391053 -4.379185 -1.380661 0.292996 0.494675 0.921690 0.263264 0.624982 -0.041976 0.463249 0.212156 -0.162931 0.154307 
302.336792 -28.599614 7.698476 0.517713 4.438216 -3.821995 -3.574911 0.351200 -0.886962 -0.212894 0.209065 -0.413193 0.134143 -4.739285 5.770396 1.113234 1.146571 0.370856 -0.789700 0.726966 -0.810024 -0.006314 0.543191 -0.457829 0.387499 -1.911981 -3.350201 -2.354252 -0.383433 1.906330 1.170026 0.079176 0.778729 0.945603 -0.334954 -0.424071 -0.173644 
269.869995 -33.783354 9.893519 -0.395461 6.349079 -1.664757 -3.903785 0.934614 -0.976315 0.581667 0.771572 -1.394955 0.088958 -4.093179 2.348982 -0.554317 0.007914 2.374026 0.703335 -0.083824 0.189515 0.412648 -0.206149 -0.525384 0.043765 0.944209 -2.447633 0.130543 -1.413373 1.067247 1.149745 -1.025045 0.749288 0.079250 -0.822212 0.189695 -0.134341 
251.779572 -36.785973 12.396439 -0.590922 4.454044 0.926056 -2.168240 0.183551 -0.507932 0.612402 -0.203234 -1.463962 0.221673 -2.850866 0.875130 1.374320 -1.680176 2.505350 1.509789 -1.323124 0.688551 0.152185 -1.101233 -0.078439 0.118817 -0.563539 -2.064012 2.079867 0.072647 -0.787591 0.109972 -0.169908 -0.017650 -0.357185 -0.003544 0.429774 -0.076166 
253.628708 -39.485086 11.643779 2.353179 2.988727 3.345942 -0.884206 -1.711634 0.400788 0.886038 -1.430894 -1.551833 0.326592 -5.220257 -1.779042 3.605416 0.153207 0.798844 0.923278 -0.423640 0.154215 -0.301722 -0.213238 0.334164 -0.108567 -1.230257 -2.038251 0.558660 1.294956 -1.590450 -0.563819 1.062332 -0.672679 -0.550184 0.718098 0.348376 -0.375001 
256.660278 -47.226487 8.838356 6.619910 4.760459 2.523744 -0.321684 -0.663728 -0.199501 0.008958 -0.629710 -0.795635 0.004539 -5.311380 -3.201372 2.491639 0.909735 -0.675550 0.382152 0.801539 -0.656807 -0.948183 0.334963 0.618313 -0.631186 1.618055 -1.081253 -0.804214 -0.892996 -0.024050 -0.970622 0.739999 -0.498986 0.220668 -0.208868 0.143910 -0.256974 
276.625153 -50.107845 5.241036 7.336457 4.808198 1.994842 -0.119902 -0.108556 -0.912825 -1.010328 -0.760968 -0.315207 -0.935779 -1.984147 -3.941548 1.996988 -1.632784 0.750744 -1.017966 1.056358 -0.843756 0.139614 -0.630974 0.621984 -0.622515 1.654491 -2.867180 -1.113244 -0.796049 0.587897 -0.759448 0.144537 0.676512 0.582751 -0.520760 0.413387 -0.113993 
283.070007 -51.194781 0.955260 10.613885 1.494891 4.025232 -2.357616 1.448989 -1.887013 0.288186 -1.891658 0.448334 -1.240491 -2.002398 -8.935732 0.265152 -0.682362 0.500244 -1.136744 1.090613 0.696216 0.217318 -0.706556 1.445087 -0.859171 -0.019807 -3.391062 -2.961891 1.844513 -0.669557 0.136742 -0.031125 1.007202 -0.245476 0.401827 0.210820 0.174823 
278.706360 -54.112641 -12.630428 7.866761 3.443474 2.995330 -2.393391 2.072671 0.479607 -0.575691 -2.174081 2.574967 -2.654121 -2.023760 -10.723673 -3.926794 2.056243 -0.588369 -0.744482 0.994109 1.170648 -0.351338 0.172680 1.043625 -0.272869 3.140600 4.577740 -1.171754 0.077600 -0.720553 0.266294 -0.237722 -0.373214 -0.203564 0.759979 -0.664692 0.756829 
0.000000 -55.242302 -20.492085 2.760297 5.607378 2.848494 -3.846581 3.437207 0.454283 -0.414490 -1.546299 2.535584 -1.786228 4.278802 0.219748 -2.078355 -0.527161 -0.940863 -0.604157 0.615170 -0.050211 -0.189810 0.813402 0.115703 0.654488 5.866051 10.555586 2.731166 -2.460320 0.117916 0.619121 -1.111242 -1.025286 0.172345 0.089052 -0.993915 0.469361 
0.000000 -45.555036 -12.190933 3.710050 2.389151 1.113604 -3.601704 3.303011 0.379185 -0.955310 -0.547277 2.806374 -1.345146 9.708341 10.387500 1.535539 -2.864397 -0.352537 0.493760 -1.228375 -0.879925 -0.006648 0.350785 -0.944205 0.665853 0.438495 5.027538 1.435370 -0.772999 -1.212514 2.359247 -1.654024 -0.364334 -0.340261 -0.565685 -0.259240 -0.304048 
0.000000 -35.825619 0.282914 5.831374 -0.121416 2.143420 -2.859060 0.980456 -1.305566 -0.427787 -0.844730 0.647174 -0.454522 5.155792 10.274823 0.792384 -2.073160 -3.365892 4.114337 -2.692878 -0.778879 -0.870332 -0.317968 -0.402776 0.046391 -3.006284 -3.996745 -0.953884 2.276728 -2.465558 1.223199 -0.016144 0.069829 -0.636563 0.041612 0.096225 -0.651435 
329.634857 -35.243453 8.358714 5.294818 -1.757169 -5.618180 4.626970 -2.082745 -1.178573 -2.695974 -1.183214 2.000822 -1.252363 3.695773 2.394010 -0.372229 1.689058 -5.283652 2.940158 -1.260664 -0.740267 -1.279775 0.434008 -0.751756 -0.637016 0.547667 -5.718949 -0.679980 2.579853 1.314093 -2.388858 1.808004 0.197029 0.658789 0.341907 -0.133111 -0.039439 
315.546814 -28.434073 5.070934 5.086916 3.256700 -8.423884 3.021256 -1.540871 -2.786099 -2.987337 0.023287 -0.856338 -1.728554 6.251126 -1.163074 -0.567576 3.086545 -0.737705 -0.663379 0.923130 -0.384821 0.447247 0.365845 -0.668998 -0.032487 -0.215795 -1.061305 -0.557370 -0.736168 2.648344 -1.829452 0.967445 0.683820 0.837886 0.141086 0.689814 0.961819 
0.000000 -22.741201 6.032565 4.159666 4.415922 -7.093589 3.300211 -0.236485 -1.948214 -1.801481 -0.451523 0.662827 -1.317337 3.264183 0.271400 -1.486970 0.216723 0.013037 -0.718746 0.674226 0.627374 0.395997 0.716181 0.627873 1.286622 -2.344027 0.601315 -0.484720 -2.131614 0.244384 -0.407927 -0.180108 0.309374 -0.706655 0.137568 0.262298 0.700699 
276.414764 -21.905706 5.613735 2.112975 3.690147 -8.397810 1.583765 -0.192419 -1.531351 -2.195342 1.455649 0.399408 0.844691 1.563072 0.039555 -1.537017 -1.176682 -0.248936 -1.479233 0.562913 0.233927 -0.966064 0.640981 -0.144402 1.368912 -1.026247 -0.028866 0.400950 -0.476001 0.069518 -0.343058 -0.065038 0.403721 -0.551646 -0.185916 -0.471354 -0.608700 
0.000000 -19.615057 6.111676 1.085632 2.062559 -7.591461 0.341744 0.889341 -1.480361 -3.733608 0.830439 0.374022 1.420487 1.211689 0.213669 -0.685070 -0.735278 0.152072 -1.404862 0.544149 1.434816 -0.707295 0.344350 -0.314836 0.069222 -1.258021 0.601514 0.281563 0.510036 0.181553 -0.196588 -0.032505 0.012733 0.668739 -0.210543 0.301078 -0.833989 
239.977386 -19.482328 6.041072 0.742836 2.219590 -8.093666 -1.225959 0.895879 1.338282 -3.609932 2.144349 -0.230264 0.983136 -0.952970 1.242584 -0.973891 -0.156609 0.114169 -1.872410 0.497904 0.259393 0.371415 0.219894 0.457753 -0.299067 -1.516979 0.604648 -0.559326 0.368640 0.038314 0.427639 0.194057 -1.427184 0.682830 -0.657783 0.689547 -0.076638 
0.000000 -21.520997 8.596843 -0.862150 1.749341 -7.363123 -3.403076 1.885149 -0.961575 -2.990778 1.270227 1.289527 0.822353 -1.822269 1.422964 -1.803722 0.002001 0.228700 -0.549583 0.932263 -1.419551 0.658366 -0.971217 1.064258 -0.084054 -0.152661 -0.516030 -0.301311 0.179811 -0.032570 1.095545 0.062449 -0.234052 0.136198 -0.392004 -0.001201 0.057752 
0.000000 -23.126865 8.887001 -2.864609 2.223592 -7.636265 -2.325125 2.760405 -1.500819 -2.293201 0.201916 1.898251 0.815029 -1.258292 0.210524 -1.576513 0.203013 0.049030 0.318679 0.622801 -0.208712 0.643811 -0.564114 0.455352 -0.183564 -0.207112 -0.716861 0.541519 -0.241502 0.056204 0.026761 -0.325274 0.938581 -0.079410 0.629765 -0.574337 -0.134157 
0.000000 -24.037580 9.017892 -4.015175 2.155366 -7.265063 -2.765719 3.130751 -1.378998 -1.703157 0.141999 2.200230 0.455226 -2.236492 -0.010758 -0.720684 -0.481004 0.341108 -0.496061 0.281714 0.457612 0.499545 0.288313 -0.084416 -0.352368 -2.881329 -0.101922 0.852404 -0.965282 0.479068 -0.552667 -0.351358 0.460259 -0.248731 0.726055 -0.353975 -0.060865 
0.000000 -27.599849 8.865486 -4.305978 1.261585 -6.954049 -3.317248 3.323834 -0.585595 -1.294110 0.778541 1.729419 0.110293 -7.020950 0.006680 0.128295 -1.727552 1.007167 -0.786656 -0.079915 0.711806 0.146348 0.887995 -0.252598 -0.305294 -6.315453 -1.692880 1.272193 -1.516604 0.250160 0.647812 -0.760131 0.078477 0.086817 -0.126949 -0.143907 0.228682 
0.000000 -38.079480 9.031253 -3.758585 -1.299737 -5.250730 -4.339031 2.970921 0.044615 -1.410461 1.917989 1.695034 -0.155362 -14.867397 -3.396518 1.823702 -3.514212 0.841428 0.799562 -1.238547 0.614566 0.673179 0.034414 -0.372231 0.104997 -4.146902 -4.094341 0.681049 0.769009 0.426348 1.387842 -0.729118 -0.420705 0.306096 -0.900933 -0.269299 0.081323 
0.000000 -57.334643 2.072450 -0.658575 -5.766838 -5.271193 -1.718124 0.846740 0.643537 0.052247 0.847368 0.984958 0.320286 -15.314755 -8.182002 1.490393 -0.189534 1.859863 1.989029 -1.538152 -0.129603 0.758540 -0.913870 -0.791196 -0.142647 12.110462 0.001249 -1.278952 4.924586 1.867164 0.217722 0.470645 -0.853454 0.166111 -0.206085 -0.379449 -0.296920 
0.000000 -68.708989 -7.332751 -0.777799 -1.678805 -1.531003 -0.360974 -0.105382 -0.214592 0.106620 0.090248 0.112642 -0.440655 9.353527 -3.394020 -0.734203 6.334960 4.575756 1.235007 -0.297258 -1.092342 1.005400 -0.377756 -1.131130 -0.488844 18.732041 5.017893 -1.315422 1.916938 -0.078100 -0.860621 0.856250 -0.062616 0.180473 0.215619 -0.022637 0.055762 
212.638107 -38.627590 -4.715590 -2.126981 6.903082 3.880320 0.751890 0.252224 -1.541146 2.063048 0.091856 -1.277301 -0.657401 22.149328 1.853784 -1.140451 3.644342 1.703663 0.267787 0.174348 -0.254835 1.119486 -0.482633 -0.836470 -0.031123 -0.986960 2.170407 0.064547 -3.264545 -2.910659 -0.826205 0.138075 0.872959 -0.483491 0.059668 0.694069 0.282616 
235.816238 -24.410334 -3.625184 -3.058702 5.609878 1.876323 0.174599 0.243314 -0.724263 2.345592 -0.875018 -1.560297 -0.502901 7.379607 0.946794 -0.605109 -0.194130 -1.245561 -0.417403 -0.021108 0.653576 0.038418 -0.258421 0.257009 0.076387 -11.890903 -0.856335 0.556506 -1.631918 -0.999150 -0.011747 -0.473079 0.221759 -0.483384 0.599576 0.554260 0.155651 
0.000000 -23.868375 -2.822002 -3.337199 6.514822 1.389197 -0.082916 0.210007 -0.233995 2.139884 -0.424985 -0.763284 -0.504627 -1.632478 0.141113 -0.027439 0.380505 -0.294637 0.244293 -0.771810 0.188683 0.152718 0.716519 0.272049 0.280179 -8.768674 -1.265156 -0.069630 0.106277 0.468673 0.618619 -0.305948 -0.399757 -0.064393 0.520764 -0.388063 0.213032 
0.000000 -27.675290 -3.342959 -3.113579 6.370889 1.287048 0.663184 -1.300306 -0.346896 2.651028 0.558020 -1.016198 0.057457 -10.157740 -1.583518 -0.744368 0.018425 -0.308216 0.819836 -0.633004 -0.145939 -0.090368 0.783108 -0.519117 0.502450 -6.769587 1.755777 1.400120 -0.729207 0.607429 -0.139641 0.414745 -0.250708 -0.592313 -0.277721 -0.221658 -0.147669 
0.000000 -44.183855 -5.989039 -4.825935 6.551671 0.772765 1.556755 -1.056000 -0.525874 1.959148 1.141230 -1.801517 0.500274 -15.171652 3.652666 2.772801 -1.077909 0.920220 -0.034990 0.057680 -0.312732 -1.031908 0.161077 -0.171267 -0.015159 6.086409 2.967856 2.843906 0.329181 -0.040373 -1.194720 0.317401 0.401451 -0.827522 -0.580468 0.488838 0.010914 
0.000000 -58.018595 3.962373 2.432022 4.215071 3.127488 0.593204 -1.184946 -0.972361 0.587213 0.880175 -1.358733 0.027139 2.015079 4.352194 4.943443 0.676787 -0.388962 -1.569603 0.001798 0.656962 -1.745412 -0.377828 0.458560 0.524278 15.488065 -3.449943 -1.585892 2.305035 -1.152558 -0.982598 0.358203 0.470778 0.353320 -0.445431 0.578842 0.088227 
384.324554 -40.153697 2.715349 5.060951 7.905246 -0.005158 -1.582452 -1.052403 0.788051 -1.531676 0.385574 -0.884398 1.548830 15.804478 -3.247221 -0.398983 3.532161 -1.384896 -2.000187 0.774087 0.628824 -0.325267 -0.729785 0.986418 0.161295 3.180457 -3.345726 -3.252702 0.602322 0.060680 0.152490 0.416283 -0.617884 1.261688 -0.076319 0.196913 -0.734491 
363.458069 -26.409638 -2.532068 1.634056 11.279394 0.357697 -3.407170 0.363229 0.285286 -0.063321 -0.579395 0.614103 0.349728 8.375992 -2.339257 -1.561961 1.881431 -0.267601 -1.264623 0.834365 -0.578806 0.777964 -0.530465 0.852386 -0.944704 -7.603332 1.659300 0.022506 -2.115961 0.379005 0.565262 -0.217080 -0.612159 -0.026556 0.265493 -0.330033 -0.373030 
334.172089 -23.401714 -1.963164 1.937029 11.668108 -0.540360 -4.111699 0.616327 -0.369562 0.024252 -0.675357 0.820375 -0.340577 0.597815 0.071380 -0.353972 -0.699762 -0.626886 -0.869664 0.339926 -0.595495 -0.378378 -0.198800 0.326352 -0.584766 -4.068418 0.322213 0.412526 -1.322305 0.313735 0.555352 -0.416451 0.243238 -0.648893 0.296167 -0.237788 0.299149 
314.824280 -25.214008 -2.389308 0.926112 9.879871 -0.896075 -5.146497 1.043081 -0.905705 -0.820078 -0.976994 1.266807 -0.819803 0.239155 -1.694832 -0.736909 -0.763178 0.359869 -0.153919 0.001464 -0.092330 -0.519822 0.061869 0.376811 -0.346407 0.945468 -0.268638 0.271473 0.461714 0.267164 0.621765 -0.461131 0.813379 0.355832 -0.137978 -0.156451 0.389918 
283.505951 -22.923403 -5.352828 0.463211 10.141751 0.179379 -4.419536 0.619255 -0.554221 -1.015392 -0.551619 1.573996 -1.033391 2.488750 -0.465896 0.188974 0.223667 -0.092558 0.373867 -0.582337 1.031264 0.333285 -0.474756 0.013451 0.195070 0.496254 1.947774 0.179020 -0.068651 -0.838814 0.669451 -0.549849 0.366694 0.372048 -0.219450 -0.581621 0.137333 
315.102936 -20.236508 -3.321100 1.304060 10.327205 -1.081191 -4.398763 -0.121592 1.156823 -0.153507 -1.926505 1.293708 -0.429664 1.231663 2.200715 -0.378870 -0.900480 -1.317758 1.184983 -1.098235 0.641059 0.224274 -0.377031 -0.786431 -0.071741 -1.288186 0.916375 -1.335427 -0.605298 -0.118213 0.503729 -0.449261 -0.795237 -0.006886 0.710977 -0.737409 -0.592708 
311.300201 -20.460078 -0.951398 -0.294529 8.340791 -2.456138 -2.049569 -1.577216 0.727897 -0.566843 -1.305681 0.001134 -1.176873 -0.087622 1.366854 -2.481880 -0.986928 -0.328984 1.381326 -1.480858 -0.559211 0.319514 0.947198 -1.461367 -0.990347 -1.851193 -0.564149 -0.607357 0.492045 1.083316 -0.265637 -0.042833 -0.291984 0.091771 0.728928 0.057122 -0.076758 
304.698364 -20.411751 -0.587392 -3.659700 8.353348 -1.739158 -1.636111 -3.083309 0.038401 0.485520 -0.032109 -1.629026 -2.410357 -2.470722 1.072417 -1.593583 0.083610 0.848875 0.653709 -1.183900 0.057092 0.407816 1.080824 -0.672188 -0.225258 -3.496278 0.737089 1.225240 0.101454 0.605311 -0.695597 0.719348 0.589890 -0.056484 -0.152168 0.919516 0.781280 
291.035400 -25.401522 1.193436 -3.481696 8.508011 -0.758389 -0.742151 -3.945017 0.842080 0.248789 0.855968 -1.343242 -1.627388 -7.080179 2.841032 -0.031401 -0.784021 0.881637 -0.009869 -0.042162 0.620568 0.206545 0.642863 0.377665 0.572214 -2.710944 0.243012 0.760430 -0.656288 -0.005718 -0.448777 1.062239 -0.181436 0.254186 -0.361816 0.155722 0.356411 
265.258331 -34.572108 5.094673 -3.722501 6.785306 0.024117 -1.655848 -3.167633 1.279538 0.898611 1.253616 -0.873697 -1.265930 -7.892611 1.558441 -0.072723 -1.228966 0.837439 -0.243845 0.940577 -0.305780 0.916188 0.357192 -0.360745 0.487564 3.801710 -2.443296 0.650515 1.482568 -0.518304 0.374623 -0.116458 -0.322097 -0.173085 -0.498169 0.096331 -0.175469 
243.917648 -41.186743 4.310318 -3.627142 6.050078 0.916489 -1.229840 -2.063864 0.230519 2.081166 1.570351 -2.064731 -0.652260 0.523241 -2.045560 1.269630 2.181114 -0.154970 0.739377 -0.275078 -0.023626 -0.139624 -0.353476 0.570327 0.221276 8.164167 -2.209182 0.897319 1.857804 -1.070642 0.027944 -0.535684 0.590707 -0.968758 -0.753787 0.914111 -0.207869 
0.000000 -33.525626 1.003553 -1.183242 11.147533 -0.285824 -0.177095 -3.717788 1.232286 0.619363 0.546664 0.266957 -0.823378 8.435724 -2.859923 1.721915 2.486642 -1.303845 -0.187957 -0.130792 0.875634 -1.021327 -1.150381 1.467477 0.071825 3.038349 -0.532055 -0.454566 -1.556736 -0.281852 -1.205331 0.315078 0.153592 -0.223272 -0.366961 -0.303853 -0.312652 
0.000000 -24.315295 -1.409528 -0.183313 11.023362 -1.691202 -1.605754 -2.325448 1.981788 0.038511 -0.730411 0.870222 -0.508610 6.599939 -3.109671 0.360497 -0.932359 -0.718674 -1.671286 0.355078 0.283558 -0.586167 -1.087399 -0.037379 -0.404028 -3.122787 0.825574 -1.154039 -1.659051 0.548854 -0.246773 -0.084041 -0.336650 0.165290 0.269468 -0.600102 -0.365034 
298.226501 -20.325749 -5.215789 -0.462247 9.282815 -1.723172 -3.519667 -3.007632 1.799402 -0.552971 -1.628133 0.192198 -1.631433 2.190150 -1.208776 -0.586163 -0.831460 -0.206138 -0.681503 -0.298874 0.202334 -0.690748 -0.611446 0.267272 -0.658242 -3.155273 1.642688 -0.197765 0.253976 0.195204 1.010100 -0.324562 0.148963 0.134513 0.414109 0.369991 0.003395 
304.798767 -19.934996 -3.827080 -1.355639 9.360442 -2.103478 -2.968761 -2.923197 2.386456 -1.342986 -1.953304 1.404766 -1.825094 0.289393 0.175705 -0.035033 -0.424406 -0.328266 0.348914 -0.294046 0.581484 -0.317142 -0.259180 0.702604 -0.397237 -1.167486 0.308534 0.706975 0.436347 -0.133683 0.570940 -0.182229 0.160774 0.438962 0.394040 -0.174110 0.221056 
303.412476 -19.746963 -4.864379 -0.532312 8.434003 -2.379705 -2.821838 -3.595724 2.962371 -1.187255 -2.146493 1.597405 -2.425907 -0.144823 -0.591707 0.827787 0.041234 -0.473504 0.460377 -0.663331 0.523881 0.187176 0.176634 -0.080949 -0.216129 -0.331006 -0.000543 0.317154 0.709362 -0.214354 0.212229 -0.075967 -0.050789 0.265008 0.419850 -0.569510 0.509301 
296.561584 -20.224642 -5.010495 0.299935 9.442911 -3.050486 -2.048007 -4.249860 3.434217 -0.968634 -1.600036 1.242868 -2.257352 -0.372620 0.174620 0.599275 0.994318 -0.756975 0.773372 -0.445981 0.479906 0.212875 0.580520 -0.436417 0.621365 -0.807328 0.654354 -0.441654 0.201508 0.317271 0.280948 0.332676 -0.072939 -0.128041 0.430012 -0.032300 0.518556 
284.378632 -20.492202 -4.515139 0.666237 10.422638 -3.893654 -1.275094 -4.487685 3.922183 -0.761506 -0.985452 0.724571 -1.183177 -1.759480 0.717000 -0.055520 0.444251 0.161039 1.022273 0.002021 0.378003 -0.068906 1.036658 -0.145549 0.820982 -4.316746 -0.008887 -0.285842 -1.596370 0.518318 0.441356 0.891942 -0.125767 -0.505341 -0.326018 0.237979 -0.261825 
137.822693 -23.743601 -3.576494 0.188894 10.331413 -2.728408 -0.003461 -4.245819 4.190223 -1.106447 0.473279 0.951769 -0.615388 -9.006111 0.156846 0.027591 -2.198423 0.279662 1.656084 1.337903 0.228373 -0.797807 -0.071516 0.039540 0.097716 -2.810466 -0.514738 0.160891 -1.298531 -0.232000 -0.001003 0.607474 -0.141825 -0.278215 -0.918770 0.035745 -0.503580 
0.000000 -38.504424 -4.201447 0.721418 6.025792 -3.334331 2.037074 -1.811880 4.378928 -2.357119 -1.128484 0.803651 -0.987745 -7.380411 -0.312477 0.266262 -2.152810 -0.302961 1.020267 1.216969 0.094352 -0.625336 -0.800882 -0.074059 -0.186178 0.812850 -0.234661 0.119336 0.022806 -0.291311 -0.317908 -0.060467 -0.067010 0.086235 -0.364683 -0.056800 -0.141947 
