188.267365 -47.993397 11.053496 6.755347 0.785451 -1.049670 -1.750080 -0.974899 -0.767136 -0.549252 -0.304631 0.363478 0.105670 -0.876418 0.172488 0.251127 0.950549 0.956881 0.299445 -0.452117 -0.303463 0.147053 0.597705 0.222715 -0.084926 0.248940 -0.064205 0.125264 0.502730 -0.363439 -0.060172 0.316701 -0.055422 0.082092 0.326945 -0.064841 0.271578 
200.967789 -49.746233 11.398472 7.257601 2.686549 0.864093 -1.151190 -1.879132 -1.374062 -0.255146 0.890779 0.808908 -0.064182 -0.378539 0.044078 0.501655 1.956009 0.230003 0.179101 0.181286 -0.414308 0.311238 1.251596 0.093032 0.458230 2.911484 -1.025673 -0.038331 0.314709 -2.133499 -0.195088 0.730788 0.336865 -0.357218 0.074660 -0.587120 -0.039654 
218.332474 -48.750475 11.141652 7.758658 4.697468 -0.589665 -1.391878 -0.612328 -1.595752 0.073223 2.198560 0.549542 1.022131 4.946549 -1.878858 0.174464 1.579968 -3.310117 -0.090731 1.009459 0.370267 -0.567383 0.747024 -0.951525 -0.164235 4.591453 -1.515274 -1.184804 -1.422500 -1.943358 0.291457 0.244828 0.597512 -1.025776 -1.051555 -0.306316 -0.895721 
224.983505 -39.853135 7.640756 7.606529 5.846485 -5.756142 -1.332652 0.139785 -0.633529 -1.389911 2.384827 -1.094143 -0.392651 8.804367 -2.986470 -1.867954 -0.888991 -3.656714 0.762014 0.670943 0.780715 -1.740315 -0.851514 -0.519600 -1.333212 -0.125904 0.337557 -2.029832 -1.753058 1.286030 0.460177 -0.620289 0.004389 -0.240195 -0.771344 0.746095 -0.124164 
222.193359 -31.141742 5.168713 4.022751 2.919486 -7.903092 0.132151 0.729557 -0.034322 -3.407407 0.495533 -0.489659 -1.644294 4.694741 -1.203743 -3.885200 -1.926148 -0.738058 0.829622 -0.231120 0.379044 -1.047773 -0.795663 0.540665 -0.412563 -6.579588 2.287236 -0.082550 0.272328 2.472302 -0.629958 -0.078298 -0.688336 0.998143 0.477279 0.389205 0.630172 
206.705246 -30.463653 5.233269 -0.163871 1.994188 -7.232258 0.326593 -0.322455 0.124559 -3.485457 0.793501 -0.012813 -1.217777 -4.354810 1.588002 -2.033053 -0.344335 1.287890 -0.497903 0.514346 -0.595957 0.255970 0.103044 0.258809 -0.072869 -7.945605 -0.474076 1.037050 0.599352 2.176239 -0.953633 0.835994 -0.122552 0.869744 0.249726 -0.058020 0.419699 
199.226990 -39.851361 8.344716 -0.043355 2.230817 -5.327312 -0.863655 1.758249 -1.226236 -2.895467 0.701620 0.027959 -1.790032 -11.196469 -2.151895 -1.811101 -0.727444 3.614421 -1.077644 1.440869 0.133941 0.691715 -0.296211 0.424625 0.426836 5.943901 -1.984592 -0.308682 -0.272034 -0.212303 0.514375 -0.855983 0.973242 -0.483191 0.181944 0.036054 0.331832 
258.560730 -52.856592 0.929479 -3.786073 0.539300 -0.003417 -1.828695 2.559283 0.392441 -2.102028 0.201079 0.836436 -0.364105 7.532992 -2.381182 -2.650417 -0.888402 0.863284 0.530847 -1.197621 1.350527 -0.710412 0.466932 0.330917 0.590795 14.616742 0.780189 0.245353 -0.224536 -2.710138 1.203392 -1.490913 0.129521 -0.408077 0.440823 -0.092028 -0.242398 
0.000000 -24.785378 3.582353 -5.344190 0.454013 -3.600743 0.198040 -0.636993 1.474818 -4.316291 1.635484 0.689794 -0.608442 18.037014 -0.591517 -1.320395 -1.176515 -1.805856 1.329140 -1.540957 0.392983 -0.124439 0.585435 0.240569 -0.057960 -1.720981 0.448822 0.904363 -0.252840 -0.249672 -0.353501 0.966900 -1.068728 1.094159 -0.655236 0.304689 -0.584909 
194.050415 -16.782564 -0.253555 -6.426864 -1.813731 -3.615129 0.829584 -0.522632 1.178406 -2.350906 1.371949 1.317575 -0.480024 4.091031 -1.483539 -0.841691 -1.394081 0.363941 -0.176154 0.736179 -0.786929 1.477906 -0.843540 0.940296 -0.579022 -9.286326 0.639276 1.017478 0.518190 0.794896 -0.813285 0.981208 -0.400679 0.150558 -0.621952 0.051443 -0.118550 
190.276291 -16.603316 0.615275 -7.027572 -2.334148 -2.872861 -0.154268 0.835364 -0.099039 -1.360479 -0.051595 2.570387 -1.766486 -0.535638 0.687034 0.714561 -0.140135 -0.216064 -0.297431 0.421459 -0.408376 0.176678 -0.658470 0.343455 -0.295059 -4.318428 1.550967 2.035116 1.469943 -0.711605 0.271669 -0.712783 0.589203 -0.911013 0.349030 -0.851690 0.421204 
188.401413 -17.853840 1.120513 -4.997742 -2.094001 -4.047257 0.234722 0.320286 0.361654 -1.997551 0.055009 2.004484 -1.070143 -4.545826 1.618395 3.228541 1.545806 -1.059269 0.367184 -0.689387 0.391477 -0.344120 -0.145480 -0.763084 0.263385 -7.038651 0.786931 2.003275 1.358670 0.487274 0.310749 -0.341556 0.266447 0.489882 0.171313 -0.301103 0.135679 
187.837036 -25.694968 3.852066 -0.570491 0.757463 -4.991399 0.580100 -0.543409 0.683915 -2.048720 -0.342554 1.044219 -1.239716 -14.612941 2.260896 4.721112 2.577205 0.758485 0.324066 -0.261653 0.124518 1.156442 -0.315844 -0.258752 -0.023701 -5.792804 -0.421471 0.182279 0.094320 2.291541 -0.349743 0.412205 -0.330249 0.663438 0.147185 0.294609 0.324539 
187.338303 -47.079722 5.642306 4.444481 3.060408 -2.530288 0.882855 -0.203020 0.610690 0.315332 -0.576680 1.486981 -1.117545 -16.131433 0.775454 3.593098 1.734447 3.523814 -0.332302 0.135023 -0.269020 0.982755 0.148890 -0.173866 0.912464 6.715594 0.283088 -1.590465 -1.265520 0.226649 -0.847389 -0.257573 -0.502674 -0.722575 0.344674 -0.310482 0.139430 
186.842819 -57.957834 5.402974 6.615705 4.226357 2.056228 -0.084504 -0.273363 0.145875 -0.083209 -0.044773 0.696488 0.585213 -1.181753 2.827072 1.540181 0.046164 1.211784 -1.370711 -0.776800 -0.880829 -0.288709 0.373504 -0.879717 0.255158 11.056095 1.457557 -1.702599 -1.624022 -2.817789 -0.695009 -0.640454 -0.114162 -0.292889 0.244765 -0.004712 -0.705806 
194.310760 -49.443227 11.296450 7.524843 3.152737 -0.106721 -1.858568 -1.756619 -1.150967 -0.262085 0.170328 -0.272453 -0.607229 5.980756 3.690569 0.187899 -1.513597 -2.111764 -1.722319 -1.145885 -0.497343 0.396978 0.638420 -0.183290 -0.499147 1.440380 -1.037465 -0.775513 -0.675396 -1.180477 0.285353 0.213144 0.454716 0.211181 0.028207 0.628222 -0.027991 
191.899124 -45.996321 12.784112 6.991504 1.199163 -2.167300 -3.529143 -2.565133 -0.848812 0.710747 1.232068 0.329908 -0.413082 1.699007 0.752142 -0.010845 -1.304628 -1.149171 -0.800005 -0.350512 0.028604 0.133654 0.429918 0.376726 0.199176 -3.461232 -1.960665 -0.030779 0.703371 1.054314 0.831587 0.581901 0.174188 -0.390063 -0.438002 0.116618 0.278443 
189.004868 -46.045214 12.800735 7.503153 0.543482 -2.405062 -3.458578 -2.457644 -1.093760 0.005223 1.030163 0.481000 -0.208878 -0.941708 -0.230760 0.126342 -0.106855 -0.003137 -0.059145 0.017918 -0.148968 -0.383149 -0.237583 0.049946 0.057738 -1.599377 -0.704428 0.208737 1.249149 0.912610 0.554724 0.256488 0.000089 0.024861 -0.249936 -0.144521 0.026225 
186.643784 -47.879738 12.322592 7.244188 0.985454 -2.173574 -3.647433 -2.529298 -1.146747 -0.055551 0.756901 0.429801 -0.297606 -1.499746 -0.656715 0.406629 1.193670 0.676048 0.309442 0.162463 0.028783 0.183375 -0.069954 0.087684 0.251625 -0.947519 -1.116040 0.024582 0.633379 0.681591 0.559233 0.302400 0.234600 0.211687 0.018107 -0.048125 0.022616 
184.385361 -49.044707 11.487306 8.316411 2.930822 -1.052966 -2.839695 -2.132718 -1.036194 0.371973 0.890255 0.656368 0.294373 -2.836747 -2.462839 0.175506 1.159903 1.360046 1.059322 0.622717 0.320232 0.040226 -0.201370 -0.046303 0.102971 -2.266574 -1.839058 -1.136798 -0.454660 0.588735 0.849551 0.598907 0.349439 -0.016824 0.039350 -0.002193 0.024424 
0.000000 -53.553231 7.396913 7.595199 3.305260 0.546518 -1.528789 -1.283864 -0.506284 0.024900 0.354162 0.337195 -0.091664 -6.032894 -4.334830 -1.866966 0.284350 1.853518 2.008544 1.360277 0.727661 0.149728 0.008745 0.083297 0.300473 -0.556540 0.042340 -0.925785 -0.444085 -0.024165 0.331059 0.527982 0.350223 0.228008 0.287680 0.194949 0.195803 
367.279755 -61.110494 2.817645 4.582479 3.499523 2.654071 1.177394 0.587835 0.419128 0.671430 0.907745 0.822962 0.895319 -3.949827 -2.378159 -1.676064 0.271734 1.311717 1.721439 1.678682 1.020678 0.496241 0.373991 0.343596 0.494576 3.276376 2.410580 1.735304 0.039550 -1.062552 -1.002169 -0.654215 -0.367860 -0.236539 -0.170417 -0.158318 -0.299134 
375.835968 -61.452885 2.640596 4.243072 3.848728 3.169952 1.914090 2.073500 1.535073 1.017383 1.102144 1.024387 0.897488 0.519859 0.486330 1.603641 0.363451 -0.271586 0.004207 0.051847 -0.008058 -0.323349 -0.332089 -0.233339 -0.297795 4.278878 3.334099 1.686752 -0.466232 -1.901030 -2.037956 -1.711649 -1.029775 -0.453739 -0.363559 -0.380621 -0.575092 
375.440643 -60.070776 3.790305 7.789761 4.226426 2.110899 1.185808 0.691529 0.403012 0.024731 0.243567 0.356285 0.299729 4.607929 4.290039 1.697441 -0.660730 -2.490342 -2.354472 -1.744616 -1.038871 -0.411236 -0.353128 -0.417646 -0.655608 2.638078 1.869199 -0.906143 -1.397361 -1.367682 -0.988036 -0.440603 -0.250046 0.086206 0.147480 0.119713 0.099973 
190.086594 -52.237026 11.220674 7.637953 2.527269 -1.810733 -2.794854 -1.415732 -0.542670 0.194912 0.395888 0.189094 -0.413728 5.796016 4.224727 -0.208644 -2.431272 -3.006951 -1.971865 -0.829359 -0.508150 -0.150937 -0.037129 0.006087 -0.097849 1.204576 -1.949571 -3.693119 -0.549069 1.281496 1.110081 1.860627 0.326373 -1.110734 0.263624 0.496831 0.191538 
189.162811 -48.478745 12.239759 7.372472 -0.636118 -3.903002 -2.757923 -0.967188 -0.613288 -0.277144 0.169309 0.368459 0.104031 7.017081 0.390897 -5.688797 -1.758868 0.072649 -0.134311 1.976638 -0.386125 -2.632703 0.174120 0.576015 -0.272532 0.538631 -2.738878 -3.813880 1.639658 2.855265 1.264716 0.853915 -0.523188 -0.811036 0.163856 0.038178 0.113331 
187.864624 -38.202865 12.002468 -3.739641 -0.990467 -1.665434 -3.063476 2.537543 -1.314921 -5.070495 0.744129 1.341124 -0.958791 6.873277 -1.253028 -7.836405 0.848045 2.703579 0.557567 0.878471 -1.554526 -1.773009 0.290583 0.082443 0.128813 -4.714009 -2.044426 2.441771 1.674542 1.451215 1.179748 -1.974540 -0.077649 2.056496 0.084535 -0.631987 0.710738 
186.980896 -34.732191 9.733703 -8.300338 1.059973 1.504155 -1.642789 0.789754 -3.722341 -3.823161 0.750475 0.533344 0.361657 -2.410938 -3.697955 -0.805254 1.590217 2.975079 2.225186 -1.972442 -0.541423 1.480288 0.343191 -0.687958 1.148944 -4.580495 -2.753457 4.998942 0.581405 -0.571120 1.548369 -1.256612 2.043237 1.683524 0.405181 -0.128803 0.054005 
187.786057 -43.024741 4.606558 -5.350149 2.189966 4.284724 1.386896 -1.407341 -2.397767 -2.109918 1.430511 -0.034793 1.339098 -2.287713 -6.759942 2.161479 2.010855 1.561338 3.654304 -1.634753 2.531948 1.594039 1.100946 -0.175162 0.236823 5.590281 -0.209233 0.933441 -0.135542 -2.256470 -0.574675 0.200033 1.272544 -0.535195 0.287945 0.056749 -0.537823 
201.140518 -39.307616 -3.786182 -3.977379 5.081683 4.626832 5.665820 -2.479753 1.341556 -0.635083 2.952367 0.183020 0.835302 8.769624 -4.116422 1.061628 1.319132 -1.537861 1.075837 -1.572376 2.003665 0.409897 0.919082 -0.574460 0.073299 4.566285 3.767612 -0.537363 -1.310772 -1.833728 -2.187239 0.504630 -1.429175 -1.237451 -0.613296 -0.164671 0.013615 
217.709900 -25.485493 -3.626285 -3.226894 4.828231 1.209002 3.538570 -4.552093 1.609563 -1.290124 3.268675 -1.183713 1.485695 6.844857 0.775281 1.086754 -0.610689 -2.106118 -0.720173 -0.625493 -0.326402 -0.880862 -0.125645 -0.504503 0.264054 -4.232670 2.937955 -0.581750 -0.952353 0.626031 -0.499316 1.127408 -1.222512 -1.065356 -0.706835 0.552066 -0.317769 
227.766693 -25.617903 -2.235620 -1.803871 3.860305 0.414595 4.225474 -3.730738 0.688752 -2.396807 2.701076 -0.825987 1.363409 0.304285 1.759488 -0.101873 -0.585574 -0.285799 0.077205 0.682439 -0.441359 -1.720814 -0.494588 0.529673 -0.562240 -4.660389 -0.077694 -1.423551 -0.256740 1.962640 -0.158950 1.015359 -0.181178 0.559370 -0.485680 0.433823 -0.617418 
239.608932 -24.876923 -0.107310 -3.430640 3.657083 0.637403 3.692979 -3.187214 0.726845 -4.731751 2.279499 -0.124368 0.361215 -2.475920 0.619894 -1.760347 -1.124169 1.819163 -1.038072 1.405225 -0.688758 0.237878 -1.097006 0.363143 -0.970782 -3.051319 -2.793132 -0.258186 0.022311 1.160114 -0.292603 0.284930 0.006103 2.073841 -0.335484 -0.310755 0.213540 
240.427643 -30.569743 -0.995833 -5.324565 1.611967 4.052921 2.149329 -0.920287 -0.688763 -1.921052 0.507064 -0.099702 -0.578156 -5.798354 -3.826777 -0.618245 -0.540951 2.034429 -0.508001 1.252299 -0.429154 2.426868 -1.165556 -0.091836 -0.135160 -1.616343 0.010409 1.191964 0.705214 -0.868358 0.880999 -0.200928 0.708133 0.327804 0.296710 -0.486784 0.773049 
0.000000 -36.473630 -7.760864 -4.667130 2.575181 4.706262 2.676978 -0.682615 -0.131462 0.121984 -0.051613 -0.308041 0.090894 -5.708607 0.640712 0.623581 0.286259 0.082446 0.723926 1.003370 0.727508 0.893485 -0.503585 -0.610426 0.575315 2.577671 3.899655 0.161507 0.812392 -0.949205 0.403858 -0.269493 1.068494 -2.002071 0.858191 0.024464 -0.003861 
245.747314 -41.986957 0.285592 -4.077402 2.184485 4.217813 3.597182 1.086452 0.766253 -0.134082 -0.500106 -1.320554 0.572475 -0.643011 3.972532 -0.295230 1.083832 0.136018 0.299715 0.713313 1.707834 -1.577274 0.550825 -0.042908 -0.142882 6.505566 -0.545298 -0.221109 0.284845 -0.966384 -0.796883 -1.083695 0.253214 -0.803006 0.874510 0.605574 -0.353321 
225.347977 -37.759653 0.184201 -5.257590 4.742846 4.978298 3.276408 0.744010 3.284206 -3.032563 1.050038 -0.393856 -0.194870 7.302524 -0.449883 0.181364 0.855950 -1.850322 -0.869839 -1.164021 1.233935 -0.712527 1.245434 0.600723 -0.131327 3.649511 -1.764527 0.910105 -1.600734 -1.785269 -0.948800 -1.016687 -1.277982 1.569747 -0.323329 0.063661 0.205369 
213.719055 -27.381909 -0.614173 -3.714674 3.896385 0.517170 1.857503 -1.241591 3.234123 -1.559136 1.990762 -0.119109 0.309821 6.656011 0.443479 1.524981 -2.117637 -3.434520 -1.597885 -1.320061 -0.848130 1.562221 -0.095833 0.084413 0.267857 -1.913981 -0.194055 -0.237829 -1.857148 -0.274081 -0.123753 0.849525 -1.294351 0.956555 -0.761024 -0.187968 0.156442 
201.211349 -24.447631 1.071158 -2.207629 0.507572 -1.890741 0.080638 -1.896112 1.587946 0.091878 0.858372 -0.225030 0.340843 3.474562 -0.837993 -0.294293 -2.858347 -2.398483 -1.117345 0.535029 -1.354767 1.200582 -0.276613 0.224787 0.181557 -2.202143 -1.838792 -1.804302 0.082884 0.779413 0.683122 1.057226 0.454749 -0.653425 0.266690 0.005435 -0.061759 
195.150864 -20.432784 -2.290158 -4.303261 -1.820308 -4.279796 -0.377186 -0.171532 0.524588 0.842028 1.437535 0.330466 0.672936 2.251725 -3.234105 -2.083624 -1.951868 -1.875694 -0.231641 0.794391 0.061369 0.255371 0.437548 0.095284 0.144338 -1.472245 0.108454 0.182621 1.532836 1.019183 0.403779 -0.381270 1.001713 -0.738814 0.333937 -0.130211 0.022871 
195.125854 -19.944181 -5.397052 -6.374877 -3.396163 -5.642129 -0.382644 -0.307331 1.710684 0.602620 1.733467 -0.034462 0.629519 0.530073 -0.621085 0.070948 0.207326 -0.360117 -0.309787 -0.227510 0.648659 -0.277045 0.391261 -0.035635 0.227299 -0.941205 2.676726 2.563711 2.087693 1.407972 0.025974 -0.662282 -0.340890 -0.548259 -0.326799 -0.265428 -0.322320 
197.772903 -19.372639 -3.532329 -4.161364 -1.405657 -5.000030 -0.996761 -0.626553 1.821907 0.287938 2.220058 0.259196 1.127533 0.369315 2.119347 3.043799 2.223519 0.940250 -0.179694 -0.530174 -0.620412 -0.841146 -0.216050 -0.435571 -0.500302 -1.514691 1.091910 1.621770 1.133948 0.873917 0.190181 -0.040176 -0.382811 -0.063629 -0.713694 -0.212267 -0.452868 
201.314560 -19.205550 -1.158358 -0.287279 1.050874 -3.761629 -0.742031 -1.367680 0.469859 -1.079673 1.301366 -0.905605 -0.371085 -2.499308 1.562734 3.314489 2.475222 1.387718 0.070575 -0.307862 -0.116963 -0.404303 -1.036126 -0.460168 -0.678437 -3.744825 -1.077040 -0.330191 -0.030299 0.251572 0.239590 0.567760 0.551047 0.491998 0.039347 0.633333 0.303835 
202.522003 -24.371255 -0.406862 2.467613 3.544787 -2.224594 -0.855610 -1.242276 1.587980 -0.520668 0.147806 -0.661141 -0.229341 -7.120335 -0.034733 2.383417 2.162920 1.443395 0.299487 0.605346 0.481683 0.142849 -0.137357 0.831095 0.107368 -2.154461 -1.105678 -0.970165 -0.433186 -0.152196 0.351676 0.264476 0.105234 0.038491 0.598563 0.616549 0.721308 
201.835968 -33.446221 -1.227824 4.479554 5.376715 -0.874840 -0.143056 -0.156988 1.433224 -0.793975 1.026652 0.756586 -0.156350 -6.808229 -0.648623 1.374158 1.608851 1.083325 0.773926 0.221090 0.093505 -0.327321 0.161000 0.772929 0.764179 3.470604 0.549389 -0.619906 -0.443110 -1.320821 -0.315497 -0.797217 -0.427217 -0.110292 0.068484 -0.664250 0.001338 
398.889435 -37.987714 -1.704107 5.215928 6.762488 -0.057945 0.692243 -0.800095 1.774990 -1.175310 0.469807 0.884717 1.299018 -0.179128 1.064046 1.143604 1.276700 -1.198248 -0.331507 -0.989088 -0.372752 -0.077735 -0.000389 -0.497405 0.110043 7.163974 0.863595 -0.912469 -1.493279 -1.875194 -1.164654 -0.154653 0.085332 -0.037574 0.160842 -0.796562 -0.978021 
397.373749 -33.804476 0.900267 6.766763 7.930116 -3.271337 -0.806070 -2.135164 0.687720 -0.949445 1.025875 -0.238224 0.063736 7.519719 1.078568 -0.450780 -1.377707 -2.667064 -1.555381 -0.088215 0.264170 -0.402469 0.482685 -0.820195 -1.191862 4.332469 -1.183038 -1.793403 -2.586910 0.407103 -0.142920 1.090309 0.227397 -0.455186 -0.194128 0.358852 -0.284991 
194.864807 -22.948276 0.453028 4.314369 4.007074 -5.392073 -2.418519 -0.976526 2.303330 -1.980249 1.435177 -0.755672 -1.084706 8.485811 -1.302030 -2.443202 -3.897120 -0.384042 -0.617348 1.191531 0.082042 -0.988108 -0.388645 0.220299 -0.459940 -2.098775 -1.201177 -1.506695 -0.119058 2.207802 1.201911 0.155894 -0.741310 -0.073223 -0.524690 0.802064 0.914469 
186.135437 -16.832854 -1.703792 1.880359 0.135876 -4.039421 -2.040766 0.247898 0.851804 -2.925660 0.248586 0.202374 -0.856145 3.322169 -1.323786 -3.464170 -1.615823 1.748540 0.848441 0.223572 -1.218450 -0.548916 -0.566694 0.783933 0.637075 -4.951600 -0.437009 0.021312 2.158215 1.447856 0.737004 -1.158862 -0.098016 0.978755 0.434309 -0.245495 0.375193 
184.486679 -16.303938 -2.194543 -2.613972 0.775428 -1.894993 -0.721637 -0.529382 -0.133570 -3.078080 0.301788 0.812194 0.189444 -1.417389 -2.176048 -2.400577 0.419311 2.511670 0.856661 -1.126193 -0.113990 0.969402 0.479974 -0.270692 0.290446 -2.802698 -3.259111 1.221754 0.984263 0.214164 -0.290375 -0.561708 0.885385 0.999413 0.414461 -0.676839 -0.456355 
191.928711 -19.667633 -6.055887 -2.920795 0.974498 0.983920 -0.327445 -2.004489 0.623824 -0.986855 1.208534 -0.339010 -0.275253 -2.283227 -7.842008 -1.020663 0.352703 2.176868 0.267691 -0.899845 0.552320 1.449911 0.262228 -0.569744 -0.275635 0.412548 -2.292225 0.624036 -0.113809 -1.246414 -0.219375 0.666998 0.266539 -0.280704 -0.365369 0.076819 -0.224466 
0.000000 -20.870392 -17.878558 -4.655299 1.480835 2.458744 -0.186255 -2.329071 0.971071 -0.178258 0.826243 -0.327295 -0.361826 -0.592293 -6.760498 -1.152505 0.191694 0.018842 0.417911 0.207802 0.419089 0.407993 -0.250764 -0.117054 -0.158487 0.993743 3.487845 -0.313687 -0.331842 -1.731586 0.100962 0.823146 -0.129791 -0.765628 -0.176308 0.242149 0.138116 
0.000000 -20.852219 -19.576884 -5.225805 1.357885 1.021604 0.508377 -1.588884 1.462002 -0.170869 0.707006 -0.573117 -0.592228 -0.295742 -0.866317 -1.648038 -0.310981 -1.286304 0.469615 0.746447 0.292738 -0.081344 -0.090389 -0.085446 0.000596 -0.550146 3.270254 -0.106020 -0.231785 -0.300154 -0.083977 0.031126 -0.196814 -0.260099 0.128025 0.062763 0.149546 
0.000000 -21.461875 -19.611191 -7.951374 0.858874 -0.113864 0.752974 -0.836177 1.556547 -0.340946 0.645465 -0.498187 -0.360634 -1.692585 -0.219991 -1.364545 -0.271877 -0.581466 0.249957 0.270054 0.025462 -0.112205 0.005286 0.008471 0.140605 -0.563465 1.863891 1.687716 0.634024 1.149580 -0.059495 -0.504597 -0.305920 -0.125019 0.115841 0.027488 -0.022808 
0.000000 -24.237388 -20.016865 -7.954895 0.814132 -0.141328 1.008291 -1.048777 1.512926 -0.395279 0.717578 -0.556175 -0.311017 -1.422672 2.861466 1.727395 0.957068 1.012856 0.350625 -0.262747 -0.319101 -0.331381 0.141293 -0.030470 -0.045020 1.742760 3.614581 1.386925 0.463295 0.749236 0.145026 -0.569333 -0.483973 -0.035779 0.194140 -0.118473 -0.251825 
0.000000 -24.307219 -13.888259 -4.496584 2.773010 1.911847 1.454225 -1.361671 0.918344 -1.003708 0.928051 -0.559128 -0.450674 1.792935 7.009172 1.409305 0.654713 0.917007 0.540008 -0.868613 -0.942485 -0.183763 0.393566 -0.228476 -0.363045 1.083058 1.595307 -1.268096 -0.682756 -0.319578 -0.269915 0.071198 -0.331521 0.566821 -0.147945 -0.138360 0.105701 
287.129395 -20.651518 -5.998522 -5.136286 2.123558 1.692686 2.088308 -2.786004 -0.372044 -0.762806 1.504711 -1.013126 -1.037107 0.743443 6.052080 -0.808797 -0.408443 0.373699 -0.189205 -0.120351 -0.982144 0.802260 -0.154596 -0.307191 0.166381 -4.117008 -2.634674 -1.178355 -0.229368 0.503238 -0.848454 0.971547 -0.244639 0.679273 -0.287625 -0.018453 0.658902 
279.903961 -22.820333 -1.784098 -6.114177 1.956124 2.659245 1.075815 -1.602374 -1.045944 0.600812 0.618859 -1.173510 -0.117912 -6.441080 1.739824 -0.947406 0.195978 1.923483 -1.156900 1.074480 -1.431762 1.174782 -0.181683 -0.265381 0.954760 -1.572302 -3.658291 0.508444 0.474174 -0.486936 0.219059 -0.031160 -0.060203 -0.316611 0.187931 0.262873 -0.289566 
0.000000 -33.533679 -2.518874 -7.031098 2.515513 5.539653 -0.225493 -0.637044 -3.235569 1.586757 1.141345 -1.543888 0.872412 -2.401160 -1.264501 0.208091 0.539904 -0.600173 0.248913 -0.182671 -1.102549 0.169037 0.221266 0.218556 -0.412751 8.744044 -0.613279 0.411790 0.004111 -2.651815 0.953555 -1.148761 1.035726 -0.975526 0.153699 0.268497 -0.887600 
0.000000 -27.622654 -4.313101 -5.697995 3.035933 1.458899 1.573642 -1.967715 -3.251043 0.938886 1.061391 -0.736398 -0.943413 11.047007 0.513266 -0.123826 0.204200 -3.380147 0.750210 -1.223043 0.639689 -0.776270 0.125716 0.271613 -0.820440 5.246327 1.337440 -0.499234 -0.297957 -0.369798 -0.199135 -0.187518 0.874987 -0.310686 -0.027787 -0.175344 0.250112 
0.000000 -11.439666 -1.492342 -7.278751 2.923913 -1.220641 1.274927 -3.083129 -1.956192 0.034218 1.392777 -1.000662 -0.768468 8.091494 1.410379 -0.790378 -0.056010 -1.339770 -0.149357 -0.557707 0.647426 -0.452334 0.165693 -0.132132 0.087472 -1.477756 0.448557 -0.333276 -0.130105 1.020189 -0.449784 0.332668 0.003868 0.161968 0.019989 -0.201872 0.453956 
