276.861206 -33.351692 10.005297 -3.442132 -1.817979 -2.881774 -1.361313 4.196721 1.904889 -1.880281 -1.775840 -0.946921 -0.230329 2.769540 1.041211 0.998811 0.805226 0.200813 -0.493605 -1.107881 -0.099585 -0.149045 0.086906 -0.045527 -0.403191 0.186585 0.068451 -0.201627 0.039717 0.156877 -0.043727 -0.005322 0.014324 -0.028883 -0.090266 -0.118271 -0.218505 
302.000977 -27.812612 12.087720 -1.444511 -0.207526 -2.480147 -2.348522 1.980959 1.705719 -2.178371 -1.602029 -1.037975 -1.036711 3.142711 1.178114 0.595558 0.884659 0.514567 -0.581060 -1.118524 -0.070938 -0.206812 -0.093627 -0.282069 -0.840201 -0.873279 -0.735207 -0.662118 0.108581 0.090249 0.414793 0.720564 0.183133 0.009032 -0.108538 0.178898 -0.013669 
304.585083 -27.066270 12.361525 -2.251017 -0.048660 -1.852640 -2.523432 1.959672 1.763013 -2.293904 -1.963095 -1.511059 -1.910731 1.022982 -0.429202 -0.325426 1.022387 0.381312 0.335982 0.333248 0.266682 -0.130980 -0.130170 0.312270 -0.430530 -0.852981 -0.748155 -0.354981 -0.000971 0.195944 0.581968 0.840044 0.277206 0.099617 -0.169996 0.456831 0.725187 
296.598633 -25.766648 11.229315 -2.095362 1.837248 -1.717524 -1.676559 2.647455 2.239082 -2.440330 -1.862369 -0.413436 -1.897771 1.436748 -0.318197 -0.114404 0.882718 0.906456 0.582877 0.561563 0.483475 -0.007577 -0.433620 0.631592 0.610174 0.774252 -0.142458 0.187154 -0.524887 -0.287959 0.527010 -0.358482 0.317352 0.393236 -0.616304 -0.040542 0.664171 
290.011108 -24.192774 11.725131 -2.479824 1.716776 -0.039728 -1.357678 3.082798 2.729963 -2.309057 -2.830335 -0.247875 -0.690383 2.571487 -0.714118 0.048883 -0.027386 -0.194607 1.390002 -0.383716 0.901385 0.655492 -1.362778 0.231185 0.897812 1.190863 -1.055027 0.341883 -0.748402 -1.264823 0.624422 -0.674926 0.080209 0.556251 -0.109297 -0.297859 -0.111549 
284.219269 -20.623674 9.801080 -1.997596 1.782477 -2.106737 1.103445 1.880023 4.041851 -1.129347 -4.587925 0.048935 -0.102147 3.818475 -2.428251 0.569362 -0.614086 -1.623191 1.831721 -0.788290 0.643893 1.104925 -0.652214 0.035875 0.387076 -0.104347 -0.602608 0.301660 -0.573471 -0.188776 -0.103842 0.048231 -0.395455 -0.019967 0.814045 -0.273542 -0.512578 
277.732208 -16.555825 6.868630 -1.341099 0.488603 -3.286110 2.305765 1.506217 4.017748 -0.099207 -4.134763 -0.176125 0.083770 2.362792 -1.919333 0.652203 -1.174327 -0.572158 1.182318 -0.287253 0.110475 0.615558 0.265313 -0.315898 -0.127344 -1.550714 0.614854 -0.041379 -0.101666 1.073757 -0.611155 0.300724 -0.143145 -0.439159 0.476258 -0.032079 -0.461392 
274.089966 -15.898089 5.962413 -0.693191 -0.566178 -3.251053 3.468081 1.305517 4.262802 0.101768 -4.057299 -0.582862 -0.356835 0.717046 -1.198542 0.486604 -0.817418 0.524323 0.609412 -0.186842 0.357603 0.226607 0.300302 -0.028284 -0.535707 -0.782221 0.785201 -0.371028 0.489786 0.472230 -0.812009 0.050855 -0.156712 -0.400521 0.120320 0.377656 -0.010987 
270.761444 -15.121734 4.471546 -0.367892 -1.146233 -2.237463 3.524589 1.132533 4.732954 0.354008 -3.534159 -0.232693 -0.987645 0.798351 -0.348932 -0.089854 -0.194755 0.372302 -0.441700 -0.185544 -0.202949 -0.185485 0.505953 0.439414 -0.149318 -0.486124 1.221903 -0.473840 0.236078 -0.042000 -0.542935 -0.018195 -0.614213 -0.105000 0.016196 0.162462 0.390763 
268.123749 -14.301387 5.264548 -0.872899 -0.955688 -2.506450 2.584682 0.934430 3.856903 -0.269202 -3.045393 0.295965 -0.655471 -0.255202 1.245263 -0.461077 -0.345263 0.440324 -0.476457 -0.223231 -0.870823 0.016606 0.332693 0.296640 0.245818 -1.070463 0.999638 -0.601793 -0.061962 0.461747 0.181449 0.029011 -0.128197 0.156061 0.148864 -0.167838 -0.024457 
266.992706 -15.632137 6.962072 -1.290046 -1.836760 -1.356815 2.571675 0.686072 2.991308 0.387220 -2.868774 0.360588 -0.496009 -1.342576 1.650344 -1.293440 -0.318678 1.295795 -0.078801 -0.127523 -0.459343 0.126638 0.803681 0.103738 -0.198232 -0.267476 -0.449173 -0.384608 0.672149 -0.228523 0.300943 0.064625 0.427499 -0.287938 0.184152 -0.000569 -0.119465 
265.836884 -16.986538 8.565236 -3.459778 -1.593045 0.085141 2.427080 0.679385 2.938218 -0.015927 -1.438032 0.503441 -1.051935 -0.790154 0.346918 -1.230293 0.999035 -0.016722 0.125428 -0.093980 -0.015826 -0.559270 0.700996 0.295502 0.006887 0.589793 -1.156332 0.985194 0.513629 -1.036586 0.140154 -0.057763 0.245173 -0.300929 -0.379064 0.027574 0.335415 
262.968689 -17.212446 7.655908 -3.750633 0.161311 -1.390259 2.822531 0.498112 2.959656 -0.731320 -1.466781 0.951591 -0.482234 -0.162989 -0.662320 0.676948 0.708580 -0.777376 0.201507 -0.243048 0.031003 -0.475221 0.045554 0.158886 0.472599 0.429046 -0.575919 0.936468 -0.728308 0.272346 -0.112570 0.230001 -0.207785 0.155332 -0.361486 0.017370 -0.028361 
260.701019 -17.312517 7.240596 -2.105883 -0.175886 -1.469611 2.830094 0.193288 3.000225 -0.966370 -1.346924 0.821214 -0.106737 0.067938 -0.804921 0.642642 -0.457580 0.527969 -0.099712 0.366023 -0.431396 -0.248606 -0.021976 0.330242 -0.049835 -0.135131 -0.504266 0.022493 -0.557260 1.758637 -0.339949 0.763325 -0.440971 -0.043355 -0.106590 -0.009497 -0.448171 
260.140717 -17.076570 6.046067 -2.465349 -0.753849 -0.334321 2.623106 1.230158 2.096865 -1.228533 -1.510734 1.612074 -0.581904 -0.433252 -1.670852 0.721934 -0.405939 2.739898 -0.478390 1.283603 -0.850938 -0.561932 -0.167625 0.139891 -0.423743 -0.462838 -2.247643 0.269784 0.977574 0.618664 -1.253402 -0.161617 -0.054372 0.392726 0.164012 -0.498963 0.274040 
265.260437 -18.179021 3.898892 -0.662015 -0.987764 4.010185 1.873315 2.760493 1.298348 -2.090234 -1.682175 1.100996 -0.954224 -0.857739 -5.300207 1.182209 1.497568 1.765297 -2.606517 0.042789 -0.540139 0.536846 0.306047 -0.667684 0.498245 -0.056274 -2.447224 -0.314563 1.949986 -1.022901 -1.123583 -1.294549 0.288784 1.054556 0.332473 -0.158401 0.662609 
277.723022 -18.792049 -4.554347 -0.100931 2.241287 3.196274 -2.589927 1.315736 1.016587 -0.154841 -0.898640 0.276707 0.414586 -0.545800 -6.565300 0.092809 3.494033 0.694097 -2.725555 -1.305496 -0.273370 1.547179 0.497321 -0.176911 0.901476 -0.387445 1.580884 -0.764773 -0.256298 -0.342379 1.226226 -0.186969 0.068498 0.223681 0.035230 0.568941 -0.084931 
322.951355 -19.270621 -9.231709 -0.476398 6.000302 5.398378 -3.577795 0.149502 0.751609 1.004125 -0.687533 0.747175 0.848728 -1.632629 -2.138440 -0.347337 0.984972 1.080540 -0.154064 -0.331150 -0.403143 0.984207 0.376506 0.470199 0.328383 -0.467674 3.483671 0.207145 -1.693527 -0.194382 1.489022 0.346234 -0.608290 -0.735052 -0.364026 0.053051 -0.573117 
327.807892 -22.057306 -8.831227 -0.795605 4.211232 5.357354 -2.898056 0.653435 0.210300 1.813574 -0.145628 1.217105 1.071352 -1.481149 0.402042 0.507099 0.106979 0.305333 0.252489 -0.613028 -1.489949 0.077075 -0.230731 -0.070810 -0.244759 2.287376 1.728287 0.527774 -0.160052 -0.552518 -0.023942 -0.204234 -0.283566 -0.882037 -0.791940 -0.960813 -0.847009 
321.496246 -22.232919 -8.427625 0.537800 6.214260 6.009045 -3.072817 -1.076553 -2.228289 1.158275 -1.148994 0.605556 0.359210 2.942123 1.318134 0.708211 0.664868 -0.024496 -0.201949 -0.739618 -0.970274 -0.779867 -1.207374 -1.451427 -1.365635 2.934165 0.765477 -0.447963 -0.750854 -0.472376 -0.066133 0.561195 1.195318 -0.256371 -0.101007 -0.621760 -0.350313 
308.531158 -16.173060 -6.194959 0.620817 5.540967 5.308362 -3.301954 -0.825801 -1.730249 0.253839 -2.560375 -1.685748 -1.659919 4.387181 1.932996 -0.388827 -1.394729 -0.639419 0.120223 0.509363 0.900688 -0.435667 -0.432745 -1.314329 -0.945385 -1.182065 -0.641319 -0.319443 -1.099454 -0.129380 0.127875 0.733918 1.081744 0.497251 0.810284 0.585629 0.833656 
296.421631 -13.458558 -4.561633 -0.239855 3.424802 4.730208 -2.832371 -0.057827 -0.426914 0.286941 -2.014483 -2.023102 -1.531559 0.577993 0.035495 0.069325 -1.534039 -0.283255 0.053801 0.728218 1.193214 0.214634 0.413194 -0.280168 0.301676 -4.401108 -1.893439 0.853000 0.446617 -0.011914 -0.203307 0.034372 -0.115880 0.357568 0.265157 0.655175 0.793898 
291.807159 -15.017073 -6.123969 0.759468 2.472889 4.741853 -3.194352 0.630634 0.656180 0.683107 -1.733986 -2.246083 -1.056567 -4.415036 -1.853883 1.317173 -0.501496 -0.663246 -0.286391 0.578107 0.668928 0.279468 0.097570 -0.003978 0.642412 -4.398748 -1.294219 0.429639 1.089530 0.165105 0.314091 -0.176145 -0.557859 -0.249562 -0.283835 0.319445 0.119716 
295.368958 -22.288629 -8.269399 2.394490 2.421811 3.403716 -3.405153 1.098388 0.910943 0.845877 -1.819343 -2.031057 -0.246735 -8.219503 -2.552943 0.928603 0.645021 0.046956 0.681983 0.375928 0.077496 -0.284491 -0.154475 0.358723 0.541108 3.648095 1.858972 -0.578086 0.413265 -0.136932 0.318841 -0.854120 -0.959686 -0.777903 -0.072202 0.364177 -0.314537 
281.786346 -31.456080 -11.229856 2.616674 3.762930 4.835764 -1.830387 1.382490 0.811172 0.114125 -2.042935 -1.528638 0.025650 2.881154 1.864061 0.161000 0.325035 -0.937109 0.351291 -1.130132 -1.250445 -1.276339 -0.046834 0.724376 0.013338 9.542191 4.242771 -1.448601 -1.909051 -1.339725 -0.259342 -0.717605 -0.891557 -0.210489 0.242723 0.030490 -0.666705 
292.253387 -16.526322 -4.541276 2.716490 3.071882 1.529499 -2.702571 -1.161877 -1.589947 -1.706801 -1.913010 -0.582306 -0.220058 10.864878 5.932600 -1.968598 -3.173081 -2.632494 0.163298 -1.059281 -1.705619 -0.705469 0.330972 0.419703 -0.792302 -0.616230 0.812031 -0.940513 -2.378974 -0.334809 0.030325 0.528882 0.465253 0.939842 0.220375 -0.383923 -0.101177 
313.927521 -9.726324 0.635343 -1.320523 -2.583232 -0.429224 -1.503790 -0.736071 -2.600065 -1.296813 -1.380992 -0.689233 -1.558954 1.648694 3.488123 -1.720026 -4.432912 -1.606727 0.411940 -0.072369 -0.319939 0.603346 0.393917 -0.043471 -0.189015 -6.268988 -2.483140 1.290954 0.630798 1.155280 -0.276553 0.545079 1.053451 0.354589 -0.306072 0.003982 0.825756 
306.728241 -13.228933 2.434969 -0.723561 -5.793942 -1.683956 -1.878691 -1.306614 -2.229824 -0.500109 -1.125176 -0.669247 -0.598088 -1.673098 0.966320 0.613309 -1.911485 -0.321934 -0.389807 0.030877 0.401283 0.003709 -0.281172 0.427666 0.859210 -1.156617 -1.760004 1.506741 1.824081 1.351797 0.170482 0.229227 0.328463 -0.454456 -0.468070 0.031684 0.100954 
307.488007 -13.072520 2.567983 -0.093905 -6.406202 -1.073092 -2.283404 -0.674318 -1.797499 -1.289395 -1.943335 0.166099 0.159466 -0.664540 -0.031885 1.293457 -0.784749 1.096867 0.752904 0.386085 0.336987 -0.305566 -0.542223 0.019898 0.012893 -1.438074 -1.925798 0.973472 0.473781 0.496997 0.628218 -0.144594 -0.135709 0.176826 0.364954 -0.355770 -0.666935 
310.200073 -14.558014 2.371198 1.863353 -7.363440 0.509779 -0.372883 -0.534443 -1.555850 -1.111241 -2.209622 -0.629452 -0.572301 -4.549246 -2.885276 2.560253 -0.963923 0.672060 0.866629 -0.258311 0.129865 0.357362 0.448736 -0.283873 -0.474661 -3.335968 -2.881229 -0.526545 -0.024729 -0.976271 -0.340697 -0.336313 -0.328281 0.488589 0.648023 0.002431 0.084335 
308.831085 -22.171012 -3.202568 5.026601 -8.334048 0.271028 -0.550146 -1.190939 -1.537769 -0.574671 -1.045862 -0.401647 -0.789855 -7.336477 -5.794343 0.240367 -0.834207 -0.855674 0.071509 -0.286541 -0.319575 0.671612 0.753822 0.024759 0.181563 -0.150684 -0.615084 -1.311367 1.492108 -0.371400 -0.526559 0.823060 0.544931 -0.195535 0.119793 0.375629 0.295709 
0.000000 -29.230967 -9.217488 2.344087 -9.031855 -1.201570 -0.229865 -1.107526 -2.194999 0.231982 -0.701977 -0.579934 -0.209175 -4.850614 -4.115443 -0.062480 2.020292 -0.070740 -0.186488 1.387809 1.219728 -0.033708 0.688322 0.467385 0.116758 5.521588 5.429089 0.665613 1.364795 0.289375 -0.266792 0.847482 0.789794 -1.091709 -0.660399 0.173571 -0.125841 
0.000000 -31.872240 -11.433455 4.901641 -4.293464 0.129549 -0.923122 1.584679 0.901686 -0.642086 0.330782 0.533123 -0.556338 3.706699 5.063835 1.571594 1.895382 -0.276923 -0.462075 1.408422 1.260013 -1.511806 -0.566976 0.371902 -0.070118 2.345628 6.405243 -0.174083 -1.307504 -0.628661 0.007537 -0.834896 -0.883873 -0.349588 -0.666110 -0.370849 -0.070643 
0.000000 -21.817569 0.910181 5.487275 -5.241091 -1.755416 -1.154014 1.709317 0.325027 -2.791630 -1.835929 0.163870 -0.349411 -0.159357 8.695042 -0.410646 -0.594717 -1.328061 -0.171414 -0.281982 -0.548019 -0.732884 -0.643898 -0.274312 -0.024528 -10.153237 -0.856799 -1.448344 -0.507100 -0.001788 0.378775 -0.914510 -0.469898 1.564395 0.801633 -0.167853 0.234071 
335.921997 -32.190954 5.956629 4.080349 -5.482898 -2.526573 -1.265950 1.020714 -0.194351 -2.107855 -0.957013 -0.015501 -0.605395 -16.599776 3.350236 -1.325094 0.881182 -0.280499 0.295476 -0.420598 0.320218 1.616984 1.036290 0.036196 0.398025 -8.463688 -6.924286 -0.743982 1.694363 1.233930 0.379380 -0.166453 0.421678 1.049755 0.576251 0.091431 0.140988 
278.692657 -55.017120 7.610653 2.837087 -3.478726 -2.316415 -0.563063 0.868121 0.965463 0.442339 0.236651 0.236263 0.446639 -17.086733 -5.153531 -1.898611 2.794009 1.139800 0.587345 -0.614888 0.295338 1.366626 0.508604 -0.091450 0.257447 11.472625 -0.403150 0.856265 -0.114872 0.002206 0.128766 0.407306 -0.477645 -1.349676 -1.145043 -0.482256 -0.568456 
259.611877 -66.364420 -4.350432 0.283127 0.105120 -0.246973 -0.091259 -0.209062 0.396326 0.625397 0.060195 -0.198401 -0.090501 6.345474 2.543936 0.387435 0.651438 -0.276088 0.553007 0.394013 -0.635072 -1.082368 -1.253796 -0.928316 -0.738888 17.063425 6.918437 1.387416 -2.134262 -1.291579 -0.017357 0.810104 -0.387776 -1.515289 -0.720797 -0.017441 -0.220895 
283.040863 -42.326173 12.698524 3.611956 -2.175850 -2.868590 0.542950 1.656147 -0.304681 -1.722398 -2.270940 -1.620370 -1.031136 17.040117 8.683344 0.876222 -1.474515 -1.443358 0.552630 1.005320 -0.480214 -1.663952 -0.932990 -0.126331 -0.184342 -1.132872 -2.613853 -1.342295 0.500396 1.091149 -0.230912 0.249375 0.733982 0.234776 0.978011 0.946503 0.025520 
305.099945 -32.284186 13.016256 2.035571 -2.843911 -3.133689 1.014002 1.801579 -0.564102 -2.702508 -1.805785 -0.451064 -0.459186 4.079730 -2.683770 -2.297155 1.652230 1.906210 0.091183 0.892764 0.832892 -0.612815 0.702226 0.964690 -0.687847 -8.394827 -5.367233 -1.823517 1.986428 2.140131 -0.166456 0.165742 0.445673 0.699341 0.865168 0.029949 -0.246251 
275.682922 -34.166713 7.330985 -0.982353 1.128609 0.943831 0.725316 3.441675 1.361103 -2.948028 -0.866487 0.309010 -2.406830 0.250463 -2.051122 -2.770812 2.498342 2.836905 0.219717 1.336805 0.411133 -0.265270 0.797346 -0.066433 -0.676845 -1.094162 1.770136 0.499177 -0.482221 -0.497062 0.094162 -0.156044 -0.566001 0.280051 -0.178389 -0.758537 0.479842 
273.510742 -31.783259 8.914013 -3.506054 2.152773 2.540120 1.453437 4.475188 0.258164 -3.233048 -0.211092 -0.583930 -1.812875 1.891406 0.856502 -1.298801 0.687787 0.912087 0.279506 0.580676 -0.299110 -0.052713 0.345448 -0.552383 0.271838 -1.019650 -0.673368 1.890743 -0.572388 -1.595135 -0.582674 -0.786167 0.106610 0.463891 -0.579211 -0.020847 0.540164 
275.870117 -30.383900 9.043989 -3.579955 2.504183 2.768005 1.284328 4.603027 0.762883 -3.053455 -0.175591 -0.795756 -1.863154 -1.788836 -3.397858 1.010674 1.353565 -0.353366 -0.945631 -0.235528 0.624354 0.662512 -0.361076 -0.108126 0.403483 -3.597702 -2.965304 1.201730 0.373593 -0.584292 -0.822472 -1.091914 0.385399 0.548252 -0.309686 0.457333 0.246122 
262.948395 -35.360931 2.118297 -1.484705 4.859904 1.833388 -0.437825 4.004132 1.506871 -1.908024 -0.933243 -0.800182 -1.005908 -5.303997 -5.074106 1.104660 1.434972 -0.256498 -1.365438 -1.603152 0.471688 1.043791 -0.273923 0.362283 0.764081 -2.410417 1.091488 -0.132194 -1.395260 -0.061473 0.720784 -0.671846 -0.632534 0.269223 0.485143 0.184350 0.096784 
257.547699 -40.991894 -1.104223 -1.370635 5.374128 2.255010 -1.446548 1.396722 1.706260 -0.965872 -0.723438 -0.071191 -0.334991 -6.609670 -1.214882 0.746285 -1.436955 -0.476312 0.495936 -1.579219 -0.640714 1.200959 0.609209 0.260574 0.597052 0.857922 3.295554 -0.010670 -1.922763 -0.581772 0.978500 0.666020 -0.428634 -0.138010 0.185550 -0.309826 -0.309487 
244.918365 -48.580271 -0.311467 0.007866 1.985994 0.880765 0.554048 0.845694 0.225443 0.493893 0.285175 -0.279035 0.188196 -3.588153 1.517002 1.083320 -2.410554 -1.420041 0.591561 -0.271112 -0.385581 0.767770 0.097176 -0.257369 0.145108 10.452495 2.669653 -0.819874 0.107369 -0.499625 -1.399435 0.662485 0.829601 -1.112547 -0.958301 -0.229066 -0.300006 
233.529434 -48.168200 1.929781 0.796006 0.553020 -0.585073 -0.263425 0.854499 0.935098 0.569668 -0.529086 -0.585929 -0.044776 14.295321 4.124424 -0.893463 -1.222217 -1.475561 -2.302933 -0.254249 1.018488 -1.024135 -1.307394 -0.197558 -0.002961 10.347456 0.046581 -1.107914 0.804209 0.231320 -1.059794 -0.177745 0.328625 -0.853753 -0.389017 0.037683 -0.090091 
273.778809 -19.989629 7.937381 -1.779060 -0.458439 -2.070357 -4.051818 0.337196 2.262420 -1.554376 -2.329612 -0.674151 0.182275 17.106760 1.610164 -1.132508 -0.802136 -0.957400 -1.528026 -0.626601 0.271669 -0.939737 -0.680858 -0.182002 -0.035075 -5.900137 -2.830702 1.006765 0.782758 0.611518 1.558205 0.012610 -0.339692 1.022287 0.827735 -0.011643 -0.030514 
301.539246 -13.954681 5.150108 -1.469010 -1.051252 -2.499874 -3.319476 -0.398702 1.478437 -1.309805 -1.890803 -0.949932 -0.114925 2.495047 -1.536980 1.120067 0.343300 -0.252525 0.813478 -0.229029 0.339104 1.020439 0.348076 -0.220845 -0.063988 -9.285782 -0.875722 1.186918 0.625179 0.399977 1.508525 0.437150 0.389916 0.935156 0.546273 0.141667 0.215149 
288.937927 -14.999536 4.863422 0.461075 0.228161 -2.575406 -2.424863 -0.120862 2.940628 0.486501 -1.633459 -1.115840 0.054298 -1.464804 -0.141280 1.241329 0.448222 -0.157446 1.489025 0.247699 1.051501 0.930576 0.411688 0.101331 0.395223 -2.332707 1.340096 -0.823447 -0.491536 0.270822 0.232595 0.519464 -0.153107 -0.366145 -0.220284 0.176579 0.209043 
273.606903 -16.884289 4.867548 1.013647 -0.154807 -2.814767 -0.341427 0.096696 3.581438 0.551346 -1.067427 -0.747270 0.675521 -2.170366 1.143213 -0.526826 -0.639771 0.289119 1.278668 0.809898 0.032890 0.288148 -0.092491 0.132312 0.354098 -0.821587 0.035399 -0.634531 -0.734958 0.863603 -0.596039 0.027002 -0.717762 -0.591585 -0.329356 0.385105 -0.204856 
255.938660 -19.340268 7.149848 -0.592578 -1.051382 -1.997168 0.132473 1.498934 3.006408 1.062797 -1.818442 -0.851215 0.762495 -3.107979 -0.070482 -0.027734 -1.021693 1.569760 0.296947 0.301703 -0.384024 -0.252593 -0.247025 0.871541 -0.014490 -0.011373 -0.861766 0.232473 -0.205576 0.448666 -0.354879 -0.477521 -0.331118 -0.560554 0.178233 0.490157 -0.191876 
245.491058 -23.100247 4.726585 0.958179 -2.198192 0.324753 0.252467 0.700102 2.813390 0.046159 -1.561477 0.995812 0.646542 -2.193111 -0.580319 -0.061879 -1.050923 1.186452 0.568910 -0.145143 -0.629347 -0.832960 0.263975 1.112627 -0.029653 1.599295 1.153806 -0.637969 0.159038 -0.737850 0.000002 -0.553725 -0.605007 -0.320194 -0.196886 -0.639397 0.062191 
232.021805 -23.726491 5.989210 -0.716337 -3.153229 0.375735 1.270292 1.208647 1.747715 -0.603123 -1.290491 1.374038 0.703189 0.090612 2.237131 -1.303671 -0.703617 0.094060 0.296950 -0.805747 -1.594038 -0.892982 -0.640797 -0.407254 0.109892 0.078086 1.836800 -0.766759 0.093879 -0.964413 -0.540577 -0.493737 -0.346523 0.488088 -0.547237 -1.341000 0.009645 
227.910782 -22.919023 9.200846 -1.649163 -3.605427 0.512873 0.846367 -0.911393 -0.374685 -1.739804 -2.843071 0.181304 0.866327 -2.036939 3.093280 -1.595398 -0.863166 -0.742374 -0.512245 -1.132617 -1.322393 0.143217 -0.830498 -1.569373 -0.010364 -1.500001 -0.007029 0.103864 0.017659 -0.508590 -0.479529 0.574253 0.985810 0.963637 0.586630 -0.219678 -0.131252 
218.955658 -27.800369 12.175769 -3.907132 -4.879561 -1.109013 0.245802 -1.056586 -0.897071 -0.316690 -2.951487 -1.764708 0.682461 -2.909390 2.223073 -1.095944 -0.668300 -0.923120 -0.662108 0.342760 0.377582 1.034292 0.532463 -0.846611 -0.152612 0.708298 -1.456093 0.705983 0.855547 -0.037266 0.102620 1.082785 0.777419 0.312415 0.897113 0.643055 0.016816 
0.000000 -28.737803 13.646992 -3.841051 -4.942026 -1.333367 -0.477849 -0.225874 0.380479 0.328780 -1.778146 -1.511918 0.561103 -0.620342 0.181093 -0.183433 0.847929 -0.816906 -0.307004 1.032954 0.232445 0.768047 0.963727 -0.283264 0.023268 1.564523 -1.631654 0.565135 0.751987 -0.060632 0.276545 0.219534 -0.627323 -0.365867 0.068602 0.124161 0.084400 
0.000000 -29.041054 12.537956 -4.273997 -3.183703 -2.742825 -0.368207 1.009322 -0.432180 1.219404 -1.024034 -2.331235 0.728998 0.219656 -1.040235 0.034326 0.835674 -1.044384 -0.109019 0.781827 -0.877065 0.302559 0.669666 -0.598289 0.016189 -0.047149 0.053912 0.173815 -0.714851 0.366142 0.244956 -0.522642 -0.230144 -0.443953 -0.483656 0.151358 -0.116262 
0.000000 -28.298492 11.566523 -3.772398 -3.270679 -3.422134 -0.695887 1.337779 -1.373651 0.933898 -0.438814 -2.708495 0.593481 -0.714640 0.288918 0.164198 -0.581773 -0.084622 0.182908 -0.012329 -0.227843 -0.119859 -0.003585 0.019453 -0.209256 -1.274025 0.923686 0.507168 -0.662497 0.843739 0.235291 -0.612378 0.556874 -0.280797 -0.453762 0.433511 -0.073789 
105.959801 -30.470333 13.115791 -3.945601 -4.347249 -2.912070 -0.002391 0.984663 -0.887866 0.979686 -1.031204 -2.292329 0.310485 -2.328395 0.807137 1.048662 -0.489321 0.643094 0.361562 -0.442930 0.236683 -0.259034 -0.237857 0.268733 -0.131389 -2.419497 -0.050165 1.336716 0.381503 0.322221 -0.122007 -0.134565 0.231657 -0.150698 0.114343 0.262025 0.047892 
214.210251 -32.955282 13.180796 -1.675075 -4.249320 -2.135947 0.027238 0.451919 -0.900286 0.415829 -0.914528 -2.171030 0.330704 -5.553634 0.188587 2.837631 0.181234 0.559820 -0.061106 -0.281460 0.235471 -0.421255 0.225101 0.543502 -0.113472 -0.991382 -0.325526 0.326853 0.310795 -0.235667 -0.218741 0.213921 0.002499 0.059854 0.202310 0.107060 0.003904 
214.630493 -41.577601 13.492965 1.729660 -3.984781 -1.792429 -0.124602 0.421743 -0.416924 0.137175 -0.581001 -1.205325 0.083540 -4.311159 0.156085 1.702367 0.132270 0.171759 -0.075920 -0.015088 0.241681 -0.139327 0.166763 0.482852 -0.123582 0.621237 -0.016251 -0.567632 -0.024482 -0.194031 -0.007407 0.133186 0.003105 0.140964 -0.029169 -0.030325 -0.005055 
