300.305725 -42.770902 8.989400 7.047340 1.615370 -1.621787 -2.299448 -1.370819 -0.145658 0.231652 -0.099816 -0.104025 -0.263527 0.989055 0.173314 -3.763019 -3.450790 -0.669407 1.223247 1.416061 0.464435 -0.348527 -0.369601 -0.310704 0.115843 2.586473 -0.163544 -0.163308 -1.028296 0.411124 0.240069 -0.425518 0.043901 -0.165806 -0.311239 -0.037725 -0.060911 
280.845245 -40.792792 9.336028 -0.478697 -5.286211 -2.960601 0.147045 1.461302 0.783212 -0.465401 -0.839017 -0.725432 -0.031841 6.162001 -0.153774 -4.089635 -5.507382 0.152841 1.703385 0.565025 0.552238 -0.680138 -0.992078 -0.386153 -0.005978 2.544204 -1.665232 1.470531 1.757053 0.484516 -0.130345 -0.986881 -0.820576 0.040627 0.220123 0.287136 -0.027588 
0.000000 -30.446900 8.681852 -1.131929 -9.399394 -1.316106 1.107322 -0.240770 0.958817 -1.128624 -2.083973 -0.876331 -0.275484 6.077462 -3.157150 -0.821958 0.063317 0.299625 0.962557 -0.557702 -1.176716 -0.267272 0.070645 0.263569 0.060667 -2.167672 -2.026773 1.122656 4.138605 -0.626298 -0.395471 -0.056595 -0.687347 0.893313 1.326165 0.595856 0.222679 
0.000000 -28.637867 3.021728 -2.122612 -5.159578 -2.361351 2.072159 0.345898 -1.570220 -0.999946 -0.697727 -0.198294 0.089493 1.826657 -4.207320 -1.844322 2.769829 -1.099756 0.912443 0.451836 -0.822457 1.106489 1.660252 0.805559 0.439380 -2.034802 2.218103 0.600604 0.650958 0.210968 -0.660056 0.146572 0.836520 0.759433 0.578369 0.102507 0.255745 
0.000000 -26.793586 0.267213 -4.820573 -3.859737 -3.515618 2.932208 0.662902 -0.686096 1.084354 1.236532 0.734787 0.603277 2.007859 1.279056 0.379250 1.365233 0.721561 -0.357554 -0.264558 0.496324 1.251594 1.227382 0.468584 0.572156 -1.315220 4.208213 1.294092 -0.367858 1.639556 -1.092967 -0.862004 0.685989 -0.405061 -0.921698 -0.802196 -0.116876 
379.401520 -24.622149 5.579840 -1.364113 -2.429111 -0.918228 1.357051 -0.183218 -0.577572 1.503242 1.757037 0.738874 1.233805 -0.803783 4.209107 0.743863 2.034112 2.179355 -1.273491 -1.272173 0.549521 0.296367 -0.183143 -0.798834 0.205629 -4.830934 -0.397035 -0.182323 0.260253 0.710239 0.359728 0.114982 0.030271 -0.576475 -0.832566 -0.190363 -0.301058 
392.410858 -28.401153 8.685427 -3.332848 0.208486 0.843091 0.385226 -1.881443 0.412945 1.677087 0.870247 -0.862881 1.014535 -7.654009 0.484986 0.014603 1.885740 2.142040 0.361903 -0.034593 0.556867 0.098644 -0.437749 0.087858 -0.029961 -3.210417 -3.390039 0.374977 -0.674557 -0.377559 1.417122 1.289885 -0.107714 -0.178416 0.247680 0.743397 0.025396 
351.923859 -39.930168 6.549812 -1.334908 1.342369 3.365852 2.080856 -0.252404 0.536161 1.700529 0.881539 0.914590 1.173883 -7.224618 -2.570972 1.493816 0.684998 1.424237 1.560753 1.307598 0.334093 -0.060464 0.312218 0.687959 0.256422 5.059193 -0.218845 0.214004 -0.824488 -1.515487 -0.333528 -0.812392 -0.245037 0.007385 0.451752 -0.926777 -0.119598 
329.639282 -42.850389 3.543484 -0.345216 1.578483 3.691566 3.506732 0.733752 1.081131 1.556159 1.494682 0.513038 1.527380 2.464377 0.047295 0.442611 0.236763 -0.888935 -0.305153 -1.659377 0.066794 0.113414 0.465755 -1.765695 -0.269157 6.080517 1.940299 -0.678173 -0.530708 -1.581853 -1.369468 -1.842010 -0.428404 0.020094 -0.222119 -1.363947 -0.671392 
326.513153 -35.001414 6.644402 -0.449685 1.815895 1.587981 1.470551 -3.571158 0.669748 1.927357 1.813049 -2.616801 0.635569 4.936416 1.309626 0.137469 -0.376418 -1.739468 -1.178184 -2.376422 -0.522715 -0.020277 -0.132020 -2.039935 -1.086362 -1.662207 -0.232449 -0.206640 -0.382649 0.361623 0.359628 1.309376 -0.551510 -0.522972 -0.232944 1.041264 -0.340329 
311.268707 -32.977557 6.162736 -0.070278 0.825647 0.212630 1.150365 -4.019092 0.035701 1.515604 1.230643 -3.566833 -0.645344 -0.860038 -0.417604 0.029331 -0.528535 -0.165689 0.414103 0.959375 -1.036227 -0.932530 -0.000133 0.316832 -0.949816 -2.730817 -1.137741 0.493339 -0.116412 1.179923 1.329340 1.641294 0.058013 -0.648816 -0.082371 1.710192 0.484327 
295.286011 -36.721490 5.809195 -0.391023 0.758824 1.256604 2.298756 -1.652408 -1.402706 0.062296 1.812783 -1.983136 -1.264063 -0.525219 -0.965857 1.124147 -0.609242 0.620379 1.480496 0.906166 -0.406689 -1.317908 -0.296761 1.380450 -0.117709 3.187724 -0.160858 0.844643 -0.431882 -0.490138 -0.227431 -0.457727 0.696559 0.216679 -0.262436 0.209595 0.609980 
282.028290 -34.027994 4.231022 2.178017 -0.392837 1.453388 4.111357 -2.206760 -0.777678 -1.120213 0.637121 -0.805934 -0.880762 5.515409 -0.739320 1.718617 -1.392300 -1.145964 -0.040759 0.043921 0.356891 -0.499173 -0.525005 0.736022 0.270145 2.481886 0.680896 -0.555029 -0.171295 -0.747019 -1.061837 -0.034509 0.139064 0.634424 0.354101 -0.777143 0.168330 
279.961517 -25.690672 4.330556 3.046212 -2.025776 -1.035324 2.217238 -1.564565 -0.688925 -0.936049 0.762772 -0.511093 -0.723774 4.438554 0.395935 0.014090 -0.951833 -0.873659 -0.643178 0.837148 -0.128561 -0.049060 0.411441 -0.173837 0.218950 -2.828381 0.706873 -1.176688 0.714119 0.952171 0.273024 0.394353 -0.355977 0.527534 0.309253 -0.600646 -0.139765 
275.505524 -25.150887 5.022891 2.206198 -2.296503 -0.293930 2.825001 -0.532465 -1.034801 -1.218333 1.460003 -1.153608 -0.442861 -0.141353 0.674426 -0.634759 0.035938 0.758377 0.505289 0.832628 -0.355063 0.555895 0.093500 -0.465271 -0.009386 -4.628812 -0.384992 -0.196054 1.035419 0.557697 0.648924 -0.163473 0.270935 0.175700 -0.190615 0.064390 -0.402343 
273.192719 -25.973377 5.679407 1.776694 -1.953901 0.481431 3.227816 0.100690 -1.399051 0.175742 0.949773 -1.441635 -0.742545 -4.819070 -0.374050 -0.378017 1.119004 0.241736 0.654671 0.510201 0.413308 0.302340 0.030212 -0.045056 -0.585735 -2.325610 -2.910338 0.389567 -0.016567 -0.797560 -0.782254 -0.889935 0.748597 -0.081402 -0.598388 0.302437 0.381225 
268.369293 -34.789027 4.274791 1.450163 -0.058495 0.189542 4.134342 0.487938 -0.208185 -0.613653 1.520427 -1.243719 -1.614332 -4.792572 -5.146251 0.144375 0.002804 -0.836743 -1.059219 -0.947242 1.142131 0.393091 -1.103275 0.139604 0.753065 2.730475 -2.048776 -0.421863 -0.959120 -0.413829 -1.069761 -0.513715 0.093287 0.123927 -0.560279 0.378720 0.899361 
270.625000 -35.558521 -4.613095 2.065444 -1.948293 -1.192054 1.109378 -1.793794 0.885211 0.961923 -1.256777 -1.162427 0.763585 0.641881 -4.471601 -1.221744 -0.799237 -0.585923 -1.484852 -0.517228 0.599882 0.550195 -1.090346 0.712384 1.212987 3.953117 4.182728 -0.601220 -0.108261 -0.059757 0.937002 1.150911 -0.700126 -0.584066 0.509059 0.051312 -0.430940 
274.407440 -33.505265 -4.668411 -0.993326 -1.656968 -0.982303 1.164637 -0.546518 0.991578 0.486738 -0.660265 0.181048 0.811642 3.113661 3.219205 -1.058065 -0.213718 -0.956256 0.814786 1.354580 -0.258121 -0.775041 -0.085157 0.242228 -0.108816 0.993270 5.342208 2.296063 0.326064 -0.493435 0.449251 0.806826 -0.272303 -0.728988 0.505079 -0.651409 -0.972736 
293.347321 -29.331198 1.825314 -0.050686 -2.375728 -3.104567 2.738949 0.915365 0.368969 -0.588160 -1.427092 -0.677971 0.545953 2.628421 6.212814 3.370381 -0.147109 -1.572793 -0.586351 1.096424 0.055277 -0.907781 -0.080188 -0.590434 -0.732485 -1.475577 0.878065 1.984858 0.914669 0.172425 -1.136399 -0.538032 0.246573 0.540086 0.293911 -0.304107 -0.098699 
283.687836 -28.248423 7.757217 5.747436 -1.951186 -4.127889 -0.008065 1.646329 1.102132 -1.328824 -0.820641 -0.999819 -0.653328 0.162507 4.975335 2.911652 1.615620 -0.611407 -1.458013 0.278516 0.235024 0.305130 0.502665 -0.365985 -0.306213 -3.424526 -2.155418 -1.516310 1.018969 0.985823 0.152322 -0.863344 -0.329193 0.932366 0.139146 0.388348 0.488040 
279.468903 -29.006183 11.775984 5.772617 0.855512 -4.327381 -0.177077 1.472398 0.839018 0.022100 -0.421762 -1.409940 -0.066473 -4.220632 1.901977 0.337762 1.890828 0.398852 -0.281707 -0.630263 -0.603110 0.956952 0.198103 0.186262 0.243596 -3.480163 -3.072236 -1.499529 -0.642238 1.290786 0.763343 -0.314690 -0.113040 0.020297 -0.085574 0.445183 0.015332 
271.946381 -36.689687 11.561172 6.422959 1.830471 -3.330185 -0.571480 0.385802 -0.104089 0.585081 -0.424434 -0.627296 -0.166136 -6.797818 -1.169137 -0.087406 0.331143 1.970166 0.068674 -0.350864 0.008944 0.345724 0.331516 0.524381 -0.275548 2.588894 -0.572042 -0.797381 -1.622668 -0.089103 0.478825 0.841601 0.676656 -0.583980 -0.164629 -0.130752 -0.139403 
251.492706 -42.601820 9.437710 5.597805 1.517798 -0.387049 -0.039729 0.770671 0.856906 0.713548 0.241269 -0.361178 -0.617570 0.957157 0.757894 -1.257000 -1.354507 0.220646 0.675943 1.052939 0.750203 -0.211008 -0.131154 -0.075243 -0.035211 5.507457 1.580006 -1.083983 -1.217391 -1.400370 0.679958 0.237793 -0.255723 -0.468166 -0.257964 -0.132681 0.322335 
241.932556 -34.775373 13.076960 3.908960 -0.878543 -2.888893 0.780406 2.491680 1.396317 0.163064 -0.686742 -0.777783 -0.236558 4.217095 1.990874 -2.255372 -2.103639 -0.830575 1.428590 0.124722 -0.502502 -0.590608 -0.184412 0.259019 0.369121 -1.053065 -0.802562 -0.541247 0.564388 0.743543 0.155503 -0.764774 -0.965581 -0.109820 0.356229 0.317907 0.113965 
225.937729 -34.167631 13.419459 1.087061 -2.689479 -2.048198 2.817452 1.020115 -0.148098 -0.467668 -0.127555 0.156859 0.120672 -1.148973 -0.847230 -2.339493 -0.225730 1.707732 0.986950 -0.476608 -1.180960 -0.430648 0.581304 0.560571 0.192720 -5.556673 -3.106010 1.157960 1.890325 1.549234 -0.603275 0.229379 0.413676 0.582377 0.543553 0.100726 -0.165352 
211.408768 -37.073318 11.382500 -0.770026 -1.330004 0.526570 2.754306 1.538463 -0.965603 -0.698232 0.475866 0.343359 0.148882 -6.896252 -4.221146 0.060548 1.677011 2.267894 0.222041 0.583480 0.324850 0.574146 0.902695 0.460471 0.038418 -2.481627 -2.267768 2.891194 0.316992 0.161968 -0.192007 0.323745 1.176282 0.158803 0.099044 -0.333728 -0.070373 
206.538757 -47.960134 4.977167 1.208156 0.664543 2.487590 3.261534 2.187076 0.501603 0.680625 1.677835 1.077801 0.197508 -6.112227 -5.382766 3.442896 0.408254 2.031668 0.602935 0.170881 1.171604 -0.113042 0.779393 -0.106885 0.051973 5.896935 3.617945 0.565988 -2.120093 -1.836809 0.018547 -0.470215 -0.219421 -0.898991 -0.970231 -0.331582 0.240760 
210.407700 -49.297771 0.616969 6.115766 -0.513495 4.589906 3.960177 1.880226 1.377605 -0.924316 2.034652 0.129588 0.252828 4.897619 3.014744 1.192523 -2.563174 -1.405723 0.259135 -0.356949 -0.113991 -1.223836 -1.037767 -0.202693 0.519937 6.658681 5.947789 -2.650396 -1.079955 -2.802217 -0.640937 -0.293242 -0.886080 -0.197982 -0.958615 -0.099933 0.086601 
218.180237 -38.164897 11.006655 3.593203 -4.461806 -0.323857 3.779805 1.473178 0.273622 -1.767047 -0.397700 0.672416 1.237382 7.205135 6.512813 -1.857896 -1.751655 -3.572766 -0.678938 -0.415602 -0.600555 -0.509006 -1.137837 -0.306751 0.225176 -2.027821 -0.399871 -0.849350 1.418183 -0.028051 -0.803343 0.285710 0.084941 0.886044 0.377552 -0.255915 -0.437505 
212.743546 -34.887501 13.642595 2.399975 -4.016805 -2.555625 2.602300 1.049021 0.176494 -1.942328 -0.241023 -0.483914 0.703179 0.841976 2.215002 -0.506177 0.273191 -1.461826 -1.347551 0.214472 0.055891 0.548252 -0.282664 -0.714524 -0.355073 -3.916398 -3.075226 0.590006 1.135115 2.069522 -0.106883 0.185819 0.430174 0.959874 0.654229 0.094944 -0.273661 
214.291412 -36.480946 15.436659 2.580850 -3.915423 -3.247509 1.084702 1.902122 0.385405 -0.670543 -0.963028 -0.756632 0.527236 -0.627660 0.362360 -0.677883 0.518576 0.566279 -0.892705 -0.043964 0.259792 1.410742 0.170620 -0.116863 -0.322146 -0.817996 -1.306062 -0.015826 0.086762 1.316694 0.639675 -0.435034 0.071724 0.316643 0.533863 0.449755 -0.002903 
214.527145 -36.142821 14.367315 1.044208 -2.979654 -1.423067 0.816891 0.961094 0.696078 0.879156 0.100218 -0.717641 0.058888 -0.794017 -0.397122 -0.537828 0.446715 1.171562 -0.068201 -0.655597 0.199339 1.181539 0.785061 0.184987 -0.360879 -0.563528 -0.263302 0.929356 0.095858 -0.638415 0.105090 0.152593 -0.051867 -0.771319 0.001482 0.224557 0.055807 
213.572708 -38.068981 14.642414 1.505194 -3.021993 -0.904385 0.948300 0.590928 0.784082 1.692534 0.607094 -0.386658 -0.194522 -1.754716 -0.164244 1.180828 0.710292 -0.710551 -0.682525 0.261223 0.156059 -0.131895 0.173585 0.332250 -0.210532 -1.440054 -1.352048 1.657700 -0.557438 -0.906507 -0.809672 0.917381 -0.166971 -0.860621 -0.441685 -0.295341 0.315949 
213.407028 -39.652254 14.038828 3.405864 -1.559070 -2.844169 -0.548159 1.483539 1.008196 0.615367 0.447387 -0.053141 -0.362176 -3.674126 -3.101219 2.777573 -0.668161 -0.641452 -1.687546 1.179164 -0.134604 -0.539703 -0.098308 -0.405694 0.271020 -1.793002 -2.359654 -0.048008 -1.690138 -0.172583 -0.391130 0.715925 -0.274990 -0.004690 -0.010740 -0.602821 0.533404 
219.026138 -45.417233 8.439975 7.060339 -4.358315 -2.187288 -2.426791 2.949257 0.514874 0.613127 0.410477 -1.198047 0.347518 -5.340719 -4.883551 1.084812 -2.669984 -1.055716 -1.464785 1.693073 -0.393921 -0.141274 0.152105 -0.873392 0.856276 1.814078 1.617013 -1.728316 0.904165 -0.132700 0.743031 -0.652996 0.250546 0.292870 0.005030 0.250514 -0.145848 
209.828354 -50.333692 4.271727 5.575489 -6.899039 -4.955602 -3.477729 4.869685 0.220354 0.332818 0.751597 -1.799926 1.350377 -0.045971 0.132806 -0.679059 1.140170 -0.906851 -0.201483 -0.126827 0.366488 0.046037 -0.088248 0.095333 -0.020677 4.618467 4.282443 -0.431270 2.964189 0.758760 1.104688 -1.670817 0.615545 0.303840 -0.106570 0.640732 -0.823848 
211.631332 -45.509175 8.705588 5.702222 -2.077975 -4.000990 -2.829757 2.695603 1.247849 0.705201 0.233982 -1.007381 0.306164 3.896215 3.681335 0.222273 3.258394 0.461803 0.744590 -1.648561 0.837169 0.466405 -0.061035 0.408073 -0.791420 -0.386664 0.287140 0.457737 0.129509 1.022307 0.474935 -0.412554 -0.001682 0.139389 0.173290 0.223433 -0.117814 
212.317017 -42.541263 11.634396 6.020035 -0.382252 -4.031995 -1.988549 1.572563 1.894692 1.265627 0.629527 -0.983781 -0.232464 -0.819299 0.707087 0.236415 1.399188 1.137763 0.748387 -0.951934 0.363124 0.324815 0.258333 0.542200 -0.256304 -5.344467 -2.861149 -0.042842 -0.750491 0.776753 -0.101133 0.182220 -1.168950 -0.690022 -0.261296 -0.023253 0.437843 
205.790298 -47.147773 10.119761 6.175053 0.720401 -1.725464 -1.332983 0.791734 1.974098 1.354831 0.750648 0.077019 -0.206444 -6.792720 -2.040964 0.136590 1.757411 2.015309 0.542324 -1.284121 -1.500732 -0.913640 -0.583626 0.361567 0.084265 0.535418 -0.263143 -0.881557 -1.356693 -0.818060 0.221834 1.062297 0.037153 -0.107105 -0.327497 -0.360561 0.196593 
194.555084 -56.126704 7.552468 6.293214 3.132570 -0.001378 -0.903901 -0.995679 -1.106771 -0.561652 -0.537725 -0.260646 -0.063934 0.251538 0.180800 -1.526698 -1.314199 -0.498356 1.192055 1.172660 0.437430 0.110605 -0.396661 -0.178923 0.136882 8.048422 2.769940 -1.178425 -2.397008 -1.693064 0.471056 1.432577 1.116558 0.479960 0.287552 -0.135668 -0.098199 
204.264664 -46.644697 10.481362 3.121658 -1.907997 -2.722176 1.051127 3.137054 2.848958 1.576041 -0.042675 -0.280827 0.067320 9.304123 3.498915 -2.220261 -3.036606 -1.370819 1.484436 1.581032 0.732385 0.046281 -0.008522 0.090232 -0.112133 3.101095 0.399792 -0.410885 0.853260 1.606371 -0.836909 -1.366677 -0.909780 -0.706100 0.456866 -0.015139 -0.370614 
202.608459 -37.518457 14.550299 1.852692 -2.940641 -2.743016 2.064971 2.166385 0.357999 -0.469090 -0.554770 -0.080182 -0.288199 6.453728 0.980384 -2.348468 0.392321 2.714386 -0.481764 -1.560695 -1.382130 -1.301595 0.517071 -0.209202 -0.604345 -4.058294 -3.722504 0.669394 2.904294 2.367372 -1.195781 -1.475278 0.079147 0.102231 0.364675 -0.080573 0.077770 
201.755173 -33.737241 12.442130 -1.575279 -1.123355 2.706596 0.087599 0.015664 0.084699 -1.027149 0.991468 -0.699231 -1.141371 1.187536 -3.946093 -0.881474 2.771982 3.363925 -0.907127 -1.369524 0.890680 0.250744 0.720828 -0.070913 0.043408 -5.429195 -2.727720 2.475782 1.462245 -0.951762 0.498605 0.938066 1.187371 0.972007 -0.562677 0.291913 0.433682 
205.609726 -35.143385 6.658112 0.089745 2.603323 3.984835 0.250717 -0.572663 2.139358 0.032397 0.886885 -0.222009 -0.201384 -4.404662 -4.475055 2.603096 3.316811 0.810862 0.515446 0.315437 0.992613 0.642419 -0.608283 0.374623 0.263019 -3.267473 0.709839 1.558653 -0.933601 -1.589975 0.793358 0.857919 -0.714711 -0.087961 -0.815743 0.043583 -0.221652 
213.817932 -42.546564 3.492020 3.630913 5.510267 4.328321 1.118492 0.646539 2.069925 0.257689 -0.225098 0.050016 -0.615333 -5.347410 -2.526415 2.235832 0.904781 0.183975 0.679589 0.346314 -0.538742 0.074821 -0.910659 0.016252 -0.399897 0.824406 2.027292 -1.171870 -2.195564 -0.872177 -0.203717 -0.200475 -1.087791 -0.481781 0.122608 -0.133016 -0.302706 
236.070892 -45.838204 1.605282 4.561409 4.412885 4.352786 1.609895 0.119965 1.061874 0.182040 -0.934432 -0.189504 -1.001177 -2.755850 -0.420471 0.259357 -1.074317 -0.933492 0.108012 -0.085513 -1.182969 -0.321143 -0.363066 0.108591 -0.342393 2.266691 2.065568 -1.740638 -0.986352 -0.562835 -0.388643 -0.313502 -0.154236 -0.162260 0.599795 -0.127662 0.200029 
257.390045 -48.058264 2.651077 4.149627 3.361632 2.461337 1.334517 0.475513 -0.296013 -0.384596 -0.951229 0.267197 -1.300118 -0.814027 1.604721 -1.245443 -1.067924 -0.941694 -0.097697 -0.280689 -0.847214 -0.249698 0.288932 -0.239072 0.000162 2.814534 0.634882 -0.852040 0.523674 0.212872 -0.078234 -0.288327 0.852508 0.146290 0.511188 -0.157790 0.372180 
280.174774 -47.466259 4.814724 2.070524 2.277037 2.469398 1.414500 -0.441412 -0.632554 -0.317355 -0.356569 -0.667648 -1.000854 2.873219 0.849293 -1.444722 -0.026969 -0.507748 -0.048457 -0.662166 0.522048 -0.028563 0.659310 -0.206990 0.401967 5.528085 -0.833393 0.283908 0.555943 -0.334660 -0.421341 -0.327648 0.967430 -0.406832 0.237181 0.172473 0.075292 
296.909576 -42.311826 4.349664 1.260183 3.307693 1.445841 1.237604 -0.848819 0.748083 -0.441722 0.367391 -0.146782 -0.496183 10.242143 -0.062065 -0.677627 0.043963 -1.611013 -0.940379 -0.935984 1.087646 -1.063361 0.763294 0.105873 0.150745 3.455928 0.079732 0.604520 -0.660502 -0.364230 -0.649680 -0.046383 -0.493748 -0.562323 -0.391616 -0.165431 -0.218071 
317.102692 -26.981973 4.690594 0.715271 2.364964 -0.752629 -0.466257 -2.313381 1.542738 -2.444078 1.170020 -0.455902 -0.699364 9.785075 1.008757 -0.235682 -1.347972 -1.236209 -1.347817 -0.754931 -0.465449 -1.153209 -0.123922 -0.537851 -0.034175 -3.826335 0.750183 -0.059922 -0.645666 0.824560 0.589066 0.272559 -1.108458 0.790065 -0.759165 -0.182589 -0.110724 
328.409393 -22.741677 6.367177 0.788820 0.611749 -1.026577 -1.458029 -2.358681 -0.182814 -2.748140 0.119547 -1.222484 -0.564534 2.589472 1.438300 -0.797470 -1.247369 0.038107 0.237754 -0.390867 -1.129269 0.516769 -0.755036 -0.259306 -0.070703 -5.578540 -0.031075 -0.149187 0.595547 1.000394 1.212096 0.080733 0.213398 1.179029 0.102754 0.430731 -0.025941 
328.833679 -21.803028 7.567194 -0.879669 -0.129774 -0.676416 0.009250 -3.095114 -0.715800 -1.410540 -0.340052 -0.974514 -0.840770 -1.372005 0.946606 -0.534056 -0.156879 0.764579 1.076376 -0.593466 -0.038652 1.204849 0.081586 0.323611 -0.086058 -3.421763 -2.360015 0.185063 0.859810 0.815952 0.209396 0.406625 0.955195 0.223955 0.733727 0.384060 0.273367 
335.224182 -25.485687 8.260389 -0.279292 0.297991 0.502582 0.694722 -3.545613 -0.260119 -0.338442 0.282719 -0.575262 -0.736650 -4.254053 -3.281730 -0.427344 0.472251 1.670010 0.656546 0.422384 0.781121 0.964679 0.712419 0.508815 0.476030 -0.736711 -4.049845 -0.859419 -0.160099 0.448359 -0.085269 0.778209 0.141769 -0.288179 -0.055725 0.029695 0.221470 
340.445984 -30.311134 1.003734 -1.734357 0.814729 2.663605 1.322343 -2.250345 0.846442 0.518819 1.084785 0.043117 0.111290 -2.845427 -7.153084 -2.252894 -0.477078 1.661296 0.905838 0.962953 0.244886 0.628491 -0.029864 0.383001 0.356882 1.537468 0.887776 0.024868 -0.350756 -0.197283 0.271262 -0.257443 -0.665767 -0.540373 -0.599110 -0.329929 -0.418303 
351.265381 -31.176540 -6.045779 -4.785080 -0.656164 3.825174 2.506398 -1.619707 0.229654 0.918541 0.222992 0.190740 -0.022886 -1.179116 -1.506178 -0.377607 -0.229261 1.275444 1.199071 -0.092502 -0.550413 -0.116066 -0.485800 -0.151043 -0.360576 0.343132 5.651204 2.334845 0.946639 -0.394219 -0.221489 -0.662040 -0.398284 -0.601956 -0.063235 -0.394188 -0.335964 
300.012939 -32.669365 -2.008623 -2.489572 0.356206 5.214493 3.720485 -2.435349 -0.254385 0.286687 0.113184 -0.258968 -0.609861 -2.159164 4.149325 2.416797 1.416201 0.872859 0.462860 -0.361127 -0.551682 -0.575421 -0.156333 -0.405375 -0.315047 0.624212 -0.381490 0.841590 0.532350 -0.949686 -0.561538 0.589903 0.116187 0.380788 0.254688 -0.144558 0.039981 
280.279602 -35.494868 2.252871 0.048513 2.176237 5.570892 3.432119 -2.341961 -0.873709 -0.232302 -0.089675 -0.620011 -0.652979 0.069309 -2.269158 1.305574 0.835439 -0.623928 0.075995 1.087305 -0.318039 0.645511 0.023576 -0.440159 -0.280613 1.733163 -5.533444 -1.493009 -1.439730 -2.264895 -0.729839 0.811508 0.481343 0.502557 0.138710 0.423540 0.358485 
260.143799 -32.530747 -6.546938 0.121576 2.027084 3.966637 3.872475 -0.260738 -0.890463 1.577710 0.160336 -1.139286 -1.171088 1.307161 -6.917563 -0.569222 -1.463259 -3.656930 -0.996818 1.261889 0.411004 0.429692 0.121086 0.441705 0.401923 -0.068719 0.222357 -1.585770 -1.535375 -0.927295 -0.744734 -0.794777 0.418624 -0.485478 -0.186656 0.288058 0.382381 
239.948883 -32.880545 -11.582255 -1.089930 -0.750280 -1.742969 1.438482 0.181817 -0.051701 0.627083 0.152497 0.263400 0.150866 -0.068129 -1.824444 -1.865965 -2.235311 -2.478519 -1.413473 -0.502249 0.519210 -0.325445 -0.349736 0.135956 0.484149 -0.600196 3.805389 -0.345495 0.308315 2.016607 0.400171 -0.992708 -0.155587 -0.139912 -0.233451 -0.503546 -0.289375 
0.000000 -32.667005 -10.195827 -3.610354 -2.443537 -0.990400 1.045529 -1.265236 0.147958 0.926820 -0.539136 -0.867373 -0.202789 0.106770 0.693214 -1.260212 -0.846629 0.376284 -0.196477 -0.723526 0.099829 0.149869 -0.345816 -0.565387 -0.176828 0.087449 1.258829 0.302877 0.694341 1.427401 0.608498 -0.110639 -0.209690 0.237657 0.001960 -0.350672 -0.330489 
