285.819153 -37.087114 -5.167244 -1.480444 -0.319549 2.325423 2.709747 -0.829220 -1.941818 -0.206446 -0.240670 -1.014092 0.068212 0.808011 -4.687845 0.055670 -0.303573 -0.019442 -0.335216 -0.473574 0.179896 0.244972 -0.346279 0.166838 0.512552 0.077367 -0.289142 -0.346788 0.063491 -0.189035 0.000657 0.254810 -0.076013 -0.011758 0.030900 0.033864 -0.065794 
0.000000 -35.471093 -14.542934 -1.369105 -0.926694 2.286540 2.039315 -1.776367 -1.582027 0.283498 -0.933227 -0.680416 1.093317 0.962745 -5.266130 -0.637907 -0.176590 -0.397511 -0.333902 0.036046 0.027869 0.221456 -0.284479 0.234567 0.380965 -1.465269 2.869500 -0.058555 0.383806 0.013339 0.292451 0.253711 -0.201465 0.025262 0.372020 -0.003830 -0.383317 
0.000000 -35.161623 -15.699504 -2.756258 -0.672729 1.530401 2.041944 -0.757129 -1.886080 0.236467 -0.809628 -0.544958 0.830143 -2.122528 1.051156 -0.061439 0.464039 0.007237 0.249686 0.033849 -0.223033 0.295495 0.397761 0.159178 -0.254083 -1.283661 5.874364 0.169889 0.363840 -0.053392 0.165878 -0.370360 -0.101406 -0.181262 0.310831 0.064771 -0.535621 
0.000000 -39.716148 -12.440623 -1.491983 0.001383 2.301015 2.538688 -1.708669 -2.028094 0.874488 -0.137704 -0.362061 0.585151 -1.604577 6.482598 -0.298128 0.551090 -0.504296 -0.002145 -0.704674 -0.174944 -0.141067 0.337183 0.364110 -0.690277 2.190513 2.584945 -0.908140 0.758343 -0.638223 -0.465528 -0.433688 -0.138557 -0.639663 -0.332859 -0.123143 -0.327616 
0.000000 -38.370778 -2.734308 -3.352514 0.429450 0.521809 2.037653 -2.166476 -2.235967 -0.045668 -0.135262 0.183262 -0.550412 2.258498 6.221046 -1.877719 1.980724 -1.269209 -0.681369 -0.833526 -0.500148 -0.983832 -0.267957 -0.087108 -0.909315 1.625091 -2.349406 -0.681866 1.087870 -0.002316 -0.158872 -0.204435 -0.541241 -0.102876 -0.291757 -0.244057 0.207024 
229.148987 -35.199153 0.001468 -5.247422 3.962832 -0.237403 1.175950 -3.375722 -3.028391 -1.093175 -0.673619 -0.536277 -1.233478 1.645605 1.783786 -1.661861 2.726830 -0.508929 -0.319890 -1.113545 -1.257425 -0.346820 -0.246331 -0.124004 -0.276230 -0.920578 -2.957690 0.552764 -0.586241 0.647867 0.338221 0.046543 -0.095366 0.719959 0.096660 0.003442 0.642640 
226.976929 -35.079567 0.833265 -6.676236 5.883110 -0.496049 1.397874 -4.393566 -4.750817 -0.739307 -0.627923 -0.064746 -1.102873 0.417341 0.305665 -0.772191 0.808243 0.026524 -0.004928 -0.740439 -0.690880 0.456086 -0.074636 -0.080224 0.375966 -0.198157 -1.383552 0.893355 -1.826553 0.619073 -0.157686 0.517237 1.137304 0.293635 0.108165 -0.131130 0.302949 
228.887405 -34.364471 0.612799 -6.791804 5.579318 -0.184354 1.166094 -4.856601 -4.410151 -0.181004 -0.822892 -0.696724 -0.481546 1.249291 -0.983318 0.124849 -0.926277 0.729218 -0.635262 -0.079070 1.017183 0.240451 -0.030001 -0.386264 0.329669 0.487292 -0.871762 0.707258 -1.154064 0.247015 -0.382452 0.580923 0.934329 -0.328249 0.211797 0.138539 -0.097354 
235.988266 -32.580986 -1.133371 -6.426537 4.030556 0.962387 0.127350 -4.551706 -2.716451 -0.258405 -0.687925 -0.837273 -0.443535 1.391925 -1.437859 0.642325 -1.499885 0.520554 -0.769831 0.421406 1.177778 -0.200413 0.348957 0.196855 0.181258 -0.200678 0.321130 0.122252 -0.134857 -0.577771 0.134515 0.385456 -0.431484 -0.374642 0.170368 0.382476 0.024720 
241.083023 -31.580621 -2.262919 -5.507153 2.579547 0.856754 -0.373567 -4.013790 -2.054594 -0.581830 -0.124978 -0.303015 -0.119031 0.847935 -0.341058 0.369353 -1.195990 -0.426324 -0.366233 0.691842 0.154214 -0.508832 0.310735 0.378689 0.379108 -0.365569 0.955391 -0.400794 0.340508 -1.225287 0.536327 -0.175403 -0.003652 -0.455631 0.055398 -0.025721 0.196109 
246.766495 -30.885115 -1.815488 -5.687830 1.638576 0.109738 -0.605116 -3.168022 -2.408022 -1.276070 -0.066455 -0.079894 0.314681 0.660788 0.472923 -0.159264 -0.818869 -1.930021 0.302824 0.070600 1.170475 -1.111675 0.459754 0.145412 0.573475 -1.247271 0.001699 0.259844 -0.005195 -0.770972 0.271333 -0.143269 0.951349 -0.001793 0.199412 -0.372019 0.086723 
251.943192 -30.259045 -1.317072 -5.825681 0.941810 -3.003287 0.232081 -3.872590 0.286355 -2.805180 0.794529 -0.012191 1.027920 -1.646606 -0.337661 0.889041 -1.206380 -1.968269 0.176433 0.405305 2.056913 -0.512418 0.709559 -0.365348 0.552554 -2.061826 -1.142941 0.719494 0.180328 0.303839 -0.086936 0.526119 -0.251401 0.604237 -0.242771 -0.532709 -0.190742 
250.453110 -34.178327 -2.490810 -3.909747 -0.774184 -3.826800 -0.252251 -2.357412 1.705804 -2.300905 1.352664 -0.810591 1.419789 -3.462863 -1.812959 1.279723 -0.458212 -1.322343 0.128952 1.122839 0.667673 0.096799 -0.025788 -0.920006 0.191991 0.594612 0.673019 0.193906 0.716661 0.636848 -0.103713 -0.120493 -0.691581 0.325536 -0.588786 -0.265404 -0.379252 
251.672546 -37.184772 -4.942991 -3.266234 0.025386 -5.647972 0.489985 -1.626913 1.621701 -2.611582 0.742954 -1.852203 1.411903 -0.457383 1.008377 1.276853 0.226942 -0.694573 -0.030994 0.164320 0.673752 0.138655 -0.468012 -0.896156 -0.205950 6.116730 3.116416 -0.580612 0.479631 0.514606 -0.478815 -0.731997 -0.413961 -0.118237 -0.354668 0.089100 -0.345661 
243.023743 -35.093093 -0.474056 -1.356041 -0.320301 -5.215947 -0.314239 -2.028773 3.053308 -2.023596 0.416640 -2.602903 1.007889 8.770596 4.419873 0.118499 0.501049 -0.293130 -0.828678 -0.341155 -0.160249 -0.139674 -0.735123 -0.741806 -0.499330 4.610122 0.184329 -0.666146 0.548353 0.213650 0.157786 -0.333230 -0.570116 -0.439292 -0.130633 0.287005 -0.022374 
246.248123 -19.643580 3.896756 -3.029237 1.027484 -6.234233 -1.167370 -2.309223 1.301204 -2.890931 -0.727293 -3.335815 0.413242 8.762861 1.377035 -0.055440 1.323647 -0.267273 0.284578 -0.502140 -0.466479 -0.739929 -0.729278 -0.322146 -0.250699 -6.023192 -2.422554 0.433703 0.288384 0.334885 0.764518 0.082395 0.243638 0.119278 0.608247 0.649035 0.318786 
245.882095 -17.567370 2.280013 -1.466921 2.326994 -5.750492 0.254918 -3.033052 2.120349 -3.503453 -1.041916 -3.247195 0.506492 -3.275789 -0.425235 0.985904 1.077818 0.376639 0.700357 -0.176364 0.327028 0.098882 0.481371 0.556265 0.138242 -7.437438 0.014210 -0.246153 -0.565364 0.157779 -0.621120 0.880584 -0.120007 0.922889 0.641303 0.115809 0.206439 
242.965073 -26.195157 3.046287 -1.057429 3.183121 -5.480954 0.233345 -2.661951 1.955259 -2.693167 0.235450 -2.223285 0.689726 -6.112015 1.405454 -0.547746 0.192920 0.048285 -0.957661 1.259028 -0.706492 1.105849 0.553327 -0.090528 0.162179 3.263979 0.931957 -1.577908 -0.760522 -0.253800 -0.673393 0.365686 -0.517298 0.382084 -0.758142 -0.405540 -0.188547 
246.584351 -29.791400 5.090921 -2.562412 2.712834 -5.653922 -1.660404 -0.514997 0.707365 -1.291754 0.064738 -3.428251 0.830850 3.252170 1.438680 -2.169913 -0.443225 -0.130960 -0.646429 0.555008 -0.707569 0.863051 -1.034912 -0.254814 -0.238851 5.417412 -0.560464 -0.908106 -0.554282 -0.150653 0.765846 -0.967922 0.444299 -0.099369 -0.679572 0.698058 -0.190629 
235.659180 -19.690817 5.923647 -5.397255 2.296670 -5.742874 -1.059514 -1.551935 0.540121 -0.967065 -1.834374 -2.732913 0.212024 4.722810 0.284527 -2.363957 -0.915645 -0.253021 0.574030 -0.676816 0.182106 0.907111 -0.805817 1.305587 -0.219078 -5.031945 -1.635821 0.484177 -0.448911 0.096584 0.567136 -0.413072 0.366582 -0.126633 0.673961 0.768306 0.215075 
228.826721 -20.345781 5.659974 -7.290325 0.881544 -6.159964 -0.512344 -1.868628 1.071576 0.522467 -1.546896 -0.817077 0.392693 -6.811719 -1.832961 -1.201558 -1.341047 0.062209 0.487843 -0.271136 0.025595 0.609784 0.313010 1.281798 0.191299 -6.663355 -1.270822 0.466536 0.029384 -0.022740 0.065572 0.082260 -0.604423 -0.718239 0.290068 -0.392583 -0.059462 
226.111755 -33.314255 2.257725 -7.800372 -0.385423 -5.618455 -0.083828 -2.094208 0.591311 0.252504 -1.208354 -0.169318 0.594621 -8.603900 -2.257117 -1.430884 -0.856878 -0.298501 0.705173 -0.512296 -1.026741 -0.529368 -0.225681 0.520420 -0.338003 2.605037 0.500465 0.209423 0.383752 -0.358329 0.020956 -0.024817 -0.240233 -0.405327 -0.205788 -0.526409 -0.333941 
221.957611 -37.553581 1.145740 -10.152094 -0.832211 -6.756967 0.898002 -2.893221 -0.981906 -0.536269 -1.998259 0.223764 -0.283313 -1.601645 -0.832031 -0.782713 -0.573542 -0.654448 0.529755 -0.320770 -0.454872 -0.200870 -0.098565 0.228979 -0.476583 4.946839 0.748888 1.220202 0.331466 0.771696 -0.350665 0.427799 0.700984 0.229908 0.354328 -0.266985 0.348365 
221.624573 -36.517545 0.593664 -9.365798 -1.532508 -6.927351 0.975683 -2.735748 -0.318433 -0.149237 -1.405485 0.288639 -0.358544 1.289779 -0.759341 1.009519 -0.193946 1.244892 0.003844 0.343303 0.375227 -0.069552 0.482975 -0.013550 0.358728 0.448012 0.643107 0.855222 0.743160 1.737448 -0.052058 -0.115356 0.254021 -0.442929 0.382108 -0.151555 0.285225 
221.248108 -34.974023 -0.372943 -8.133055 -1.220103 -4.267183 0.905690 -2.206615 -0.231451 -0.675374 -1.032309 0.196665 0.434143 -0.705621 0.454183 0.927730 0.912778 2.820448 0.425640 -0.551482 0.053170 -1.086728 0.665651 -0.074131 0.093868 -4.716022 -0.418430 1.063645 0.038226 1.331098 0.322268 -0.300963 -0.029510 -0.185615 -0.537778 0.164990 -0.292187 
212.619415 -37.928787 1.502029 -7.510339 0.293048 -1.286456 1.826963 -3.838712 -0.212094 -2.322692 -0.074183 0.140378 -0.170808 -8.142266 -1.596202 3.136809 -0.117493 3.907088 0.648380 -0.258624 0.316207 -0.440782 -0.592582 0.316431 -0.225646 0.209057 -4.791478 2.137989 0.881244 -0.839646 0.316831 0.971570 -0.216833 1.619204 -0.525236 -0.090712 0.188252 
212.043289 -51.258555 -3.565348 -1.859437 -1.455090 3.546992 2.202450 -2.723863 0.400962 -1.556939 -2.217474 0.829526 -0.017149 -0.287507 -9.128774 5.203708 2.675266 1.141155 1.059302 1.391659 -0.380496 2.151681 -0.384821 -0.255555 0.470371 9.235979 -0.407815 -0.057691 2.168942 -1.981786 -0.005199 -0.085283 -0.716373 1.093586 0.559598 -0.565857 0.328672 
0.000000 -38.503801 -16.755519 2.897076 5.643580 0.995854 3.945567 -1.055394 -0.973087 1.980669 -0.843824 -0.370733 0.769934 10.329691 -2.411832 3.021426 4.220391 -0.056485 0.637983 -0.429191 -1.116540 1.746390 0.526613 -0.815282 0.431698 1.691652 8.923211 -2.235053 -1.705354 -0.281720 -0.425980 -0.829193 -0.255997 -1.789206 -0.052201 0.501381 -0.099308 
0.000000 -30.599172 -8.389013 4.183415 6.985692 3.434023 3.478416 -3.582245 -1.832118 1.935840 -1.164248 -0.801038 0.846247 3.095797 8.717648 0.733602 -0.735443 0.577716 0.207342 -0.266727 -0.892490 -1.426731 -0.489222 0.747207 0.271754 -5.159148 5.351182 -1.940972 -3.716284 -0.250816 -0.662771 0.513058 0.220913 -1.242258 -0.637441 0.484273 -0.131127 
215.110443 -32.312207 0.679776 4.364280 4.172693 2.151286 4.360251 -1.588848 -2.758067 -0.872792 -1.822269 1.123682 1.313443 0.011394 8.290532 -0.860518 -3.212177 -0.558117 -0.687559 0.596925 -0.674713 -0.738126 -0.748269 0.153264 0.169444 -1.359497 -2.067880 -0.895273 -0.723918 -0.831960 -1.234868 0.444939 1.246713 0.898660 -0.120126 -1.261691 -0.612667 
213.664444 -30.576383 8.192052 2.462379 0.561338 2.317790 2.103299 -2.388395 -3.181544 0.459589 -2.660787 -0.494510 1.185134 0.376802 4.581887 -1.056945 -2.183280 -1.086204 -2.262395 0.623150 1.600936 0.370589 -0.729475 -1.776175 -0.953579 -1.443088 -3.569215 1.319845 1.887723 -0.687370 -0.603096 0.462953 1.289098 -0.001280 0.488636 -0.309776 -0.567121 
209.284988 -31.558602 9.843549 2.250391 -0.193867 -0.021122 -0.164539 -0.342548 0.443804 -0.131614 -3.281220 -2.428668 -0.593716 -2.874781 1.152103 1.779173 0.563269 -1.932856 -1.893751 1.522832 1.903483 -0.740687 0.229002 -0.466288 -0.964798 -1.109762 -1.829102 1.600457 1.603579 -0.593151 0.524322 0.145116 -0.610579 -0.093763 0.982348 1.285185 0.418225 
203.067764 -36.325946 10.496257 6.020725 1.687875 -1.547923 -1.684204 0.657269 0.625422 -1.021784 -2.202782 -1.427086 -0.744463 -1.842722 0.923683 2.143969 1.023877 -2.272506 -1.213750 0.913382 0.379777 0.183063 1.235221 0.794196 -0.117130 4.153015 -0.664892 -1.996428 -0.407480 -0.057070 1.678786 -0.229862 -1.313815 0.045190 0.429551 0.334795 0.781997 
207.457642 -35.244047 11.690915 6.538329 1.853887 -4.566134 -2.592039 1.484216 1.203358 0.234511 -0.810777 -0.840277 -0.827976 5.431248 -0.177681 -2.213683 -0.251690 -2.046997 1.463820 1.063107 -0.724146 -0.650306 1.088105 0.203301 0.599195 4.456400 -1.678985 -3.350641 0.272636 1.578794 1.597773 -0.802734 -0.995940 -0.943802 -0.496740 -0.488354 0.456695 
220.065018 -25.463449 10.140895 1.593359 1.184495 -5.641918 1.243436 2.783484 -0.822870 -2.322396 -0.026573 -1.020484 0.453927 7.070079 -2.434287 -4.557314 1.569149 0.885083 1.981797 -0.692085 -1.612102 -1.704540 0.241741 -0.182513 0.796260 -1.701317 -0.826565 0.259441 1.410758 2.008275 -0.777939 -1.658139 0.117848 0.155208 -0.701734 -0.153033 -0.366922 
224.025146 -21.103890 6.822341 -2.576298 4.992185 -2.795968 1.371555 0.100045 -2.020847 -3.174569 -0.327296 -1.205302 0.764544 2.028613 -1.830810 -1.694800 2.569826 1.969553 -0.092058 -2.253170 -0.488450 -0.339889 -0.315364 -0.102764 -0.134649 -4.596459 1.432188 2.868998 -0.800061 -0.220936 -1.114065 0.059452 1.174322 0.969690 -0.485051 0.154774 -0.667176 
220.233780 -21.406223 6.479274 -1.796241 6.324148 -1.702812 1.059321 -1.722856 -1.799771 -3.002175 -0.657301 -1.226011 0.184630 -2.122840 0.430089 1.180683 -0.030972 0.443211 -0.246333 -0.573182 0.736542 0.234840 -0.728362 0.127035 -0.538091 -6.133022 1.484923 1.952153 -2.172010 -0.869508 -0.234635 1.553012 0.406724 0.388043 -0.057537 0.343727 -0.090365 
215.646957 -25.349570 7.682520 -0.214933 4.930241 -1.909545 0.878889 -1.046319 -0.547763 -2.704890 -1.784019 -0.951232 -0.311639 -10.237430 1.139036 2.209505 -1.774193 0.230537 -0.561327 0.852853 0.324998 0.436197 -0.430438 0.584689 -0.315379 -3.626439 0.640775 -0.056783 -1.173454 0.138099 -0.026355 1.137988 0.040784 0.169261 0.560314 -0.029716 0.276856 
215.913025 -41.881083 8.757345 2.622769 2.775762 -1.241739 -0.063334 -0.017150 -1.149775 -2.129781 -1.518177 -0.056633 -0.446128 -9.375718 1.711639 1.067117 -2.377880 0.719410 -0.299043 1.702794 0.818110 0.573361 0.392267 0.067604 0.015620 6.770420 0.689471 -1.766388 -0.418522 0.481769 1.044271 -0.113144 -0.106530 0.091084 0.476742 -0.445441 0.135961 
214.068253 -44.101005 11.105797 1.919300 0.174480 -0.470726 0.280803 2.359270 1.088457 -1.558168 -0.999486 -0.816025 -0.280398 3.303410 2.517978 -1.323271 -2.611238 1.194075 1.527216 0.626565 0.111937 0.618365 0.523046 -0.306193 -0.043458 9.474879 -1.064559 -1.887928 1.887522 -0.572125 0.636166 -1.333349 -1.116188 -0.167198 -0.612312 0.234229 0.056836 
217.502365 -35.274262 13.793301 -0.023774 -2.446713 1.146412 2.991097 1.235981 -0.925901 -0.893050 -0.472085 -0.669019 -0.533043 9.574039 -0.417480 -2.708740 1.397164 -0.424841 0.973288 -0.963905 -1.414267 0.238964 -0.832358 0.536061 0.129293 1.329141 -2.807489 -0.345284 2.725551 -1.812689 -1.083115 -0.913238 0.188886 -0.621270 -0.692969 0.602204 -0.193468 
216.813721 -24.952927 10.270837 -3.498179 2.968807 -1.320407 2.227380 0.431460 -1.740077 -1.080239 -2.664202 0.256098 -0.021813 5.961692 -3.097000 -2.013839 2.839864 -2.431302 -0.639014 -1.199910 0.489709 -0.624174 -0.862893 0.898216 -0.430394 -4.363342 -0.801999 1.762644 -0.827999 -0.572993 -0.310021 0.075854 1.190534 -0.400305 0.658223 -0.143043 -0.190903 
214.622055 -23.350878 7.599301 -4.051452 3.233014 -3.716193 1.713069 -1.163840 0.053517 -2.141398 -2.197870 1.127413 -1.393831 0.847356 -2.021477 0.816549 -0.258835 -1.570826 0.353246 -0.812197 0.966800 -0.561646 0.484088 0.249976 -0.252513 -3.576965 0.525520 2.205846 -1.567886 1.300896 0.974094 0.498792 -0.842355 0.926834 0.556401 -0.899087 0.658513 
212.918091 -23.258215 6.227883 -1.865081 2.451137 -4.462060 2.933871 -1.192933 0.193524 -2.203532 -1.696025 0.756050 -0.526839 -1.192238 -2.045960 2.397853 -0.295909 0.170490 1.309174 -0.202326 -1.195001 1.229494 0.249910 -0.899959 0.886633 -1.066480 -1.445271 0.285603 0.722852 1.996887 0.310555 0.042135 -1.366102 1.021270 0.171605 -0.505361 0.444989 
210.921188 -25.735353 3.507382 0.744255 2.641197 -3.375213 4.331416 -1.568492 -2.336484 0.317590 -1.698050 -0.672504 0.379434 -1.285605 -4.912019 1.387754 1.186868 2.422947 0.974355 -0.727927 -1.765405 1.480894 0.827297 -0.760746 0.637465 0.166932 0.329481 -1.017099 0.500797 0.880288 -0.322236 0.094418 0.562126 -0.479776 0.246782 0.865740 -0.378919 
212.924591 -25.829425 -3.596156 0.910428 4.824872 0.383834 4.882581 -2.648788 -3.337285 0.758256 -0.041431 -0.765443 0.748092 -0.858373 -1.386997 0.363655 0.705686 1.931065 0.664702 -0.013491 -0.070748 0.269943 0.743474 0.831522 0.128794 0.466198 3.618479 -0.419923 -0.937939 -0.973101 -0.312818 0.568566 1.000285 -0.877564 -0.580971 0.710519 -0.232869 
217.421783 -27.452100 0.733388 1.471564 4.052569 0.486917 5.660821 -1.595474 -2.477981 0.857476 -0.211103 0.990539 0.637022 -0.353208 2.324939 0.547909 -0.689011 0.476744 0.348720 0.409205 0.235165 -0.274234 -0.334645 0.660292 0.171727 0.534793 -1.124438 0.204274 -0.537620 -0.767847 -0.249620 -0.045095 -0.238149 -0.426482 -0.535965 -0.724802 -0.042962 
218.324982 -26.535842 1.053723 2.006246 3.446850 1.337322 5.580020 -1.830378 -2.866954 0.209787 -0.710720 0.555141 1.091545 0.211213 -3.635872 0.772203 -0.369553 0.395370 0.165463 -0.103680 -0.547047 -0.583022 -0.328457 -0.618081 0.042869 -0.580274 -4.414583 -0.793721 0.225613 0.112812 -0.149646 -0.318427 0.145537 0.445224 0.267331 -0.615673 -0.242478 
211.768127 -27.029674 -6.538356 3.015970 3.313462 1.277657 5.991748 -1.802834 -3.572074 -0.308569 -0.868017 -0.245623 0.722760 -1.513756 -6.504227 -1.039532 -0.237784 0.702368 0.049427 -0.227650 0.526240 0.616213 0.200018 -0.571055 -0.313229 -0.152345 2.451664 -0.158928 0.487040 -0.050485 -0.281221 -0.109052 0.106059 0.389915 0.009076 0.206982 -0.267167 
0.000000 -29.563354 -11.954731 -0.072819 2.971281 2.742058 5.678875 -2.285679 -1.814474 1.442214 -0.310684 -0.586969 0.465088 -0.093477 1.267455 0.454347 0.604527 0.294400 -0.396979 -0.321784 -0.334928 0.196807 -0.310304 -0.204118 -0.491465 1.061828 5.793363 1.659569 0.445058 -0.442787 -0.098235 0.093546 -1.025972 -0.707003 -0.196395 0.276830 -0.335551 
199.922348 -27.216629 -4.003446 3.924664 4.522516 1.866458 5.197790 -2.446403 -4.241929 0.085045 -1.488626 -0.653858 -0.260171 0.609900 5.082499 2.279606 0.652331 -0.183206 -0.147043 -0.040559 -1.525703 -0.797793 -0.192772 -0.017395 -0.984330 -1.186653 -0.022682 -0.529632 -0.536120 0.286235 0.272444 0.061519 0.281824 0.041951 0.470525 0.320055 0.040470 
197.363403 -28.343553 -1.789733 4.486393 4.275943 2.375646 5.384789 -2.366796 -4.865879 -0.153372 -0.696228 -0.621759 -1.503572 -2.466784 1.222090 -0.604918 -0.467713 0.866870 0.147910 -0.198746 0.228720 0.280710 0.630745 0.435992 -0.410525 -1.644790 -2.075774 -1.571181 -0.551776 0.584495 -0.276773 -0.124885 1.070731 0.415108 0.426506 0.250134 0.315935 
191.608154 -32.150198 -1.559265 2.714829 3.587091 3.600198 5.493609 -2.843896 -3.784489 0.646464 -0.227136 0.218125 -1.081221 -2.679680 0.930950 -0.862757 -0.451220 0.985783 -0.700589 -0.290329 0.615760 0.032423 0.660241 0.482872 -0.352460 0.780792 -0.234615 0.203937 -0.127760 0.458094 -0.643438 0.281365 -0.122496 -0.209907 -0.182450 -0.434630 0.104526 
184.709869 -33.702913 0.072168 2.760880 3.373502 4.347212 3.983611 -2.947453 -3.634359 -0.088525 0.624254 0.343985 -2.208492 -0.905201 0.752860 -0.197043 -0.723233 1.783059 -1.138966 0.363983 -0.016271 -0.139105 0.265844 -0.433268 -0.201473 1.599654 -0.375868 0.236730 0.008596 0.131083 -0.270386 0.397776 -0.234336 0.215150 -0.404621 -0.414695 0.582658 
184.713989 -33.960600 -0.053544 2.320742 2.140625 7.166316 3.215678 -2.115930 -3.817031 0.368254 0.304553 -0.648412 -1.484166 0.519627 0.179215 -0.389298 -0.434029 1.247950 -1.241361 0.505224 0.147089 0.462723 -0.149002 -0.346518 0.812856 0.763423 -0.322566 0.039547 0.377834 -0.987455 -0.151454 -0.074603 0.273254 0.132772 -0.053110 0.241037 0.541981 
189.699402 -32.663659 0.430598 1.982284 2.505443 6.843112 1.500890 -1.937004 -3.340182 0.836921 0.326251 -0.349052 -0.582781 0.621646 0.107729 -0.117950 0.032435 -0.191851 -1.441873 0.214776 0.530237 0.126440 0.159625 0.048806 0.882489 -0.347888 -0.488573 0.151705 0.993519 -1.014916 0.263568 -0.004490 0.075821 -0.226795 -0.037029 0.240885 -0.096322 
190.110443 -32.717308 0.161914 2.084841 2.205496 6.782614 0.331933 -1.686377 -2.756556 0.621133 0.623802 -0.550800 0.280811 -0.176149 -0.797931 -0.085888 1.553009 -0.781881 -0.714225 0.496244 0.298730 0.009134 -0.223059 0.135251 0.620211 -1.283867 -0.692937 0.375989 1.158785 -0.545809 0.401733 0.479132 0.021205 -0.099545 -0.368136 -0.067239 -0.394131 
188.475327 -33.015957 -1.165263 1.810508 5.611461 5.279349 0.072440 -0.944515 -2.742721 0.855190 -0.119867 -0.078551 0.657642 -1.946088 -1.278145 0.634027 2.350005 -1.283468 -0.638407 1.173040 0.572647 -0.072650 -0.576647 -0.085672 0.094226 -3.406667 -0.340145 0.535600 -0.176674 0.234719 -0.044500 0.125647 0.566803 -0.140347 -0.127506 -0.149666 -0.319841 
187.218079 -36.609485 -2.394376 3.352896 6.905507 4.215677 -0.944882 0.659704 -1.611263 0.475834 -0.529492 -0.722145 0.469264 -6.989482 -1.478221 0.985313 1.199661 -0.312443 -0.803224 0.747539 1.432336 -0.271559 -0.478070 -0.164081 -0.019470 -3.654485 -1.358785 -0.912805 -1.326223 0.521086 0.238777 -0.598141 0.381445 0.191834 0.326798 0.072949 -0.111803 
187.120621 -46.994921 -4.121705 3.781134 8.010784 4.654464 -1.534007 0.550563 0.121952 0.312071 -1.076007 -0.406713 0.618702 -9.255059 -3.995715 -1.191582 -0.302441 -0.241296 -0.160853 -0.023242 1.335536 0.311019 0.076950 0.060227 -0.129379 1.463571 -0.826915 -1.195507 -1.027371 -0.074124 0.468467 -0.358105 -0.481704 0.332230 0.414139 0.033296 -0.092314 
387.113251 -55.119602 -10.385805 0.969732 6.300624 3.733084 -1.266587 0.613220 1.059809 1.097871 -0.375593 -0.601691 0.210506 -4.062341 -3.132050 -1.405701 -0.855080 -0.460690 0.133710 0.031329 0.468929 0.392900 0.350207 -0.097489 -0.204098 2.596359 0.431832 -0.107059 -0.276319 -0.109697 0.147281 0.027285 -0.433304 0.040941 0.136629 -0.078858 -0.037360 
