331.820160 -12.669973 3.138849 -1.725759 -0.897855 -3.149290 1.054356 -0.705096 1.185227 0.151791 -1.195450 -0.845328 -0.629647 -3.439850 0.448649 0.725445 -0.863887 -0.083856 -0.198792 0.452406 -0.713780 -0.372104 -0.098504 -0.400466 -0.394235 0.725110 -0.001571 0.028251 -0.168412 0.272063 -0.313796 0.368498 0.124659 0.145309 0.306971 0.108007 0.239325 
312.926086 -19.549672 4.036146 -0.274868 -2.625630 -3.317003 0.656773 0.199717 -0.242332 -0.592417 -1.392458 -1.646261 -1.418118 -1.989629 0.445507 0.781948 -1.200712 0.460270 -0.826383 1.189402 -0.464461 -0.081487 0.515438 -0.184452 0.084415 2.223932 -0.407221 0.086398 0.926306 0.890995 -0.225659 0.436654 0.480820 0.317860 0.463357 0.313664 0.442988 
290.572296 -16.649231 4.029863 -0.161863 -3.299278 -2.228751 -0.598410 1.673707 0.256306 -0.011183 -0.164574 -1.214232 -0.460818 1.008015 -0.365794 0.898241 0.988724 1.698133 -0.650110 1.325714 0.247861 0.263615 0.828210 0.226862 0.491741 0.193238 -0.775868 -0.201948 1.559936 1.449893 0.273725 0.088948 0.337617 -0.855351 -0.020644 0.052543 -0.214636 
282.856476 -17.533643 3.304559 1.521613 -0.648182 0.079263 -0.643447 2.851145 0.253390 -0.065187 0.263963 -1.192537 -0.434635 -1.603152 -1.106229 0.378052 1.919160 3.360056 -0.278934 1.367297 0.210773 -1.792188 0.474151 -0.079366 -0.344857 0.307017 0.139923 -1.004631 -0.948300 -0.289200 -0.279717 -0.688772 0.530664 -0.783393 -0.120786 0.053467 -0.452838 
0.000000 -19.855534 1.817405 0.594241 0.539041 4.491361 -1.156277 4.408301 0.677852 -3.595560 0.783728 -1.372964 -1.150533 1.622049 -0.085947 -1.111021 -0.907876 1.119733 -1.209545 -0.051830 1.309189 -1.303171 0.586639 0.333797 -0.413934 2.718472 0.639564 -0.613040 -2.279820 -2.603965 -0.208372 -1.216383 0.439829 1.359593 -0.168853 0.205606 0.429556 
0.000000 -14.289544 3.132666 -0.700430 -2.463934 2.318730 -3.062537 2.747485 2.871768 -2.671528 1.437241 -0.524943 -1.262504 3.833793 0.172899 -0.848029 -2.640480 -1.847875 -0.695677 -1.065469 1.090431 0.926997 0.136445 0.331846 0.514255 -0.901653 0.478441 1.290292 -0.030113 -1.248921 0.586095 -0.089580 -0.808081 1.208795 -0.417313 -0.384296 0.446070 
268.458618 -12.187949 2.163204 -1.101817 -4.741919 0.795612 -2.547632 2.277364 2.858715 -1.741566 1.056617 -0.709273 -0.122023 -0.181256 0.870936 1.469562 -0.968102 -1.378108 -0.037355 -0.230990 -0.306973 1.114418 -0.247988 -0.434795 0.478205 -4.844113 1.714569 2.307437 2.270582 0.760466 0.330070 0.379468 -1.024353 -0.066551 -0.072679 -0.415270 -0.455963 
271.123077 -14.652056 4.874537 2.238694 -4.400138 -0.437486 -3.137248 2.285505 2.257822 -0.442692 0.941266 -1.394533 -0.306093 -5.854434 3.602038 3.766845 1.900684 -0.326943 -0.035537 -0.306532 -0.958274 0.793895 -0.008913 -0.498694 -0.397671 -4.094435 0.966963 0.366222 1.914582 0.797754 0.876463 -0.179805 -0.277058 -0.369112 -0.110929 0.390881 -0.478169 
0.000000 -23.896817 9.367280 6.431874 -0.940550 0.141725 -2.618705 1.664300 0.942167 -0.153777 1.038791 -1.706662 -0.917365 -8.370125 2.804861 2.202006 2.861061 0.217400 1.715571 -0.590600 -0.861090 0.376195 -0.469846 0.346967 -0.478132 1.381330 -1.848371 -1.315077 -0.198922 -0.782908 0.492901 0.262132 0.006288 0.310336 -0.573770 0.718772 0.179076 
0.000000 -31.392307 10.484259 6.642706 1.321985 -0.002685 0.293895 1.104306 0.535643 0.309697 0.001574 -0.700598 -1.262358 -3.091774 -0.094705 1.136691 1.502840 -1.892760 0.950266 0.217732 -0.945699 1.414566 -1.156454 0.938849 -0.039519 5.697077 -2.139826 -1.448204 -1.612294 -1.088897 -0.623343 1.013991 -0.358517 0.224980 -0.541827 0.146828 0.427305 
0.000000 -30.080366 9.177871 8.705257 2.065130 -3.643794 -0.718174 2.099764 -0.949230 2.675355 -1.274118 0.171036 -0.996403 3.024028 -1.474791 -0.694403 -0.363526 -1.960394 0.468885 1.437383 -1.578123 0.826154 -1.553500 0.640624 0.376478 2.543017 -1.117723 -2.323146 -1.613674 1.017256 0.323302 0.080963 -0.086753 -0.982462 0.265162 -0.159679 0.280288 
0.000000 -25.344251 7.534678 5.253901 0.594933 -3.923473 1.231665 3.979072 -2.620603 1.962005 -3.105426 0.580649 -0.509402 1.994260 -2.330150 -3.509601 -1.724508 0.141752 1.596870 0.379658 -1.119205 -0.550358 -0.626130 0.619491 0.521056 -2.016032 -1.391808 0.747406 -1.010493 1.598990 0.338348 -1.705662 1.159436 -1.031489 1.339330 -0.370030 0.089678 
256.420532 -26.091847 4.517571 1.686055 -1.383886 -3.360289 2.475565 2.859080 -3.187640 1.574639 -2.526378 1.410017 0.045710 -1.008035 -4.258407 0.800409 -2.384512 1.237586 1.145581 -1.973941 0.740749 -1.236825 1.125160 -0.099436 0.555834 -3.204737 -3.152165 3.079353 1.799650 0.762796 -0.828980 -1.545338 1.092181 -0.051600 0.645401 -0.721749 -0.189037 
260.878296 -27.360322 -0.982136 6.854719 -4.174091 -1.448301 3.522826 0.031190 -1.139105 -0.511644 -0.855107 0.381776 0.602267 -4.415215 -8.634480 2.649104 1.874792 1.667344 -0.061090 -2.711018 1.065157 -0.653558 0.664671 -0.824008 0.142982 3.051267 1.666995 -1.527314 2.974270 -0.358441 -0.366570 0.241075 -1.143228 0.127803 -0.655726 -0.172501 -0.701296 
0.000000 -34.922276 -12.751389 6.984264 2.365699 -0.025602 2.353385 -2.562956 -1.057327 0.267523 -1.197036 -0.237999 0.331675 5.094498 -0.924417 -2.254220 3.564029 0.520703 0.412440 -1.491792 -1.545708 -0.981218 -0.186292 -0.444438 -0.846758 7.053995 7.723434 -2.561657 -0.800473 -1.787956 0.539574 1.687479 -1.049765 -0.362340 -0.371572 0.551419 -0.435619 
319.073944 -17.171325 -2.830969 2.346280 2.953966 -0.406895 4.347706 -2.952394 -4.230520 -2.474081 -1.227690 -0.507100 -1.091248 9.692776 6.812387 -2.474210 0.273847 -1.908569 1.018059 0.663940 -1.034373 -1.378238 -0.078473 0.278830 -0.728255 -2.745306 1.322423 1.276289 -1.927248 -0.951300 -0.167640 1.337851 0.973566 0.713442 0.188174 0.354693 0.608377 
322.612305 -15.536724 0.873386 2.035845 2.913393 -3.842739 4.389503 -1.235076 -3.126074 -2.488953 -1.353983 0.319660 -1.124835 -0.396113 1.720430 0.298358 -0.290467 -1.381896 0.077159 1.183909 0.401424 0.445665 0.190056 0.264948 0.369997 -6.997764 -4.484911 2.453115 -0.513540 1.518302 -0.631724 -0.071553 0.592092 1.341575 0.275260 -0.288191 0.853137 
334.483307 -17.963551 0.609890 2.942997 2.373033 -3.170688 4.502025 -0.584575 -3.427672 -1.582750 -0.847578 0.022795 -0.351253 -4.302751 -2.157434 2.432019 -0.753234 1.128035 -0.245389 0.520835 0.149810 1.304912 0.472048 -0.297552 0.978019 -4.411970 -4.883547 1.024966 0.530244 1.203366 -0.687472 -0.090475 0.342503 0.472499 0.002428 -0.079126 0.153370 
331.049255 -24.142226 -3.441482 6.899884 1.406926 -1.586670 3.898724 -0.193406 -2.826455 0.120871 -0.409888 -0.275444 0.831204 -9.220053 -8.046664 2.348290 0.770022 1.024836 -1.297785 1.002959 1.086430 1.390662 0.194913 0.106696 0.676737 -2.232948 -3.513832 -2.245491 0.937864 -0.405428 -0.985869 -0.503903 0.474411 -0.360745 -0.376484 0.091518 -0.456649 
334.387512 -36.403658 -15.483439 7.639577 3.913077 -1.121016 1.906455 1.421343 -1.254813 1.198575 -0.457751 0.236188 1.002221 -8.768647 -9.185099 -2.058963 1.122494 0.317179 -2.217128 -0.486972 1.098631 0.583422 -0.280921 -0.114517 0.064720 7.281879 7.587232 -0.510001 -0.389740 -0.936416 0.616239 -1.040225 -0.544982 -0.703375 -0.555172 -0.299449 -0.288318 
0.000000 -41.679520 -21.811680 2.781957 3.651915 -0.952312 -0.535531 -1.167350 -0.629192 1.287714 -0.971729 -0.504477 0.960644 5.343706 7.127799 1.328289 -0.009458 -0.847996 -0.065307 -1.077491 -0.003534 -0.016087 -0.915430 -0.492202 0.100101 9.695362 10.558302 3.404359 -1.560773 -1.066123 2.149389 0.615786 -0.493858 -0.321063 -0.066719 -0.021908 -0.313993 
0.000000 -25.716247 -1.227841 10.296154 3.894160 -2.817007 1.775842 -0.733639 -1.261880 1.166401 -2.288612 -0.748216 1.202422 10.622077 11.931506 4.749755 -1.999052 -1.815066 2.081650 0.744600 0.110915 -0.058705 -0.414359 -0.158333 -0.563265 -1.180708 -2.442432 0.104502 -1.421222 0.002037 0.003041 0.851037 0.310937 0.128057 0.931073 0.450375 -0.314274 
0.000000 -20.435366 2.051332 12.281467 -0.346189 -4.582444 3.627769 0.321849 -0.407363 1.170305 -1.800447 -0.821144 -0.165885 2.982289 2.242935 1.537292 -2.851902 -0.843922 -0.059225 0.624584 0.618341 0.240028 0.946716 0.408547 -0.528448 -6.583726 -5.273523 -1.923082 0.630991 1.148314 -2.126821 -0.717295 -0.056789 0.311198 0.635148 0.484530 0.345753 
0.000000 -19.751669 3.258030 13.370738 -1.809645 -4.504852 1.657391 0.515529 -0.025198 1.646458 -0.395179 0.068879 0.145527 -2.545376 1.384460 0.903591 -0.737069 0.481561 -2.171991 -0.689990 -0.002662 0.563691 0.855937 0.810726 0.128241 -4.209759 -0.420628 -0.591307 1.293907 1.315988 -0.739626 -0.786721 -0.402422 -0.302894 -0.528185 0.068717 -0.082386 
241.027939 -25.526118 4.820252 14.088649 -1.820327 -3.619321 -0.716213 -1.058132 -0.412687 2.297687 -0.088573 0.800308 0.090596 -5.437230 1.401679 0.354679 -0.264088 1.788054 -1.538478 -0.948857 -0.186502 -0.365760 -0.109654 0.545982 -0.693219 -1.246951 0.493782 -1.424447 1.202149 0.849411 0.740754 0.393764 -0.093809 -0.694259 -0.393299 -0.503690 -0.122486 
234.068405 -30.626129 6.061389 14.080096 -2.337821 -0.928744 -1.419565 -1.382186 -0.398202 0.914937 -0.614487 1.160843 -1.240911 -5.039277 2.372024 -1.945304 1.667228 2.180382 -0.690483 0.097538 -0.190280 -0.824827 0.069339 -0.196655 -0.116732 1.841057 0.061200 -1.551511 1.815801 -0.387449 1.075211 0.672926 0.065086 -0.135713 0.244323 -0.513553 0.763547 
228.737091 -35.604672 9.564300 10.198041 1.514130 0.741443 -2.097179 -0.863056 -0.793247 0.648034 0.050105 0.406998 -0.142868 -1.755116 1.524080 -2.748343 3.367513 1.013156 0.611943 0.396994 -0.056329 -0.637187 0.378992 -0.481124 0.833874 4.137262 -1.303748 0.527371 -0.614815 -1.146722 0.474625 0.382940 0.370630 0.693032 -0.090153 -0.013673 -0.295983 
233.409927 -34.136361 9.109548 8.583410 4.397205 1.097567 -0.195678 -0.588197 -0.510861 -0.359436 0.143497 0.198595 0.426838 3.235248 -0.235472 -0.890561 0.437598 -0.113061 0.258767 0.863418 0.550979 0.561238 -0.110967 -0.224001 -0.708697 4.403847 -1.949532 1.654525 -3.101812 -1.694550 0.292942 0.394620 0.444192 0.409815 -0.672883 0.299637 -0.910640 
0.000000 -29.134176 9.093357 8.416919 2.389326 0.515322 -1.579646 0.863779 0.308712 1.770510 -0.171830 -0.041003 -1.560262 7.052579 -2.374985 0.560706 -2.836110 -2.375943 1.197827 1.186235 0.832055 0.182443 -0.966775 0.118150 -0.987406 2.962755 -2.146040 -0.605054 -0.992407 -0.574658 0.934640 -0.546358 -0.684696 -1.148156 0.226313 0.194764 0.346817 
0.000000 -20.031204 4.359578 9.704822 -1.275016 -3.654320 2.199976 1.784273 1.153249 0.005449 -1.790053 0.434895 -1.547974 9.160758 -4.527551 -2.100670 -1.547216 -1.262378 2.128046 -0.229299 -0.818414 -1.735074 0.341659 0.165527 -0.015062 -0.716968 -0.433741 -1.901041 1.738397 1.748570 -1.083558 -1.471343 -0.937512 -0.474697 1.070478 -0.125903 0.411277 
276.338043 -10.812660 0.038256 4.215579 -0.705107 -2.009434 2.676447 0.405182 -1.328115 -1.699638 0.511489 0.290050 -1.590387 5.618643 -3.242466 -3.241375 0.640684 1.121197 -0.969290 -1.756450 -1.042969 -0.766951 1.174181 -0.133656 -0.164851 -3.896606 1.450401 0.616438 1.185051 1.111798 -1.825491 -0.666017 0.452818 1.083256 -0.134290 -0.216912 -0.088116 
291.596008 -8.793917 -2.125355 3.222071 0.006353 -1.411926 0.261397 -1.728627 -0.932689 -1.528454 0.558309 0.167583 -1.877677 1.367546 -1.626749 -0.867793 0.822887 0.961219 -1.522935 -1.561334 0.087222 0.431438 0.073079 -0.268297 -0.191294 -3.243360 1.967041 1.800350 -0.509443 -0.145212 0.762625 1.113792 0.823247 0.429098 -0.884948 0.019825 0.229578 
296.147919 -8.077567 -3.215243 2.479993 0.940666 -0.086997 -0.369423 -2.717486 -1.153671 -0.836761 0.657646 -0.246544 -1.972975 -0.868077 0.691615 0.359324 -0.378203 0.830772 0.555960 0.471133 0.603524 0.091244 -0.595716 -0.094007 0.294305 -3.525221 2.581510 2.076200 -1.139446 -0.692863 1.471210 1.565394 0.565709 -0.083697 -0.301018 0.090603 0.127829 
292.319885 -10.530071 -0.742125 3.940719 -0.750053 0.249618 1.373317 -0.786361 0.274359 -1.345966 -0.633122 -0.020431 -1.289067 -5.682896 3.536270 3.284606 -1.456005 -0.424507 1.419485 1.569454 1.218639 0.264045 -0.528958 -0.087090 0.064364 -3.764327 1.612636 1.473249 0.305107 -0.598285 -0.128839 -0.003870 -0.087481 0.313296 0.457573 -0.013266 -0.535055 
0.000000 -19.443360 3.857298 9.049205 -1.971343 -0.936010 2.469546 0.421422 1.283607 -0.308672 -0.400271 -0.420725 -1.844247 -8.396732 3.916886 3.305822 0.232011 -0.365797 0.298283 0.463393 0.428562 0.717836 0.319431 -0.120539 -0.775805 1.090638 -1.505471 -0.701900 1.243607 0.171944 -0.925864 -1.266593 -0.317377 0.208467 0.291996 0.195196 -0.285566 
0.000000 -27.323535 7.091648 10.552364 -0.286031 -0.481975 1.969882 0.140425 1.131482 0.089706 0.005739 -0.261509 -2.840677 -3.501621 0.525329 1.880806 1.031210 -0.080619 -0.432244 -0.963732 0.583885 0.680978 0.055034 0.303302 -0.506768 5.025616 -2.423091 -0.766608 -1.040781 -0.422017 -0.356150 -0.559991 0.246610 -0.099913 -0.438551 0.214240 0.803294 
0.000000 -26.446602 4.907956 12.810817 0.091077 -1.097249 1.605059 -1.506042 2.451377 1.053284 -0.290203 0.185878 -2.857783 1.654501 -0.929296 1.772606 -1.849552 -1.209830 -0.414017 -0.656588 0.921781 0.518011 -0.557671 0.307942 0.830783 3.041628 -0.309425 -1.271535 -1.630159 -0.870457 0.494609 0.531583 -0.516882 -0.791601 -0.183349 0.020662 0.877286 
0.000000 -24.014534 5.233056 14.097575 -3.985134 -2.901634 1.141848 -1.172752 2.975045 1.125728 -1.109603 0.354374 -1.179110 2.581635 -0.093522 -0.662265 -2.229109 -1.821534 0.556974 0.099434 -0.449880 -0.902224 -0.311663 0.344626 1.247804 0.814172 -0.246984 -2.400520 1.131464 0.391152 0.834575 0.303275 -1.066525 -0.768628 0.505042 0.068544 -0.080141 
245.866592 -21.283331 4.720913 11.486287 -4.367142 -4.740317 2.719008 -1.307173 1.551618 -0.751165 -0.913530 0.875130 -0.362176 3.282845 -1.423264 -3.028435 0.413376 -0.427525 1.255132 -0.050038 -1.211268 -1.019244 0.452414 0.445029 0.670502 -1.490253 0.064575 -0.698332 1.016222 1.075867 0.211608 -0.051682 0.002609 0.192988 0.185552 -0.063068 -0.443374 
242.105164 -17.448843 2.386528 8.040705 -3.158382 -3.756685 3.652112 -1.272828 0.552508 -0.912761 -0.204775 1.244432 0.161894 -0.398871 0.035627 -2.058928 -0.196665 0.330201 0.980191 -0.003929 -0.444661 -0.516248 0.059441 0.218491 0.361056 -6.867581 2.366196 0.863205 -0.605170 0.515545 -0.405037 0.188496 0.874651 0.070221 -0.298128 -0.537648 -0.521971 
246.810120 -22.081074 4.792168 7.368431 -4.760472 -4.079915 4.679390 -1.315032 0.662296 -1.783660 -0.794647 1.312112 0.359936 -10.452317 3.309129 -1.302025 -0.796964 0.603565 0.445059 0.326955 0.538033 -0.878803 -0.143842 -0.630268 -0.373441 -8.018710 -0.645794 -0.184604 0.585882 0.293531 -1.385905 0.630439 -0.048732 0.258616 -0.199820 -0.512708 -0.116462 
251.806427 -38.353478 9.004786 5.436655 -4.752309 -2.549555 4.542230 -0.618918 1.628574 -2.670366 -0.492458 -0.016104 -0.584987 -16.436291 -1.255961 -2.428136 0.975098 0.917263 -1.791618 1.256948 -0.542125 0.000984 -0.340200 -0.806925 0.128132 0.030179 -5.453607 0.045676 0.291594 0.398066 -0.834819 0.470185 -0.123390 0.573091 0.258781 -0.093745 0.462005 
249.950714 -54.953655 2.280247 2.512159 -2.810276 -2.245389 1.096153 1.198863 -0.421954 -1.781692 -1.475046 -0.301738 0.616199 -10.391959 -7.598085 -1.210674 -0.213776 1.399697 -1.224578 1.267325 0.291252 0.267380 0.373721 -0.817757 0.550570 12.744628 0.928378 3.033917 0.487832 0.580488 0.591906 -1.408419 0.218142 -0.216046 0.433602 0.057300 -0.203194 
0.000000 -59.137396 -6.191384 3.015307 -5.179861 0.249839 2.093073 1.915732 2.211079 -2.135607 0.254983 -1.651618 0.516152 9.052966 0.600796 3.639699 1.950761 2.078240 -0.607805 -1.559890 -0.105840 -0.431108 0.527004 -0.692325 -0.278257 12.347450 7.503587 2.318531 2.032090 -0.944229 -0.057616 -1.829437 -0.368336 0.000320 -0.152832 0.507938 -0.637125 
0.000000 -36.847723 3.481838 9.791557 1.091247 1.911092 -0.119457 -1.920916 -0.633634 -2.643908 -0.421039 -1.686388 0.059686 14.302940 7.409089 3.426388 3.850404 -0.488761 -1.339810 -2.391549 -0.445419 0.268019 0.068056 0.198118 -0.723680 -2.764099 1.037279 -2.139274 -0.464979 -1.666795 0.381909 0.947923 0.724210 0.396104 0.173288 0.317035 -0.098596 
297.541412 -30.531515 8.626793 9.868082 2.520947 -0.727682 -0.586547 -2.867367 1.320241 -1.599568 0.391095 -1.255382 -0.931208 3.524768 2.675353 -0.638849 1.020804 -1.255351 0.156012 0.335956 1.342581 0.361100 0.873580 -0.058256 -0.475449 -7.964797 -3.845003 -2.402465 -1.342690 0.230719 0.719481 2.075959 0.380547 -0.042788 0.175066 -0.272482 0.178312 
0.000000 -29.798186 8.832544 8.513859 3.132855 -0.599609 0.192567 -1.249003 2.051528 -1.921708 1.326122 -1.802901 -0.891211 -1.626653 -0.280917 -1.378542 1.165024 -0.027322 0.099152 1.760369 0.315675 0.182444 0.418189 -0.346845 -0.367056 -1.773695 -1.749132 -0.856274 0.002518 0.841625 0.051780 0.045837 -1.141529 0.377306 -0.577149 0.087032 -0.030932 
0.000000 -33.784821 8.064960 7.110999 4.850994 -0.782326 -0.388243 0.653371 1.951592 -1.234680 1.227473 -1.949072 -1.665321 -0.022622 -0.822912 -2.351397 1.025839 0.427899 0.259572 0.427631 -0.940477 1.115713 -0.280717 0.115807 -0.537313 2.830336 -0.713931 1.073437 -1.103096 0.220709 0.202713 -1.442351 -0.206528 0.162366 -0.370637 0.275466 0.130592 
272.795349 -29.843430 7.186721 3.811065 5.184533 0.256188 0.711712 -0.393741 0.170573 0.309717 0.764689 -1.571287 -1.965836 4.034020 -1.708779 0.768332 -1.041168 0.414096 0.504579 -1.124333 -0.097382 0.507175 -0.323086 0.204086 -0.105873 2.983683 -0.737340 2.708564 -2.336082 -1.352898 0.357583 -0.108352 0.809547 -0.707063 -0.310893 0.146020 0.699247 
0.000000 -25.716781 4.647403 8.647662 2.768659 0.045867 0.620914 -1.595294 1.756829 -0.220329 0.581300 -1.540901 -1.877068 5.944745 -2.297593 3.065731 -3.646325 -2.277897 0.974739 0.210927 0.678616 -0.298414 -0.902503 0.407846 0.861182 1.685881 -0.335905 -1.312517 -0.435191 -0.709744 0.162881 0.812339 -0.671431 -0.334538 0.045809 0.290007 0.563130 
0.000000 -17.953941 2.591535 9.942526 -2.108117 -4.299606 2.661189 0.028113 1.527805 -0.287110 -1.040318 -0.755594 -0.243472 7.405782 -2.380589 -1.856702 -1.911550 -1.005391 0.830342 0.500344 -1.440244 -0.161900 -0.231469 0.784099 1.020386 -2.055933 0.389501 -3.430219 2.581849 2.213800 -0.431692 -0.360972 -0.876012 0.000178 0.742893 -0.071702 -0.512706 
260.682251 -10.905218 -0.113775 4.934258 -1.054441 -1.964915 2.281598 -0.594605 -1.123660 -0.544129 0.118363 0.027297 0.163705 1.832879 -1.518591 -3.794708 1.517372 2.149703 0.111354 -0.511016 -1.073407 -0.298057 0.583283 0.264443 -0.164230 -9.253607 1.725881 0.415425 1.286195 0.564441 -0.004796 -0.692508 0.371704 0.103151 0.368836 -0.109441 -0.598415 
258.606079 -14.288184 -0.445646 2.353110 0.926627 -0.000200 2.883898 -0.993919 -0.619010 -0.883224 0.126248 -0.226708 -0.571932 -11.101433 1.071173 -1.025851 0.660841 0.123491 0.820750 -0.884671 -0.696836 0.044402 0.506203 0.565218 -0.176445 -8.516486 1.912726 0.772453 0.493363 -0.489749 -0.753694 0.559392 0.779427 0.180128 -0.280936 0.136286 0.227204 
244.649170 -33.108083 2.028572 2.882555 0.267240 -1.717932 3.923099 -2.363948 -2.517333 -0.455325 1.130770 1.157733 -0.189184 -15.200093 2.306861 -2.249801 2.504098 1.170204 -1.396033 0.607768 0.485447 0.062199 0.021411 0.537016 0.290178 4.461465 -1.384999 0.325622 1.533383 0.983501 -2.003539 0.918334 0.329534 0.200097 -0.701863 -0.510501 0.240157 
257.065735 -44.688371 4.168077 -2.146493 5.934822 2.340208 0.091832 0.221617 0.351883 -0.758826 0.169070 0.847323 0.008424 -2.178504 -1.698824 -0.374607 3.727606 2.090494 -3.186327 0.951996 -0.037769 0.444597 -0.897523 -0.455783 0.303870 9.331558 -3.649531 3.499727 -0.743562 -1.011976 -0.036621 -0.651834 -0.997543 0.195347 -0.502433 -0.128014 -0.102187 
382.030945 -37.465090 -1.369076 2.133340 7.722451 2.463057 -2.449555 -0.459955 -2.592871 0.433869 -0.664277 0.246166 0.418555 3.463023 -4.992201 4.749653 1.016973 -0.853748 -1.469274 -0.695901 -1.509639 0.452893 -0.983455 0.280987 0.085804 1.010385 -1.716408 1.106047 -2.035482 -1.465385 1.578482 -0.828858 0.124982 -0.482822 0.065599 0.117384 -0.213443 
391.042145 -37.762325 -5.816326 7.352813 7.968767 0.632713 -2.846716 -1.170185 -2.667395 0.146959 -1.797839 1.409297 0.180032 -0.157734 -5.131639 1.837487 -0.343358 -0.840276 -0.029362 -0.705719 0.212196 -0.521048 -0.766325 -0.221015 -0.123016 2.606217 2.087512 -3.964554 -1.467104 0.602534 2.290534 0.352574 1.457545 -0.085669 1.242930 -0.673562 0.142406 
362.249237 -37.780558 -11.632355 5.808315 7.035736 0.782505 -2.508279 -1.871394 -2.168479 -0.608228 -2.196926 -0.195864 0.172523 8.675456 -0.817177 -3.179454 -1.917236 0.351319 3.111793 0.009247 1.405450 0.281554 1.502405 -1.066136 0.370616 6.649966 4.108491 -2.347561 -0.439508 0.134198 1.703105 0.206852 0.594518 0.180479 1.457701 -0.224272 0.376848 
0.000000 -20.411414 -7.450681 0.993904 4.134295 1.335352 3.376870 -1.151691 0.143506 0.710068 1.206970 -0.722976 0.921264 13.142197 3.085342 -2.857634 -1.222373 -0.571880 3.376848 -0.292015 1.401232 -0.160091 2.149078 -0.669558 0.630679 -2.635575 1.241986 1.124999 1.203225 -0.977602 -1.256904 -0.213967 -0.600656 -0.302575 -0.636458 0.363944 0.095468 
356.318146 -11.496163 -5.461671 0.093048 4.590989 -0.361256 4.245416 -2.455424 0.633986 -0.928410 2.101229 -1.534981 1.433881 3.404305 1.666795 -0.929456 0.489214 -1.603885 0.597986 -0.418688 0.204137 -0.323595 0.229488 -0.338247 0.561552 -7.097759 -1.206526 1.189303 0.741620 -0.091850 -1.606567 0.262597 -0.721168 0.327868 -1.183360 0.368657 -0.162718 
368.986450 -13.602803 -4.117092 -0.865008 5.112723 -1.872419 4.572842 -1.989066 0.551780 0.062878 1.665947 -1.399471 2.044368 -1.053320 0.672290 -0.479028 0.260867 -0.755581 0.163713 0.233179 -0.041103 0.495644 -0.217641 0.067755 0.305243 -2.228813 -0.497252 0.225214 -0.114173 0.424152 -0.217136 0.325933 -0.122620 0.409620 -0.223565 0.203001 -0.128154 
