169.217621 -33.786452 -4.559842 -0.339261 1.980943 -2.714985 -0.491395 1.525182 -0.630617 0.116731 0.303137 -0.819590 -0.339952 -4.622019 -1.960668 -0.706730 0.308134 -0.172803 -0.548987 0.058726 0.244658 -0.190753 0.177010 0.028688 -0.116742 -3.001954 -1.847195 -0.378194 -0.022775 -0.486988 -0.643318 0.010341 0.061343 -0.001577 0.149701 0.097974 -0.007295 
0.000000 -43.030491 -8.481178 -1.752721 2.597212 -3.060590 -1.589370 1.642634 -0.141301 -0.264776 0.657158 -0.762214 -0.573435 -10.625928 -5.655058 -1.463119 0.262585 -1.146779 -1.835624 0.079407 0.367344 -0.193907 0.476412 0.224635 -0.131331 3.301439 4.718675 1.321269 0.056072 -0.163917 -0.029823 0.533837 0.407741 0.027454 -0.154965 0.130178 0.009671 
0.000000 -55.038307 -15.869959 -3.265499 2.506112 -5.008543 -4.162643 1.683997 0.104070 -0.271083 1.255962 -0.370320 -0.602613 1.980859 7.476683 1.935808 0.420278 -0.500637 -0.608634 1.126401 1.060141 -0.135846 -0.132920 0.289044 -0.097400 11.178864 9.721961 1.761947 -0.005051 0.951828 1.105049 0.307180 0.388440 -0.007460 -0.467046 0.000581 -0.051128 
0.000000 -39.068774 6.472187 2.118895 3.437768 -4.061863 -2.806638 3.895436 1.978981 -0.536469 0.391317 -0.184126 -0.768236 11.731801 13.788863 2.060776 0.252483 0.756876 0.374474 0.693768 1.144224 -0.208826 -0.457681 0.225798 -0.233587 0.318344 -2.075362 -0.969563 -0.686961 0.718481 0.255598 -0.846921 -0.281070 0.054631 -0.211646 -0.200966 0.135868 
181.703568 -31.574705 11.707767 0.856053 3.011078 -3.494790 -3.413696 3.071533 2.392518 -0.688735 0.340601 0.081276 -1.069788 2.617547 3.325958 -0.003319 -0.953644 0.936326 -0.097437 -0.567441 0.498001 -0.026584 -0.556212 -0.112887 0.174336 -7.438799 -8.174083 -1.135291 0.080925 0.079193 0.218363 0.162200 -1.143418 -0.009451 0.485127 -0.336784 0.081653 
176.513336 -33.833679 13.124103 2.112258 1.530479 -2.189212 -3.001513 2.760555 2.974982 -0.589637 -0.721106 -0.409900 -0.419565 -3.145798 -2.559303 -0.209806 0.414333 0.915263 0.811200 1.018168 -1.142611 -0.227728 0.512574 -0.447770 -0.070281 -4.979423 -4.010865 0.013114 1.077184 0.223445 0.471640 0.151615 -0.771071 0.181303 0.550267 -0.304758 -0.157168 
176.657806 -37.866300 6.589161 0.436441 3.839743 -1.664264 -1.791297 5.107870 0.107296 -1.144190 1.365748 -0.814264 -1.210350 -7.341299 -4.695773 0.022910 1.200724 1.383216 0.845843 -0.264210 -1.044142 0.336021 0.544323 -0.722403 -0.140000 3.101776 -0.452080 -0.805356 -0.516097 -0.650346 0.095411 -1.527272 0.253866 0.328932 -0.660911 0.502704 0.253170 
177.322922 -48.516276 3.732557 2.158077 3.931927 0.577221 -1.309827 2.232134 0.886697 0.082406 0.367539 -1.854707 -0.699564 3.057754 -3.463464 -1.820518 -0.617861 -0.385429 1.002022 -2.036375 -0.634878 0.430136 -0.809248 0.557637 0.436059 9.265693 1.440322 -2.126683 -1.494905 -1.623776 -0.052616 -0.343256 0.239053 -0.616826 -0.755868 1.025598 0.278410 
0.000000 -31.750791 -0.337766 -3.204596 2.604021 -2.435123 0.212747 1.035120 -1.162460 -0.283918 -0.252748 0.301010 -0.338232 11.190087 -1.815128 -4.230456 -1.789085 -1.864336 0.740612 -0.950723 -0.566036 -0.897631 -0.967413 1.328793 0.416821 -1.363180 1.679579 -0.003306 -0.349173 0.078084 -0.672502 0.561032 0.431638 -0.317225 0.104457 -0.216079 -0.036283 
0.000000 -26.136101 0.102302 -6.302835 0.353757 -3.151451 0.171396 0.330688 -0.245375 -1.712856 -1.567288 0.802880 0.134078 0.331394 -0.104306 -1.827130 -1.316208 -0.229261 -0.342982 -0.914312 0.228398 -0.204314 -0.600334 0.125479 0.363493 -4.853474 3.272728 2.720616 0.274731 0.940797 -0.242424 -0.089763 0.558577 0.808520 0.891565 -1.243373 0.030433 
0.000000 -31.088004 -0.546377 -6.858855 -0.028395 -2.893645 -0.473216 -0.793503 -0.705664 -0.692545 -1.453417 0.551968 0.388754 1.483140 4.730328 1.210775 -1.239624 0.017258 0.255763 -1.130249 0.551117 0.719409 0.815716 -1.157953 0.477686 2.034344 3.394899 1.424654 -0.100294 0.390108 0.469506 0.006251 0.078586 0.260639 0.448877 -0.240159 0.026534 
170.231903 -23.169821 9.562958 -3.881285 -2.125490 -3.116934 0.682921 -1.929810 0.856859 -0.274039 0.064145 -1.513026 1.089451 4.400081 6.685493 1.022178 -1.516796 0.550955 0.596030 -0.901811 0.385570 0.316965 0.297420 -0.354840 0.416561 0.155596 -2.291566 -0.654978 0.586643 0.867836 -0.147169 0.248830 -0.322479 -0.615313 -0.353549 1.007187 -0.555292 
158.196030 -22.287841 12.824609 -4.814500 -3.061987 -1.791734 0.718843 -2.597125 0.065475 -0.058614 -0.858576 -0.157712 1.221876 1.794333 0.147196 -0.099181 -0.066338 1.752931 -0.038574 -0.632590 -0.093841 -0.511218 0.108618 0.856421 -0.632898 -1.561763 -5.186864 0.091724 1.635266 0.748382 -0.604813 0.668992 -0.136960 -0.389705 0.424121 0.247206 -0.958699 
158.467056 -19.581155 9.857350 -4.079646 -2.258167 0.388927 0.605773 -3.194989 0.669177 -1.296475 0.281381 0.199815 -0.176345 1.276555 -3.688235 1.205626 1.753736 2.047718 -0.613596 0.436173 0.111650 -0.462444 1.145662 0.139571 -1.500837 -1.424464 -2.031216 0.964415 1.446425 -0.342241 -0.370980 1.066106 0.208728 0.377209 0.224751 -0.700445 0.182612 
165.757721 -19.734731 5.448140 -2.403248 0.445484 2.303702 -0.508350 -1.724779 0.288775 -0.983503 1.432748 0.121431 -1.779798 -1.054594 -3.915235 1.829649 2.826511 1.068449 -0.780533 1.499623 0.323616 0.243201 0.558119 -0.544470 -0.267674 -1.392722 0.945618 -0.104646 0.194923 -1.089970 0.207199 0.224412 0.321476 0.279625 -0.714454 -0.282345 1.086936 
171.699295 -21.690343 2.026879 -0.420348 3.394855 2.525825 -0.955294 -0.195744 1.316408 -0.810073 1.397620 -0.889124 -0.711692 -1.508888 -1.796999 0.996335 2.143581 -0.132221 -0.199199 0.884996 0.754603 0.096805 -0.283247 -0.425118 0.673034 0.225778 1.802292 -0.763235 -0.901103 -0.750267 0.370757 -0.728843 0.124818 -0.127576 -0.464175 0.309954 0.268690 
165.183945 -22.752508 1.854142 -0.410579 4.732646 2.039260 -0.906748 0.045212 1.797980 -0.789893 0.866255 -0.728804 -0.433730 -0.603038 -0.310651 0.303179 1.024306 -0.432086 -0.039020 0.041936 0.573252 -0.011951 -0.370231 0.075438 0.269707 0.587894 0.894022 -0.386792 -0.719225 0.092908 0.049996 -0.553971 -0.293690 0.012902 0.115965 0.282678 -0.276193 
161.641556 -22.896418 1.405576 0.186010 5.443467 1.661653 -1.033334 -0.111873 2.462912 -0.833976 0.657159 -0.738248 -0.172278 -0.333100 -0.008956 0.222751 0.705132 0.053595 -0.099206 -0.222946 0.167222 0.122609 -0.051317 0.140237 0.120649 0.194080 0.213249 -0.123611 -0.532560 0.337221 -0.025316 -0.063422 -0.313952 0.020334 0.221097 -0.007019 -0.101019 
158.040283 -23.418707 1.836230 0.034923 6.142909 2.146450 -1.105160 -0.400679 2.132425 -0.544675 0.763620 -0.448330 -0.192432 -0.214877 0.115847 0.055958 -0.040814 0.242356 -0.089651 -0.084909 -0.054652 0.028717 0.071964 0.061399 0.067669 -0.088555 0.102531 -0.046813 -0.424618 -0.180922 0.119321 0.166961 0.006106 -0.073321 -0.094539 -0.094254 -0.118483 
157.946381 -23.326171 1.637270 0.297925 5.361839 2.146365 -1.212636 -0.281690 2.353607 -0.776541 0.801086 -0.615449 -0.036940 -0.510209 0.196106 0.129124 -0.144104 -0.308249 0.139436 0.110977 0.179434 -0.024033 -0.240396 -0.048270 -0.116317 -0.382813 0.172801 -0.308433 0.030471 -0.007793 -0.023449 0.028962 0.012593 0.055358 -0.175936 0.062101 -0.134577 
159.874969 -24.439125 2.228443 0.293171 5.854701 1.529952 -0.826288 -0.178726 2.491294 -0.592741 0.282828 -0.544869 -0.425066 -0.980503 0.461449 -0.560909 0.020128 0.226771 -0.136549 -0.026985 -0.029466 0.139433 -0.279909 0.185602 -0.201485 0.049572 0.461051 -0.644783 -0.378189 0.746286 -0.291772 0.085572 -0.309773 0.061553 0.091628 0.238027 -0.199393 
158.858597 -25.287177 2.560168 -0.823893 5.402095 2.599907 -1.485735 -0.335660 2.294675 -0.497675 0.241268 -0.244245 -0.439910 -0.411064 1.118208 -1.160442 -0.900482 1.184323 -0.444108 0.282121 -0.440112 0.099074 -0.057141 0.427784 -0.515103 0.619790 1.012857 -0.085196 -0.909822 -0.121276 0.454016 0.254836 -0.106313 -0.176939 -0.024483 0.175159 -0.174448 
161.643585 -25.261253 4.464859 -2.027713 4.053737 3.898597 -1.714505 0.385517 1.611070 -0.394593 0.168547 0.310699 -1.455272 0.259077 2.487163 -0.731300 -1.799515 -0.015781 0.771482 0.482688 -0.242093 -0.214445 -0.328875 0.535921 -0.550382 -1.228887 1.377080 1.226400 -0.692984 -1.717442 0.757885 -0.244327 0.562628 -0.049114 -0.143380 0.038505 0.197374 
164.932449 -24.769023 7.534495 -2.286493 1.803065 2.568346 0.057230 0.629716 1.810490 -0.926564 -0.416482 0.827597 -1.540673 -2.868838 3.872368 1.292358 -2.286450 -2.250562 1.071662 -0.206532 0.685145 0.000845 -0.343901 0.504795 -0.120354 -3.631773 0.167087 2.148285 0.030324 -1.175737 -0.344249 -0.458639 0.243091 0.695193 0.403162 -0.351395 0.500546 
163.490021 -30.998929 12.209596 0.557003 -0.519162 -0.602526 0.428820 -0.027547 2.981359 -0.392903 -0.519255 1.320289 -1.695981 -7.004468 2.821338 3.565270 -1.738867 -2.367255 0.082984 -0.434591 0.244089 1.175941 0.477448 -0.166869 0.450711 -1.111574 -1.512891 0.090066 0.574819 0.689024 -0.461628 0.575478 -0.575385 0.353713 0.338522 -0.555272 0.392171 
152.196213 -38.777959 13.177171 4.844047 -1.674669 -2.166164 0.223199 -0.239466 2.298668 1.425319 0.538414 0.493860 -0.639251 -5.091985 0.846586 1.472491 -1.136812 -0.872513 0.148407 0.944425 -0.465625 0.708271 0.333143 -0.605749 0.663987 2.474014 -1.882154 -3.035773 0.552781 2.167519 0.654410 0.600499 -0.914147 -0.756026 -0.039858 -0.135337 -0.044453 
140.212479 -41.182899 13.902767 3.501985 -2.792787 -2.347551 0.725633 1.861303 2.050109 1.023638 0.147032 0.108791 -0.368006 -2.056440 -0.942970 -2.506276 -0.633304 1.967784 1.391804 0.766408 -1.584205 -0.336110 0.397732 -0.437543 0.361805 1.083967 -2.408479 -2.628123 1.553681 2.077329 0.290593 -0.489954 -0.720269 -0.455153 0.098398 0.605897 -0.489888 
133.057999 -42.890839 11.291231 -0.168504 -2.941278 1.769404 3.006807 1.293350 -0.869743 0.753098 1.333878 -0.381226 0.084360 -2.924051 -3.970372 -3.783754 1.970550 3.282146 0.729593 -0.035484 -1.906162 -0.202035 0.529939 0.606045 -0.315788 1.751865 -1.833347 0.024282 3.331161 -0.351089 -1.714669 -0.458984 1.173683 0.207663 -0.387389 0.484518 -0.357707 
133.328049 -47.031001 5.962024 -4.065524 1.148313 4.216741 2.184819 1.790335 -1.762216 0.619569 1.206910 1.320880 -0.999583 1.447289 -4.609664 -2.457711 6.029018 1.265605 -2.037533 -0.151560 0.763160 0.079215 -0.377047 0.531494 -0.353610 2.475496 1.349735 2.450459 0.813637 -1.788372 -1.739915 -0.007681 1.916706 -0.092037 -0.564580 -0.557097 0.503973 
339.760010 -39.996261 2.071904 -5.083927 9.116758 4.300615 -1.068258 0.990231 0.656578 0.911529 0.579784 0.681761 -0.622860 2.026940 -1.270901 1.117163 3.597824 -0.294597 -2.750237 -0.050846 1.927250 -0.386109 -0.599221 -0.508150 0.692158 -3.445849 2.685151 3.133923 -3.849331 -0.932974 0.645585 0.314115 0.061541 -0.199798 0.067824 -0.054881 0.422442 
120.241280 -42.977120 3.420221 -1.831198 8.343960 3.627546 -3.315655 1.688643 2.092284 -0.152649 0.008468 0.304580 0.384733 -5.444410 0.760639 3.810135 -1.669644 -0.600343 -0.746362 0.476669 0.886243 -0.320380 -0.241398 0.421731 0.491274 -4.521144 0.905944 1.645444 -3.057724 -0.217218 2.292602 -0.131823 -1.115887 0.477964 0.454544 0.412974 -0.382821 
114.870216 -50.885080 3.593182 2.536344 5.777470 3.099930 -2.560983 1.943570 2.429063 0.270768 0.096988 1.525224 0.359688 -7.015348 0.540987 4.408052 -2.517624 -0.729033 1.834968 -0.314491 -0.304525 0.569818 0.309866 0.317798 -0.073485 0.551770 -0.314637 -0.930568 0.063160 -0.078933 1.273245 -0.381748 -0.678442 0.426566 0.375628 -0.464417 -0.284374 
340.702728 -57.007817 4.502196 6.984906 3.308712 2.169479 0.354281 1.059661 1.483235 0.986987 0.628201 0.940176 0.237762 -4.340870 0.131366 1.949000 -1.543325 -0.758209 1.800127 -0.286827 -0.470642 0.532752 0.509858 -0.507103 -0.077474 2.480752 -0.563167 -2.748697 1.323277 0.562244 -0.544042 0.482471 0.190355 -0.184232 -0.064565 -0.221609 0.201731 
56.496349 -59.566819 3.855914 6.434344 2.690821 1.583513 1.039272 1.369916 1.487779 1.336271 1.116705 0.511019 0.204739 -2.053845 -0.585347 -1.089342 0.128930 0.395454 0.746885 0.650451 0.076185 0.201353 0.180737 -0.125419 0.329976 6.643373 0.772898 -3.448463 0.997050 0.447157 -1.025972 0.165317 -0.498489 -0.950119 0.160572 0.247915 -0.487678 
57.807480 -61.115506 3.331501 4.806222 3.566571 2.960387 1.848051 2.360564 1.635604 1.389693 0.989674 0.689338 0.897715 8.945877 1.677162 -4.947926 0.450775 0.136105 -0.251817 0.043807 -1.467620 -1.367487 0.831002 -0.011273 -1.052830 10.399247 1.403870 -1.497529 -0.057722 -1.067026 -0.561707 -0.863272 -0.476521 -0.973307 0.142431 0.031593 -0.869839 
357.059143 -41.675066 7.210238 -3.461509 3.592372 1.855723 0.535638 1.457530 -1.447461 -1.398703 2.778709 0.488473 -1.900921 18.744649 2.222393 -4.084400 0.013485 -1.738598 -0.376530 -1.076093 -0.876856 -1.745262 0.465598 -0.062234 -1.409702 0.622828 -0.549825 2.528088 -0.429241 -0.957058 0.241591 -0.241014 1.319279 0.321459 -0.821357 -0.126649 0.790645 
133.493011 -23.626209 7.776286 -3.362579 3.593541 -0.516809 1.094990 0.208377 -0.118109 -2.100830 1.920869 0.564870 -1.921689 10.191532 0.577511 0.108249 -0.407706 -1.778011 0.231364 -0.438221 1.170938 -0.724569 -0.811711 -0.264572 0.528459 -10.180793 -0.321645 2.648737 -0.656098 0.431122 -0.280022 0.857009 0.942002 1.093027 -0.589358 -0.174458 0.921726 
140.612213 -21.292001 8.365259 -3.245011 2.776961 -1.700298 0.998366 0.581087 0.894415 -2.847840 1.155286 -0.040670 -0.844003 -1.616938 1.579103 1.213074 -1.298711 -0.876355 -0.936574 0.637925 1.007148 0.440792 -0.713118 -0.411150 0.433749 -8.537075 0.760970 1.160425 -0.453083 1.104961 -0.765658 -0.009362 -0.518808 1.162037 0.393784 0.258342 -0.282092 
144.348969 -26.860084 10.934492 -0.936431 0.996120 -2.269518 -0.778158 1.484227 1.896187 -1.219246 0.494633 -0.257429 -1.054191 -6.882618 2.099450 2.429100 -1.313871 0.431912 -1.299951 -0.456945 0.133322 1.599506 -0.024143 0.252112 -0.035724 -2.944608 -0.443499 0.798734 0.737186 0.825988 0.387289 -0.756001 -0.926768 0.090498 0.335566 0.236520 -0.006447 
138.856796 -35.057237 12.564160 1.613188 0.149218 -0.836475 -1.601536 -0.332803 1.161059 0.351172 1.107001 0.463555 -0.915451 -7.506154 0.692106 2.810541 0.175660 0.775622 -0.161996 -0.874077 -0.846387 0.621788 -0.041986 0.061890 0.420856 1.178070 -1.588862 -0.036423 1.457492 -0.387077 0.549418 0.721315 -0.014235 -1.347900 -0.131791 -0.271373 -0.046889 
133.130585 -41.872393 12.318704 4.684651 1.347440 -0.718274 -1.102150 -0.263927 0.203413 0.024330 0.410661 -0.133649 -0.212479 -4.526477 -1.078273 2.356253 1.601112 -0.342243 -0.201114 0.985686 0.104853 -1.096294 -0.287725 -0.290634 -0.129503 2.845294 -0.546073 -0.949947 0.092791 -0.255817 0.315579 0.587174 0.270187 -0.454301 -0.037730 0.077131 -0.217813 
132.071213 -44.110191 10.407613 6.325694 3.351442 -1.520961 -2.003765 1.638568 1.370765 -1.841417 0.531551 -0.117712 -1.174457 -1.815566 -0.400039 0.910648 0.361242 0.263988 0.469163 0.300271 -0.306014 -0.286814 -0.117445 0.216152 -0.014770 1.353552 0.813587 -0.846154 -1.039978 0.568939 0.533843 -1.031311 -0.598171 0.872336 -0.019099 0.320503 0.358992 
130.944229 -45.503524 11.518625 6.505947 2.069925 -0.190298 -0.163825 0.336614 -0.408616 -0.549298 0.175771 0.298654 -0.242019 -1.819373 0.548900 0.663946 -0.478844 0.795634 0.866572 -1.076936 -1.091488 0.648378 -0.325924 0.350372 0.588482 -0.005950 -0.352107 0.217931 0.415899 0.010843 -0.420213 -0.582229 0.031822 0.270064 0.082491 -0.105955 0.149077 
129.677460 -47.748937 11.505413 7.653586 2.393754 0.070308 -0.270620 -0.515303 -0.812210 -0.544660 -0.120297 0.583032 0.002506 -1.827466 -1.104254 1.346509 1.193039 0.285675 -0.371264 -0.864186 -0.242370 0.253313 0.047536 0.004241 0.283384 0.406754 -0.739221 0.075952 0.710140 -0.378816 -0.714370 0.168201 0.482875 -0.075748 0.333833 -0.108933 -0.085787 
121.750900 -49.158457 9.310117 9.198965 4.456004 0.381051 -0.906353 -1.391759 -0.893355 -0.042671 0.270844 0.307136 0.324748 -1.005866 -0.929543 0.815850 0.941435 0.038002 -0.562167 -0.740533 -0.125739 0.496883 0.341743 0.132505 0.416908 0.857003 0.548635 -0.896643 -0.721533 -0.355489 -0.078563 0.296140 0.179379 0.004868 0.215717 0.301962 0.055848 
350.173889 -49.760669 9.646326 9.285286 4.276625 0.146313 -1.394953 -1.996369 -1.063688 0.449106 0.563188 0.848042 0.836321 -0.113460 -0.006984 -0.446777 -0.250027 -0.425304 -0.528391 -0.271907 0.116388 0.263050 0.478971 0.608164 0.395080 -0.654066 0.138837 -0.581223 -0.932695 -0.315285 -0.074353 0.463401 0.256660 -0.184286 0.036603 0.092038 -0.087133 
114.273796 -49.385377 9.296150 8.305411 3.955950 -0.469557 -1.963134 -1.935573 -0.660578 0.483428 1.228785 1.523465 1.114908 -2.313998 -0.651868 -0.346595 -0.923954 -0.592567 -0.710873 0.186268 0.387580 0.128312 0.414950 0.316581 0.242641 -3.707008 -2.237052 -0.436463 -0.649319 0.310789 0.436970 0.270449 0.074674 -0.076200 -0.076015 -0.375541 -0.122943 
117.529610 -54.388665 8.342590 8.592095 2.428717 -1.038821 -2.816698 -1.623832 -0.288527 0.705729 1.393088 1.481204 1.321604 -7.527476 -4.481088 -1.319704 -1.548666 0.196274 0.345549 0.268992 0.265737 0.110649 0.326940 -0.142917 0.149194 -2.882717 -3.553155 -2.049436 -0.243706 0.602692 0.982035 0.218343 -0.090065 -0.220815 -0.607351 -0.610914 -0.358137 
390.902527 -64.440329 0.333975 5.666004 0.858618 -0.077010 -1.272037 -1.397590 -0.129104 0.704726 1.882665 1.237630 1.413297 -8.079432 -7.758179 -4.445467 -1.411365 0.612817 1.253197 0.622955 0.207450 -0.313318 -0.799753 -0.905247 -0.473633 6.738947 3.672271 0.138442 0.460614 -0.274216 -0.002366 0.402265 0.307743 -0.011561 -0.746361 -0.408390 -0.514181 
125.041740 -70.547530 -7.173768 -0.298839 -0.394012 0.186814 -0.310304 -0.377923 0.126372 0.079094 -0.206419 -0.329289 0.374337 5.950418 2.863455 -1.042820 -0.627439 -0.352158 0.340816 1.073521 0.881223 0.087527 -1.165782 -0.959698 -0.879168 10.294767 8.040783 3.131619 0.621721 -0.679102 -0.782753 -0.157650 0.418013 0.402124 0.299725 0.348710 0.062429 
0.000000 -52.539494 6.060885 3.580364 -0.396259 -0.781326 -0.590405 0.749452 1.633341 0.879779 -0.448900 -0.681765 -0.345040 12.510102 8.323386 1.817771 -0.167922 -0.745387 -0.312310 0.307656 1.043475 0.490931 -0.200303 -0.207827 -0.348776 2.192280 0.352965 -0.099635 -0.023889 0.218750 -0.416055 -0.936604 -0.100651 -0.176551 0.317143 0.463647 0.600760 
131.468094 -45.527325 9.473004 3.336703 -0.729856 -1.303960 -0.934924 0.237388 2.213323 1.060956 -0.607024 -0.744944 -0.323214 10.334977 3.569384 -1.242090 -0.675217 0.085342 -0.491293 -0.799687 0.679920 -0.265576 -0.531497 -0.032404 0.322352 -0.498338 -3.539132 -1.977797 -0.323871 0.318180 0.274982 -0.844498 -0.380254 -0.548664 -0.377956 0.117471 0.422083 
137.892136 -31.869540 13.199654 1.096184 -1.746693 -0.610641 -1.572991 -0.849923 2.993181 0.348627 -1.511893 -0.746573 0.299663 11.513426 1.245123 -2.137823 -0.815664 -0.109028 0.237654 -1.381341 0.282967 -0.606397 -0.956215 0.027115 0.495390 -2.587468 -2.375938 -0.093674 0.020964 -0.718137 0.785525 -0.033545 -0.775917 0.052027 0.102944 0.032563 0.202250 
141.456818 -22.500474 11.963249 -0.938942 -2.361184 -1.522016 -0.459616 -2.525295 2.779258 -0.151837 -2.519455 -0.690715 0.667565 5.160040 -1.182491 -1.429437 -0.633290 -1.350931 1.079756 -0.866778 -0.871913 -0.161521 -0.325610 0.032722 0.726851 -6.631314 -0.760075 0.868431 0.046610 -0.463590 0.143538 0.860829 -0.728524 0.607356 0.561452 0.062598 0.010135 
131.674805 -21.549460 10.834673 -1.762689 -3.013273 -3.312503 0.586521 -2.583479 1.249356 0.025585 -2.163112 -0.681130 1.753366 -1.749202 -0.275027 -0.400961 -0.722444 -1.036209 0.524730 0.340316 -1.174080 0.608315 0.166688 0.152311 0.515660 -5.457659 0.752631 1.111713 0.352834 0.545695 -0.489076 0.666559 0.102025 0.663151 0.264086 0.000321 -0.441995 
61.530704 -25.998879 11.413196 -1.740865 -3.806071 -3.594434 0.589844 -1.844663 0.431099 1.064793 -2.186079 -0.386093 1.698886 -5.755278 0.322772 0.793990 0.072378 -0.259541 0.101603 0.466339 -0.667862 1.164780 0.202562 0.033364 -0.157139 -1.652329 0.306261 0.187821 0.172636 0.891994 -0.280124 0.006321 0.342586 -0.132153 0.213995 -0.085604 -0.375639 
113.616203 -33.060016 11.480216 -0.174709 -2.868517 -3.831585 0.789728 -1.650801 -0.086369 2.355146 -1.757988 -0.614401 1.439088 -5.053861 0.337495 -0.025319 -0.377172 0.747780 -0.035518 0.352958 -0.488908 0.344008 0.594677 -0.018898 -0.235617 0.765554 -1.176219 -1.550263 -0.358200 0.786741 -0.027870 0.037249 0.374704 -0.968754 0.090308 0.181840 0.003862 
108.946899 -36.106601 12.088187 -1.791503 -4.560416 -2.098874 0.518808 -1.138747 -0.546718 1.752809 -0.996724 -0.423888 1.227652 -4.224169 -2.029665 -2.306535 -0.644022 1.313940 0.045863 0.540837 0.081545 -0.772727 0.383179 0.397045 -0.149414 -0.717004 -2.067746 -0.925782 0.097895 -0.112223 -0.105583 -0.198272 0.090969 -0.918620 -0.342921 0.197867 0.041327 
112.678673 -41.508355 7.420885 -4.787780 -4.156561 -1.203705 0.881454 -0.569126 0.076721 0.809691 -0.991631 0.179689 1.140259 -6.487869 -3.797997 -1.876883 -0.181382 0.523334 -0.246684 -0.043586 -0.306970 -1.493232 -0.091164 0.376836 -0.152963 -1.199717 -0.796328 0.920233 0.175104 -1.177511 -0.369470 -0.418852 -0.326714 -0.358486 -0.035176 0.070561 -0.063471 
0.000000 -49.082339 4.492193 -5.545270 -4.923180 -1.052207 0.025440 -1.225919 -1.160658 -1.233656 -1.179053 0.329784 0.921727 -6.623603 -3.622321 -0.466068 -0.293814 -1.041082 -0.693078 -0.296867 -0.571883 -1.489699 0.312827 0.538167 -0.276357 1.825629 0.820011 0.894780 0.135439 -0.820082 -0.009193 0.037558 0.176888 0.512603 0.248851 0.043142 -0.007064 
0.000000 -54.755562 0.176243 -5.719916 -4.744189 -3.285869 -0.504702 -1.162860 -1.067045 -2.169707 -0.365977 1.256023 0.587546 -2.836611 -2.157975 -0.087323 0.089495 -1.116831 -0.265071 0.031530 0.046806 -0.468026 0.406538 0.463120 -0.167091 1.893496 0.732173 0.189373 0.191655 -0.037875 0.214003 0.164198 0.309345 0.510837 0.046856 -0.037524 0.054633 
