0.000000 -31.199221 -2.134860 -3.048349 5.846172 7.264504 2.235076 0.009026 -0.636254 0.976585 0.843714 1.156466 -0.228875 -3.358758 0.474712 0.578222 1.172802 -0.975462 -0.533160 0.377369 0.320508 -0.027767 -0.753964 0.541365 0.300310 -5.280345 0.672621 0.998582 -0.926760 -0.594522 -0.089545 0.202641 0.309477 -0.040382 0.083053 -0.111209 -0.094572 
134.833221 -37.916736 -1.185435 -1.891905 8.191775 5.313580 1.168756 0.763763 0.004762 0.921051 -0.664213 2.239196 0.371744 -13.919448 1.819955 2.575387 -0.680718 -2.164505 -0.712250 0.782651 0.939462 -0.108530 -0.587857 0.318947 0.111167 -0.186109 -2.604203 -0.261844 -3.419084 0.936642 1.144925 0.002750 -0.451235 -0.307790 1.024788 -0.142137 -0.727746 
134.366028 -59.038116 1.505050 2.102425 4.484736 2.935493 0.810576 1.574327 1.242671 0.759525 -0.332000 1.794361 -0.006542 -3.730975 -4.733694 0.054534 -5.665365 0.897821 1.756691 0.382868 -0.581963 -0.643347 1.295613 0.257090 -1.155183 11.282882 -4.954251 -2.506035 -1.252973 2.020470 0.366787 -0.540238 -0.893624 -0.466047 0.660016 0.026168 -0.482824 
130.783157 -45.378686 -10.652824 -1.782837 -3.138955 7.109222 4.682137 1.529499 -1.159164 -0.365643 1.927013 2.753377 -1.938621 8.646316 -8.088547 -2.436682 -3.186664 1.876435 0.021323 -0.297825 -0.847786 -1.040625 0.732174 0.371284 -0.854482 5.282178 3.354224 -0.744924 4.477503 -0.923709 -2.062013 -0.636433 0.679836 0.217130 -0.824388 -0.486546 0.901917 
0.000000 -41.745484 -14.672044 -2.770940 -1.888592 6.688362 0.853223 0.978676 -0.452901 -1.321724 1.132349 2.536928 -1.715506 6.833380 1.974753 -1.435315 3.289641 -0.949597 -2.367336 -0.889999 0.777709 -0.209087 -0.353164 -0.716002 0.648651 0.337849 7.525025 0.413177 3.097560 -2.003320 0.102742 -0.422511 0.391879 0.722645 -0.139199 -0.775704 0.841065 
0.000000 -31.711926 -6.703318 -4.653468 3.440327 5.210029 -0.052535 -0.250498 0.396255 -0.783817 1.220685 1.321373 -0.641319 9.322014 6.961503 -1.610328 3.008456 -2.130206 0.226807 -1.142847 -0.064029 0.404665 0.453777 -1.180124 0.827647 -2.892028 1.331592 0.488830 -0.522389 -0.349111 1.488955 0.409601 -0.876573 -0.105335 -0.065052 0.242571 -0.307502 
161.692169 -23.101456 -0.749037 -5.991597 4.128321 2.427950 1.306836 -1.307018 -0.580959 -0.512394 2.039903 0.176681 -0.060211 1.049323 4.637937 -0.457655 2.244862 -1.647818 0.610575 -0.070797 -0.975437 -0.419757 -0.483268 -0.230860 0.033647 -9.483549 -2.724616 1.757244 -0.661185 1.269554 0.044127 1.368924 -0.147258 -0.110024 -0.573113 1.072679 -0.469077 
147.694611 -29.613279 2.572556 -5.568777 7.930051 1.914393 1.168615 -0.392092 -1.554619 -1.623332 0.254149 0.859654 -0.574024 -9.645084 1.512272 1.904160 1.686086 0.408903 0.315061 1.595001 -0.358545 0.184616 -0.692450 0.965234 -0.110508 -2.627231 -3.376236 0.025571 -0.546591 1.371106 0.072107 0.553413 0.697552 0.727417 0.932646 0.444629 -0.274643 
136.582443 -42.391624 2.275508 -2.183276 7.500492 3.245755 1.936958 1.882984 -1.298048 -0.143161 0.655002 2.107149 -0.281227 -4.205139 -2.114535 -0.406513 1.151679 1.094394 0.754790 1.036029 0.419668 1.035077 1.382023 0.658397 -0.515639 8.356678 -1.541692 -2.696671 -0.083098 -0.108139 0.383470 -1.167082 0.082185 0.275357 0.523387 -0.673598 -0.170501 
138.202621 -38.023558 -1.656515 -6.381803 10.233410 4.103180 2.678194 1.679966 -0.715282 0.446823 3.018196 2.176449 -1.605303 7.068272 -1.571112 -3.489181 1.519890 0.192625 1.082001 -0.739164 -0.194175 0.735330 0.354325 -0.381962 -0.451509 4.701360 1.753450 -0.207639 -0.639055 -0.882519 -0.245372 -1.122639 -0.830637 -0.323836 -1.380249 -0.629518 0.389916 
140.602951 -28.255079 -0.866717 -9.161639 10.540272 3.631005 4.100960 0.404656 -1.686399 1.327499 1.363651 1.343225 -1.184246 5.197580 1.392364 -0.821792 -0.126430 -0.670645 0.264046 -1.209248 -1.241606 0.387405 -1.378475 -0.600638 0.264193 -4.517086 1.219036 2.900566 -0.584942 -0.368091 -1.585970 0.239419 0.210883 -0.671486 -0.576420 -0.077425 0.542303 
139.023865 -27.628398 1.128213 -8.025387 9.980550 2.761891 3.206287 -0.738530 -3.198494 1.221633 0.261247 0.975173 -1.076917 -1.965900 0.866959 2.311950 0.350007 -0.543558 -2.089938 -0.260326 0.227591 -0.607642 -0.798516 -0.536812 0.633097 -5.768695 -0.754105 2.670181 0.332903 -0.076453 -1.330589 1.037606 1.411362 -0.424972 0.477051 0.245226 0.558211 
133.493439 -32.186878 0.867202 -4.537738 11.240286 2.543890 -0.078916 -0.115995 -1.231216 0.112216 -0.233381 0.269601 0.081949 -6.339811 -0.115847 4.518571 0.539376 -0.823550 -2.397132 0.865964 1.581119 -0.462539 -0.424373 -0.110186 1.380615 -2.594558 -0.217691 0.568661 -1.059878 0.584415 0.986096 0.539636 0.813872 0.479992 0.392874 0.619182 0.011835 
136.454865 -40.308019 0.896520 1.011755 11.059302 1.114792 -1.587977 0.993398 -0.036257 0.296555 -0.587499 0.754801 1.684313 -7.155015 0.431578 3.449272 -1.769750 0.625273 -0.117746 0.818947 1.855335 0.352342 -0.012769 0.701553 0.656768 1.793588 1.568938 -0.582333 -3.350984 0.123479 0.599659 -0.146593 -0.464548 1.101359 0.643804 0.523159 -1.214526 
139.779633 -46.496908 1.730358 2.360807 7.700785 3.794435 -0.314407 1.521898 2.479453 0.816900 -0.258919 1.672706 1.395484 -2.752635 3.022029 3.353904 -6.162592 -0.576592 -1.197814 0.572778 0.652022 1.740180 0.863235 0.936132 -1.048436 3.421057 0.699971 -0.154602 -2.806081 -1.780068 -1.438315 -0.229212 -1.696579 0.599579 0.020416 -0.174714 -0.799200 
135.416809 -45.813288 6.940578 7.719563 -1.265882 -0.038392 -3.983606 2.138954 1.267787 3.776915 1.138972 2.627066 -0.412560 -0.312902 1.831521 3.140068 -7.381911 -2.934864 -2.994377 0.360522 -1.537824 1.551500 0.028064 0.352125 -0.941632 3.859938 -2.285696 -1.649264 2.715963 -0.511345 0.350252 -0.307061 -0.851358 -1.055850 -1.070059 -0.528230 0.395463 
136.224533 -47.122711 5.393399 8.640943 -7.063037 -2.075292 -6.303161 2.242943 -0.596195 3.919900 -0.202791 2.376955 -0.487780 4.967242 -1.549362 0.055375 -0.730666 -1.599281 -0.497311 -0.041344 -1.050694 -0.371521 -1.276882 -0.120327 -0.257511 6.495759 -1.330195 -2.341208 5.475850 0.947037 2.014030 -0.010492 0.421939 -1.036119 -0.609286 -0.151765 0.213085 
155.083832 -35.878804 3.841854 7.830313 -2.727215 -3.236954 -4.978227 2.056267 -0.833601 3.033872 -1.414792 2.386412 -0.927581 12.678617 -0.828870 -1.542348 3.569789 -1.040789 1.033683 0.339538 -0.693946 -0.520738 -1.190508 0.048595 -0.515462 1.044528 1.469928 -0.577901 1.184990 0.425248 0.437657 0.086261 0.040842 0.014654 0.427596 -0.255047 0.227597 
177.245224 -21.765477 3.735658 5.556246 0.076542 -4.156870 -4.235795 2.922019 -1.984087 2.878424 -2.583806 2.474144 -1.518704 7.056298 1.390494 -1.100427 1.639313 -0.748786 0.378003 0.131177 -0.969009 -0.342214 -0.421690 -0.630421 0.197683 -6.803963 1.012091 0.713131 -1.530404 0.624853 -0.474210 -0.351688 -0.186157 0.347117 0.620304 -0.269184 0.565380 
166.127563 -21.766207 6.622841 5.629459 0.551411 -4.734526 -4.222220 2.318622 -2.771618 2.349445 -2.258173 1.125571 -0.532214 -0.929310 1.195313 -0.116086 0.508981 0.208917 0.085263 -0.363839 -1.066261 0.173496 0.050100 -0.489773 0.615298 -5.151247 -0.735120 0.675640 -0.662589 1.079157 -0.236965 -0.029129 0.448661 0.113377 0.288632 0.474498 0.088621 
153.407867 -23.624097 6.126284 5.324075 1.094504 -3.739036 -4.065270 2.194341 -4.116609 3.225416 -2.483606 1.494599 -0.288108 -3.246196 -0.079745 0.250852 0.314135 1.409528 -0.095926 0.072919 -0.071687 -0.115459 0.155574 0.318575 0.374926 -2.368797 -0.262561 0.352616 -0.305699 0.372766 -0.285065 0.586177 1.204593 -0.589985 0.569743 0.259135 -0.357274 
145.043564 -28.258600 6.463351 6.131163 1.179681 -1.915470 -4.414073 2.464460 -2.914993 2.118527 -1.947026 1.762721 0.217637 -5.666904 0.670191 0.589147 -0.102418 0.954449 -0.484867 0.808514 1.342925 -1.006475 1.189587 0.028496 -0.099249 -2.479129 0.356878 -0.073496 -0.144180 -0.352073 0.353244 -0.054429 1.192442 -0.413577 0.559061 -0.399748 -0.451851 
134.661972 -34.957904 7.466666 6.502369 0.889669 -1.830139 -5.035005 3.811370 -1.430758 1.212466 -0.104433 1.551591 -0.486605 -8.204455 0.634010 0.103861 0.025775 0.705383 0.610561 -0.035938 2.313198 -0.942614 1.273696 -0.480920 -0.528777 -2.230490 -1.296493 -0.677727 0.630772 0.601859 2.005764 -0.921290 0.075869 0.323330 -0.430404 -0.252301 0.238549 
123.326797 -44.667509 7.731371 6.338885 1.231230 -0.504704 -3.192951 2.392583 1.711403 0.233299 0.600366 0.800881 -0.839916 -10.127883 -1.922795 -0.766307 1.159127 2.158167 3.526660 -1.034066 1.494664 -0.359814 0.328779 -0.476106 0.377849 6.316213 -2.008405 -1.747098 -0.989464 0.316766 0.685432 0.110289 -1.656350 0.418000 -0.710639 0.367875 0.754264 
116.865196 -55.213671 3.621077 4.969755 3.207923 2.486195 2.018316 1.743238 1.558570 0.492838 0.553126 0.599379 0.269093 4.427972 -3.382799 -3.390334 -1.953153 1.338915 1.981426 0.184640 -0.999503 -0.106613 -0.147582 0.254829 0.979752 14.804288 0.700071 -1.844949 -1.662100 -1.410135 -2.367338 0.431430 -1.577350 0.184578 -0.767931 0.491466 -0.095302 
121.312904 -35.811566 0.965772 -0.441784 -2.675077 2.173126 0.769901 2.761864 -0.287603 0.020073 0.305202 1.310540 1.119587 19.480693 -0.522653 -4.456204 -2.165074 -0.662103 -1.208015 -0.171205 -1.660037 0.009342 -1.207083 0.506826 0.187246 3.066665 2.690742 0.307350 1.863601 -1.351150 -1.103120 -0.703343 -0.043178 0.177070 -0.662009 0.025191 -0.693378 
139.183426 -16.252284 2.575770 -3.942653 -1.122224 1.161989 -0.397715 1.400827 -1.761504 0.511522 -1.861041 1.613031 0.643584 10.561302 1.998684 -2.775634 1.774048 -1.363385 -0.224813 -1.222046 -1.085859 0.247526 -1.471600 0.305211 -0.407005 -9.680318 0.293319 2.215447 1.115679 0.216214 0.780170 -0.378397 1.028518 -0.369275 0.778433 -0.287504 -0.179222 
140.476669 -14.688962 4.963141 -5.993052 0.873020 -0.553643 0.320274 0.317771 -2.459322 0.515126 -2.637998 1.920962 0.305576 0.120057 0.063984 -0.025310 0.066284 -0.229675 0.352324 -0.927999 0.396998 -0.729208 0.349783 -0.068182 -0.171199 -7.878453 -3.864947 3.358425 -2.372855 1.363985 0.048386 0.656988 0.901278 -0.701577 1.541680 -0.242005 0.091522 
140.657639 -16.012171 2.703739 -3.993274 -0.989656 0.702638 0.306934 -0.455170 -0.967507 -0.946893 -1.161474 1.476667 0.301187 -5.195605 -5.731210 3.941217 -2.971662 1.364585 -0.128041 0.091930 0.716696 -1.155628 1.611760 -0.178799 -0.223960 -4.271318 -3.786054 1.759312 -1.515278 0.430728 -0.057711 0.580804 -0.116936 0.326248 0.135431 -0.107185 -0.131821 
140.275497 -25.080171 -6.499278 1.889381 -5.070304 2.175526 0.064191 0.501630 -1.025930 -1.796130 0.585523 1.563365 -0.142345 -8.422579 -7.508124 3.493314 -2.964272 0.631780 0.236903 0.233609 0.163126 -0.076711 0.620645 -0.282553 -0.434841 2.948361 3.821038 -2.230639 1.447244 -0.774279 0.473405 0.148920 -0.027153 1.016867 -0.874775 0.057682 0.228448 
0.000000 -32.857329 -12.312510 2.993354 -6.918200 1.966198 0.780739 0.012048 -0.641254 -1.100315 0.079815 0.911561 -0.568495 0.701118 1.910867 -0.520062 -0.077173 -0.183973 0.818768 0.389770 0.662389 0.878106 -0.137791 -0.063435 0.232936 4.281300 7.723601 -2.830869 2.543997 -0.213790 -0.055251 0.562746 0.343467 0.474204 -0.451992 0.420190 0.536562 
0.000000 -23.677935 -2.677544 0.849257 -5.224650 1.807580 1.701727 1.281171 0.298848 -0.039918 0.309941 1.436495 0.323528 0.140020 7.939078 -2.168423 2.123721 0.204200 0.126402 1.359102 0.850060 0.871697 -0.283340 0.557827 0.638282 -0.962532 1.232804 -1.472734 1.697054 -0.809763 -0.406279 -0.341206 -0.478173 -0.384707 -0.175339 -0.001581 0.302356 
140.511887 -32.577288 3.565646 -1.343493 -2.670757 2.374598 1.033542 2.730251 1.058865 0.643079 -0.486865 2.027215 0.708069 -1.223946 4.376475 -3.465529 3.316934 -1.803499 0.006210 -0.292642 -0.293958 0.108692 -0.488469 -0.066596 0.837648 3.211363 -3.058482 -0.764378 0.330128 -1.554878 -0.165269 -1.445854 -1.145363 -0.358977 -0.025821 -0.475372 -0.191960 
135.523453 -26.125828 6.075407 -6.081801 1.409218 -1.799417 1.714147 0.695888 -0.289067 0.177465 -0.666996 1.303304 1.998825 6.562746 1.822113 -3.697179 2.783976 -2.905557 -0.204137 -1.532607 -1.440667 0.153742 -0.334981 -0.392918 0.254362 1.271122 -1.836919 1.446198 -1.110399 0.557165 -0.274901 -0.045198 -0.014371 0.277113 0.032807 -0.052377 -0.617261 
135.093719 -19.451797 7.209871 -8.737851 2.897195 -3.436516 0.625269 -0.334964 -1.822469 0.950564 -1.156826 1.241379 1.216793 1.318298 0.702637 -0.573133 1.096136 -0.689169 -0.543592 -0.383038 -0.322699 0.662918 -0.422855 -0.171350 -0.396873 -5.885673 -1.033964 3.191933 -1.791581 1.958195 -0.041271 1.185300 1.364899 0.041946 0.109148 0.150117 -0.368807 
134.193085 -23.489233 7.480681 -7.228067 3.601491 -3.177756 0.626962 -0.070188 -0.934464 1.503300 -1.512707 0.960604 1.205079 -5.208600 -0.245816 2.686687 -0.799185 1.010834 -0.286678 0.837992 1.289131 0.237634 -0.116686 -0.092684 -0.483252 -0.606040 -0.732961 1.305909 -1.152978 0.807116 0.292264 0.317773 0.581604 -0.481648 -0.020922 0.135217 -0.022591 
131.868958 -29.868997 6.718239 -3.364477 1.298825 -1.414848 0.051914 1.341020 0.755794 1.425832 -1.390198 1.056011 0.250289 0.106218 -0.763286 2.038685 -1.209821 0.925062 0.040936 0.252508 0.840509 -0.300378 -0.464700 0.099083 -0.442055 1.656233 0.187892 -1.261242 0.264824 -0.423643 0.699690 -0.472336 -0.536270 -0.393889 -0.030785 0.140163 0.292859 
136.358475 -23.276797 5.954110 -3.150697 1.181849 -1.327632 0.708834 0.434828 0.746555 0.902544 -2.442106 1.158771 0.320969 -1.896134 0.129968 0.164202 -0.269537 0.163548 1.112702 -0.106680 0.216592 -0.550143 -0.178256 0.187641 0.102467 -5.626578 -0.624612 -0.480738 0.906350 0.271888 0.375910 0.621079 -0.444891 0.493685 0.728980 0.017625 0.429959 
134.206024 -33.661265 6.978176 -3.036073 0.759751 -1.087752 2.277318 1.127661 1.188979 0.325546 -1.746710 1.431294 0.455223 -11.146937 -2.012509 1.077210 0.602879 1.468838 0.792756 1.494666 -0.049273 0.686992 0.993261 0.134333 0.417862 2.504292 -2.539164 -0.009849 1.218169 1.024393 -1.037035 -0.040986 -0.715549 1.338291 0.562936 -0.111315 -0.413115 
134.740784 -45.570671 1.929092 -0.996276 2.387607 1.610044 2.294347 3.424160 0.648009 2.276529 -0.455585 1.427437 1.156694 3.112451 -4.948359 0.144504 2.166801 2.212335 -0.961369 -0.188651 -1.214505 2.126439 0.947615 -0.034989 -0.723764 10.900413 -0.382020 -0.981549 -0.117411 0.110048 -1.113572 -1.549534 -0.128738 0.086248 -0.331529 -0.281256 -0.539546 
146.272919 -27.436363 -2.918542 -2.747064 5.093354 3.336919 0.354580 0.750360 -1.240032 4.578424 0.148520 1.361316 -0.992305 10.653889 -2.776549 -0.885888 0.368058 1.688933 -1.434387 -1.604401 -0.306748 0.859488 0.330203 -0.428178 -0.661230 -0.389275 2.131271 -0.413392 -1.501633 -0.520871 0.295046 0.002160 0.828178 -1.158205 -0.266676 0.022036 0.610593 
148.771805 -24.262894 -3.624005 -2.768051 3.123722 4.987911 -0.574427 0.215357 0.034513 3.995505 0.204820 0.571081 -0.165765 2.333900 -0.685817 -0.682279 -0.836465 1.170593 -0.371277 -0.184330 0.441851 -0.189972 0.414263 0.009083 0.497423 -4.228515 0.786462 0.330006 -0.148946 -0.892179 1.611891 0.931553 -0.066329 -0.759704 -0.084665 0.645362 0.453499 
145.765564 -22.768563 -4.290177 -4.111622 3.420423 5.678105 -0.387974 0.381701 -0.356330 4.198480 0.977047 1.379481 0.002540 2.196858 -1.203625 -0.225876 0.070165 -0.095425 1.789394 0.258706 -0.439406 -0.659921 0.160873 0.862545 0.245769 -1.479160 -1.595879 1.695918 -0.697012 -1.178518 1.085996 0.111456 -0.098772 -0.636668 0.055794 0.131652 -0.189186 
140.837158 -19.869177 -6.031256 -3.219803 3.264052 4.797062 3.004361 0.732768 -0.844299 2.675663 0.526567 2.296171 0.325773 -0.624419 -3.877575 2.709557 -2.230490 -1.186443 1.800715 0.038582 0.244307 -1.463308 0.525851 0.272388 0.119051 -3.452574 -2.361728 1.153254 -1.574757 -0.321197 -0.840905 -0.093697 0.175609 -0.214329 0.150568 -0.691565 -0.217801 
137.857178 -24.017401 -12.045326 1.307492 -1.040557 3.305218 3.213457 0.458865 0.132283 1.271864 2.028749 1.924256 0.240643 -4.708290 -5.927081 2.080632 -3.079349 -0.737819 0.107584 0.071311 -0.088188 -1.088578 0.462010 -0.520585 -0.189833 1.886819 4.362756 -1.581615 0.876109 -0.077464 -1.285528 0.088390 -0.057133 0.406202 -0.959460 -0.293471 -0.045937 
0.000000 -29.285756 -17.885418 0.941461 -2.894646 3.321424 3.219530 0.875390 -1.020674 0.498508 1.450586 1.255001 -0.053893 3.149219 4.847937 -0.453672 -0.478273 -1.341371 -0.770341 0.215363 0.130041 -0.650904 -1.393069 -0.314555 0.027178 4.804205 8.365836 -1.625642 1.998847 -0.367247 -0.598337 0.223846 0.132361 0.562993 -1.129997 0.426891 0.054127 
0.000000 -17.718964 -2.349451 0.400149 -1.997102 0.622476 1.672774 0.889591 0.392366 -0.029943 -0.757389 1.295147 0.294999 4.900120 10.804591 -1.170651 0.918346 -1.472312 -1.089089 0.519002 0.176534 0.037408 -1.797984 0.333197 -0.081578 -4.565067 -0.425365 -0.109440 0.357192 0.762978 0.152582 0.141450 0.167050 0.286454 0.516147 0.122844 0.081466 
145.694672 -19.485517 3.723763 -1.399841 -1.057954 0.376800 1.041351 1.913395 -0.667607 0.573324 -2.145382 1.921395 -0.217050 -5.980915 3.997206 -0.672551 0.236112 0.184584 -0.465178 0.498264 0.464141 -0.077995 -0.360775 -0.068866 0.190110 -9.876069 -7.136900 2.392002 -1.827109 1.282415 0.950025 -0.011737 0.325620 -0.546075 1.328284 -0.300512 0.374139 
126.904526 -29.680794 5.644961 -0.944953 -1.524879 0.991643 0.742418 1.886118 1.320649 -0.185933 -1.478939 1.157415 0.675219 -14.852019 -3.469209 3.613353 -2.735872 1.092518 0.810960 0.495529 0.827773 -1.054741 0.858583 -0.267827 0.666700 2.707667 -5.020980 1.385446 -1.124116 0.588187 0.481104 -0.527020 -0.511510 -0.433476 0.566276 0.062915 -0.020599 
289.417084 -49.189554 -3.214655 5.826865 -6.529698 2.561836 2.663270 2.904452 0.987939 -1.536158 -0.428215 1.385741 1.116350 -0.565580 -6.044753 2.098340 -2.012121 1.360957 0.497030 -0.555777 -0.558878 -0.944946 0.771778 0.056964 0.148912 15.241544 3.265100 -4.106385 2.670536 -0.645134 -1.091794 -0.783121 -1.012801 0.750054 -0.563145 0.060183 -0.528196 
0.000000 -30.811954 -6.444546 3.251727 -5.549121 3.713557 1.736477 0.774565 0.202892 -2.075825 0.064616 1.271342 0.973042 15.631069 3.060991 -4.599417 2.605200 -0.197750 -1.372629 -1.070713 -1.197828 0.445367 -0.267706 -0.147462 -0.389691 3.593163 6.566323 -3.824120 2.844131 -1.643605 -0.459617 -0.143443 -0.285036 0.937738 -0.741162 0.108616 -0.323250 
134.732407 -17.927416 2.907327 -3.371969 -1.319298 2.166336 -0.081987 0.763025 -1.407718 -0.645423 -0.963627 1.090817 0.336967 6.620745 7.087892 -5.549899 3.676142 -1.926253 -0.422204 -0.842662 -1.128950 0.930530 -0.710547 0.274195 -0.497588 -8.060873 -0.039358 0.851715 -0.226069 -0.810308 1.010850 0.003389 0.411308 -0.031360 0.193729 0.188504 0.061364 
130.550644 -17.570464 7.731238 -7.848072 1.803163 -0.138949 0.892069 -0.910759 -2.055007 -0.214764 -1.356477 1.819732 -0.022134 -0.490678 2.982275 -2.895986 2.153063 -1.818367 0.649071 -1.063936 -0.375213 0.382648 0.119752 0.229547 -0.266964 -4.120675 -3.034444 2.415124 -1.636141 0.757357 0.139431 0.286983 0.572693 -0.336295 0.489098 -0.270992 0.205722 
129.751480 -18.908772 8.871876 -9.163941 2.986828 -1.470398 1.216154 -1.364847 -2.158144 0.119874 -0.724123 1.549911 -0.196961 -1.620605 1.019004 -0.719652 0.403859 -0.411539 -0.143342 -0.268696 0.016436 0.257940 0.267648 -0.267789 -0.086144 -1.311740 -1.256744 1.799032 -1.442928 1.488360 -0.405170 0.741463 0.408042 -0.199879 -0.077460 -0.214510 0.203199 
126.291321 -20.811673 9.769246 -9.287376 2.610881 -0.962027 0.605385 -1.448150 -2.022135 0.301115 -0.821180 1.284155 -0.194423 -3.114158 0.468787 0.702078 -0.732794 1.158353 -0.161270 0.418989 0.440872 -0.017109 -0.035167 -0.199473 0.139434 -2.616745 -0.541676 1.069436 -0.956556 1.102589 0.338477 0.870864 0.715167 0.071181 -0.223538 0.118858 0.462360 
122.070915 -25.137088 9.809451 -7.759786 1.521240 0.846308 0.893615 -0.526869 -1.276400 0.085656 -0.794457 1.150965 0.081906 -6.854094 -0.064348 1.419220 -1.509254 1.793640 0.533612 1.473032 1.446770 0.400302 -0.179428 -0.030073 0.838576 2.352086 -0.444009 -0.746806 0.186493 -1.522157 -0.071754 -0.218615 -0.323996 0.410941 -0.283489 0.213155 0.371677 
121.511269 -34.519862 9.640549 -6.448936 -0.407627 2.625253 1.672609 1.497914 0.871404 1.101719 -1.180037 1.224010 1.482728 1.590014 -0.419231 -0.791534 -0.359809 -1.885962 -0.304778 -0.018242 -0.207121 0.804772 -0.602145 0.226836 0.882787 7.476240 -0.220108 -1.528763 1.249031 -2.448741 -0.597890 -1.324690 -1.523493 -0.030559 -0.024147 0.024364 -0.352168 
125.545082 -21.957060 8.970989 -9.342853 0.801623 -2.925616 0.284058 -0.563352 -1.690643 1.695201 -1.998746 1.604638 1.847480 8.098386 -0.504565 -1.638307 0.988808 -3.103842 -0.662168 -1.176348 -1.600215 0.339185 -0.227722 0.018656 0.134240 -0.770028 0.285612 0.638821 0.663841 0.861731 0.414012 0.044610 0.025111 -0.321203 0.323132 -0.267056 -0.553071 
125.379860 -18.323090 8.631419 -9.725550 1.569989 -3.582431 0.348273 -0.854782 -2.329027 1.780089 -1.635480 1.261321 1.751209 0.049957 0.151994 0.486109 0.967873 -0.162501 0.523246 0.070978 -0.156900 0.162367 0.044120 -0.307275 -0.223356 -7.400446 0.205760 1.885617 -0.427814 2.333316 0.765526 0.677353 1.582701 -0.461838 0.153427 -0.057848 -0.203763 
124.332115 -21.857146 9.274976 -8.370635 2.737368 -3.250617 1.330551 -0.421396 -2.004442 2.019936 -1.910506 0.990088 1.400769 -6.702505 -0.093045 2.132927 0.133180 1.562790 0.868884 0.178358 1.565186 -0.584491 0.079132 -0.097040 -0.273286 -2.492717 -0.283409 0.484680 -0.709191 0.779692 -0.072751 -0.054657 0.779897 -0.433391 0.086262 0.172926 0.062645 
123.523598 -31.728100 8.445329 -5.459696 1.836349 -0.456852 2.086040 -0.498065 0.801346 0.611106 -1.477216 1.067242 1.204636 -4.935477 -0.414823 1.455469 -0.450509 1.396883 0.377745 -0.038335 1.402894 -0.704415 0.216645 0.038577 -0.098066 0.883514 -0.160889 -0.338729 -0.291845 -0.082954 -0.245569 -0.108346 -0.081146 -0.059962 0.068756 0.067808 0.087610 
