0.000000 -34.367937 -0.514103 5.688376 -6.608350 -1.963419 -6.997596 1.601224 -0.475622 -0.227580 -0.460493 -0.672880 0.478344 -1.571517 0.072283 -0.194934 0.580378 0.064296 0.294383 -0.407788 -0.071846 0.532507 -0.193946 0.171268 -0.264162 -0.740191 0.180595 -0.856990 -0.030689 -0.261192 0.266540 -0.019416 -0.105036 -0.073794 -0.004164 0.055843 0.038688 
0.000000 -37.510971 -0.369537 5.298509 -5.447593 -1.834827 -6.408829 0.785648 -0.619314 0.837434 -0.848385 -0.330343 -0.049979 -3.051899 0.433473 -1.908913 0.519000 -0.458088 0.827463 -0.446621 -0.281918 0.384919 -0.202275 0.282954 -0.186785 0.349071 -1.649262 -0.715956 0.104628 0.287750 0.890150 0.107684 0.493544 -0.275870 0.442627 0.068132 0.182705 
0.000000 -40.471735 0.352843 1.870550 -5.570349 -2.879595 -5.342670 0.707982 -1.039459 0.542259 -0.865042 -0.106971 0.104773 -0.873375 -3.226242 -1.626845 0.789635 0.639795 2.074684 -0.192420 0.915243 -0.019234 0.691309 0.307532 0.101249 0.334274 -2.788880 1.195147 0.651008 1.521345 0.310462 -0.011628 0.610724 -0.289209 0.356846 -0.156910 0.188184 
0.000000 -39.257720 -6.822020 2.044820 -3.868323 -0.555236 -2.259462 0.400807 1.211171 0.798966 0.534232 0.284721 0.152518 -2.383351 -5.144287 0.481381 1.821017 2.584602 1.448387 -0.469878 0.939529 -0.193499 0.511417 -0.030866 0.189583 -3.554530 1.236686 1.469510 0.236699 -0.466779 -1.031840 -0.326501 -0.659116 -0.180055 -0.467992 -0.236716 -0.119366 
0.000000 -45.238436 -9.935731 2.833313 -1.928316 2.289609 -2.445895 -0.231774 0.839599 0.155261 0.157792 -0.168704 0.483939 -7.982435 -0.752870 1.312175 1.263033 -0.293763 0.011004 -0.845423 -0.402990 -0.379345 -0.244676 -0.165900 -0.137484 2.868605 1.409194 0.457189 -0.856503 -2.250376 -0.622304 0.255992 -0.443444 0.080027 -0.141553 0.161087 -0.156464 
79.277557 -55.222590 -8.327761 4.669169 -1.342256 -1.142762 -2.237453 -1.290039 0.405191 0.040277 0.044880 -0.047079 -0.122450 3.353859 -2.325900 1.395759 0.108010 -1.916150 0.203779 0.042105 0.052642 -0.033444 0.228312 0.291308 -0.123345 7.975356 -1.219161 -0.359932 -0.860723 0.001113 0.213094 0.691157 0.151027 0.427859 0.100807 0.063064 0.150107 
0.000000 -38.530719 -14.587531 5.624830 -1.712296 -1.542692 -2.038337 -0.147564 0.944883 0.088373 0.614416 0.413913 0.237249 7.968277 -3.191192 0.592311 -0.458414 -0.291536 0.437192 0.536892 -0.100935 0.476374 -0.043062 -0.039773 0.162729 0.661250 1.539446 -3.099227 -0.050897 1.400818 0.005887 0.290542 -0.450850 0.153747 -0.267975 -0.178124 0.214832 
0.000000 -39.286037 -14.710145 5.853791 -2.259083 -1.725834 -1.363070 -0.216255 0.203320 0.993025 -0.041244 -0.126624 0.203008 4.676359 0.752993 -4.802695 0.006216 0.885485 0.215554 0.623189 -0.849058 0.274051 -0.307639 -0.064940 0.306318 0.448009 1.291798 -2.989244 0.215444 0.613720 -0.218667 -0.173297 -0.198370 -0.593967 -0.115492 0.098108 -0.007602 
0.000000 -29.178001 -13.081545 -3.980559 -1.699864 0.228279 -1.607229 1.098814 -0.753232 0.636475 -0.000861 0.284033 0.849886 8.864295 -0.607596 -5.386177 -0.027525 0.935904 -0.000143 0.190298 -0.497676 -0.711560 -0.274046 0.156443 0.147524 -1.381847 -1.272029 2.894168 0.221772 -0.294655 -0.015406 -0.622582 0.542127 -0.151290 0.100794 0.082757 -0.259908 
0.000000 -21.557447 -15.925338 -4.918562 -2.314134 0.145973 -1.363357 0.164342 -0.792032 -0.430095 -0.589336 0.186262 0.498057 1.912665 -1.791064 0.985642 0.449760 0.296176 0.184741 -0.621976 0.235197 -0.028529 -0.106051 0.100574 -0.213497 -8.055770 2.059126 5.014263 0.766512 -0.841159 0.124756 -0.270201 0.413283 0.680781 0.121747 0.003910 -0.267381 
0.000000 -25.352672 -16.663673 -2.009274 -0.800343 0.820630 -1.237747 -0.145137 -0.282839 0.579416 -0.212964 0.485180 0.422891 -7.247246 3.510656 4.642349 1.505499 -0.746414 0.249368 -0.350105 0.328891 0.650002 -0.030552 0.164263 -0.387237 -5.397320 3.928601 0.762296 -0.042154 -0.486224 -0.084846 0.159519 0.025899 -0.093432 0.108424 -0.155115 -0.057715 
0.000000 -36.051939 -8.904027 4.366135 0.696864 -1.346854 -0.864621 -0.535867 -0.134251 0.869908 -0.650440 0.514787 -0.276418 -8.881975 6.066138 2.510234 0.365452 -0.676272 0.015049 -0.302937 0.286995 -0.215394 0.110797 -0.209656 -0.328927 2.793162 -0.595479 -3.048099 -0.657476 0.887792 0.073543 0.341268 -0.089027 -0.557652 0.179736 -0.171336 0.349818 
110.891449 -43.116623 -4.531396 3.011194 -0.069440 -0.531914 -1.207648 -0.751011 0.291151 0.148629 0.008631 0.065868 -0.234963 -1.660921 2.319697 -1.453850 0.190547 1.029170 0.396454 0.332432 0.150836 -0.465302 0.328920 -0.178410 0.312399 4.864728 -3.252944 -1.593960 0.067788 0.210434 -0.060292 0.205672 -0.101764 0.025538 -0.068047 0.028207 0.184119 
0.000000 -39.373782 -4.264633 1.458436 1.077959 0.711486 -0.071714 0.128997 0.167421 -0.060696 0.007401 0.157967 0.348380 0.847481 -0.439750 -0.677686 0.501027 -0.255403 -0.105534 0.108407 0.083468 -0.164317 -0.025298 -0.153242 0.039311 -0.723114 -1.454353 0.522828 -0.319892 -0.647228 -0.470550 -0.264620 -0.205648 0.187299 -0.170409 0.072648 -0.217729 
168.461090 -41.421662 -5.410897 1.655823 0.932615 -1.042720 -1.418715 -0.534197 0.458087 -0.180005 -0.041965 -0.240615 -0.156341 -3.107150 -0.589009 -0.408193 -0.449236 -0.265286 -0.544646 -0.196808 -0.260461 -0.090704 -0.011898 -0.033115 -0.123059 -1.625032 0.263206 -0.341777 -0.711301 0.410703 0.133143 0.281323 -0.230164 0.085626 0.044294 0.191914 0.026440 
0.000000 -45.588082 -5.442650 0.642050 0.179487 0.180914 -1.161006 -0.264620 -0.353501 -0.242104 -0.016395 0.091738 0.102262 -2.402584 0.086663 -1.361241 -0.921574 0.566003 0.160752 0.671053 -0.376860 0.006935 0.063290 0.230587 0.092192 2.083366 1.729441 -0.511125 -0.420413 -0.067875 1.019892 0.431732 0.128018 -0.053473 0.141134 0.148995 0.064763 
0.000000 -46.226830 -5.237572 -1.066659 -0.910533 0.089286 -1.097212 0.807910 -0.295634 -0.166135 0.084615 0.220560 0.028043 1.059582 2.869874 -1.430442 -1.290061 -0.401036 1.495138 0.666656 -0.004425 -0.197650 0.270370 0.264874 0.006466 1.404314 2.315147 0.826653 0.056918 -0.581279 0.351493 -0.317843 0.095316 -0.319481 -0.071140 -0.071331 0.054101 
105.765076 -43.468919 0.297099 -2.218834 -2.400635 -0.621159 1.829270 1.068693 -0.362352 -0.637404 0.524344 0.621487 0.115195 0.406044 4.716957 0.292066 -0.807738 -0.596556 0.863738 0.035368 -0.186228 -0.632028 -0.078991 0.087926 0.200394 -0.523430 0.478174 1.628149 1.115061 0.310652 -1.056813 -0.455908 -0.022105 0.081800 -0.331667 -0.377397 -0.010713 
128.049942 -45.414742 4.196343 -0.482528 -2.526010 -1.103825 0.630263 0.878646 -0.668091 -1.430191 -0.073367 0.396412 0.428830 0.012722 3.826223 1.825857 0.940060 0.220268 -0.618489 -0.245160 -0.048636 -0.034050 -0.392963 -0.489920 -0.014959 -0.426987 -1.571155 0.820625 1.439827 0.698413 -0.809774 -0.535654 0.113187 0.702973 0.075844 -0.168061 -0.208512 
138.269485 -43.443474 7.949545 1.432880 -0.520515 -0.180622 0.592293 0.578373 -0.459623 -0.705504 -0.261582 -0.358353 0.085276 -0.447930 1.574648 1.933315 2.071916 0.800270 -0.755810 -1.035941 0.040146 0.773919 0.072698 -0.248196 -0.216630 -0.081241 -1.649542 -0.190798 0.202453 0.037179 -0.052757 -0.290819 -0.119845 -0.032671 0.188977 0.384481 0.129687 
0.000000 -46.310602 7.345640 3.384102 1.617822 0.496714 -0.881358 -1.193235 -0.587799 0.117648 0.072029 -0.099980 -0.004430 -0.149760 0.527140 1.444262 1.344966 0.294626 -0.724002 -0.826797 -0.288325 -0.099391 -0.015010 0.279043 0.244414 3.852566 0.471759 -1.149169 -1.885761 -0.635206 0.734257 0.562233 -0.364321 -0.598742 -0.180306 0.124286 0.120834 
115.074387 -43.742994 9.003825 4.321403 2.169418 0.408630 -0.855711 -1.075222 -1.036273 -0.904287 -0.291601 0.199732 0.574105 7.257202 2.518165 -0.365023 -1.699607 -0.470142 0.712704 0.088526 -0.688496 -0.423564 -0.287914 0.000376 0.025038 2.082853 0.622101 -0.218202 -1.153675 -0.366828 0.349585 0.361184 0.051783 0.015050 0.098674 -0.133604 -0.258804 
245.320709 -31.796198 12.381971 2.654055 -1.781392 -0.443570 0.544049 -1.016183 -1.964790 -0.729480 -0.503799 -0.099227 0.045645 4.015945 1.771343 1.007858 -0.962383 -0.439029 -0.024831 -0.104430 -0.184760 -0.069292 0.182339 0.011835 -0.273193 -3.628520 -1.633206 1.591681 1.916137 0.183224 -0.939699 -0.216619 0.621695 0.236007 0.103377 0.014773 0.059975 
0.000000 -35.711103 12.546511 6.337119 0.244652 -0.469429 -0.905373 -1.284081 -1.405792 -1.042871 0.073077 0.223403 0.027718 0.000162 -0.748247 2.818339 2.132668 -0.103693 -1.166694 -0.344711 0.554895 0.048450 -0.081161 0.029923 0.144987 -0.612415 -1.369728 0.017094 1.127473 0.131412 -0.058984 0.100953 0.188175 0.201558 -0.190445 -0.002456 0.282629 
0.000000 -31.795875 10.885477 8.290732 2.483943 -0.650957 -1.789338 -1.705605 -0.855000 -0.632580 -0.666120 -0.039380 0.335619 2.791115 -0.968114 1.042046 1.292562 -0.176206 -0.142800 0.097476 0.191591 0.333825 -0.198550 0.006923 0.292064 0.375674 0.102862 -1.323383 -0.950755 0.061324 0.646247 0.162471 -0.354147 -0.126342 -0.019319 -0.083069 -0.141387 
250.973633 -30.128874 10.610284 8.421211 2.829777 -0.821840 -1.190972 -1.089129 -1.022611 -0.375221 -0.324022 0.237249 0.611845 0.751509 -0.542523 0.171573 0.231157 0.018954 0.125800 -0.019770 -0.153400 -0.204234 -0.119798 -0.136214 -0.137788 -1.549796 -0.043552 -0.473378 -0.272805 0.516332 0.178001 -0.108459 -0.145669 -0.336252 -0.020727 -0.072511 -0.300951 
0.000000 -30.292856 9.800431 8.633879 2.946258 -0.613049 -1.537738 -1.745145 -1.161800 -1.041049 -0.905716 -0.311809 0.060044 -0.308477 -1.055218 0.095290 0.746953 0.856458 0.213202 -0.119441 -0.099746 -0.338679 -0.240004 -0.138099 -0.309839 -1.876805 -0.018812 -0.248563 -0.055236 0.336054 0.190057 -0.004287 -0.068728 -0.011628 0.152753 0.093178 0.097206 
0.000000 -30.745828 8.499847 8.611792 4.323683 0.891076 -0.764568 -1.328011 -1.222103 -1.052578 -0.804030 -0.038948 -0.007832 -3.002100 -0.580146 -0.325553 0.120685 0.691062 0.505915 -0.028343 -0.290855 -0.227491 0.185709 0.050142 0.056624 -2.880379 0.589981 -0.642216 -0.823013 -0.878139 -0.529937 -0.104493 -0.091298 0.162521 0.118119 -0.177620 0.089167 
0.000000 -36.297057 8.640139 7.982773 3.187628 0.769075 -0.525909 -1.801832 -1.743511 -1.496031 -0.534298 -0.211524 0.173292 -6.069234 0.124745 -1.189141 -0.899072 -0.899820 -0.846672 -0.328426 -0.282342 -0.013636 -0.003766 -0.493340 -0.131505 -0.026536 0.273092 -0.280387 -0.359228 -0.735064 -0.773704 -0.014099 0.275522 0.166419 -0.115729 -0.114644 -0.134022 
0.000000 -42.884295 8.749336 6.233509 2.525539 -0.908565 -2.457912 -1.984863 -1.786787 -1.079850 -0.811563 -1.025628 -0.270841 -3.055173 -0.033963 -0.886326 -0.597772 -0.779067 -1.041493 -0.056541 0.260188 0.105346 -0.045749 -0.179145 -0.211419 4.832952 0.110746 0.973166 0.555059 0.645227 0.702420 0.244845 0.174479 -0.039156 -0.058280 0.333086 0.152838 
0.000000 -42.407402 8.572213 6.210120 1.992085 -0.789059 -2.608895 -1.914914 -1.223134 -1.285339 -0.625796 -0.569814 -0.249545 3.596670 0.346236 0.757190 0.211046 0.390634 0.558168 0.161263 0.066615 -0.091947 -0.120326 0.172832 0.174171 2.452295 0.140378 0.440281 0.433779 0.423853 0.932084 0.037166 -0.225194 -0.198956 -0.159778 0.111932 0.204804 
0.000000 -35.690956 9.441809 7.747889 2.947630 -0.127296 -1.341577 -1.662336 -1.653557 -1.263745 -1.052215 -0.679963 0.077502 1.849418 0.246792 -0.005764 0.269787 0.068638 0.822675 0.017790 -0.190199 -0.292565 -0.365305 0.044720 0.198189 -3.521001 -0.552787 -0.852256 -0.345417 -0.761607 -0.678517 -0.241730 -0.150553 -0.144553 0.064300 -0.121261 -0.293872 
0.000000 -38.708567 9.065798 6.198593 2.531659 -0.651782 -0.963545 -1.879333 -1.603532 -1.870470 -1.356406 -0.480374 0.146833 -3.445332 -0.759337 -0.947321 -0.479788 -1.132580 -0.798867 -0.322196 -0.234491 -0.381054 0.008274 -0.069691 -0.413573 0.245560 -0.247868 0.077969 -0.266130 -0.233862 -0.931362 -0.224557 -0.147410 0.177620 0.230790 -0.277444 -0.368117 
0.000000 -42.581620 7.923136 5.853246 1.988055 -2.392457 -2.939311 -2.306728 -2.122538 -2.025852 -1.035668 -0.819345 -0.749644 2.340537 -0.248944 0.150175 -0.262472 -0.399086 -1.040049 -0.431324 -0.485019 0.062676 0.096275 -0.510168 -0.538044 3.991973 0.378724 0.392910 0.126748 0.761360 0.560594 0.001669 -0.036629 0.084865 -0.283234 -0.129176 0.292392 
0.000000 -34.027492 8.567910 6.498943 2.006715 -1.449954 -3.043643 -2.741980 -2.573570 -1.745118 -1.163855 -1.500709 -0.929255 4.538614 -0.001889 -0.161502 -0.226291 0.390139 0.322321 -0.318858 -0.307750 -0.211324 -0.558193 -0.328043 0.171211 -2.625339 -0.176444 -0.521277 0.033711 0.111250 0.630776 0.168501 0.085202 -0.292181 -0.222578 0.305695 0.334155 
0.000000 -33.504392 7.919357 5.530243 1.535474 -1.612178 -2.294669 -2.944444 -2.738037 -2.448500 -2.152055 -1.475430 -0.407222 -2.910141 -0.601833 -0.892378 -0.195050 -0.176585 0.221503 -0.094323 -0.314615 -0.521687 -0.348880 0.101222 0.130266 -3.042186 -0.233585 -0.192229 -0.141072 -0.358658 -0.508290 -0.026267 -0.076815 -0.109987 0.259023 0.109787 -0.189120 
0.000000 -39.847774 7.364244 4.714187 1.616615 -1.803125 -2.600637 -2.930626 -3.202800 -2.788492 -1.861616 -1.298265 -0.668724 -1.545759 -0.469060 -0.545959 -0.508435 -0.327176 -0.694260 -0.371392 -0.461379 -0.431297 -0.040148 -0.108468 -0.207030 1.121782 0.061359 0.512068 0.001823 0.154604 -0.289443 -0.068347 0.270990 0.220041 0.050464 -0.120928 0.022216 
0.000000 -36.595910 6.981237 4.438325 0.518605 -2.266530 -3.683190 -3.687229 -3.660796 -3.311095 -2.232352 -1.692366 -0.821281 -0.666577 -0.479116 0.131757 -0.191405 0.132623 -0.357383 -0.231016 0.227364 -0.081605 -0.247953 -0.140633 0.174698 -2.332924 -1.127729 0.269416 0.663727 0.602387 0.503830 0.381365 0.631666 0.483316 0.096625 0.267612 0.230522 
0.000000 -41.180929 6.406012 4.977702 1.233805 -1.537879 -3.315403 -3.392658 -2.748071 -2.951703 -2.357523 -1.579532 -0.319327 -6.211607 -2.724518 -0.007127 0.819020 0.877598 0.313399 0.391338 0.801953 0.535335 0.153101 0.426756 0.254015 -3.158142 -2.381308 -0.715010 0.367947 0.537003 1.003682 0.630167 0.290816 0.520364 0.508685 0.407513 0.062580 
0.000000 -49.019125 1.532202 4.424071 2.156645 -0.511334 -3.056392 -2.904552 -2.056891 -2.240425 -1.926150 -0.838853 -0.313251 -6.982862 -5.241732 -1.298262 0.544489 1.206630 1.649981 1.029319 0.808997 0.959123 0.769417 0.674392 0.299859 1.294110 -0.037733 -0.647517 -0.127961 0.192645 0.884438 0.607389 0.272883 0.371294 0.399114 -0.001745 0.055761 
0.000000 -55.146652 -4.077452 2.381177 2.322784 0.875381 -0.015441 -1.334021 -1.130077 -1.033457 -0.818688 -0.230748 0.280390 -3.623388 -2.799985 -1.302161 0.563098 1.262888 2.082275 1.606116 1.347719 1.277922 0.951329 0.423267 0.365536 7.183229 6.419828 1.874424 -0.512222 -1.288662 -1.498593 -0.668781 -0.327410 -0.352025 -0.341517 -0.372716 -0.322778 
0.000000 -56.265900 -4.067768 1.819750 3.282840 2.014443 1.108159 0.307679 0.638548 0.315419 -0.023491 0.007681 0.417821 7.383595 7.597924 2.450585 -0.479955 -1.370693 -1.347205 -0.308243 0.154176 0.255073 0.086384 -0.071041 -0.345696 7.650814 5.751574 2.122133 -0.857379 -1.869716 -2.068954 -1.178169 -0.906975 -0.650604 -0.382766 -0.271698 -0.401740 
0.000000 -40.379462 11.118395 7.282348 1.362874 -1.866005 -2.709851 -1.950507 -0.821725 -0.523312 -0.645920 -0.372829 -0.411003 11.678240 8.703163 2.942106 -1.151660 -2.476543 -2.055633 -0.750221 -0.466231 -0.023286 0.185796 -0.120129 -0.437944 -1.445312 -3.429757 -1.446974 0.547769 0.800903 0.587850 0.334466 0.418447 0.234527 0.173649 0.324874 0.520565 
0.000000 -32.909420 13.338559 7.703962 0.979520 -2.938643 -3.003108 -1.192763 -0.293914 0.268847 0.348101 -0.232577 -0.458066 4.492971 0.738410 -0.443363 0.615583 0.231113 -0.171504 0.360690 0.991071 0.724127 0.433681 0.578708 0.695434 -4.985678 -4.715237 -2.091817 1.129475 2.004949 0.630751 0.188151 0.750338 0.118217 -0.350065 0.453428 0.753934 
148.107285 -31.393520 12.595215 6.395622 2.594041 -1.403779 -3.052859 -1.229128 1.160417 0.924942 0.221443 0.784587 0.979866 1.706884 -0.727311 -1.241528 1.107290 1.533355 -0.794132 -0.373919 1.034446 0.213147 -0.514334 0.786726 1.069924 -1.286720 -0.387975 -0.959207 -0.625300 0.031182 -0.819186 -0.079877 -0.055730 -0.383821 -0.496059 -0.193179 -0.273596 
149.728699 -29.495652 11.883937 5.220907 3.194100 0.128067 -4.591371 -1.940601 1.774978 0.695142 -0.680568 1.340876 1.681782 1.919531 -0.037541 -2.361778 -0.635017 0.293478 -1.809877 0.200936 0.879610 -0.043516 -0.558436 0.192350 0.148243 -0.309628 0.681083 -1.218835 -1.636333 -1.247829 0.161241 0.615572 -0.477016 -0.545584 -0.070674 -0.947163 -0.994952 
150.189011 -27.554459 12.520133 1.672066 1.324007 -0.816824 -6.672612 -0.827256 2.919637 0.837911 -0.895430 1.169287 1.276353 1.087629 0.634854 -3.679198 -2.165376 -0.962302 -0.471649 0.857224 0.080414 -0.878020 -0.655683 -1.107600 -0.919981 -0.960810 0.135294 -0.554231 -0.383768 -0.134960 1.550684 -0.027772 -1.345328 -0.610896 0.065129 -0.768810 -0.506147 
149.742218 -27.320394 13.153645 -2.137490 -1.136652 -1.796538 -5.534669 -0.226152 1.935805 -1.060898 -1.991934 -0.874323 -0.158179 -0.002089 0.233048 -3.470240 -1.402552 0.023557 1.291492 0.145393 -1.811046 -1.265307 -0.428179 -1.345270 -0.864051 -0.345985 -0.191644 1.096565 1.260400 1.192369 1.201091 -0.280521 -0.874140 0.227069 0.901711 0.644042 0.289687 
149.828735 -27.558636 12.986228 -5.268413 -1.481097 -0.769709 -4.089627 -0.536470 -0.702456 -1.692703 -1.751787 -1.521253 -0.451750 0.395658 0.251567 -1.486068 0.355424 1.422436 1.930534 0.296182 -1.667866 -0.423881 1.147738 0.180485 -0.340607 -0.415133 -0.320277 1.413433 1.012683 0.891129 0.073799 0.134987 0.925750 0.641492 0.849197 1.160396 0.280155 
149.836563 -26.529078 13.656778 -5.109626 -0.425804 1.048334 -1.673602 0.366212 -1.399928 -1.908660 0.303541 -0.513354 -0.839393 -0.832354 -0.407507 -0.643373 0.622814 1.805815 1.439089 0.415366 0.040454 0.017676 1.270216 0.975522 -0.303741 -0.727606 -0.689231 0.262703 0.213918 -0.148980 -1.069450 -0.101784 1.460346 0.357736 -0.442743 0.341793 0.224118 
146.733612 -29.223344 12.171215 -6.555159 -0.235470 2.841922 -1.211449 0.294263 -0.621548 -1.657351 0.788646 0.429792 -1.059232 -1.059555 -1.126895 -0.960661 0.783260 1.124476 -0.208365 0.092614 1.252826 0.291590 0.262252 0.864070 0.107630 1.706673 0.448913 0.372605 -0.350504 -1.139576 -1.378864 -0.524011 -0.092423 -0.217367 -0.890565 -0.590314 0.145781 
145.762527 -28.648188 11.402989 -7.030949 1.140716 3.297286 -2.090333 0.551441 1.105724 -1.325481 0.828046 1.214785 -0.624134 2.580992 0.490320 0.101836 -0.078194 -0.473337 -1.318640 -0.632655 -0.144393 -0.417058 -0.510913 -0.205106 -0.012180 1.807475 0.734910 0.880132 -1.235528 -1.398434 -0.475058 -0.703775 -1.193483 -0.158361 -0.624780 -0.682824 -0.002339 
155.603363 -24.061360 13.151855 -6.351486 -0.391858 1.895247 -3.848728 -0.971047 -0.910334 -2.491468 -0.233180 0.019579 -1.083591 2.555395 0.342925 0.799602 -1.687796 -1.672393 -1.158482 -1.314936 -1.134140 -0.025132 -0.987307 -0.501579 0.102952 -0.365813 -1.194970 0.443352 -0.444249 -0.131996 0.419905 0.197911 0.173941 0.750835 0.147375 0.306521 0.426713 
162.144409 -23.537397 12.088839 -5.431745 -2.234877 -0.047499 -4.407296 -2.078431 -1.162555 -1.375744 -1.146569 0.211627 -0.418230 1.849365 -1.899620 0.988541 -0.966692 -0.737329 -0.478830 -0.236833 0.203490 1.084612 -0.216164 0.407935 0.841246 0.195735 -1.748859 0.268872 0.482266 1.074846 0.416404 0.994648 0.775526 0.179068 0.835315 0.462446 0.338299 
0.000000 -20.362629 9.352616 -4.374405 -2.325242 0.420590 -4.806387 -1.444712 -0.503354 -0.322245 -0.665507 0.835449 0.598901 2.946865 -3.154793 1.337346 -0.723264 0.477300 -0.325674 0.674360 0.416913 0.333003 0.683323 0.423313 0.779549 0.048176 -0.774565 0.388501 0.232308 0.333596 0.383083 0.313194 0.100662 -0.920201 0.283532 -0.098502 -0.608448 
188.676224 -17.643668 5.779253 -2.757052 -3.681405 0.907101 -5.058644 -0.729712 -0.328730 -0.709738 0.220078 1.058252 1.140869 1.945718 -3.448749 1.765543 -0.502076 -0.070136 0.287336 0.389555 0.404815 -0.755791 0.350900 0.210930 -0.375651 -2.539618 0.379018 0.043231 0.756379 -0.434742 0.753009 -0.448080 -0.292780 -0.366498 -0.367050 -0.327938 -0.654202 
194.363251 -16.471194 2.455117 -0.843318 -3.329394 0.280317 -4.231714 -0.665603 0.306275 -1.833827 0.036292 1.257309 -0.152400 -2.132371 -2.396757 1.423809 0.789494 -0.392183 1.180345 -0.221801 -0.168646 -0.399993 -0.050777 -0.232563 -0.528854 -6.022476 0.093212 -0.928243 1.063637 -0.687303 0.955493 -0.350961 -0.485992 0.853045 -0.125105 -0.340195 0.360886 
197.238968 -21.908410 0.985739 0.090566 -2.102416 0.122735 -2.697954 -1.173314 -0.666023 -1.509724 0.118524 0.593126 0.083162 -10.099235 -3.262324 -0.090943 1.625199 -1.444742 2.198323 -0.312368 -0.567169 0.950300 0.100690 -0.469459 0.346121 -5.495125 -1.762807 -1.755102 -0.017595 -1.319658 0.489573 0.142788 0.417385 0.526418 0.208203 0.212197 0.496161 
192.250153 -36.669663 -4.069531 -1.025204 -0.078997 -2.609167 0.164932 -1.290338 -0.828063 0.066773 0.237671 0.318391 0.539841 -13.122622 -5.922371 -2.086395 0.754304 -3.031498 2.159490 0.063775 0.666124 0.652843 0.365629 0.191832 0.463468 2.643246 0.953608 0.287009 0.018747 0.444867 -0.738925 0.039044 0.576621 -0.617554 -0.099310 0.129057 -0.271450 
0.000000 -48.153654 -10.859004 -4.082224 -0.593809 -5.940261 1.621027 -1.045764 0.666225 -0.204039 0.849782 0.976789 1.010098 -4.812743 -1.355108 0.483076 1.662693 -0.555007 0.720472 -0.234279 0.586074 -0.284808 -0.097930 -0.211344 -0.196780 7.025937 3.981000 2.048991 0.582897 2.071019 -1.083533 -0.210171 -0.413597 -0.401122 -0.384808 -0.366188 -0.447688 
0.000000 -46.295150 -6.779746 -0.059053 3.246389 -3.719182 1.605876 -1.758897 0.344084 -0.502843 0.041810 -0.104298 0.146282 0.929252 2.039629 2.011586 1.920099 1.110540 -0.007575 -0.356567 -0.161070 -0.149402 -0.403986 -0.540544 -0.431908 2.870998 1.697368 0.764255 0.128703 0.832774 -0.364024 -0.061144 -0.373572 0.067703 -0.153028 -0.164600 -0.117564 
