157.979126 -32.200374 3.864407 -0.905821 -3.606042 -0.187532 2.066496 -3.082848 2.804510 -1.140456 -0.820768 0.930664 0.115205 6.934860 0.405474 -3.013539 1.894170 -1.118384 -0.315394 0.634262 -0.371065 0.343566 -0.144645 -0.548773 -0.059511 -1.487757 0.115658 -0.063848 0.319043 0.587871 -0.460708 0.120012 -0.046803 0.491983 0.165886 0.141194 -0.132405 
154.997070 -18.330653 4.675355 -6.932898 0.182298 -2.424300 1.435707 -1.814323 2.062379 -0.453325 -1.110059 -0.166881 -0.003816 3.959347 0.636791 -3.141235 2.532256 0.057359 -1.236811 0.874286 -0.464671 1.327532 0.187126 -0.266386 -0.324320 -5.499036 0.165120 1.221924 -0.626645 1.730456 -0.851694 0.193925 0.165628 0.536633 0.474696 0.361733 0.013015 
152.748672 -24.281680 5.137988 -7.188290 1.458470 -0.072815 -0.407127 -1.334275 1.875167 1.514609 -0.446516 0.397893 -0.533435 -4.063213 0.735714 -0.569690 0.640881 2.342527 -2.018783 1.022112 -0.039810 1.416832 0.804746 0.174693 -0.033481 -2.478849 0.072338 1.172442 -1.260050 0.522391 -0.039607 0.039018 0.090935 -0.397054 0.000294 0.160400 0.460345 
152.513474 -26.457079 6.146784 -8.072278 1.464059 2.260755 -2.601859 0.229901 1.982759 2.380339 0.499433 0.182505 -0.070778 -0.998352 0.781466 -0.796351 0.012156 1.102141 -1.316025 0.952323 -0.282801 0.533424 0.187713 0.054415 0.596370 3.872680 -0.068645 0.131777 -0.215672 -2.171900 1.346774 -0.469557 -0.187936 -1.157922 -0.701460 -0.263158 -0.057204 
151.440048 -26.278384 6.700920 -8.780991 1.482782 2.131468 -3.039176 0.570370 1.309565 2.581457 -0.071089 0.506722 0.659304 3.682147 0.598424 -0.306136 0.209537 -2.001272 0.674765 0.082999 -0.415683 -0.899013 -0.598174 -0.351624 -0.147890 2.807240 -0.563461 0.231926 -0.198016 -1.934668 1.296762 -0.503022 -0.103258 -0.818362 -0.390813 -0.289369 -0.537298 
151.302460 -19.092784 7.343632 -8.684549 1.883133 -1.741789 -1.252329 0.395899 1.151394 0.582314 -0.696915 -0.520742 -0.366558 4.616129 -0.345455 -0.332498 -0.383876 -2.767195 1.277499 -0.053721 -0.489317 -1.103299 -0.593912 -0.524322 -0.478226 -1.147071 -0.849019 0.137348 -0.616176 0.779645 0.001864 -0.017556 0.078270 0.147231 0.300436 0.245248 0.179069 
150.527985 -17.046126 6.010009 -9.445987 0.715031 -3.402923 -0.484177 0.462928 0.330930 0.374859 -1.258913 -0.541922 -0.297149 1.388005 -1.099615 -0.031439 -1.022815 -0.441982 0.678493 0.047887 -0.259143 -0.604551 0.002697 0.138873 0.210248 -2.219816 -0.015207 0.500310 -0.076874 1.428101 -0.324329 -0.105771 0.336572 0.264658 0.391792 0.373371 0.313532 
151.223633 -16.316774 5.144403 -8.747427 -0.162497 -2.625754 0.104656 0.491673 0.633108 -0.626788 -0.691520 -0.242997 0.053938 0.176497 -0.375868 0.668121 -0.537624 0.089006 0.628841 -0.265263 0.183827 -0.573984 0.189671 0.222420 0.148837 -0.739335 0.404374 0.402761 0.578827 -0.229251 0.204480 -0.400807 0.262578 0.216020 -0.131520 0.029558 -0.058207 
151.098251 -16.693132 5.258272 -8.109745 -0.360217 -3.224911 0.773504 -0.067599 0.698585 -0.773109 -0.879571 -0.097082 0.000524 -0.090665 -0.290866 0.774083 0.134838 -0.900484 1.087452 -0.753727 0.266013 -0.172511 -0.260342 0.197989 0.093835 -0.234997 0.179602 -0.067178 0.430249 -0.537171 0.273857 -0.250448 0.074683 0.269736 -0.260412 0.011615 -0.110417 
150.360672 -16.498104 4.562671 -7.199260 0.107178 -4.426721 2.279561 -1.015782 1.165135 -0.971809 -1.212204 0.152980 0.241608 -0.293496 -0.016664 0.533765 0.322873 -0.985336 1.176554 -0.766159 0.333193 -0.034512 -0.331153 0.245650 -0.071997 0.396119 -0.007147 -0.577535 0.086086 0.289891 -0.145767 0.173448 -0.350668 0.419450 -0.260057 -0.072044 0.137005 
149.979980 -17.280125 5.224945 -7.042215 0.285530 -5.195582 3.126613 -1.599916 1.364970 -0.842133 -1.541876 0.394218 -0.143470 0.701572 -0.305160 -0.380986 0.307010 -0.320702 0.795917 -0.406831 -0.435322 0.666389 -0.780456 0.053901 0.367846 1.361893 -0.967620 -0.249156 0.012661 0.482746 -0.179789 0.332976 -0.605447 0.492543 -0.164502 -0.159949 0.296966 
149.404175 -15.094960 3.952350 -7.961233 0.721198 -5.068125 3.871396 -1.829444 0.294490 0.360969 -2.773115 0.260782 0.977299 2.430290 -1.951903 0.035452 0.348196 -0.019843 0.816976 -0.100206 -0.877702 0.950574 -0.660157 -0.074249 0.521934 -0.586447 -1.153523 1.203715 -0.100559 0.716026 -0.547449 0.729885 0.206327 0.313649 0.067235 0.194124 -0.054453 
149.252457 -12.419544 1.321139 -6.971311 0.981922 -5.235268 4.760565 -1.800327 -0.390435 1.059014 -2.862191 0.245721 0.900399 -0.471322 -2.612206 2.026443 0.105892 1.111351 -0.298980 1.052940 -0.022667 1.293687 -0.645986 0.442149 0.258939 -2.301319 0.249304 1.022908 -0.079850 0.509801 -0.530474 0.910628 0.615664 -0.204076 0.062312 0.335395 -0.242888 
147.352036 -16.037603 -1.272062 -3.908347 0.932982 -2.845423 3.273435 0.276436 0.249155 2.948344 -4.065086 1.145081 1.495177 -2.172348 -1.453295 2.081268 0.188497 0.999759 -0.243971 1.721051 0.353625 0.542421 -0.535534 0.596541 0.036158 0.310641 1.658642 -0.951274 0.301591 -0.786730 0.688067 -0.300472 -0.161389 -1.522372 0.510242 -0.004177 -0.370070 
143.932434 -16.764240 -1.585451 -2.808774 1.358916 -3.235750 4.272622 1.641775 0.316815 2.143856 -3.933258 1.438803 0.972714 0.149961 0.705078 0.123895 0.709075 -0.462108 1.077153 0.451996 -0.345445 -1.751057 0.374498 0.433796 -0.481201 1.180434 0.709438 -0.878200 0.162881 -0.381941 0.199004 -1.192597 -0.341315 -1.069393 0.691717 -0.200068 -0.158022 
135.591736 -15.737681 0.138095 -3.660557 2.351132 -3.769640 5.427741 1.180427 -0.441735 -0.553771 -3.316090 2.012673 0.532775 0.188521 -0.034420 0.324869 0.514260 0.235878 0.154037 -0.664143 -0.329005 -1.596364 0.847900 0.196406 -0.279886 -1.039028 -1.376846 0.751961 -0.561770 0.566563 -0.721982 -0.497600 0.088948 0.641971 0.209325 -0.253023 0.149264 
128.832870 -16.387199 -1.654292 -2.159036 2.387435 -2.763995 4.580696 0.313489 -0.341194 -1.048872 -2.237458 1.831615 0.412942 -1.928094 -2.048614 1.627817 -0.414465 0.671017 -0.366810 -0.543204 -0.167550 -0.467115 0.793148 -0.072250 -0.182673 -5.146816 -0.748566 0.386305 -0.409173 0.115472 -0.134908 0.362112 0.279798 0.363885 -0.089472 -0.066940 0.178716 
121.993629 -19.593869 -3.959133 -0.404924 1.522202 -2.427606 4.694120 0.094019 -0.776835 -1.488000 -1.729793 1.868174 0.167428 -10.105111 -1.531553 1.097478 -0.304087 0.466823 -0.115780 0.060082 0.230592 -0.868594 0.668957 0.062525 0.077546 -10.351495 0.777060 -0.208993 0.189394 0.441620 -0.732499 0.097407 0.496700 0.218910 -0.135432 -0.264776 -0.131548 
119.786957 -36.597422 -4.717397 0.035921 1.779261 -1.830349 4.349136 0.433653 0.119990 -2.786061 -0.899545 1.956666 0.568034 -22.631083 -0.494494 1.209831 -0.035676 1.554257 -1.831808 -0.348390 0.825850 -0.029294 0.522284 -0.601802 -0.445768 1.523593 0.257831 -0.741300 1.515249 -0.327511 -0.841081 -0.353137 -0.003454 1.363189 -0.390625 -0.465130 -0.239948 
224.687698 -64.856035 -4.948122 2.014739 1.450849 0.680908 1.030504 -0.602760 0.874866 -1.546589 -0.685224 0.664569 -0.724108 -7.057925 -1.015890 -0.385121 2.726410 -0.188199 -1.797941 -0.646192 0.223683 1.857784 -0.112293 -0.867734 -0.402351 20.437658 -0.378505 -1.834327 1.731476 -0.975495 1.315554 0.321557 -0.466229 0.879287 -0.233557 0.326172 0.326816 
207.851379 -50.713272 -6.749178 -0.734320 7.232081 -2.206747 0.753253 -0.858732 0.567356 0.929506 -1.124131 0.221198 -0.236667 18.244232 -1.251504 -2.458822 3.427276 -0.396732 0.799300 0.294724 -0.106607 1.729280 0.055170 0.050542 0.207863 11.134782 0.691162 -0.777694 -1.203217 0.766778 1.542636 0.716026 -0.272942 -0.867528 -0.047196 0.600925 0.152910 
0.000000 -28.367571 -7.451129 -2.902905 8.305402 -0.112557 2.629103 -0.013312 0.661652 1.911971 -0.574885 0.765652 -0.308383 15.211639 0.366433 -1.940508 0.319975 1.345358 1.287330 0.785859 -0.322201 0.122728 -0.206685 0.334116 -0.096530 -6.308051 1.655251 0.623590 -2.172711 0.087589 -0.207208 -0.073288 -0.265629 -1.185821 -0.280085 0.198154 -0.179951 
151.539490 -20.289995 -6.016311 -4.615336 7.872031 0.483968 3.327913 0.712986 -0.077047 1.174962 -1.537502 0.889429 -0.429727 5.628131 2.058998 -1.211642 -0.918145 -0.221554 0.384883 0.148148 -0.637866 -0.642363 -0.505001 0.446851 -0.152040 -6.436052 1.162201 0.686752 -1.355847 -1.369626 -0.278251 -0.879924 0.012544 -0.486514 0.090844 -0.038257 0.117666 
152.729507 -17.111310 -3.333134 -5.326188 6.469113 -0.555665 3.398869 0.282984 -0.614080 0.627245 -1.584887 1.659354 -0.612463 2.339535 2.690836 -0.567004 -2.391719 -1.393895 0.730829 -0.973989 -0.297113 -0.850301 -0.024997 0.257602 0.138803 -2.157374 -0.100034 0.342472 -0.717804 -0.753008 0.295282 -0.444241 0.322469 -0.100493 0.447765 -0.382748 0.269943 
145.495285 -15.610925 -0.634640 -5.749345 3.088593 -2.303821 4.789571 -1.234991 -0.671273 -0.525639 -1.587495 1.404633 -0.152121 1.313383 1.858930 -0.526697 -2.353753 -1.727570 0.975447 -0.740333 0.007071 -0.843349 0.390530 -0.318645 0.387846 -0.866899 -0.934360 0.173985 0.585736 0.308621 -0.512478 0.580814 0.382209 0.441678 0.220999 -0.488868 0.067421 
138.044052 -14.484543 0.384727 -6.379581 1.761607 -4.010806 5.349763 -1.197683 -0.599937 -1.059453 -0.803827 1.022064 0.163229 0.605737 0.822116 -0.219034 -1.220247 -0.776652 -0.294127 0.187639 0.467304 0.033055 0.417002 -0.720135 0.273645 -0.799624 -1.032265 0.406516 0.900473 0.975680 -0.972854 0.487512 0.381134 0.833787 -0.248299 -0.138248 -0.229885 
136.360855 -14.399452 1.009592 -6.187413 0.648099 -3.857125 4.201318 -0.859714 0.263336 -0.459528 -0.753490 -0.035637 0.395169 -0.285865 -0.205600 0.286335 -0.552807 0.223789 -0.970261 0.234690 0.769340 0.824224 -0.106068 -0.595141 -0.071923 -3.484833 -0.432635 0.917577 0.429816 1.139529 -0.209768 -0.021857 -0.184570 0.548029 -0.330966 0.420406 -0.169466 
138.283371 -15.056274 -0.026473 -5.806910 0.655994 -3.563227 3.409241 -0.728302 0.938742 0.588995 -1.015963 -0.168217 0.019382 -6.363929 -0.043154 1.616120 -0.360615 1.502406 -0.713664 0.143925 0.098164 1.129113 -0.244929 0.120677 -0.065286 -6.554971 0.227493 1.651339 -0.800971 1.649375 -0.851839 0.215802 -0.548298 -0.432927 -0.075489 0.170165 0.140338 
138.526581 -27.127310 0.923284 -2.955172 -0.073132 -0.852313 2.773990 -0.571864 0.459663 1.798698 -1.243349 0.205717 0.264596 -13.395808 0.249386 3.589013 -2.154748 3.522540 -2.673939 0.666294 -0.327256 -0.041631 -0.257046 -0.254810 0.208752 -2.619881 -0.508406 0.917762 -0.257301 -0.416438 -0.991549 0.323351 -0.347797 -0.828409 0.276235 -0.273956 0.174742 
138.781601 -41.847890 0.472299 1.371116 -3.653502 3.481854 -1.938636 0.604286 0.284231 0.505734 -1.530054 -0.677838 0.436886 -11.603690 -1.059967 3.451645 -0.875217 0.669529 -2.696762 0.790627 -0.597431 -0.527706 0.307540 -0.427235 0.284198 10.006538 -1.498291 -1.407834 1.592966 -4.243898 2.433676 0.029509 0.059553 0.136231 0.322121 0.231104 -0.036375 
109.717758 -50.334690 -1.196651 3.948117 -1.823566 0.486745 -2.619534 1.009389 -0.735199 0.743286 -0.628269 -0.648753 0.832992 6.617267 -2.747196 0.773345 1.031184 -4.965255 2.193414 0.725312 -0.208149 0.230832 0.387196 0.207397 0.136003 12.295514 -1.365717 -2.085059 0.364313 -1.894944 2.429489 -0.063129 0.507840 0.254629 -0.157712 0.334223 -0.276092 
221.611649 -28.613356 -5.022093 2.917806 -1.591134 -6.448657 2.448192 2.054910 -0.132067 0.967397 -0.755661 -0.263045 0.708891 12.987338 -3.791402 -0.718473 -0.146592 -3.120359 2.162217 0.664369 0.418249 -0.018448 -0.007883 0.241212 -0.267985 -3.397203 -0.335612 -1.394429 -0.954002 2.604006 -1.892097 -0.480453 0.351654 -0.466613 -0.096163 -0.144174 -0.188489 
0.000000 -24.360013 -8.779454 2.511172 -2.116750 -5.753972 1.704900 2.338128 0.101299 0.706391 -0.644036 -0.166329 0.297021 -0.177138 -3.418421 -2.015513 -0.876820 0.242757 -1.590779 -0.235594 0.495159 -0.702395 0.194870 -0.080951 -0.240975 -6.749983 3.190957 -0.069401 0.509858 2.314911 -1.784348 -0.776187 -0.059071 0.080820 -0.065779 -0.255845 0.187523 
0.000000 -28.967631 -11.858935 -1.113221 -3.344774 -5.963143 -0.733367 1.583722 0.858252 -0.437392 -0.365922 -0.424947 0.226942 -0.512628 2.590512 -0.857274 0.873124 1.509463 -1.406479 -0.888005 0.300106 0.143192 -0.139441 -0.270477 0.107061 3.266302 5.524783 0.464731 1.499965 0.566107 0.823340 -0.425056 -0.456483 0.940376 -0.271081 -0.055455 -0.030865 
0.000000 -25.385270 -3.598431 0.796624 -0.370502 -2.735046 -1.108059 0.562118 0.701511 0.992775 -0.922918 -0.707284 0.511143 6.355467 7.631145 -1.086052 2.123111 1.374971 0.055901 -1.085706 -0.417806 1.178358 -0.347293 -0.191861 -0.302705 3.588468 -0.231169 -0.608144 0.169230 -0.965024 0.713281 0.205196 -0.555886 0.366262 0.005321 0.208431 -0.302893 
168.918045 -16.256698 3.403354 -3.285325 0.901448 -3.213200 -0.621565 -0.587689 0.022640 1.919323 -1.060508 -0.808670 -0.378469 6.664307 2.128174 -2.073563 1.211583 -0.420585 0.020082 -0.477612 -0.811666 0.875717 -0.128799 0.146385 -0.498725 -2.439225 -4.769502 0.927501 -0.456290 -0.447066 -0.155331 0.374771 -0.046270 -0.336105 0.023065 0.310255 0.234136 
161.588104 -12.056657 0.657918 -3.350502 2.052663 -3.576216 -1.067895 -0.393106 -0.921820 2.744208 -1.180516 -0.414514 -0.486308 1.477016 -1.907859 0.768951 1.210530 0.480839 -0.254761 -0.336164 -0.510345 0.506147 -0.301163 0.428648 0.165566 -4.464356 -1.643920 2.059192 -0.053415 1.015842 -0.159594 -0.152703 0.510168 -0.385452 -0.109649 0.098021 0.364466 
159.430923 -13.302666 -0.412363 -1.747423 3.322508 -2.251523 -1.131087 -1.260017 -0.998050 2.931617 -1.662833 0.048626 -0.047338 -2.264406 -1.159667 2.044821 1.104753 1.611099 -0.299107 -0.783019 0.208670 0.104813 -0.348096 0.342428 0.230207 -1.390406 0.803472 0.135794 -0.629586 -0.174966 0.166096 0.224298 0.632659 -0.188499 0.274356 -0.225196 -0.158385 
154.722916 -16.585469 -1.661416 0.739139 4.262169 -0.354018 -1.666109 -1.959144 -0.504481 2.953833 -1.876708 0.270341 -0.025894 -1.303795 -0.300916 1.040540 -0.048642 0.130906 0.077430 0.112432 0.754972 0.129148 0.247550 -0.021745 -0.151205 1.097773 1.239925 -1.845109 -1.130559 -1.587045 1.122746 0.906532 0.287295 -0.402125 0.260187 -0.135227 -0.145123 
139.613541 -15.910257 -1.014195 0.333656 3.225223 -1.989710 -0.976226 -1.035153 0.511895 3.189913 -1.167734 0.005136 -0.349748 -0.068859 1.320184 -1.645398 -1.156365 -1.562990 1.946385 1.030044 0.783259 -0.699438 0.172279 0.071974 -0.060039 0.378916 0.160116 -1.564777 0.204694 -0.020552 1.431438 0.128571 -0.252106 -1.031033 -0.204344 0.230318 0.217776 
128.844696 -16.723187 0.978952 -2.551656 1.949439 -3.479999 2.226660 0.100944 1.062038 1.554958 -1.532150 0.414289 -0.145973 -0.545964 0.019316 -2.089014 0.360745 0.089802 2.940306 0.369575 0.250760 -1.932917 -0.161138 0.438890 0.284348 -0.549311 -1.733363 0.551343 1.367439 1.853075 -0.501361 -0.669909 -0.348067 0.050532 -0.191921 0.077363 0.097257 
123.632652 -17.002184 -0.975562 -3.844372 3.946713 -1.810107 4.904385 -0.296003 1.013415 -0.675921 -1.490009 0.882917 0.218947 -1.167480 -2.146542 -0.542712 1.578513 2.143160 0.943664 -0.309774 0.087126 -0.598373 -0.211564 0.226700 0.134474 -1.692427 -0.975664 1.138994 -0.150981 0.901224 -1.508808 -0.135634 0.070241 1.599923 -0.303651 -0.029102 -0.090753 
123.692108 -19.058148 -3.314132 -3.637080 5.106465 0.806322 4.113987 -0.518603 1.236289 0.358213 -1.955278 0.867689 0.122976 -3.930818 -1.932012 0.188974 0.058783 1.892250 -0.077311 0.098306 0.391243 1.266930 -0.768440 0.380687 0.102841 -4.724854 1.192897 1.246575 -2.183195 -0.824115 -0.142310 0.528347 0.483229 -0.029773 -0.239173 -0.092078 0.231695 
126.087082 -24.863820 -4.839586 -3.466424 4.064278 1.974393 4.749764 -0.099390 1.795900 1.857938 -3.026889 1.644292 0.424629 -10.617189 0.239253 1.950438 -2.787878 0.494931 0.659044 0.746921 1.053584 -0.657919 -0.689911 0.042543 0.597864 -5.376876 1.961442 1.509871 -1.945953 -1.298247 -0.125313 0.159623 0.364151 -1.912398 1.061257 -0.873239 0.187346 
124.873718 -40.292526 -2.835626 0.263795 -0.469291 1.796183 5.432075 0.975238 3.343457 -0.957625 -3.335100 0.952776 1.318705 -14.684571 1.990871 3.208716 -3.833124 -0.704244 -0.327937 0.417552 1.119544 -2.557867 1.354075 -1.365791 0.477532 7.880775 0.803367 -0.700746 2.539074 -2.113466 -0.972727 -0.455083 -1.053851 0.385543 0.752002 -0.000816 -0.679343 
62.527420 -54.232961 -0.857844 2.951008 -3.601970 0.565904 4.093890 0.735713 4.034989 -3.257796 -0.318740 -1.087291 1.379694 5.144360 1.845987 0.548945 2.290270 -3.732001 -1.286411 -0.163245 -1.054119 0.113167 0.814093 0.040911 -0.760822 16.655863 -1.047018 -2.567423 3.695731 -1.040706 -0.091026 -0.186087 -1.343988 2.255286 -1.051521 1.027970 -0.697851 
287.080505 -30.003805 0.856348 1.361685 4.111248 -5.667818 2.859253 0.648749 1.235219 -0.731292 -1.706914 1.034598 -0.202940 18.627155 -0.103164 -1.926130 3.558339 -2.785656 -0.509989 0.045379 -1.568432 1.952706 -0.748967 0.690148 -0.918169 1.339192 -1.275438 -1.218491 -1.110261 1.836259 0.562494 0.094314 0.389624 0.441961 -0.581919 -0.095436 0.226423 
133.319092 -16.978651 -1.064173 -0.901253 3.514707 -5.005408 3.073912 0.826471 0.898126 0.647616 -1.816674 0.293006 -0.456644 7.822745 -0.704888 -1.888037 0.069747 -0.059482 -0.161423 0.025383 -0.274871 0.997088 -0.349744 -0.149960 -0.307977 -8.571445 0.045901 0.761912 -1.864115 1.469170 -0.111018 -0.033817 0.793278 -0.847337 0.396123 -0.304391 0.364220 
145.349533 -14.358315 -0.553427 -2.414388 4.250742 -5.786783 2.536407 0.699515 0.685477 1.262884 -2.406401 0.734678 -0.818893 1.484266 -0.011362 -0.402306 -0.169892 0.152684 -0.732025 -0.022256 0.018123 0.258032 0.043279 0.081367 -0.189729 -3.840008 0.077675 1.095481 -0.321702 0.257529 -0.059326 -0.143078 0.276969 -0.617290 0.337157 -0.057385 0.217172 
139.369644 -14.010119 -1.086898 -1.705864 3.174924 -4.700039 1.609862 0.781959 0.934373 1.163681 -1.730115 0.455740 -0.836103 0.142728 -0.549538 0.302925 -0.573657 0.455575 -0.280075 -0.260772 0.279066 -0.237492 0.324571 -0.264730 0.126367 -1.416474 -0.127905 0.218280 -0.287750 0.174833 0.601236 -0.103380 0.031903 -0.269276 -0.041680 -0.013195 0.188803 
135.149628 -14.072858 -1.652502 -1.808539 3.103428 -4.875632 1.976258 0.177970 1.243609 0.787900 -1.757259 0.205218 -0.566160 -1.348683 -0.267173 0.034254 -0.745392 0.502350 0.470448 -0.229015 0.081929 -0.280519 -0.040081 0.054976 0.187877 -4.017430 0.004489 0.436668 -0.490547 0.255179 0.381268 0.490791 -0.187261 -0.159551 -0.101549 0.176579 0.200076 
125.866600 -16.707484 -1.621243 -1.637355 1.684140 -3.695339 2.550757 0.323929 1.098232 0.602642 -1.810277 0.565692 -0.460348 -7.892133 -0.540560 1.176260 -1.554751 0.965934 0.482461 0.720810 -0.095457 -0.556594 0.121473 0.088428 0.526519 -5.807003 -2.515632 1.204304 0.588172 0.504177 -1.230734 0.718774 -0.650296 -0.271114 0.698171 -0.487220 -0.066250 
126.324333 -29.857124 -2.733622 0.543981 -0.006074 -2.943764 2.941180 1.619591 1.052695 -0.325288 -1.514313 0.382075 0.486878 -12.962689 -5.298438 2.442862 0.430951 1.510704 -1.991021 1.208532 -1.218663 -0.822747 1.356261 -0.919463 0.055376 3.592023 -3.289233 -0.938049 0.697536 -0.073670 -0.794250 0.443677 -0.278353 0.169410 0.385474 -0.371500 -0.462358 
120.253487 -42.632862 -12.218118 3.248369 2.546042 -0.673930 -1.431284 2.740994 -1.339093 -1.042852 0.902245 -1.273234 -0.349595 -0.708086 -7.119026 -0.699838 -0.159679 0.818594 -1.106039 1.608164 -0.652162 -0.217773 0.892421 -0.654571 -0.398196 8.532262 1.617765 -2.186244 -1.168249 -1.146364 1.561013 -0.139219 0.863451 0.343550 -0.852207 0.696525 -0.030677 
0.000000 -31.273295 -16.971673 -0.855696 -0.325432 -1.306576 0.729103 4.835920 -0.251629 -0.760835 0.270529 -0.927067 -0.309514 4.101835 -2.062907 -1.929626 -1.905547 -0.782024 1.131006 0.930094 0.508240 -0.135647 -0.348154 0.473587 -0.005978 -2.683176 3.254871 1.213298 0.563811 -0.545456 -0.359960 -1.251446 -0.061384 -0.179131 -0.135517 0.574368 0.171537 
0.000000 -34.429192 -16.343932 -0.610884 -1.265051 -2.237977 0.830729 4.601181 -0.322614 -1.314146 0.205937 -0.326060 -0.361552 -6.074438 -0.609283 1.726757 0.967942 -0.272319 -1.825958 -0.894727 -0.774929 -0.576035 0.621386 0.494166 -0.055123 1.256698 4.848099 0.942831 0.868096 0.469626 -0.844802 -2.244778 0.031872 0.681840 0.083600 -0.317224 0.020417 
0.000000 -43.422171 -18.190240 2.597818 1.610453 -1.851214 -2.922813 3.046466 -1.801488 -1.912905 1.513301 0.061265 -0.419760 6.615231 7.633292 -0.043965 -0.169355 0.157228 -0.558597 -3.559462 0.571984 1.228034 -0.180954 -0.160862 0.034856 9.460069 5.289904 -1.844557 -1.193937 -0.082603 1.929695 -1.008838 1.286830 0.951473 -0.722071 -0.414850 0.135396 
0.000000 -21.198730 -1.077348 -0.698813 -1.603760 -1.923521 -0.286465 -2.517742 0.821354 1.141923 -0.155971 -0.647783 -0.291839 12.845699 9.970525 -1.962357 -1.419933 -0.437524 2.033433 -2.912402 1.798731 1.326911 -0.822755 -0.335533 0.215669 -3.177071 -2.296770 -0.596409 0.579804 -0.667927 0.904297 2.440048 -0.458097 -0.915265 0.189755 -0.121347 0.218643 
0.000000 -17.730772 1.750811 -1.326896 -1.229412 -2.726262 1.144053 -2.778338 1.795973 0.740918 -0.132209 -0.609802 0.011578 0.261089 3.039752 -1.236782 0.990253 -1.178626 1.249998 1.320635 -0.344210 -0.602495 0.198557 -0.403557 0.472142 -7.748037 -4.912789 0.729695 1.538281 0.099476 -0.650346 2.512655 -1.305427 -1.253294 0.274208 0.774986 -0.246352 
128.823837 -20.676552 5.002156 -3.172377 0.376746 -4.280774 2.213531 0.123527 0.132934 -0.063068 0.241143 -1.454897 0.652444 -2.650375 0.144948 -0.502966 1.656629 -0.238572 0.732741 2.112908 -0.812123 -1.179676 -0.274339 1.214439 -0.277034 -0.719287 -2.260238 0.828278 -0.068352 0.858655 -0.525998 -0.329330 0.181803 -0.087594 -0.329786 1.020272 -0.534804 
130.369675 -23.031521 2.040708 -2.332828 2.083846 -3.203406 2.609534 1.447477 0.171728 -1.618435 -0.680887 1.819077 -0.542490 -1.177485 -1.480724 0.419775 0.853550 0.538684 0.198002 0.661975 0.019397 -0.777683 -0.461015 1.636987 -0.597467 0.736445 -0.812836 0.461370 -0.401540 0.388628 -0.267370 -0.725466 0.415760 0.200996 -0.093338 0.211274 -0.160216 
