164.571518 -43.109983 1.296545 3.434954 6.756018 2.929201 1.158953 1.348432 1.864624 1.142116 0.300388 0.045524 0.564742 2.937209 0.525614 -1.144425 0.695237 0.957340 0.351146 -0.744994 -0.661107 0.197308 -0.107455 -0.965977 -0.820333 -0.405638 0.317808 -0.464364 -0.682234 -0.010646 0.227390 0.168454 -0.393118 -0.281679 0.192593 0.165767 -0.033949 
174.229919 -37.235566 2.347774 1.146103 8.146492 4.843882 1.861244 -0.141556 0.542410 1.536732 0.085479 -1.886430 -1.075924 2.125932 1.161230 -2.073154 -0.669231 0.936047 0.805926 -0.408087 -1.447344 -0.366050 0.277731 -0.634444 -0.888232 -1.217965 -2.434961 -0.156630 -1.873170 -0.765834 0.619548 0.654407 -0.297577 -0.483134 0.317769 0.993350 0.490200 
173.058182 -38.858118 3.619005 -0.711354 5.417556 4.801296 2.770805 0.532258 -1.030064 0.410017 0.855849 -1.223363 -1.211721 0.501278 -4.344308 -1.457686 -3.051103 -0.574328 1.590242 0.563819 -1.256262 -0.768960 0.528084 1.020724 0.160066 -0.670675 -4.508693 0.098355 -0.927446 -1.057799 0.144206 0.479931 0.427405 0.149852 0.136444 0.781496 0.864640 
164.898972 -36.233009 -6.340843 -1.769269 2.044286 3.695227 5.041727 0.986082 -1.970113 -0.001188 1.141647 0.155018 -0.755791 0.784583 -7.856156 -1.876444 -2.524123 -1.179551 1.094339 0.551775 -0.592533 -0.066346 0.550619 0.928549 0.841049 -1.664636 1.289728 -0.258692 0.367040 -0.333816 -0.743928 -0.102790 0.604462 0.148373 -0.337470 -0.539522 0.194521 
0.000000 -37.288952 -12.093306 -4.464242 0.369310 2.442194 4.959483 1.635809 -2.215130 0.277325 1.957087 0.633735 0.470376 -2.827993 -1.764853 -1.975069 -2.317024 -1.241960 0.102385 0.358238 -0.047338 -0.472214 -0.146856 -0.058321 0.549109 -0.454837 8.331108 2.709477 1.228949 0.486555 -1.013336 -0.527632 0.282339 -0.534358 -0.747571 -0.449036 -0.417750 
0.000000 -41.888996 -9.870550 -5.719407 -2.589763 1.211306 5.246498 1.702559 -2.064790 -0.945617 0.847934 0.038377 0.342428 -0.125092 8.806061 3.542509 -0.066224 -0.206442 -0.932332 -0.503488 -0.027856 -1.135061 -0.944523 0.030476 0.005548 2.658453 5.291717 3.791236 1.672764 0.503646 -0.716721 -0.592284 0.060542 0.266331 -0.087133 0.229343 -0.175458 
163.983444 -37.539136 5.518815 2.620775 0.236861 2.029311 3.094819 0.628833 -2.270843 -1.992798 0.068040 0.694686 0.481473 2.488914 8.818580 5.607402 1.028503 -0.234669 -1.331057 -0.826330 0.073746 0.060448 -0.321122 0.400365 0.198192 -0.616526 -3.746451 -0.948799 -0.062173 -0.119025 0.171359 0.048937 0.465076 1.095809 0.502469 -0.040855 -0.027765 
156.081894 -36.911168 7.766610 5.495397 -0.532757 0.741968 2.584384 0.049899 -1.917298 -0.824720 0.205690 0.839106 0.738813 -1.358143 1.313158 1.644910 -0.190570 -0.444491 -0.589614 -0.405615 0.902295 1.056556 0.060415 -0.051234 -0.049981 -2.919109 -4.409601 -2.558158 0.283928 0.048649 -0.072145 0.434671 0.588642 0.356838 0.257887 -0.307698 -0.317607 
157.803055 -40.255423 8.145132 5.910595 -0.144278 1.140328 1.915592 -0.182396 -0.466252 0.120315 0.188871 0.592219 0.381510 -3.349305 -0.000622 0.491085 1.596359 -0.137372 -1.475348 0.043013 1.251030 0.774125 0.194652 -0.215031 -0.437022 -0.358529 -0.702434 -0.962413 0.955466 0.221197 -0.154825 0.209240 -0.283396 -0.445825 0.091559 0.090031 -0.120237 
161.375473 -43.609779 7.765366 6.477568 2.659961 0.467224 -0.366311 0.135925 0.584761 0.723530 0.594994 0.409044 -0.135231 -2.075202 -0.091709 -0.279915 1.720362 -0.002098 -0.899264 0.012865 0.335503 0.164907 0.243533 0.128829 -0.290455 1.818886 0.122153 -0.735458 -0.593438 0.393074 0.764159 -0.238741 -0.680803 -0.293289 -0.117168 0.062128 0.222941 
165.556137 -44.405826 7.961715 5.350765 3.296446 1.136133 0.117064 -0.156666 0.204754 0.450128 0.675937 0.849877 -0.199400 0.288466 0.243684 -0.979831 0.409482 0.648776 0.052970 -0.434468 -0.110576 0.187547 -0.039684 -0.090774 0.008860 1.756623 -0.096509 -0.145763 -0.886462 0.210561 0.237781 -0.056895 0.219159 -0.027932 -0.377576 -0.329841 0.223947 
167.912292 -43.032847 8.252734 4.517906 3.478925 1.764777 -0.260371 -0.733012 0.363609 1.098625 0.515626 0.227495 -0.117510 1.438044 -0.284727 -0.571441 -0.052562 0.419024 -0.423702 -0.100926 0.773822 0.109043 -0.511619 -0.530853 0.157440 0.121797 -0.172294 0.528116 -0.417537 -0.473785 -0.052425 0.313203 0.396049 -0.113089 -0.174089 -0.084442 -0.117714 
168.087494 -41.529738 7.392261 4.207884 3.191322 1.974182 -0.730341 -0.358518 1.752399 0.668215 -0.347301 -0.211828 0.115479 0.532061 -0.100904 0.076402 -0.425591 -0.298793 -0.051881 0.191938 0.681522 -0.038631 -0.387863 -0.259658 -0.226567 1.378594 1.068981 0.445970 -0.838428 -1.030359 0.495081 0.029604 -0.967489 -0.070980 -0.141052 0.392851 -0.012822 
170.014908 -41.968725 8.050926 4.670709 2.627743 1.167190 -0.364133 -0.349135 1.726652 1.021362 -0.260100 -0.291820 -0.570644 4.195231 1.853236 0.320500 -1.729418 -1.641694 0.566460 -0.041719 -1.161156 -0.032916 -0.793722 0.254849 0.131795 3.533927 0.664706 -0.005954 -0.623543 -0.845994 0.421936 -0.140757 -1.264780 -0.052072 -0.359850 0.280642 0.404031 
169.629456 -33.139276 11.098733 4.848883 -0.267515 -1.309207 0.402580 -0.441955 -0.569914 0.602384 -1.934746 0.297869 0.379069 7.599915 1.228508 0.064494 -1.672677 -1.990780 0.791992 -0.089576 -1.848038 -0.142776 -1.107563 0.301627 0.581495 -0.546124 -1.191932 -0.048846 0.821232 0.392578 -0.071171 -0.109118 0.156340 0.134812 0.323962 -0.230266 0.135263 
165.925034 -26.768896 10.507942 4.799697 -0.717611 -2.814371 1.219850 -0.528288 -1.969423 0.735811 -2.475226 0.311433 0.592345 3.102984 -0.530628 0.222808 -0.086954 -0.856539 0.424118 -0.259954 -0.848477 0.236707 -0.145799 -0.205684 0.402322 -4.463922 -0.872710 0.395712 0.741309 0.933127 -0.570878 0.008010 1.113250 0.068292 0.749698 -0.389006 -0.198212 
163.772568 -26.933309 10.037478 5.294500 -0.441424 -3.022284 1.250815 -0.961863 -2.266868 1.075798 -2.226344 -0.113499 1.183712 -1.327929 -0.516912 0.855917 -0.190060 -0.124527 -0.349765 -0.073556 0.378462 -0.006192 0.391832 -0.476384 0.185070 -3.882265 0.575454 0.412374 0.125891 0.855842 -0.881331 0.089867 1.028237 -0.227944 0.531658 -0.053197 -0.486076 
161.210144 -29.424754 9.474118 6.511530 -1.097731 -3.063425 0.520321 -0.675400 -1.212499 0.723426 -1.691562 -0.641336 0.962484 -4.661546 0.620280 1.047557 0.164828 0.855145 -1.338544 -0.080220 1.207997 -0.219180 0.917517 -0.312078 -0.569831 -2.744072 0.234626 -0.262217 1.287025 0.971455 -0.209426 -0.113859 -0.187963 -0.240024 0.131156 0.432541 -0.258499 
156.335831 -36.256400 11.278038 7.389615 -0.111769 -1.311994 -1.426273 -1.122304 0.149127 0.637439 -0.391310 -0.737655 0.044050 -6.816073 -0.047660 0.331482 2.383990 1.818383 -0.768617 -0.301275 0.002537 -0.486240 0.654143 0.388697 -0.331929 -0.157209 -1.168603 -0.515846 1.064193 0.267573 1.024459 0.133710 -0.979761 -0.243831 -0.524144 0.237917 0.306099 
150.779480 -43.056900 9.378798 7.174495 3.670250 0.573340 -1.016914 -1.277949 -1.207426 -0.249053 -0.383276 0.136059 0.298626 -4.975963 -1.716926 0.015866 2.293214 1.390292 0.710374 0.187199 -0.751525 -0.706842 -0.130771 0.163757 0.042366 3.459948 -0.779401 0.981706 -1.453825 -1.305332 0.439736 -0.068608 0.043861 0.286684 -0.249378 -0.101872 0.151235 
146.853745 -46.208327 7.844186 7.421347 4.474660 1.468590 -0.005524 -0.747905 -1.353923 -0.776244 -0.652852 -0.410141 0.128781 0.103823 -1.606462 2.294895 -0.523661 -0.792282 0.110854 -0.438491 0.090259 0.087128 0.155386 0.184952 -0.029458 4.574752 0.314646 0.743507 -2.001477 -1.759694 -0.591831 -0.277577 0.666979 0.807242 0.283265 -0.040797 -0.131608 
146.714676 -42.849255 6.165874 11.764284 2.622929 -1.011225 -0.795207 -2.154931 -1.026908 -0.074797 -0.072504 0.505964 0.239711 4.173540 -1.087635 1.502881 -1.709740 -2.129097 -0.473288 -0.367954 0.582433 0.907643 0.435758 0.082164 -0.220850 2.063904 0.535367 -2.255524 -0.449262 -0.359413 0.011984 0.653643 0.151722 0.196180 -0.080351 -0.334501 -0.172511 
145.020950 -37.861248 5.668917 10.427109 1.055181 -2.789603 -0.952100 -1.483813 -0.189057 1.039042 0.218663 -0.245814 -0.312918 4.231630 -0.535729 -2.216154 -1.422184 -1.511108 0.134822 0.868795 0.393702 0.479488 -0.005316 -0.484050 -0.374481 -1.086657 -0.592074 -1.969825 0.276189 1.128270 0.467126 0.548002 -0.290579 -0.664448 -0.323191 -0.092905 0.074654 
139.504532 -34.385994 5.094416 7.331977 -0.221439 -4.033440 -0.525562 -0.417341 -0.239503 0.884178 -0.083135 -0.462136 -0.509251 2.000225 -2.271783 -2.436769 -1.157362 0.127443 0.460963 0.728050 0.001274 -0.421254 -0.210624 -0.103646 -0.071541 -2.133202 -1.868769 0.220685 0.474743 1.489452 0.340193 -0.167899 -0.034856 -0.455492 0.069826 0.427359 0.151650 
71.968414 -33.860797 1.125351 5.553572 -1.259543 -2.534717 -0.030173 -0.027713 -0.186508 0.196535 -0.202585 -0.453106 -0.456000 -0.034774 -4.273266 -1.774784 -0.472698 1.467797 0.815208 0.532997 0.323990 -0.431497 0.134337 0.370669 -0.071181 -1.548617 -1.086590 0.201855 0.488326 0.273208 -0.075680 -0.340708 0.010444 0.356299 0.221559 0.189565 0.139775 
133.988861 -34.455542 -3.452116 3.782409 -1.166834 -1.097845 1.104854 0.648653 0.408478 0.021184 0.185539 0.279201 -0.651613 -1.097009 -4.444963 -2.033060 -0.180710 0.673858 0.309603 0.046635 0.022163 0.291345 0.232494 0.275484 0.208009 -1.502504 0.041542 -0.546006 -0.384700 -1.223975 -0.601415 -0.497534 -0.471198 0.271075 -0.271511 -0.380301 0.159656 
193.542908 -36.054816 -7.764575 1.487452 -1.620963 -1.187001 0.589033 0.065557 -0.142181 0.779225 0.262404 0.097862 -0.039983 -3.039781 -4.190181 -2.866796 -1.242097 -0.980153 -0.387621 -0.462072 -0.618406 0.110652 -0.408685 -0.389933 0.248132 -0.263675 0.920370 -1.388170 -0.415190 0.416842 0.445956 -0.721165 0.446270 0.040802 -0.365528 -0.110671 -0.002247 
0.000000 -40.535104 -11.832478 -1.951182 -3.651028 -3.058151 0.329612 -0.275491 -0.828334 0.242489 -0.631830 -0.500664 -0.155349 -1.624360 -2.604224 -4.809400 -1.011091 1.507543 1.201514 -1.395696 0.914702 0.372948 -0.498562 0.054142 0.203514 -1.102657 2.674253 0.734039 1.568747 2.167508 0.936279 -0.267687 0.939825 0.190960 0.162742 0.260285 -0.095914 
0.000000 -39.303536 -12.973023 -8.131347 -3.643145 1.828085 2.992061 -2.725836 1.687224 1.525122 -0.734719 0.206145 0.367046 -5.245094 1.158324 -1.398718 1.895397 3.354863 1.484937 -0.997446 1.261245 0.492572 -0.083202 0.130638 0.056303 0.429181 3.630989 4.369769 3.490060 -0.207293 -1.226106 1.272665 0.173175 -0.472584 0.248165 0.289552 -0.181722 
0.000000 -51.025293 -9.515830 -4.748618 0.139767 3.651575 3.299485 -2.270383 1.694155 1.227633 -0.798234 -0.239387 -0.042742 -0.765999 4.657754 3.930138 5.969029 1.092957 -1.250698 1.149633 1.261053 -0.572221 -0.002232 0.633246 -0.159930 6.898166 1.535233 2.069543 1.620425 -1.344191 -1.633926 0.724244 -0.357421 -0.492396 -0.026652 0.259153 -0.153791 
266.766571 -40.835534 -3.657515 -0.271072 8.294913 4.013999 0.490665 -0.426570 4.209329 0.380681 -0.739184 1.472637 0.047185 8.551238 4.228791 2.740368 5.136247 0.666482 -1.782914 0.451043 0.546403 -0.492220 -0.136506 0.648945 -0.251280 3.442758 -0.743541 -1.664404 -3.240798 -0.456169 0.331179 -1.071816 -1.640896 0.113849 0.123819 -0.421903 -0.244305 
65.463669 -33.922818 -1.058249 0.732117 10.412261 4.984539 -0.266344 -1.368298 2.786961 0.243192 -1.071245 1.058502 -0.545301 6.119518 3.170672 0.601331 -0.512567 0.180620 -0.588340 -0.994000 -2.020739 -0.344522 0.245405 -0.210560 -0.648540 -2.650497 -0.540023 -1.443354 -4.389811 -1.125781 0.799529 -0.573946 -1.121234 -0.061568 0.459139 -0.190923 -0.019638 
129.580612 -28.596499 2.683829 0.931589 7.269778 4.375240 -0.686016 -2.414570 0.167852 -0.308364 -0.248373 1.051517 -1.249896 3.250244 3.148745 -0.146341 -3.643374 -1.585081 -0.183857 -0.696850 -1.696066 -0.615357 0.781773 0.267098 -0.290556 -4.519421 -1.057231 0.082893 -1.426657 -1.034582 0.152866 0.844499 0.544748 -0.232274 -0.061410 0.264440 0.706666 
117.749634 -27.422331 5.239241 0.439436 3.125513 1.814377 -0.634057 -2.761998 -0.605170 -0.987522 0.492301 1.592697 -1.126413 -2.919324 1.056210 0.767117 -3.365882 -1.888544 -0.282608 0.694998 -0.931244 -0.809070 0.122586 0.318319 0.764792 -6.118436 -3.569586 0.899677 0.970185 0.210908 0.081061 0.691252 0.527994 0.307112 -0.643711 -0.475230 0.560065 
0.000000 -34.435147 4.796249 2.465823 0.538015 0.598152 -1.251233 -1.024573 -1.694635 -1.926504 -0.003201 1.688155 0.279688 -8.986629 -3.990427 1.653012 -1.703003 -1.163266 -0.021734 0.685654 -0.640077 -0.001134 -0.505648 -0.683363 0.829574 -3.211035 -4.968506 -1.036116 1.443043 0.743195 0.274325 -0.502472 0.547934 0.729826 -0.340853 -0.637222 -0.332875 
349.506439 -45.395589 -2.741614 3.745460 -0.280494 -0.512155 -0.677526 -1.390690 -1.885325 -0.989790 -0.518996 0.225971 0.532735 -9.341394 -8.880802 -1.305115 -0.479796 -0.402154 0.266041 -0.309946 0.164624 0.650582 -0.559120 -0.956125 0.099042 7.169956 2.082935 -1.750627 0.793276 0.988500 1.081709 0.256109 0.492340 0.378634 0.339258 0.096355 -0.467788 
0.000000 -53.117935 -12.965355 -0.144407 -0.421576 -0.206157 -0.719150 -1.644465 -1.365386 -0.625340 -1.121440 -0.224095 0.477771 5.353284 0.175443 -1.848241 -0.116451 0.813735 2.141683 1.197871 0.344602 0.756134 0.172868 -0.490653 -0.106002 10.300932 9.385795 2.089969 0.728395 0.112863 0.808261 0.496000 -0.390477 -0.336751 0.326031 0.461569 0.006101 
0.000000 -34.689021 -2.390727 0.048977 -0.513396 1.115314 3.605840 1.005052 -1.196122 0.522479 -0.173259 -0.755335 0.320731 11.260469 9.890789 2.874823 0.976994 -0.176429 1.882562 0.682053 -0.616329 -0.022920 0.092942 -0.032986 0.111243 -1.383842 3.476680 2.194422 0.215542 -1.260224 -1.450717 -0.623947 -0.562014 -0.680627 -0.324025 0.452589 0.054510 
184.485611 -30.596997 6.816224 5.605239 1.532412 -0.559015 3.045975 -0.280359 -2.598044 -0.671181 -0.935556 -0.290067 0.700258 2.585601 7.128803 2.540603 0.314633 -1.706713 -0.759750 -0.050024 -0.779427 -0.605120 -0.475182 0.414525 0.003018 -6.483780 -3.315408 -1.441584 -0.910372 -0.228520 -1.799147 -0.065072 0.916700 0.116898 -0.015032 -0.004255 -0.226911 
190.617722 -29.517819 11.866879 5.130183 0.115870 -2.298112 2.086339 0.905004 -2.754976 -0.687761 -1.123624 0.073714 0.326767 -1.707090 3.259974 -0.008344 -0.843750 -0.633468 -1.715732 0.551909 1.217072 0.210876 0.062878 -0.041496 -0.342579 -3.362139 -3.319028 -0.849244 0.095560 0.873550 -0.588319 -0.275123 1.306007 0.626562 0.558104 -0.317120 -0.227505 
188.895782 -34.011178 13.336172 5.588551 -0.155088 -1.825952 -0.385490 0.823459 -0.163900 -0.249429 -0.809800 -0.373059 0.015099 -4.138676 0.490746 0.842114 0.505754 0.040388 -1.936389 -0.600269 1.832586 0.648005 0.641026 -0.219715 -0.451992 0.666221 -1.773276 0.604479 0.902987 -0.279720 0.020684 -0.239369 -0.571736 0.004071 0.210718 0.024682 -0.056962 
176.540253 -37.795172 12.848371 6.814411 1.127378 -2.217336 -1.786440 -0.295534 0.910197 0.608249 0.158428 -0.365716 -0.577217 -0.374648 -0.286578 1.200615 0.962224 -1.192908 -1.674365 0.073172 0.073600 0.219017 0.484313 0.007867 -0.456503 4.682946 -0.706655 -1.068770 -0.446153 -0.205974 0.555130 0.982572 -1.297906 -1.002349 -0.333491 0.032396 0.342677 
166.348801 -34.760473 12.763016 7.989780 1.769360 -4.211768 -3.734219 0.969802 -0.016700 0.188604 0.158827 -0.357325 -0.897906 5.227215 -0.922564 -1.295426 -0.386551 -0.371561 -0.826130 1.364875 -0.763226 -1.356693 -0.025956 -0.154923 0.233362 2.372356 -0.250686 -2.734109 -0.403262 1.890082 1.349822 -0.110451 -0.418340 -0.700134 -0.230344 0.149353 0.301075 
161.853760 -27.340742 11.003243 4.223558 0.354275 -2.960457 -3.438701 2.434216 -0.616255 -2.105138 0.106515 -0.675562 -0.110493 4.370064 -0.787949 -4.267603 0.155700 2.587257 1.025280 -0.147731 -0.763081 -1.181251 0.023625 0.306572 0.145648 -3.585277 0.158150 -0.882105 1.347912 2.070242 0.777093 -1.358604 0.372997 0.946550 0.235451 0.302086 -0.181602 
158.206497 -26.020344 11.187118 -0.545426 2.080761 0.962746 -1.683660 0.674339 -1.542862 -2.173898 0.206077 0.255819 -0.606611 -1.943339 -0.606265 -3.059636 2.309272 3.768923 0.728056 -1.352332 -0.017232 0.536406 0.444946 0.449250 -0.129841 -4.661356 -0.414394 1.870080 0.812160 -0.263172 -0.343793 -0.203391 0.841323 1.340194 0.146767 0.004590 0.164078 
148.821091 -31.227420 9.790712 -1.895714 4.972818 4.577389 -1.982589 -0.270448 -0.650719 -1.032325 0.996407 0.222938 -0.370175 -4.952648 -1.616737 -0.527443 1.780020 2.060913 0.337695 -0.554513 0.919566 1.499136 0.317159 0.315752 0.473804 -0.441688 -0.106980 1.670248 -1.468583 -2.039731 0.262780 0.891102 0.003907 -0.097082 -0.075439 0.146930 0.231810 
142.079651 -35.925641 7.953644 -1.600312 5.640802 5.084572 -1.008271 -0.434686 0.296269 0.824375 0.840395 0.887322 0.340998 -2.826715 -0.820224 0.280859 -0.627895 -0.310538 1.253617 0.429873 -0.009417 0.342242 0.294069 0.743110 0.333779 1.577059 0.768334 0.461586 -1.460526 -1.455111 0.242750 0.731419 -0.693030 -1.032454 0.254282 0.020100 -0.186112 
140.431595 -36.880851 8.150263 -1.333996 3.717029 3.956312 0.524645 0.589298 -0.669552 -0.347841 1.584544 1.709158 0.297382 -1.798530 -0.080069 0.395729 -1.141031 -0.849309 0.823195 0.908326 -0.466495 -0.565771 0.825722 0.355951 0.101580 -0.068959 -0.318315 0.554803 0.422560 -0.122841 -0.712854 -0.293780 0.213919 -0.069622 -0.101803 -0.275415 -0.138499 
139.933990 -39.522701 7.793507 -0.808853 3.358740 3.385955 0.638119 1.381966 -0.636721 -0.307167 2.491838 1.599224 0.544159 -2.964633 -1.456855 1.390466 0.217225 -0.556219 -0.172091 -0.157688 0.418422 0.202999 0.090462 0.192281 0.056781 -1.294237 -1.270767 0.771238 0.746289 0.096729 -0.426116 -0.753175 0.443552 0.427690 -0.847187 -0.412415 -0.045064 
140.084320 -42.810116 5.236553 1.446936 4.151478 2.843874 0.180462 0.273922 0.167292 0.058157 1.765469 2.093720 0.410944 -4.387004 -2.621603 1.938205 0.351547 -0.655850 -0.029038 -0.598025 0.420609 0.289609 -0.868653 -0.468878 0.011453 0.368401 -0.124221 -0.949103 0.303376 0.376002 -0.313851 -0.170945 0.191714 -0.196784 -0.716426 -0.476710 -0.015062 
138.616180 -48.296709 2.550301 3.067556 4.061833 2.074255 0.580043 0.185917 0.204498 0.272051 0.754532 0.661467 0.567065 -2.227831 -1.705298 -0.507741 0.823976 0.195785 -0.799794 -0.499577 0.801849 -0.190568 -1.342390 -0.761139 0.026657 3.659082 1.466933 -1.890200 0.864677 0.874872 -0.729768 0.050537 0.301860 -0.182978 0.105856 0.381472 0.113743 
142.868027 -47.265778 1.825957 0.431454 5.799430 3.235444 -1.419127 -0.725232 1.770991 -0.322980 -0.919311 0.571441 0.464259 2.931160 0.312263 -1.842196 2.080901 1.093893 -1.488574 -0.496951 1.024329 -0.076347 -0.656941 0.294066 0.238940 3.775476 1.195480 0.125596 0.054398 0.063791 0.407650 0.578986 -0.450130 0.297294 0.925298 0.369487 0.131261 
152.954910 -42.434388 3.174827 -0.616835 8.223635 4.262041 -2.397104 -0.807984 2.253155 0.119356 -0.559350 1.249599 1.044944 5.323121 0.685662 -0.256549 0.932773 0.323368 0.015506 0.658395 -0.098410 0.404021 0.508206 -0.022166 0.289180 1.443950 0.090507 0.756556 -1.213700 -0.322118 0.725660 0.862605 -0.920051 0.314752 0.882892 -0.339679 -0.206961 
167.318039 -36.619535 3.197281 -0.081643 7.664975 3.882181 -1.388114 0.591557 1.574171 0.485061 0.097100 0.527110 1.042620 5.819061 0.493278 -0.329085 -0.346500 0.449657 -0.037253 1.228259 -0.815774 0.553156 1.108843 -0.385292 -0.174982 0.364873 -1.875400 -0.089939 -1.316704 0.347719 0.468070 -0.270677 -0.609763 -0.439794 0.574447 0.266215 -0.424389 
184.887878 -30.796267 4.161383 -1.275005 7.530635 5.161356 -2.471611 1.648533 0.621608 1.225668 1.658335 0.479016 0.694980 6.052868 -3.065138 -0.436427 -1.700635 1.018807 0.951646 0.117040 -1.317937 -0.475567 1.657100 0.510264 -0.559598 -1.615141 -4.189277 0.042527 -0.912810 -0.283518 0.967736 -0.650261 0.145131 -0.796938 -0.186561 0.459431 -0.151647 
189.747009 -24.513799 -2.932994 -0.954497 4.263705 5.919794 0.515178 0.825638 -1.061702 -0.466072 3.411299 1.547639 -0.076575 2.588778 -7.885275 -0.244032 -2.172119 -0.117379 1.898219 -0.072264 -0.525512 -1.040721 0.735720 0.533570 -0.478277 -3.021267 1.271190 1.086753 0.341624 -1.211789 -0.670515 -0.266425 0.753999 -0.114434 -1.227981 -0.538385 0.242259 
178.060135 -25.618711 -11.609168 -1.763068 3.186397 4.926597 1.324826 1.504005 -0.429416 -0.855773 3.129775 1.546156 -0.261574 0.010335 -0.522757 1.737078 -1.017386 -1.404771 -0.389383 -0.415810 0.190062 -0.704434 -0.798862 -0.566506 -0.075080 -2.477908 8.663258 1.364335 0.723573 -0.441850 -1.359850 -0.436450 -0.180839 0.731841 -0.839602 -0.671543 0.153412 
187.167206 -24.493130 -3.978508 2.519659 2.228933 3.110253 -0.263588 -0.005982 -0.681577 -1.874940 1.813574 0.414627 -0.226735 -2.367038 9.441241 2.484638 -0.724974 -1.001080 -0.821482 -0.945163 -0.887189 0.422962 -0.943484 -0.809515 -0.171453 -2.384907 3.361907 -0.250737 0.276593 0.253933 0.155805 0.159488 -0.193425 0.886916 0.079917 0.297475 -0.110882 
175.184464 -30.352786 7.273314 3.206209 1.736449 2.924438 -0.318137 -0.386321 -2.203793 -0.009850 1.242808 -0.072875 -0.604479 -4.759480 6.201056 1.235604 -0.464199 -0.896905 -0.077774 -0.096834 -0.196788 1.069398 -0.639028 0.028445 -0.296843 -0.701159 -4.383950 -0.334933 0.081906 -0.141538 0.617214 0.604330 0.870827 -0.092880 0.417587 0.542994 0.052652 
168.664795 -34.012089 8.423604 4.990867 1.300534 1.316443 -0.419135 -0.199650 -1.075153 0.263855 0.535518 0.471518 -0.820420 -3.769355 0.673341 1.814772 -0.561161 -1.284156 0.412947 0.263497 0.854465 0.237202 -0.108310 0.276473 -0.066149 1.409888 -3.051430 -0.156581 0.060498 0.208373 0.270610 0.133498 0.243466 -0.484524 0.442181 -0.012084 0.169332 
168.353836 -37.891497 8.619996 6.835752 0.614126 0.356126 0.507756 0.140674 -0.494863 0.464554 1.026187 0.480070 -0.736776 -1.939704 0.098196 0.922443 -0.343204 -0.480159 0.463445 0.170162 0.290145 0.100350 0.245334 0.004276 0.041822 0.914826 -0.287573 -0.446165 0.108979 0.401999 0.025249 -0.046668 -0.282160 -0.068426 0.176822 -0.136098 0.053985 
