133.338867 -45.851888 2.983636 1.006606 -2.178868 -1.325096 -0.109134 1.067281 0.381529 0.202172 -0.001005 0.998448 0.382869 0.218921 0.367121 -0.039765 -0.150180 0.288349 0.068359 -0.124002 0.440725 0.110850 -0.207201 -0.138365 -0.027485 0.144857 0.626989 0.250882 0.084509 0.279849 0.483809 0.292453 -0.242013 -0.221802 -0.037066 -0.087899 -0.038817 
204.454025 -45.414046 3.717878 0.927076 -2.479228 -0.748397 0.027585 0.819278 1.262980 0.423873 -0.415407 0.721717 0.327900 0.508636 1.621100 0.461998 0.018837 0.848048 1.035978 0.460904 -0.043301 -0.332755 -0.281333 -0.314163 -0.105119 -0.192652 0.354078 -0.222568 -0.008418 -0.191699 0.310739 0.300984 -0.712857 -0.353295 0.253085 0.032400 0.006084 
0.000000 -44.834617 6.225836 1.930602 -2.141193 0.370999 1.962821 1.989089 0.294928 -0.463337 -0.563672 0.370123 0.172630 -0.166384 1.075278 -0.484902 -0.167016 -0.095049 0.689838 0.477967 -0.984989 -0.595740 0.298970 -0.073565 -0.015316 -0.449584 -1.133321 -0.862750 -0.241231 -0.706772 -0.611526 -0.221287 -0.083699 0.285089 0.382585 0.144120 0.031578 
0.000000 -45.746813 5.868435 -0.042728 -2.813261 -0.938494 1.407262 1.775213 -0.706998 -0.767607 0.182533 0.574587 0.297267 -0.390533 -0.645542 -1.263501 -0.463624 -0.565497 -0.187075 0.018329 -0.210699 0.237423 0.483836 -0.025923 -0.041963 0.196133 -0.797321 0.114059 -0.222601 -0.071674 -0.667149 -0.406317 0.583617 0.481019 -0.113343 0.053260 0.021353 
52.162754 -45.615682 4.934753 -0.596400 -3.068441 -0.759995 1.588670 2.025748 -0.126471 0.011508 0.404000 0.318276 0.088704 0.225882 -0.519363 -0.256784 -0.612218 -0.238398 -0.644459 -0.334666 0.182245 0.366298 0.072285 0.032954 0.027390 0.531681 0.786731 0.959493 -0.107081 0.197374 -0.333961 -0.242463 0.151699 -0.108441 -0.112304 0.070842 0.056430 
131.199860 -45.295048 4.829708 -0.556295 -4.037696 -1.415290 0.118343 1.105881 -0.342508 -0.035011 0.327102 0.640494 0.352047 0.672830 0.927921 0.655485 -0.677786 -0.170749 -0.854998 -0.466597 0.092699 0.020542 0.259228 0.115761 0.070897 0.149820 0.710419 0.602244 0.467680 0.301207 0.316007 0.074328 0.117925 -0.177921 -0.090999 -0.128956 0.036426 
135.577484 -44.270022 6.790595 0.714571 -4.424012 -1.101493 -0.121326 1.092554 0.058928 0.052592 0.922457 0.549798 0.230498 0.525522 0.901475 0.947705 0.323143 0.364016 -0.012445 -0.186010 0.418095 0.010457 -0.109713 -0.224959 0.100241 -0.607449 -0.412600 -0.275201 0.556274 0.203987 0.536283 0.313866 -0.008051 -0.231016 -0.419989 -0.191077 -0.067407 
159.444565 -44.244004 6.632659 1.339114 -3.391410 -0.687259 0.093453 0.733862 0.493683 -0.014097 0.107676 0.190577 0.552529 -0.542068 0.102721 0.105084 0.434763 0.237225 0.217568 0.161135 0.076598 -0.441490 -0.580750 -0.266392 -0.063917 -0.150764 -0.306604 -0.423252 -0.169307 -0.408778 0.027448 0.361807 -0.147946 -0.252784 0.068767 0.092465 -0.109360 
148.570099 -45.354158 6.996037 0.924739 -3.554486 -0.627043 0.313810 1.414824 0.212123 -0.830387 -0.239043 0.017014 0.102663 0.223994 0.288268 0.101201 -0.015471 -0.453541 0.042450 0.537605 0.122204 -0.495111 0.027822 -0.040028 -0.118478 0.808649 0.442918 0.480702 -0.017056 -0.138947 0.309680 0.007487 -0.181247 0.320046 0.401384 0.284633 0.065786 
169.974686 -43.796016 7.209195 1.541517 -3.422352 -1.594340 0.178353 1.809071 0.738091 -1.004319 0.163320 0.110521 0.315574 1.075231 0.988556 1.066489 0.400650 -0.040668 0.836929 0.176108 -0.285897 0.198602 0.222018 0.302874 0.067655 0.342428 0.141048 0.028222 -0.086221 0.530445 0.459389 -0.252486 -0.317252 0.317907 -0.059078 0.086701 0.047088 
0.000000 -43.203697 8.973150 3.057716 -2.753186 -0.708379 1.987669 1.767040 -0.359671 -0.433183 0.204993 0.622762 0.237974 0.908851 0.570363 0.157646 -0.187912 0.607350 0.961228 0.032633 -0.512300 0.140703 -0.090333 0.133373 -0.024302 -0.623412 -0.854204 -1.124603 -0.500766 -0.200030 -0.495648 0.007973 0.215745 0.097169 -0.024473 -0.212294 -0.112181 
0.000000 -41.978315 8.349921 1.856808 -3.798175 -0.379639 2.100808 1.874337 -0.286508 -0.722914 -0.017347 0.377267 0.266970 -0.171594 -0.719851 -1.182717 -0.600882 -0.440729 -0.154367 0.192055 0.145593 0.392940 0.173072 -0.121714 -0.156706 -1.054298 -0.401283 -0.241172 0.203524 -0.302294 -0.543181 -0.067303 0.301608 -0.060942 0.038429 -0.065024 0.049844 
0.000000 -43.546884 7.533448 0.692283 -3.954950 -1.589837 1.678935 2.151150 -0.068486 0.352698 0.551136 0.379333 -0.075439 -1.199745 -0.232203 -0.324698 0.219136 0.002763 -0.125134 -0.101974 0.090917 0.018818 -0.013476 0.003326 0.075386 1.605435 0.805971 1.428635 0.952482 0.546383 -0.022872 -0.270682 0.182295 -0.316438 -0.264111 0.054125 0.029106 
144.604172 -44.377804 7.885516 1.207413 -3.359903 -0.374114 1.850540 1.670389 -0.104675 -0.685278 -0.044299 0.383918 0.417742 3.039277 0.892091 1.674554 1.304082 0.652038 -0.200111 -0.349310 0.510184 -0.239935 -0.355150 -0.013465 -0.098494 3.302288 0.336829 1.119517 0.232808 -0.952458 0.089834 -0.296656 0.423823 0.139122 0.117816 -0.035133 -0.531311 
190.083588 -37.468330 9.317630 4.041391 -1.346786 -0.285761 1.278713 1.452530 0.951881 -0.127172 -0.159165 0.352404 -0.272427 5.404830 0.441456 1.914337 0.684751 -1.902154 0.054534 -0.695285 0.938563 0.297062 0.222156 -0.066941 -0.987237 -0.671622 -0.483458 -0.399293 -0.877497 -1.177506 0.192439 -0.142744 -0.079320 0.084009 0.304483 -0.111517 -0.200893 
141.257767 -33.568143 8.768427 5.036086 -1.990400 -4.178421 1.959609 0.279819 1.772452 -0.091153 0.400013 0.250037 -1.556732 1.696032 -0.074825 0.875967 -0.450911 -1.702974 0.184766 -0.634799 0.351543 -0.071917 0.253816 -0.236499 -0.500280 -3.566059 -0.333628 -0.851648 -0.100555 1.487616 -0.086477 0.303475 -0.629666 -0.254509 -0.262819 0.023728 0.647339 
204.741592 -34.076265 9.167979 5.793325 -2.248608 -3.691710 1.648246 0.182932 1.654968 -0.271006 0.348468 -0.120594 -1.272987 -1.727287 -0.225801 0.211040 0.483641 1.073079 -0.118420 -0.088335 -0.320769 -0.211956 -0.303482 -0.019484 0.307441 -1.548494 -0.516417 -0.641326 0.629492 0.777428 -0.049949 0.206439 -0.590251 0.122408 -0.208794 0.279703 0.534327 
140.278107 -37.022718 8.316824 5.458167 -1.023118 -2.032264 1.722768 0.103149 1.130915 -0.515065 -0.206950 0.211069 -0.941850 -1.400956 -1.107660 -0.406685 0.808073 -0.148118 0.084868 -0.221920 -0.828959 0.172899 -0.163771 0.322907 0.568374 2.390443 -0.769179 0.346828 0.045510 -1.216537 0.140253 -0.412162 0.029676 0.222452 0.204157 -0.093013 0.197537 
181.965088 -36.878177 6.952660 4.979956 -0.632462 -3.987947 1.817982 -0.260908 -0.002950 0.074792 0.020926 0.525219 -0.136240 3.053599 -1.764160 0.904696 0.574662 -1.359996 0.162085 -0.912659 -0.261418 0.232949 0.104832 -0.205511 0.702515 1.166337 0.642634 0.660661 -0.490734 0.251399 -0.088289 -0.191508 0.355828 -0.117170 0.147643 -0.150214 -0.064638 
148.489548 -30.915521 4.788505 7.267559 0.126206 -4.752255 2.046937 -1.722169 0.608080 -0.049167 0.002714 -0.199953 0.463180 0.931717 0.177608 0.914637 -0.173396 0.354679 -0.091709 -0.604935 -0.117303 -0.061441 0.131514 0.022478 0.439098 -3.597063 1.446248 -1.304936 -0.831140 1.300985 0.020793 0.786149 -0.264696 0.036468 -0.339795 0.326172 -0.648476 
117.592819 -35.014742 7.307875 6.809229 -0.979253 -3.278589 1.634563 -1.470779 -0.237557 -0.048089 0.283954 0.570174 0.741956 -4.140528 1.128335 -1.705176 -1.087619 1.241974 0.203670 0.659638 -0.790809 0.305884 -0.574758 0.446833 -0.594437 -0.674308 -0.540647 -0.606730 -0.584934 0.034612 -0.011929 0.691538 -0.254029 0.494686 -0.872208 0.251124 -0.653897 
251.231537 -39.196576 7.045176 3.857207 -2.049032 -2.268307 2.454278 -0.402892 -0.973539 0.562601 -1.146802 0.693713 -0.725693 -0.416899 -0.903687 -0.298823 -1.343264 0.423904 -0.115568 0.778140 -0.625361 0.927932 -1.612903 0.524725 -0.868696 2.743214 -0.457566 1.521192 0.287316 0.094120 -0.408992 -0.069105 0.166964 -0.105482 0.001239 -0.022612 0.300611 
270.346039 -35.848540 5.500502 6.211584 -3.665782 -2.430780 1.403427 0.085501 -1.488279 1.807774 -2.941851 1.619625 -0.995437 1.345901 0.213204 1.337209 -0.512987 1.430215 -0.614314 0.521429 -0.456882 0.094921 -0.572281 0.401609 0.006785 0.319742 1.763554 0.399838 1.260809 0.002589 -0.223876 -0.383405 0.297293 -0.730740 1.168546 -0.352961 0.807615 
261.567078 -36.504775 7.471584 6.531624 -3.075007 0.592123 1.225651 0.639966 -1.887303 0.752443 -2.291364 1.496930 -0.712124 0.222585 2.623421 0.500854 1.178354 0.429083 -0.563320 0.011329 -0.030775 -0.533548 0.724190 -0.181197 0.746533 -0.412490 0.814340 -0.629183 0.672004 -2.033536 0.067315 -0.730862 0.471630 -0.003837 0.662304 -0.230850 0.289300 
241.145279 -35.403371 10.747343 7.213291 -1.309073 -1.572614 0.276788 0.108160 -1.549829 0.740677 -1.493472 1.257231 0.497630 0.520920 1.841884 0.078843 0.831021 -2.636857 -0.479684 -0.940295 0.486379 0.087247 0.752327 -0.060092 0.585385 -1.037162 -1.410936 -0.772946 -0.959488 -0.920456 0.339340 -0.161557 0.373420 0.433978 -0.199929 0.071594 -0.540778 
269.875519 -35.462935 11.155352 6.689310 -1.412965 -4.681591 0.266283 -1.240624 -0.914546 0.926937 -0.786711 1.376746 0.458646 -1.851740 -0.198452 -1.045039 -0.740621 -1.411829 0.115361 -0.311784 0.716066 0.334408 0.324332 -0.038008 -0.335023 -1.246993 -1.165403 -0.344307 -0.813077 1.582428 0.368064 0.970148 -0.044426 0.089427 -0.473698 0.021308 -0.453463 
65.789604 -39.106850 10.350439 5.123214 -2.790315 -4.396272 0.507509 -0.515409 -0.117698 1.409494 -0.844808 1.181215 -0.172417 -1.973066 -0.488922 -0.609772 -0.795133 0.528000 0.256444 1.000001 0.397526 0.266100 -0.195070 -0.017475 -0.321541 1.733210 -0.082355 0.756954 0.184951 1.217780 -0.295968 0.563675 -0.299348 -0.169053 -0.214139 -0.129797 0.118888 
0.000000 -39.409067 10.177508 5.469767 -3.003231 -3.625591 0.779171 0.759378 -0.119493 1.459137 -1.176850 1.341796 -0.184436 1.614681 -0.363162 0.468870 -0.370719 1.023730 -0.476575 0.815566 0.117369 -0.003697 -0.103946 -0.297603 -0.097246 2.244249 0.021228 0.899726 0.004735 0.094635 -0.544690 -0.479274 -0.160434 -0.101479 -0.071238 -0.293021 0.184144 
0.000000 -35.877488 9.624114 6.060954 -3.531753 -2.348812 -0.445642 1.115723 0.117041 1.402099 -1.052700 0.586009 -0.366909 2.515433 -0.446467 1.189681 -0.785663 0.717269 -0.832936 0.041453 0.076658 0.063142 -0.337545 -0.603517 0.046746 -0.090833 -0.309125 0.082692 -0.210448 -0.127738 0.188665 -0.196622 -0.247196 -0.112210 0.033536 0.069010 0.305562 
181.433685 -34.378202 9.284574 7.849129 -4.574557 -2.191053 -0.886701 0.842283 0.033822 1.585421 -1.851940 0.134762 -0.090944 1.433015 -0.981412 0.634254 -0.791614 0.768255 -0.099245 0.422322 -0.377022 -0.228116 -0.036875 -0.159583 0.513878 0.040452 -2.702916 -1.089042 0.655928 0.219256 0.785650 -0.125175 -0.253658 0.180063 0.658340 0.135045 0.281059 
191.436249 -33.011458 7.661289 7.329462 -5.114981 -0.812302 -0.644132 1.960366 -0.637004 0.945867 -1.126450 0.266843 0.660847 2.596338 -5.852299 -0.988403 0.526194 1.155781 0.738365 -0.208898 -0.430659 0.423267 0.979135 -0.333427 0.608865 1.771757 -3.315190 -1.103180 1.144768 -0.370715 0.166310 -1.043624 -0.195010 0.265277 0.208688 -0.201856 -0.279933 
208.929077 -29.185527 -2.420024 5.872323 -3.522170 0.120510 0.590029 0.424488 -0.827496 2.431955 0.106331 -0.532091 1.126785 4.976529 -7.611793 -1.572105 1.497923 0.026824 0.233374 -1.664927 -0.767043 0.302437 0.380500 -0.563294 -0.045988 1.235623 2.532188 0.657625 0.185458 -0.684803 -0.506425 -0.020988 0.158663 -0.568388 -0.642713 0.240433 -0.507830 
0.000000 -23.058401 -7.562297 4.185252 -2.119136 -0.758655 -0.177383 -1.369488 -2.171089 1.550741 -0.365449 -0.859746 0.568871 5.067585 -0.787924 0.326848 0.897109 -0.213824 -0.274486 -0.250875 -0.113332 -0.713509 -0.306290 0.147439 -0.406795 -1.609442 6.036895 1.433677 -0.732121 -0.167411 0.125110 1.484523 0.624473 -0.489356 -0.338018 0.429297 -0.022699 
0.000000 -19.050358 -3.995871 6.526018 -1.727951 -0.307138 0.041057 -0.077261 -1.054160 1.004937 -0.506250 -0.237214 0.313196 1.757644 4.461997 1.295248 0.033680 -0.307999 0.483594 1.304119 0.481903 -0.676274 -0.295536 0.295299 -0.091385 -3.417745 1.565496 0.484196 -0.529036 -0.125693 0.551483 0.847350 -0.239081 0.462280 0.065275 -0.032519 0.054759 
265.504181 -19.543112 1.361698 6.775748 -2.051776 -1.374653 0.789804 1.238750 -1.207283 0.198194 -0.956520 -0.269149 0.386100 -1.767906 2.343069 1.295239 -0.160962 -0.465209 0.828480 1.443825 -0.591495 0.211051 -0.175740 0.082400 -0.297277 -2.643617 -2.670697 -0.448691 0.568483 0.417566 -0.260902 -0.103694 -0.605803 0.406146 0.469282 -0.026535 -0.167498 
129.284637 -22.586170 0.690266 9.116497 -2.049875 -1.237556 1.698017 2.810388 -2.237150 1.427039 -0.857731 -0.072413 -0.281358 -3.529590 -0.879396 0.397866 1.170646 0.527133 -0.038210 1.096731 -0.729703 0.136019 0.643028 0.242229 -0.426382 -1.123348 -1.872508 -1.817426 1.169952 0.172073 -0.787993 0.057383 0.146593 -0.248361 0.585647 -0.053586 0.121500 
0.000000 -26.602293 -0.397094 7.571479 0.289517 -0.320387 0.713384 3.432211 -2.666688 0.470231 0.329536 0.215310 -0.466665 -4.014602 -1.401948 -2.339613 2.178942 -0.121064 -0.747506 1.558590 -0.298310 -0.285671 0.995554 -0.024771 -0.054277 -0.463125 0.800497 -1.131167 0.019583 -0.727720 0.065471 -0.319316 0.266780 -0.310259 -0.284214 -0.214529 0.285300 
0.000000 -30.615374 -2.113630 4.437271 2.308008 -1.479684 0.203005 5.927568 -2.833770 0.855696 1.133377 -0.121956 -0.389913 -4.455839 0.721598 -1.864468 1.209813 -0.928306 0.092731 0.458099 -0.196142 -0.484500 0.074600 -0.186828 0.144218 -0.073308 2.431275 1.023352 -1.550768 0.510878 0.450187 -1.860580 0.426701 -0.269221 -0.552066 0.029963 0.321242 
65.850983 -35.513972 1.046101 3.842543 2.709143 -2.176999 0.898847 4.348408 -3.058971 -0.498769 0.478736 -0.158346 -0.178229 -4.161218 3.460602 -0.292909 -0.922594 0.900693 0.152868 -2.162570 0.555091 -0.824114 -0.108577 0.035154 0.588206 6.544452 -1.924154 0.649716 -1.411419 1.378865 -0.497195 -1.576013 0.822796 0.160000 0.280823 -0.043768 0.051113 
0.000000 -38.937810 4.807574 3.851453 0.462821 0.321702 0.508741 1.602428 -1.723587 -0.792531 0.916222 -0.051649 0.786500 8.633064 -3.126710 -0.565036 -1.613025 1.829423 -0.901659 -2.693928 1.449451 -0.164500 0.636246 -0.274364 0.246444 7.351972 -4.266632 -0.448211 0.265623 -0.231242 -0.208846 0.509299 0.232777 0.444791 0.115020 -0.233374 -0.527496 
213.680222 -18.247844 -5.207319 2.712470 -0.516907 1.481848 -0.904472 -1.039448 -0.160069 -0.827768 1.751227 -0.707074 0.314658 10.542726 -5.072661 -1.189331 -0.391347 0.438209 -0.264823 -1.143972 1.020645 0.065469 0.121464 -0.431594 -0.466786 -5.268645 3.386167 -0.088594 0.989900 -2.235197 0.756960 1.767742 -0.523172 0.243558 -0.708782 0.153650 -0.203671 
0.000000 -17.852358 -5.337748 1.472792 -0.319873 1.198121 -0.020905 -0.685516 0.317702 -0.661594 1.159150 -0.914837 -0.147072 -1.904226 3.645624 -0.742225 0.366775 -2.640971 0.612261 0.841556 0.403107 0.322617 -0.781319 0.032936 -0.160898 -7.636406 4.674655 1.073949 0.731593 -2.390565 0.223419 0.942618 -0.829258 0.063457 -0.045363 0.137700 0.363041 
330.495758 -22.056296 2.083928 1.228021 0.216642 -3.800094 0.320050 0.643664 0.646144 -0.182534 0.188589 -0.641202 -0.007137 -4.730085 4.276650 0.958566 1.071839 -4.342921 0.182014 0.741263 -0.637871 0.192383 0.030738 -0.156194 0.259296 -1.278395 -1.281038 0.934281 0.314112 0.539781 -0.431462 -0.045780 -0.690178 -0.160548 0.481516 -0.494159 -0.115992 
324.222382 -27.312528 3.215551 3.389924 1.823805 -7.487722 0.343123 0.797011 -0.958040 -0.276828 1.220625 -1.227226 0.371520 -4.461017 1.083548 1.126337 0.994999 -1.561409 -0.250664 0.749997 -0.977250 0.001520 0.181713 -0.955381 -0.392883 2.495419 -0.877934 -0.510610 -1.116599 2.584072 0.209370 0.384422 0.293721 -0.146605 -0.237402 -0.023318 -0.243296 
150.058548 -30.978330 4.251024 3.480694 2.206640 -6.922912 -0.181278 2.143658 -1.308357 -0.179494 0.552015 -2.551963 -0.792902 0.260752 2.520781 -0.062653 -1.161360 0.825222 0.600754 1.510108 -0.050430 -0.100828 -0.444065 -0.202830 -0.227296 5.301223 -2.422004 0.170699 -1.688304 1.907004 0.271087 -0.399233 1.051529 -0.146616 -0.414876 0.979399 0.397852 
283.249634 -26.791025 8.257113 3.264619 -0.498915 -5.837278 1.544632 3.817228 -1.058901 -0.478485 0.332494 -1.632886 -0.083072 6.141428 -3.760460 1.467735 -2.381609 2.252598 0.291510 -0.048469 1.125807 -0.291712 -0.648038 1.003417 0.402821 1.601936 -6.112405 0.351545 0.322969 0.847884 -0.678182 -1.137690 0.600581 0.027897 -0.010150 0.462424 -0.089922 
267.581482 -18.695473 -3.269896 6.416165 -2.556579 -2.417715 0.401742 2.046721 0.943258 -0.762917 -0.744061 -0.545129 0.012739 3.464625 -9.704029 0.640436 -0.515422 2.520989 -0.755610 -0.765271 1.150733 -0.045034 -0.464365 0.722017 -0.407141 -3.908538 -0.127441 -1.803212 1.023696 -0.981149 -0.253027 0.079218 -0.528852 0.378620 0.426228 -0.357557 -0.383640 
0.000000 -19.861776 -11.150946 4.545491 -1.529759 -0.795300 0.033412 2.286685 1.242565 -0.568553 -0.596235 -0.188852 -0.897354 -1.675648 -4.015342 -2.138690 -0.334218 0.290299 -0.214543 0.109968 0.068104 0.465528 0.204418 0.288304 -0.364460 -2.267924 5.839489 -0.998730 0.375654 -0.948934 0.752545 0.325484 -0.876247 -0.062804 0.470282 -0.251792 0.234392 
0.000000 -22.046769 -11.300579 2.138785 -3.225015 -1.837116 -0.027344 2.266657 1.079465 0.168138 -0.335224 0.031479 -0.716180 -1.071224 1.974949 -1.357024 0.235887 0.623121 0.749479 -0.114303 -0.601761 -0.170642 0.476200 0.218433 0.061643 0.036854 4.494364 1.569926 0.674541 0.433067 0.365114 -0.222021 -0.387347 -0.534450 0.021086 -0.195492 0.333385 
0.000000 -22.004224 -7.201047 1.831443 -1.057985 0.450943 1.532371 2.058079 0.039042 -0.909837 0.356165 0.248015 -0.774069 -1.601940 4.973386 1.001162 1.014865 1.156434 0.515685 -0.334075 -0.706590 -0.603372 0.246590 -0.102680 0.302309 -1.602146 1.518673 1.503008 -0.314602 -0.614679 -0.262431 0.296566 0.336281 0.124985 -0.269807 -0.315200 0.192203 
157.000275 -25.250648 -1.353807 4.141109 -1.195286 0.475751 1.004026 1.598507 -0.333715 -1.038607 0.157955 -0.173882 -0.111562 -4.275516 5.012295 1.648993 -0.393317 -0.606236 0.224617 0.478829 0.070801 0.079328 -0.063415 -0.411966 0.446048 -2.425112 -1.383663 -0.487094 -0.942260 -0.617293 0.223862 0.052843 0.443605 0.474349 -0.096179 0.127618 -0.005890 
0.000000 -30.555255 2.823543 5.129428 -1.844620 -0.761528 1.981605 3.015738 0.180644 -0.751181 0.229335 -0.575917 0.118028 -6.452164 2.206059 0.026975 -0.869655 -0.078153 0.963409 -0.228389 0.180621 0.345326 0.054231 0.152556 0.290529 -0.665735 -1.293038 -1.230838 -0.932267 0.011851 -0.314760 -0.881309 -0.182929 0.256212 0.199180 0.476518 -0.135555 
172.030243 -38.154977 3.058312 4.195059 -2.934597 0.319445 2.930844 1.141728 0.027527 -0.347955 0.266418 0.131231 0.469497 -5.606985 2.426220 -0.812684 -2.257852 -0.582533 -0.404904 -1.283789 -0.295058 0.591751 0.334945 0.541070 0.174938 3.887530 0.903439 -0.273349 -0.242395 -1.187830 -1.318820 0.274682 -0.019502 0.205128 -0.007169 -0.008159 -0.275124 
172.622742 -41.769226 7.675983 3.504060 -6.360323 -1.926594 1.171798 0.448160 -0.409472 0.432321 0.899225 0.506223 0.467903 1.322896 4.012938 -0.519723 -1.354446 -2.453813 -1.674231 0.320974 0.141616 0.755582 0.039894 0.136239 -0.259719 3.357565 -0.804012 0.329313 2.037603 0.022831 0.313644 1.032184 0.323968 -0.063354 -0.408115 -0.291601 -0.456769 
0.000000 -35.509185 11.084187 3.155612 -5.643489 -4.588181 -0.417618 1.783675 0.310759 1.163209 0.346206 0.403709 -0.049940 1.108145 0.818195 -0.154058 1.817354 -0.536871 0.222384 0.780578 0.352878 0.465042 -0.481285 -0.042132 -0.738601 -0.837872 -3.087107 -0.157257 2.438374 1.376137 1.234015 0.675505 0.045765 -0.583974 -0.206252 -0.222908 -0.097792 
125.546562 -39.552936 9.312373 3.195944 -2.725615 -3.000336 1.616565 2.009316 0.296285 1.362405 -0.063345 0.421959 -1.009299 -0.352847 -2.161277 -0.834238 3.522302 0.298460 0.793799 1.671983 0.233146 -0.412365 -0.372611 -0.309576 -0.455302 1.678128 -2.509528 -1.252648 0.637943 0.185225 -0.294257 0.231144 -0.456735 -0.421201 -0.089741 0.312387 0.304235 
248.663193 -36.214880 6.761633 1.487137 1.401115 -3.991261 1.169980 5.127642 0.777051 0.338478 -0.399016 -0.215444 -0.960545 4.464402 -4.200861 -2.659354 3.093241 -0.166420 -0.366130 1.242866 -0.560592 -0.377360 -0.660768 0.582642 -0.130131 0.815772 -1.016396 -0.391454 -1.712469 0.425117 -0.932455 -1.080767 -0.823631 0.218424 -0.020901 0.590130 0.135281 
124.239334 -30.624132 0.910652 -2.122764 3.460867 -3.333177 0.884306 4.495048 -0.824900 0.607685 -1.384881 1.587243 -1.269561 1.278696 -4.194069 -1.617146 0.097364 1.148693 -1.071111 -0.489551 -1.414116 0.024482 -0.414414 0.870683 -0.184741 -3.650696 1.239816 1.908513 -1.737408 0.379111 -0.759675 -0.719362 -0.232683 -0.268524 0.311128 -0.683836 0.128070 
248.416382 -33.657489 -1.626505 -1.747155 1.595843 -1.693875 -0.972241 4.148540 -2.051182 0.387442 -1.227843 1.525922 -1.330028 -2.836991 -1.721228 1.157672 -0.381574 0.591801 -1.885479 -0.195859 -1.025958 -0.914408 -0.038511 -0.785030 0.126008 -1.066976 1.088640 1.478440 0.443135 -0.805324 0.413022 0.283450 0.780479 -0.351252 0.241006 -0.884252 0.388981 
0.000000 -36.298115 -2.531804 0.192581 2.697719 -2.149574 -2.886652 4.103331 -2.876817 -1.221131 -1.461904 0.017182 -1.017544 -0.855257 -2.016788 1.339735 0.983633 -0.461954 -0.245066 0.077348 0.146841 -0.678023 0.067599 -0.897821 0.593220 1.651024 0.078545 -0.393903 0.407135 -0.412953 1.298809 0.147906 0.792809 0.520336 0.111570 0.320789 0.155485 
0.000000 -35.368002 -5.660081 0.932314 3.563109 -2.617784 -1.462373 4.303237 -1.757499 -0.968604 -1.092646 -0.269721 -0.143588 0.465056 -1.564138 0.369867 0.432695 -0.234105 0.712140 0.099953 0.559659 0.126264 0.184629 -0.143452 0.436978 0.660157 0.226325 -0.484934 -0.275469 0.113925 0.478603 0.011302 0.206409 0.402143 0.058515 0.377185 -0.078121 
