144.904953 -25.307142 2.524771 -1.320930 2.946752 0.862851 0.844390 -0.729654 -0.722697 -0.936371 -1.726056 0.001573 0.907628 0.265178 -0.427694 -0.184734 0.071862 0.439211 -0.023245 -0.141726 0.128890 0.402111 0.191168 0.131472 -0.095096 -0.476580 -0.523453 0.174942 0.237364 0.362770 0.081822 0.082846 0.054555 0.158182 0.050234 0.103620 -0.044266 
138.533279 -24.776785 1.669383 -1.690398 3.090476 1.741274 0.797901 -1.013105 -0.464916 -0.132148 -1.343720 0.264517 0.717435 -0.687981 -1.474601 0.165149 0.546591 1.164752 0.140398 0.023966 0.238001 0.718474 0.291635 0.338711 -0.183628 -1.313905 -1.500308 0.309272 0.746935 0.343003 0.074352 0.357223 0.027772 0.218709 0.025612 -0.162705 0.067497 
66.476753 -26.683105 -0.424431 -0.990631 4.039933 3.192354 1.125187 -0.681723 -0.246696 0.500578 -1.142786 0.678995 0.540372 -2.362632 -3.428311 0.433809 1.565731 1.125216 0.125459 0.572721 0.184434 0.839530 0.242393 -0.193939 0.039898 1.608650 -1.048556 0.034741 -1.097351 -0.600174 0.097777 0.525331 0.313362 -0.335097 0.350265 -0.475813 0.078577 
0.000000 -29.502049 -5.187239 -0.822779 6.221939 3.991707 1.048818 0.132337 -0.096049 1.546912 -0.858935 -0.123361 0.797230 2.529318 -3.571712 0.234632 -1.648111 -0.035597 0.335953 1.074629 0.864724 0.048281 0.992164 -0.612916 -0.026474 1.026719 2.012055 0.002843 -1.397710 -0.396645 -0.061376 -0.170542 -0.115705 -0.824612 -0.021540 0.202948 -0.157401 
0.000000 -21.624469 -7.567855 -0.521367 0.743711 3.121160 1.797092 1.467534 1.482752 0.597141 0.841543 -0.546837 0.487424 -0.309195 0.595799 0.439496 -1.229688 0.331927 0.002706 0.231636 -0.046975 -0.809693 0.199312 0.211958 -0.274904 -2.142463 3.700559 0.034058 1.254116 -0.206522 -0.489619 -0.812568 -1.038613 -0.301029 -1.197954 0.599430 0.107166 
68.039047 -30.120438 -3.995641 0.056213 3.762563 4.655561 1.054230 0.595609 -0.189999 -0.072475 -0.460311 0.300555 0.247423 -1.755608 3.829406 0.302748 0.860120 -0.448642 -0.643286 -0.550508 -1.212502 -0.553777 -1.403743 0.585945 0.187859 1.642185 1.374410 -0.343412 0.335072 -1.960684 0.017586 -0.504545 -0.142509 -0.039045 -0.511666 -0.049776 0.137324 
64.611336 -25.135685 0.090957 0.084128 2.463951 2.223875 0.510520 0.366518 -0.942252 -0.510412 -1.965943 0.625053 0.863142 2.975176 3.344618 -0.247327 -0.559545 -3.589441 0.037878 -0.777454 -0.331994 -0.887784 -0.824019 0.112405 -0.000255 0.160205 -1.009153 -0.127117 -0.731379 -1.023394 0.504110 0.092163 0.798673 0.080442 0.541010 -0.224557 -0.429253 
0.000000 -24.170086 2.693595 -0.438441 2.643474 -2.523321 1.129986 -0.959300 -0.853987 -1.848043 -2.108349 0.525366 0.246912 -1.435198 1.811100 0.048513 -0.602638 -2.495429 0.364933 -0.366181 0.384843 -0.392893 -0.321722 0.136831 -0.670648 -6.131459 -0.862582 0.035324 -0.015581 1.897968 0.039141 0.729507 0.219466 0.551989 0.413151 0.130177 -0.336620 
126.998566 -28.006080 3.713158 0.181155 1.258674 -2.766984 1.240386 -0.365845 -0.172566 -1.296199 -2.609386 0.898716 -0.478154 -9.287743 1.619453 -0.176679 -0.590706 0.206494 0.116161 0.681559 0.106939 0.216195 0.002283 0.372760 -0.673495 -7.070667 -0.347341 0.750165 0.093228 2.149977 -0.241942 0.164547 -0.608605 -0.080981 0.600066 -0.200016 0.256986 
124.911255 -42.745572 5.932501 -0.791798 1.462062 -2.110334 1.362308 0.403819 -0.640109 -1.415654 -2.103783 1.270886 -1.100078 -15.576533 1.116418 1.548843 -0.416183 1.804524 -0.118951 -0.037087 -0.832367 -0.554854 0.878409 -0.263202 -0.156675 -0.969397 -3.471802 2.216716 0.039074 0.660155 -0.310414 -0.600641 -0.297622 -0.170661 0.318460 -0.717816 0.548696 
124.019623 -59.159146 5.945993 3.278841 0.426308 0.842063 1.002483 -0.440018 -1.837300 -2.405908 -0.852567 0.372313 -0.791504 -11.226537 -5.324151 4.256753 -0.512558 1.526804 -0.504666 -0.519723 -0.488305 -0.125128 0.639203 -1.062873 0.423897 11.787049 -7.441334 -1.378519 0.933211 -0.797901 -0.391127 -0.135848 0.776817 0.849359 -0.526819 -0.143446 0.269138 
125.219856 -65.198645 -4.715801 7.721707 0.436945 0.943275 0.352976 -0.635627 -1.616720 -1.665910 -0.825377 -0.854860 -0.252284 7.997566 -13.766250 -1.208195 1.450239 0.208721 -0.901206 -0.308783 0.721267 1.143864 -0.175229 -0.550093 0.381600 12.097677 -1.607982 -4.558464 0.712414 -0.433473 0.061067 -0.053839 0.382305 0.655039 -0.347584 0.490102 -0.149840 
0.000000 -43.164014 -21.586506 0.862451 3.326787 1.259505 -0.799928 -1.057585 -0.394765 -0.118180 -1.203025 -0.727873 -0.028305 12.968818 -8.540114 -4.860175 0.912270 0.659859 -0.382532 -0.627401 0.276305 1.184951 -0.055965 -0.082668 0.124217 -7.700939 9.355800 0.368036 -1.585234 -0.524564 0.720626 0.338653 -0.488599 -0.520724 0.277700 0.264819 -0.070965 
0.000000 -39.261009 -21.796030 -1.998643 2.261484 2.262993 -0.412088 -1.890430 -1.064110 0.703991 -0.937307 -1.020196 -0.003850 -7.404311 4.945351 -0.472123 -1.720229 -0.840408 0.540047 0.368522 -0.255931 0.102416 0.380171 -0.020455 0.239670 -6.678363 11.641768 4.477816 -0.712644 -1.392137 0.061265 0.466576 0.287632 -0.581585 0.180643 0.291811 -0.321554 
0.000000 -57.972637 -11.695804 -0.081796 -0.113671 -0.421311 0.280167 -0.320541 -0.906627 0.086652 -0.442683 -0.768783 0.451036 -0.387908 14.743421 4.095457 -0.513019 -2.124414 -0.260001 0.305750 0.851569 0.021781 0.305321 0.500953 -0.518891 10.096464 2.160361 1.296891 1.682958 -0.244342 -0.135729 -0.586258 1.089471 -0.083366 -0.684598 0.176942 -0.206484 
206.883362 -40.036825 7.690812 6.192271 1.235447 -1.985835 -0.932091 -1.278930 0.639028 0.747553 -0.326665 -0.018290 -1.041633 12.788616 9.266072 2.121660 1.645687 -1.329092 0.268589 -0.803994 1.923011 -0.064317 -0.989026 0.333430 -0.173298 1.834521 -8.946655 -2.376047 0.507041 1.096814 0.658307 0.341236 -0.308866 -0.290081 -0.603819 -0.422841 0.795114 
136.512268 -32.395405 6.836341 4.161524 3.177702 -3.079495 0.817345 -1.928529 2.939395 -0.041982 -2.420734 -0.101923 0.104439 3.281135 -3.149888 -0.656638 0.501062 0.069215 1.056612 0.988222 0.233837 -0.558381 -0.902316 -0.344729 1.071337 -5.557122 -8.778149 -0.935417 -0.644207 0.838760 0.162577 1.043502 -1.635487 -0.148946 1.131264 -0.221191 0.095313 
135.581451 -33.474555 1.391036 4.878995 2.237571 -1.847406 1.181134 0.697514 1.106703 -0.369209 -2.131297 -0.707747 1.101042 1.674372 -8.290226 0.250825 0.357272 0.348428 0.593744 1.283011 -1.347964 -0.362209 1.273503 -0.108953 0.017327 1.340805 1.373874 -0.185855 -0.172824 0.095465 -0.563584 -0.510170 -0.279655 0.140607 0.462201 0.454070 -0.489801 
136.734833 -29.046660 -9.744112 4.663174 3.892247 -2.382639 2.004833 0.637493 0.243467 -0.766400 0.126271 -0.319829 0.139093 5.962746 -0.402141 -1.028348 0.155415 0.260145 -0.070556 -0.032118 -0.325473 -0.277166 0.022087 0.563411 0.091735 1.739312 7.320749 -1.002715 -0.564593 -0.078625 -0.739252 -0.558812 0.389487 0.247360 -1.308998 0.384256 0.259183 
173.331970 -21.549064 0.586754 2.822299 2.548401 -1.327116 1.040023 0.633278 0.455758 -0.923541 -2.087123 0.419075 1.284513 5.152996 6.351272 -1.754605 -0.771914 0.191178 -0.884760 0.165387 -0.568991 0.132511 -1.344494 0.659560 0.535694 -2.327360 0.848745 0.219301 -0.368579 -0.354808 -0.055750 0.040536 -0.270775 0.098832 -0.018113 -0.138651 -0.190788 
167.500092 -18.740668 2.958433 1.153964 2.348420 -2.000283 0.235314 0.968267 -0.894515 -0.501379 -2.562716 0.999290 1.210480 1.308025 1.295350 -0.589746 -0.581743 -0.449472 -0.182055 0.048954 -0.867023 -0.079502 -0.014139 0.286108 -0.289840 -2.665612 -3.180812 1.114345 0.097269 -0.273569 0.687224 -0.260292 0.149881 -0.275108 0.999774 -0.527581 -0.383237 
168.640656 -18.933015 3.177454 1.642807 1.384914 -2.226060 0.675913 0.731186 -1.278288 -1.082545 -2.115402 0.991291 0.704833 -0.178227 -0.010351 0.474085 -0.577375 -0.355959 0.489688 -0.355197 -0.269228 -0.417706 0.655055 -0.395602 -0.230781 -0.605219 -0.617939 0.188489 0.116739 0.428739 0.061675 -0.181593 0.223729 0.167897 0.343556 -0.486830 0.135541 
167.575348 -19.097122 2.937730 2.102134 1.193670 -2.712201 1.214691 0.257872 -1.432971 -1.336791 -1.252607 0.208086 0.748917 0.097588 0.059472 -0.212768 -0.348264 0.408006 -0.058705 -0.314233 -0.419565 0.256292 0.672973 -0.687552 -0.018757 0.032103 0.133147 -0.689403 0.272935 0.633165 -0.367768 -0.056453 0.090620 0.352502 -0.152388 -0.003086 0.172495 
165.423569 -18.737839 3.296399 1.217272 0.688385 -1.410049 0.558503 0.102719 -2.117419 -0.569961 -0.769456 -0.383813 0.667319 -0.114021 0.255943 -0.904721 -0.031504 0.910372 -0.245847 -0.468104 -0.087989 0.287298 0.350279 -0.401775 0.114208 -0.844046 -0.152497 -0.207545 0.407740 -0.007264 0.180484 -0.080979 0.432346 -0.199697 -0.150575 0.395837 0.009753 
163.498871 -19.325164 3.449616 0.292691 1.130662 -0.891457 0.722997 -0.678335 -1.608949 -0.762195 -0.552049 -0.595463 0.977333 -1.590505 -0.245521 -0.627858 0.467215 0.393478 0.302263 -0.476191 0.445126 -0.143103 0.371824 0.104122 0.000748 -3.390084 -0.276471 0.554881 0.079316 -0.242755 0.589017 0.204297 0.189891 -0.191383 0.041559 0.349544 -0.046954 
161.777725 -21.918849 2.805356 -0.038444 1.622816 -0.623094 1.163029 -0.849664 -1.227166 -0.856167 -0.025808 -0.175569 0.668816 -6.894189 -0.297000 0.205040 0.127127 0.424861 0.932188 -0.059509 0.291792 -0.095468 0.433397 0.297314 0.020299 -4.297733 1.076526 0.295030 -0.595975 0.576857 0.346704 0.125138 -0.600462 0.012795 0.017780 0.009686 0.016300 
159.186462 -33.113542 2.855616 0.702771 1.384917 -0.041734 2.587373 -0.797354 -1.025365 -0.953131 0.314745 -0.000835 1.017932 -10.185971 1.907530 -0.037798 -0.724735 1.547192 0.995672 -0.225916 -0.755799 -0.117513 0.407383 0.123495 0.033348 3.277675 0.337165 -1.148033 0.974961 -0.245214 -0.662575 0.200400 -0.730952 0.138454 -0.129927 -0.026975 -0.296182 
157.815628 -42.290790 6.620416 -0.114041 0.173346 2.471290 3.154373 -1.301495 -2.738763 -1.091193 0.788959 0.071420 0.735512 -0.338838 0.377331 -2.091026 2.077050 -0.065567 -0.392963 0.341290 -1.170111 0.181441 0.173543 0.243364 -0.572064 7.261474 -1.119356 -0.879294 1.368750 -1.461468 -0.971727 0.437123 0.306367 0.173844 -0.075720 -0.132589 -0.195582 
156.636841 -33.791218 3.610278 -3.479280 5.539017 -0.172869 1.801447 -0.114775 -3.365586 -0.590250 0.661831 0.485893 -0.126197 4.336977 -0.331182 -1.796386 2.012764 -1.375745 -0.947783 0.648331 -0.143064 0.230174 0.255944 -0.141683 -0.357816 0.412833 1.012851 0.695433 -1.769169 0.739062 -0.175669 -0.377999 0.874585 -0.182717 0.152953 -0.472780 0.392983 
155.717514 -33.616837 5.958053 -3.706812 4.198874 -0.280199 1.258806 -0.004834 -3.024891 -0.630845 1.300846 -0.211945 0.019879 0.486829 2.403032 -0.700160 -1.461288 1.412556 -0.744301 -0.414709 0.579059 -0.183993 0.479448 -0.702196 0.213902 -0.093545 -0.260867 0.973291 -1.219506 1.440781 0.218679 -0.895216 0.665582 -0.164903 -0.209964 -0.093367 0.174651 
157.226990 -32.817561 8.416343 -4.879600 2.616440 2.652243 0.312845 -0.944192 -2.207469 -0.958237 1.620728 -0.918499 0.301608 4.149887 -0.852916 0.150196 -0.426248 1.505818 -0.510426 -1.142101 1.188101 -0.099632 -0.163984 -0.328418 -0.008514 2.198251 -2.609958 1.001108 0.947090 -0.782060 0.345125 -0.116393 0.196744 0.207671 -0.719889 0.592678 -0.260973 
157.666748 -25.317063 4.252222 -3.406420 3.346378 2.731436 0.237955 -2.289036 -0.648688 -0.830108 0.972878 -0.868781 0.002852 4.883331 -2.816883 1.302057 0.432892 -0.151564 -0.054050 -0.647494 0.972546 0.231349 -0.960330 0.483161 -0.308044 -1.157556 -0.472074 0.572998 0.485394 -1.373999 0.399329 0.828421 -0.761042 0.326987 -0.184100 0.381846 -0.018787 
156.922195 -23.050898 2.782576 -2.275487 3.482224 2.349115 0.204745 -2.239181 -0.262376 -0.495539 -0.299932 0.047822 -0.314480 1.834774 -1.797065 1.296192 0.544540 -1.242181 0.288233 0.514742 -0.333982 0.554343 -0.532184 0.435275 -0.046088 -3.481629 0.610370 -0.023029 0.388188 0.039951 0.051526 0.800256 -0.708856 0.294138 0.710305 -0.172487 0.326003 
156.226807 -21.647515 0.658092 -0.814037 4.435458 0.247074 0.814420 -1.259553 -1.316652 0.278578 -0.091490 0.001770 -0.089324 -2.079928 -1.596143 1.255998 1.209268 -0.071663 0.049001 0.953018 -0.445167 0.819625 0.460281 0.138186 0.343963 -2.703061 -1.589044 -0.383697 0.478661 1.333722 -0.251666 0.071850 0.167455 -0.229788 0.503808 -0.280465 0.045881 
153.871277 -27.210753 -0.409710 0.236509 5.900760 2.205789 0.302748 -0.333145 -1.152710 1.143712 0.620629 0.324195 0.373445 -3.571347 -4.975153 0.528798 1.501862 1.425264 -0.215099 0.658441 0.000929 0.094766 0.475432 -0.125656 0.045674 0.780397 -2.501644 -1.330651 -0.891583 0.419917 -0.051723 -0.404268 0.097319 -0.838843 -0.329462 -0.365959 -0.228774 
152.907288 -28.790209 -9.292213 0.243559 7.439181 3.097602 0.384222 0.057329 -1.314795 0.468109 0.859374 -0.249541 0.002024 -0.519133 -6.599431 -1.405305 -0.573898 0.768170 -0.054445 0.144481 -0.250528 -0.858061 -0.198643 -0.593731 -0.113585 1.490669 4.411645 -0.428006 -1.609364 -0.525306 0.422828 -0.010152 -0.103938 -0.067706 -0.117310 0.014718 -0.092786 
161.146957 -28.249019 -13.608571 -2.574102 4.752964 3.742130 0.193858 -0.044182 -1.653766 -0.572411 0.223344 -0.863267 0.146275 -0.590009 3.848138 -0.327214 -1.716867 0.374652 0.630557 0.638137 -0.206947 -0.040645 0.240812 -0.096220 -0.139898 0.496887 8.046080 1.534046 0.427333 -1.556966 -0.044618 0.679412 0.448532 1.075466 -0.079401 0.192754 0.008292 
0.000000 -29.970226 -1.595938 -0.410869 4.005447 3.846905 1.645337 1.333602 -1.728689 0.386818 1.340998 -0.441981 -0.277773 0.474641 9.492729 1.662787 0.280769 -2.345761 -0.143682 1.503305 0.646535 1.292871 -0.357445 -0.208224 -0.097001 0.747836 0.190662 0.852039 1.129009 -2.209326 -0.640395 0.522690 0.468981 0.479235 -0.635722 -0.163263 0.097080 
155.519302 -27.299738 5.376887 0.751473 5.314502 -0.949391 -0.093505 2.962428 -0.360696 2.013332 -0.491546 -1.279715 -0.047726 0.905663 4.229462 1.376864 0.541152 -4.044000 -0.650232 1.683516 0.731014 0.917824 -1.030632 -0.422746 0.054261 -1.094991 -4.638134 -0.559610 -0.371089 0.314840 -0.069210 0.016933 -0.493868 -0.726181 0.134257 0.092313 0.198911 
150.880295 -28.158901 6.862985 2.342859 5.087750 -4.241094 0.344873 4.700634 -0.266660 2.222465 -0.720267 -1.287473 -0.169250 -1.715342 0.216461 0.543567 -0.461409 -1.716080 -0.282101 1.537172 -0.341201 -0.159491 -0.088931 -0.023598 0.300822 -4.012583 -2.534673 -1.029569 -0.495064 1.963554 0.504912 -0.564976 -0.589930 -0.873513 0.534229 0.435094 0.117806 
151.330811 -30.730421 5.809809 1.838606 4.391684 -4.381552 -0.657707 6.036771 -1.043098 1.694349 -0.669408 -1.326912 0.553917 -7.119504 -0.839885 -0.682273 -0.448977 -0.116891 0.359592 0.553564 -0.448846 -0.829201 0.037826 0.447442 0.289873 -2.086107 -3.727541 0.145495 1.384120 2.079377 0.546963 -1.830043 0.946438 -0.363214 -0.083665 0.251603 -0.404151 
153.610107 -42.397908 5.183215 0.978313 4.189797 -4.474876 1.064057 5.807762 -1.164352 0.564062 -0.644614 -0.392590 0.410497 -5.887556 -7.238621 0.834556 2.306832 2.442673 0.811825 -2.122914 1.551676 -0.885920 -0.256261 0.479607 -0.507480 6.171677 -2.939976 -0.113708 1.478332 2.069217 -0.057088 -1.753060 0.759263 0.774049 0.036030 -0.309290 -0.433328 
156.460327 -42.505532 -8.667434 3.507718 9.005348 0.503795 0.965943 1.790943 2.060253 -0.077491 -1.181930 -0.367697 -0.461043 5.223851 -6.719838 -0.909690 2.507687 4.021544 0.245416 -2.952556 1.069680 0.718897 0.109887 -0.171138 -0.576782 8.059583 5.068287 -1.612062 -1.541720 -0.618145 -0.720167 0.235723 -1.315944 0.818370 0.335443 -0.172298 0.169746 
154.998611 -31.950206 -8.256461 -0.841067 9.205171 3.568212 1.554889 -0.097349 0.975008 2.001856 -0.424840 -0.734867 -0.743067 10.231610 2.897954 -2.389569 -0.776608 1.206384 -0.628508 -1.651468 -1.080212 0.750819 0.414624 0.135012 -0.167988 -0.893050 5.426739 -0.132341 -1.799549 -2.880703 -0.538399 1.077199 -1.154752 -0.776811 -0.003041 0.383893 0.248580 
167.280609 -22.042312 -2.871526 -1.271419 7.452132 2.916562 -0.291073 -1.511993 -0.100172 1.424147 -0.352682 -0.097673 -0.797019 3.437751 4.133640 -1.174372 -1.091410 -1.739861 -0.831381 -0.798157 -1.239825 -0.834725 0.103806 0.596647 -0.079622 -7.996912 0.062413 0.604864 0.121735 -1.361356 0.153452 0.952833 -0.045590 -0.818803 -0.011879 0.087434 0.215324 
164.449203 -25.074704 0.010818 -3.189812 7.022350 0.088490 -0.107874 -1.693663 -1.504641 0.332407 -0.217229 0.458427 -0.902312 -5.762213 3.022781 -1.179841 -0.533139 -1.516328 -0.321605 0.254198 -1.171393 -0.886787 0.390867 0.309880 0.262660 -4.796204 -2.133483 0.457607 0.458809 0.882241 0.600978 0.538974 0.836216 0.010645 0.433603 -0.476502 0.182178 
158.684891 -33.566737 3.174035 -3.631100 6.385854 -0.116095 -0.934283 -1.003597 -2.442957 -0.349428 0.429052 0.522088 -0.271698 -6.154657 -0.133326 -0.259159 -0.173791 0.024621 0.370575 0.279791 0.432608 -0.813435 0.971012 -0.356357 0.284734 1.040313 -3.938566 1.973082 0.476473 0.939134 0.843833 -0.064192 1.302356 0.148372 0.052922 -0.375515 -0.123488 
155.398132 -37.384018 -0.255834 -3.708130 6.674768 0.137732 0.633275 -1.134080 -0.639425 -1.294463 1.724795 -0.254288 -0.332843 -3.681586 -4.854351 2.766324 0.419808 0.361940 1.366062 0.125813 1.433320 -0.590043 0.496712 -0.441149 0.015685 4.097213 -0.726696 2.102425 -0.725686 0.038846 0.041204 -0.209770 -0.076122 0.647886 -0.582831 0.215306 -0.109978 
164.938416 -40.929909 -6.534666 1.901548 7.225470 0.607785 1.797841 -0.751970 0.423683 -1.529514 1.422475 -0.360210 -0.240328 2.039770 -1.586718 3.945691 -1.625163 0.102313 0.452982 -0.139748 0.280365 0.482336 -0.194650 0.074254 0.064779 3.618480 3.400819 -0.447244 -1.567316 -0.376623 -0.647430 -0.194437 -0.761999 0.593176 -0.264911 0.307864 -0.022407 
158.876480 -33.304478 -3.429269 4.183253 3.424443 0.342358 1.539240 -1.413576 -0.078696 -0.329790 1.335495 -0.105780 -0.203285 3.555373 1.947287 1.871836 -2.714824 -0.391307 0.071201 -0.263060 -0.090677 0.596309 -0.033110 0.174579 -0.029130 -5.435311 0.342912 -1.654917 0.308780 -0.008651 -0.117327 0.015821 0.030852 -0.186611 0.057225 -0.080252 -0.041075 
60.526447 -33.819162 -2.640093 5.645221 1.795821 -0.174828 1.940243 -1.278090 0.242328 -0.336897 1.356254 -0.011052 -0.298587 -8.830853 -0.900893 0.635857 -1.007603 0.085011 0.218328 -0.108107 0.342069 0.109114 -0.080201 -0.086250 -0.017370 -9.661883 0.184204 -0.154829 0.994288 0.138456 -0.721664 -0.166615 0.041970 -0.505731 -0.131389 -0.200571 0.132141 
105.857765 -50.966184 -5.231056 5.454966 1.409236 0.512379 1.975895 -1.629789 0.605443 -0.111562 1.175094 -0.278279 -0.238026 -15.768393 2.315695 1.562177 -0.726248 -0.114395 -1.372126 -0.596290 -0.006736 -0.415153 -0.295888 -0.226563 0.235153 6.625497 4.120910 0.468644 1.556134 -0.759583 -1.047598 0.215237 -0.879988 0.079856 -0.092254 0.133243 0.290706 
0.000000 -65.355948 1.991297 8.769575 0.343325 -0.403618 -0.804009 -2.470670 0.228855 -1.167203 0.764479 -0.464179 0.171718 4.420141 7.340928 1.573144 2.104664 -1.434155 -1.876868 0.322368 -1.417906 0.268825 -0.264708 0.180236 0.564041 16.111062 0.535514 -0.928143 1.740883 -1.358435 0.526008 1.015130 -0.366440 0.932783 0.168005 0.039001 -0.239066 
242.817291 -42.125902 9.450800 8.601255 5.618565 -2.355931 -1.777840 -0.985053 -2.230370 0.426089 0.645678 0.082193 0.890056 16.453732 3.386722 -0.294108 2.755518 -2.831264 -0.320110 1.433970 -0.739617 1.450412 0.040123 -0.148561 -0.242978 1.676487 -4.068282 -1.263350 -1.588376 -0.676946 1.516992 0.465766 1.241853 0.138890 -0.053444 -0.415117 -0.647140 
126.842293 -32.448485 8.764741 8.181359 5.854362 -6.066146 -1.444228 0.397270 -1.250379 1.733622 0.844725 -0.761301 -0.314239 7.773115 -0.795637 -0.953555 -1.072088 -2.788048 1.157116 1.253899 1.065801 0.546605 -0.371596 -0.649998 -0.730239 -5.492458 -2.462957 -0.731117 -2.899340 1.767596 0.969186 -0.711055 0.778339 -1.006275 -0.575227 -0.096783 0.207839 
123.370377 -26.579671 7.859526 6.694144 3.474388 -7.932026 0.536391 1.522746 -0.098768 1.519298 -0.097514 -1.217804 -0.570423 5.468816 -1.539192 -1.756343 -3.043162 0.703929 1.618263 0.011860 0.817061 -0.562138 -1.110332 -0.342126 0.172700 -2.824434 -0.349428 -0.486191 -0.350754 2.702961 0.039114 -0.842483 -0.537570 -0.755520 -0.062506 0.561441 0.658400 
122.656837 -21.510853 5.686358 4.668674 -0.231961 -4.658289 1.792297 0.420989 0.383743 0.609345 -1.375939 -1.445554 0.031161 2.124248 -1.494492 -1.925937 -1.773597 2.617874 1.235344 -0.431067 -0.009340 -0.964435 -0.496608 0.472883 0.586561 -5.114892 -0.233690 -0.278008 2.732114 0.557548 -1.351713 0.603148 -0.357940 -0.130741 0.665787 0.583522 0.013166 
121.720840 -22.331175 4.870542 2.842270 -0.072805 -2.696278 3.007078 0.660612 -0.117449 -0.409571 -1.090731 -0.272037 0.602700 -4.760967 -2.006572 -2.312359 2.421067 1.819025 -1.085163 1.218156 0.101182 -0.823620 0.221242 0.824919 0.199033 -2.819240 -2.210016 -0.046309 2.429762 0.088968 -1.751283 0.224419 0.362627 0.679683 0.408340 -0.388177 -0.352935 
118.827377 -31.032787 1.673213 0.043957 4.610174 -1.020238 -0.378028 2.857301 0.586107 -1.037894 -0.933455 0.204283 0.429226 -3.514232 -5.914523 -2.018556 3.085927 2.795810 -2.267222 0.017771 0.715913 0.394932 0.320071 -0.303470 -0.119308 2.347050 -2.252106 0.152098 -1.298952 0.447409 0.694856 -1.275746 -0.155850 0.703096 0.191398 -0.606310 -0.204222 
119.330803 -29.359640 -6.958504 -1.194841 6.099050 2.895342 -1.527365 0.696154 1.314377 0.380293 -0.450589 -0.878977 0.364084 -0.066868 -6.510783 -2.008163 -0.176836 2.713842 0.304549 -1.333337 -0.210517 0.582572 0.604039 -0.387702 -0.209411 1.305395 1.859799 0.314896 -2.003601 -1.019879 1.573220 -0.135267 -0.645283 -0.260727 0.021267 0.228699 -0.028766 
0.000000 -31.166523 -11.348353 -3.972370 4.256502 4.407447 0.231070 0.190627 0.165073 0.127250 0.274623 -0.571120 0.010404 -0.903441 -2.194925 -1.388764 -0.921274 0.756052 0.879217 -0.252763 -0.574652 -0.126522 0.362606 0.153928 -0.176840 -0.418287 2.157929 0.309700 -0.372219 -0.978895 0.287334 0.540287 -0.182067 -0.354547 -0.120717 0.270815 0.016286 
