63.317009 -31.268046 -5.375563 -2.271361 1.370041 -0.269681 0.911597 0.400973 1.615149 -0.165308 -0.611190 -0.338446 0.659739 -3.377533 3.053819 0.440019 0.740712 -1.139256 -0.068551 0.192270 0.226416 -0.475475 0.409209 -0.167928 -0.122814 -1.221363 0.221452 -0.382474 0.013633 -0.197493 0.077656 0.075346 -0.347982 0.709603 -0.264032 0.168060 -0.101277 
121.188980 -38.023111 0.732076 -1.391322 2.851466 -2.548192 0.774495 0.785513 2.067981 -1.116257 0.207228 -0.674303 0.414112 -5.820259 3.496723 -0.324930 0.767978 -1.534243 0.086760 0.342962 -0.469547 0.943732 -0.118856 0.168191 -0.325367 1.902243 -1.799576 0.196504 0.059138 0.604924 0.332342 -0.257057 -0.225323 0.276550 -0.050213 0.250615 0.092821 
0.000000 -42.908564 1.617883 -2.921220 2.905998 -3.338166 1.085118 1.086896 0.676054 1.722156 -0.848901 -0.002065 0.009005 0.426953 -0.545334 0.833028 0.858988 0.070593 0.596132 -0.321844 -0.224229 0.077625 0.308783 0.333301 0.062828 5.503268 -1.731854 1.142159 -0.071934 1.178740 -0.486665 -0.535400 0.811157 -1.304988 0.491304 -0.072397 0.570423 
134.787766 -37.169204 -0.358591 0.274733 4.569443 -2.407007 1.966758 0.141824 1.619523 -0.961006 0.824795 -0.007700 0.539769 5.186277 0.033014 1.959388 0.624110 0.823237 -0.886569 -0.727838 1.152767 -1.666243 0.863752 0.023397 0.815479 2.098874 1.135956 -0.151676 -0.104067 0.252951 -1.655976 -0.104279 0.841284 -0.423296 -0.024009 -0.286728 0.267410 
135.543747 -32.536010 1.683911 0.997556 4.154217 -1.691692 -0.688021 -0.368779 2.981588 -1.610331 0.878604 0.044728 1.639962 4.624700 1.726579 0.529676 0.650855 0.576495 -2.715821 -0.530402 1.458340 -0.768967 0.260765 -0.240154 0.597648 -0.880567 0.900014 -1.372790 0.792044 -0.148323 -0.531774 0.371455 -0.484909 1.148797 -0.537271 0.014011 -0.439567 
137.759918 -27.919803 3.094567 1.334085 5.871153 -1.254017 -3.464884 -0.918980 4.536203 -2.498939 1.346324 -0.488008 1.735064 3.425142 1.833043 -0.786192 2.208198 0.526591 -1.950117 0.015071 0.182948 0.631350 -0.210790 0.051419 -0.063656 -0.817593 -0.477456 -0.592085 0.574041 -0.377378 1.037795 0.337333 -0.960945 0.950255 -0.192121 0.295101 -0.572832 
140.781631 -25.685726 5.349997 -0.574828 8.570613 -0.638510 -4.588255 -0.338636 3.347484 -0.347630 0.457024 0.147567 1.512651 2.989515 0.771668 -0.654494 1.798937 -0.178261 -0.640230 0.144264 -0.463551 1.131543 -0.123477 0.350049 -0.548016 -0.044875 -1.084677 0.527999 -1.122902 -0.961213 1.063474 0.070058 0.089468 -0.627126 0.355336 -0.139823 -0.323504 
145.415482 -21.940773 4.637903 0.025097 9.469026 -1.610539 -4.745344 -0.630452 3.609101 -0.235854 1.099371 0.212089 0.639032 3.335393 -0.336311 0.269806 -0.037606 -1.395835 0.176832 0.155187 0.361884 -0.622902 0.499882 -0.228226 -0.710664 0.543329 -1.081368 0.415208 -1.703888 -0.491790 0.842178 0.167933 0.194775 -0.908297 0.154271 -0.613575 0.148472 
145.981964 -19.014940 4.677376 -0.035216 8.495402 -3.430179 -4.234592 -0.028262 4.071251 -1.593435 1.456788 -0.308885 0.091323 4.076173 -1.391068 0.175921 -1.608840 -1.161840 1.044127 0.480131 -0.074002 -0.685052 0.185065 -0.877101 -0.251071 -0.215161 -0.958089 -0.152466 -0.773328 0.813529 0.790564 0.357611 -0.450823 0.138486 -0.519510 -0.125050 0.554970 
150.354736 -13.788426 1.855766 0.376940 6.251346 -3.934219 -2.657091 0.329809 3.461098 -1.605958 1.469502 -1.542114 0.136890 2.905072 -2.252488 -0.035125 -1.584262 0.231224 1.757960 0.870408 -0.539762 -0.345930 -0.539139 -0.478326 0.399275 -4.848171 0.285822 -0.504707 0.541888 1.415040 0.335378 0.090797 -0.072450 0.125362 -0.493789 0.577832 0.493047 
153.846603 -13.204796 0.172400 -0.105466 5.326878 -2.967730 -0.718672 1.712555 2.991727 -2.285294 0.378510 -1.265538 0.889874 -5.620169 -0.819424 -0.833493 -0.525064 1.668239 1.714882 0.661724 -0.218902 -0.434327 -0.802514 0.278563 0.735023 -7.578793 0.949852 -1.102342 -0.950769 0.885353 -0.150595 -0.429474 -0.236686 0.704176 0.052825 0.793379 -0.302858 
160.024353 -25.028764 0.216918 -1.290047 5.201219 -0.597740 0.772672 1.653257 3.023295 -2.474612 -0.135525 -0.984989 1.606936 -12.252514 -0.352785 -2.239809 -3.485800 2.001930 1.456769 0.011461 -1.013134 1.062422 -0.433489 1.108431 -0.206440 2.056983 -0.127167 0.061961 -0.743557 -0.338721 -0.094708 -0.523932 -0.272227 0.756572 -0.090191 0.396296 -0.569537 
155.416794 -37.709825 -0.533170 -4.585085 -1.644723 1.036129 2.194867 1.735477 0.965458 -0.160449 -0.488468 0.951325 0.476993 -1.506204 -1.073759 -0.709572 -2.012177 0.990797 1.525466 -0.386141 -0.763355 1.078817 -0.982895 1.071155 -0.404052 9.554503 0.622751 1.757930 2.902486 -0.812422 -0.925720 -0.430838 0.904159 -0.763719 -0.056799 -0.701031 0.281467 
0.000000 -28.041171 -1.930599 -2.709191 1.176864 1.383854 3.823605 0.880974 1.496585 -0.316977 -2.101315 1.157322 0.798832 6.856492 0.892718 1.276050 2.319171 0.377086 -0.394671 -0.850214 0.795183 -0.465016 -0.547087 -0.293631 0.356494 1.660908 0.221921 0.993278 1.653940 -0.485165 -1.413811 -0.037041 0.181005 -0.623392 0.822307 -0.703441 0.301295 
145.338074 -23.996840 1.252266 -2.032986 2.993619 1.790302 1.405524 0.035049 2.555825 -1.090482 -1.582642 0.364063 1.189980 1.815612 -0.629917 1.276984 1.295702 0.020467 -1.302155 -0.460224 -0.401344 -0.167966 0.661720 -0.335726 0.198538 -4.737608 -4.288826 0.153646 -1.679368 -0.421650 0.640727 0.251696 -0.891549 0.567172 0.511301 0.042831 -0.157530 
140.272629 -24.409947 -3.190434 -0.155222 3.768269 1.424788 1.219294 -0.039473 0.693896 -0.652909 -0.777876 0.485870 1.195908 -2.618724 -7.684935 1.583342 -1.039564 -0.466214 0.886783 -0.346823 -0.987916 0.669329 0.475516 -0.207969 0.041434 -3.239530 -3.886139 -1.055171 -0.879197 -0.103645 0.941673 0.199029 0.252729 0.371171 -0.134485 0.082926 -0.126706 
127.349533 -29.234289 -14.117604 1.133698 0.914491 0.857873 3.179090 -0.658597 0.579993 0.248175 -0.631609 -0.051875 1.272849 -4.663447 -8.402195 -0.833358 -0.462692 -0.186823 0.581192 -0.062165 0.104114 0.574375 0.392750 -0.169874 -0.054874 2.104512 4.580128 -1.369753 1.360327 0.527550 -0.218392 0.481312 0.747895 -0.279642 -0.058602 0.406918 -0.018872 
0.000000 -33.736841 -19.994823 -1.821939 2.842885 1.051141 2.381677 -0.163803 0.902123 0.495842 0.007625 0.146123 1.086160 1.590300 1.475322 -1.156164 1.681090 0.588885 0.449998 0.615800 0.507875 0.110044 0.358313 0.605866 0.003690 4.946213 7.372426 0.273929 0.933078 1.089510 -0.059191 0.139626 0.175956 -0.540307 -0.223679 0.384384 0.059784 
0.000000 -26.053689 -11.166959 -1.178630 4.276670 2.035643 4.079087 0.573004 1.595742 0.468262 0.085017 1.159858 1.280228 5.228979 6.342658 -0.285500 1.403464 1.992197 0.462810 0.217087 0.456027 -0.506238 -0.054608 0.598895 0.064693 -1.139694 0.143543 0.089974 -0.394888 0.814706 -0.623941 -0.495897 -0.036884 -0.283692 0.203227 -0.469307 -0.251239 
132.984680 -23.278884 -7.309507 -2.392940 5.649814 5.035536 3.307297 0.270371 1.814177 -0.516634 -0.101591 1.343912 1.215547 -0.689087 1.762408 -0.976217 0.891314 2.218297 -0.797883 -0.375994 0.434107 -0.457341 0.764766 -0.332748 -0.498789 -5.563199 -3.722390 0.698891 -0.635055 -1.265357 -0.345473 -0.127195 -0.454411 0.702311 0.475328 -0.694907 -0.179829 
133.405106 -27.431863 -7.642143 -3.131064 6.059298 6.472237 2.483321 -0.178985 2.463956 -0.446419 1.614550 0.494362 0.282650 -5.897418 -1.102123 1.112281 0.133355 -0.538516 -0.228136 -0.037304 -0.452795 0.898384 0.896047 -0.790919 -0.294964 -2.255999 -2.063114 1.286315 -0.608862 -2.174645 0.848074 0.256436 -0.910573 0.737662 -0.369827 -0.090244 0.417615 
127.913544 -35.073721 -9.513752 -0.168378 5.916524 3.958503 2.851024 0.195763 0.908587 1.280134 1.690503 -0.237926 0.625618 -5.201085 -2.363821 1.596413 -0.326410 -2.130993 0.898264 0.136877 -1.387038 1.017983 0.025112 -0.513237 0.336441 1.016342 -0.200315 -0.482195 -0.500580 0.011450 0.173808 -0.246264 -0.051259 -0.163660 -0.362852 0.330575 0.048175 
117.696541 -37.834032 -12.369785 0.061762 5.406479 2.210251 4.279850 0.094769 -0.310120 1.589546 1.664774 -0.532112 0.955532 -3.864734 -1.502753 0.147891 -0.867806 -0.515617 0.119479 -0.529831 -0.555312 0.571064 0.170344 -0.129769 -0.198614 3.818085 1.882600 -1.330675 0.070474 2.029050 -0.507988 -0.564233 1.051438 -0.543598 -0.124334 0.468717 -0.621225 
104.515480 -42.803189 -12.519258 0.127404 4.180913 2.927269 3.089983 -0.863900 -0.202038 2.422262 2.031191 -0.497464 0.228389 2.435085 1.401379 -1.064938 -0.185461 1.927108 -0.117712 -0.991589 0.715838 -0.069214 -0.223555 0.424196 -0.906009 4.958665 3.334621 -0.885270 0.483108 1.011247 0.215637 0.339305 0.541007 -0.692605 -0.642357 -0.020103 -0.228744 
100.666145 -32.963861 -9.567028 -2.068113 5.035557 6.064467 4.044426 -1.888410 1.121556 1.451118 1.217663 0.316280 -0.856487 6.052596 5.166489 -1.622648 0.098410 1.506877 0.550754 0.148779 0.526701 -0.814145 -1.114369 -0.169975 -0.656103 -1.811720 2.649623 0.505887 -0.732007 -1.705046 -0.151957 1.484878 -0.071190 0.177041 -0.672302 -0.671308 0.455395 
95.239174 -30.697997 -2.186280 -3.117893 4.377733 5.941023 4.191492 -0.566341 0.851364 0.793972 -0.197548 -0.837413 -1.083816 -1.188355 6.700625 -0.053164 -1.649476 -1.482984 -0.421626 1.978166 0.573457 0.284867 -1.568160 -0.918419 0.004780 -6.059831 -0.997272 1.153359 -0.417555 -1.409362 -0.941030 0.181846 0.158967 0.688061 0.118955 0.079160 0.567171 
93.404373 -35.340571 3.834222 -2.174441 1.736606 3.098500 3.201175 2.067922 2.268470 2.020852 -1.918658 -1.520558 -0.846926 -6.067065 3.171945 0.684070 -0.736701 -1.311847 -1.331307 0.512472 0.844635 0.561978 -0.876460 -0.011654 0.478240 -2.520887 -3.264523 -0.144247 1.359145 1.261453 -0.638168 -1.457109 -0.175664 -0.635250 1.069836 0.725847 -0.156178 
89.823143 -42.832128 4.157609 -1.749753 2.904331 3.317329 1.528879 0.458602 2.540635 1.917927 -1.950467 -0.860722 -0.127337 -6.230129 0.171579 -0.341659 1.068814 1.039923 -1.697961 -0.936053 0.222129 -0.985634 0.571512 0.533275 -0.307576 2.301093 -1.892477 -0.430961 0.727324 0.829846 0.834448 -0.785102 -0.236195 -0.912048 0.734149 0.218241 -0.837723 
93.956787 -47.800828 4.177380 -2.857758 3.874235 5.178345 -0.194747 0.195817 2.712729 0.049585 -0.775634 -0.454008 -1.462078 -1.464880 -0.613009 -0.177852 0.717947 0.347845 0.337590 -1.057733 0.372245 -1.262119 0.591839 0.424827 -1.197207 4.263511 -0.491173 0.797368 -0.178879 -0.938419 1.739147 -0.103764 0.017944 0.597463 -0.171826 -0.217491 0.111347 
102.406494 -45.761888 2.931591 -2.105457 4.340226 4.013019 2.204060 -1.656865 3.285125 -0.606311 -0.766790 -0.011067 -2.521750 2.296894 -0.810766 1.253078 0.711057 -0.836915 1.780333 -1.143581 0.258018 0.209292 0.227860 0.098293 -0.084881 1.482724 0.217339 0.450107 -0.103555 -0.466773 0.263599 0.642779 -0.493513 1.172602 -0.285571 -0.542754 0.980931 
110.505539 -43.207041 2.555848 -0.351602 5.296348 3.504515 3.365919 -2.091344 3.228764 0.468169 -0.319914 -0.257422 -1.631840 1.500567 -0.178331 0.722363 0.510838 -0.585701 0.864789 0.227824 -0.614781 1.083086 0.020696 -0.660681 0.764655 -2.263665 0.721245 -0.533725 -0.707514 0.512097 -1.007699 1.114878 -0.657998 0.250451 -0.129885 -0.190462 0.446617 
117.262299 -42.760753 2.574928 -0.660732 5.361902 2.841616 3.933637 -1.201216 2.055562 1.559861 -0.725398 -1.332429 -0.992440 -2.230436 0.631724 0.185629 -0.703972 0.187278 -0.235064 1.086174 -1.057979 0.710195 -0.031909 -0.282631 0.808352 -7.449242 -0.360710 0.724357 -0.588252 0.444224 -1.052624 0.336626 -0.027291 -0.567360 0.256392 0.728827 -0.016723 
114.975060 -47.667912 3.819295 0.019656 3.888404 3.879072 2.895791 0.081004 1.112807 1.888558 -0.383731 -0.822684 -0.015137 -13.397917 -0.899751 2.171077 -0.665666 0.302746 -1.240459 0.901076 -0.669363 -0.051634 0.533479 0.796974 0.731209 -4.913694 -3.143742 -0.149935 -0.807702 -1.159009 -0.659575 -0.492921 0.179089 -0.816995 0.094636 0.405366 -0.357164 
113.924660 -69.556588 0.775426 3.681421 4.030569 3.447108 1.452718 0.600935 0.716837 1.456593 0.341560 0.261519 0.469979 -12.057823 -5.655761 -0.114241 -2.319377 -2.130740 -1.554214 0.100333 -0.699801 -0.923796 0.157363 0.528102 0.094023 8.731318 -0.597762 -2.048314 -0.244304 -0.841350 0.160692 -0.135602 0.169636 -0.386379 -0.092272 -0.381260 -0.480475 
237.397720 -71.783558 -7.492227 -0.208826 -0.750349 -0.382409 -0.212638 0.281670 -0.286795 0.040966 -0.069005 0.233519 0.172909 4.064719 -2.095276 -1.925551 -1.154275 -1.379954 -0.919076 0.629872 -0.330090 -0.824392 0.348934 0.034453 -0.229742 13.836061 3.602880 -0.180641 2.382693 1.956378 0.894148 0.382106 0.372959 0.457875 0.454796 -0.360913 -0.298559 
221.938126 -61.427150 -3.415126 -0.169681 1.722019 0.687201 -0.385434 1.860679 0.056657 -0.192190 1.039428 0.330425 0.010496 15.614299 1.549999 -0.475523 2.446009 1.782016 0.234081 0.864544 0.046117 -0.008047 1.066954 -0.193725 -0.503095 5.476155 1.205219 -0.047418 1.482503 1.554719 0.986226 -0.705767 -0.021784 0.395288 0.123203 0.020009 -0.227133 
254.370667 -40.554959 -4.392229 -1.159873 4.141668 3.181624 0.255524 2.010759 -0.194561 0.024872 2.064904 -0.153930 -0.833280 15.017029 0.315162 -2.020387 1.810731 1.729483 1.053377 -0.781662 -0.373658 -0.033815 0.595340 0.074471 -0.684007 -4.448094 0.254332 -0.403719 -1.064061 -1.183300 0.365918 -0.971815 0.178981 -0.233761 -0.852373 0.133139 0.228728 
105.462692 -31.393093 -2.784801 -4.210455 5.343481 4.146167 1.721320 0.297356 -0.690658 -0.259820 2.230108 0.479366 -1.357519 6.718111 2.058663 -1.282962 0.317887 -0.584583 0.965917 -1.079086 0.404079 -0.475569 -0.637791 0.072554 -0.045638 -6.965416 0.721177 1.712251 -1.283303 -1.817472 -0.571771 0.507031 0.713394 0.029575 -1.052365 -0.427185 0.713694 
101.131813 -27.118738 -0.274904 -3.725797 4.777442 2.012458 2.187358 -0.147414 0.613597 -0.926265 0.789321 -0.008822 -0.924557 1.086197 1.757517 1.404116 -0.755875 -1.905461 -0.090165 0.232400 1.053131 0.025335 -1.509391 -0.779899 0.743381 -5.095859 -0.419531 1.385815 -0.224757 -0.112789 -0.800496 0.517015 0.168938 0.505847 -0.006667 -0.383361 0.334007 
99.531555 -29.220698 0.730233 -1.402224 3.831732 0.335245 1.540990 0.762155 1.415603 -0.209150 -0.788673 -1.080431 0.129244 -3.473606 1.219601 1.488668 -0.131626 -0.810161 -0.635076 -0.045057 0.741955 0.536126 -0.651125 -0.694167 0.622376 -2.326929 -0.655526 -0.310046 0.955007 1.159461 -0.270332 -0.469855 -0.281871 -0.070422 1.029692 0.550910 -0.287842 
100.168365 -34.065951 2.164299 -0.748461 4.514189 0.392137 0.917206 -0.237527 2.097507 0.145986 -0.512930 -1.397157 0.320195 -3.567661 0.446464 0.784023 1.154139 0.413460 -0.630829 -0.707310 0.489389 -0.115508 0.549993 0.321921 0.167697 0.566964 -0.671479 -0.251618 0.710820 0.710243 -0.036184 -0.320215 -0.299045 -0.383267 0.576248 0.674824 -0.250489 
104.365028 -36.356020 1.623162 0.165822 6.140009 1.162165 0.279332 -0.652464 2.394381 -0.440167 0.311313 -0.436589 0.464639 -2.339678 -0.123357 0.985432 1.290014 0.610324 -0.707445 -0.685487 0.143864 -0.230408 0.501370 0.655481 0.121398 1.540557 0.147118 -0.025613 -0.219418 -0.519203 -0.184103 0.040570 -0.604263 0.282018 -0.332148 0.112236 0.110873 
110.614067 -38.745307 1.917585 1.222403 7.094217 1.612786 -0.497683 -1.608501 2.385236 -0.314830 0.489809 -0.086194 0.562992 -0.486548 0.740700 0.732796 0.715302 -0.624947 -0.999035 -0.626170 -0.719137 0.448527 -0.114302 0.546394 0.389444 2.684569 0.453573 0.215788 -0.856152 -0.641743 -0.490803 0.578647 -0.477047 0.321707 -0.172364 -0.451220 0.008279 
116.008270 -37.329116 3.104562 1.631415 7.570614 -0.087728 -1.718738 -1.904804 0.956107 0.456887 0.082708 0.656199 1.243526 3.029460 0.783790 1.417008 -0.422291 -0.673161 -1.689050 0.471806 -0.810229 0.413006 0.156642 -0.246958 0.137956 4.000545 -0.205245 -0.156157 -0.899567 0.103401 0.076292 0.959213 0.322865 -0.313189 0.046774 -0.652496 -0.415297 
116.182350 -32.686388 3.485165 4.056418 6.249635 0.266464 -3.875783 -0.664888 0.764778 0.511181 0.803094 -0.580111 0.838905 7.514542 0.330210 0.420483 -1.083831 -0.418145 -0.846451 1.292255 -0.073406 -0.177851 -0.020754 -0.758598 -0.441150 2.850006 -0.929108 -1.296287 -0.526696 0.241115 1.358162 0.335363 0.676000 -0.616385 -0.424773 -0.087794 -0.189184 
128.513199 -22.300032 3.764983 2.472380 5.402952 -0.924019 -3.411640 0.679706 0.809294 0.101184 0.041199 -0.860996 0.361226 8.729472 -1.074426 -1.175566 -1.475682 -0.190930 1.027273 1.142533 0.541771 -0.819765 -0.692904 -0.422547 -0.240411 -1.550462 -1.089296 -0.970246 -0.262004 1.004244 1.428682 -0.563200 -0.087802 -0.251661 -0.064329 0.370839 0.301842 
130.986816 -15.227445 1.336313 1.705286 3.298270 -0.115397 -1.821237 1.620178 1.848320 -1.128348 -0.582715 -1.425205 0.358084 4.413617 -1.848382 -1.520010 -1.607839 1.590344 2.010913 0.165856 -0.249011 -0.681174 -0.149412 -0.016919 0.162534 -5.160765 -0.485181 0.038114 0.613886 1.277315 0.433727 -0.988573 -0.897443 0.388683 0.803196 0.309360 0.236516 
127.832985 -13.472797 0.068218 -0.567641 2.187273 2.256668 0.610186 1.011417 0.311273 -1.261165 -0.257625 -0.894834 0.686295 -1.592058 -2.044788 -1.099338 -0.247911 2.363700 1.894728 -0.834614 -1.253115 -0.042398 0.913487 0.196172 0.232621 -5.674221 -0.747744 0.866678 1.105447 -0.438401 -0.618705 -0.275934 0.037416 0.343647 0.734467 0.081139 -0.323650 
125.077354 -18.411560 -2.753263 -0.493389 2.802447 4.612002 1.968219 -0.049050 -0.657910 -1.213145 1.244259 -1.032860 0.823326 -6.934825 -3.343870 0.213346 0.603055 0.713541 0.773504 -0.386013 -0.174179 0.006119 1.319522 0.145359 -0.484766 -3.494558 -0.296106 0.742067 0.464334 -1.741081 -0.710068 0.511700 0.689994 0.221993 -0.328351 -0.207455 -0.501100 
124.724373 -27.342447 -6.619522 -0.140949 3.393384 3.683751 2.157194 0.239391 -0.037085 -1.248926 2.381418 -0.604116 -0.283238 -8.581173 -2.636999 0.384797 0.680757 -1.118462 0.474592 0.188786 0.126872 0.401588 0.256784 -0.218738 -0.769578 1.500906 0.925670 0.118257 0.489778 -0.377523 -0.436223 -0.114389 0.020643 0.412821 -0.564546 -0.692385 0.122336 
243.634003 -35.573907 -8.027261 0.276205 4.163962 2.375078 2.917403 0.328522 -0.404166 -0.409969 1.757828 -1.470336 -0.715830 -3.933013 -1.492530 0.449859 1.582611 -0.041504 -0.098942 -0.614791 -0.132893 0.831760 0.190431 -1.239412 -0.240095 5.501808 0.594055 -0.041202 -0.017838 1.249166 -0.719609 -0.504744 0.022645 -0.309805 0.234719 -0.023416 0.379065 
240.650925 -35.208474 -9.604581 0.758769 6.558605 3.600744 1.959309 -0.990190 -0.302871 0.414595 2.762279 -3.082939 -0.763428 2.422443 -1.448888 0.302393 0.645080 1.379870 -0.964625 -0.820702 0.172163 -0.218023 0.726223 -0.265571 -0.011449 2.442851 0.951536 0.017327 -1.365033 0.520267 -0.132990 0.296351 0.195684 -0.703663 -0.136801 1.126188 0.358175 
245.805344 -30.729021 -10.925037 0.880991 5.454122 5.134817 0.988153 -1.312881 -0.059840 -0.846015 3.210273 -2.001478 -0.738727 0.952689 0.410542 0.484513 -1.147454 0.999031 -0.364922 -0.022090 0.258474 -0.575565 -0.083172 1.012965 0.476256 -6.204441 1.370583 0.416931 -0.924836 -1.004129 0.391213 0.879831 -0.009243 0.704408 -0.848896 0.449620 0.290242 
253.169388 -33.303096 -8.783496 1.727796 4.263696 5.598805 1.229466 -1.034370 0.214078 -0.736536 2.595935 -1.057009 0.189084 -9.986439 1.292278 1.136254 -1.204592 -0.628389 -0.182198 0.938960 0.153676 1.190794 -0.971569 0.633669 0.569035 -7.284176 -0.389814 0.540985 -1.185513 -1.512725 -0.281640 0.321891 -0.247711 0.532622 -0.649872 -0.305251 -0.142114 
113.800697 -50.701899 -8.340481 3.153500 3.044938 3.878039 0.623756 0.565038 0.247511 1.535573 1.267136 -0.734140 0.399343 -13.615662 -0.369085 1.566483 -3.518481 -2.026420 -0.928202 0.621693 -0.236948 0.489678 -1.382916 0.402464 0.192028 5.261785 -5.231394 -1.040752 0.409026 -0.576066 -0.853146 -0.568982 0.197854 -1.061315 0.143166 -0.225834 -0.172921 
216.647690 -60.534421 -9.521665 4.860762 -2.773266 1.545965 -0.626938 0.209016 -0.259817 0.242820 -0.169897 -0.252082 0.573139 0.537130 -9.170510 -0.945250 -0.386539 -1.780520 -1.888489 -0.199005 0.549384 -0.931837 -0.685237 0.182002 0.223193 11.601948 -4.244166 -2.797955 3.011020 0.580623 0.419930 -0.370883 0.474756 -0.302268 0.767057 -0.105511 -0.223501 
0.000000 -49.627638 -26.681500 1.263000 2.271860 0.316998 -3.153222 0.167028 1.346280 -0.328100 -0.103338 -0.370137 0.845729 9.588234 -8.857416 -4.029427 2.503559 -0.865174 -0.088342 -0.120073 0.712565 -0.114858 0.151199 0.191442 -0.254975 2.689558 6.316557 -0.563113 0.928022 1.241606 2.023177 0.124711 -0.668687 0.664368 0.781839 0.236235 -0.386585 
0.000000 -41.357953 -27.236497 -3.198091 2.233853 -0.184384 -0.803621 -0.031130 1.165313 0.013104 0.132501 0.130803 0.063190 5.916247 3.462605 -2.071475 1.469504 0.702692 2.157864 0.050418 -0.787989 0.396900 0.878442 0.654471 -0.549976 -3.717560 9.073525 2.087665 -0.314851 1.406928 0.853644 0.003550 -0.836762 0.276224 0.368376 0.158239 0.043981 
0.000000 -37.795145 -19.756289 -2.879951 5.210868 1.722382 1.162506 0.267864 -0.229698 0.465700 1.653546 0.938806 -0.254224 2.153114 9.289634 0.145904 1.873857 1.948681 1.618947 -0.112972 -0.960960 0.437589 0.887952 0.507920 -0.167012 -3.223750 3.422703 0.217173 -0.464686 0.198639 -0.775051 -0.188018 0.234425 -0.285191 -0.349084 -0.418913 0.232476 
84.384880 -37.051726 -8.657230 -2.906282 5.981566 3.712979 2.434273 -0.257074 -0.756607 0.888282 1.908404 1.146643 -0.270835 -0.531253 10.308011 -1.637130 0.540131 1.099970 0.607762 -0.325619 -0.319140 -0.173482 0.180273 -0.183354 -0.085024 -1.528038 -2.265576 -0.884934 -0.859538 -0.922005 -0.823534 0.024911 0.452637 -0.411181 -0.417554 -0.397596 0.045147 
87.917885 -38.857650 0.859732 -6.154211 6.291129 3.922322 2.378030 -0.383374 -0.867978 0.118736 2.014092 0.572098 -0.424271 -0.902962 4.758481 -1.623964 0.154782 0.104672 -0.028122 -0.063150 -0.055685 -0.384773 0.052844 -0.287272 -0.076718 -0.185855 -2.774765 0.006583 -0.192675 -0.497649 -0.317942 0.131234 0.131727 -0.105646 -0.063715 -0.051959 0.004153 
