155.729111 -35.025305 5.931604 -1.938548 1.201644 4.068214 3.671870 0.541543 -2.335117 0.725753 -2.369124 0.467375 0.191218 0.196975 -1.569178 1.067009 0.967400 0.246013 -0.514634 0.133536 -0.203067 0.228983 0.014302 0.034664 0.134346 -0.152579 -0.119703 0.248583 -0.111349 0.655254 -0.834173 0.182631 0.295024 -0.210156 0.436377 -0.682221 0.129905 
166.421951 -34.631356 2.793249 0.195471 3.136443 4.560240 2.642603 0.808615 -2.741250 1.183718 -2.340519 0.536704 0.459910 -0.108184 -1.808585 1.564175 0.744702 1.556521 -2.182980 0.498798 0.386981 -0.191330 0.887057 -1.329778 0.394157 -0.671560 0.137533 -0.261902 -0.313927 0.449134 -0.521118 0.198543 0.502629 -0.086804 0.555383 -0.923335 0.075212 
178.445602 -35.241673 2.314435 1.189802 2.691048 7.181256 -0.694090 1.539139 -1.561154 0.343093 -0.595011 -2.192181 0.979532 -1.146146 -1.294112 0.543205 0.339546 1.144282 -1.556870 0.530622 0.802192 0.055374 1.125068 -1.812005 0.284770 1.108850 0.157645 -1.288004 0.243318 -1.065545 1.600996 -0.217519 -0.445845 0.441348 -0.291077 0.730604 -0.468276 
181.962799 -36.923648 0.205025 1.281882 3.815535 6.848803 -0.471138 1.869858 -1.136865 1.294467 -0.090383 -3.087305 1.029451 2.109517 -1.493295 -1.011833 1.231338 -0.574569 1.019011 0.063760 -0.504709 0.691366 0.304903 0.131429 -0.542394 2.334444 0.631281 -0.677886 -0.057112 -1.285820 1.933983 -0.285902 -0.630391 -0.001506 -0.599991 1.507054 -0.636736 
174.531601 -31.022640 -0.672155 -0.833865 5.153724 6.032118 1.343931 1.666659 -2.570572 1.725826 0.014795 -1.929323 -0.105257 3.522742 -0.031550 -0.812566 0.225323 -1.427359 2.311095 -0.041182 -0.458590 0.052361 -0.074914 1.202103 -0.988701 -2.471094 -0.531376 1.792976 -0.925307 -1.028428 0.774771 0.008537 0.507347 -0.591783 -0.014169 0.496324 0.409531 
160.082886 -29.878165 0.141924 -0.343251 4.266180 3.994086 4.151052 1.787493 -2.054044 1.399189 -0.240211 -0.683099 -0.947951 -2.832672 -2.556047 2.574119 -0.619277 -2.631425 2.568553 0.080834 0.509985 -0.492200 0.276565 1.124078 0.276667 -4.955504 -0.716175 2.217269 -0.017548 -0.869889 -0.707724 0.194471 0.392599 -0.060996 -0.148295 -0.705685 0.762416 
0.000000 -36.687983 -5.784248 4.314372 3.915171 0.769268 6.481037 1.828328 -1.550603 0.741426 0.567925 0.318832 0.448077 -6.388266 -1.463900 3.621971 0.190226 -3.167137 0.895647 0.347760 0.326609 -0.069631 -0.371504 -0.209267 0.536130 2.983416 3.505529 -0.455884 -0.830673 0.699703 -1.725247 0.568637 -0.652328 0.347482 -0.915107 -0.892201 -0.155418 
125.781364 -42.654696 -2.785876 6.900692 4.646633 -2.340188 5.942347 2.483014 -1.400827 1.259928 -0.983218 -1.101633 0.124308 3.134159 4.455011 1.662351 -2.280623 -1.232018 -0.881941 1.218109 -0.794672 0.202764 -1.553649 -0.660325 -0.034170 8.029935 2.196198 -2.020738 -1.229338 1.857501 -1.133480 0.237134 -0.730898 -0.140890 -0.123533 0.132868 -0.233938 
128.882568 -30.419664 3.125774 7.639073 -0.646074 -1.694769 4.717155 4.264546 -3.139947 1.146955 -2.539374 -1.001818 0.379738 9.671605 2.928497 -0.419504 -2.268450 0.547866 -1.371314 0.822029 -1.135187 -0.351410 -0.618569 0.056469 0.068254 -0.563917 -2.149055 -1.440659 1.400636 0.668524 0.069222 -0.797977 0.287106 -0.105687 0.780000 0.450487 0.091381 
127.344383 -23.311487 3.071117 6.061685 0.109732 -1.244457 3.199720 4.127071 -3.671200 0.557107 -2.220357 -0.988695 0.260817 2.006326 0.156901 -1.218968 0.520650 0.105029 -0.743498 -0.377846 -0.220459 -0.008609 0.006351 0.240650 0.148593 -10.632137 -1.507995 -0.442461 0.920424 -0.652152 1.193920 -0.691269 0.703732 0.403910 0.268933 0.452042 0.270180 
126.004723 -26.407013 3.439575 5.201137 0.395226 -1.484711 3.230160 3.508854 -3.580865 1.129737 -2.526672 -0.520517 0.676923 -11.592669 -0.087494 -1.304425 -0.427602 -0.756438 1.016526 -0.560509 0.272277 0.456409 -0.080704 0.960553 0.608613 -7.042054 -5.171949 0.581772 -1.849488 -0.662257 1.561859 0.130113 0.555222 -0.428295 0.135169 0.034881 0.307589 
238.985962 -46.496825 2.896129 3.452834 -0.745471 -2.757332 5.232771 3.006053 -3.126646 1.469925 -2.381765 0.932410 1.478043 -12.077782 -10.186998 -0.055423 -3.178327 -1.219484 2.380219 -0.117619 0.889985 -0.865200 0.276689 0.310413 0.763770 7.736506 -1.552157 2.485111 0.733154 1.047617 -0.065925 -0.372884 -0.316044 -0.645091 0.369452 -0.743223 -0.437991 
0.000000 -50.562576 -16.934420 5.090291 -5.961428 -3.923680 7.990598 3.273616 -1.800895 -0.600662 -1.973294 0.100308 2.204464 3.880342 -3.191808 3.665796 1.038706 1.338796 0.884676 -1.306276 -0.359811 -0.833773 0.658201 -0.525893 -0.267368 11.694465 10.097560 -0.322052 3.571154 2.054355 -1.858565 -0.752351 -1.212817 0.766674 0.058512 0.036390 -0.844076 
0.000000 -38.736141 -3.487487 10.784426 1.331942 -0.079740 7.002122 0.393501 -3.846267 -0.197621 -1.065363 -0.119376 0.943308 11.311149 10.008123 -0.699527 3.963981 2.889226 -1.336910 -1.622321 -1.535650 0.668148 0.393712 0.383193 -0.924381 1.152788 3.322524 -4.038408 -0.293805 0.625743 -1.602266 0.415974 0.147346 0.765884 -0.122256 0.376504 0.024636 
121.313919 -27.940278 3.081827 3.691236 1.966533 1.854773 5.316778 0.028975 -4.872195 0.735635 -1.185869 0.866694 0.355702 6.185918 3.453240 -4.411020 0.451096 2.590283 -2.319856 -0.474328 -0.065119 0.697996 0.413688 0.227115 -0.218097 -5.906877 -4.907176 -0.499336 -1.639808 -0.305977 -0.348955 0.661754 1.272834 0.114535 -0.123083 -0.512010 0.477959 
120.926117 -26.364305 3.418993 1.962387 2.234134 5.100825 2.362409 -0.555154 -3.976506 1.198371 -0.237987 0.334855 0.507114 -0.502605 0.193772 -1.698199 0.684365 2.277273 -2.034819 -0.298814 1.010018 0.897218 0.147547 -0.640826 0.031536 -5.368250 -2.686818 1.999837 0.345646 -0.847281 0.947955 0.085958 0.370040 0.307010 -0.576799 -0.562812 0.260151 
119.256348 -28.945489 3.469371 0.294839 3.335264 6.409320 1.247140 -0.568652 -2.852159 2.530071 -0.890775 -0.414959 0.418775 -4.550582 -1.920397 -0.411345 1.142387 0.895720 -0.423946 -0.302412 0.674961 1.312015 -0.739909 -0.898509 0.302205 -1.748801 -1.631462 0.883473 0.081602 -0.696022 1.258779 0.134429 -0.343001 -0.130653 -0.290923 0.161372 0.122829 
120.108154 -35.465469 -0.421801 1.139697 4.518909 6.892266 1.514517 -1.159979 -2.626584 3.822402 -1.717805 -1.462163 1.111524 -4.000207 -3.069151 0.068746 0.847570 0.885229 0.482739 -0.029955 0.324016 0.635913 -0.434300 -0.318082 0.277194 1.953436 -0.154714 0.297825 -0.131470 -0.662440 0.874787 0.016574 -0.044118 -0.563212 0.343252 0.794311 -0.499908 
118.956932 -36.945903 -2.668931 0.432332 5.030404 8.179778 2.212618 -0.628562 -2.204126 3.801898 -1.759374 -1.051123 0.973164 -0.643711 -2.229825 0.184305 0.879448 -0.429160 1.325627 -0.269265 0.586726 0.185592 -0.053406 0.690112 -0.697611 0.757660 -0.013863 0.573897 0.016453 -1.950516 0.281989 0.077909 0.132713 -0.224023 0.473108 0.386685 -0.321744 
114.778664 -36.752890 -4.881452 1.508307 6.277805 6.033945 4.165771 -1.698509 -1.453131 4.193586 -1.824618 -0.081938 -0.283698 -2.484887 -3.096877 1.216540 0.880475 -3.015803 1.046718 0.125864 0.589443 0.187868 0.511917 0.455287 -0.366293 -1.855343 -1.113719 -0.361502 -0.231950 -0.833047 -0.421604 0.252901 -0.076339 0.568607 0.533792 -0.463405 0.705580 
335.879883 -41.915677 -8.862686 2.865411 6.791354 2.148173 4.306053 -0.376835 -1.025240 4.177633 -0.735540 -0.140550 0.240577 -4.354397 -4.457263 -0.538700 0.415548 -2.095254 0.482419 0.236536 0.434049 1.322807 1.014177 -0.236697 0.713550 0.645031 -0.807292 -1.647958 -0.476314 1.490803 -1.073618 -0.293699 -0.003266 -0.138671 -0.020226 -0.178993 0.189993 
0.000000 -45.461684 -13.795978 0.430907 7.108902 1.843437 5.130609 -1.225436 -0.585034 6.839200 0.203736 -0.555332 1.143401 -1.194825 -4.711461 -2.079376 -0.072153 -0.034196 -1.100519 -0.461533 0.582910 -0.089473 0.471466 0.097300 0.013693 2.621621 0.903247 -0.946939 -1.155437 0.969056 -1.339101 -0.242752 -0.321506 -1.938020 -0.568633 -0.004105 -0.654012 
0.000000 -44.305327 -18.285607 -1.293341 6.647048 2.079780 2.105015 -1.299902 0.140580 3.998687 0.207391 0.054051 0.267963 0.888845 -2.650769 -2.432579 -1.895325 -0.157143 -2.195782 -0.248967 -0.208964 -2.553234 -0.123089 -0.244906 -0.594474 -1.769450 3.057983 0.403784 -1.092609 -0.149459 -0.021453 0.175034 -0.449253 -0.612585 -0.104045 -0.407265 -0.092578 
0.000000 -43.683994 -19.097516 -4.434250 3.318252 1.529152 0.739045 -1.723370 -1.002962 1.732732 -0.042442 -1.045144 -0.045547 -4.733725 1.404505 -1.271808 -2.257370 -0.333115 -1.143426 -0.111466 -0.315596 -1.314644 0.263375 -0.717230 -0.171462 -3.163914 7.920996 3.719791 0.141380 -0.374418 0.974400 0.694071 0.455469 1.145695 0.446247 0.638655 0.229119 
113.713036 -53.772776 -15.476597 -3.836957 2.132307 1.413550 -0.181837 -1.522833 -0.490612 1.369399 0.734142 -1.380409 -0.074962 -5.438984 13.191223 5.007004 -1.612565 -0.905979 -0.246982 1.139174 0.701974 -0.261843 0.769405 1.032403 -0.136236 4.672821 6.228497 2.759634 0.382516 -0.452289 0.814584 0.589531 -0.031723 0.839364 0.171679 0.849857 0.077462 
371.353790 -54.561962 7.284931 5.579758 0.093121 -0.282806 0.245080 0.554979 0.400987 1.209046 1.496368 1.019662 -0.318019 4.611917 13.861499 4.247460 -1.492338 -1.237693 0.485743 1.067597 -0.379043 0.364084 0.606734 0.982484 -0.016538 5.435687 -5.672367 -2.770864 1.055405 -0.226124 0.594430 -0.478338 -0.996925 0.547508 -0.625724 -0.815672 0.274311 
0.000000 -44.548943 12.246401 4.657963 -0.852368 -1.061836 0.789648 0.612360 -1.248697 2.097566 1.947610 0.584560 -0.108038 5.432390 1.846490 -0.534723 0.498244 -1.358227 0.941877 0.182498 -1.291877 0.833172 -0.482044 -0.598941 0.412386 -2.581172 -7.829548 -2.580963 0.931402 0.869840 0.098391 -0.106335 0.721391 -0.354326 -0.813923 -0.569349 0.210261 
91.465073 -43.697183 10.977910 4.510311 1.089610 -2.999260 2.128835 0.919976 -2.182767 2.875391 0.532281 -0.178220 0.506753 -0.550428 -1.797596 -0.914467 0.370465 0.501987 0.682525 0.854926 1.063739 -0.344569 -1.021113 -0.156214 0.403984 -1.960065 -1.216339 -0.128602 -0.751250 1.845331 -0.418792 0.227297 1.163685 -1.080725 -0.076046 0.262748 0.031554 
96.882324 -45.649799 8.651208 2.829028 -0.111438 -0.057862 2.154698 2.322213 0.878782 1.408428 -0.094615 0.272133 0.699929 1.512259 -0.586189 -0.791927 -1.004255 2.332436 0.104293 0.637093 1.035494 -1.328278 -0.634135 -0.073446 0.475495 3.828329 -0.197656 0.440401 -0.251626 0.714314 -0.563157 -0.649046 -1.025115 -0.140276 0.498318 -0.337928 0.029231 
0.000000 -40.672665 9.805532 2.926458 -0.918900 1.665611 2.337420 2.194162 -0.111778 0.218834 -0.735990 -0.325111 1.457743 7.106231 -2.192908 -0.033666 -0.132786 1.930615 -0.443788 -0.443166 -0.986491 -0.625121 -0.024477 -0.832069 0.462445 1.177244 -1.375889 0.027188 0.614242 -0.448420 -0.117764 -0.869431 -0.414066 0.248280 0.421309 0.127631 -0.454576 
112.640862 -31.437338 4.265391 2.761696 -0.377011 3.803369 1.267122 1.435881 -1.094199 0.158185 -0.143569 -1.392005 1.624819 3.866747 -3.337966 -0.737550 0.224228 1.435596 -0.131236 -1.101769 0.207361 -0.831718 0.208482 0.181816 -0.433657 -4.695219 0.918442 -0.466491 0.227467 -0.546164 0.535761 -0.332626 0.998390 -0.175181 0.099185 0.779385 -0.619562 
116.025108 -32.939171 3.129600 1.451358 -0.470443 4.536803 2.074949 -0.009377 0.302944 -1.444603 -0.319027 0.038520 0.590430 -2.284208 -0.356025 -0.966648 0.322148 0.838287 0.627734 -1.108418 1.010289 -0.975484 0.173893 0.726702 -0.776679 -2.492402 1.823140 0.089188 0.316384 -0.428328 -0.035491 0.376812 -0.154217 0.467944 0.201364 0.025543 0.090440 
124.770126 -36.005753 3.553341 0.828401 0.267285 5.479943 2.522591 -0.780955 0.926379 -1.792782 0.204218 0.061398 0.071461 -1.118056 0.308314 -0.559174 0.856997 0.578941 -0.202218 -0.348145 -0.101072 0.104169 0.611210 0.232903 -0.252777 2.090590 -0.217831 0.465506 0.218313 -0.258298 -0.818497 0.824437 -0.732044 1.040900 -0.229261 -0.544504 0.537908 
132.512955 -35.175283 3.746228 0.333010 1.243551 5.694684 1.670513 -0.705666 0.100799 -1.236265 0.903393 0.504325 0.084875 1.896971 -0.791688 -0.035636 0.758773 0.321691 -1.009259 0.540457 -0.453799 1.106316 -0.284630 -0.362307 0.299137 1.579593 -0.650510 0.291928 -0.293395 -0.412016 0.064821 0.468508 -0.174463 0.757538 -0.545190 -0.519719 0.339053 
138.278259 -32.211811 1.969965 0.757130 1.784832 6.123326 0.504073 0.299959 0.018781 0.419850 -0.365042 -0.663215 0.669735 2.041130 -0.992706 0.024683 0.270208 -0.245091 -0.072576 0.588871 -0.449999 1.619245 -0.479170 -0.806535 0.425328 -0.980923 -0.191194 0.342176 -0.407227 -1.027434 1.227685 -0.294805 -0.115828 -0.432986 0.440892 0.425356 -0.101438 
138.694382 -31.093023 1.760816 0.382375 1.783966 5.204503 1.525360 0.472076 -0.799198 2.002226 -0.054947 -1.108746 0.935532 -0.064875 -1.174075 0.648716 -0.055681 -1.733177 1.446111 -0.049153 -0.685456 0.240344 0.597154 0.488404 0.096261 -2.338899 -2.395116 1.110220 -0.393194 -0.878280 0.715887 -0.178130 0.209792 -1.104523 0.576830 1.053819 -0.089151 
135.355072 -32.341560 -0.378184 2.054561 1.673470 2.656971 3.396295 0.201652 -1.352131 0.900538 0.829266 0.313593 0.862258 -2.636668 -5.782937 2.245123 -0.516179 -2.001651 1.359198 0.232611 -0.030414 -0.589800 0.674489 1.301103 0.247027 -0.677715 -0.357176 0.760678 0.047693 0.563521 -0.560344 0.249415 0.449802 -0.416509 -0.620200 -0.341213 -0.363972 
132.180115 -36.366359 -9.805059 4.872621 0.751607 1.201201 4.243756 0.937297 -0.860026 0.822626 1.294032 1.493460 1.429585 -1.420305 -1.888427 2.170072 0.039705 -0.606135 0.325424 0.449676 0.214147 -0.592675 -0.643245 -0.194021 -0.631682 2.356897 6.476820 -0.972054 0.534098 0.396241 -1.023621 0.150465 -0.159096 -0.115374 -0.804744 -1.039797 -0.453968 
0.000000 -35.182170 -4.155038 6.394705 1.752880 1.444701 4.047142 1.101003 -0.923836 -0.284812 -0.457224 -0.074450 -0.401107 2.077126 7.170702 0.301014 0.552016 -1.209169 -0.688045 0.533541 -0.348606 -0.820549 -0.935000 -0.778491 -0.660909 1.282798 3.729685 -1.343177 -0.299682 -0.399716 -0.125521 -0.032484 -0.476102 0.318796 0.314436 0.022584 0.467799 
128.270477 -32.212108 4.536345 5.474650 1.855639 -1.217138 2.867667 2.004379 -1.557239 -0.818471 -0.575967 -0.063523 0.107767 1.145291 5.570943 -0.516283 -0.559658 -1.405568 0.074381 0.384708 -0.738056 0.044917 -0.014373 -0.148854 0.303915 -2.971837 -2.885102 -0.516796 -0.682106 0.820663 0.835058 -0.278381 0.114539 0.534176 0.338756 0.502572 0.467577 
126.765373 -32.891588 6.986848 5.362139 0.633564 -1.366434 4.195905 1.870418 -2.399947 -0.194978 -0.485971 -0.372158 0.206723 -3.866549 1.400497 -0.732578 -0.812197 0.432157 0.982072 -0.023222 -0.119528 0.247803 -0.257488 0.226652 0.274246 -5.901258 -5.075677 -0.572589 0.372389 1.098501 0.037372 -0.211837 1.026373 -0.285755 0.224840 0.108742 0.105667 
0.000000 -39.945205 7.337339 4.009493 0.231245 -0.352824 4.831811 1.957936 -1.796295 -0.322864 -1.090944 0.389782 0.656258 -10.657225 -4.580411 -1.661460 0.185120 0.791435 0.149126 -0.038966 1.314691 -0.526593 0.435307 0.068630 0.515249 -0.894020 -3.866378 0.519848 1.432610 0.025861 -0.629809 -0.061926 0.066238 -0.247720 0.649291 -0.335906 -0.379456 
355.513367 -54.206038 -2.173974 2.039220 1.003804 0.216435 4.494157 1.792487 0.229434 -1.248164 0.384644 -0.234898 1.237220 -5.654588 -6.332260 0.307118 2.053023 0.483879 -0.277546 -0.147074 0.012947 -0.247636 1.041094 -0.445161 -0.484667 7.840480 3.905573 0.915202 -0.292538 0.735234 0.704950 -0.007498 -1.496108 0.363429 0.002842 -0.140548 -0.746578 
115.719749 -51.254381 -5.327180 4.623729 4.337291 0.614934 4.276718 1.663787 -1.770400 -0.818137 0.991245 -0.500539 -0.313077 5.023734 3.230735 0.168943 -0.399955 2.261903 1.559025 -0.053962 -1.677526 0.200265 0.440991 -0.212466 -0.977907 4.735009 6.296133 -0.983032 -2.168388 0.715852 0.660632 -0.215832 -0.063083 0.073982 -0.550533 0.310455 0.227448 
121.306953 -44.158569 4.287496 2.377106 0.203894 4.740242 7.612207 1.684562 -3.125618 -0.847633 1.266626 -0.659831 -0.718594 3.815430 6.260006 -1.658946 -2.283752 1.915583 1.043717 -0.578738 -0.113219 -0.099672 -0.059972 0.175749 -0.029771 -3.229364 -2.377903 0.126647 0.437698 -1.511188 -1.130173 -0.445848 1.741682 -0.306164 -0.502074 0.368434 0.478476 
123.362518 -43.623520 7.192833 1.305838 -0.230214 4.446101 6.364152 0.506311 -1.996838 -1.017481 0.871302 -0.149042 -0.372618 -1.434994 -1.525071 0.422237 0.475440 -0.760472 -0.701320 -0.945657 1.805838 -0.412063 -0.563157 0.524401 -0.020956 -2.409848 -4.142387 0.911962 1.724965 -0.826121 -0.822959 0.252441 0.544837 0.056193 0.101916 0.227100 0.032997 
122.656792 -47.028557 1.237354 3.221580 1.154774 3.219297 6.209568 -0.206752 0.486059 -1.671759 0.140311 0.388971 -0.760506 -1.004266 -2.024767 0.164979 1.166178 0.263342 -0.602200 -0.073856 0.976456 0.012714 0.143861 0.629948 0.036223 4.334054 1.189722 -0.062846 -0.766526 1.264088 -0.612539 0.568049 -1.674247 0.670080 0.437408 -0.488870 0.290971 
131.872253 -45.632051 3.143299 1.635795 2.102143 4.972784 5.159752 0.358600 -0.043927 -0.992054 1.159023 1.110854 -0.300172 7.233115 0.854373 0.296545 -1.057612 1.767704 -1.926397 0.190440 -1.542656 0.928098 0.311659 -0.453339 0.560987 4.564751 0.797429 0.605664 -1.437495 0.309472 -0.645453 -0.058305 -1.042696 0.407456 -0.141827 -0.822312 0.236917 
138.155457 -32.562327 2.946100 3.814669 -0.960450 6.754705 2.356774 0.174128 -2.599254 0.184437 0.763628 -0.517706 0.361467 8.125237 -0.429909 1.376308 -1.708811 0.882285 -1.893107 -0.190465 -1.108937 0.827625 -0.139794 -1.014676 0.510056 -3.323738 -0.739787 -0.088372 0.705358 -1.320170 0.713374 0.063318 0.715658 -0.309500 -0.124516 0.139022 -0.118888 
138.682297 -29.381577 2.283480 4.388410 -1.315480 6.737353 1.373538 -0.022331 -2.261800 0.663196 0.879436 -0.918499 0.719940 0.585639 -0.625201 0.119801 0.353105 -0.872636 -0.499648 0.317076 -0.111341 0.309099 0.062626 -0.175294 0.323210 -6.418978 -0.375091 -1.099552 1.586367 -1.029641 1.064002 0.619732 0.517033 -0.396392 0.013508 0.749974 -0.152028 
135.098618 -31.391049 1.695698 4.054271 -0.254241 5.009433 1.357479 0.808279 -2.821936 0.802634 0.888881 -0.868295 1.007888 -4.712720 -1.180091 -0.822797 1.463923 -1.176997 0.234897 1.048999 -0.074871 0.034840 -0.112778 0.485271 0.205999 -1.792408 0.236440 -0.422622 0.434876 0.092576 0.134475 0.596662 0.693359 -0.258458 -0.460281 0.041601 -0.160418 
128.320450 -38.807016 -0.076702 2.742817 1.612366 4.383360 1.843333 2.075667 -2.411542 0.732877 0.653880 0.052043 1.131939 -2.999178 -0.152320 -0.725442 1.222857 -0.687484 -0.230697 1.510399 1.275376 -0.207817 -0.857935 -0.092093 0.002374 3.452367 1.248975 0.644729 -0.617398 -0.281706 -0.620148 -0.086037 0.620336 0.073106 -0.364800 -0.519711 -0.061244 
113.588646 -37.389405 1.391058 2.603387 2.191474 3.634465 0.896084 3.829078 -0.271184 0.387001 -0.826990 -1.052480 1.012636 2.192015 1.317858 0.466662 0.229126 -1.740408 -1.005399 0.876925 1.165802 0.181053 -0.842377 -0.554151 0.083511 -2.238658 -0.140804 1.358799 -0.624217 -0.381881 0.033598 -0.638664 -0.774205 0.509748 0.379685 0.009950 -0.099054 
105.755005 -34.422986 2.559013 3.676141 2.070619 0.902544 -0.167466 3.829517 -0.079938 1.094982 -1.030875 -1.056259 1.298962 -7.476493 -0.433928 1.992155 -0.025576 -1.451247 -0.163502 0.233072 -0.273033 0.811680 -0.098565 -0.072192 -0.195734 -10.019691 -3.215662 -1.295926 -1.057321 0.495318 0.464194 -1.556287 -0.643443 -0.340581 0.688981 0.563361 -0.382798 
0.000000 -52.342390 0.523201 6.587696 2.140322 0.731971 0.569080 4.295221 -0.817251 2.010362 -1.024120 -1.196865 0.621168 -17.847367 -5.113466 -2.125190 -1.885515 -0.749772 -0.077012 -2.235650 -0.121084 -0.500109 0.535585 0.572571 -0.682085 2.744466 0.441306 -2.035729 -0.220800 1.042861 0.556597 -0.686234 0.485630 -0.981842 0.232338 0.430028 0.075673 
97.577171 -70.117720 -7.667919 -0.574239 -1.700412 -0.597000 -0.321489 -0.641782 -0.322106 0.094765 0.040295 0.088883 -0.065208 -1.987561 0.448683 -2.079303 -0.467177 0.634475 0.949693 -1.139396 0.698226 -1.152003 0.366111 0.787864 -0.044388 14.628481 4.965386 2.342621 1.403792 1.453953 1.369991 2.674082 -0.542673 0.343728 -0.571558 -0.483710 0.496091 
205.052765 -56.317512 1.420567 2.429089 1.205968 2.000921 2.468465 2.016429 0.579201 -0.293644 -0.291899 0.378863 0.532393 11.409595 4.817306 2.560052 0.922068 2.158134 2.662970 3.112515 -1.206430 0.187348 -0.607530 -0.394848 0.310097 3.930866 -0.391652 1.306738 -0.257060 0.543316 0.317138 1.238887 -1.369048 1.104692 -0.256655 -0.794024 0.114119 
0.000000 -47.298530 1.966693 4.545865 0.143725 3.719268 5.004451 5.583248 -2.734967 0.469461 -1.174766 -0.700814 0.554986 5.874171 -0.334621 0.534173 -0.981296 1.721107 1.583968 1.338377 -2.039871 1.057381 -0.147199 -0.800183 0.183850 -7.533046 -1.884813 -2.706077 -1.710481 -0.767395 -1.209832 -2.315980 0.719073 -0.026283 0.574181 0.455012 -0.224571 
0.000000 -44.569170 0.751325 3.497436 -0.756623 5.443135 5.636401 4.693184 -3.500541 1.821118 -0.586298 -1.221503 0.900092 -3.656498 1.047680 -2.852102 -2.498894 0.623344 0.243307 -1.519445 0.231716 0.134782 0.540831 0.515177 -0.139044 -1.054424 1.687891 -0.102668 1.475402 -2.519548 -1.903815 -1.562005 0.619599 -0.606644 0.438348 1.057498 -0.306574 
0.000000 -54.611525 4.062052 -1.158338 -4.854064 4.965956 5.491065 2.544358 -2.271535 0.739026 -0.093105 0.329539 0.276897 3.765323 3.041160 0.328838 1.969509 -3.317989 -2.223663 -1.785633 -0.800673 -0.155906 0.729496 1.314812 -0.429298 6.221499 0.169059 2.754414 3.258562 -1.851372 -1.197151 0.404113 -0.823446 0.125178 -0.028965 0.012057 0.010672 
0.000000 -37.038524 6.833645 4.155113 3.182395 -1.192842 1.189076 1.121917 -5.101888 1.509305 0.872695 1.408121 0.041496 8.786501 1.385797 2.656725 4.018230 -3.079399 -2.150995 -0.711220 -1.415176 0.385139 0.482900 0.539291 -0.117700 2.510589 -0.827682 1.163944 1.024360 0.119295 0.036334 0.537207 -0.307252 0.270523 -0.123298 -0.387761 0.155799 
