114.359703 -33.402782 1.519812 -1.640374 -1.535798 4.806290 4.252792 3.318214 1.946919 -3.128849 0.415719 0.361747 -1.053770 -0.140817 2.783062 -0.560415 0.351991 -1.256286 -1.316153 -0.853894 0.229329 1.161321 0.493742 -0.368964 0.056396 -0.336094 0.772743 -0.244148 0.934623 -0.382660 -0.873770 -0.312340 -0.095142 0.158364 -0.156458 0.319607 0.078287 
117.762085 -33.684416 7.085936 -2.761204 -0.831816 2.293718 1.620487 1.610426 2.405578 -0.806207 1.403203 -0.376180 -0.940978 -0.813004 4.328548 -1.048712 2.221238 -2.021606 -3.063692 -1.478573 0.039045 1.478049 0.180825 0.270250 0.212970 -1.000190 -1.196005 0.562928 1.424448 0.322828 -0.002602 -0.062568 -0.597227 -0.321898 -0.580087 0.820674 0.023169 
119.451248 -35.028791 10.176909 -3.737797 2.906677 0.763078 -1.874592 0.361067 2.025009 -0.172751 0.777370 0.902247 -0.627830 -2.141198 0.391052 0.565440 3.200887 -0.610630 -1.321358 -0.979029 -0.965125 0.517525 -0.666432 1.272385 0.102734 -1.587102 -2.898048 1.713733 -0.516572 1.381247 2.289401 0.282766 -0.625467 -0.411934 -0.361736 0.068994 -0.045655 
118.240524 -37.966812 7.868039 -1.630323 5.569957 1.072459 -1.022229 -0.347632 0.475329 0.228843 0.070340 2.168589 -0.735511 -3.987209 -1.467549 2.378754 1.188094 0.740889 1.515110 -0.913041 -1.211889 0.654181 -0.542647 0.408237 0.121659 -1.111490 -0.183148 0.625723 -1.899101 0.996420 1.417804 0.206710 0.185321 -0.243070 0.073890 -0.782448 0.155602 
115.987762 -43.003209 7.241811 1.019710 5.282865 2.244855 1.155627 -1.465015 -0.398770 1.135612 -0.307925 1.718721 -0.384511 -4.364179 0.024755 1.816887 -0.597315 1.382210 1.514251 -0.565609 -0.594483 0.031385 -0.518651 -0.292512 0.413938 0.473822 1.147100 -0.793484 -1.143698 -0.171969 -0.539626 0.524274 0.514590 -0.645122 0.357906 -0.294143 0.025739 
110.360985 -46.695170 7.917550 2.003450 4.375328 3.836879 2.006273 -1.478851 -0.713638 0.291613 -0.966962 1.583566 0.092366 -3.039566 0.826652 0.791785 -1.099301 0.396951 0.435857 0.135507 -0.182709 -0.636063 0.173165 -0.180049 0.173137 -0.300289 -0.138075 -0.191114 -0.256477 -1.116391 -1.087994 0.318144 0.181254 -0.260955 0.641251 0.010139 -0.261252 
106.407730 -49.082341 8.895115 2.603280 3.084262 3.038758 2.027342 -1.194001 -0.764188 -0.136514 0.038405 1.358623 -0.038236 -4.964757 -0.251394 1.434659 -1.110269 -0.850572 -0.661737 0.070679 -0.231976 -0.490525 0.763852 -0.272234 -0.108565 1.981790 -2.244594 -0.476934 -2.287634 -2.650914 -0.609533 -0.508482 0.848974 0.816024 0.240201 -0.281640 -0.203720 
105.128349 -56.624684 7.414763 4.872768 2.154791 2.135735 0.682800 -1.337493 -1.177590 -0.689438 0.560741 1.039099 -0.124765 0.924015 -3.662536 -0.162083 -5.674569 -4.904878 -0.783208 -0.881456 1.515238 0.995986 0.653567 -0.743329 -0.234302 5.667321 -1.819088 -2.218374 -2.640323 -1.767499 0.676183 -0.523889 0.860152 1.204120 -0.369460 -0.324825 0.006864 
0.000000 -47.234311 1.570043 2.279114 -8.264875 -6.770997 0.460926 -2.956913 2.266288 1.855457 1.345538 -0.128035 -0.506841 6.369885 -3.889570 -3.002088 -6.390914 -4.385569 0.690630 -0.977099 1.488329 1.917715 0.024931 -0.921884 -0.094836 2.576459 1.960850 -1.179161 3.930304 3.828808 0.909959 1.802213 -0.818898 -0.769967 -0.531026 0.413837 0.109715 
0.000000 -43.884913 -0.364378 -1.131408 -10.627036 -6.635404 2.064060 -3.291692 1.799067 3.145993 0.610603 -0.804669 -0.314438 6.076932 0.259165 -2.520405 2.186039 2.752739 1.036710 2.722970 -0.122558 -0.543948 -0.408485 0.084344 -0.014872 0.969911 2.950590 0.075907 7.202439 3.725332 -0.314419 2.385869 -1.237397 -1.883869 -0.033093 0.806659 0.289743 
0.000000 -35.080446 2.088373 -2.761696 -3.892797 -1.265519 2.534346 2.489026 2.021172 0.767562 0.528567 0.040653 -0.536584 8.309707 2.011609 -2.850275 8.013964 3.065095 0.061793 3.794639 -0.986466 -1.850022 -0.041256 0.691435 0.484649 -1.233553 0.211990 -0.035834 1.986078 -1.108707 -0.950522 -1.086540 -0.617032 0.175494 0.014095 0.152437 0.387249 
123.298576 -27.265499 3.658840 -6.831958 5.400892 -0.505214 2.187645 4.297586 -0.173864 -0.554050 0.528092 0.578200 0.654861 3.609825 0.683144 -2.592073 6.158195 0.535325 -0.864333 0.549890 -1.356623 -0.192961 -0.380296 0.389218 0.759626 -5.169393 -1.603723 1.471309 -3.153023 -0.993058 -0.503070 -2.085856 0.527098 1.297343 -0.136633 -0.530187 -0.266836 
122.633568 -27.860795 3.454662 -7.945842 8.423593 -0.194869 0.805680 3.588805 -0.692073 0.381641 -0.232025 0.819089 0.982668 -2.029078 -1.195836 0.092342 1.707917 1.078978 -0.944348 -0.377072 0.067730 0.744664 -0.314521 -0.368940 -0.049022 -4.880849 -1.509218 2.199544 -3.091812 0.488276 0.572216 -0.659909 0.945483 0.389934 0.030094 -0.411089 -0.494849 
119.149834 -31.323656 1.267168 -6.647273 8.816726 1.652742 0.298949 3.543441 -0.038404 0.935277 -0.100950 -0.159680 0.556816 -6.151873 -2.335291 1.807016 -0.025429 1.511878 0.280099 -0.769929 0.534344 0.586908 -0.320108 -0.432960 -0.230072 -2.495795 -1.848397 0.736252 -1.901671 -0.561522 1.043839 -0.568826 0.488733 -0.285282 -0.538081 0.493425 0.345988 
114.973633 -40.164541 -1.215921 -4.331810 8.372735 2.828888 1.365878 2.048946 0.376615 1.555457 -0.872240 -0.046832 0.522525 -7.020669 -4.892630 1.564846 -2.095425 -0.044066 1.143330 -1.514724 1.045196 0.174100 -1.390683 0.617910 0.642953 3.788795 -0.347925 -1.313627 -2.683190 -2.470231 0.035602 0.494211 -0.146412 -0.809508 0.111375 0.233118 0.094183 
111.998360 -45.364994 -8.518092 -3.517582 4.625876 1.564610 2.585608 0.513994 2.051988 1.283476 -2.882316 1.076140 1.842723 1.425716 -3.031142 -0.820238 -5.391810 -3.428585 0.351302 0.218493 0.241520 -1.032109 -0.097357 0.033276 -0.041707 6.687924 4.553440 -0.583710 -0.562810 -1.740546 -0.806874 0.889752 -0.736506 -0.684917 1.515865 -0.596606 -0.415374 
0.000000 -37.313108 -7.278206 -5.972286 -2.410884 -4.028282 2.068482 2.485933 0.859655 -0.508760 -1.066954 0.019720 0.439112 6.355179 4.214250 0.397426 -3.221045 -3.525158 -0.470419 0.264781 -0.427816 -1.195734 1.641048 -0.575301 -0.187795 1.810947 5.153977 2.076411 3.583711 0.980507 -0.620257 -0.169755 -0.417853 0.436997 0.847151 -0.327580 -0.026830 
0.000000 -32.654635 -0.089592 -2.722730 -1.816214 -5.485706 1.644771 1.043555 1.196357 -1.107992 0.399780 -0.074463 1.467133 5.047610 7.276812 3.332584 1.775612 -1.467570 -0.889211 -0.121018 -0.594187 -0.158115 1.596944 -0.621884 -0.095367 -3.053644 0.190181 0.781127 2.767360 1.749280 -0.434614 0.092114 -0.340542 0.760194 -0.465540 0.119412 -0.127460 
119.440186 -27.217889 7.275418 0.692882 1.140339 -6.963422 0.290060 2.243898 -0.328720 -0.824990 2.126934 -1.224049 0.248378 0.247892 4.594613 1.959679 2.313675 -0.026599 -1.339647 0.449008 -1.108900 0.324653 0.709967 -0.336478 -0.442715 -5.852855 -3.241434 -1.291839 -0.278682 1.619660 0.174769 0.199103 -0.200147 0.270460 -0.884927 0.357628 0.121017 
117.529648 -32.158852 9.099634 1.196629 2.811136 -5.538903 -1.034524 1.941571 -1.021444 -0.458686 1.819714 -0.747419 0.581704 -6.658101 0.793944 0.748906 1.218249 1.771750 -0.539674 0.277189 -0.994481 0.382804 -0.172909 0.093371 0.146667 -4.225084 -2.458917 -0.332232 -1.569015 0.866136 0.748373 -0.368672 0.427938 -0.072339 -0.347524 0.408006 0.191497 
106.409904 -40.534090 8.863305 2.190694 3.576837 -3.419921 -0.789288 2.798276 -2.317682 -0.059382 1.781115 -1.037306 0.541712 -8.202277 -0.323220 1.295216 -0.824356 1.705672 0.157098 -0.288336 -0.253023 0.179975 0.014919 0.479535 -0.059721 0.556993 -2.477446 -0.942030 -0.223473 0.663892 -1.179801 -0.241313 1.703927 -0.362687 -0.259656 0.742085 -0.245662 
103.559120 -48.563406 8.453193 3.787061 1.162424 -2.127559 -0.720327 1.364900 -1.527490 -0.098737 1.849552 0.211650 0.462261 -5.544114 -4.160949 -1.135155 0.771303 3.099534 -2.899277 -0.205437 2.413373 -0.342569 -0.692221 1.577541 -0.344658 4.986334 -2.057550 -0.883870 1.786423 0.633059 -1.405936 1.004980 1.312650 -0.406297 -0.146769 0.124701 -0.501848 
105.136963 -51.622319 0.541408 -0.079616 5.119444 2.779148 -6.587841 2.387403 2.509063 -0.744520 0.396673 2.117776 -0.147603 1.770390 -4.438321 -0.472525 2.748489 2.971791 -2.654773 1.721625 2.372277 -0.632619 -0.278618 0.728936 -1.063417 4.663106 3.809621 1.540940 -0.638327 -2.220710 2.289702 0.144250 -1.086621 0.573745 0.515273 -0.983009 -0.162433 
0.000000 -45.022626 -0.423448 2.842011 6.659402 3.816022 -6.029872 4.808150 3.217065 -1.363974 1.292315 1.669522 -1.664574 3.782098 3.458293 1.946725 -0.505351 -1.341886 1.680128 0.083064 0.240131 0.804921 0.338324 -0.388476 -0.669524 0.212052 4.824283 -0.437977 -2.411018 -2.433391 2.370583 -1.621520 -1.386049 1.103160 0.285506 -0.624244 0.585034 
110.763718 -44.058122 7.457994 3.813833 4.108741 0.095376 -3.227585 2.553531 2.989325 0.865321 1.073322 1.340823 -1.486651 2.194493 5.210246 -1.348478 -2.073547 -1.894991 2.086393 -1.521415 -0.399820 1.573701 0.292394 -0.519551 0.106651 -0.118890 -0.815579 -2.650982 -1.076217 1.271391 0.256858 -0.503325 -0.309794 -0.171586 -0.275879 -0.123177 0.528588 
108.247757 -40.633639 9.997043 0.145054 2.512309 0.026040 -1.857086 1.765319 2.417424 1.783427 1.877104 0.630419 -1.451272 3.544319 1.827136 -3.355240 -2.657785 1.200897 2.193843 -0.923586 -0.379456 0.461748 -0.213433 -0.634830 0.387653 -0.624346 -2.480519 -0.289139 -0.076752 1.764040 0.060028 0.788548 0.144224 -1.131449 -0.728825 0.120051 0.271004 
108.636124 -36.969485 11.112266 -2.896648 -1.206829 2.497170 1.160101 0.706360 2.230414 1.788817 0.646456 0.071164 -0.711346 0.945801 0.249207 -1.926756 -2.227050 1.633090 2.206449 0.055680 -0.111372 -0.689198 -1.165255 -0.279450 0.648659 -2.102392 -0.786652 1.469049 0.980112 -0.312777 -0.702366 0.750496 0.165268 -0.569228 -0.148404 0.231001 -0.301387 
110.388702 -38.742036 10.495457 -3.708458 -1.941792 3.292220 2.555813 1.876680 2.194680 0.405031 -0.453407 0.071519 -0.153955 -0.660466 0.253831 -0.417142 -0.697561 0.575343 0.789112 0.577406 -0.048921 -0.676708 -0.510242 -0.172828 -0.215122 -0.164836 0.051967 1.336907 1.218482 -1.056831 -1.951865 -0.261409 0.427769 0.516783 0.397659 0.230824 -0.394853 
110.498985 -38.290417 11.619928 -3.730932 -2.601950 3.647855 2.738324 1.861171 2.132572 0.435400 -0.374028 -0.274493 -1.141590 0.616129 0.353140 0.747058 0.209914 -0.480571 -1.697280 -0.467138 0.744165 0.344367 -0.369937 0.182197 -0.141048 -0.690330 -0.559857 1.194389 1.163528 -0.962461 -1.718902 -0.490720 0.150091 0.425236 0.319822 0.216007 0.204337 
107.512154 -37.509778 11.201737 -2.214342 -1.521964 2.331077 -0.838748 0.942404 3.683011 1.093766 -1.193280 0.435913 -0.436051 -2.041126 -0.865883 1.971636 1.629495 -1.349579 -2.648692 -0.404034 0.251261 0.173764 0.129401 0.259186 0.193552 -4.168879 -1.463882 1.159994 0.921122 0.084442 0.807222 0.239816 -0.796158 -0.476894 0.511261 -0.131997 0.004222 
100.991592 -42.372670 9.888162 0.212340 0.657039 0.948697 -2.559060 1.053104 2.635094 0.782929 -0.115226 0.243880 -0.754486 -7.721628 -2.574623 3.067046 2.052158 -0.311688 -0.082837 0.012493 -0.848150 -0.609420 0.652585 -0.081797 -0.132604 -3.315221 -1.233537 0.197942 -0.291618 1.106275 2.356350 0.197512 -0.467363 -0.152820 -0.096453 -0.190505 0.069443 
96.454002 -52.953034 6.052491 3.919749 2.582352 1.707702 -1.004422 0.967390 1.986711 -0.125075 0.111890 0.272318 -0.701259 -8.671569 -3.332958 2.367519 1.046258 0.862972 2.064008 -0.009009 -0.683466 -0.131875 -0.063504 -0.121823 0.332438 0.689545 -0.222894 -1.938409 -1.553015 0.062291 0.523485 -0.010700 0.118027 0.439331 -0.390260 -0.095311 0.327480 
95.870049 -59.715808 3.222246 4.947377 2.749555 2.674641 1.568955 1.035086 1.268163 0.519179 -0.242234 0.000234 -0.089610 -6.342537 -3.020412 -0.809773 -1.053872 -0.187106 0.964132 -0.008906 -0.612096 0.269242 -0.127934 -0.272420 0.522357 5.604734 1.554087 -1.038765 -0.574021 -0.913938 -1.513429 -0.691392 -0.037832 -0.157094 0.236121 -0.179801 -0.058980 
314.209961 -65.638107 0.011667 2.300203 0.474608 1.333490 0.923843 0.949579 0.762519 0.413410 -0.143979 -0.272521 0.343454 2.537898 -0.224784 0.289988 -0.101784 -0.964904 -0.962850 -1.391793 -0.759130 -0.446062 0.408739 -0.481426 0.214477 9.449971 2.190000 1.282502 1.121234 0.075951 -0.707487 -0.578506 0.087893 -0.428905 0.251288 -0.100067 -0.291060 
93.874390 -54.640011 2.772678 5.527353 2.545987 0.744834 -0.356746 -1.748500 -0.250097 -0.372946 0.575244 -0.962617 0.339345 12.557404 1.359589 1.755231 1.188595 -0.035204 -0.450842 -1.165918 -0.436310 -0.588568 0.374642 -0.472554 -0.059762 1.578531 -0.209329 -0.967374 0.307858 0.679350 1.024875 1.096889 0.632021 0.040370 -0.245382 0.235999 -0.111627 
0.000000 -40.523298 2.730844 5.810665 2.851798 1.263082 0.022159 -1.382257 -0.110100 -0.763726 0.605305 -1.217630 0.223930 5.694961 -0.643442 -1.644760 0.513931 0.393796 1.086901 0.801984 0.504912 -0.365322 -0.082024 -0.009428 -0.008776 -5.257625 -0.220620 -1.854673 0.172779 -0.310953 0.169320 1.062644 0.653823 0.072074 -0.045843 0.652034 -0.261310 
0.000000 -43.250090 1.485794 2.237834 3.573849 1.532426 1.817056 -0.144532 0.759727 -1.103591 0.411195 -0.981474 0.321792 2.042155 0.918349 -1.954115 1.534153 -0.657110 -0.112202 0.959371 0.871336 -0.444419 0.282957 0.831514 -0.582382 0.499166 1.654802 -0.358271 0.367091 -0.844261 -1.771723 -0.066750 0.059185 0.482759 0.287611 0.308408 -0.041236 
63.453800 -36.438988 4.567543 1.902436 5.920105 -0.051138 -0.202244 0.536485 1.632571 -1.652564 1.171218 0.445398 -0.940834 6.693293 2.666162 -2.361302 1.248113 -1.294725 -2.456545 0.668484 0.623282 0.600195 0.493197 0.607387 -0.091248 1.258258 -0.792360 -0.375256 -0.898233 0.024433 -0.019118 -0.243682 -0.289056 0.630608 -0.158939 -0.753762 0.700567 
126.673416 -29.863504 6.818117 -2.484769 6.070076 -1.057024 -3.096034 1.192436 2.006291 0.096799 1.397589 0.233300 0.139296 4.558671 -0.666371 -2.704626 -0.262314 -0.608243 -0.150437 0.472007 0.293223 0.816797 -0.034921 -0.676011 0.818753 -3.422552 -4.435243 1.492062 -1.557500 0.998091 1.972372 -0.335809 -0.749009 -0.345143 -0.615767 -0.304308 0.157695 
126.146782 -27.321647 3.234802 -3.506816 5.395477 -1.267623 -0.503117 1.480499 2.219017 -0.018971 1.101376 -0.906623 0.696671 -0.151811 -6.204325 0.622823 -1.866887 0.701457 1.488200 -0.003133 -0.874737 -0.090092 -0.738337 -0.001229 0.224142 -0.202933 -3.115285 1.906621 -1.119200 0.591378 -0.003683 -0.501288 -0.705158 -0.463118 -0.374837 0.604329 -0.460861 
89.475136 -30.167127 -5.590533 -1.239124 2.336303 0.345890 -0.119634 1.186169 0.256818 -0.083385 -0.079085 0.230842 0.587580 4.152804 -6.896942 1.108615 -2.500714 0.574514 -0.157802 -0.530568 -1.117094 -0.109439 -0.784595 0.532648 -0.102969 2.211428 1.765162 0.149697 1.344459 0.154228 -0.738275 -0.016562 0.664764 0.039811 0.285962 0.142766 -0.175276 
0.000000 -19.016040 -10.559081 -1.289585 0.394050 -0.118596 -0.818721 0.419363 -0.015171 -0.237849 -0.467813 0.158673 0.490733 4.271045 -2.674000 0.922217 0.822032 1.009913 0.011651 -0.036258 0.454791 -0.010470 -0.166413 0.284303 -0.126410 -1.706912 5.037768 -1.118004 2.834415 0.349522 0.308600 0.682961 0.490736 0.187023 0.587570 -0.202420 -0.179488 
0.000000 -21.625036 -10.938534 0.605311 3.980366 2.365716 -0.096332 1.113653 1.166401 -0.104325 -0.411910 0.799448 0.334761 0.738979 3.178595 -1.127394 3.168116 1.273557 0.459398 0.835354 -0.135622 0.264606 0.390546 0.127809 -0.461946 -1.196106 3.863512 -1.853238 0.200454 -0.723151 0.030692 0.374036 -0.862705 0.195010 0.159442 -0.363629 -0.192616 
173.925339 -17.538082 -4.201891 -3.544373 6.730281 2.428518 0.100075 2.090071 -0.286415 0.291363 0.313278 0.414291 -0.433159 1.878834 5.053023 -2.784258 1.222940 -0.436388 0.073034 0.711814 -1.270619 0.379550 0.152471 -0.442955 -0.511642 -0.731784 -0.654710 0.238533 -1.488743 -1.093635 -0.447226 -0.173543 -0.136793 0.118944 -0.315842 -0.253650 0.160047 
174.348694 -17.867368 -0.832488 -4.963206 6.426247 1.492939 0.049736 2.537280 -1.374838 0.654775 -0.106969 -0.086462 -0.688523 -0.724590 1.869175 -0.650328 0.190630 -0.913714 -0.435054 0.488267 -0.409207 0.502493 -0.241138 -0.379491 -0.141852 -1.801030 -2.377192 1.246763 -0.497127 -0.054348 -0.383548 -0.187968 0.722319 0.064457 -0.120664 0.311825 0.165810 
169.008453 -18.987262 -0.463542 -4.845028 7.111541 0.601091 -0.770032 3.066606 -1.104828 1.296349 -0.168997 -0.344691 -0.716862 -1.723226 0.298638 -0.290732 0.228687 -0.545083 -0.694062 0.335878 0.174020 0.508465 -0.088857 0.180694 -0.180021 -1.609895 -0.313806 -0.222215 -0.205251 0.512747 0.136722 -0.256990 0.217195 -0.051286 0.244843 0.219780 0.041232 
159.564209 -21.313820 -0.235212 -5.544670 6.883620 0.402772 -1.338388 3.209037 -1.026798 1.671704 -0.284683 0.274926 -1.048566 -3.944379 1.241562 -1.094757 -0.219872 0.111780 -0.161609 -0.025713 0.025182 0.399922 0.248548 0.060068 -0.059387 -1.623061 0.476938 0.181725 -0.333289 0.762512 0.164780 -0.220256 -0.291705 -0.057927 0.317088 -0.310399 0.023960 
151.596878 -26.876020 2.019583 -7.034542 6.671796 0.824651 -1.093249 3.015180 -1.054463 2.096194 0.328099 -0.224554 -0.835636 -4.969349 1.252514 0.072718 -0.437892 0.979941 -0.364502 -0.104633 -0.409390 0.392611 0.545319 -0.440104 -0.132100 0.234579 -0.813265 1.076275 0.013815 0.696751 0.367530 -0.037661 -0.558495 -0.158229 -0.114273 -0.107529 -0.129824 
150.845734 -31.252518 2.269816 -5.399234 6.007836 2.362655 -2.067392 2.999771 -1.845578 2.456925 0.805954 -0.605281 -1.312766 -3.475221 -0.384968 1.057794 -0.192242 1.505282 0.573451 -0.101034 -1.091808 0.083463 0.020002 -0.154989 -0.319035 2.181969 -1.624408 -0.077517 0.692527 0.054265 0.776276 -0.223763 -0.039218 -0.500779 -0.487400 0.324897 0.256340 
152.858353 -33.826462 1.249647 -4.918954 6.287313 3.835215 0.053652 2.813112 -3.238079 2.263120 0.368102 -0.534533 -1.473706 -0.605411 -1.996302 -0.082316 0.947161 1.088471 1.188050 -0.552160 -0.487826 -0.608947 -0.429481 0.209691 0.380579 3.931864 -0.728556 -0.773790 0.629217 -1.114047 -0.272543 0.092272 1.208419 -0.347717 -0.199830 0.209226 0.349201 
158.159363 -32.463339 -1.722789 -5.563866 7.902159 4.539596 0.308708 1.895451 -2.821230 1.239032 -0.053007 -0.185900 -0.551608 4.388507 -1.842080 -0.489787 1.066193 -0.722811 0.028365 0.083510 1.325030 -0.611972 -0.379659 0.263462 0.379368 3.475466 1.544247 0.029921 -0.619873 -1.419330 -0.641833 0.355444 0.794245 0.248517 0.117162 0.263928 -0.174111 
158.735077 -25.049447 -2.434513 -5.898528 8.419698 2.389594 0.110382 2.980132 -0.588019 1.039177 -0.391216 -0.007609 -0.714971 6.345522 1.092191 -0.022473 -0.292586 -1.750190 -0.095615 0.158729 1.100663 -0.111913 -0.195156 0.737546 0.032357 -1.118504 2.126650 -0.122112 -0.974380 -0.411130 -0.166698 -0.454313 -0.643350 0.118056 0.113590 0.045715 -0.165318 
148.843216 -19.772295 0.461593 -5.608812 7.316988 1.039217 0.117478 2.212909 -0.619904 1.015207 -0.443319 1.289192 -0.486895 2.151499 2.411219 -0.734011 -0.882567 -1.545070 -0.305030 -0.825116 0.038330 -0.375860 -0.152478 0.354893 0.048732 -4.464206 0.076410 -0.426356 0.097056 0.330624 0.067501 -0.305685 -0.252177 -0.090253 0.145713 -0.572254 0.093886 
136.531204 -20.746449 2.387925 -7.366549 6.654565 -0.700547 -0.499679 1.329901 -0.511359 0.287456 -0.696173 0.702176 -0.617507 -2.582890 1.245011 -0.875185 -0.098474 -1.088942 0.039386 -0.452640 0.596308 -0.292418 0.096270 -0.406961 0.220128 -4.321031 -1.022029 0.976870 0.054985 1.086736 0.491716 0.551865 0.278207 0.213825 0.421279 -0.299519 0.203051 
134.731125 -24.938076 2.951615 -7.359182 7.120040 -1.138668 0.196251 1.307628 0.572713 0.430370 -0.250779 0.475269 -0.046638 -6.490563 0.367162 1.219730 -0.772596 0.628401 0.678401 0.278613 0.594744 0.051790 0.690079 -0.244145 0.454835 -0.281141 -2.697682 2.469213 -1.149636 0.936184 0.266652 0.067682 0.044721 0.115079 0.001503 0.381321 -0.168860 
134.789032 -33.727575 3.122249 -4.927090 5.109373 0.556255 0.857124 1.887127 0.678129 0.391037 0.683985 0.213887 0.292162 -3.145173 -4.150352 4.063240 -2.397747 0.783425 0.572690 -0.317276 0.685751 -0.062261 0.099277 0.355680 -0.117592 6.522995 -1.003870 -0.437103 -0.091871 -0.499387 -0.594358 -0.063555 -0.375245 -0.302493 -0.674529 0.308659 -0.145455 
135.565247 -31.228421 -5.349089 0.767299 2.324546 0.428183 1.341630 0.673075 1.944215 0.305849 -0.052226 1.186630 -0.281821 6.555427 -1.640578 0.345523 -0.956339 -0.370374 -0.510315 0.151504 -0.155745 -0.553196 -0.658979 0.373173 0.163925 4.841341 4.587605 -3.533570 1.271351 -1.202149 -0.583100 0.364837 -0.913580 -0.423892 -0.248149 -0.494806 0.173068 
139.473846 -20.616721 -0.158908 -4.236044 3.196696 -0.184493 -0.163505 2.190135 0.366639 -0.715354 -0.633972 0.960232 0.620012 6.537509 5.024857 -3.003900 0.144954 -1.620872 -0.593511 0.412398 -1.141409 -0.910045 -0.397021 -0.633932 0.228544 -2.900104 2.402822 -0.470425 0.261343 -0.548956 -0.218459 0.034173 0.092962 0.268944 0.300839 -0.595865 -0.211839 
138.909348 -18.153403 4.700626 -5.240501 2.614455 -2.813562 0.154609 1.497872 -0.338602 -1.514242 -0.846269 -0.081233 0.175267 0.755218 3.165065 -0.595326 -0.433652 -1.468286 -0.947233 0.219849 0.030179 -0.015308 -0.057301 -0.818558 -0.259753 -6.009791 -1.803438 1.916720 -0.283762 0.921213 -0.276766 0.030237 0.869599 0.660354 0.366753 0.136337 -0.304203 
131.842285 -19.106285 6.171222 -5.426697 2.329392 -3.121065 -2.057971 2.629833 0.426996 -0.745971 -0.748574 -0.676884 0.100506 -5.482072 1.417981 0.829539 -0.422569 0.221553 -1.147043 0.472872 0.597789 0.410663 0.336485 -0.361257 -0.379861 -2.880425 -1.241191 0.758981 0.076807 0.921795 0.453240 -0.156479 0.092406 0.020918 0.172469 0.377564 -0.041364 
132.117035 -29.117548 7.536588 -3.581424 1.769317 -2.370456 -2.139478 2.443617 0.856976 -0.692916 -0.173299 -0.803746 -0.584455 -5.005631 0.682683 0.922636 -0.280038 0.375305 -0.040753 -0.093108 0.214990 0.026528 0.287638 -0.063431 -0.342480 0.238221 -0.367649 0.046549 0.071266 0.076876 0.553145 -0.282990 -0.191400 -0.192068 -0.024424 0.148913 0.018690 
