0.000000 -22.779458 2.483895 -1.693145 0.449357 -3.992610 0.766149 -1.295489 -0.665039 -0.968792 -1.028176 0.425395 -0.146699 2.059818 -0.035626 -0.533326 0.480660 -0.911631 0.710199 -0.530698 0.263687 -0.205144 0.119294 0.278910 -0.084686 -0.213991 -0.526438 0.478075 -0.373883 0.520730 -0.134332 0.335221 -0.392202 0.205427 0.339792 -0.059006 0.093260 
150.498047 -18.659823 2.412643 -2.759798 1.410678 -5.815872 2.186547 -2.356885 -0.137664 -1.379081 -0.789589 0.983215 -0.316070 1.631836 -1.088502 0.422824 -0.267105 0.129829 0.441534 0.139744 -0.520716 0.205709 0.798878 0.160899 0.101834 -2.462286 -1.025313 1.162480 -0.560837 1.607242 -0.431990 0.686639 -0.112711 0.504151 0.319962 -0.260586 0.216251 
154.057541 -19.515786 0.306890 -0.847496 -0.084854 -3.732952 1.649217 -1.016002 -1.706471 -0.557373 0.569580 0.747192 0.056969 -2.864755 -2.086251 1.791634 -0.641013 2.302852 -0.153782 0.842581 0.038265 0.803158 0.759217 -0.242261 0.347816 -3.342527 -0.729278 0.246124 0.893558 1.356194 0.382679 0.147819 0.787634 -0.081133 -0.662798 -0.074049 -0.091543 
155.830338 -24.389333 -1.759858 0.823470 0.128651 -1.210169 1.878982 -0.671724 -0.061134 0.227235 0.728846 0.498694 0.379563 -5.053218 -2.547059 0.915071 1.520011 2.842218 1.206891 0.435382 1.054553 0.043443 -0.526718 0.012801 -0.081252 -1.348357 0.074736 -1.066853 0.964567 -0.152904 0.892903 0.101720 0.175099 -0.799275 -0.872645 0.326050 -0.310162 
158.923370 -29.622221 -4.787227 0.982647 2.955168 1.951484 4.062999 -0.145238 0.402636 -0.470487 -0.483856 0.772795 -0.105536 -5.561469 -1.936779 -0.342072 1.288120 1.997044 1.632024 1.046020 0.388462 -0.795392 -0.986073 0.409839 -0.272508 3.275336 2.391629 -0.923129 -0.384682 -2.161926 -0.834294 0.282680 -0.871659 -0.614388 0.069919 0.264097 0.283487 
161.875046 -35.512272 -5.633415 0.139326 2.704891 2.783919 5.143031 1.420316 0.715790 -1.363550 -1.243300 1.318372 -0.165454 1.497455 2.236199 -0.931186 0.750648 -1.481634 -0.461696 1.000743 -0.688765 -1.185334 -0.386880 0.540995 0.485721 6.346829 2.882973 -0.307414 -0.498212 -2.517141 -1.581301 -0.726304 -0.658779 0.194627 0.459283 -0.162871 0.300371 
166.544174 -26.627311 -0.314829 -0.879725 4.456463 -1.011784 3.139608 1.856248 -0.974894 -2.841155 -1.257617 1.854785 0.865906 7.132188 3.829167 -0.956900 0.291696 -3.037239 -1.530577 -0.406588 -0.929095 -0.406139 -0.067507 0.084098 0.328234 0.719673 -0.437963 -0.019511 -0.919152 -0.396074 0.009149 -1.146318 0.497135 0.837182 0.311982 -0.445590 -0.515365 
170.012329 -21.247895 2.024918 -1.774473 3.288284 -3.290558 2.081877 0.607140 -1.142400 -2.175828 -1.378314 1.486568 0.491014 2.936802 1.360273 -0.970207 -1.087656 -2.273783 -0.443398 -1.291893 0.305505 0.489029 0.237085 -0.350185 -0.545009 -3.773005 -2.003991 0.307912 -0.402961 0.873656 0.827069 -0.329964 1.106307 0.342854 0.420445 -0.581744 -0.464832 
168.523926 -20.753707 2.405716 -2.820140 2.281151 -5.559349 2.252811 -0.727538 -0.363883 -1.863096 -0.783448 1.154415 -0.224111 -0.413822 -0.178816 -0.341075 -0.514227 -1.289926 0.123561 -1.066516 1.283519 0.279568 0.773383 -1.079390 -0.601430 -1.699051 -1.290465 0.943374 0.222402 1.281906 -0.054221 0.495332 0.221795 0.362514 0.255079 -0.324256 0.143149 
166.111069 -22.075539 1.667286 -2.456623 2.259831 -5.870411 2.328998 -1.525891 1.424639 -1.616691 0.168451 -0.672213 -0.711845 -0.461301 -1.220657 0.916540 -0.642852 0.290030 -0.551841 -0.301230 0.749095 1.214057 0.747243 -0.998698 -0.258711 0.677840 -0.533907 0.819845 -0.488720 1.440890 -0.519981 0.777975 -0.941955 0.278221 -0.484039 0.629765 0.358710 
164.762772 -21.676308 -0.035597 -0.987060 0.995448 -4.979289 1.149128 -1.329997 1.134308 0.565019 0.711039 -0.842981 -0.741533 0.941857 -1.246629 1.298614 -1.491667 1.591854 -0.916400 0.489435 -0.600391 0.836010 -0.194696 0.180139 0.115990 -0.398207 0.197922 -0.200588 0.214858 0.738855 0.447347 0.437520 -0.562156 -0.863242 -0.549440 0.782498 0.244097 
163.306625 -20.191826 -0.825973 0.140606 -0.723503 -2.686703 0.496197 -0.547022 0.223857 0.055330 -0.220941 -0.311935 -0.479865 -1.257715 -0.824812 0.515365 -0.213135 1.767740 0.342853 0.573810 -0.375216 -0.512426 -0.351636 0.566299 0.229484 -3.125883 0.256448 -0.132528 1.433875 0.022537 0.973284 -0.193808 0.504079 -0.491675 0.135897 0.162296 0.044654 
160.862640 -24.191737 -1.685221 0.043669 0.569178 -1.443809 1.834834 -0.182377 0.383875 -0.459834 0.007767 0.289617 -0.282565 -5.309908 -0.733732 1.033559 1.376083 1.636928 1.030167 0.101819 0.407767 -0.147341 0.077099 0.504730 0.205298 -3.527813 0.015624 0.469932 0.248741 -0.490312 -0.160222 -0.203055 0.249922 0.096958 0.097949 -0.056240 -0.157555 
157.377579 -30.811643 -2.293437 2.207724 2.028664 0.587153 2.556531 -0.343384 1.039392 -0.239352 -0.066743 0.697524 -0.069268 -8.313340 -0.793563 1.455228 0.284347 0.787115 0.022408 0.167699 0.124629 -0.318511 -0.155737 0.453819 -0.085626 -5.031073 -0.190824 -0.410593 -0.961843 -0.629719 -0.744174 0.194611 -0.270840 -0.027622 0.054088 -0.266328 -0.311499 
156.301758 -40.818417 -3.272347 2.954125 1.137872 0.130421 1.879650 0.153021 0.633133 -1.096856 -0.303707 1.197254 -0.453818 -15.372055 -1.115381 0.212374 -0.547602 0.377490 -0.458182 0.491042 -0.133913 -0.202585 0.185276 -0.027926 -0.417699 -3.266634 -0.630659 -1.612578 -0.684061 -0.497162 -0.629805 -0.181763 -0.307381 0.366253 0.144157 -0.468304 0.165139 
156.578705 -61.555754 -4.524199 2.632472 0.933459 1.342133 1.640167 0.638700 0.771566 -0.644521 0.303808 0.641672 -0.904666 -14.846608 -2.054882 -1.769929 -1.083775 -0.207210 -1.237202 -0.195828 -0.490134 0.413994 0.132576 -0.482790 0.244652 15.132884 1.983742 -0.104628 -0.000537 -1.747476 -0.328364 -0.735607 -0.134938 0.180857 -0.055846 -0.500991 0.502403 
0.000000 -70.511633 -7.382111 -0.585733 -1.029678 -0.283998 -0.594754 -0.238634 -0.347135 -0.268867 -0.038555 0.231675 0.035485 14.893713 2.852103 0.003119 -0.548676 -3.117461 -1.114911 -0.980173 -0.403788 0.159130 0.073584 -1.029907 0.587106 19.488117 3.197489 1.190441 1.017930 -1.095225 0.846489 -0.015551 0.492431 -0.206997 -0.099581 -0.125096 -0.016942 
0.000000 -31.768327 1.180008 2.638709 -0.163893 -4.892789 -0.589655 -1.321645 -0.036010 -0.326262 0.450976 -1.418142 0.269547 24.129626 4.340096 0.610952 0.952084 -2.397660 0.455775 -0.226929 0.494727 0.000001 -0.066585 -0.732983 0.210768 -4.980439 -1.478020 -0.849730 0.644970 1.522677 0.976898 0.602066 0.469312 -0.010858 -0.004655 0.642165 -0.382869 
151.607605 -22.252381 1.298082 0.636172 0.874491 -5.079317 0.316795 -0.692493 0.642320 -0.268865 -0.171724 -1.234291 0.457020 4.932835 -0.103937 -1.696342 0.741264 -0.072107 0.838885 0.223960 0.534837 0.137414 0.064274 0.254422 -0.178631 -11.925188 -2.471077 -0.716492 -0.154318 1.303140 0.165153 -0.088349 -0.272551 0.031092 0.010782 0.509171 -0.297881 
156.490387 -21.902658 0.972134 -0.753974 1.318635 -5.037003 1.088114 -0.873726 1.033664 -0.051434 0.579523 -0.909298 -0.087716 0.279249 -0.602057 -0.822031 0.643449 0.208620 0.786082 -0.403627 -0.050374 0.062185 -0.045020 0.285358 -0.384994 -3.709889 -0.522739 1.289237 -0.774156 0.508869 -0.144250 -0.113008 -0.409927 -0.011811 -0.474890 0.017475 0.245482 
168.082077 -21.693883 0.093967 -1.007890 2.161389 -4.662076 1.888959 -1.499747 0.541572 -0.144496 -0.261765 -0.663574 -0.312967 -2.486944 -1.149415 0.882133 -0.807048 0.945630 0.550385 -0.002056 -0.285018 0.113792 -0.885507 0.289372 0.312333 -3.866092 -1.294318 2.289475 -1.507846 1.056292 -0.618588 0.526776 0.151964 0.087575 -0.030426 -0.267108 0.217257 
176.494980 -26.876546 -1.326697 1.010292 -0.295462 -3.145742 2.188884 -0.877837 0.463629 0.176151 -1.191491 -0.330553 0.536950 -7.452936 -3.190693 3.756919 -2.372242 2.321204 -0.451094 0.649926 0.253555 0.237336 -0.105872 -0.248857 0.049520 -0.489353 -0.364802 1.084702 0.431352 0.079100 -0.904812 0.342014 0.262538 -0.562992 0.494709 -0.328683 -0.555812 
181.665527 -36.599755 -6.287418 6.505949 -2.583095 -0.019668 0.986770 -0.199895 1.048681 0.330175 -0.473508 -1.161289 -0.213928 -3.465650 -1.879020 3.051537 0.055655 1.103831 -1.259238 0.681971 0.240058 -1.012191 0.103911 -0.367994 -0.799291 7.533577 3.248671 -2.848979 2.439058 -2.425623 0.153167 -0.044247 -0.103858 -0.695963 -0.307425 0.275357 -0.185630 
183.681793 -33.807845 -5.084736 7.113365 -0.184151 -0.938080 -0.329593 0.486106 0.943744 -1.848231 -0.983669 -1.066542 -1.061632 7.614218 3.306649 -1.941038 2.505874 -2.530042 -0.144760 0.561432 0.045838 -1.154590 -0.720721 0.301856 -0.321741 5.256358 2.652761 -2.935305 0.555208 -1.642370 0.974058 -0.458899 -0.148641 0.720974 -0.262450 0.387592 0.688593 
197.631958 -21.371319 0.325880 2.623873 2.428652 -5.079753 0.697251 0.922968 1.140358 -1.979005 -1.914950 -0.557577 -0.857409 7.047067 3.426503 -2.819072 1.166071 -2.180909 0.688877 -0.235828 -0.057225 0.429756 -0.420988 0.407190 0.577894 -4.132406 -1.162738 0.685540 -1.323682 1.121110 -0.037670 -0.557311 -0.062477 1.004054 0.505576 -0.047490 0.289653 
188.618271 -19.713711 1.768271 1.475220 2.147992 -5.299897 1.048161 0.014451 0.829294 -0.988718 -1.825646 -0.252161 0.094155 -0.650595 0.981173 -0.569959 -0.141490 -0.287823 -0.220099 -0.553190 -0.079117 0.853518 0.290431 0.206876 0.257565 -6.343340 -1.420116 2.018075 -0.880927 1.018516 -0.743188 0.075483 -0.051317 0.072088 0.603993 -0.179889 -0.395304 
182.141449 -22.672509 2.288225 1.483955 2.145672 -5.655399 0.257052 -0.183413 0.982124 -0.271970 -1.334087 -0.143824 -0.342280 -5.639614 0.586271 1.217077 -0.595783 -0.143877 -0.797500 -0.084862 -0.159859 0.573933 0.786998 0.047413 -0.212715 -0.187119 -0.503853 0.312531 0.096137 -0.417621 0.064387 0.147138 0.239733 -0.469604 -0.249248 -0.349595 -0.228037 
177.637787 -30.992940 2.940813 3.909375 0.956426 -5.587651 -0.546840 -0.155273 0.509576 0.159148 -0.251649 -0.157336 -0.331274 -1.024832 -0.026534 0.055103 0.050785 -1.123065 -0.091325 -0.258914 0.400350 -0.085690 -0.208064 -0.492314 -0.198510 5.111651 -0.800306 -1.352450 0.838759 -0.020165 0.746757 -0.032421 0.265430 -0.491240 -0.676764 0.066338 -0.064154 
176.724930 -24.722174 2.235157 1.594160 2.247242 -7.901529 0.074402 -0.701240 1.782823 -0.443351 -1.750216 -1.128451 -0.739300 4.583688 -1.014341 -1.487824 1.081734 -0.184206 0.696015 -0.149703 0.371002 -0.408546 -0.566530 0.180088 -0.341022 -1.049617 -0.923586 -0.215867 0.163140 1.448556 0.477314 0.754592 -0.412816 0.087543 0.217830 0.894818 0.221628 
171.986771 -21.825564 0.912130 0.933728 3.119895 -5.956063 0.845189 -0.454680 1.251579 -0.657945 -1.384709 0.202841 -1.013319 -3.124066 -1.873706 -0.376632 0.377066 1.774046 0.863303 1.250271 -0.425283 0.089395 0.227596 1.297322 0.244745 -7.095533 -0.471461 1.917865 -1.018912 0.763554 -0.413531 0.613753 -0.327382 0.136988 0.405901 0.239698 0.334523 
169.405548 -30.970306 -1.512254 0.840897 3.001374 -4.353436 1.801009 1.799303 0.932257 -0.264561 -1.295023 1.466194 -0.249809 -9.607378 -1.957263 2.347906 -0.956089 1.342901 -0.131047 1.077803 -0.283761 -0.134570 0.245272 0.659485 0.328023 0.852633 0.952828 1.515263 -0.844866 -1.074532 -0.917179 -0.604530 0.415825 0.129062 0.158104 -1.234523 -0.193784 
168.048233 -41.040320 -3.002396 5.629540 1.207716 -3.270261 0.583095 1.700926 0.684056 -0.927084 -0.894166 1.521812 -0.357272 -1.418801 0.031950 2.653894 -1.312667 -0.375018 -0.971055 0.041212 0.406367 0.347519 0.543804 -1.171724 -0.142824 8.646822 1.886766 -1.759490 0.807653 -1.317209 -0.571687 -0.937432 0.219191 0.490735 0.078146 -0.942953 -0.219341 
168.563309 -33.807908 -1.448355 6.148686 0.376041 -5.103471 -0.141102 1.881726 1.744990 0.430478 -0.207415 -0.877253 -0.535457 7.686266 1.816268 -1.171074 0.659217 -1.291517 -1.274421 -0.797062 0.154620 0.846901 0.401563 -1.226421 -0.110659 2.443011 0.671743 -2.508650 1.175447 -0.020155 0.389819 -0.925206 -0.595887 0.083286 -0.246239 0.632535 -0.020461 
177.480515 -25.667789 0.630141 3.287392 2.526149 -5.853296 -1.965747 0.106803 0.993297 0.766717 -0.091040 -0.931030 -0.578590 3.467221 1.375436 -2.363405 1.038226 -0.415328 -0.191418 -1.809199 -0.785408 0.514092 0.051327 0.093346 -0.183745 -4.237068 -0.663325 0.324642 0.127844 0.843512 1.116195 -0.317211 -0.299068 -0.200296 -0.187625 0.662816 -0.090508 
179.647949 -26.873466 1.302518 1.421875 2.452494 -5.934128 -0.523939 -1.736673 0.174173 1.458662 -0.104761 -0.690562 -0.902948 -0.787870 0.489619 -0.521789 0.914904 0.395506 0.957969 -1.431484 -0.443516 0.446308 0.026313 0.099211 -0.291675 -2.900047 -1.735039 2.558617 -0.667878 0.941135 -0.274994 0.745002 0.237949 -0.333395 0.095756 -0.196292 0.080667 
184.974655 -27.243529 1.609379 2.243814 4.355958 -5.062284 -0.049809 -2.756164 0.106264 1.659333 -0.038414 -0.732608 -1.161941 -2.332873 -2.094642 2.753828 -0.297530 1.466942 -0.741406 -0.319195 -0.309510 -0.152699 0.242839 -0.299239 -0.022410 -2.633729 -2.341414 2.075726 -1.594203 0.879363 -0.743356 0.561193 0.288865 -0.321043 0.193441 0.062795 0.328366 
196.752884 -31.539213 -2.886766 6.929532 1.857433 -3.000243 -2.006751 -2.375063 -0.444846 1.153265 0.380916 -1.289040 -0.947768 -6.055328 -4.193209 3.629663 -2.273502 2.154232 -0.528743 -0.309097 0.134213 -0.195779 0.413196 0.224801 0.365058 0.258383 1.094053 -0.980667 -0.405542 -0.677839 0.553737 0.843144 0.836237 -0.476857 -0.373558 0.345551 -0.034798 
198.634949 -39.354186 -6.777039 9.503140 -0.191046 -0.753821 -1.107294 -3.374357 0.374691 1.267775 0.787977 -0.283005 -0.431825 -1.816108 0.093464 0.792494 -1.108613 0.111264 0.366068 1.367093 1.362964 -1.106413 -0.504278 0.391864 -0.092007 6.711147 4.138178 -3.294326 2.085089 -2.423898 0.112790 1.431390 -0.044253 -0.510621 -0.921530 -0.261367 -0.436552 
208.360840 -35.171429 -2.699839 8.514519 -0.359793 -2.777716 -1.274614 0.359123 2.281082 -1.059561 -0.627640 -0.505313 -1.131782 7.366966 4.083147 -2.958989 1.896676 -2.693565 -0.303163 2.553684 0.045708 -1.217021 -1.429865 -0.297933 -0.508046 4.902917 1.299035 -2.237200 1.594526 -1.004704 0.140731 -0.669576 -1.184807 0.420393 -0.159608 -0.001918 -0.040448 
209.413010 -24.620254 1.389256 3.585162 3.602306 -6.140951 -1.713620 1.733012 0.466107 -1.166267 -2.071752 -0.878870 -1.447918 7.989725 2.691534 -3.681906 2.080439 -1.898144 0.647530 0.027942 -1.006650 -0.265626 -0.823495 0.388027 -0.172903 -1.788061 -1.809387 0.663863 -1.265151 1.088209 0.614723 -1.819320 -0.061236 0.479384 0.546360 0.548496 0.397799 
196.886230 -19.191978 2.683230 1.150708 3.801084 -6.574004 0.020446 0.415007 0.267782 -1.590813 -2.274630 0.270741 -1.477589 3.790844 0.464373 -1.631262 -0.633627 -0.517147 0.926284 -1.084957 -0.076763 -0.258253 -0.337145 0.799060 0.287553 -3.274497 -1.548207 1.678832 -1.785680 0.747556 -0.444644 -0.311957 0.696878 0.369743 0.245503 -0.433949 0.248859 
191.307480 -17.038566 2.318001 0.322637 2.335052 -7.175245 0.138948 -0.436901 0.312580 -1.682773 -2.746042 0.719250 -0.872813 1.440731 -0.404879 -0.324241 -1.490922 -0.403032 -0.241758 -0.595971 0.387106 0.473859 -0.332490 -0.479871 0.324815 -1.799551 -0.435474 0.667101 -0.313191 0.068301 -0.645026 0.552424 0.216805 0.352011 0.210812 -0.950719 -0.123428 
185.052444 -16.310517 1.873472 0.502225 0.819240 -7.380067 -0.463069 -0.776936 1.041994 -0.643095 -2.939609 -0.689001 -0.827959 0.191741 -0.406575 -0.297061 -1.260008 -0.380545 -0.363768 0.019891 0.356846 0.445768 0.084480 -1.102378 0.040696 -1.120694 0.754920 -0.114458 0.709695 0.057977 -0.143699 0.496155 -0.454440 -0.018870 0.433235 0.023762 -0.073543 
178.106354 -16.655084 1.504852 -0.271484 -0.184964 -7.936335 -0.588588 -0.397119 1.026271 -0.791237 -2.577081 -1.485505 -0.791422 -0.800656 1.104962 -0.553158 -0.071531 -0.287078 -0.529155 0.396339 -0.521773 0.436119 0.533980 -0.432347 0.177730 -2.131688 1.030354 0.200904 0.911418 0.654712 0.173523 0.120675 -0.285787 0.126119 0.385487 0.744835 0.043253 
174.028503 -17.911830 4.083395 -0.604090 0.676177 -7.954224 -1.521380 0.015742 -0.001552 0.229144 -1.871649 -1.553694 -0.472500 -4.071635 1.654133 0.104747 0.562828 0.928879 -0.016723 0.261241 -0.214727 0.698006 0.855454 0.387293 0.127201 -3.301019 -0.805518 1.079096 -0.352932 0.910285 0.375521 -0.409888 0.974530 -0.453444 0.209914 0.212639 0.207571 
171.942795 -24.798355 4.813118 -0.061990 0.940692 -6.078578 -0.622034 0.125363 0.596816 0.604776 -0.866174 -0.710920 -0.537020 -7.402694 -0.506074 1.605034 -0.777396 1.533491 0.221886 -0.423437 1.427287 -0.470768 0.953809 -0.007068 0.592872 -2.041648 -1.279594 1.217089 -1.171720 -0.436253 -0.108329 -0.351181 0.515141 -0.723103 -0.084628 -0.641283 -0.001941 
171.465759 -32.717219 3.071248 2.605978 -0.878614 -4.887242 -1.077607 -0.831132 2.853021 -0.712392 0.035968 -1.567830 0.713243 -8.154932 -0.905054 2.538924 -1.780612 0.056372 -0.233381 -0.441120 0.815555 -0.748200 0.686197 -0.895273 0.123319 4.083792 1.211678 -1.398126 1.318872 -0.841732 -0.619156 0.326839 -1.358534 0.425004 -0.227233 -0.027203 -0.654052 
172.204666 -41.108218 3.003009 5.015859 -2.620531 -5.965833 -1.088796 -0.756878 2.227926 -0.891625 0.506221 -2.501466 -0.290382 0.764890 1.917281 -1.191218 1.860349 -0.149973 -1.016425 0.230240 -1.289782 0.379239 0.499342 -0.061473 -0.715232 8.961332 1.451629 -2.813564 2.180638 -0.377005 -0.239596 0.158028 -0.794480 0.778292 -0.400546 0.948596 -0.212087 
311.865997 -31.187438 6.905811 0.223542 2.842083 -5.187187 -3.110457 -0.370651 0.273457 0.046086 1.034652 -1.690777 -0.717222 9.767732 1.998203 -3.088204 2.580665 -0.697637 -0.712574 -0.125065 -0.773405 0.808383 -0.114894 1.001920 -0.300855 2.235592 -0.955804 0.000805 -1.069191 -0.763382 0.810896 -0.191858 0.741716 -0.335410 -0.695394 0.429558 0.356278 
156.032913 -21.572754 6.999416 -1.160550 2.540798 -7.361108 -2.513944 -1.007008 0.681116 0.725141 0.276433 -0.497626 -0.892092 5.236074 0.005673 -1.189608 -0.278033 -1.676736 0.605367 -0.153475 0.193649 -0.291581 -0.891446 0.797642 -0.002677 -4.231810 -1.122822 1.259686 -1.430438 0.174670 0.570375 -0.045841 0.486879 -0.388258 -0.145659 -0.371847 0.170304 
152.974869 -20.715290 6.917157 -2.155675 2.286016 -8.540658 -1.899724 -0.677600 0.660756 -0.537076 -0.748239 -0.095492 -0.722575 1.304111 -0.247441 -0.568833 -0.280211 -0.348298 0.428176 -0.216747 0.200354 0.031867 -0.406212 0.258225 0.039753 -2.270277 -0.500946 0.850952 0.273600 1.041807 -0.202386 -0.132685 -0.094445 0.659460 0.438291 -0.317573 -0.146899 
154.502411 -18.964531 6.504535 -2.298215 1.980377 -8.057704 -1.657592 -1.440503 1.081824 0.788875 -0.535992 0.018824 -0.812586 0.695520 -0.996219 0.512296 0.269166 0.406878 0.200595 -0.418844 0.004760 1.027338 -0.014864 0.162497 -0.296475 -2.368501 -0.382617 0.925974 0.422109 0.544455 -0.183152 0.082512 -0.356618 0.149152 0.238290 0.190733 -0.123112 
157.281937 -19.324250 4.924719 -1.131082 2.824349 -7.726903 -1.498534 -1.515289 0.670276 1.517600 -0.777968 0.229502 -1.315526 -3.432891 -1.012676 1.283115 0.564008 0.740612 0.061873 -0.051724 -0.512882 0.330171 0.070368 0.639692 -0.206471 -4.097656 0.332449 -0.016032 -0.278548 -0.439396 -0.330960 0.571740 0.126728 -0.696953 0.261175 0.040457 0.319267 
158.925735 -25.830313 4.479183 0.268015 3.108393 -6.576481 -1.533847 -1.543950 0.056061 1.449217 -0.395256 1.298208 -1.225529 -7.499792 -0.331322 0.480233 -0.287930 -0.471914 -0.461326 0.724637 0.258216 -0.366569 0.507486 0.243411 0.342059 -0.092511 0.954118 -0.405493 -0.429115 -0.744656 -0.395922 0.052465 0.469637 -0.649993 -0.157578 -0.863102 0.275768 
157.399643 -34.323835 4.262076 -0.170616 2.248489 -8.670732 -2.421186 -0.066016 1.186709 0.784463 0.237004 0.716323 -0.631408 -3.617913 0.895561 0.472130 -0.294222 -0.748701 -0.729972 0.053205 0.426392 -0.969816 -0.244788 -1.086511 0.345065 5.803137 0.466492 -0.007430 0.670373 0.380885 0.378443 -0.908697 -0.326879 0.001553 -0.444143 -0.427092 -0.395318 
0.000000 -33.066138 6.270305 1.212275 2.519950 -8.073883 -2.993790 -1.437540 0.908845 -0.490415 -0.884831 -0.874814 -0.535398 4.106481 0.601662 0.465374 1.052815 0.289855 0.295559 -1.092758 -0.395542 -0.363462 -0.380800 -0.610773 -0.448577 3.617736 -0.665702 0.310747 0.603923 0.729859 0.530162 -0.135878 -0.034147 0.834079 0.134568 0.476898 -0.287322 
167.571762 -26.110873 5.465400 0.760131 4.354120 -8.091021 -1.830068 -2.251532 0.395626 0.057538 -0.524597 -0.505223 -1.528562 3.617559 -0.435843 1.093624 0.913624 0.711016 0.330352 -0.218551 0.358098 0.698343 0.024349 -0.132715 -0.229578 -2.104164 -0.393440 0.339064 -1.121852 0.726821 0.142927 1.097935 0.261420 0.473093 0.097174 0.004916 0.537411 
153.506622 -25.831020 5.398619 3.399524 4.347199 -6.651851 -2.333086 -1.874641 1.625040 0.906271 -0.836133 -1.140245 -0.994555 -0.101846 -0.185218 1.143501 -1.190888 1.743498 0.581413 1.103111 0.127299 0.582724 -0.186452 -0.600940 0.626245 -2.685250 0.102943 -1.248437 -1.056424 0.924580 0.884577 0.460547 -0.578877 -0.430824 -0.129846 0.056506 0.567495 
144.695709 -26.314566 5.094963 3.047133 1.972343 -4.604026 -0.667243 -0.045309 0.650225 1.222987 -0.897500 -1.707104 -0.276073 -1.752940 -0.229956 -1.403250 -1.199224 2.560177 2.099506 0.702543 -0.799655 -0.163305 -0.235342 -0.019704 0.905412 -2.914575 0.174851 -1.354696 0.539630 -0.098031 0.318363 -0.322451 -0.433646 -0.725214 0.066992 0.723971 -0.080401 
139.869705 -29.336899 4.938706 0.593024 1.948751 -1.531497 1.865926 -0.469555 0.025730 0.579662 -1.306818 -1.179653 0.816270 -5.930996 0.164483 -1.565892 -0.111629 1.547436 1.218139 0.458209 -0.739992 -0.867703 -0.052467 0.847001 0.465443 -1.333445 0.236284 0.532206 0.549696 -1.274503 -1.073975 -0.016106 0.185955 -0.191368 0.193767 0.301490 -0.493070 
138.711502 -38.176558 5.423929 -0.084650 1.749086 -1.509153 1.769035 0.871109 -0.829760 -0.512419 -1.002434 -0.013101 0.654812 -4.419829 0.242612 -0.338837 -0.099833 0.011172 -0.048445 0.670332 -0.427745 -0.546040 0.152192 0.583276 -0.080729 0.755583 0.039064 0.613527 0.005898 -0.768132 -0.633292 0.106061 0.156124 0.160831 0.102329 -0.131863 -0.273086 
