0.000000 -27.873073 11.654353 -1.834311 0.519808 3.683262 0.968344 0.697028 0.190586 0.133277 -0.880744 -1.160828 0.403702 -5.529854 -1.507444 1.451816 0.632099 0.292691 0.555124 -0.124861 -0.090857 -0.147436 0.015507 0.411010 -0.172917 -0.037318 -0.367968 0.523780 0.509635 0.141649 -0.210803 -0.394026 0.159734 0.293914 0.073731 -0.166958 -0.113572 
109.523117 -38.932780 8.639466 1.069321 1.784006 4.268643 2.078593 0.447307 0.008872 -0.161596 -0.849730 -0.338808 0.057868 -5.604490 -2.243379 2.499375 1.651369 0.575989 0.133518 -0.912913 0.228610 0.440392 0.162969 0.077093 -0.400061 4.919617 1.019095 -0.791474 -0.311925 0.043555 -0.223615 0.070210 0.245397 0.079721 -0.178074 -0.372190 -0.039487 
112.439545 -39.082052 7.167596 3.164439 3.822546 4.835239 1.235379 -1.128799 0.647806 1.014061 -0.554807 -1.006642 -0.396420 4.309380 0.530746 -0.131132 0.008249 0.379801 0.107893 0.015560 0.399937 0.012006 -0.340640 -0.333370 -0.251891 5.459986 1.881323 -1.481421 -1.271923 -0.963948 -0.052082 1.171800 -0.265452 -0.212354 -0.144130 -0.378351 0.184628 
0.000000 -30.314020 9.700957 0.807057 1.800504 5.028244 2.294380 0.478427 0.808747 -0.137584 -1.531010 -1.005549 -0.445915 5.315482 1.519268 -0.463466 -0.892477 -1.351908 0.029354 1.430686 -0.302294 0.015684 -0.125290 -0.679609 -0.030806 -2.055339 -0.099152 0.382773 -0.043114 -0.848726 -0.530398 -0.130670 -0.152620 0.474939 0.411713 0.103954 0.082514 
124.017220 -28.451088 10.206133 2.237507 2.037592 2.131423 1.294087 1.732574 0.043218 1.045429 -0.805388 -2.365859 -0.458031 0.198703 0.332443 0.634414 -0.077980 -1.317652 -0.952903 -0.245781 0.094696 0.961883 0.482786 -0.125463 -0.086862 -3.796449 -1.392205 -0.002456 1.015646 1.307279 -0.166797 -1.423300 0.402456 0.053986 0.187622 0.877218 -0.034219 
128.477661 -29.916615 10.365842 2.075885 1.644545 2.392939 0.388574 -0.013135 0.998140 1.786183 -0.565438 -1.256475 -0.619639 -2.277416 -1.265142 -0.468379 1.138815 1.262650 -0.304241 -1.415913 0.502618 0.123656 0.249954 1.074828 -0.099244 -2.645350 -1.196835 0.234357 0.926567 1.189960 0.794502 0.060889 -0.128245 -0.790983 -0.246548 0.275509 0.268752 
132.647827 -33.005920 7.675849 1.300749 4.315222 4.656723 0.685605 -1.099253 1.048454 1.292740 -0.305480 -0.216203 -0.656520 -5.091997 -2.061227 1.103128 1.775155 1.062268 0.636101 -0.124003 -0.161793 -0.620083 -0.010310 0.425556 0.450642 2.027475 1.320568 0.835480 -1.156633 -1.538607 0.005602 1.130421 -0.328003 -0.014442 -0.371263 -0.920816 0.212464 
131.534790 -40.100608 6.243388 4.282142 5.194854 4.517475 1.660777 -0.261141 0.674553 0.546017 -0.586057 -0.405364 0.281645 1.777534 1.375995 1.202582 -1.174450 -1.814564 -0.293037 0.844929 -0.153388 0.094772 -0.492573 -0.766805 0.325685 6.874172 2.498695 -1.965871 -2.042289 -1.026047 -0.767463 0.085023 0.048804 0.469793 -0.276096 -0.424357 -0.303908 
133.767334 -29.450852 10.427838 3.705913 1.966321 1.027595 0.099532 0.590605 0.741678 1.482284 -1.290625 -1.749812 -0.005150 8.656347 2.936164 -2.828613 -2.309423 -0.989826 -0.898825 0.046043 -0.064185 0.319503 -0.562501 -0.423158 -0.157174 0.433591 0.005901 -2.303726 0.220909 1.380063 0.188260 -0.690584 -0.157813 -0.159818 0.275395 0.620992 -0.163586 
138.406052 -22.787913 12.115715 -1.375085 0.576008 2.537822 -0.136874 -0.169055 0.546183 1.185024 -1.711059 -1.251680 -0.032704 2.644716 1.387797 -3.404869 -0.732632 0.945563 0.083483 -0.536238 -0.469015 -0.224863 0.058218 0.475179 -0.001487 -7.191735 -1.858916 1.033288 0.898454 0.891894 0.789138 0.003291 0.051927 -0.369370 0.531838 0.448585 -0.072647 
137.711334 -24.161420 13.203432 -3.103825 0.501057 2.918720 0.266498 -0.481872 -0.196352 1.032557 -1.174189 -0.799455 -0.008124 -5.727122 -0.781669 -0.762037 -0.512515 0.793962 0.679450 0.052625 0.039669 -0.419236 0.501176 0.474012 -0.302469 -7.714983 -2.291124 1.403750 -0.351979 0.070465 0.725430 0.421335 0.455694 0.108155 0.241733 -0.175809 -0.075144 
136.329330 -34.242157 10.552377 -2.899160 -0.449022 4.125746 1.222027 -0.063805 0.625521 0.346551 -0.708708 -0.303656 -0.637643 -12.785249 -3.194452 -0.597368 -1.436590 1.086492 1.534343 0.306432 0.442373 -0.008552 0.541684 0.123560 -0.151775 -2.069836 -0.876589 -0.130178 -1.156436 -0.721259 0.919098 0.436454 -0.765079 -0.460118 -0.332990 -0.090439 0.534499 
0.000000 -49.731918 6.814527 -4.298562 -2.372124 5.091704 3.335183 0.130992 0.688395 1.015453 -0.090820 -0.552336 -0.311673 -9.866794 -2.534848 -1.022393 -2.825386 -0.648555 2.517647 0.925533 -1.490488 -1.339473 -0.164804 0.293134 0.766529 11.213425 2.786043 0.294699 0.948189 -0.981084 -0.715101 0.140669 -1.022643 -0.382489 -0.366904 -0.031066 0.346987 
0.000000 -53.975745 5.482681 -4.943945 -6.099794 2.828636 6.257321 1.787261 -2.355455 -2.332396 -1.038315 0.282611 0.895416 9.641601 2.377634 -0.007970 0.459789 -0.875675 0.104141 0.587769 -1.602912 -0.773531 -0.192124 0.061428 0.542200 12.454322 2.798970 1.086200 3.064259 0.134184 -2.368092 -0.513732 0.907227 1.058759 0.076684 -0.232564 -0.457833 
0.000000 -30.448715 11.569795 -4.314502 -1.452546 3.340353 3.543464 1.306531 -2.517428 -0.531610 -0.475067 -0.429480 0.772726 15.041850 3.063093 1.150008 3.303131 -0.380188 -2.218538 -0.101932 0.323966 0.778044 -0.011435 -0.171995 -0.149136 -3.188864 -1.145508 0.501227 0.221684 0.193246 -0.588650 -0.241305 1.045727 0.278413 0.050012 -0.005874 -0.453145 
0.000000 -23.892045 11.608866 -2.643929 0.506469 2.068260 1.820245 1.583397 -1.707522 -0.776308 -1.061185 -0.061378 0.597143 3.263874 0.086617 0.994484 0.903157 -0.489182 -1.073159 0.105160 0.488542 -0.216705 -0.092100 0.049680 -0.364091 -7.446121 -1.649315 -0.458699 -1.724537 0.222188 1.298941 0.193476 -0.222142 -0.494158 -0.035944 0.060807 0.115346 
110.952477 -23.920968 11.743029 -2.325533 0.353767 2.361989 1.397147 1.516851 -1.540345 -0.965019 -0.659266 -0.330120 0.044544 0.149608 -0.235537 0.232610 -0.145943 0.064188 0.379344 0.285019 -0.120318 -0.210271 -0.083324 -0.050381 0.081556 -2.067449 -0.232493 -1.245723 -0.291045 -0.048364 0.477518 0.175790 -0.105342 0.219971 -0.014354 -0.061564 0.306284 
114.392616 -23.592829 11.137792 -2.178710 0.214582 2.196636 2.578934 2.153436 -1.948157 -1.196850 -1.227832 -0.162139 0.760256 -0.871024 -0.378369 -1.496961 0.321067 -0.585910 -0.118124 0.456739 0.277858 0.223237 -0.120807 -0.073447 0.248476 -0.869200 -0.191264 -0.651524 0.482146 -0.178174 -0.837548 -0.063961 0.565018 0.401833 0.228762 -0.046903 -0.210194 
116.809868 -25.663015 10.986291 -5.319455 0.995901 1.190169 1.160899 2.430330 -0.984629 -0.518545 -0.900880 -0.477013 0.541497 -1.588791 -0.618065 -1.070438 0.818350 -0.292160 -1.295752 0.157098 1.009718 0.593395 0.374200 -0.144188 -0.338832 0.937858 -0.224756 1.116941 0.402575 0.658580 0.058474 -0.263492 -0.013683 -0.011310 0.053881 0.092430 -0.248713 
62.124363 -26.770410 9.901662 -4.319585 1.851281 1.612316 -0.012570 2.467631 0.071278 -0.010059 -0.479433 -0.450515 0.082591 1.004693 -0.827882 0.736920 1.126216 0.731250 -0.001176 -0.070245 0.250492 0.200617 -0.013046 0.111414 -0.248949 0.538006 -0.063153 0.802624 0.256143 0.360138 0.739682 -0.147127 -0.425201 -0.237258 -0.413800 0.106588 0.236037 
124.717812 -23.653629 9.330527 -3.845614 3.248333 2.652670 1.158547 2.289839 -0.483644 -0.117310 -0.926972 -0.254185 0.043598 -0.512779 -0.744372 0.534809 1.330635 0.428115 0.183613 -0.137156 0.159316 0.118879 -0.453401 0.068989 0.133242 -2.130905 -0.203513 0.095377 0.254268 -0.288464 -0.223716 -0.167998 0.156189 0.246028 -0.185530 -0.409081 0.125058 
124.660538 -27.795968 8.412919 -3.249967 4.512552 2.468547 0.354655 2.193319 0.389910 0.227700 -1.386234 -0.312538 0.349074 -3.257117 -1.234908 0.927674 1.634752 0.154323 -0.448608 -0.406242 0.562870 0.692673 -0.384105 -0.706748 0.001167 0.261993 0.464652 0.799217 -0.523590 0.006587 -0.263043 -0.247879 0.210708 0.208587 0.324452 -0.514347 -0.331996 
121.717987 -30.167864 6.860711 -1.990266 6.517836 2.961315 0.261331 1.477355 0.642095 1.268036 -1.695183 -1.667682 0.045932 0.011207 0.184932 2.133244 0.283455 0.441289 -0.342473 -0.632915 0.580732 0.536052 0.195503 -0.959705 -0.530751 2.237352 1.394135 0.688807 -1.757586 -0.219842 0.114994 -0.088315 -0.061219 -0.284597 0.185811 0.234720 -0.084120 
120.908508 -27.773554 8.782784 1.016521 5.079461 3.351124 -0.330290 0.927490 1.551373 1.299804 -0.995228 -2.231948 -0.712429 1.217586 1.553363 2.305288 -1.880420 -0.285361 -0.218620 -0.582873 0.440432 0.123480 -0.012483 -0.237309 -0.167072 -0.129376 0.280591 -0.587811 -0.612753 -0.425951 0.062050 -0.016195 -0.367963 -0.136582 -0.339263 0.662010 0.356775 
0.000000 -27.732693 9.967436 2.620310 2.756997 2.390594 -0.175909 0.311610 1.522959 1.514996 -1.720149 -2.142299 -0.288213 -0.247546 0.746115 0.957621 -0.942052 -0.410613 -0.218373 -0.665304 -0.155195 0.262889 -0.483022 0.364314 0.182800 -2.842902 -1.244182 -0.688292 1.013219 0.106977 0.029667 0.129415 -0.295640 -0.074961 0.277145 0.332162 0.120691 
112.682510 -28.268645 10.275013 2.931764 3.195357 2.529898 -0.767037 -0.403118 1.240984 1.825581 -1.961272 -1.503320 -0.346829 -4.468218 -0.935002 0.928705 0.146019 -0.071407 -0.159286 -0.324043 -0.150849 -0.026442 0.541807 0.427014 0.074310 -7.199283 -1.128082 -0.010849 0.597768 0.573280 0.825828 0.378775 -0.574084 -0.631188 0.828515 0.127196 -0.350282 
0.000000 -36.669128 8.097433 4.477720 3.049035 2.247779 -0.494482 -0.336476 1.221261 1.462111 -0.636535 -1.288270 -0.139593 -14.646112 -1.510049 0.935924 0.253485 0.735947 1.433283 0.092246 -1.303362 -0.999487 1.174008 0.618706 -0.517765 -7.040440 -1.393068 -0.610592 -0.673090 -0.208450 0.187948 0.277190 -0.372125 -0.340868 -0.094653 0.080201 -0.017498 
0.000000 -57.560870 7.254915 4.803611 3.702327 4.001791 2.099530 -0.218626 -1.365741 -0.173392 0.386743 -0.265908 -1.382360 -18.549097 -3.721137 -0.292479 -1.200161 -0.488308 0.216610 0.230336 -0.895098 -0.708178 0.352501 0.587417 0.039314 8.451530 1.623535 -1.884136 -0.688089 -0.603343 -1.596817 -0.464428 0.699360 0.740147 -1.123234 -1.009615 0.745505 
0.000000 -73.767322 0.655159 3.892762 0.648713 1.271163 -0.061263 0.124197 -0.568935 0.045755 0.068468 -0.113436 -0.060965 2.256947 1.737021 -2.832349 -1.122693 -0.470740 -1.760350 -0.836610 0.095357 0.480808 -1.072460 -1.400523 0.973244 20.711563 4.535488 -1.819050 0.504007 0.837947 -0.049211 -0.644084 0.085765 0.280131 -0.741251 -0.750291 0.224243 
0.000000 -53.046976 10.728957 -0.861086 1.456942 3.060312 -1.421170 -1.891847 -1.175028 0.788224 -1.758177 -3.066955 0.564128 22.874029 5.349838 -3.930580 -0.192147 1.187586 0.118188 -1.057831 -0.723568 -0.147917 -1.130000 -0.913166 0.487801 6.011558 -0.566015 -0.047826 0.314321 0.079658 1.405769 0.620120 -0.226596 -0.300673 0.635678 1.211569 -0.343886 
0.000000 -28.019263 11.354836 -3.968399 0.264418 3.646335 0.175114 -1.991465 -2.016070 -0.250079 -2.191532 -1.939768 0.914636 14.280062 0.604991 -2.928000 -0.494051 -0.311425 1.051188 0.403630 -0.357836 -0.120539 0.198895 1.022616 0.285472 -10.480145 -2.404849 1.278362 0.204737 -0.675040 0.067616 0.690570 0.480781 0.218845 0.556326 0.765758 -0.110021 
0.000000 -24.486851 11.938940 -6.717087 0.468839 2.437463 0.681206 -1.084586 -1.890699 0.547147 -1.360386 -1.021724 1.135072 1.913739 0.540141 -1.373857 0.217326 -0.162494 0.253421 0.323309 0.237994 0.289773 -0.017347 0.618350 0.267758 -6.909749 -0.081563 2.029009 0.162486 0.659959 -0.692152 -0.220969 0.493808 -0.282627 -0.345851 -0.299439 -0.080447 
104.170479 -24.191785 12.435118 -6.716113 0.699071 3.321347 0.681956 -1.344848 -1.540082 0.329468 -2.226226 -0.703068 1.450153 0.460564 0.441865 1.130017 -0.169080 1.008494 -0.333116 -0.038308 0.629781 -0.685792 -0.492806 0.423737 0.124578 -2.868342 -0.534350 1.512724 -0.208879 0.501014 -0.012577 0.091637 0.273754 -0.422505 0.178537 -0.135936 -0.294087 
108.960609 -23.565723 12.822671 -4.457054 0.130679 4.454451 0.014974 -1.161202 -0.631137 -0.824437 -2.345998 -0.174250 1.384227 -3.822945 -0.528559 1.651591 -0.200432 0.839534 0.228267 0.506582 0.785502 -0.555238 0.339726 0.346477 -0.320416 -6.206790 -2.967341 -1.727885 1.097641 -0.856320 0.538093 0.342113 -0.972915 0.530414 0.619268 -0.360540 -0.075270 
113.652039 -31.837675 11.378000 -3.412930 0.298207 5.000416 1.138490 -0.331683 0.030922 -0.781008 -1.546773 -0.010115 0.809321 -11.953016 -5.492816 -2.325754 2.026202 -0.704145 0.743070 0.645918 -1.316049 0.375037 0.745730 -0.297343 -0.025963 -0.799000 -2.021862 -2.588848 0.535973 -1.184283 -0.015930 0.028705 -1.007216 0.568731 0.047343 -0.211565 0.304115 
325.355927 -47.471755 1.837039 -9.108561 4.183083 3.046161 1.501114 0.130634 -3.263234 -0.074363 -0.854537 -0.768937 1.332301 -5.420945 -4.572283 -3.526105 0.871515 -1.529031 0.196407 0.563992 -1.228931 0.582224 0.434411 -0.076653 0.287813 11.309730 4.102828 2.236134 -1.221680 1.439536 0.054829 -0.186450 1.369973 -0.367015 -0.503466 0.404240 0.036748 
0.000000 -42.679565 2.233434 -10.465141 2.041237 1.942354 1.531305 0.796300 -2.426940 0.383441 -0.677951 -0.163421 1.384948 10.666444 2.712841 2.146514 -0.417158 2.174926 0.852728 0.273018 1.423897 -0.358993 -0.261202 0.511136 0.047533 5.935268 3.293431 3.787430 0.176295 1.937004 0.171186 -0.327286 1.047273 -0.376804 -0.103057 0.147213 -0.425665 
0.000000 -26.138867 7.262722 -4.815534 3.348767 7.396013 3.206571 0.676671 -0.415441 -0.792349 -1.376941 0.253335 1.427367 6.449591 2.014579 4.048755 1.224105 2.344978 0.538779 -0.090581 0.865616 -0.171384 0.228297 0.217773 -0.563516 -7.442213 -2.269655 0.156185 0.743745 -1.905462 -0.795792 -0.262596 -0.908515 0.415483 0.471994 -0.384020 -0.572330 
0.000000 -29.780383 6.262593 -2.367631 4.489448 6.632311 2.608863 0.615138 -0.695709 0.040674 -0.221356 0.272124 0.257915 -4.217982 -1.826469 2.458884 1.070331 -1.635998 -0.738856 -0.252173 -0.393132 0.471973 0.682786 -0.256905 -1.097127 -5.007042 -2.049223 -1.056307 -0.113517 -2.235515 -0.304396 -0.030750 -0.592731 0.318021 -0.032878 -0.599060 -0.033063 
135.451630 -34.574831 3.609783 0.102235 5.489429 4.124016 1.728859 0.172325 -1.201706 0.151597 -0.011369 -0.260475 -0.766886 -3.564494 -2.083868 1.936141 0.997071 -2.126053 -0.070012 -0.152080 -0.319846 0.464659 0.162542 -0.980348 -0.629643 2.120761 0.910679 -0.774850 -0.465065 0.757813 0.586366 0.076934 -0.002274 -0.360623 -0.242845 0.078204 0.486255 
276.893158 -36.909371 2.094858 1.504650 6.483590 2.380205 2.468838 0.310978 -1.335401 0.969992 0.103728 -1.688572 -1.001370 0.023540 -0.005111 0.909185 0.140201 -0.120373 0.433877 -0.098305 -0.397680 -0.249273 0.197096 -0.100496 -0.124616 2.512815 1.938698 -1.279879 -1.032357 1.444813 0.524327 0.186729 -0.318365 -0.265365 0.196132 0.796765 0.378618 
275.262421 -34.527750 3.599561 1.920604 5.769831 3.883271 2.596613 -0.024285 -1.997065 -0.346950 0.382823 -0.461467 -1.016119 1.461136 1.793529 -0.623617 -1.067643 0.763573 0.978642 0.221377 -0.956577 -0.066070 0.554807 0.613181 0.127594 -1.357688 0.930955 -1.590581 -0.580680 -0.196098 -0.833152 0.079241 0.717424 0.405925 -0.320635 -0.173139 0.268611 
128.952118 -33.987099 5.681915 0.257416 4.348304 3.907350 4.426122 0.753732 -3.248555 0.837852 1.213342 -0.462209 -0.746181 -2.691835 1.856799 -2.271978 -1.021159 -0.512570 -1.232428 0.060176 1.037168 0.562577 -0.444174 -0.446775 0.412605 -0.060606 -0.505746 -0.965218 0.359696 -0.770243 -1.293820 0.063036 1.146121 0.265630 -0.513241 -0.179375 0.309759 
115.027809 -39.911420 7.313159 -2.623352 3.727514 2.858132 0.131757 0.096068 0.077270 0.778205 -0.505526 -1.355017 -0.190908 1.339924 0.782037 -2.554054 -0.348251 -0.776913 -1.608997 0.347448 1.335665 0.465191 -0.471674 0.254432 0.747113 3.440234 -0.620944 1.749826 -0.171889 0.470721 1.037463 -0.054355 -0.589438 0.067289 0.501901 0.322649 -0.062537 
187.780823 -31.307250 7.245989 -4.850691 3.651802 2.353525 1.208128 1.448629 -0.577224 1.768233 0.269993 0.046655 0.748045 4.188634 0.614910 1.227673 -1.364936 0.428873 0.842499 -0.048534 -0.141709 0.697155 0.559628 0.198522 0.287531 -3.391249 -0.792395 3.502305 -0.249443 0.140763 0.556578 -0.474349 -0.272347 -0.110539 0.482669 -0.241013 -0.694187 
117.605309 -31.534153 8.542979 -0.168006 0.997642 3.715877 1.816755 -0.001000 -0.206147 2.172516 0.613731 -0.957972 0.384154 -5.442573 -0.802753 4.450557 -0.847138 -0.495387 -0.495841 -0.601249 0.790971 0.244113 0.493663 -0.227594 -0.641261 -7.449449 -0.328337 -0.980795 -1.064741 -1.388239 -0.563028 0.121750 0.098291 -0.567212 0.064963 0.402060 -0.201027 
110.631363 -42.192396 5.640483 4.050422 1.957527 1.362752 0.216445 0.246130 1.004718 2.256460 1.257320 -0.408533 -0.534476 -10.710265 -0.041765 -0.733916 -3.494418 -2.347606 -0.283557 0.194965 0.054874 -0.437269 0.689555 1.002642 -0.114523 5.752012 1.054972 -4.275014 0.317416 1.277031 1.080232 0.400932 -0.849380 -0.769573 -0.882773 0.048538 0.773180 
214.206833 -52.954683 8.459449 -1.635839 -5.991195 -0.979335 1.249641 0.388931 -0.096399 1.297979 1.992842 1.047312 0.155109 6.061451 1.307191 -4.099471 -0.212306 2.058676 1.664623 0.200615 -0.907788 -1.295032 -1.271883 -0.130518 0.905100 12.825970 0.272549 -0.450450 3.986574 2.723879 0.688508 0.010636 -0.225438 -0.233728 -1.445230 -0.837111 0.353823 
341.312225 -30.069494 8.254866 -4.148520 1.532914 5.480104 3.545692 0.647360 -0.810859 -0.333603 -1.286445 -0.669568 1.275723 14.941675 0.503333 -1.634817 4.478729 3.100152 1.093459 0.216237 -0.396001 -0.904725 -2.200905 -0.671580 0.593123 -2.595954 -0.782767 2.062151 0.439585 -0.987403 -1.305226 -0.187066 0.661469 0.507195 0.608074 0.251686 -0.662919 
126.095184 -23.071332 9.466115 -4.905473 2.966263 5.220969 3.436559 0.821404 -0.888401 -0.511471 -2.408968 -0.295848 1.341354 0.869544 -0.258343 0.024830 0.666864 0.083870 -0.945830 -0.173517 0.415149 -0.280643 -0.055734 0.372855 -0.420738 -10.239958 -0.569690 1.226941 -2.030288 -1.069092 -1.194996 -0.637894 0.490351 0.249719 1.573224 0.568818 -0.741382 
123.754501 -28.330407 7.738179 -4.098860 2.866642 5.647845 1.654033 0.300327 0.019440 -0.894888 -1.397913 0.076142 0.434248 -5.538240 -0.636047 0.819066 0.418152 0.961969 -1.296533 -1.059552 0.584700 -0.405287 0.945543 0.466057 -0.889642 -0.452686 0.638101 0.720503 -0.602669 -0.240900 0.377414 0.182724 0.026661 0.152063 0.067592 -0.342200 0.026046 
126.313583 -34.147812 8.194022 -3.267342 3.802568 7.144907 0.843494 -1.297699 0.281000 -1.322045 -0.517882 0.636267 -0.437930 -0.035829 1.017859 1.465836 -0.538475 -0.397929 -0.191001 0.191931 0.468472 0.023483 0.079450 -0.311545 -0.368645 4.249086 0.945212 0.755841 -0.714841 -1.262921 0.595884 0.956431 -0.164083 0.837081 -0.600799 -0.759032 0.340039 
125.643829 -28.402066 9.773898 -1.167187 1.789691 4.851986 1.272030 0.684190 0.956384 -0.847923 -1.239012 -0.546948 -0.303042 2.959932 1.254377 2.330748 -1.011529 -1.563874 -0.104764 0.853310 0.256534 1.268875 -0.256054 -1.052006 -0.209565 0.064767 -0.397357 0.143080 0.439506 -0.240811 -0.096276 -0.237540 -0.330854 0.512529 0.103539 0.182826 0.236240 
122.114647 -28.227947 10.702776 1.394154 1.779509 4.017159 0.633965 0.408921 0.794067 1.215705 -1.029990 -1.467746 -0.857059 0.093704 0.223144 1.751996 0.340537 -0.879551 -0.383553 -0.283149 -0.193237 1.048540 0.286527 0.054107 0.103834 -2.733993 -1.022486 -0.157331 1.243713 0.566031 -0.011662 -0.799992 -0.517388 -0.695388 0.421259 0.807261 0.376574 
0.000000 -28.214658 10.220186 2.336805 2.470766 3.092883 0.504923 0.117892 0.569911 1.249157 -0.665957 -0.438735 -0.095374 -2.508053 -0.790594 2.016086 1.475898 -0.431812 -0.128088 -0.746674 -0.778243 -0.121901 0.586464 0.562515 0.543583 -1.646363 -0.652879 0.310165 0.558673 0.460790 0.152001 -0.181621 -0.259148 -0.788275 0.061137 0.104611 0.099089 
0.000000 -33.244054 9.121589 5.426326 4.731304 3.153535 0.377789 -1.084427 -0.762419 0.971902 0.142937 -0.342716 0.230106 -3.199023 -1.082613 2.372326 1.457883 0.042028 -0.079551 -0.646392 -0.711533 -0.528010 0.408802 0.263329 0.302012 0.747412 0.492271 -0.280646 -0.809199 -0.344409 -0.112688 0.550733 0.492763 -0.082790 -0.238985 -0.173436 -0.418691 
109.947121 -34.612705 8.054960 7.081457 5.386532 3.176940 0.345821 -1.174891 -0.853156 0.193138 0.151648 0.087922 0.508651 -1.013229 0.193949 1.454794 -0.142500 -1.120630 -0.353465 0.354791 0.207282 -0.287482 0.108494 0.215643 -0.293800 2.875092 1.309334 -1.905795 -1.798039 -0.099575 0.355638 0.597186 0.644295 0.436246 -0.719667 -0.663884 -0.434526 
107.360802 -35.270511 9.509487 8.335914 4.446304 0.912274 -0.329141 -0.374845 -0.347854 0.396938 0.359926 0.088570 -0.357494 2.551161 1.536055 -1.439263 -2.138194 -0.157122 0.631725 0.547981 0.577056 0.344482 -1.030531 -1.064440 -0.567040 2.642072 0.272843 -2.580070 -0.945573 1.554770 1.068438 -0.131818 -0.313708 0.005645 -0.531764 -0.492542 0.111576 
105.346184 -29.510383 11.127069 4.202930 1.110144 2.862695 1.609270 -0.078929 0.300956 0.882101 -1.909415 -2.040958 -0.625429 4.270915 0.739635 -3.705346 -2.033646 1.988910 1.783412 0.091156 -0.420134 -0.276193 -0.955033 -0.769441 -0.070649 -0.891164 -0.766394 -0.106466 0.967920 0.616199 -0.000412 -0.051017 -0.820158 -0.588581 0.743663 0.790687 0.385874 
0.000000 -26.728682 10.988756 0.925221 0.379011 4.890095 3.237683 -0.192533 -1.188122 -0.155448 -1.550141 -1.450312 -0.498792 0.768833 0.003266 -1.652196 -0.202354 1.075275 0.630901 0.445946 -1.063260 -0.832680 0.456795 0.516933 0.204708 -2.446466 -0.333606 1.846003 1.098430 -0.963668 -0.983359 0.205796 0.050706 -0.018856 0.616096 0.495526 0.106019 
0.000000 -27.972718 11.133601 0.898539 0.705436 5.013246 2.871072 0.812962 -1.825564 -0.783259 -0.995825 -1.007091 -0.216014 -0.622018 0.072422 -0.013341 0.163213 0.061575 -0.183305 0.502747 -0.318721 -0.313906 0.277158 0.221610 0.141389 -0.695425 0.034578 0.819427 0.182783 -0.506850 -0.407103 0.028401 0.372270 0.259387 -0.089819 -0.147662 -0.031659 
