0.000000 -54.766897 -1.988775 -2.657902 0.992369 1.212426 0.054714 0.608082 0.423475 0.297820 0.215068 -0.050551 -0.217264 0.013846 -0.087617 -0.195904 0.118740 0.212343 -0.208352 -0.450540 -0.087230 -0.384919 -0.098752 0.162965 0.023195 2.135187 1.928369 0.049309 -0.533034 -0.173040 0.137812 0.358534 0.309743 0.139158 -0.193022 -0.087528 -0.036955 
92.024002 -54.739206 -2.164009 -3.049709 1.229849 1.637113 -0.361990 -0.292999 0.249015 -0.472018 0.017565 0.275380 -0.170875 4.284221 3.769121 -0.097286 -0.947328 -0.133737 0.067273 0.266527 0.532256 -0.106602 -0.484796 -0.012091 -0.050715 6.113974 3.466140 -0.751062 -0.989163 0.077637 -0.058348 0.408855 0.588003 0.253831 -0.126911 0.047724 0.085808 
0.000000 -46.198456 5.549467 -2.852474 -0.902287 0.944952 0.189259 1.141135 1.487986 0.084615 -0.754523 -0.074733 -0.318694 12.241794 6.844662 -1.698028 -1.859586 0.367618 -0.325048 0.367170 1.088777 0.122742 -0.352573 0.258414 0.194811 3.175962 -0.251697 -1.118092 0.232827 0.402027 -0.466945 -0.405488 -0.253322 -0.228560 0.257409 0.177133 -0.018485 
225.800095 -30.255618 11.525315 -6.445765 -2.489324 2.372350 -1.012087 0.441341 2.426570 -0.226533 -0.687581 0.792208 0.218747 10.636144 3.265726 -2.333470 -0.481674 0.670316 -0.866618 -0.544450 0.025611 -0.563722 0.030023 0.342176 -0.087686 -4.334022 -2.966328 0.539620 0.822763 -0.345120 -0.279716 -0.318184 -0.582524 -0.243681 -0.027303 -0.243060 -0.246650 
235.882553 -24.926168 12.080919 -7.519414 -1.865636 2.285583 -1.543977 0.052236 1.539207 -1.042829 -0.694478 0.609620 -0.494065 3.573750 0.912006 -0.618788 -0.214061 -0.322621 -0.884480 -0.269199 -0.076270 -0.364619 -0.407179 -0.227705 -0.298489 -4.892416 -1.454989 1.616771 0.136152 -0.641510 0.199885 0.354395 0.164348 0.519419 -0.120100 -0.417816 0.109711 
247.959015 -23.108118 13.349327 -7.683341 -2.917446 1.727108 -2.781047 -0.097056 2.274030 -0.955771 -1.501939 0.336797 -0.378232 0.851312 0.355748 0.900071 -0.209370 -0.612703 -0.466848 0.164340 0.354307 0.475115 -0.210178 -0.493456 0.131736 -3.117483 -0.659780 1.651499 1.161680 0.020381 0.639659 0.101521 -0.451476 0.498919 0.611304 -0.127284 0.357198 
255.199951 -23.223543 12.792416 -5.719271 -2.284376 1.060176 -2.477673 0.380916 2.247821 -0.092598 -1.114833 -0.377292 -0.230592 -2.661216 -0.407553 2.684210 2.109300 -0.281858 0.394837 -0.066157 -0.979222 0.633218 0.815429 -0.482272 0.415906 -2.388941 -0.595456 0.508429 1.557841 0.680582 0.426228 -0.237834 -0.783912 0.019485 0.471824 -0.069819 0.044969 
246.853088 -28.430551 12.534221 -2.314922 1.301155 1.163391 -1.991373 -0.229370 0.315585 0.310665 0.128919 -0.627747 0.453580 -3.926571 -0.835163 1.916929 2.906313 0.748461 0.385608 -0.311327 -1.213518 0.514086 0.733470 -0.633094 0.221675 1.962229 0.291545 -1.658228 -1.264980 0.272231 -0.205972 0.098690 0.632201 -0.235179 -0.379911 0.315943 -0.460095 
220.853195 -31.076685 11.122089 -1.885414 3.528250 2.557099 -1.706457 -0.241739 -0.179215 0.935573 0.352107 -1.643481 0.212757 1.263242 0.175536 -0.632245 -0.420660 0.262604 -0.017107 0.131223 0.285181 0.162861 0.055606 0.149614 -0.504284 2.541353 0.558511 -2.227850 -3.358818 -0.434012 0.524972 0.488093 1.118744 -0.303419 -0.590299 0.470699 -0.188410 
184.076569 -25.904066 12.885294 -3.579412 0.459836 1.688599 -2.025586 0.033076 0.885946 0.636387 0.240131 -0.328519 -0.554987 1.156136 0.281859 -2.538770 -3.811323 -0.119562 1.435553 0.664858 1.023970 -0.092752 -0.447128 0.308303 -0.155146 -3.107266 -2.592950 -0.858484 0.033909 0.116881 0.419419 0.080001 0.021372 -0.522858 -0.073105 -0.174130 0.435467 
174.508392 -28.764413 11.685807 -6.962955 -4.094395 2.317976 1.164648 1.087977 1.868724 0.750069 -0.542150 -1.026875 -0.097535 -4.951291 -5.010364 -2.349214 -0.352842 0.496366 0.821730 0.291225 0.327925 -0.882855 -0.090603 -0.198646 0.366651 0.686587 -3.705699 1.046197 3.093545 0.089288 -1.207749 -0.478156 -0.469612 -0.280425 0.481265 -0.114487 0.106108 
0.000000 -35.806648 2.864567 -8.277840 -0.245849 2.681331 -0.382125 0.615526 1.541795 -1.129323 0.058925 -0.725812 0.178315 2.529310 -7.129540 -0.446377 2.375768 0.059013 -0.979946 -0.291454 0.084746 -0.653602 0.515402 0.079330 0.057069 4.569693 0.692395 1.412269 1.021491 0.027892 -0.458685 0.100950 0.077823 0.700369 0.291018 0.403742 0.129194 
0.000000 -23.705794 -2.573272 -7.855709 0.657141 2.436002 -0.795243 0.505069 2.038217 -0.557135 0.488654 -0.868216 0.016603 4.188095 -3.625574 0.475324 1.690139 0.552149 -0.095640 0.493125 0.483571 0.517883 0.491434 0.608839 0.625039 -2.019610 4.418521 0.146513 -0.629323 0.604339 0.625874 0.324165 0.130514 0.403571 -0.133913 0.440814 0.229379 
0.000000 -27.430457 -4.386582 -7.327193 3.134429 3.785629 -0.573406 1.601776 2.508937 -0.093557 1.041792 0.491865 1.428394 -1.509911 1.707502 -0.153351 1.117123 1.267692 0.271803 0.356877 0.345774 0.153540 0.247575 0.960957 0.515827 -0.764720 3.745104 -0.824496 -0.863246 0.017603 0.299958 -0.386540 -0.237783 -0.385354 -0.403401 -0.165217 -0.498518 
183.047760 -26.725616 0.841731 -8.162410 2.891387 4.971386 -0.251637 1.218823 2.729765 -0.250056 0.983805 1.053699 1.048257 2.658656 3.864634 -1.173669 -0.036353 0.587355 0.504276 -0.279956 0.008004 -0.252826 -0.315369 0.278405 -0.371996 2.796709 0.280273 -0.212168 -0.660192 -0.926317 -0.172287 -0.274784 -0.473492 -0.316057 -0.219798 -0.706919 -0.416259 
0.000000 -22.113146 3.342685 -9.674531 3.061722 4.960339 0.435145 1.041864 2.524945 -0.599209 0.411053 1.048675 0.684401 4.083507 2.268047 -0.577686 -0.203261 -0.584942 -0.072770 -0.192690 -0.601211 -0.478574 -0.192020 -0.452881 -0.316692 -1.411737 -0.750637 0.911823 -0.958261 -0.940396 -0.431529 0.020167 -0.362451 0.062262 0.029722 -0.420424 0.145714 
223.683807 -18.558603 5.377825 -9.317783 2.484865 3.801502 -0.397177 0.833442 1.527343 -1.207203 0.599765 0.147937 0.414874 -0.164818 2.363359 0.649978 -1.952875 -1.293437 -0.358783 -0.239622 -0.716898 -0.128303 -0.255926 -0.562444 -0.080568 -5.332323 -0.442518 1.209110 -0.315530 -0.385463 -0.360770 0.078140 0.298848 0.444144 0.081839 0.108381 0.105570 
228.821823 -22.442783 8.069404 -8.374575 -0.844027 2.373465 -0.282420 0.562621 1.091149 -0.855814 -0.100798 -0.076212 0.523265 -6.581139 1.383010 1.840533 -0.834320 -1.355867 -0.794310 -0.036410 -0.003515 0.409715 -0.028343 -0.236119 -0.105551 0.074959 -0.778539 0.833283 1.314226 0.007357 -0.768958 -0.180101 0.746288 -0.018951 0.086560 -0.047897 0.238430 
228.784958 -31.720881 8.143846 -5.636716 0.816226 1.089767 -1.985797 0.760623 1.520312 -0.387773 0.543080 -0.324302 0.203772 -0.014901 0.806282 2.316545 0.675577 -1.278722 -1.896699 -0.599824 0.775677 -0.166204 -0.082807 -0.658237 0.396292 6.583296 -0.869255 -0.720070 0.248677 -0.035707 -0.567289 -0.286243 0.320977 -0.473850 -0.283275 -0.071449 0.337291 
244.605164 -22.472585 9.681967 -3.741486 0.507128 -0.183980 -4.075819 -0.637027 2.642503 -1.188223 -0.266412 -1.392687 1.315849 6.585452 -0.355499 0.400393 -0.336965 -1.427281 -1.928889 -0.608895 0.638439 -0.537985 -0.594892 -0.379017 0.569032 0.889682 -1.265480 -1.303422 -0.334798 0.037967 0.499087 0.238528 -0.084373 0.074267 0.028709 0.571719 -0.309629 
247.818192 -18.549976 7.432848 -4.835929 0.142296 -1.764796 -5.843576 -0.457168 2.797191 -1.463744 -0.646704 -1.082336 1.341836 1.764462 -1.724679 -0.290300 0.005981 -1.202788 -0.898526 -0.122767 0.606931 -0.017669 -0.025389 0.485200 -0.222966 -3.555197 -0.021725 -0.043331 0.362324 0.471136 0.808366 0.039601 -0.062052 0.268215 0.429240 0.524243 -0.389799 
246.113983 -18.943660 6.232609 -4.322086 0.519089 -2.589556 -5.872872 -0.882561 3.856364 -1.223561 -0.317191 -0.422286 0.869918 -0.524943 -0.398949 0.313732 0.387683 -0.485010 -0.312156 -0.529694 0.514335 -0.001555 0.263588 0.669469 -0.210567 -0.709463 0.780226 0.053999 0.336455 0.422492 0.227693 -0.228552 -0.504532 0.005240 0.045066 -0.239546 0.126816 
240.027832 -19.599861 6.634950 -4.208465 0.917662 -2.734815 -6.467888 -1.516556 3.825861 -1.466854 -0.119528 0.256603 0.920702 0.345536 -0.164226 -0.182302 0.678891 -0.357804 -0.443139 -0.579872 -0.402134 -0.007190 0.064743 0.006109 0.030666 0.706380 -0.044582 -0.263564 -0.347043 0.694557 0.420147 0.325600 -0.396046 0.032929 -0.253169 -0.802195 -0.032192 
0.000000 -18.252588 5.904157 -4.686690 1.876872 -3.305164 -6.759151 -2.042304 3.052097 -1.237941 -0.187705 -0.410068 0.931250 0.887817 -0.488113 -0.213396 -0.306403 0.904105 0.528137 0.121507 -0.277757 0.064302 -0.242750 -0.934920 -0.274951 -0.172628 0.586544 -0.365827 -0.952472 1.184574 1.365926 0.870235 0.005321 0.043052 0.029046 -0.393871 -0.180726 
0.000000 -17.824226 5.658725 -4.635258 0.304856 -0.926605 -5.411615 -1.273543 3.270347 -1.338249 -0.605029 -1.613237 0.370801 0.000280 1.008861 -0.913955 -1.226053 2.011344 2.288713 1.160599 -0.391493 0.078914 0.122836 -0.781632 -0.330786 -3.359228 0.953234 -0.747512 -0.187340 0.190936 1.274489 0.707549 -0.193784 -0.014039 0.110672 0.815671 -0.030688 
192.362366 -18.252028 7.921879 -6.514600 -0.575234 0.717524 -2.181725 0.278894 2.269111 -1.080114 0.057966 -1.973333 0.269679 -5.830639 1.418354 -1.708420 -0.681083 1.285976 3.077114 1.536604 -0.665324 0.036224 -0.021406 0.696422 -0.336326 -4.100361 -2.339426 0.117041 1.362053 -0.726635 -0.179564 0.056592 -0.181635 0.071654 0.027413 0.943850 0.041471 
191.970322 -29.485505 8.495433 -8.052097 -1.057311 1.645347 0.742613 1.799665 1.939699 -1.265801 -0.647841 -0.220393 -0.301851 -8.200441 -3.669991 -0.679872 1.498053 0.558074 1.929584 1.273784 -0.754763 0.222223 0.177663 1.106068 -0.247844 3.408623 -1.229589 1.311103 0.489732 -0.666585 -1.130871 -0.602692 -0.107915 0.104798 0.262677 -0.298326 0.373418 
170.213043 -34.652910 0.581897 -7.874344 2.420871 1.833672 1.677444 2.826461 0.759586 -0.635668 0.413292 0.238802 -0.226009 0.986606 -1.040824 0.913787 0.298380 -0.047194 0.815371 0.331219 -0.881155 0.245821 0.503949 0.099770 0.410509 4.623107 4.295587 0.980215 -2.017901 -0.546200 -1.152777 -0.730334 0.473206 -0.000897 -0.251057 -0.619513 0.131886 
213.843277 -27.512292 6.413785 -6.224524 -0.460550 1.550959 2.373355 2.462104 0.177389 -0.774160 0.360056 -0.020852 0.519168 1.045772 4.921182 1.280557 -2.537750 -0.534327 -0.375970 -0.186885 0.191650 0.220429 -0.324451 -0.132958 0.015928 -1.546962 2.528459 -0.007084 -1.034755 -0.045761 -1.021909 -0.590045 0.827219 0.064968 -0.312592 0.149728 -0.556298 
217.717361 -32.561366 10.424261 -5.313229 -2.654628 0.765018 0.925505 2.452691 1.142886 -0.194811 -0.235610 -0.027114 -0.194154 -2.107317 4.016093 0.899618 -1.771129 -0.138717 -1.228446 -0.848870 0.773283 0.375756 -0.121235 0.399226 -0.702086 1.294011 -1.633478 -1.082252 1.067998 0.947199 -0.574319 -0.343207 -0.027778 -0.521141 0.279578 0.137497 -0.181855 
224.210876 -31.726927 14.445972 -4.425288 -4.002809 1.273525 -0.083537 0.764364 1.723956 -0.022647 0.117585 0.777599 -0.885005 3.633794 1.654226 -0.883946 -0.401754 1.360071 -1.524608 -0.873299 0.136095 -0.821853 0.234705 0.142036 -0.347783 3.268016 -2.389255 -1.344797 1.219622 0.527678 -0.076475 0.271949 -0.254008 -0.707350 -0.066720 -0.467605 0.483961 
239.049591 -25.293778 13.732713 -7.081121 -3.458135 3.485161 -2.123710 0.706093 1.415076 -1.838517 0.233800 0.256957 -0.889719 4.428715 -0.762416 -1.789977 0.668114 0.916639 -1.381396 -0.304972 0.265267 -1.038943 -0.254675 -0.535985 0.265837 -1.379700 -1.046347 0.242100 0.977161 -1.209217 0.348783 0.245660 0.157117 1.029160 -0.068541 -0.191274 0.144096 
241.140396 -22.869496 12.921139 -8.005243 -2.666581 3.106803 -2.846329 0.154419 2.254491 -2.100534 -0.391765 -0.294370 -0.353332 0.874394 -0.438468 -0.399747 1.552569 -1.058364 -0.827041 -0.381979 0.450328 1.236466 0.097623 -0.240513 -0.059590 -3.882537 -0.235286 1.757415 1.316361 -1.067879 0.510240 0.011680 -0.383027 1.492856 0.310660 0.045498 -0.361103 
234.920364 -23.544991 12.855777 -7.880615 -0.352998 1.368434 -3.777793 -0.057865 2.315733 0.634415 0.429046 -0.224068 -1.008899 -3.336358 -1.232988 1.724853 3.300836 -1.219119 -0.360917 -0.281613 -0.500786 1.946770 0.366646 -0.444989 -0.456370 -2.247964 -0.225430 1.261699 0.205416 0.670828 0.409273 -0.054997 -0.624194 -0.492653 -0.056702 0.241709 0.297638 
225.346161 -29.542212 10.455162 -4.555537 3.935090 0.668566 -3.568163 -0.408807 1.252919 1.793005 0.341526 -1.184348 -1.266072 -3.621534 -0.889327 2.123651 1.963402 0.283293 -0.008496 -0.491974 -0.798060 0.251160 -0.015781 0.242906 0.535686 -0.382100 0.545988 -0.909366 -3.158671 0.549813 0.708505 0.556576 0.732816 -1.013122 -0.664478 0.323621 0.668281 
186.597672 -30.788060 11.077123 -3.633313 3.573805 1.935021 -3.794784 -1.041812 0.719613 1.136736 0.397484 0.261743 0.062473 -4.100558 -0.141012 -0.093879 -3.016507 -0.119493 1.056094 0.831538 0.964845 -0.079474 -0.962310 0.202253 0.880191 -0.186752 -3.470845 -2.220236 -1.496696 0.160221 0.809373 0.737101 0.814496 -0.476280 0.156820 -0.406328 -0.255053 
173.987030 -37.743327 10.173138 -4.743295 -2.097924 0.429581 -1.455976 1.254269 3.182610 1.634057 -1.583094 -0.779843 0.494309 -3.995039 -7.831017 -2.316821 -1.029991 0.603736 1.610251 0.982229 0.830931 -0.701399 0.297859 -0.569750 0.025580 3.453973 -3.967219 -0.536527 3.044707 1.563123 0.207736 -0.484727 -0.752156 -0.343366 1.159761 0.148582 -0.378039 
161.373047 -38.778138 -4.584910 -8.266956 1.513824 3.142492 -0.574282 0.922646 2.381476 -0.266062 0.993203 -0.877756 0.113633 2.807388 -8.075449 -1.166933 3.072906 3.006754 1.471565 -0.137916 -0.539467 -0.766206 1.357211 0.499416 0.124113 3.672969 4.719944 1.638637 1.163978 0.852106 0.190511 -0.425076 -0.557219 0.458194 -0.015725 0.584149 0.198626 
0.000000 -32.128551 -5.977761 -7.077162 4.047888 6.443089 1.487154 0.978437 2.103677 0.101646 1.131328 0.218990 0.742536 3.350899 1.608871 0.960453 1.297965 2.307949 1.991274 0.132078 -0.283507 0.214989 0.266409 0.598549 0.422831 -1.305472 5.678689 0.035954 -1.654798 -1.211032 -0.333235 0.188003 0.064494 0.350242 -0.707469 -0.087656 0.281806 
379.593781 -32.076340 -1.367167 -6.346049 4.109755 7.758390 3.408265 1.186801 1.814462 0.163916 1.526020 0.319343 0.959295 0.196444 3.281928 -1.095025 -0.236690 0.584690 0.805096 0.238090 -0.410478 -0.065721 -0.057726 0.324104 0.687725 -0.595913 1.350534 -1.892851 -0.936262 -1.711530 -1.514317 0.264375 -0.181060 -0.134800 -0.675687 -0.318168 -0.404071 
199.931854 -31.735664 0.586095 -9.267212 3.574507 7.612470 3.097346 1.454617 1.282720 -0.029796 1.015875 0.867198 2.117986 2.159072 4.309939 -2.825248 -0.574558 -1.115111 -1.037361 0.660827 -0.645627 -0.054610 -1.084964 -0.037787 -0.385310 0.576440 0.738503 0.369169 -0.906788 -1.356893 -1.432820 -0.100440 0.361239 0.157987 -0.406579 -0.350388 -0.704699 
210.561356 -27.758196 7.252712 -11.996545 2.960639 5.528168 1.333543 2.508456 0.523207 0.054695 -0.643908 0.243769 0.188675 1.349323 4.758933 -0.356687 -2.050266 -2.129097 -2.060543 0.037209 0.312000 0.250253 -0.870884 -0.376673 -0.721672 -3.252515 -0.872906 3.773015 -0.333995 -0.596986 -0.540251 -0.956877 0.585343 0.229339 0.768481 -0.089561 0.124733 
226.708969 -29.037019 10.103961 -9.980586 -0.526024 3.354277 -1.023740 1.529036 1.906720 0.470709 -0.725893 0.113852 0.674641 -4.345957 2.564127 4.720783 -1.242548 -2.309083 -2.117863 -1.252926 0.525058 0.404068 0.451997 -0.216908 -0.135845 -0.909398 -1.823890 2.270686 1.599189 0.374532 -0.095064 -0.847976 0.175807 -0.033767 0.316511 0.124958 0.320202 
225.404022 -36.450111 12.380966 -2.554979 0.475544 0.910003 -2.902183 0.002603 1.573324 0.862831 0.260085 -0.190047 -0.083014 -0.469473 1.111154 4.184685 1.148113 -1.380033 -2.250671 -1.658743 0.663614 0.182719 -0.237861 -0.126757 -0.081268 5.170141 -2.097883 -2.229097 0.611127 0.650308 0.124699 -0.018344 0.260007 -0.503963 -0.398274 -0.045605 0.170608 
234.965515 -29.975966 12.326268 -1.611215 1.770202 0.594210 -5.525082 -1.788451 3.233948 0.836147 -1.201616 -0.139662 0.512104 5.994325 -1.631640 0.262590 -0.020294 -1.008466 -1.868465 -1.289615 1.045071 -0.603858 -0.344551 -0.308118 0.205371 1.143437 -1.645216 -2.016205 -0.453305 0.499157 0.997026 0.766421 -0.189861 -0.582614 0.246220 -0.179227 -0.128749 
227.761200 -24.461462 9.117686 -2.029800 0.434957 -1.106930 -6.639114 -2.576627 3.663467 -0.344885 -0.429017 -0.806283 0.327729 1.817400 -2.179277 0.152275 0.241503 -0.381719 -0.256619 -0.125900 0.283892 -0.982508 0.254578 -0.485212 -0.338767 -4.431270 0.653776 0.304499 0.583410 0.686884 1.479628 0.617232 -0.859254 0.245145 0.215319 0.246536 -0.206666 
214.472809 -26.341167 7.967713 -1.306665 2.253207 -0.169227 -6.038319 -2.040252 3.801732 -1.128869 -0.692459 -1.110085 -0.165430 -2.868216 -0.324088 0.871587 1.146527 0.365302 1.090790 -0.055150 -0.673437 -0.113568 0.086087 0.184954 -0.207960 -3.741393 1.060459 0.893522 0.407966 0.160155 0.702491 -0.128343 -0.830132 0.748452 0.157864 0.356154 0.029366 
0.000000 -30.197893 8.469510 -0.286626 2.728010 -0.376326 -4.457534 -2.686927 2.316594 -0.572022 -0.256843 -0.436376 -0.088192 -5.665387 -0.058359 1.939319 1.057435 -0.061410 1.148363 -0.382586 -1.376372 0.514395 0.570307 0.227097 -0.280036 -2.303164 0.531214 1.324641 -0.239271 0.314965 -0.080057 0.190674 -0.296633 0.267697 0.230063 -0.225430 0.038809 
295.507050 -37.671941 7.850996 2.571973 4.368078 -0.292047 -3.741594 -2.805424 1.048987 -0.100079 0.448155 -0.655890 -0.725502 -7.474544 0.738340 3.520868 0.667985 0.995232 0.930676 0.326198 -1.266702 0.421825 0.546213 -0.265906 -0.130343 0.846106 0.080750 0.716918 -0.789307 0.310238 0.058570 0.460887 0.173824 -0.290359 -0.282997 0.006666 0.458218 
127.562363 -45.146981 9.946190 6.755111 4.063979 1.614138 -2.596182 -2.034532 -0.216810 0.271628 0.835583 -0.968189 -0.348878 -3.973174 0.103142 3.373155 -0.521179 0.559067 1.265502 0.539187 -1.028724 -0.066322 0.004313 0.240430 0.636400 1.606265 -0.755770 -0.763491 -1.326951 -1.128286 -0.512507 -0.308302 0.368831 -0.414461 -0.271448 0.444472 0.387404 
0.000000 -45.618290 8.057280 9.318282 3.325720 0.826087 -1.210590 -1.727050 -1.008460 -0.232723 0.456780 -0.175030 0.547298 -4.262015 -0.773201 1.993886 -1.985918 -1.261340 -0.094338 -0.290407 -0.529040 -0.407098 0.003317 0.623038 0.644464 3.075963 -2.511679 -5.185392 -0.780257 -0.786414 -0.190488 0.361847 1.090923 -0.128977 -0.663016 0.112824 -0.193405 
144.643158 -53.671010 8.399788 10.742883 0.092144 -0.908542 -2.784859 -2.615347 -1.274890 -0.542567 0.842217 0.277887 0.940050 2.178752 -4.920215 -6.997630 -2.081692 -1.013760 0.884526 1.262881 1.153123 -0.324275 -1.321720 0.466078 0.249590 8.061429 -1.972308 -5.665602 0.583043 0.423069 0.651882 0.914871 1.071201 -0.150771 -0.636219 -0.123259 -0.272587 
154.137054 -41.260785 -1.783151 -4.676978 -0.837665 -1.201434 0.558462 0.798711 1.297785 -0.881274 -2.186659 0.757126 1.046477 11.860843 -4.717817 -9.337317 -0.819832 -0.415203 1.209427 1.539335 1.613362 -0.708639 -1.269121 0.376519 0.099291 3.243636 3.921146 2.896743 0.835945 0.576457 -1.190263 -1.088703 -0.564930 0.003965 0.893410 -0.427673 -0.048467 
0.000000 -29.949324 -1.035845 -7.931752 -1.547520 -1.738948 -0.366005 0.463323 1.951835 -1.959845 -1.696026 1.030925 1.138632 8.666024 2.922077 -1.204145 -0.409803 0.139154 -1.496000 -0.914525 0.023263 -0.316345 0.465100 -0.389268 0.152656 -4.248219 4.525212 4.907732 0.294700 0.737968 -1.240444 -1.192454 -0.991456 0.549354 0.870362 -0.606939 -0.158442 
0.000000 -23.928736 4.061004 -7.085268 -1.657271 -0.923125 -2.433537 -1.030339 1.344310 -1.513964 -1.256460 -0.021411 1.351789 3.364405 4.332608 0.478147 -0.230431 1.060734 -1.271462 -0.845574 -0.369550 0.390070 0.471602 -0.837359 -0.217592 -5.181863 -0.878901 0.078021 0.426405 1.107361 1.031038 0.664770 0.192747 0.810765 0.082201 0.200125 -0.427520 
226.555481 -23.220514 7.629371 -6.975458 -2.008383 0.382521 -2.908929 -1.227824 1.212734 -1.179706 -0.752821 -0.643792 0.703448 -1.697702 1.164274 -1.048103 0.443007 2.353876 0.566077 0.415015 0.408757 1.305184 0.629502 0.010983 -0.702385 -1.977847 -2.422570 -0.670886 0.693398 0.293822 1.111586 0.798867 0.259802 -0.233778 -0.127507 0.603839 -0.173661 
229.314178 -27.324139 6.389552 -9.181474 -0.771256 3.784627 -1.301384 -0.200309 2.161825 1.096403 0.002543 0.000554 -0.052980 -0.591288 -0.512532 -0.863626 1.156365 1.648378 0.951710 0.752161 0.150053 -0.077485 0.216589 0.370319 -0.564914 2.586533 -1.190782 0.449959 0.571511 -1.075154 -0.549154 -0.081989 -0.873565 -1.269365 -0.449176 0.107685 0.400241 
231.757690 -24.403091 6.604307 -8.702709 0.304348 3.679277 -1.005510 0.276498 1.512840 -1.334676 -0.319643 0.096847 -0.426380 3.475364 -1.217289 -0.148186 1.586030 0.203567 -0.532231 0.251037 -1.338373 -1.233546 -0.268850 0.226352 0.098097 1.481436 -0.925049 0.328650 0.013204 -0.670967 -0.846603 -0.623614 -0.549591 0.244606 -0.032980 -0.037934 0.310655 
239.990402 -20.373412 3.954975 -9.477846 2.400805 4.191762 -2.365845 0.301764 -0.514920 -1.370688 -0.535158 0.453258 0.143214 2.371584 -2.362629 -0.206325 1.182774 0.306444 -0.741495 -0.495068 -0.949130 0.411727 0.150629 0.294451 0.056396 -1.557169 0.140267 0.021165 -0.688410 -0.102748 0.463051 -0.456517 0.727453 0.805758 0.427702 -0.128536 -0.027198 
246.259171 -19.659923 1.879048 -9.115359 2.669895 4.292166 -2.488501 -0.713637 -0.385419 -0.511222 -0.018386 0.685749 -0.313587 0.361026 -0.936755 -0.105855 0.209210 -0.001928 0.393871 -0.661997 0.116533 0.377970 0.586553 -0.030721 0.043702 -1.183651 1.231919 -0.040387 -0.554054 -0.179287 0.598347 0.170386 0.500456 -0.231745 0.088769 -0.220709 0.107853 
248.129761 -19.651359 2.081465 -9.689557 2.819226 4.187906 -1.578104 -1.022229 -0.281855 -0.614749 0.637948 0.391815 0.230617 0.004282 0.101208 -0.287099 0.074665 -0.052130 0.455198 -0.154296 0.051782 -0.051764 0.328167 -0.146967 0.272102 -0.178372 0.518982 -0.090622 -0.067273 -0.025101 0.030664 0.253850 -0.032375 -0.214867 -0.129193 -0.058123 0.114200 
