112.490662 -15.372438 1.704785 -4.193329 2.460739 -0.376986 -3.503119 4.850040 -0.840494 0.761151 -0.712745 -2.992888 1.977708 -0.347245 0.203952 -0.682772 -0.538892 0.698634 0.220520 0.022565 -0.566135 -0.677283 0.252642 0.107201 0.221002 -0.517531 0.187182 -0.506363 0.162314 0.074997 0.660656 -0.400153 -0.154326 0.007971 0.009993 0.195585 -0.126635 
111.248383 -16.066929 2.112688 -5.558874 1.382955 1.020282 -3.062079 4.895171 -1.972763 -0.593414 -0.207461 -2.778486 2.419712 -1.382307 0.578315 -1.695498 -0.214264 0.848629 1.541831 -0.777740 -0.874787 -0.661341 0.272628 0.498372 -0.032268 -1.194487 0.362710 -0.583586 0.851247 -0.002671 0.916630 -0.553079 -0.051233 0.409173 0.021066 0.279594 -0.234074 
110.397850 -18.137051 2.861414 -7.584325 2.032212 1.320272 -0.419456 3.294560 -2.590068 -0.561531 -0.167488 -1.996144 1.913173 -2.736219 0.929372 -1.849945 1.163603 0.693292 2.053780 -1.083592 -0.668601 0.141064 0.294773 0.666390 -0.247145 -0.926184 0.115484 0.337133 0.792579 0.074236 -0.445469 0.248928 0.227304 0.316668 0.076500 -0.166789 0.118427 
107.678802 -21.539368 3.971431 -9.258764 3.710160 2.406867 1.045481 2.727987 -3.309966 -0.311287 0.382085 -1.445706 1.925422 -3.234675 0.809283 -1.021232 1.370894 0.997101 0.650893 -0.279885 -0.420180 -0.028006 0.425627 0.164795 0.204586 0.416750 -0.175018 0.511942 -0.043147 -0.433455 -0.990053 0.453820 0.273842 -0.123563 -0.134729 -0.383413 0.175088 
106.867737 -24.606401 4.479980 -9.626789 4.773999 3.314473 0.882329 2.734791 -3.430428 -0.617542 0.683767 -1.666555 2.322344 -1.902720 0.579335 -0.826061 1.077309 -0.173618 0.073673 -0.175952 -0.120918 -0.106061 0.025315 -0.100437 0.103031 1.245519 -0.470759 0.443508 -0.819243 -1.227847 -0.310050 -0.042256 0.280221 -0.131011 -0.507745 0.013051 -0.267300 
106.627869 -25.344807 5.130101 -10.910885 5.864778 2.059631 1.192827 2.376082 -3.551802 -0.523410 0.432715 -1.646581 2.131485 -0.743637 -0.132236 -0.134215 -0.267593 -1.458594 0.030793 -0.364396 0.140263 -0.290028 -0.589863 0.190898 -0.330015 -1.028436 -0.380685 0.553714 -1.427231 -0.555899 -0.369903 -0.119021 0.274452 -0.181129 -0.280337 0.284090 -0.035151 
108.812881 -26.093674 4.215509 -9.895220 4.238814 0.397286 0.943916 2.005998 -3.149901 -1.197599 -0.495959 -1.284760 1.662315 -3.959592 -0.182034 0.281367 -1.777154 -1.285415 -0.666134 -0.413994 0.427987 -0.468319 -0.535360 0.467744 0.032730 -3.856241 -0.242916 0.556622 -1.887659 0.498245 -0.324777 0.189579 0.704485 -0.200297 0.370507 0.346006 0.241152 
114.736595 -33.263992 4.766032 -10.348150 2.310471 -0.511200 -0.139441 1.548095 -2.695828 -1.460049 -0.638006 -0.711093 2.196945 -8.456119 -0.618067 0.979028 -4.042911 -0.462104 -0.618760 0.014762 1.549233 -0.690621 0.151152 0.882910 0.152290 -2.423034 -0.849980 0.544030 -1.653710 0.200158 0.372096 0.451375 0.989240 0.008645 -0.137458 0.234048 -0.067267 
0.000000 -43.005911 2.979375 -7.937163 -3.847007 -0.526921 -0.293603 2.035522 -0.051436 -2.578841 -0.193656 0.481060 1.966895 -8.805660 -1.881994 1.369428 -5.084575 -0.885099 0.078059 0.488755 2.406467 -0.451029 -0.810276 0.935841 -0.101804 6.081108 -0.201623 -0.902032 3.333784 -1.187602 0.022295 0.741376 -1.038689 0.629602 -0.618999 -0.905623 -0.078740 
0.000000 -50.875312 1.002045 -7.609293 -7.858679 -2.281398 0.016677 2.525606 2.117107 -2.362107 -2.258558 1.160588 1.993337 3.706097 -1.021313 -0.825036 2.624658 -2.837307 -0.574170 1.497514 -0.528146 0.568583 -1.086846 -0.928337 -0.005190 8.750610 1.274385 -0.870033 5.290816 -0.243411 -0.510847 0.222036 -2.125951 0.330742 0.217434 -1.088360 0.127697 
0.000000 -35.593718 0.936750 -9.587235 1.402308 -6.201536 -1.441942 5.030551 -1.107727 -1.441674 -2.367348 -1.375613 1.956514 8.695559 0.666777 -0.370638 5.497056 -1.371921 -0.943636 0.932828 -1.845435 0.210454 -0.375409 -1.240880 0.153591 -5.423747 0.126609 1.655186 -1.488675 2.024595 0.504587 -0.945601 0.527122 -0.181028 0.597114 0.510196 -0.014977 
115.778450 -33.484194 2.335599 -8.350570 3.135434 -5.025240 -1.870595 4.391261 -1.573763 -1.941199 -3.009375 -1.321172 2.300519 -7.141397 -0.768094 2.485337 -0.352693 1.211883 0.435005 -0.393688 0.526097 0.206527 0.107383 0.092054 -0.035145 -11.710077 -1.778920 2.407597 -3.559467 2.052536 0.998464 -1.434274 1.354039 0.409583 0.853284 0.902391 -0.679092 
237.303192 -49.876513 -0.599438 -4.616561 0.696923 -3.777769 -0.571932 4.243174 -0.055532 -1.028621 -2.152582 -1.191505 1.886225 -14.724596 -2.891064 4.444555 -1.621878 2.733151 1.053291 -1.935720 0.862643 1.029620 1.331159 0.563902 -1.204594 4.873101 0.411373 0.257795 0.172764 0.431010 -0.095075 -0.909482 -0.314866 0.127558 0.480700 0.266372 -0.428831 
234.471283 -62.933385 -3.446529 0.538540 -0.108323 0.441062 0.235988 0.519821 0.151523 0.118042 -0.347058 -0.193369 -0.108669 2.604804 0.054651 3.000927 -0.007165 2.073902 0.244855 -2.212652 -0.103635 0.461643 1.068784 0.624799 -0.892806 9.116530 3.382087 -1.143286 1.593600 -1.275783 -0.927431 0.697050 -0.519400 -0.564465 -0.441723 -0.094425 0.827853 
179.090790 -44.666904 -0.490136 1.385293 0.682592 0.370035 -0.082222 -0.182129 -0.262803 -0.105335 -0.015015 0.058093 0.100613 3.508463 3.873109 2.157983 1.565322 0.181585 -0.801570 -0.541620 -0.176157 -0.099310 0.447713 0.375052 0.451111 -5.680014 -0.340425 -1.666043 0.039020 -0.890641 -0.207271 1.200298 0.210454 -0.316096 -0.571550 -0.291336 0.533343 
0.000000 -55.916459 4.299689 4.854505 3.022321 0.804231 -1.367152 -0.563419 -0.200791 -0.080578 0.548369 0.556735 0.793553 -8.755225 -0.626199 -0.331159 0.070875 0.292619 -0.169686 0.187944 0.317273 -0.170548 -0.074317 0.042128 0.173879 0.023358 -1.519313 -1.304287 -0.795717 -1.125811 -0.285986 0.735561 -0.155229 0.187907 -0.128399 -0.598044 -0.415964 
100.928642 -62.177353 -1.742535 0.722974 0.824342 0.955274 -0.421594 0.193759 0.371744 -0.446432 -0.163649 0.142349 0.448371 3.555178 0.834484 -0.450592 -0.026111 -2.070038 -1.373542 0.929502 -0.486616 0.276504 0.190914 -0.821036 -0.380816 11.793571 1.847040 -0.259069 0.681841 -1.468924 -0.921876 0.400122 -0.634671 0.719058 -0.222908 -0.348468 -0.153476 
0.000000 -48.806102 5.968656 3.953321 2.970098 -3.335845 -4.114236 1.295585 -1.174022 0.472431 0.930197 -1.085338 0.031921 14.831917 3.067880 -0.849296 1.434557 -2.645228 -2.013439 0.988187 -0.952069 1.267568 -0.520134 -0.654808 -0.133073 3.535413 -1.700508 -1.527010 -0.541466 1.275049 1.106966 -0.480094 -0.115291 -0.000333 -0.640740 0.562871 0.302846 
55.297871 -32.513519 4.393225 -0.975618 3.693456 -4.335181 -4.448471 2.170133 -1.532395 2.088705 -1.203916 -1.167267 0.182226 10.626005 -2.566533 -3.504611 -1.109044 0.480060 0.840390 -0.030685 -0.717199 0.275839 -1.090565 0.304705 0.224875 -6.274990 -2.592228 -0.389398 -1.361448 2.603633 1.864771 -0.801550 -0.021540 -1.059915 0.472609 0.587724 0.198259 
110.558037 -27.554093 0.835591 -3.055901 0.752009 -2.375725 -2.433455 1.234214 -2.608420 1.024109 -1.250933 -0.475928 0.481670 2.281937 -2.116576 -1.628091 -1.288339 2.562039 1.716103 -0.614913 -0.995149 -0.852261 0.425085 0.520639 0.263444 -5.735927 0.989333 1.330807 1.009784 1.217752 -0.173798 0.211090 0.176724 -0.288148 0.973042 -0.186432 -0.002036 
117.997040 -27.949644 0.160073 -4.231801 1.116779 0.788896 -1.016265 0.940306 -3.522693 0.384183 -0.353745 -0.125989 0.709114 -0.845849 -0.587868 -0.842997 0.910523 2.915564 0.492794 0.391494 -0.363751 -0.300456 0.855519 -0.068160 0.220803 -3.174393 0.684098 0.948065 0.391730 -0.531559 -0.927432 0.826062 0.851655 0.379926 0.168980 -0.336657 -0.080556 
128.671463 -29.245792 -0.340144 -4.741894 2.573056 3.455403 -1.447868 2.017203 -3.335922 0.423197 0.460106 -0.612248 0.923277 -4.066848 -0.748380 0.268039 -0.504880 1.498921 -0.138760 1.037210 0.708162 -0.092409 0.763045 -0.152674 0.102332 -3.165134 -0.125850 2.070122 -1.558927 -1.848967 -0.019916 -0.174201 0.991991 0.108090 -0.236918 0.244925 -0.516844 
130.656967 -36.083340 -1.336686 -3.695723 0.107019 3.786737 -1.293786 3.014726 -2.106368 0.199365 1.172344 -0.431337 0.913779 -7.176117 -0.839568 3.297248 -2.207331 -0.782371 0.452961 0.043092 1.620230 -0.084276 0.381682 0.421690 -0.812884 4.395711 1.975118 0.148481 0.670825 -2.046579 -0.322074 -0.745790 0.091259 0.416400 -0.475174 -0.395544 -0.360482 
121.981514 -43.598025 -2.019279 1.852602 -1.841607 1.890662 -0.541946 2.103387 -0.095463 0.254644 1.223471 0.231131 -0.702491 4.724575 3.201856 0.565001 0.836770 -2.594238 -0.782909 -0.454369 0.890680 0.740390 -0.187302 -0.943762 -0.618632 8.953649 2.068847 -3.361462 2.154742 -1.066010 -0.861735 0.022008 -1.101477 0.233272 -0.502101 -0.728682 0.446156 
128.680710 -26.634190 5.067026 -2.565721 1.780559 -1.401738 -2.859605 2.105989 -0.325007 1.680145 0.797740 -2.318860 -0.323484 10.731181 3.298127 -3.425676 2.102153 -2.914390 -1.270508 0.087108 -0.582724 0.382268 -0.622519 -1.035675 0.079429 -1.961197 -2.127020 -0.689043 -0.386338 0.307287 0.371245 0.239595 -0.797089 -0.411651 0.011753 0.673490 0.147589 
120.696884 -22.135663 4.576974 -4.998750 2.362699 -3.938118 -3.082963 2.277603 -1.260910 1.019181 -0.021567 -1.840219 -0.543634 0.802181 -1.052183 -0.813084 0.064094 -1.979664 -0.040420 0.024821 -0.703498 -0.082912 -0.163797 0.403218 -0.323453 -7.297364 -2.037390 2.250064 -1.114525 0.764533 0.941459 -0.260623 0.283062 -0.094844 0.526955 0.820500 -0.215650 
113.532593 -25.029828 2.962660 -4.191889 1.908746 -5.361065 -2.940444 2.155632 -1.732002 1.514320 0.470145 -1.512423 -0.970390 -3.863548 -0.776654 1.074452 -0.126896 -1.385325 0.612411 -0.434139 -0.016600 0.192580 0.431392 0.605326 -0.351870 -2.821576 0.548123 1.230097 0.030174 0.335016 0.317229 -0.224113 0.422347 -0.044987 0.273578 -0.050313 0.108675 
104.766586 -29.862759 3.023665 -2.849847 2.108906 -6.708768 -1.858142 1.409325 -1.294111 1.404341 0.841218 -0.629568 -1.247375 -4.840972 0.044062 1.647109 0.124442 -1.309632 0.594037 -0.423404 0.141196 -0.172886 0.383358 0.302592 -0.106103 -0.748348 0.445247 0.276222 0.167244 0.688243 -0.306335 0.237591 0.007536 -0.338284 -0.132556 -0.363755 0.317614 
103.336266 -34.711772 3.050785 -0.897671 2.157631 -7.980329 -1.752369 1.308825 -1.449610 1.168549 1.236861 -0.907239 -1.182597 -5.360245 0.113839 1.626896 0.207593 -0.008839 -0.000259 0.041043 -0.001528 -0.483988 0.166281 -0.122184 0.283357 0.343395 0.140196 -0.387592 0.507608 1.508984 -0.711395 0.394007 0.124162 -0.619133 -0.231001 -0.121786 0.126071 
104.189575 -40.583249 3.251342 0.403945 2.524091 -6.726446 -1.858661 1.491412 -1.297167 0.436364 1.173779 -0.873937 -0.680661 -4.154182 0.324455 0.871925 1.139659 1.708337 -0.828753 0.364611 0.389520 -1.411151 -0.078644 0.059020 0.146038 -0.139228 -0.878483 -0.581978 0.288827 1.858239 -0.206987 -0.363262 0.091547 -0.215799 -0.099162 0.344411 -0.082458 
105.449837 -43.020136 3.699695 0.846180 4.436949 -4.563655 -3.409874 2.038047 -0.670570 -1.653754 1.079573 -0.789200 -0.890521 -5.638701 -1.643128 0.462939 0.785247 3.707639 -0.414233 -0.685481 0.181565 -0.915587 -0.032044 0.566637 0.118442 -2.030770 -2.321704 -0.527995 -1.293475 1.177749 1.500488 -0.673959 0.217683 1.309131 -0.142532 0.326080 0.282684 
102.151405 -51.860651 -0.034913 1.329824 4.094585 0.688832 -2.687127 0.120450 -0.934038 -1.394810 1.109691 0.259338 -0.443778 -8.215722 -4.318952 -0.184065 -1.447292 4.063836 2.172223 -0.983308 0.824887 1.207111 -0.363708 0.711180 0.711406 4.446965 1.877991 0.295134 0.094900 -2.603162 -0.209135 0.439978 -0.068937 0.734615 0.169158 -0.356461 0.022876 
107.038673 -59.451581 -4.938209 0.478050 1.542364 3.564017 0.934571 0.071431 0.979204 0.760468 0.352156 0.633159 0.532290 3.255229 2.112853 1.053207 0.975048 -1.498685 -0.832503 0.194474 0.043690 0.553643 0.306272 -0.146285 0.164193 9.426967 4.615336 0.346214 2.238183 -4.110888 -2.662233 0.932688 -1.069570 -0.606700 0.421602 -0.675246 -0.560006 
108.325768 -45.350193 4.190794 3.436238 6.044680 -2.308537 -4.352133 0.509398 -0.846657 -0.287523 1.722234 -0.033232 -0.115392 10.638211 4.911721 0.508363 3.029073 -4.157941 -3.152244 0.882068 -1.314253 -0.006290 0.479495 -0.639312 -0.408606 0.356527 -1.225402 -0.913816 0.063191 0.004918 -0.028983 0.282592 -0.201964 0.087772 -0.192742 -0.089097 -0.169715 
106.624245 -38.175158 4.885233 1.494776 7.600510 -4.751865 -5.369917 1.835568 -1.649303 0.747888 1.311147 -0.645464 -0.284921 3.968283 -0.337951 -0.774424 1.101430 -1.488848 -0.890470 0.759658 -0.360238 0.729187 -0.079212 -0.324479 -0.175237 -4.981360 -3.116601 -0.078972 -1.160747 2.035082 1.456829 -0.558992 0.584248 0.256824 -0.273947 0.429942 0.473974 
106.401703 -37.413627 3.514893 1.887389 8.247540 -5.286234 -6.133072 2.028714 -1.567132 1.170850 1.563810 -0.682189 -0.465867 0.675491 -1.321482 0.350418 0.707578 -0.087776 -0.238585 -0.235916 -0.145757 0.507359 -0.068398 0.220572 0.539342 -1.546838 -0.915675 1.254633 -0.789727 1.315904 0.564415 -0.769377 0.242807 -0.244766 -0.006240 0.267399 0.626389 
105.434303 -36.824176 2.242270 2.195612 9.015667 -4.927417 -5.847087 1.363735 -1.940816 1.762606 1.174352 -0.204319 0.793764 0.874606 -2.169300 1.734842 -0.478024 1.142960 0.238361 -0.779097 0.125375 0.239654 -0.091692 0.210319 1.077540 -1.310385 -0.674004 1.092002 -1.560716 1.213688 0.707103 -0.297049 0.468125 -0.567574 0.063576 -0.139672 -0.043543 
104.858765 -35.664415 -0.823708 5.357074 7.291491 -3.000314 -5.656350 0.470521 -1.316381 1.650159 1.380426 -0.261552 1.689213 -1.945280 -2.669489 2.534421 -2.413854 2.339599 1.175621 -0.830015 0.790494 -0.627790 0.058755 -0.058771 0.452255 -2.048047 1.528775 -0.486028 -1.418833 0.592246 0.351667 -0.096910 0.875105 -0.457062 -0.148191 -0.133620 -0.849852 
102.796974 -40.714735 -3.096709 7.264455 4.187960 -0.248220 -3.495845 -0.296295 -0.359827 0.507027 1.291861 -0.321861 1.698275 -3.221487 0.888250 0.762787 -3.315690 2.327452 0.941696 -0.972916 1.875585 -0.674470 -0.388074 -0.056921 -0.622164 3.375778 4.100786 -3.842203 0.527294 -1.458599 -0.717676 0.675503 0.317171 0.181213 -0.649544 -0.145637 -0.385573 
194.295380 -42.107389 0.952791 6.882648 0.660112 1.654590 -3.772959 -1.475312 2.434788 0.301220 0.604277 -0.375394 0.444886 4.806276 5.532084 -5.149984 -1.359265 -0.577599 -0.259731 0.520991 1.424836 -0.265364 -1.240333 -0.350045 -0.318890 5.257742 1.178378 -4.273672 2.147667 -2.040933 0.541302 1.175726 -1.916615 0.431207 -0.365735 -0.089798 0.481301 
105.211258 -31.102183 7.967458 -3.035512 1.469429 -1.403417 -4.015308 0.745687 2.489845 -0.023701 -1.188805 -1.021950 1.060494 7.293996 3.245005 -7.784557 0.979645 -1.754414 2.024300 1.378536 -1.957645 0.187944 -1.119543 -0.236518 0.340439 -2.016032 -3.633022 1.106970 1.697065 0.632282 1.612564 -0.177898 -1.850333 0.342375 0.570103 0.418381 0.220103 
105.577637 -27.519397 7.442801 -8.686465 2.619402 -1.854238 0.275640 1.281760 -1.480502 0.677109 -1.634809 -0.848429 1.125763 0.774212 -1.733961 -2.936043 2.034864 0.686966 2.965396 0.165195 -2.275829 0.419386 -0.100128 0.486717 0.121315 -5.814264 -2.572660 4.160200 0.011203 1.698029 -0.354139 -0.635064 1.005157 -0.112575 0.707495 0.437120 -0.069220 
110.871407 -29.553759 4.499537 -8.907598 5.539156 -0.029485 1.915485 1.076077 -2.061813 0.815070 -1.389061 -0.048517 1.303124 -4.334532 -1.900314 0.535843 1.002052 1.641645 1.316021 0.108409 0.052669 -0.037206 0.295448 0.637722 0.201999 -5.942300 0.163369 2.609458 -2.413887 0.057310 -1.734422 -0.135169 1.617096 -0.447659 0.114932 -0.313903 -0.231021 
112.131348 -36.188461 3.642173 -7.614778 4.623505 1.429052 2.907683 1.498577 -1.375164 0.602697 -1.043914 0.427016 1.529762 -11.110388 -1.407222 2.282872 -2.792911 0.801586 -0.503448 -0.105142 0.958362 -0.475932 0.129737 -0.141089 -0.340727 -2.452979 1.261108 2.250622 -1.529075 -0.813476 -1.567998 -0.725273 0.456193 0.043625 0.040455 -0.506376 -0.545773 
117.646637 -51.774535 1.685093 -4.341853 -0.046666 1.573687 0.908590 0.865792 -0.145089 -0.136794 -1.129587 -0.330696 0.621670 -9.240490 0.621902 5.037087 -2.056098 0.014692 -1.819976 -1.342138 0.965055 0.050044 0.376357 -0.375030 -0.889546 6.410725 2.740159 0.628493 1.052342 -1.256888 -0.578731 -0.124351 -0.317785 0.276403 0.064510 0.036350 -0.006155 
120.697533 -54.669441 4.885978 2.459395 0.511310 1.458436 -0.732268 -1.185699 0.554945 0.702785 -0.291199 -0.323043 -0.249330 1.711063 4.073095 3.539858 -0.688226 -1.712190 -1.660910 -0.353844 0.322792 0.076873 0.258756 -0.068390 -0.353036 5.154717 0.428500 -2.703556 0.542080 -1.147471 0.310574 1.084949 -0.709728 -0.282754 -0.345612 0.022998 0.440482 
53.632259 -48.352410 9.831283 2.737863 -1.423119 -1.850692 -2.413230 0.158105 0.500494 0.016952 -0.612075 -0.467476 -0.084403 1.068944 1.478903 -0.370025 -0.971938 -2.280250 -1.198828 0.827760 -0.454401 -0.515464 -0.314866 -0.329034 -0.008583 -2.936173 -3.496237 -2.155447 -0.261375 0.553813 0.693458 0.035298 0.010181 -0.003170 -0.192538 0.040265 0.294468 
114.954430 -52.531552 7.843783 1.719345 -1.432567 -3.102064 -3.129925 0.469822 -0.353857 -0.328143 -0.920932 -0.981112 -0.266495 -4.161284 -2.919379 -0.771035 -1.210977 -0.604564 -0.273994 -0.283248 0.343153 0.070533 -0.126321 0.012140 0.235900 -2.384359 -3.229475 -0.315923 0.193552 1.493818 0.563888 -1.002505 0.348730 0.482691 0.477562 0.635224 0.266965 
131.065262 -56.674979 3.992525 1.195793 -3.845072 -3.059820 -2.961218 -0.408390 1.186801 0.158019 -0.864716 -0.443197 0.387397 -3.699774 -4.980048 -1.001871 -0.584833 0.707386 -0.071053 -1.177250 0.243059 0.449917 0.640258 0.941413 0.525348 2.717496 -0.820969 0.494115 1.993818 0.926146 1.066231 0.365531 -0.451862 -0.063760 0.331934 0.082581 -0.160971 
116.964317 -59.931100 -2.116312 -0.284397 -2.602234 -1.687291 -3.272031 -1.884679 0.132261 0.571691 0.359585 0.901715 0.784202 1.273707 -4.561317 0.217194 2.776659 1.247728 1.858468 0.447814 -0.560572 -0.056986 0.537547 0.177302 -0.086042 3.449233 0.782136 1.248193 1.303740 -0.109483 1.386984 1.723925 0.111704 -0.340143 -0.335723 -0.620153 -0.293724 
0.000000 -54.127565 -5.130108 1.630181 1.708247 -0.564365 0.755718 0.487239 0.065658 0.044046 0.210379 -0.088593 0.215313 3.198691 -3.415776 1.494514 2.022647 0.488421 2.702916 2.270599 0.466468 -0.230368 -0.031187 -0.298892 -0.062100 0.001496 1.370117 0.566859 -1.589238 -0.776761 -0.444775 0.115249 0.627997 0.164929 -0.382406 -0.089854 -0.002532 
138.505737 -53.533718 -8.947865 2.704632 1.443061 -0.710449 2.133801 2.656519 1.065196 0.110954 0.297211 0.303931 0.660001 1.276700 -1.821082 1.350912 -0.401816 -0.305794 0.968917 0.678313 0.695423 0.272872 -0.227264 -0.002405 -0.091105 -0.260531 1.719426 0.130137 -1.321754 -0.252562 -1.558422 -1.274936 -0.328152 0.393385 -0.208531 0.085330 -0.023031 
143.287292 -51.574165 -8.772273 4.332006 0.904615 -1.175953 2.693552 1.843865 1.456503 0.589791 -0.244149 -0.093403 0.033103 2.677629 0.023075 1.754788 -0.620861 -0.016703 -0.413928 -0.279273 -0.189837 0.556402 -0.448248 -0.128232 -0.108163 0.762202 1.614868 -0.627914 0.310758 0.204965 -0.965792 -0.072825 -0.292848 -0.316851 -0.108173 -0.116199 0.181469 
149.298019 -48.178460 -8.901715 6.214207 0.201338 -0.743855 1.305945 2.097973 0.685523 1.223758 -0.599285 0.047467 0.443674 2.801103 1.408654 0.095083 0.219700 0.104135 -0.962666 0.532663 0.109726 -0.360830 -0.443610 -0.234803 0.271834 -0.063688 1.218495 -1.826085 0.494398 0.303362 -0.074281 0.143637 0.305051 -0.768856 -0.029845 -0.017147 0.218010 
155.868713 -45.971959 -5.954965 4.522172 1.344015 -0.967682 0.768220 2.909191 1.675955 -0.131869 -1.131369 -0.563010 0.576770 2.550253 2.460065 -1.897382 0.367935 0.590021 -0.562490 0.008000 0.420266 -0.981310 -0.507938 -0.162526 0.327857 0.400927 -0.047369 -1.307556 -0.299214 0.375638 0.144324 -0.488943 0.103039 0.122910 0.203529 0.192293 0.111736 
157.929169 -43.077954 -3.981585 2.419442 0.937209 0.436188 0.180965 2.113974 1.526055 -0.738862 -1.615161 -0.277584 1.099389 3.602957 1.313915 -2.520028 -0.378729 0.855411 -0.674017 -0.445223 0.315804 -0.115011 -0.036552 0.149782 0.495305 0.277387 -1.243819 -0.216958 -0.448287 -0.303578 0.012487 -0.040766 0.088342 0.674778 0.534637 0.159772 0.058989 
156.600937 -38.766046 -3.327134 -0.517883 0.586557 0.743140 -0.579815 2.018745 2.307564 -0.361890 -1.204473 -0.263447 1.567379 3.105026 -0.027574 -2.331299 -0.528639 -0.017135 -0.537516 -0.073531 0.596951 0.368245 0.561336 0.157019 0.445836 -1.599839 -0.983025 0.989363 -0.215577 -0.388702 0.303840 0.030991 -0.071902 0.181118 -0.002789 -0.126775 -0.327591 
146.927719 -36.867901 -4.036732 -2.243157 -0.120070 0.401918 -0.894068 1.966912 2.719957 -0.002371 -0.492490 0.036454 1.991060 0.403279 -0.652135 -0.541302 -0.809883 0.078008 -0.066338 -0.383241 0.172000 0.247225 -0.042130 -0.103767 -0.159878 -2.512745 -0.584977 1.470860 0.351284 0.211398 0.404499 0.004396 -0.335368 -0.061500 -0.341934 -0.327755 -0.520050 
137.401749 -37.959488 -4.631405 -1.600486 -1.033208 0.899155 -0.712491 1.252263 2.651564 0.132560 -1.288733 -0.470981 1.247623 -1.920463 -1.197527 0.610420 0.173929 0.405661 0.271481 -0.064739 -0.073785 0.245246 -0.122532 -0.498492 -0.594265 -0.572869 0.186775 0.614517 0.954041 -0.056620 -0.315479 0.520404 -0.331378 -0.259325 0.102872 -0.062124 0.205996 
131.760254 -40.708827 -6.431787 -1.022316 0.227788 1.213240 -0.351106 1.837435 2.572388 0.488121 -0.737554 -0.960530 0.802531 -0.742459 -0.278585 0.687732 1.098199 -0.035232 -0.697295 0.657568 -0.490755 -0.271424 0.163614 -0.228015 0.252114 1.276337 0.909567 -0.105887 0.146886 -0.298968 -0.574734 0.214861 -0.188691 -0.347225 0.005278 0.257626 0.534462 
135.251617 -39.444405 -5.188574 -0.225023 1.163191 0.828692 -2.107082 2.567399 1.670053 -0.410287 -0.961504 -0.927011 1.751852 0.632211 0.621607 0.398647 0.467701 -0.192274 -0.877988 0.364982 -0.451168 -0.449204 -0.111975 0.016760 0.474660 0.687335 0.450096 -0.144542 -0.315249 -0.078521 -0.090346 -0.146293 0.019794 -0.088890 -0.137795 0.122387 0.111273 
