0.000000 -32.887097 5.220791 0.594930 -3.502991 -3.287467 0.282582 -0.476111 0.982787 -1.635154 2.417893 -2.054464 0.581034 -3.500736 -0.740254 -1.486951 0.045643 0.061095 -0.462713 0.979969 -0.582940 0.869898 -0.866211 0.253424 -0.194774 -1.261791 -0.020778 -0.077217 -0.098997 -0.149530 -0.252151 0.195724 -0.222132 0.078137 -0.053659 0.004119 -0.178557 
95.109619 -39.888568 3.740283 -2.378973 -3.411704 -3.165277 -0.642843 1.483826 -0.183094 0.104641 0.685472 -1.547615 0.191485 -6.024318 -0.781810 -1.641385 -0.152351 -0.237965 -0.967016 1.371416 -1.027204 1.026171 -0.973528 0.261663 -0.551888 -0.430857 -0.245856 -0.061173 -0.127057 -0.081117 0.086311 0.031473 0.318582 -0.441330 0.291157 -0.033699 -0.129740 
107.409233 -44.935732 3.657170 -2.687839 -3.807693 -3.763397 -1.651449 2.266721 -1.071620 0.417187 0.470837 -1.531138 -0.522743 -4.362451 -1.231967 -1.609298 -0.208471 -0.101139 -0.290090 1.042915 0.054223 -0.012763 -0.283896 0.186027 -0.454255 1.292341 -0.143884 0.303741 -0.465468 0.019455 0.584590 -0.695206 0.767397 -0.617592 0.274398 0.066402 0.462434 
0.000000 -48.613469 1.276350 -5.597569 -3.828645 -3.367555 -1.223023 3.569656 -0.074647 0.079116 0.117680 -1.175562 -0.717024 -3.439636 -1.069579 -1.033903 -1.083286 -0.199055 0.202165 -0.018996 0.507591 -0.209014 -0.424731 0.394468 0.372981 4.967154 0.516921 3.333790 0.086647 0.955454 0.716125 -1.482502 0.013515 -0.157552 0.070691 0.117120 0.690045 
0.000000 -51.815004 1.518013 -4.755645 -5.974266 -4.161507 -1.247118 2.228730 -0.056439 -0.000841 -0.378626 -0.742203 0.223218 5.571857 -0.198124 5.058282 -0.035176 1.809770 1.142159 -1.922089 0.081253 -0.327866 -0.142513 0.420266 0.925835 6.193428 0.694811 3.323041 0.724528 1.323502 0.487986 -0.662854 -0.199975 0.165145 0.259489 -0.123646 0.042049 
0.000000 -37.469756 0.880101 4.518994 -3.898998 0.251985 1.061295 -0.274523 0.087859 -0.576617 -0.167346 -0.335031 1.134646 8.947221 0.320043 5.612180 0.365770 2.447950 1.178136 -1.344703 0.107642 0.121275 0.094248 0.147176 0.457079 -2.019156 0.490162 -1.849786 -0.370518 -0.507546 -0.922047 1.012494 0.187752 0.287496 0.032314 -0.240007 -0.501312 
110.419121 -33.920562 2.158100 6.468715 -5.242725 0.734392 1.109154 -0.460676 0.158845 0.241710 -0.190130 -0.447850 1.137376 1.533545 0.782200 1.358710 -0.776212 0.794679 -0.701935 0.102899 0.456757 0.247125 -0.077886 -0.059749 -0.076789 -4.819566 0.144500 -2.813239 -0.141352 -0.999991 -1.026108 0.828880 0.128459 -0.095715 -0.047125 -0.093138 -0.368410 
104.991730 -34.402665 2.444501 7.236415 -5.451423 1.841342 -0.342574 -0.068724 1.001374 -0.082366 -0.323118 -0.454529 0.981067 -0.691911 0.609043 -0.014298 0.083067 0.447968 -0.874080 0.313058 0.364559 -0.070154 -0.000002 -0.039099 -0.279740 -0.895519 -0.089454 -0.975918 0.458271 -0.297556 0.339568 -0.030777 -0.224742 -0.130440 0.096126 0.012707 -0.043904 
102.136787 -35.304384 3.376186 6.440119 -5.076591 1.630329 -0.639006 0.165440 0.887962 0.101402 -0.190135 -0.526049 0.577896 -0.257493 0.603292 -0.593126 0.140329 0.199566 -0.022798 0.041346 0.007273 -0.013756 0.114367 -0.034334 -0.164597 0.971244 -0.316062 -0.197192 -0.175437 0.122902 0.504671 -0.313572 0.057943 -0.164325 0.121564 -0.076242 0.177278 
100.930687 -34.917651 3.651084 6.050162 -5.170765 2.240474 -0.388170 0.013969 1.015920 -0.109877 -0.094384 -0.523198 0.651872 1.250577 -0.023081 -0.408683 -0.267806 0.693772 0.135263 -0.314086 0.480445 -0.398804 0.243127 -0.191583 0.074816 0.761702 -0.347306 0.193900 -0.107588 -0.120979 0.127599 -0.099959 0.109959 -0.054491 0.009497 -0.124783 0.115071 
100.913475 -32.803231 3.330024 5.622753 -5.612204 3.017873 -0.368481 -0.462731 1.848851 -0.696206 0.296119 -0.909214 0.727529 1.265911 -0.091321 -0.205327 -0.074847 -0.042391 0.232399 -0.158571 0.227192 -0.122737 0.133362 -0.283900 0.065544 -0.225236 -0.000472 0.235624 0.322739 -0.766179 0.090062 0.310027 -0.488677 0.297602 -0.155164 0.031012 0.053008 
101.121346 -32.385829 3.468443 5.639509 -5.320460 2.155692 0.076628 -0.303173 1.470303 -0.355352 0.172339 -1.090997 0.782961 0.800104 -0.024024 0.062566 0.377671 -0.838587 0.315386 0.305969 -0.496909 0.196399 -0.067202 -0.129558 0.180831 -0.352029 0.200769 0.039097 0.200941 -0.294240 -0.027806 0.217236 -0.217122 0.007129 -0.139764 0.156784 0.077105 
100.814758 -31.203023 3.281976 5.747884 -4.856862 1.340700 0.262291 0.149207 0.855034 -0.303408 0.161715 -1.168329 1.089192 0.561853 0.310217 -0.127133 0.327035 -0.630870 0.176788 0.275900 -0.207052 -0.108478 -0.146167 0.029668 0.219754 0.014476 0.147614 -0.293840 0.118055 0.003461 -0.137006 -0.094178 0.416152 -0.353283 -0.065006 0.119374 -0.043432 
100.152145 -31.262122 4.088878 5.385243 -4.666389 0.893952 0.430204 0.248627 1.056199 -0.572309 -0.119995 -1.031662 1.222468 0.829056 0.271204 -0.525115 0.613780 -0.831664 0.041374 0.117614 0.335395 -0.510166 -0.197215 0.109189 0.093968 -0.104022 0.081203 -0.168986 0.111473 0.044461 -0.272745 -0.140466 0.193228 0.060753 -0.020349 -0.036039 -0.145432 
98.217361 -29.544910 3.824383 4.697655 -3.629301 -0.322629 0.345038 0.384434 1.525823 -1.323740 -0.232715 -0.949951 1.277128 0.353809 0.472623 -0.465104 0.549981 -0.541949 -0.368702 -0.005032 0.179403 0.013027 -0.186865 -0.042411 -0.071111 -0.649679 0.318083 0.186932 -0.322838 0.361623 -0.200856 -0.022344 -0.310424 0.668265 0.030122 -0.288900 -0.132890 
98.095901 -30.554504 5.034124 4.455034 -3.566427 -0.189946 -0.307201 0.238563 1.415004 -0.546254 -0.493725 -1.116483 1.080246 -0.470302 0.907369 -0.151250 -0.031896 -0.108419 -0.360339 0.072927 -0.285454 0.826363 -0.136971 -0.468610 -0.171812 -2.860251 0.508239 0.068237 -0.104197 0.314503 0.207986 0.159080 -0.238787 0.422792 0.083721 -0.118581 -0.112798 
97.883301 -30.485514 5.639122 4.395155 -3.693094 -0.539466 -0.375639 0.530288 0.954915 0.328987 -0.506658 -1.887170 0.933503 -5.366693 1.489101 -0.328631 0.341587 0.087056 0.047269 0.313127 -0.298172 0.858612 -0.019422 -0.279573 -0.296706 -7.233786 -1.856423 0.019021 0.717417 0.126218 0.267738 0.098525 0.125523 -0.314232 0.038304 0.350862 -0.208170 
96.122635 -41.287891 8.012325 3.797773 -2.883253 -0.015834 -0.212662 0.864818 0.818660 1.170970 -0.532569 -1.675628 0.486833 -14.937874 -2.805476 -0.113209 1.402938 0.144018 0.175138 0.269977 -0.034408 0.197898 -0.060364 0.233114 -0.588153 -3.069298 -4.233093 -1.902130 -0.378583 0.108286 0.606251 -0.116917 -0.384119 -1.050372 -0.072693 0.587645 0.015440 
96.400490 -60.361261 0.028170 4.168737 -0.887218 -0.251430 -0.025364 1.070241 0.886099 0.724784 -0.627386 -1.420943 -0.242802 -11.505290 -6.977086 -4.132891 -0.415580 0.303628 1.259772 0.079293 -1.066410 -1.242133 -0.164808 0.895717 -0.265826 16.233052 0.739145 -1.833196 -0.928129 0.191551 0.190632 -0.733138 -0.679011 -0.481251 0.173677 0.279331 0.325484 
77.823875 -64.298471 -5.941847 -4.468009 -3.714412 0.591423 2.306881 1.023404 -1.314159 -1.313295 -0.862186 0.115806 -0.044818 17.528230 -1.327186 -3.779601 -0.453320 0.527120 0.556402 -1.196299 -1.392431 -0.764603 0.286991 0.791775 0.062815 15.389561 3.520489 2.435171 0.368310 -0.509485 -1.004064 -0.266129 0.750772 0.815252 -0.018644 -0.584512 0.091163 
0.000000 -25.304802 -2.626202 -3.390465 -1.793859 0.802810 1.087439 -1.322358 -1.898763 -0.804422 -0.053405 0.162607 -0.117172 19.273833 0.063892 0.737450 0.321039 -0.715341 -0.748357 -0.452966 0.435134 0.388371 -0.202096 -0.273307 -0.083500 -9.313265 -0.734188 1.645158 -0.271318 -0.968828 -0.463822 0.869218 0.986733 0.409240 -0.293750 -0.521970 -0.051705 
0.000000 -25.750806 -5.814063 -2.993109 -3.072333 -0.839260 0.810168 0.117471 -0.443890 -0.536554 -1.266378 -0.430807 -0.211819 -1.098299 -2.795561 -0.489285 -0.995957 -1.410536 -0.371243 0.542138 0.581035 0.053878 -0.300509 -0.252165 -0.040595 -10.516212 -0.236208 -0.424734 -0.257536 0.226686 0.265493 0.164372 -0.106266 -0.278139 0.271798 0.021644 0.094154 
0.000000 -27.501400 -8.217324 -4.369034 -3.785773 -2.018263 0.344953 -0.238082 -0.736694 -0.696666 -0.654423 -0.341723 -0.198362 -1.758592 -0.408524 -0.112019 -0.194032 -0.261970 -0.217370 -0.124222 0.222603 -0.167908 0.341500 -0.230019 0.104808 1.023280 3.406211 1.119006 0.618123 0.540200 0.326411 -0.342926 0.115923 -0.101328 0.444090 0.000332 0.253077 
0.000000 -29.267990 -6.631111 -3.217147 -3.460397 -1.363200 0.375428 -0.130972 0.001315 -0.872369 -0.583378 -0.890845 -0.002203 0.948261 4.016862 1.748728 0.240289 -0.330136 0.281579 -0.143715 0.812880 -0.148778 0.587672 -0.251502 0.465559 2.017480 3.334230 0.380209 0.081674 -0.228003 0.135748 -0.392132 0.546644 -0.242715 0.263189 0.031327 0.253225 
0.000000 -25.604878 -0.183601 -0.871579 -3.305196 -2.678535 0.908111 -0.525512 0.889066 -0.994223 0.520920 -0.844726 0.732755 2.276368 6.259935 0.648399 -0.030683 -0.717976 0.054126 -0.908487 1.315890 -0.653338 0.867879 -0.167366 0.611258 -0.263475 -0.104466 -0.987427 0.144984 -0.138831 -0.521066 -0.168044 0.004680 -0.036784 -0.335127 0.018461 -0.213572 
99.635666 -24.715254 5.888759 -1.920349 -3.521762 -2.799151 0.483680 -1.947945 2.633095 -2.179045 1.152381 -1.225577 1.220314 0.421310 3.807930 -0.226127 0.530256 -0.607798 -0.760553 -0.479804 0.822241 -0.222346 -0.082583 -0.214579 0.038415 -1.330709 -2.480773 -0.430041 0.921660 -0.232248 -0.461946 0.930845 -1.052057 0.910189 -0.852155 0.135273 -0.431746 
94.746559 -24.762257 7.432259 -1.323833 -2.244684 -3.894131 -0.612995 -1.485119 2.533547 -1.438914 0.355754 -1.273883 0.809586 -0.385049 1.298390 -0.211684 1.812637 -1.182471 -0.869766 0.953204 -0.788223 1.167040 -0.836431 0.103180 -0.252234 0.149296 -1.642572 -0.198222 0.395248 -0.183533 0.060154 0.621061 -0.876274 0.566634 -0.188156 0.213686 0.011044 
94.191376 -25.485352 8.485538 -2.343718 0.103511 -5.164094 -1.255853 -0.041537 1.056649 0.155036 -0.520481 -1.019216 0.715845 0.719903 0.522786 -0.622572 1.320752 -0.974864 -0.640245 0.762319 -0.930307 0.910922 -0.458895 0.212794 0.060503 0.811233 -0.779287 0.172415 -0.884178 0.731722 0.255708 -0.475092 0.185887 -0.654808 0.437407 0.050827 0.168257 
97.052414 -23.322451 8.477831 -2.568976 0.396821 -5.843859 -1.893484 0.039519 0.672933 0.382930 -0.562036 -0.848295 0.930593 1.237416 -0.260184 0.133146 0.044280 0.280973 -0.358350 0.003019 -0.416450 -0.142576 0.038383 0.204835 0.084279 -2.632570 -0.375077 0.759829 -0.578252 1.321694 0.462356 -0.232499 0.514194 -0.564865 0.177962 0.020191 0.013224 
97.952629 -23.010520 7.965169 -2.077426 0.192070 -4.602147 -1.972553 -0.035498 0.223750 -0.130117 -0.443714 -0.609546 0.884404 -4.545236 -0.227368 0.897087 0.164249 1.668523 0.284466 0.297321 0.098081 -0.218808 -0.102972 0.253176 0.086951 -7.414127 -0.397332 0.950825 -0.443076 0.488649 0.306981 0.294572 0.433312 0.214722 0.195875 0.016646 -0.165249 
97.741173 -32.412924 8.023094 -0.774803 0.725318 -2.506813 -1.324552 0.634160 0.869096 -0.054686 -0.767979 -0.341944 1.104495 -13.590838 -1.054849 2.034795 -0.841872 1.258271 0.255612 0.592164 0.450174 0.286869 0.430134 0.238127 -0.246219 1.430378 -0.304400 -0.183381 -0.951543 -0.018628 -0.199752 -0.238555 -0.540723 0.070215 0.392828 -0.198964 -0.495767 
91.580765 -50.192196 5.855471 1.992165 -1.491673 -2.085606 -1.461329 1.148830 1.124098 0.443620 0.416553 -0.133293 0.391965 -1.684481 -0.836168 0.530326 -1.738838 1.631267 -0.115038 -0.179788 -0.983365 -0.078379 0.682685 -0.144753 -0.904582 11.790038 1.559421 -0.779114 1.096735 -0.835599 -0.658405 -0.324018 -0.744240 -0.294883 -0.209834 -0.339923 0.009109 
0.000000 -35.781886 6.350758 0.285849 -2.752358 0.755721 -1.554627 0.274584 -1.097635 -0.211444 0.597390 -0.631450 -0.704670 9.989237 2.063994 0.476568 1.351599 -0.412927 -1.061197 -0.055871 -1.038305 -0.302898 0.010465 -0.441719 -0.228002 2.896442 0.912237 0.644177 2.309480 -1.812297 -0.461780 -0.214325 0.693947 -0.335846 -0.075500 -0.036755 0.704779 
0.000000 -30.213722 9.983459 2.945301 1.211524 -2.911459 -3.583724 1.037087 -0.952511 -0.162176 0.437482 -1.016731 -0.064038 4.108404 0.988306 1.818679 2.880122 -1.993328 -1.038598 -0.608439 0.404528 -0.750072 0.531686 -0.218263 0.504976 -3.807915 -1.906944 0.463886 -0.151589 -0.126624 0.516784 -0.571339 0.765332 -0.373197 0.347371 0.217867 0.270252 
118.053970 -27.565079 8.327370 3.923207 3.007887 -3.230935 -3.631824 -0.942294 -0.288580 -1.711588 1.660761 -1.067976 0.305283 2.373407 -1.749895 1.404339 1.048420 -0.666175 -0.027629 -1.198549 0.492359 -1.049292 0.705207 -0.005986 0.312502 -1.431650 -0.819761 -0.611611 -1.209017 0.705983 0.394582 0.240507 -0.142641 0.182399 -0.165592 0.155797 -0.215637 
118.568604 -25.466908 6.483669 5.753979 3.308365 -4.243808 -3.638983 -1.360010 0.032207 -2.260760 1.847896 -1.028704 0.560966 1.245103 -0.651216 0.595457 0.462089 -0.581362 -0.249435 -0.127426 0.119245 -0.385273 0.200501 0.093331 0.073703 -1.555531 1.668673 -1.312809 -0.223831 0.517510 -0.396402 0.897863 -0.375471 0.617641 -0.389192 0.127241 -0.249618 
119.689743 -25.074873 7.024937 5.114121 3.932065 -4.393658 -4.130694 -1.197146 -0.050090 -2.482134 2.061763 -0.881313 0.452690 -0.737655 1.587451 -1.221279 0.600758 0.368846 -0.820434 0.597176 -0.258584 0.185990 -0.073177 0.248497 -0.186734 -1.369773 1.440914 -1.162974 -0.018935 0.734671 -0.246426 0.328076 0.063970 0.403505 -0.335416 0.166788 -0.086440 
121.192268 -26.942219 9.658571 3.311422 4.509881 -3.506117 -5.279852 -0.165657 -0.484960 -1.888781 1.701542 -0.531710 0.187498 -1.494443 2.230612 -1.730490 0.424220 0.887980 -0.742286 0.528726 0.247184 0.421736 -0.470331 0.426908 -0.099177 0.282682 -0.284265 -0.060751 -0.638874 0.350864 0.255736 -0.279971 0.633409 0.130223 -0.206664 0.008761 0.177760 
122.910812 -28.063759 11.486162 1.653140 4.780504 -2.617698 -5.615267 -0.139693 0.444278 -1.638662 1.121102 -0.027498 0.254337 -0.172290 1.018920 -1.342782 -0.676990 1.070573 -0.308962 0.037234 1.008235 0.446435 -0.486506 0.266020 0.168786 0.457295 -0.579676 0.146495 -1.752127 0.280894 0.953068 -0.221720 0.208017 0.153667 0.165628 -0.258237 -0.227448 
126.022499 -27.286800 11.696412 0.625858 3.155901 -1.364972 -5.897775 -0.091190 1.531510 -0.995910 0.728530 0.000330 0.525070 -0.579853 1.071260 -1.437500 -3.080035 1.449769 1.163849 0.085287 0.663219 0.729069 -0.139075 -0.089566 -0.554073 -2.564168 -1.610602 0.735598 -1.181481 -0.403635 1.641012 0.253918 -0.592353 -0.182867 0.301120 -0.389819 -0.287543 
127.161026 -29.223466 13.628683 -1.221859 -1.379567 0.281840 -3.287569 0.030881 1.770716 -0.180524 0.842951 -0.206630 -0.853810 -5.300627 -2.202284 0.128415 -3.039952 0.263304 2.973062 0.545070 -0.176470 0.080701 0.115733 -0.513618 -0.406300 2.595387 -3.210999 1.916924 1.627817 -1.081730 0.393548 0.188485 -0.518183 -0.751606 -0.395553 -0.396094 0.554331 
129.599167 -37.888053 7.291844 0.882687 -2.924003 -0.838364 0.048349 0.998950 1.178569 -0.834508 0.959997 -1.026906 -0.287530 4.610920 -5.350738 2.396348 0.175599 -0.713692 1.950945 0.462256 -0.373146 -0.774143 -0.930182 -0.881754 0.554589 7.882150 0.224183 0.502786 2.076403 -0.811916 -1.939787 -0.326007 0.297007 -0.471603 -0.399696 -0.002376 0.304437 
133.662247 -20.001627 2.927208 3.570836 -1.028369 -1.145544 0.614322 0.955392 1.024423 -1.728810 -1.017412 -1.970137 0.255369 10.463674 -1.753919 1.133986 1.112853 -1.360529 -0.906512 -0.106943 0.417543 -0.862505 -0.683659 -0.518369 0.202575 -2.242412 3.115371 -1.021444 0.172373 -0.301311 -1.739648 -0.315969 0.311280 0.493763 0.993598 0.436509 -0.290134 
0.000000 -16.960706 3.784006 3.150659 -0.698297 -3.559422 -1.764675 0.785064 2.013654 -2.559518 -0.407322 -2.063644 0.117620 0.126096 0.880005 0.353460 0.520344 -1.316314 -1.528351 -0.169682 0.249414 0.213382 1.057014 -0.008735 -0.025679 -8.157035 1.121868 0.299779 -0.485412 0.666046 0.018267 0.009577 -0.487459 0.813156 0.891420 0.377247 -0.089633 
111.759506 -19.749434 4.687218 4.277757 0.012319 -3.778173 -2.442380 0.616028 1.523250 -1.302045 1.096616 -1.987607 0.204010 -5.850396 0.489817 1.733545 0.142030 -0.028437 -0.869977 -0.087789 -0.557375 0.763808 1.099180 0.236125 0.023308 -4.319949 -2.527368 0.053940 -0.904991 0.765426 0.689018 -0.031530 -0.850189 0.091609 -0.102472 0.315189 0.063908 
105.808739 -28.661499 4.763640 6.617749 -0.414238 -3.616295 -3.504630 0.609487 0.898905 -1.031903 1.791039 -1.591394 0.164236 -8.513801 -4.174732 0.461340 -1.289639 0.214537 -0.150315 -0.232743 -1.450965 0.396600 0.852071 0.621642 0.102138 -0.669979 -3.540351 -1.320495 -0.480779 0.010426 0.483422 0.290138 0.264358 -0.325036 -0.480536 -0.011767 -0.214182 
105.292000 -36.777037 -3.662245 5.200437 -2.566958 -3.349098 -2.743010 0.150543 -1.378679 -0.508846 2.800759 -0.744322 0.408286 -7.190355 -6.590886 -0.907444 -0.819528 -0.007584 0.096867 0.492487 -0.028659 0.113735 0.138108 0.212592 -0.405055 4.406139 3.476138 0.256302 1.113180 -0.187853 -0.413032 0.139986 1.288142 -0.227551 -0.712813 -0.122469 -0.080189 
0.000000 -43.042210 -8.418133 4.802862 -2.053295 -3.631463 -3.310896 1.594462 0.841586 -0.804433 2.067254 -1.166210 -0.645874 0.298477 2.777544 0.973943 0.936720 -0.161169 -0.976378 0.047229 1.125319 -0.058503 -0.573554 0.376704 -0.058240 8.314296 7.092691 0.038893 0.934460 -0.175103 0.045197 -0.883792 0.325749 -0.145486 -0.239004 -0.077956 0.462275 
0.000000 -36.180083 1.892844 7.148323 -0.693518 -3.671435 -4.695766 0.245000 0.871958 -0.625851 1.653650 0.009085 0.291807 9.438238 7.594495 -0.829659 1.049391 -0.357789 0.187261 -1.275097 0.622839 -0.177237 -0.339899 0.056680 0.519494 3.501396 -0.153113 -1.935834 -0.328744 -0.083756 0.888811 -0.238282 -0.324535 -0.105706 0.049851 -0.585364 0.025555 
109.520676 -24.165735 6.770858 3.143545 0.045487 -4.347041 -2.936375 -0.955733 2.087264 -1.158907 1.387455 -1.052849 0.393114 7.301268 2.471318 -2.897724 0.279232 -0.328681 0.801244 -0.429335 0.476249 -0.269915 -0.473852 -0.794025 -0.007129 -4.110641 -3.724457 -0.441098 -0.714778 0.122202 -0.079609 0.797638 -0.419516 0.015550 -0.079908 -0.260327 -0.163879 
104.295631 -21.577546 6.835480 1.352874 -0.135053 -4.328797 -3.093279 -0.613670 1.824456 -1.165681 0.705946 -1.578965 0.277549 1.216956 0.145581 -1.711855 -0.380166 -0.113386 0.028042 0.320179 -0.216194 -0.146138 -0.499715 -0.463973 0.191737 -3.798556 -0.951015 0.726575 -0.433589 0.309435 -0.261327 0.377401 -0.323735 0.122477 0.107562 0.404972 0.267930 
100.269539 -21.731822 7.062019 -0.280165 -0.714844 -4.573812 -2.880290 -0.315374 1.654876 -1.451182 0.388025 -1.980795 0.776587 -0.295843 0.569288 -1.444574 -0.587946 0.290190 0.278591 0.325467 -0.171222 -0.024960 -0.258728 0.015920 0.528732 -1.070209 0.206882 0.154309 0.176645 0.286172 0.280661 -0.139226 -0.043678 0.281243 0.298935 0.428700 0.048478 
98.557442 -22.169232 7.974055 -1.536273 -1.310944 -3.748418 -2.536098 0.037264 1.482011 -1.215602 0.188491 -1.547125 1.335012 -0.923462 0.559344 -1.403236 -0.026875 0.458958 0.589365 0.041728 -0.303549 0.416349 0.098154 0.393427 0.288692 -1.236501 0.102738 0.056520 0.487543 -0.018546 0.236470 0.052615 -0.229673 0.403659 0.134157 0.079176 -0.299200 
97.575684 -23.578746 8.180708 -3.086638 -0.768594 -3.655895 -1.701561 -0.231918 1.047777 -0.618485 0.584334 -1.193940 1.353972 -2.768845 0.774764 -1.331533 0.387140 0.253098 0.751530 0.430698 -0.630567 0.782359 0.009586 0.174272 -0.069669 -0.905393 -0.181732 0.403737 -0.030558 0.089522 0.225848 0.069866 0.091034 -0.272174 0.076110 -0.203791 -0.306323 
95.586266 -27.706923 9.523583 -4.199339 -0.536663 -3.242222 -1.033037 0.898660 0.220877 0.349116 0.207664 -1.198581 1.195675 -2.734248 0.195881 -0.595763 -0.087991 0.638003 1.041061 0.181460 -0.121481 -0.127999 0.250374 -0.014154 -0.323954 1.181805 -0.923936 0.732970 -0.132713 0.179267 0.061366 -0.754853 0.676683 -0.916638 0.310727 -0.053642 -0.125395 
88.550148 -29.047241 8.572469 -4.278164 -0.944577 -2.379889 0.380562 0.131003 0.804815 -0.874482 1.085082 -1.222248 0.706063 -0.405236 -1.073108 0.134407 0.121714 0.611632 0.874263 -1.079009 0.722798 -1.050918 0.631040 0.066987 -0.320459 -0.228413 -0.544669 0.529565 0.635804 0.518411 -0.605816 0.015671 -0.193114 0.072598 -0.132976 0.331309 0.115655 
87.461243 -28.517394 7.377367 -3.930526 -0.293235 -2.018959 0.715490 -1.259358 1.666474 -1.752719 1.469744 -1.064606 0.554757 -3.191074 -0.893457 0.463367 1.183617 1.674826 -0.170572 0.212803 -0.507709 0.017197 -0.015578 0.648464 -0.092644 -5.879172 -0.461840 1.752722 0.851705 1.131650 -0.115433 1.253838 -0.564268 0.962132 -0.680890 0.211261 0.066053 
89.251190 -35.429389 6.785555 -3.351431 1.422658 0.969763 0.039419 0.556608 -0.210603 -0.840089 1.053925 0.074679 0.520775 -12.163579 -1.996787 3.639851 1.825124 2.874932 0.643398 1.428667 -0.405737 0.873346 -0.730739 0.489509 -0.188353 -3.938162 -0.337517 1.919768 0.197395 -0.204676 0.594905 0.055475 0.435064 0.356624 -0.119307 -0.523370 -0.135070 
98.201096 -52.844553 3.383793 3.349176 3.357012 3.730905 2.002285 1.597976 0.855000 -0.006027 0.008266 -0.085587 0.178051 -11.067398 -1.568492 4.302903 1.578407 1.265474 1.019239 0.323752 0.362418 0.730445 -0.254192 -0.398277 -0.362784 8.195627 -0.757942 -1.182411 0.051566 -1.322692 -0.797354 -0.604698 -0.271488 -0.171077 0.580739 -0.766452 -0.045389 
102.451294 -57.564186 3.648572 5.254375 4.579472 3.500712 2.077897 1.204112 0.514233 0.620802 0.545542 -0.721875 -0.204794 4.227674 -3.512670 1.275029 1.928256 0.229547 -0.951310 0.219271 -0.948713 0.531192 0.430740 -1.043394 -0.279130 8.827444 -1.038284 -1.990237 -0.130690 -0.460415 -1.004177 0.046225 -0.570374 -0.256334 0.208147 -0.163487 0.137538 
108.120003 -44.389206 -3.641548 5.899234 7.213525 4.190000 0.099665 2.036518 -1.042425 1.056358 0.869745 -2.172375 -0.380209 6.587490 -3.645060 0.322429 1.317026 0.344644 -0.989116 0.416203 -0.778329 0.217778 0.162102 -0.725250 -0.087708 1.179908 -0.066195 -0.476300 -0.305615 0.057548 -0.018903 0.098466 0.085192 -0.156707 -0.134319 0.159072 0.095711 
