146.460571 -20.008110 -3.702647 -1.366818 3.104097 -3.521637 1.086996 -0.042668 -0.414220 -0.471164 0.282714 0.137608 -0.737239 -8.505764 -0.951901 -0.806337 0.431001 0.433921 -0.735348 0.971533 0.594837 -0.339220 -0.108315 0.298125 0.173181 -7.726130 -0.683079 0.550417 -0.884503 0.618498 -0.103149 -0.364285 -0.304682 0.216381 0.091367 -0.107728 0.016021 
136.115387 -37.019639 -5.606449 -2.979492 3.966099 -2.653796 -0.383700 1.900399 0.775454 -1.149604 0.066083 0.733858 -0.390877 -23.958025 -2.318059 0.294497 -1.338006 1.670917 -0.941647 0.242962 -0.014527 0.093542 0.074418 0.082668 0.205224 0.583094 1.132954 0.037946 -0.566313 0.587821 0.909007 -1.364144 -0.735270 1.066576 -0.014791 -0.480408 -0.017549 
0.000000 -67.924160 -8.338765 -0.777825 0.428086 -0.179804 -0.796298 0.443257 -0.443273 -0.284080 0.431551 0.302945 -0.326792 -7.339576 1.314007 -0.730445 -0.701625 1.609563 1.082666 -1.756755 -0.875702 1.793932 -0.137898 -0.662692 0.138084 21.429838 2.007213 -1.562526 2.716147 -0.953083 1.138804 -1.202428 -0.169468 0.791436 -0.122946 -0.182426 -0.019987 
261.682190 -51.698790 -2.978434 -4.440383 2.562849 0.565329 1.781632 -1.613110 -0.975951 2.438261 -0.209712 -0.591526 -0.114708 18.901651 1.696367 -2.830556 4.094289 -0.235249 1.335961 -2.161894 -0.353462 1.676415 -0.171473 -0.282184 0.165250 11.716046 -0.654622 0.548066 1.328990 -1.130548 -0.267562 0.176331 0.765460 -1.398731 0.454079 0.315783 0.256050 
279.966522 -30.120858 -4.946031 -6.438937 8.616665 -0.650303 1.875625 -3.880532 -1.150198 3.068749 0.088605 -0.261423 0.003708 16.092516 0.004764 0.365686 1.956356 -0.651534 0.547543 -1.404093 0.655218 -1.003529 0.770261 -0.031127 0.650185 -7.137963 -0.232562 2.302547 -2.479611 0.461622 -0.486958 1.167484 0.625838 -1.689836 0.276345 0.059238 0.194508 
265.107574 -19.513759 -2.968906 -3.709011 6.475561 -0.737739 2.876717 -4.421297 0.334485 0.431204 1.330811 -0.653779 1.185661 4.625724 1.231243 1.774539 -0.864933 0.687994 0.362044 0.173073 0.898213 -1.703257 0.381218 -0.163708 0.554265 -9.049216 -0.505740 0.244054 -0.779486 0.811616 -0.207037 1.077226 0.103628 0.448393 -0.563554 0.236808 -0.357097 
229.617859 -20.869409 -2.483545 -2.889860 6.886799 0.725685 2.599714 -3.534386 0.646228 -0.337764 0.851040 -0.588839 1.112239 -2.005916 -1.006716 0.853795 0.397384 0.971699 0.133468 0.750359 0.862475 -0.106743 -0.356846 0.442490 -0.064010 -2.962773 -1.352370 -0.529977 0.440517 -0.059940 0.005272 0.343881 -0.214433 1.166534 -0.472144 0.149206 -0.340316 
211.920334 -23.525592 -4.982338 -2.001420 7.270329 1.205659 3.143653 -2.920579 2.059434 0.217717 0.617119 0.231201 1.057641 -1.299822 -1.473496 0.714584 0.016101 0.568114 0.372589 0.860834 0.469347 0.629812 -0.563070 0.134703 -0.126367 0.650071 0.978460 -0.120356 -0.427277 0.008590 -0.555075 0.093562 -0.868817 0.236020 0.292723 -0.413631 -0.197652 
196.185791 -23.469053 -5.430537 -1.460691 6.919001 1.861912 3.344891 -1.812718 1.584921 0.921860 -0.275099 -0.319432 0.859505 -0.705774 0.950204 0.613083 -0.457170 0.988880 -0.976683 0.937483 -0.875159 0.365296 0.228600 -0.384772 -0.459315 0.302779 1.310795 -0.024847 -0.035774 -0.338970 -0.501262 -0.390402 -0.515661 -0.511801 0.729337 0.042600 -0.292318 
197.524597 -24.937140 -3.081929 -0.775255 6.355988 3.183418 1.190288 -1.045613 0.309117 0.948308 1.074318 -0.538343 0.139011 -0.694265 1.148094 0.664891 -0.055447 -0.109826 -0.629935 0.080030 -0.561975 -0.393791 0.895604 0.219904 -0.711003 -0.178322 -0.338224 -0.109313 -0.033704 -0.818399 1.045477 -0.399770 0.474961 -0.560716 -0.119487 0.458505 0.076485 
199.725296 -24.857582 -3.134349 -0.130910 6.808107 1.642260 2.085021 -1.652657 0.460972 0.134277 1.516109 0.120375 -0.562501 -1.062418 0.273757 0.394457 -0.524579 -0.647918 1.114272 0.137943 0.074763 -0.756136 -0.010374 0.532239 -0.306345 -1.272456 0.820021 -0.822713 -0.030931 0.194412 0.255727 0.724821 0.198044 -0.210245 -0.691142 0.004388 0.395479 
214.470673 -27.061977 -2.534416 0.013659 5.306831 1.887582 3.418832 -0.769727 0.458643 -0.563964 1.053569 0.526134 -0.473679 -3.239176 2.788136 -0.980536 -0.117309 0.278997 -0.118482 1.529672 -0.165887 -0.814281 -0.486679 0.228681 0.079954 -0.289261 -0.393542 0.125231 0.597013 0.229145 -0.794263 -0.205557 0.089330 0.247119 -0.233892 -0.245453 0.171703 
223.105316 -31.335934 2.441923 -2.091983 6.573490 2.200255 1.848057 1.406686 0.129197 -1.494285 0.542751 0.577736 -0.402592 -1.640940 -0.513328 0.644919 0.669447 -0.189627 -0.474255 -0.273170 0.253424 -0.261897 -0.478158 0.041332 0.037061 2.016535 -4.619153 1.305868 -0.113801 -0.187719 0.277568 -1.866178 0.431754 0.845528 -0.015306 -0.126188 0.138036 
231.319168 -30.343857 -3.561071 1.303497 6.645724 1.508328 2.470322 -1.316067 0.965491 -1.087758 0.097254 0.608798 -0.399558 0.793893 -6.450171 1.631199 -0.344910 -0.096440 0.436654 -2.202684 0.697620 0.876776 -0.517291 -0.023695 0.356026 0.750494 -2.106355 -0.686087 -0.784730 0.135860 0.414051 -0.454172 -0.196755 0.554610 0.143299 -0.113136 0.073286 
231.482361 -29.748148 -10.458419 1.170415 5.883669 2.007375 2.721366 -2.998682 1.524438 0.259267 -0.491831 0.530347 0.309461 -0.139951 -4.726038 -0.727256 -0.900013 0.082092 0.353847 -1.181515 -0.140086 0.847324 -0.191560 -0.184941 0.183633 -1.206478 2.824427 -1.245500 0.018782 -0.075647 0.099634 0.797586 -0.791603 -0.480127 0.461945 -0.140506 -0.253822 
244.854004 -30.623760 -13.013147 -0.151014 4.845698 1.672512 3.178016 -3.679097 0.685319 0.606889 -0.285867 0.238917 -0.032291 -1.619063 -0.801317 -0.859800 -0.307345 -0.247735 0.635922 -0.607512 -0.885585 -0.083477 0.406599 -0.304707 -0.151618 0.113860 4.604035 1.188794 0.869898 -0.610881 0.616663 0.610371 -0.153715 -0.068551 -0.095918 -0.309431 -0.007383 
0.000000 -32.986274 -12.061054 -0.549185 5.268979 1.511906 3.993209 -4.213705 -0.246733 0.092312 0.321367 -0.079066 0.006226 0.087769 4.482032 1.650331 0.839783 -1.139670 1.587172 0.039228 -0.447515 0.710222 -0.383396 -0.803803 0.168868 1.598028 2.911606 1.403911 0.284934 -0.931689 0.409527 0.859985 0.502782 0.790460 -0.818828 0.098314 0.069321 
290.354309 -30.448221 -4.049083 3.149649 6.525264 -0.606828 6.352360 -3.600641 -0.209711 2.027334 -1.052659 -1.368688 0.305445 1.576993 5.021895 1.948021 0.262523 -2.111112 1.454976 1.112458 0.119980 1.497443 -1.231058 -0.108079 -0.012975 -0.739046 -1.990444 -0.557694 -0.604915 0.018336 -0.779184 0.416077 0.183648 -0.136250 0.161362 0.739207 -0.139170 
231.254684 -29.832288 -2.017265 3.346857 5.794026 -2.710318 6.903161 -1.988789 -0.006774 3.087199 -2.140748 -0.295224 -0.019724 -1.390323 0.501144 0.534944 -0.370048 -1.102998 0.028804 0.871382 -0.080220 0.437722 -0.060672 0.674612 -0.109471 -2.191579 -3.350070 -0.404829 -0.121750 1.202567 -1.158580 -0.172862 -0.317303 -0.854002 0.918257 -0.162557 0.066465 
205.572662 -33.228868 -3.046796 4.219537 5.785169 -2.812824 6.409968 -1.857876 -0.370151 2.902777 -1.174002 -0.019464 0.086504 -2.806165 -1.678246 1.138363 0.019023 0.294022 -0.862184 0.766735 -0.514627 -0.210560 0.605456 -0.433192 0.119955 1.701920 0.811082 -0.126195 0.016360 0.486192 -0.658512 0.219176 -0.193186 -0.869192 0.058512 -0.453298 -0.039277 
187.900635 -35.444618 -5.373756 5.623582 5.832071 -2.122274 5.178793 -0.455319 -1.036027 2.666079 -0.929837 -1.161608 0.220186 2.013516 2.123308 0.282554 -0.337328 -0.130613 -1.288220 1.309735 -0.466591 -1.300663 0.056353 -0.231984 -0.188025 2.962958 3.660908 -1.134737 -0.577134 -0.266748 -0.227606 -0.005765 0.432248 -0.526100 -0.442146 0.339660 -0.123841 
180.350571 -29.201836 1.199821 4.784646 5.110514 -3.074051 3.833529 0.761594 -1.303334 0.301450 -1.061297 -0.483431 -0.289547 3.119751 5.643569 -1.131112 -1.135245 -0.239474 -1.317396 0.755205 0.349869 -1.262760 -0.278837 0.246129 -0.127728 -1.474943 -0.182037 -0.315233 -0.454295 0.565539 0.329085 -0.953340 0.883957 0.563272 0.356757 -0.005057 0.258990 
174.706894 -29.205115 5.913383 3.361359 3.561581 -2.601223 2.544001 1.055092 -0.336289 0.140559 -1.487510 -0.669351 -0.035269 -0.936371 1.759235 -0.347912 -1.245917 1.000465 -0.630050 -0.596945 1.301324 -0.174119 0.769867 -0.242098 0.329955 -2.266953 -4.072024 0.705549 0.059035 0.746153 0.477352 -0.812983 0.265867 0.642885 0.413297 -0.124056 0.046846 
161.457275 -31.074578 4.718291 4.088822 2.618679 -1.073121 2.573429 -0.432296 1.299313 -0.046787 0.478436 -0.967626 0.370363 -1.414156 -2.500479 0.279985 -1.017176 1.252832 -0.362691 -0.870761 0.881603 0.023009 0.547757 -0.001983 -0.034035 0.339412 -2.644801 -0.168152 0.122293 -0.316048 0.500592 -0.033853 -0.683594 -0.119976 -0.486388 0.211563 -0.358058 
148.774567 -32.033426 0.912425 3.921330 1.527228 -0.095559 1.818618 -0.686429 1.426917 0.186577 -0.391997 -0.673318 -0.103339 -0.257547 -3.530367 -0.684215 -1.001331 0.368369 0.371134 -0.664650 -0.065864 -0.414070 -0.202908 0.181029 -0.386162 1.323040 0.231304 -0.976579 0.245079 -0.779576 0.638528 0.331226 -0.533377 -0.098099 -0.206359 -0.051306 0.068143 
144.784317 -31.589673 -2.342443 2.720392 0.616016 -0.336384 3.315697 -1.761597 1.167584 -0.874926 0.072620 -0.605569 -0.401961 1.231925 -2.037871 -1.673173 -0.527018 -0.306320 0.914364 -0.208309 -0.185152 -0.173188 0.135039 -0.104596 0.102251 0.672915 1.963604 -0.425900 0.624330 0.150536 -0.370039 0.402586 -0.147964 0.131929 0.143009 -0.144399 0.313809 
141.122284 -29.569576 -3.163316 0.574984 0.473192 -0.708200 3.647346 -1.103047 1.056614 -0.159800 -0.121919 -0.882510 0.101163 1.088283 0.396840 -1.536015 0.247329 0.669440 -0.368944 0.140522 -0.361792 -0.150211 0.083110 -0.107770 0.241456 -0.658910 1.181130 0.675768 0.466485 0.559540 -1.067994 0.306137 0.056152 -0.216109 -0.092818 0.066748 -0.026716 
140.232422 -29.413106 -1.548762 -0.351639 1.110674 1.002497 2.577809 -1.480554 0.444001 -1.175348 0.238839 -0.821108 0.080952 -0.085895 0.324389 -0.321637 0.405953 0.812760 -1.221623 0.403965 -0.072848 -0.605407 -0.050597 0.028900 0.048818 -0.577752 -0.387117 1.258072 0.266041 -0.733896 0.036243 0.132565 0.330581 0.272615 -0.294301 0.037151 -0.190983 
138.803665 -29.741367 -2.514537 -0.068290 1.285099 0.917321 1.204099 -0.295116 0.910917 -1.370614 -0.223113 -0.824709 0.198799 -0.067221 -0.377393 0.980129 0.779410 -0.798352 -0.296458 0.405651 0.299371 0.395018 -0.505492 -0.033468 -0.140510 0.334429 0.345213 0.890729 -0.302547 -1.713240 0.858502 -0.466455 0.110945 0.453256 -0.203188 0.075668 -0.115721 
135.969772 -29.547548 -2.303548 1.608620 2.669493 -0.594207 1.984892 -0.669252 1.042743 -0.385311 -0.772145 -0.888044 -0.200068 0.582962 1.014816 1.459820 -0.199141 -2.613720 0.495381 -0.528945 0.149042 0.301105 -0.456973 0.180237 -0.182624 0.682627 0.223013 -0.080569 -0.648486 -0.925550 -0.387472 -0.175183 -0.204637 -0.149175 0.154758 0.082010 0.298631 
137.798248 -28.575443 -0.484904 2.851350 0.886816 -4.310120 2.194861 -1.353006 1.209001 -0.768404 -1.137059 -0.464236 -0.166450 1.298034 0.068633 0.818992 -0.517562 -2.649451 -1.071403 0.055285 -0.109902 0.096668 -0.195977 0.130551 0.456752 -0.377688 -1.075358 -0.618710 0.345927 0.986506 -0.941599 0.811753 -0.130055 0.080192 0.270676 0.090713 0.207695 
139.252319 -26.951480 -2.166282 3.246603 1.634369 -5.893109 -0.157913 -0.558681 0.822940 -0.191974 -1.164098 -0.626941 0.713435 -0.172413 -1.135899 0.222400 0.492713 -0.640708 -1.387816 1.094561 -0.111067 0.461489 0.084379 0.361662 0.232766 -1.500849 0.521334 -0.435262 0.460243 1.273008 0.609270 0.302558 0.074521 0.103067 0.088054 -0.139270 -0.258662 
142.274475 -28.920269 -2.756703 3.296150 1.872242 -5.591536 -0.580771 0.836117 0.986867 0.154573 -0.968302 0.259088 0.299081 -1.703663 1.111300 -0.051532 0.402924 -0.103434 0.147138 0.660402 0.039140 0.302803 -0.019869 -0.147989 -0.060572 -0.226755 1.611049 -0.303876 -0.097313 0.313812 0.512086 -0.438600 0.176094 -0.346852 0.067829 -0.312480 0.046846 
147.665894 -30.358807 0.056318 3.143540 2.440218 -6.099978 0.136362 0.762122 0.901221 0.413631 -1.203835 -0.922919 0.592291 -0.625923 2.086198 -0.385352 0.298086 -0.013084 -0.363644 0.217361 0.241121 -0.232216 0.220037 -0.263297 0.326458 1.121110 -0.112758 0.280934 -0.702857 0.310150 -0.338865 -0.509194 0.145241 -0.173152 0.334943 -0.064285 0.053073 
153.229263 -30.172115 1.415693 2.525446 2.468414 -5.617704 -1.308059 1.270840 1.469108 -0.309858 -0.528229 -0.267506 0.951997 0.538556 0.885784 0.510337 -1.002790 0.516866 -0.530592 -0.357986 0.329622 -0.043502 0.650017 -0.276560 0.045573 0.353364 -1.168221 0.378965 -0.306286 0.499631 -0.003605 -0.390752 0.093092 0.395327 0.262368 -0.001319 -0.383217 
166.410706 -29.281695 1.827886 4.164213 0.434638 -5.066247 -0.924821 0.046151 1.560465 0.326628 0.096198 -1.476038 0.683438 0.080806 -0.250243 0.372579 -0.314486 0.986178 -0.370854 -0.564142 0.427304 0.558439 0.744774 -0.265934 -0.439976 -1.334509 -0.590673 -0.463753 1.032253 0.201943 -0.184982 0.690532 -0.086648 -0.019399 -0.170713 0.514647 -0.300810 
176.718124 -30.010502 0.915207 3.270604 1.839441 -3.645347 -2.049768 0.142556 2.323715 0.807019 0.961318 -0.799374 0.072044 -2.130463 -0.295562 -0.417170 1.061715 0.920751 -0.900555 1.023078 0.156325 -0.082299 0.308590 0.752735 -0.556047 -1.970169 -0.628073 0.060504 0.887205 -0.368447 -0.024217 0.491609 -0.462281 -0.570911 -0.532171 0.253226 0.070262 
189.076050 -33.542621 1.236762 3.329872 2.558068 -3.224744 -2.725931 2.092307 1.873115 0.162030 0.713379 0.029432 -0.428657 -3.859532 -1.506389 0.493587 1.459924 0.249284 -0.419288 0.419076 -0.497259 -0.583383 -0.319568 0.240518 -0.299451 -2.251158 -1.813828 -0.083334 -0.158745 -0.048563 0.823735 -1.289505 -0.134309 -0.146457 -0.384487 -0.502154 0.149850 
194.199478 -37.729566 -2.097571 4.257777 4.759289 -3.146779 -2.888344 0.980707 1.329197 -0.359746 0.322183 -0.318338 -0.526859 -6.632779 -3.923219 -0.583839 0.744224 0.823625 0.746914 -1.555932 -0.112292 -0.375214 -0.460383 -0.251574 -0.256347 -2.227925 -2.261584 -1.018089 -1.912707 -0.025027 1.265341 -0.662164 -0.063756 0.415508 0.888989 -0.136452 -0.172655 
182.202621 -46.808179 -6.609675 2.162194 4.046517 -1.577493 -1.232103 -1.019557 1.648531 -0.588398 -0.207387 -0.473716 -0.941351 -8.315382 -6.029556 -1.542591 -2.365490 0.199230 2.111394 -0.905253 -0.624771 0.247633 1.458411 -0.032386 -0.644761 4.353124 0.791032 -0.971796 -1.926845 -0.376086 0.410456 0.603421 -0.195531 0.521359 0.324337 0.049129 0.451076 
205.878525 -54.360331 -14.156684 1.172596 0.028309 -2.748320 1.334445 -0.829798 0.079655 0.135520 3.239005 -0.383111 -1.816380 2.073469 -2.341154 -2.527430 -3.109466 0.071454 1.567826 -0.349089 -0.503354 0.667504 0.188291 -0.153316 0.645805 9.709287 3.432222 -0.438363 0.588912 0.054359 -0.801818 0.069414 0.437601 -0.070419 -1.640511 -0.323087 1.004602 
0.000000 -42.661241 -11.291983 -2.892666 -2.172415 -1.434585 1.903549 -1.717736 0.641823 0.746610 0.169195 -0.780347 0.350258 11.103191 0.834887 -2.419317 -1.187666 0.307949 0.507758 -0.766424 0.250432 0.106795 -1.822611 -0.678561 1.364443 2.468167 1.461592 1.520011 2.049815 -0.029016 -0.814766 0.105500 0.208379 -1.030582 -0.354730 -0.390567 -0.482313 
0.000000 -32.153949 -12.486910 -3.666039 -2.347023 -2.132423 2.349961 -2.362647 0.580518 0.349109 -0.406217 -1.740233 0.912506 7.009802 0.582030 0.512591 0.990164 0.013422 -0.061706 -0.138089 -0.086596 -1.393660 -0.521168 -0.934450 -0.318821 -5.091699 0.493136 1.523886 1.384718 0.052780 -0.354649 0.969967 0.132816 -0.441591 0.839682 0.292125 -1.007440 
0.000000 -28.641637 -10.127923 -1.867485 -0.192088 -1.407741 1.780137 -1.993914 0.468631 -2.040710 -0.873142 -2.649247 -0.287384 0.919793 1.821158 0.628455 1.581770 0.413508 -0.201540 1.173509 0.516063 -0.776386 -0.143246 -0.094312 -0.650438 -4.651030 -0.073295 -0.447409 -0.463884 -0.347543 -0.046887 0.516801 0.299342 0.904894 0.236574 0.861968 0.257222 
0.000000 -30.314364 -8.844594 -2.409130 0.816517 -1.305407 1.946881 -0.015628 1.612644 -1.203664 -0.692709 -1.928857 -0.388369 -2.292258 0.435440 -0.382227 0.062397 -0.681665 -0.155480 0.895513 0.512087 0.416128 -0.048021 0.789486 0.195622 -3.065380 -1.768820 -0.648317 -0.941370 -0.579511 -0.191061 -0.680598 -0.257022 0.334139 -0.186078 0.172749 0.610133 
0.000000 -33.226153 -9.257043 -2.631938 -0.067294 -2.771071 1.469177 -0.202887 1.492806 -1.208454 -0.969183 -1.070274 0.103861 -5.210968 -1.716482 -0.668179 -0.300970 -0.745514 -0.583662 -0.187688 0.002019 -0.108108 -0.515402 0.251186 0.569829 -3.323500 0.551360 -0.151914 -0.545018 0.057622 0.225637 -0.207506 0.134626 0.003411 0.288944 -0.420210 0.105682 
0.000000 -40.736299 -12.277558 -3.745488 0.214576 -2.796434 0.779556 -0.391004 1.616682 -1.419880 -1.723513 -1.426485 0.751288 -8.939257 1.538160 -0.686055 -1.027640 -0.566420 0.295795 0.480502 0.781340 0.422951 0.529866 -0.050935 0.406986 3.893094 5.369327 0.542553 -0.350254 0.201153 1.087839 0.138703 -0.465007 1.144268 0.399306 0.388228 -0.451826 
0.000000 -51.104667 -6.180723 -4.004048 -2.122573 -3.903912 2.060766 0.758117 3.055485 -0.362552 0.090549 -1.172144 0.917833 2.575220 9.022172 0.416927 -1.001478 -0.343208 1.592015 0.089719 -0.927994 2.180427 0.283210 1.027642 -0.333824 11.426382 1.377455 1.076199 1.234929 0.395003 0.426400 -0.974427 -1.017496 0.178271 -0.350844 0.236179 -0.171865 
0.000000 -35.585859 5.766785 -2.911634 -1.788381 -3.482850 3.963586 -0.211566 -0.239306 2.940975 -1.157093 0.628799 0.083641 13.913506 4.293069 1.466343 1.442219 0.223585 1.148595 -1.468352 -1.253653 0.779493 -0.171822 0.421423 0.063256 2.568904 -6.002801 0.352637 0.724582 0.379211 -1.030756 -0.406479 0.857212 -1.629344 0.058330 -0.875774 0.388604 
166.113098 -23.277655 2.405416 -1.071361 0.761865 -3.456741 4.357957 -2.178587 0.548178 1.196434 -0.253094 -0.329297 1.044345 7.713029 -2.983430 1.122200 0.447686 0.415213 -0.469498 -0.723240 0.786430 -1.078261 0.399870 -0.723905 0.443384 -6.232297 -2.719320 -0.307266 -1.080996 0.265548 -0.953708 0.927207 0.293973 -0.466761 0.289974 -0.344419 -0.283448 
165.026016 -20.159801 -0.200076 -0.667233 -0.893008 -2.652424 3.024591 -1.658045 1.333553 0.784453 -0.357353 -0.819011 0.970408 1.448913 -1.145570 0.851812 -0.719772 0.754681 -0.758820 0.386062 -0.665707 -0.154029 0.408126 -0.267416 -0.503640 -4.457316 1.276950 -0.259942 0.149051 0.545589 0.489709 0.366251 -0.701006 0.432248 0.217485 0.298089 -0.644801 
168.923477 -20.379830 0.114276 0.632264 -0.677679 -1.947379 2.840317 -1.406464 -0.783236 0.888376 0.563157 -0.864128 0.037065 -1.201603 -0.429529 0.602316 0.745787 1.506391 0.509920 0.009263 -0.615582 -0.213764 0.834841 -0.127728 -0.846218 -3.697891 0.548170 -0.119425 1.388932 0.123682 0.555513 0.077669 0.395388 0.338617 -0.583044 0.283347 0.315947 
176.201981 -22.563007 -1.059134 0.537400 0.598567 0.360358 4.044431 -1.639519 0.102389 0.356925 1.312329 -1.074466 -0.722028 -5.946869 -0.049230 0.612962 2.058092 1.002045 0.352205 0.541399 0.125069 0.523205 -0.757961 0.299278 0.128253 -1.896278 0.263942 0.552889 0.607870 -0.862690 -0.717103 0.044485 0.477759 0.184694 -0.906151 0.364352 0.603989 
181.360229 -32.273569 0.015816 1.858188 3.438506 0.056710 3.544728 -0.323665 -0.533098 1.934786 -0.952765 -0.265572 0.293570 -4.994160 0.098354 1.708095 1.961527 -0.218990 -0.924286 0.098233 0.339936 0.155625 -0.977462 0.600976 0.361761 2.981330 -0.585271 0.133403 -0.886531 -0.375248 -0.647935 -0.471440 0.134624 -0.887097 0.570209 0.124650 -0.227748 
178.427292 -32.551328 -0.862427 3.953590 4.521620 -0.077621 2.195860 -1.443054 0.782260 0.668175 -0.642595 0.127486 0.001494 0.015790 -1.219772 0.879768 0.285030 0.251549 -0.943665 -0.401481 0.394318 -1.250989 0.382457 0.548578 -0.327243 3.551564 -0.076658 -1.456002 -1.134927 0.304827 0.155215 0.542812 -0.204613 -0.537770 0.606412 -0.306372 -0.105606 
170.524872 -32.241989 -2.423728 3.617725 4.008565 0.559809 1.657398 -1.126626 0.255538 -0.567191 -0.187851 0.831583 -0.360915 2.108968 -0.054962 -1.203909 -0.308327 0.390663 -0.613855 1.183856 -0.069291 -0.919916 0.235362 -0.011768 0.150548 1.238205 1.000588 -1.100887 -0.277016 0.007928 0.814662 0.425827 -0.163258 0.690163 -0.283214 -0.475056 0.374986 
166.090271 -28.333392 -0.972350 1.545772 3.904967 0.703705 0.968150 0.924658 0.643678 -1.171657 -0.171871 0.103950 0.302590 2.492200 0.781404 -1.322006 -0.269003 0.267406 0.685659 0.450173 0.067803 0.129338 -0.183972 -0.401533 0.422729 -2.430030 1.105459 -0.344252 0.284579 0.617921 1.079178 -1.254107 0.106726 0.997425 -0.519381 0.017607 -0.028556 
160.700165 -27.257588 -0.860919 0.973712 3.470559 1.094620 3.028716 -0.226280 0.391143 -0.308516 -0.555795 0.028516 0.484543 -2.751092 2.155957 -1.892413 0.260832 1.626506 1.544502 -1.324358 0.144160 1.074934 -0.803401 0.023446 0.093436 -4.399066 0.906718 -0.297612 0.672003 1.877785 -0.834368 -0.456292 0.232506 0.118684 0.108622 0.284240 -0.342296 
154.544846 -33.835575 3.339564 -2.239054 4.426631 3.956717 4.057153 -1.724058 0.931998 0.978212 -1.778672 0.150841 0.489462 -6.305932 2.594841 -1.917231 1.075002 4.022975 -0.983078 -0.462411 0.532816 0.366706 0.033273 0.166946 -0.261864 0.267351 -0.709991 0.137964 -0.526583 0.042437 -1.380198 1.415461 0.100509 -0.852319 0.743196 0.165640 -0.037084 
148.833908 -39.869453 4.328762 -2.860750 5.620563 9.140571 1.062560 -1.151103 1.456775 0.424896 -0.489249 0.362408 -0.039185 -2.216390 0.735975 -1.616485 -0.792334 1.711381 -1.215895 1.506563 0.345178 -0.629704 0.682991 0.354726 0.019269 3.553240 -1.176733 0.305797 -1.232151 -2.451761 0.632240 0.841249 -0.225013 -0.359876 0.002503 0.040998 0.272728 
143.935532 -38.268356 4.811514 -5.472023 2.841963 7.379479 1.625364 1.289069 1.622355 -0.281196 -0.412691 0.860293 0.527999 0.800548 0.241376 -1.305636 -1.389300 -0.880546 0.281402 1.220086 0.082790 -0.353046 0.038279 0.248943 0.283592 1.508469 -0.247300 0.155424 -0.298483 -1.295963 0.748648 -0.143239 -0.131194 0.138329 -0.322356 -0.052892 0.132162 
