124.929764 -26.017032 1.277302 3.902021 3.071230 -2.045413 0.134566 0.439911 -1.086815 1.455671 -1.237176 -0.744674 0.687226 -0.114595 0.017414 0.494605 -0.404935 -0.036291 -0.108560 0.064374 0.626069 0.292815 0.351951 -0.303601 -0.214437 0.888437 -0.454511 -0.354602 -0.225852 0.307785 0.088344 -0.404872 -0.144097 -0.257490 0.143195 0.191850 -0.086968 
123.239670 -26.246222 1.312129 4.891231 2.261361 -2.117994 -0.082554 0.568660 0.165323 2.041301 -0.533273 -1.351877 0.258352 1.662279 -0.891609 -0.214598 -0.856639 0.579280 0.068128 -0.745370 0.337875 -0.222164 0.638342 0.080098 -0.388374 -0.533318 0.001033 -0.313819 0.341744 0.003588 -0.071954 -0.029337 -0.574319 -0.091510 -0.444796 0.158508 0.268661 
122.587029 -22.692474 -0.505916 3.472824 1.357953 -0.886854 0.270821 -1.050829 -0.411064 1.011343 0.039508 -0.584478 -0.089522 -1.181230 0.019480 -0.133034 0.278553 -0.029114 -0.252467 0.005700 -0.522569 0.109795 -0.537641 0.013414 0.322886 -2.395069 0.740440 0.146091 1.127775 -0.994626 -0.533811 0.836049 -0.605663 0.312384 -0.388616 -0.117529 0.230909 
122.629684 -28.608683 1.351089 4.625163 2.818467 -2.176221 -0.587489 0.580059 -0.879815 2.260892 -1.608555 -1.325048 0.904124 -3.127859 0.589271 0.077584 1.398911 -1.409973 -0.999493 0.926728 -0.873450 0.402604 -0.138890 -0.154961 0.073445 0.306232 0.030985 -0.391274 0.103163 -0.792273 -0.258254 0.358733 -0.029056 -0.263681 0.582055 -0.121898 -0.323962 
122.049873 -28.948192 0.672625 3.627993 4.155774 -3.706801 -1.728165 0.802627 -2.157963 1.816552 -0.238272 -0.894400 0.057368 -0.568767 0.081450 -0.915582 0.484879 -1.613659 -0.768975 0.723167 -0.580681 -0.417567 0.626469 -0.230381 -0.325039 1.629314 -0.204737 0.147303 -0.883720 0.726626 0.594503 0.072660 0.574694 -0.091869 0.104364 -0.069752 -0.071563 
121.554428 -29.746217 1.513989 2.793999 3.788224 -5.403539 -2.125438 2.026393 -2.041176 1.425758 -0.355616 -1.785811 0.254046 0.130768 0.179798 0.372190 -0.368528 0.043279 0.189512 1.072048 0.275938 0.218867 0.069839 -0.294464 -0.069682 0.307915 -0.064304 1.231843 -0.431271 1.397651 0.392380 0.069566 0.524057 0.366042 -0.270764 0.281568 0.026402 
121.242958 -28.686656 1.032221 4.372373 3.418717 -3.620242 -1.349140 2.946723 -1.606088 2.254285 -0.098594 -1.483327 -0.081996 0.047063 -0.047158 1.548103 -0.377664 1.181642 0.015785 0.862300 0.467433 0.314517 0.084940 0.332754 -0.272234 -0.896106 0.084769 0.153491 -0.064728 -0.526206 -0.181602 -0.614527 0.030147 -0.210402 -0.206734 0.332904 0.067591 
120.447212 -29.652091 1.419674 5.890205 3.032897 -3.040254 -2.093868 3.750993 -1.106310 2.054793 -0.185736 -1.120302 -0.290422 -1.661443 0.349336 0.679171 -0.497984 -1.009133 -0.173692 -0.157007 0.336232 -0.201938 -0.343629 0.371344 0.065500 -1.096941 0.278815 -0.432093 0.558819 -1.633404 0.295298 -0.603690 -0.222116 -0.160167 0.026512 -0.184293 -0.025594 
119.086807 -32.009543 1.730894 5.730716 2.422749 -5.638507 -1.696524 2.632710 -0.933623 1.850409 -0.785852 -0.740638 0.049005 -2.146819 0.510472 0.683917 0.739975 -2.085165 0.606380 -0.345079 0.023200 -0.005818 0.137964 -0.035832 -0.323422 0.082473 -0.087475 0.196477 0.665466 -0.020330 0.488536 0.415504 -0.046146 0.377560 0.611771 -0.465287 -0.450363 
117.244431 -33.945729 2.440618 7.258039 4.512848 -7.210585 -0.881107 3.060834 -1.059910 2.043158 0.090193 -1.191966 -0.937265 -1.496498 0.174387 1.072125 0.832948 -1.049793 0.803380 0.674002 0.243941 0.553182 0.879914 -0.559229 -0.835227 0.232331 0.169440 -0.249995 -0.666644 1.213630 0.000846 0.286551 0.029213 0.144031 0.026302 -0.110101 0.082170 
116.853996 -35.002538 2.079667 7.874966 4.088644 -7.738094 -0.089765 3.980713 -0.445742 2.956773 0.973976 -1.859097 -1.621449 -1.682157 0.849352 0.183927 -0.593312 0.342094 0.608073 0.228022 0.081627 0.282244 0.190568 -0.256034 -0.159081 -0.651612 0.432055 -0.663274 -0.725675 1.070279 -0.458510 -0.362492 -0.015572 -0.232660 -0.651650 0.192881 0.592102 
232.579254 -37.310044 4.139323 7.625893 3.326224 -6.526396 0.335039 3.516879 -0.896657 2.607645 0.471329 -1.704034 -1.255428 -2.799722 1.038496 -0.254422 -0.618403 1.090764 -0.113641 -0.050982 0.212797 0.087862 -0.423386 -0.173468 0.348978 -2.790542 -0.553155 -0.974150 0.103140 0.839511 -0.326957 -0.521543 0.436581 -0.110569 -0.540308 0.246172 0.432414 
233.779953 -40.601981 4.156660 7.366121 2.851838 -5.556565 -0.317046 3.878750 -0.020148 3.132497 0.127203 -2.206033 -0.923494 -7.263241 -0.256958 -1.764373 -0.387033 2.021116 -0.045841 -0.815064 0.954790 0.061105 -0.890048 0.236311 0.705747 -3.352917 -2.058275 -1.604563 0.214339 1.292324 -0.080759 -0.762973 0.416091 -0.714747 -0.221508 0.663716 0.244673 
234.051758 -51.836527 3.625406 4.097148 2.552159 -2.484164 0.243358 1.886752 1.012922 2.729855 -1.308767 -1.231413 0.156066 -9.505555 -3.078053 -3.463548 -0.189726 3.675412 -0.275159 -1.576927 1.044980 -1.341631 -0.866403 1.153963 0.838324 4.559513 -0.806995 0.298805 0.016176 -0.032007 0.173010 0.176085 -0.521516 -0.523584 0.852484 0.290856 -0.248297 
117.544495 -59.613092 -1.999446 0.439025 2.472387 1.794260 -0.867364 0.724895 2.069811 0.449235 -1.605603 0.101893 0.753154 1.855784 -1.870949 -1.166763 -0.354682 1.957103 0.300179 -0.462894 -0.088243 -0.986063 0.814921 0.818023 0.209153 6.824206 2.501497 2.203155 0.940557 -0.888577 0.299513 0.735962 -0.018077 0.868201 0.518495 -0.309017 -0.244843 
394.183105 -48.124959 -0.116492 1.763621 1.842795 1.430043 0.843717 0.960963 0.836437 0.757728 0.321075 0.404634 0.574373 4.142857 1.924941 0.942761 1.691389 1.898259 0.323868 -0.105003 1.008826 0.394770 0.170587 0.535929 0.348639 -1.934543 1.604829 0.781190 1.364988 -0.143837 -0.269176 0.234089 0.446523 0.717396 -0.637101 -0.366090 0.229394 
125.737465 -51.327378 1.850436 2.324548 5.855164 5.590777 -0.219629 0.514888 4.087463 1.238776 -1.264429 1.173752 1.450432 -2.013301 1.338709 0.395616 2.375294 1.669429 -0.238173 0.005284 0.804802 0.448728 -0.459281 0.085843 0.667941 0.810624 -1.406958 -1.509575 0.976392 -1.859386 -0.487725 0.766067 -1.451585 -0.093406 -0.323994 -1.011985 -0.125427 
124.812584 -52.151561 2.560926 2.554852 6.593383 4.768901 0.367372 0.971531 2.446041 1.655185 -0.597487 0.576319 1.910255 5.764105 -0.888976 -2.076389 3.644173 -1.820512 -0.651582 1.427131 -1.894344 0.207958 -0.477402 -1.488041 0.097786 6.088569 -1.352265 -1.729652 0.167874 -1.907131 -0.016481 0.855207 -0.910789 -0.190931 -0.365937 -0.754001 -0.814359 
126.738503 -39.799168 0.072484 -1.828231 13.143511 1.949752 -1.522793 3.369151 0.298776 1.654691 -2.219232 -1.802330 1.646003 10.163837 -1.365820 -3.063689 2.711041 -2.144833 -0.271135 1.715699 -1.016775 0.066865 -1.191155 -1.422160 -0.960778 0.614434 0.079680 1.466349 -3.479548 0.421653 0.689478 -0.098019 1.251680 -0.115598 -0.093065 0.492744 -0.720525 
127.774475 -31.823887 -0.170714 -3.572525 12.015466 0.479235 -0.174897 4.402929 0.412491 1.788915 -2.979796 -2.268001 -0.011300 6.992974 -0.729617 0.856309 -3.314923 -0.977206 0.727374 1.231094 0.609016 -0.023239 -0.663531 -0.502553 -1.343264 -4.134017 0.707531 2.244775 -2.704092 0.855067 0.011627 -0.757172 0.908014 -0.230637 0.564382 0.606882 0.421810 
126.778625 -25.813221 -1.386749 -0.115612 6.513666 -0.004661 -0.068044 5.831339 1.516809 1.608213 -3.546293 -2.807436 -1.040525 1.895802 0.049241 1.425862 -2.697143 -0.434700 -0.247881 0.201354 0.799253 -0.394409 -0.062390 -0.208396 -0.117157 -5.708615 0.969704 -0.741765 1.269595 0.477499 -0.712109 -0.755678 -0.316877 -0.014200 0.571088 0.474493 0.993573 
124.788284 -28.032283 -0.072232 -0.720800 6.621180 -0.390165 -0.670659 4.805637 2.010997 1.000097 -3.104576 -2.684793 -0.245615 -4.424256 1.209791 -0.627220 -0.775732 -0.022208 -0.696843 -0.280261 -0.024738 -0.051640 0.478646 0.446432 0.643881 -6.045430 0.510223 0.601654 1.080027 0.703711 0.270229 -0.332349 -0.734682 0.167544 0.459136 0.339172 0.017565 
122.315712 -34.661732 1.032834 -1.370052 4.962201 -0.049076 -1.461729 5.270816 1.467333 1.504933 -2.589002 -1.914572 0.247238 -10.195057 1.069687 2.629170 -0.537088 0.972723 0.292576 -0.463343 -0.670111 -0.059320 0.855882 0.469948 -0.082028 -4.000192 -0.783281 2.179212 0.138760 0.641159 0.889738 -0.855111 -0.442793 -0.276956 0.444546 0.080970 -0.636954 
0.000000 -48.422396 2.067142 4.537539 5.547005 1.555280 -0.085506 3.878950 0.670775 0.881456 -1.392813 -1.744896 -0.409671 -12.424639 -0.356771 3.731204 -0.498212 1.260110 1.082633 -1.990483 -0.910325 -0.605552 1.367738 0.608372 -0.630027 4.692630 -4.489821 -2.060127 -0.101515 -0.575178 -0.779550 -0.216847 0.478833 -0.465337 -0.097337 0.308687 0.146908 
0.000000 -59.511010 0.319291 6.092356 3.965777 2.471144 0.703536 1.289849 -0.353316 0.293829 0.146473 -0.697828 -1.012815 -0.809797 -7.909954 -1.491084 -0.740119 -0.177633 -1.266523 -0.897038 0.287556 -0.989993 0.661208 1.087323 0.211789 10.692762 -5.448053 -3.535567 0.732730 -0.966409 -1.689826 1.025111 0.906311 0.136399 -0.798429 -0.130485 0.789693 
370.578064 -50.041991 -13.752766 1.555372 4.066767 1.200015 -2.618552 2.084875 1.245886 -1.098531 -0.070397 0.429751 0.013906 8.960885 -11.252877 -3.339930 0.967248 -0.672709 -2.297019 0.059739 0.902298 -0.332753 -0.229119 0.347401 0.949360 2.380547 2.460366 0.533533 0.193515 -0.191861 0.499001 0.424852 0.128729 0.715072 -0.591152 -0.797988 0.042395 
0.000000 -41.589239 -22.186463 -0.587503 5.900274 1.125726 -3.890502 1.409328 1.451279 -0.371677 -0.311766 -0.003026 0.885904 3.951296 -2.989221 -0.424019 -0.353088 -0.561354 -0.268522 -0.047334 0.545014 0.440150 -0.521095 -0.508653 0.296578 -4.683814 8.485793 2.977299 -1.038678 -0.219763 1.228279 0.070906 -0.547875 0.371003 0.493787 -0.085944 -0.521445 
0.000000 -42.139398 -19.731209 0.707335 3.360591 0.077307 -3.155596 1.990207 2.335915 -0.218231 -1.112587 -0.587555 0.607062 -0.406743 5.718708 2.614668 -1.110108 -1.112235 0.159540 0.201550 -0.193452 0.409254 0.758454 0.175513 -0.093530 1.045521 6.019720 1.602133 0.876571 -0.309777 -0.274103 -0.207508 -0.956808 0.219772 1.103858 0.693068 0.128892 
0.000000 -42.402726 -10.749046 4.641833 3.680059 -1.098743 -3.571422 1.812428 1.064376 0.446830 1.205142 0.348000 0.698844 6.042338 9.050219 2.780248 1.400054 -1.180907 -0.816727 -0.462349 -1.368603 0.879693 1.686621 0.877484 0.554362 3.548769 -0.519109 -0.817632 1.561388 0.334878 -0.159667 -0.392945 -0.785447 0.251693 -0.314128 -0.153757 0.281433 
0.000000 -30.054721 -1.630770 6.267831 6.160699 -2.284507 -4.789050 1.065509 -0.401291 1.541156 2.260654 1.167413 1.715787 6.690795 4.680491 0.979404 2.012669 -0.442479 -0.159795 -0.584341 -1.764347 0.912640 0.130197 -0.132001 0.469336 -3.869860 -4.531044 -1.052702 -0.782409 0.611789 0.709223 0.127193 0.245735 -0.241875 -1.199453 -0.755629 -0.303224 
135.114426 -29.021135 -1.388063 6.600641 7.705397 -1.983702 -3.891012 0.643747 -2.464318 2.272110 1.465536 0.083998 1.637516 -1.697381 -0.011869 0.674845 -0.164764 0.042670 0.601719 -0.207964 -0.877132 0.395944 -0.712286 -0.633774 -0.052086 -6.984845 -2.854641 0.466793 -2.306246 0.489966 0.671668 0.170413 1.371188 -0.793106 -0.042068 0.116710 -0.399059 
130.627533 -33.449484 -1.654508 7.617521 5.831171 -2.199167 -3.585612 0.649581 -2.155555 2.333044 0.836082 -0.100136 1.611616 -7.278894 -1.028791 1.912990 -2.599823 0.537453 1.183542 -0.243514 0.978030 -0.673572 0.046061 0.101420 -0.328782 -0.081885 0.711996 -0.747022 -0.918816 -0.061149 -0.164597 0.291181 0.834450 -0.395694 0.371927 0.131785 -0.243149 
127.820503 -43.578924 -3.445645 10.426621 2.505752 -0.908796 -1.523929 0.156720 -0.508258 0.924965 1.557657 0.286838 0.979952 -1.861151 1.412122 -0.819199 -2.002396 -0.079627 0.272524 0.374399 0.791768 -0.395445 0.031568 -0.370204 -0.538384 8.876686 2.135411 -3.165223 1.609524 -0.955856 -0.983504 0.270567 -0.564031 0.568829 -0.475929 -0.670289 0.022101 
130.682678 -37.171785 1.169736 5.979122 1.826379 -2.358421 -3.040563 1.398379 -0.572019 1.542154 0.899219 -0.840544 0.534848 10.474478 3.242032 -4.417457 0.619225 -1.374259 -0.783466 0.297620 -0.150033 0.464086 -0.905798 -1.239158 -0.284581 4.699012 0.071641 -1.243981 1.201827 -0.238894 0.001641 -0.492125 -0.417319 0.501174 -0.179338 -0.055277 0.277027 
128.748322 -22.629968 3.038419 1.591708 3.744202 -3.657314 -3.090861 0.751959 -0.808324 1.853137 -0.253938 -2.191479 0.410790 7.536874 1.555404 -3.307162 0.401259 -0.557415 0.275806 -0.609852 -0.042870 0.606904 -0.327107 -0.480758 0.015670 -5.533638 -1.193212 1.662752 -0.864211 0.949215 0.538271 -0.174021 0.087949 -0.159493 0.683294 0.575490 0.454558 
125.387642 -22.098037 4.280544 -0.635202 2.628896 -3.473250 -2.488952 0.178676 -0.657760 2.755962 0.245005 -1.802061 0.566188 -0.592798 0.855607 -1.091953 -1.109196 0.524171 0.293075 -0.050422 0.025865 0.145100 0.460791 -0.088178 0.624535 -4.373332 -0.970869 1.561297 -0.307375 0.857849 -0.389484 0.571891 -0.134076 -0.391603 0.087064 0.367695 0.124288 
122.605347 -23.815564 4.749634 -0.592198 1.525809 -2.608971 -2.504711 0.651114 -0.756595 2.143337 0.667643 -2.367834 1.659860 -1.209790 -0.386334 -0.184569 -0.213491 1.158283 -0.503162 0.533930 -0.311021 -0.176301 -0.152979 0.254631 0.264246 -1.037061 -0.910514 0.584067 0.670386 0.932118 -0.439311 0.191315 0.427486 -0.108825 -0.441452 0.524792 -0.358148 
122.317238 -24.517618 3.507875 -1.004340 2.201914 -1.156684 -3.495276 1.246535 -1.279803 2.403359 -0.060953 -1.292800 1.094680 -2.666920 -0.965420 0.076181 0.231576 2.388408 -0.585546 0.332208 0.880836 -0.072549 -0.422113 0.961407 -0.091761 -1.512760 -1.033209 1.139419 -0.216981 0.521498 0.183600 -0.724826 1.139877 -0.179464 0.127679 0.320752 -0.443237 
126.517120 -29.149404 2.818794 -0.439836 1.988962 2.167844 -3.675803 1.315530 1.005078 1.998238 -0.176582 -0.445021 1.476338 -4.235311 -2.452753 2.094269 -0.647453 2.201279 -0.135962 -0.915723 1.968732 -0.535229 0.102378 0.896134 -0.622228 1.176853 -2.060364 0.888817 -0.172700 -1.469869 0.461745 -0.446722 -0.104385 -0.332496 0.363060 -0.302848 -0.359534 
124.258224 -32.988240 -1.397630 3.184198 0.907009 3.245873 -3.767199 -0.584910 2.657661 1.332902 0.143803 0.499469 -0.149776 -0.313214 -5.086148 1.853814 -0.113823 -0.551329 0.337944 -0.561236 0.672066 -0.737542 0.304008 0.355711 -0.810828 1.568451 0.592811 -0.682263 0.497355 -1.933559 0.336636 0.930273 -1.228033 0.152175 0.315266 -0.564328 0.287175 
124.926193 -29.775833 -7.353503 3.267793 1.761316 1.065186 -2.999914 0.193057 2.349211 0.523154 0.431433 0.266401 -0.145318 -1.098408 -1.267131 0.729742 0.347257 -1.665840 0.537310 0.944824 -0.487335 -0.230879 0.732911 -0.232521 -0.047879 -1.168345 4.350443 0.002950 0.845163 -0.308247 -0.488091 0.530740 -1.079044 0.526236 0.213304 -0.387974 0.620256 
123.906197 -35.185056 -3.931892 4.643683 1.601522 -0.085808 -2.692579 1.304737 1.682992 0.871144 1.609625 0.034426 -0.245533 -2.649905 3.614737 1.859715 1.576504 -1.167823 -0.638237 0.500243 -1.486023 0.314931 0.730616 -0.420238 0.429684 -1.121847 1.674375 0.463251 0.628403 0.888268 -0.438890 -0.873056 -0.122710 0.152818 -0.478844 0.061784 0.266717 
128.255814 -35.075643 -0.124029 6.987223 4.914323 -1.270459 -4.276388 1.193543 -0.622834 1.153015 1.892665 -0.574075 0.714050 -3.342102 2.081618 1.656244 1.604063 0.110695 -0.340471 -0.801288 -0.732754 0.074757 -0.224777 -0.108953 0.485556 -1.306416 -1.503309 -0.530391 -1.283187 1.013661 0.788391 -0.743109 0.888053 -0.240994 -0.447707 0.080851 -0.320782 
126.028252 -41.869260 0.231344 7.956171 4.809648 0.135582 -3.373520 -0.297839 0.217484 1.020659 1.160071 -0.183480 0.725579 -5.262737 0.608120 0.798933 -0.989869 0.859499 0.938544 -0.985975 0.290084 -0.167057 -0.164799 -0.258536 -0.211880 4.442119 0.426558 -2.645032 -0.844692 -0.526581 0.287955 0.474270 0.209000 0.321548 0.172427 -0.636336 -0.313190 
122.601181 -45.601116 1.092211 8.585090 2.934585 0.448538 -2.399299 -0.778408 -0.042666 0.818902 1.563067 -1.091147 0.290291 5.542136 2.934734 -3.633820 -0.085322 -0.942467 0.235440 0.147253 -0.314755 0.717853 0.120077 -1.381625 -0.140824 7.623109 1.342069 -3.298664 1.037518 -1.289658 -0.553304 0.659409 -0.273107 0.397901 -0.164003 -0.157779 0.153818 
125.645546 -30.784989 6.100812 0.688531 4.639004 -1.749351 -2.902641 -0.003333 -0.412025 2.456364 1.400225 -2.946729 0.443932 9.983481 3.292258 -5.798395 1.085166 -1.719817 -0.168064 0.332843 -0.256131 0.628745 -0.492806 -0.574094 0.095756 -1.478152 -1.086303 0.646760 0.091490 0.137038 -0.253032 0.080828 0.017664 -0.402397 -0.234548 0.900191 0.185404 
125.364799 -25.634154 7.676727 -3.011700 5.104918 -2.991097 -2.735426 -0.112722 -0.554927 2.076391 0.577455 -2.239335 0.481803 2.585832 0.762128 -2.340301 0.097658 -0.668390 -0.270625 0.308909 -0.279427 -0.086941 -0.349020 0.418757 0.229984 -5.147610 -1.459928 2.622606 -0.534481 1.013394 -0.121458 -0.034591 0.191240 -0.169574 0.348056 0.368202 0.025261 
123.912300 -25.613324 7.625068 -3.992071 4.834320 -3.086132 -3.443891 0.614486 -0.970879 2.282482 0.702186 -2.109215 0.903901 -0.311738 0.372402 -0.553182 0.016205 0.306971 -0.410980 0.263661 0.126349 0.289597 0.203306 0.162310 0.146277 -1.344003 -0.493729 1.258732 -0.046257 1.006620 -0.085854 0.106530 0.050246 -0.197607 0.397474 -0.205920 0.195936 
124.019463 -26.257631 8.421532 -4.118064 5.137327 -2.377155 -3.557387 0.414600 -0.302228 2.655585 0.984067 -1.914715 0.774358 -0.102174 -0.225329 0.177163 0.005144 1.344849 -0.442334 0.521970 -0.178934 -0.482156 0.445929 0.006917 0.621856 -0.398825 -0.506597 0.615522 -0.020692 0.458717 -0.023235 0.212937 -0.203361 -0.493334 -0.235141 0.079747 0.253564 
124.806183 -25.817671 7.174409 -3.637745 4.844607 -0.396434 -4.328559 1.658425 -1.328748 1.318171 1.594044 -2.095381 2.147612 -1.109388 -0.640791 0.677861 -0.025180 1.224404 -0.457451 0.689534 -0.280372 -0.697071 -0.266976 0.321805 0.653405 -1.776150 0.086885 0.403715 0.116856 -0.298363 0.240285 -0.827489 0.281063 0.334970 -0.545962 0.391902 -0.326462 
124.116264 -28.476407 7.139951 -2.762343 5.086967 0.071654 -4.472289 1.793668 -0.862973 1.261443 0.450116 -1.271105 2.081168 -3.654473 -0.051559 0.984594 0.238855 0.748123 0.038236 -1.133008 0.383192 0.187785 -0.645996 0.790722 -0.031069 -1.009068 -0.328604 1.076237 -0.097913 0.025496 0.312259 -1.087590 0.488771 0.361098 0.223529 0.032091 -0.535734 
121.712280 -33.126617 7.071290 -1.668557 5.322316 1.099812 -4.252087 -0.607591 -0.562364 1.693741 0.302052 -0.513937 2.085474 -3.127524 -1.297999 2.830334 -0.221005 1.275396 0.167067 -1.485646 0.697170 0.025124 0.180082 0.385987 -0.418063 1.481544 -0.796355 1.107955 -0.846376 -0.633759 0.314929 0.328785 -0.042805 -0.020906 0.655365 -0.300618 -0.224558 
115.264633 -34.731454 4.543952 2.898326 4.644957 2.622445 -4.138156 -1.177624 0.531367 1.311690 0.810281 -0.499130 1.245043 -0.691385 -1.644269 3.200505 -1.453898 -0.519396 0.668094 -0.475438 0.297582 0.145973 0.664734 0.189486 -0.480184 0.677114 0.251046 -1.021787 -0.407744 -1.269125 0.299530 0.918191 -0.316610 0.133383 0.171735 -0.061798 0.277061 
111.352371 -34.509387 3.782751 4.732452 2.414520 0.061020 -2.915900 -1.558467 0.032800 1.985687 1.631521 -0.134966 1.125106 -1.773295 -0.795906 0.786761 -1.036493 -1.262855 0.766126 0.350735 0.063950 0.291890 0.523552 0.262390 0.136058 -1.813355 0.383550 -1.930325 0.544172 1.082130 -0.067559 0.084810 0.106597 -0.110203 -0.489664 0.127464 0.237644 
108.696419 -38.278045 2.952139 4.471848 2.571970 0.096734 -2.605904 -0.476154 0.659268 1.895470 1.857384 0.025651 1.517159 -4.318096 -0.877170 -0.660146 -0.365555 1.644865 0.532976 -0.305817 0.510776 -0.074432 -0.314594 0.444413 -0.004897 -0.245979 -0.276086 -1.589677 0.706044 2.299518 -0.055837 0.053364 0.450044 -0.381979 -0.510801 0.032429 -0.235155 
106.379227 -43.145578 2.028411 3.412160 1.683411 3.350749 -1.849948 -2.170100 1.054351 1.836823 1.002333 0.753860 1.115312 -2.265254 -1.348078 -2.392593 0.375594 3.336181 0.654452 0.457464 0.964039 -0.472068 -0.498050 0.327248 -0.334252 4.983150 -0.663073 -1.702329 1.758185 -1.252381 0.425289 1.238544 -0.231164 -0.037017 0.036242 -0.735299 -0.149846 
109.557533 -42.808553 0.255984 -0.313338 3.323158 6.769097 -1.296999 0.438773 2.587345 0.951335 0.861285 0.680147 0.848655 5.648204 -2.203316 -4.064805 3.150815 -0.859897 1.383554 2.171271 0.048447 -0.148467 -0.242111 -1.026184 -0.304588 4.138453 -0.420999 0.151045 1.245205 -2.833566 0.586358 0.196709 -1.259145 0.477825 0.016851 -0.462251 -0.027120 
113.113716 -31.849171 -2.378220 -4.717450 7.985041 1.630956 0.917159 2.172441 1.151245 1.539890 0.518112 -1.298509 0.506136 6.011652 -2.190075 -2.090503 2.866003 -2.330951 1.827168 0.850881 -1.554251 0.483582 -0.464349 -0.597254 -0.388493 -4.534536 0.839686 2.793933 -1.922703 0.740465 -0.323361 -1.062925 -0.476733 0.094740 -0.113289 0.740273 0.202267 
114.685341 -30.785248 -4.124166 -4.494345 9.055165 2.107195 2.357336 2.140535 -0.521158 1.918499 -0.067412 -0.514362 0.071670 -3.420868 -0.523943 1.523061 -0.694592 0.621033 0.736832 0.045420 -0.905020 0.041013 -0.468688 0.454363 0.099946 -6.854808 0.383873 1.979959 -2.057927 1.424293 -1.515574 -0.490057 0.820047 -0.761968 0.542417 0.397161 0.101336 
114.332359 -38.690908 -3.426107 -1.671328 6.595857 2.873021 2.390822 2.263282 -0.658795 1.621915 -0.419264 -0.389784 0.706029 -7.697965 -1.422330 1.869414 -1.249850 0.517635 -1.203979 -0.129233 0.085843 -1.040353 0.620486 0.197069 -0.185821 -0.162133 -0.623708 -0.532577 0.337198 -0.243155 -0.978777 -0.118013 0.529841 -0.466537 0.632550 -0.159792 -0.301473 
112.487083 -46.181177 -6.968825 -0.755517 6.555465 3.142465 -0.050622 1.882069 -0.349471 -0.162208 1.173559 -0.120225 -0.299971 -3.745135 -1.771359 0.457906 -0.020196 0.134722 -1.220722 -0.190606 0.154662 -0.892061 0.796412 0.134779 -0.503000 1.976415 -0.174515 -0.705754 0.614827 -0.191456 -0.008371 -0.030687 0.034409 0.074146 0.087963 -0.031145 -0.158590 
