165.991821 -32.510147 13.559627 1.359617 -2.237224 -2.318622 -0.802854 -0.359812 0.470095 0.002013 -1.649256 -0.842478 0.084297 -0.369325 -0.210282 -0.171011 -0.111642 -0.500580 0.169707 0.178101 -0.090315 0.167541 -0.105663 -0.085951 0.242452 -0.016572 -0.105877 -0.151488 0.057302 -0.184043 0.247246 -0.159540 -0.084574 0.208752 0.003923 -0.108608 0.020937 
159.524338 -33.248797 13.139063 1.017595 -2.460508 -3.319782 -0.463440 -0.003610 0.289465 0.337095 -1.860582 -1.014380 0.569201 -0.402469 -0.422036 -0.473986 0.002963 -0.868665 0.664199 -0.140979 -0.259463 0.585046 -0.097816 -0.303167 0.284326 -0.181886 -0.058977 -0.084756 0.042794 0.195336 0.000781 -0.158215 0.131462 0.131279 0.032131 0.055677 -0.157838 
151.893509 -33.315084 12.715554 0.411644 -2.231298 -4.055953 0.525544 -0.641769 -0.048831 1.172104 -1.844888 -1.448812 0.652950 -0.733097 -0.328236 -0.340524 -0.026053 -0.109907 0.171269 -0.138330 0.172608 0.430099 -0.041401 0.025402 -0.073225 -0.461958 0.222866 0.480241 -0.296838 0.620603 -0.531659 0.209936 0.319528 -0.407416 0.015680 0.271807 -0.146519 
146.775650 -34.714990 12.482591 0.336548 -2.512614 -3.539597 -0.120903 -0.280271 0.634681 1.197294 -1.943384 -0.963575 0.422752 -1.326385 0.023696 0.486496 -0.590713 0.372540 -0.399119 0.278893 0.379594 -0.229787 -0.066456 0.240448 -0.008711 -0.245092 -0.069926 0.088200 -0.022805 0.052862 -0.459686 0.298427 0.205034 -0.639522 0.055340 0.107192 -0.059440 
140.741089 -35.967853 12.762946 1.384635 -3.412723 -3.310873 -0.272694 -0.083983 0.710357 0.712531 -1.977800 -0.967916 0.635527 -1.223280 -0.468089 -0.164124 -0.071664 -0.004184 -0.748103 0.458524 0.582676 -0.848944 0.069278 0.239785 -0.192106 -1.294607 -0.765249 -0.346530 0.290761 -0.230385 -0.176884 0.202010 -0.007797 0.057051 0.246258 -0.089475 -0.159871 
135.288864 -37.161551 11.546413 0.008301 -2.655942 -3.547966 -1.617109 0.636778 1.800033 -0.500595 -1.804827 -0.484005 0.038540 -3.915599 -1.506802 -0.206565 -0.009190 -0.088230 -0.752886 0.682914 0.364000 -0.115684 0.426060 0.061498 -0.328453 -2.310839 -1.945381 -0.179077 0.261889 0.219846 0.507326 -0.150336 -0.637682 0.614827 0.696158 -0.342541 -0.027590 
128.164993 -43.799051 9.749342 0.971504 -3.431104 -3.487333 -1.778467 1.281845 1.438358 0.481163 -1.125680 -0.844920 -0.021379 -5.844959 -4.358852 -0.522278 0.452114 0.435507 0.266549 0.157852 -0.692687 0.380710 1.461595 -0.445296 -0.247286 -1.184808 -2.034437 -0.488750 0.444405 0.386484 0.684411 -0.341485 -0.220282 0.256280 0.179817 -0.180904 0.184676 
55.015091 -48.851469 2.828710 -1.036256 -1.751713 -2.676951 -1.084012 0.952482 0.414659 0.260825 1.118363 -1.374596 -0.456032 -6.285215 -5.575677 -1.184065 0.879620 0.684739 0.615935 -0.000055 -0.076564 0.396876 0.785693 -0.300311 0.040900 1.763592 1.031124 0.476787 0.171209 0.513316 0.066098 -0.277235 0.298000 -0.263548 -1.024152 0.596846 0.178342 
91.159164 -56.369482 -1.402012 -1.396626 -1.671863 -2.117856 -0.546597 1.281735 1.285230 1.274914 0.445707 -1.445541 0.060421 -2.317776 -2.296603 0.431296 0.794533 1.462140 0.398745 -0.396617 -0.096687 -0.146386 -0.586708 0.748397 0.109399 5.032480 2.515471 0.681207 0.177330 0.266858 -0.329473 -0.204181 -0.326590 -0.537041 -0.427811 0.494168 -0.092179 
139.149597 -53.487020 -1.764497 -0.173664 -0.162648 0.247328 -0.286522 0.159247 0.221286 -0.031947 -0.055053 0.122198 -0.237234 3.779745 -0.544736 0.178350 1.234281 1.218456 -0.043011 -0.408416 -0.729743 -0.677206 -0.069928 0.688026 -0.143459 -0.697541 -0.903204 -1.467482 0.561762 0.167886 0.066178 0.081253 -0.426961 0.011219 0.616877 -0.124862 -0.048700 
0.000000 -48.809993 -2.491483 -1.039927 0.796698 0.319056 -0.632620 0.464902 -0.174256 -0.079497 0.305850 -0.069490 -0.226496 -3.712858 -4.103012 -2.503668 1.918057 1.797912 0.531100 -0.234112 -0.950608 -0.123949 0.647047 0.498672 0.011999 -4.490653 0.699820 1.028688 -0.312735 -0.239089 0.608063 0.344881 0.527022 0.502033 0.028615 -0.319185 0.197827 
0.000000 -60.912736 -9.970520 -5.181000 3.673465 3.843152 0.775678 -0.308977 -1.679930 -0.279844 1.239040 1.119542 -0.213237 -5.201561 0.854905 2.235726 0.608810 0.740278 1.173114 0.281347 0.324302 0.326861 -0.012698 0.049655 0.252196 3.875062 5.050565 4.540442 -0.444692 -1.467154 -0.219812 0.600359 1.050217 0.065013 -0.969020 -0.703715 -0.023726 
122.556641 -59.213114 -0.781673 3.431524 2.014319 1.799612 1.713607 1.027595 0.474347 0.574225 0.280453 0.029821 0.277895 4.037267 5.998119 6.577215 1.028673 -1.136396 0.091477 0.966605 1.149825 0.006078 -1.290994 -0.908757 -0.035453 5.816930 0.866215 -0.657990 0.510705 -0.601075 -0.951439 0.392633 0.203742 -0.417867 -0.492791 -0.405308 -0.384790 
150.868759 -52.838201 2.025717 7.973430 5.730812 1.570361 0.958631 1.624234 0.619721 -0.267689 -1.342947 -0.697973 -0.284143 6.432300 2.587335 0.919745 1.630219 -0.461871 -0.729764 1.066613 0.731785 -0.508874 -0.998280 -0.760960 -0.517384 -0.110015 -2.395776 -4.070434 -0.681347 0.197044 -0.318804 0.066906 -0.358930 0.022336 0.680369 0.209392 0.020485 
156.842102 -46.348515 4.392996 5.271015 5.274757 0.875869 0.254080 3.160822 1.937918 -0.443524 -1.716108 -1.492100 -0.756873 3.817236 1.206567 -1.563652 -0.334022 -0.742308 -0.546131 1.100417 0.431965 0.050750 0.069744 -0.489974 0.005518 -4.100612 -2.152428 -0.711896 -1.119231 -0.089950 0.333462 -0.772035 -0.767945 0.479857 0.860571 0.550155 0.346551 
161.267181 -45.203729 4.438851 4.846126 5.062769 0.085745 -0.133630 3.825067 1.483651 -0.166189 -1.203458 -1.677920 -0.273107 -1.768924 -1.717521 -0.504046 -0.608242 -0.641772 -0.062839 -0.477456 -0.804104 0.450840 0.722862 0.339350 0.175718 -3.991611 -1.319826 0.658568 -0.048981 0.518040 0.367468 -1.548268 -0.521266 0.194370 0.221896 0.277107 0.042158 
167.724075 -49.886363 0.957954 4.262923 4.058274 -0.407675 0.128401 2.205910 0.329710 0.458157 -0.270384 -0.813399 -0.405436 -4.165985 -1.433085 -0.246517 -0.431983 0.293772 0.188805 -1.996120 -0.610566 0.439489 0.513536 0.064240 0.089834 4.280913 3.297088 -0.009016 -0.519731 0.817301 0.085595 -0.797884 0.710192 0.335962 -0.384095 -0.261134 0.070434 
252.957275 -53.535699 1.572681 4.353092 4.198803 0.673289 0.243979 -0.167173 0.262519 0.712790 -0.176386 -1.549441 -0.093439 6.792903 4.876654 -0.522079 -1.647703 0.992830 0.108351 -2.073223 0.616281 1.122764 -0.045328 -0.182918 0.316587 7.084195 3.174265 -0.497837 -0.811486 0.062225 0.068888 0.911381 0.529727 -0.148489 -0.064040 0.352604 -0.060706 
213.978271 -36.300558 10.711263 3.218765 0.762868 1.577985 0.345102 -1.940536 1.562271 2.703685 -0.361041 -1.179236 0.227738 10.002406 4.915445 -1.242191 -2.054955 0.418222 0.326580 -0.173357 0.448887 0.142512 0.385456 0.769448 -0.031578 -4.431646 -2.873911 0.114275 0.602337 -0.635976 0.079389 1.556226 -0.582284 -1.193539 0.042654 0.178490 -0.322212 
217.337051 -33.530888 11.403571 1.868710 0.088893 1.509733 0.897140 -0.513887 1.160293 0.997814 0.594526 -0.010545 -0.156595 -2.070389 -0.871168 -0.293528 -0.443029 -0.279123 0.267128 1.039229 -0.548287 -1.264314 0.039979 0.174062 -0.327837 -5.513894 -2.138248 1.068097 0.797276 -0.433064 -0.197962 0.269764 -0.357002 -0.159890 -0.418689 -0.376069 0.114856 
206.251984 -40.441336 8.968928 2.631709 -0.123191 1.019739 0.879359 0.137922 0.465697 0.175057 -0.281083 -0.831112 -0.427936 -1.025382 0.638949 0.894004 -0.460403 -0.447906 -0.069344 0.366172 -0.265117 -0.177267 -0.451922 0.017309 0.198134 3.534739 1.395559 -0.217948 0.313818 0.336431 -0.256914 -0.853056 0.489307 1.003481 0.009604 -0.023454 0.342226 
211.820724 -35.581651 12.681470 3.656718 -0.831912 0.613922 0.758452 0.218457 0.630059 0.643279 -0.309317 0.024074 0.239673 4.999090 1.919950 -0.729423 0.184606 0.393739 -0.246699 -0.666883 0.430326 0.742648 0.059188 0.127154 0.356616 0.687322 -0.919971 -0.817192 0.658079 0.881381 -0.146628 -0.597809 0.364684 0.442129 0.218467 -0.341999 -0.230459 
212.586945 -30.443156 12.808828 1.172862 0.246022 1.807217 0.385961 -1.195843 1.326349 1.660353 -0.162707 -0.576804 0.285296 0.349262 -1.200993 -0.740380 0.855755 1.314857 -0.362599 -0.829446 0.464252 0.706990 -0.014988 -0.666689 -0.262785 -4.844747 -4.232053 1.814426 -0.177616 -0.045121 0.225154 0.518804 -0.245368 -0.587934 0.063676 0.264529 -0.257448 
207.633728 -34.883128 10.279484 2.175959 0.879598 3.243635 0.033255 -1.440435 1.558563 2.057258 -0.339292 -1.309304 -0.285896 -4.690404 -6.544156 2.899430 -0.170625 0.303497 0.203608 0.370726 -0.060410 -0.433220 0.186540 0.656213 -0.158281 4.419418 -1.733045 -0.065190 -0.627217 -1.440993 -0.013800 0.525990 -0.844243 -0.586815 0.252161 0.559782 0.163561 
208.451172 -39.823964 -0.279483 6.971721 -0.095227 2.414211 0.793177 -0.454390 1.205529 0.793913 0.210374 0.735622 -0.031266 9.188098 -4.667082 -0.870759 -0.398678 -1.567129 -0.390198 0.222534 -1.224234 -0.466640 0.489335 0.452875 0.064338 6.858254 3.250378 -2.842043 -0.100571 -0.692402 -0.354446 -0.285478 -0.363205 0.217774 0.130945 -0.512267 0.062479 
208.563568 -16.506933 0.945321 0.434440 0.082243 0.109378 -0.747142 -0.995367 -0.889906 1.123978 0.639378 -0.403553 -0.157221 9.026104 -0.043399 -2.784656 -0.371767 -1.081307 -0.505284 -0.200229 -0.786819 0.002327 0.448431 -0.368322 -0.033322 -9.516037 0.622701 2.100014 -0.337894 0.197520 0.500453 -0.262720 0.849619 0.264707 -0.411792 -0.082717 0.011018 
118.537315 -21.771757 -0.366281 1.402410 -0.838760 0.251597 -0.217392 -0.854848 -0.368109 0.798568 1.107235 -0.001022 -0.097909 -9.843976 -3.421680 3.329269 -1.074465 -1.172088 0.610708 -0.302906 0.475003 0.062774 -0.334249 0.287440 0.086375 -9.989242 -2.563336 2.721682 0.221444 -0.076970 0.271030 0.127119 0.500083 0.239640 -0.565546 0.159296 0.088773 
0.000000 -36.194886 -5.898039 7.092978 -2.066688 -2.234799 0.474273 -1.601179 0.060100 1.249527 -0.029120 0.171328 0.015529 -10.952380 -5.170071 2.658709 0.071121 -1.235246 0.036777 0.054009 0.213347 0.481607 -0.682661 -0.049730 0.144223 4.034704 2.723571 -1.555646 1.291395 1.420844 -0.189203 0.149757 0.091053 0.183574 -0.164591 -0.591505 0.011855 
66.638626 -43.676517 -10.706423 6.719828 -0.696519 -2.218896 -0.143839 -0.746831 0.058584 1.761781 -0.258087 -0.100482 0.190537 -1.774569 2.025463 0.217978 1.508325 1.669600 0.232301 -0.003392 0.657108 0.429922 -0.663430 -0.895570 0.110085 7.050606 7.414242 -1.115761 -0.793035 0.715148 -0.050606 0.232316 0.226713 -0.703987 0.064717 -0.075234 -0.070584 
0.000000 -39.744025 -1.847113 7.528933 0.949963 1.104400 0.938875 -1.607963 1.374316 2.109371 -1.355979 -1.619811 0.235699 3.148831 9.658414 0.427187 -1.514950 0.195049 -0.064436 0.518642 0.666773 -0.926368 -0.553228 -0.200199 0.003056 2.077681 2.573440 -0.659758 -2.171273 -1.934481 -0.590342 0.495032 -0.187355 -0.708874 0.308784 0.740738 -0.111215 
170.300293 -37.378855 8.610404 7.574201 -3.726418 -1.828797 -0.272710 0.290452 1.392131 -0.090955 -1.364543 -0.500880 0.196649 2.380792 7.172344 -1.101538 -2.834221 -2.199362 -0.948383 0.986673 0.282399 -0.987826 -0.045861 0.585907 -0.112346 -0.903226 -3.450026 -0.983241 0.793183 -0.576613 -0.462418 -0.336249 -0.258830 0.698497 0.407782 0.020189 -0.058070 
166.398712 -34.982440 12.497575 5.325856 -4.718479 -3.294324 -0.957892 0.365382 1.939113 0.133719 -1.447702 -0.447998 0.011008 1.342380 2.758361 -1.539296 0.071417 -0.958176 -0.989271 -0.153857 0.149114 0.470626 0.262337 -0.159822 -0.113085 -1.280724 -3.219931 0.758358 1.973592 0.669959 0.002194 -0.490368 -0.278934 0.719412 0.209188 -0.357579 -0.061284 
166.325928 -34.694096 14.127127 4.495610 -3.583583 -3.745150 -2.251253 -0.017261 1.690359 0.850296 -0.839869 -0.820523 -0.029521 -0.180656 0.732482 0.415177 1.112963 -0.859444 -0.943995 0.005936 -0.275469 0.450998 0.372514 -0.129252 -0.234913 -1.658982 -1.465362 1.297454 0.507108 0.549408 0.537026 0.018311 -0.225078 -0.251515 0.021314 0.238688 -0.172042 
171.756271 -35.343752 13.962539 6.156210 -2.492553 -5.013212 -2.845881 0.377255 1.388176 1.035715 -0.702673 -0.706503 -0.458818 -1.975585 -0.172363 1.055612 1.085633 0.140639 0.084780 -0.117234 -0.301043 -0.032404 0.304964 0.317554 -0.457169 -1.172627 -0.463226 -0.148410 -0.390986 0.581423 0.903093 0.327591 0.320818 -0.412336 -0.364678 -0.006455 0.073462 
185.851105 -38.645266 13.782400 6.606834 -1.412317 -3.463872 -2.081692 -0.251730 1.088273 0.785489 -0.229940 -0.185414 -0.943859 -2.525910 -0.193971 0.118357 0.330990 0.303403 0.862192 0.661119 0.366167 -0.373674 -0.356841 -0.142162 -0.087989 -1.571545 -0.953956 -0.416628 -0.618243 -0.126340 0.326086 0.420036 0.122793 -0.054843 -0.239634 -0.224998 0.345682 
199.110779 -40.395571 13.574597 6.392923 -1.830574 -4.406407 -1.121497 1.699492 2.120511 0.288367 -1.416355 -0.990828 -0.634796 -5.118675 -2.080276 0.222355 -0.150854 -0.112040 0.736951 0.722838 -0.055458 -0.142089 -0.174303 -0.132441 0.234195 -1.693122 -1.767187 0.050464 0.127298 0.029851 -0.257847 -0.653188 -0.465737 0.369261 0.379508 0.104732 -0.164979 
202.005356 -48.882616 9.621848 7.051543 -1.714024 -3.687952 -0.607790 1.193946 0.977358 0.501312 -0.578546 -0.450296 -0.475468 -5.912154 -3.728346 0.219285 0.585585 0.363105 0.346498 -0.645257 -0.565307 0.364849 0.402175 0.067301 -0.417947 2.038069 0.741689 -0.276275 0.005020 0.000160 -0.240197 -0.506679 0.132136 0.284333 0.090741 0.172742 -0.071587 
192.286728 -52.219880 6.117906 6.831492 -0.659403 -3.680197 -0.428500 0.408978 0.989898 1.018064 -0.612005 -0.856225 -1.470691 -1.042538 -0.596899 -0.330194 -0.140813 -0.111721 0.256557 -0.290519 0.208814 0.426578 0.007179 0.213043 0.091021 5.582251 3.851292 -0.307336 -0.880181 -0.268436 -0.221454 0.617121 0.620695 -0.391286 -0.383263 -0.062616 0.574013 
0.000000 -50.967691 8.428051 6.391155 -1.995650 -3.911395 -0.094676 0.612907 1.394986 1.354469 -0.564188 -0.024210 -0.293426 5.252347 3.974238 -0.395388 -1.174776 -0.173767 -0.096410 0.588985 0.676083 -0.417723 -0.364350 -0.057931 0.730079 3.917258 1.942913 -0.058747 -0.015746 0.194113 -0.324936 0.372992 0.148526 -0.336670 -0.125906 -0.357514 -0.031221 
192.092606 -41.715185 14.066381 6.040716 -3.008955 -4.027731 -0.621319 1.586948 2.342064 0.182618 -1.340704 -0.972087 -0.010533 6.791978 3.288927 -0.447687 -0.172304 0.276504 -0.393316 0.455465 0.505865 -0.246761 -0.244633 -0.501985 0.028579 -1.578908 -1.884418 0.064875 1.178162 0.437637 -0.015776 -0.371306 -0.236968 0.379904 0.362674 0.137947 -0.543671 
172.431305 -37.383734 15.005905 5.495780 -2.340259 -3.358387 -0.881309 1.523837 2.406716 0.860947 -1.053455 -1.028180 -0.236269 2.094532 0.205401 -0.265637 1.181547 0.701508 -0.127962 -0.153627 0.202146 0.342084 0.360999 0.217964 -0.357263 -3.798112 -2.287478 0.367794 0.425525 0.005101 0.633119 -0.210343 -0.074984 0.141516 0.313480 0.307575 -0.093226 
164.589844 -37.526121 14.477183 5.509441 -0.645861 -2.624715 -0.877243 1.279694 2.746357 0.866786 -0.618707 -0.536160 -0.725059 -0.804246 -1.286029 0.287900 0.678745 0.286705 0.872921 0.034779 0.355897 0.036271 0.382327 0.113166 -0.157873 -3.582415 -1.475789 0.161062 -0.706622 -0.155740 0.492498 -0.052697 -0.204609 -0.170535 0.063122 -0.022412 0.244701 
158.688507 -38.992226 12.433846 6.071581 -0.982770 -2.784976 0.864533 1.593394 3.118510 0.933488 -0.288801 -0.801848 -0.552015 -5.070298 -2.746177 0.056486 -0.231697 0.390027 0.857033 -0.259021 -0.207072 0.001014 0.487243 0.173140 0.132139 -3.294329 -0.780847 0.380129 0.261236 0.206641 -0.662645 -0.409771 -0.812174 -0.058289 -0.103798 0.124149 0.132816 
147.812073 -47.666717 8.984829 5.622414 -1.109255 -1.844662 0.836824 0.761652 2.332212 0.868815 0.355780 -0.189880 -0.460782 -7.392905 -2.847724 1.048159 1.201217 0.699988 -0.452369 -0.784763 -1.268452 -0.080308 0.174732 0.361463 0.107758 2.975045 -0.409987 -0.405752 2.207370 0.788364 -0.757246 -0.520682 0.174938 0.197896 -0.651522 -0.065077 0.053846 
148.193100 -53.778035 6.738398 8.167898 1.419663 -1.385000 -0.040205 0.023867 0.581607 0.772872 0.060663 -0.078922 -0.336498 0.879792 -3.566152 -0.755018 4.183043 1.966756 -0.657459 -1.300384 0.142803 0.396806 -0.815801 0.042986 0.239830 8.025126 -0.791069 -1.330956 1.135867 0.144905 0.566225 -0.206701 0.985239 0.095207 -0.364410 -0.341777 0.171945 
276.114105 -45.907133 1.852525 4.112378 7.256830 2.088850 -0.478094 -1.839116 2.617819 1.662427 -1.275822 -0.103907 0.018878 8.657347 -4.429862 -1.613753 3.472951 0.989798 0.680081 -1.198165 0.702026 0.110106 -0.554089 -0.322090 0.451648 3.314396 1.322125 0.564101 -2.158304 -1.297336 0.557218 0.596455 -0.353941 -0.153754 0.433593 -0.329992 -0.254911 
154.853058 -36.463341 -2.121327 4.940393 8.365565 0.594596 1.319957 -2.372462 1.985658 0.993084 -1.047515 -0.723102 0.566798 7.508584 -0.921903 0.373184 -0.133566 -0.627917 0.456977 -0.107474 -0.565080 0.089299 0.051386 -0.616998 -0.269992 -2.344532 3.981574 0.080412 -2.525839 -0.246767 -0.841839 0.490193 -0.599657 0.271150 0.279355 -0.165034 -0.516697 
161.203812 -30.889965 0.008720 4.858746 6.989698 0.833016 0.435859 -2.054064 1.487660 1.841024 -1.173050 -1.337903 -0.521106 3.968283 3.533286 -1.452929 -1.578726 0.496263 -1.003596 -0.217779 -0.497288 0.652405 0.004621 -0.652157 -0.581745 -4.021702 2.410370 -0.897130 -0.945618 0.714807 -0.575636 -0.228715 -0.035793 -0.084632 0.245225 0.180633 0.076610 
174.278137 -28.526776 4.945246 2.034535 5.208113 1.587123 -0.687235 -2.808020 0.991083 2.297895 -1.038272 -2.027416 -0.596692 -0.534819 3.898837 -1.421076 -2.024802 0.801696 -0.694295 -0.564904 -0.636666 -0.079965 0.541836 -0.255732 -0.116773 -4.069052 -1.431131 0.935017 0.487126 -0.368342 0.544073 0.407666 0.080990 -0.742879 0.188371 0.638545 0.298488 
186.175583 -31.959603 7.806394 2.016595 2.940094 2.436408 -0.952731 -3.183873 0.214328 1.681094 -0.089377 -1.849367 -0.754652 -4.169822 0.671024 0.417105 -0.604475 -0.240422 0.084550 0.597552 -0.335307 -0.833353 0.381364 0.624933 0.015232 -0.007969 -1.532288 0.891820 1.349039 -1.339989 0.524842 0.526591 0.033981 -0.163067 -0.299676 0.180336 -0.035233 
192.620224 -36.866419 6.287294 2.868746 3.999162 1.106279 -0.518135 -1.612915 0.320468 0.631188 -0.275543 -0.777550 -0.566229 -0.550756 0.834262 0.362564 0.673277 -1.878281 0.355388 0.488278 -0.568704 -0.406098 -0.057517 0.104941 -0.187239 3.523385 0.734077 -0.555807 0.427097 -0.581254 0.112451 -0.528477 -0.249754 0.709172 -0.135369 -0.635621 -0.132005 
206.197800 -33.061115 9.474918 2.741723 4.286649 -1.320154 -0.241956 -2.207316 -0.923079 0.868899 -0.204411 -1.639486 -1.129130 2.876949 2.139177 -0.694509 0.249720 -1.402930 0.309451 -0.459401 -0.834816 0.584990 0.110626 -0.646309 -0.248778 0.041046 -0.302668 -0.235405 -0.318102 1.010172 -0.056133 -0.278762 0.258441 0.483976 0.195381 -0.063896 0.204967 
210.209366 -31.112521 10.565648 1.479729 4.498602 -1.699580 0.100768 -2.531717 -1.349164 1.801168 -0.054292 -2.070169 -1.063785 -0.468664 0.228925 -0.108245 0.037073 0.142063 0.243122 -0.069246 -0.051821 0.561855 0.333244 -0.022851 0.222696 0.941950 -2.723259 0.086917 -1.088111 0.915672 0.085021 0.798278 0.475687 -0.568261 -0.042348 0.999447 0.505755 
209.954849 -33.998442 9.932769 2.525232 4.360794 -1.036027 0.244288 -2.345808 -1.026720 1.992608 0.462078 -1.685187 -0.683737 4.760849 -3.307340 -0.520674 -1.926503 0.428414 0.479494 1.137156 0.116558 -0.551533 0.025929 1.352584 0.762732 3.136731 -1.933870 -0.575144 -1.081252 0.004541 0.039416 0.613834 0.033698 -0.690678 -0.301573 0.525480 0.197967 
212.149826 -21.590823 3.950967 0.438380 0.645596 -0.842753 1.059755 -0.257406 -1.116049 0.698103 -0.002434 0.635000 0.461679 5.804797 -3.638815 -1.258533 -2.125430 0.151145 0.321954 1.158423 0.015575 -0.819501 -0.269902 1.028110 0.618630 -4.561530 2.433437 0.844927 0.576873 -0.095748 -0.240075 -0.631577 0.262655 0.257789 0.118984 -0.790136 -0.843140 
105.054260 -22.388848 2.655139 0.008166 0.109934 -0.733738 0.888197 -0.028962 -0.995570 0.353606 -0.077726 0.371033 0.553523 -4.362212 1.559534 1.169180 -0.772757 0.236918 -0.000657 -0.125998 0.641868 -0.035955 0.263898 -0.227687 -0.923548 -5.707680 3.808722 1.387977 1.182682 0.363089 -0.302874 -0.778722 0.045142 0.498953 0.301475 -0.948947 -0.809133 
98.857544 -30.315247 7.070035 2.776740 -0.899919 -0.368917 1.058441 -0.509401 0.167687 0.626194 0.525362 0.179626 -1.385417 -5.610563 3.978630 1.517420 0.239935 0.877323 -0.283793 -0.399021 0.105860 0.178405 0.333049 -0.869784 -0.999637 0.851429 0.197163 -0.152824 1.151866 0.028659 0.043022 -0.161689 -0.416717 0.169929 -0.479016 -0.194535 0.408346 
192.944824 -33.609974 10.612398 3.043006 0.589803 1.020908 0.320611 -0.827004 -0.783850 0.710415 0.588371 -1.368534 -1.445750 -2.659354 1.953859 0.863532 1.530975 0.294236 0.085387 -0.449375 -0.191567 0.303904 -0.694135 -0.616758 -0.106856 1.026944 -2.518494 -0.305612 0.917765 -0.567839 0.383629 0.090581 0.103107 -0.040623 -0.584740 0.596208 0.590798 
189.467239 -35.633954 10.977753 4.503803 2.162032 0.219556 1.229215 -1.408152 -0.215447 1.234003 -0.862908 -1.053891 -1.599128 -3.556675 -1.058359 0.906196 2.075464 -0.258356 0.483466 -0.217859 0.312074 0.097159 -0.836431 0.322632 0.181959 -1.742841 -3.281664 -0.159218 0.004058 0.373612 0.220438 0.108267 0.220523 -0.259013 0.200439 0.266272 0.232456 
184.286819 -40.723324 8.495680 4.855398 4.740731 0.504197 1.287542 -1.262722 -0.159702 0.904732 -1.084491 -0.723271 -1.081832 -6.145035 -4.609469 0.545095 1.539091 1.041461 0.526264 -0.232841 0.249480 -0.214122 -0.293257 -0.084215 0.358056 -0.021838 -1.155037 -0.268449 -0.912861 0.578748 0.006817 -0.043849 -0.045233 -0.073323 0.326983 -0.286078 -0.041275 
183.965576 -47.924025 1.758815 5.593992 5.240215 2.302477 2.281742 -1.873834 0.283513 0.805759 -1.449421 -1.222321 -0.883016 -3.600350 -3.368433 0.369297 0.249742 0.899140 0.497100 -0.305556 0.221607 -0.049486 -0.182465 -0.249525 0.099408 1.272342 0.620518 -0.087899 -0.644675 -0.071160 -0.014582 -0.036358 -0.013936 0.082318 0.055396 -0.082655 -0.129324 
