123.704384 -43.401321 -4.041178 3.717830 3.305257 1.561919 1.481202 3.295520 1.037063 0.517210 -0.249616 -0.474848 0.692619 11.666280 0.894788 -2.825224 0.908827 -0.420404 -0.350167 0.826082 -0.814822 0.576984 -0.675620 0.254609 -0.372733 0.450945 0.161861 -0.265967 -0.021890 0.240252 -0.149867 -0.311446 0.085282 0.068702 0.066234 0.031356 -0.129713 
134.388275 -20.068762 -2.251602 -1.932619 5.122912 0.721112 0.780869 4.947684 -0.592581 1.671178 -1.600857 0.034370 -0.052846 12.568170 1.218510 -3.357159 0.865048 0.060101 -0.649900 0.203191 -0.644258 0.714388 -0.543152 0.317321 -0.632158 -8.480114 -0.881374 1.596509 -0.525115 0.536129 0.009766 -1.092917 0.628377 -0.270152 0.710196 -0.182737 0.094067 
130.944199 -18.264981 -1.604157 -2.996488 5.035352 1.682120 0.181401 3.701901 -0.251453 1.945985 -1.335921 0.159794 -0.571697 -5.293949 -0.867960 0.367794 -0.141402 0.651855 -0.330634 -1.359752 0.441932 0.036679 0.744773 -0.110864 -0.184600 -13.985035 -2.326195 2.850446 -0.979081 0.598786 0.435094 -1.057560 0.530147 -0.420506 0.859726 -0.292157 0.309671 
123.648613 -30.656661 -3.987521 -1.197031 4.840108 2.024821 0.119602 2.228179 0.291284 1.744535 -0.111311 -0.187357 -0.422045 -15.401899 -3.433880 2.343734 -1.093114 1.257673 0.220287 -1.911930 0.416036 -0.126625 1.176299 -0.266992 -0.012816 -1.103806 -3.473677 -0.482810 0.022942 -0.350744 -0.464748 0.541189 0.096275 -0.403598 -0.503530 0.147222 0.059068 
121.915222 -49.068778 -8.471917 1.690980 2.849123 4.197466 0.621974 -0.121958 0.580619 1.692736 1.016677 -0.374189 -0.597328 -7.501561 -7.815314 -0.597827 -0.095518 -0.049634 -1.260130 -0.277374 0.634483 -0.770517 -0.262287 0.183580 -0.066464 11.219768 0.024941 -2.237947 1.650019 -0.310957 -0.417556 1.348622 -0.334082 -0.112099 -0.815069 0.218907 -0.011996 
265.653046 -45.659782 -19.618149 -2.392685 4.649072 1.925554 -2.400658 1.673431 1.560250 0.203500 -0.635884 0.179803 -0.554973 7.037638 -3.383999 -2.132161 2.206923 0.635759 -0.614825 0.785314 -0.252128 -0.350822 -0.453838 0.170823 -0.036808 8.803019 8.346290 0.303072 0.021901 0.459425 1.299213 0.198047 -0.933718 0.780529 0.197868 -0.266167 -0.027450 
0.000000 -34.993502 -15.239914 -2.573343 7.262970 5.468983 -0.607676 1.448670 0.076363 0.991091 0.109001 -0.032543 -0.670945 10.104477 8.877266 0.008317 -0.051716 0.869217 1.338296 0.118721 -1.232953 0.790542 0.133449 -0.348754 -0.121365 -0.135800 5.370313 1.405527 -2.256942 -1.656801 0.628019 0.336805 -0.086954 0.242974 0.053000 -0.244929 0.032852 
121.532578 -25.450828 -1.863618 -2.376052 4.545641 3.663987 0.275935 1.910872 -0.905656 1.784583 -0.368987 -0.517705 -0.797703 6.766038 7.356628 0.678893 -2.306960 -2.677843 0.641212 1.458925 -0.426036 0.135125 -0.347838 -0.319035 0.028895 -4.103012 -3.728324 0.669493 -1.064452 -1.325290 -0.773522 0.470219 0.738907 -0.607123 -0.037435 0.086215 0.197903 
124.774696 -21.461427 -0.526658 -1.215556 2.649049 0.113297 0.674749 4.366519 -0.775709 1.261342 -0.586675 -0.670613 -0.613155 1.898453 1.420617 1.347302 -2.180619 -1.781363 -0.208747 1.059159 0.244861 -0.423703 0.058579 -0.176324 0.274442 -3.653283 -3.085804 -0.110268 0.424170 1.607245 -0.501095 -1.160653 0.702368 -0.295304 0.304487 0.243920 0.017927 
130.510498 -21.653923 0.977616 0.318551 0.184404 0.101261 -0.141560 4.029191 -0.415934 0.937176 -0.251829 -0.870352 -0.248820 -0.540529 1.185020 0.458358 -1.458619 0.536647 -0.360978 -0.862382 0.978701 -0.455482 0.261136 0.168805 0.064750 -1.186227 -0.367069 -0.934274 1.018603 1.166976 0.153473 -0.927843 0.257537 -0.059965 0.002098 0.234390 -0.261542 
139.907333 -22.542485 1.843382 -0.298841 -0.268189 1.186591 -0.047208 2.641756 1.181693 0.350378 -0.064403 -0.333003 -0.483656 -0.474001 0.686478 -0.521246 -0.143412 0.552589 0.098199 -0.796526 0.759935 -0.543634 0.062775 0.292456 -0.248642 0.001212 -0.624779 -0.416162 0.664461 -0.208225 0.142323 0.461071 -0.299342 0.243668 -0.064623 -0.065693 -0.086316 
144.676086 -22.601925 2.350572 -0.723941 -0.102420 1.206440 0.054839 2.436139 1.103936 -0.150091 -0.126279 -0.285441 -0.746103 -0.538105 -0.064538 -0.373966 -0.129696 0.120196 -0.076332 0.059759 0.380018 0.031854 0.131890 0.037420 -0.107883 -1.830996 -0.593779 0.577520 0.022020 -0.283312 -0.001414 0.463304 0.155660 0.434643 0.001438 -0.101588 0.046679 
138.471725 -23.618695 1.714307 -1.046773 -0.527582 1.426983 -0.199871 2.761275 1.941729 0.414086 0.199378 -0.258163 -0.699422 -4.135993 -0.501081 0.633794 -0.099372 -0.014034 0.095371 0.130082 1.071254 0.325652 0.065650 0.089280 -0.155284 -1.023576 -0.555406 1.901699 0.509302 -1.177129 0.488328 -0.255752 -0.319625 0.223306 -0.435882 -0.157983 0.076089 
127.855988 -30.873911 1.348411 0.543646 -0.301165 1.178371 0.245581 2.696303 3.246445 0.501212 0.005022 -0.106881 -1.056671 -2.585257 -1.175350 3.429432 0.888907 -2.234062 0.900325 -0.451745 -0.259233 0.478465 -0.739874 -0.278545 0.044295 4.024996 1.473556 0.515240 0.168163 -1.114725 -0.094467 -0.335381 -1.071816 0.097967 -0.536493 -0.495685 0.395704 
294.110535 -28.789209 -0.636394 5.812091 1.250232 -3.041142 1.600780 1.857786 1.423262 1.371017 -1.280370 -0.815253 -0.610831 3.913999 2.446032 1.664273 0.236954 -2.243484 -0.093564 -0.540681 -1.072377 0.521585 -1.007336 -0.902090 0.636125 2.496923 2.205674 -2.525986 -0.896115 0.895760 -1.214917 0.166509 -0.246573 -0.310811 0.377372 -0.309877 0.063563 
108.153549 -23.045912 6.240476 3.872192 0.172744 -3.308598 0.058453 1.614942 1.101691 1.544382 -2.009649 -1.911062 0.215578 2.408590 3.235998 -1.622539 -0.903323 -0.442542 -1.529510 -0.118726 -0.752378 -0.143156 0.014870 -0.898300 0.171421 -4.019953 -1.646834 -1.216418 -0.810070 0.631476 -0.468225 -0.039683 0.190626 -0.519179 1.065511 0.445639 -0.638928 
0.000000 -23.972030 5.835603 2.567012 -0.556413 -3.926226 -1.458240 1.620333 -0.081494 1.084704 -1.250629 -2.611854 -0.267989 -4.125907 -0.847636 -0.768564 -1.383186 -0.980532 -1.030014 -0.620047 -0.691125 -0.516773 1.123687 -0.010812 -0.641732 -4.575730 -1.422460 1.497765 -1.123623 0.106587 0.951808 -0.606062 0.502981 -0.389921 0.173353 0.861122 -0.264930 
74.799774 -31.297725 4.545203 2.335063 -2.593628 -5.269661 -2.001574 0.374849 -0.280559 0.510837 0.237725 -1.932686 -1.067885 -6.742871 0.391078 1.372990 -3.150568 -0.229367 0.374106 -1.330850 0.253583 -0.922999 0.361576 0.823943 -0.358439 0.178047 1.812660 1.805859 -0.730968 0.827634 0.878904 -0.003001 0.745434 -0.028344 -0.642289 0.273822 0.446518 
0.000000 -37.457772 6.617759 5.312993 -6.857549 -4.384960 -0.710027 -1.041367 0.425672 -0.761293 -0.527478 -0.963967 -0.984867 -3.769813 2.777684 2.843155 -2.845122 0.674736 0.727793 -0.626048 0.799743 -0.573460 -0.160891 0.536832 0.251305 4.450739 0.281155 -0.481972 1.983591 0.577722 -0.301542 1.259894 0.084699 0.236761 0.242160 -0.216263 0.088340 
0.000000 -38.837350 10.100570 8.021372 -8.283872 -3.920188 -0.545988 -0.877248 1.318927 -0.636084 -0.084056 -0.859023 -0.565275 2.158607 0.953389 0.409046 0.816614 0.926077 -0.228978 1.188938 0.422981 -0.449476 0.845896 0.391418 -0.181759 5.751444 -2.766052 -3.172495 3.189181 0.238511 -0.788531 1.429144 -0.972816 0.180429 0.651560 -0.360106 -0.196572 
207.473511 -33.140557 8.524537 6.131085 -5.224320 -2.532805 -1.167983 1.336509 1.271634 -1.660245 1.164315 -0.181132 -1.348385 7.733075 -2.754420 -3.501836 3.533240 1.151758 -0.849270 2.232239 -1.145889 -0.212603 1.142230 -0.183381 -0.141839 1.661179 -1.910465 -1.354146 0.466295 -0.143094 -0.119785 -0.014842 -0.840782 0.449574 -0.156628 -0.488881 0.206101 
111.255135 -23.371200 4.591730 1.017701 -1.217392 -1.616672 -2.244527 3.587230 -0.972851 -1.061289 2.200404 -1.225784 -0.848954 5.480965 -2.867542 -2.299247 1.749204 0.639888 -0.468548 1.159254 -1.258584 0.449673 0.532640 -0.586345 0.230444 -4.065883 1.057911 1.934746 -1.969460 -0.483090 0.636978 -1.212967 0.574561 0.258858 -0.634817 0.091976 0.035892 
110.432617 -22.178627 2.789454 1.532592 -1.725913 -1.253028 -2.105079 3.655016 -1.245533 -0.760899 2.229594 -1.353821 -0.887497 -0.398691 -0.638597 0.367655 -0.405681 0.185578 0.424687 -0.193694 0.003233 0.305113 -0.127404 0.000571 -0.070055 -4.504926 1.938358 1.746310 -1.412186 -0.287075 0.468638 -0.860589 0.745986 -0.203711 -0.293244 0.332418 -0.152500 
109.002754 -24.168582 3.314535 1.753011 -2.028754 -1.245516 -1.395154 3.199842 -0.966385 -0.451064 1.945595 -1.224642 -0.989064 -3.528888 1.009175 1.193374 -1.075168 0.065738 0.468727 -0.561924 0.233389 0.042252 -0.053849 0.078492 -0.074556 -3.083530 0.420693 1.065094 -0.501858 -0.344389 0.124883 -0.168328 0.017631 -0.275864 -0.016052 -0.084045 0.161127 
104.987610 -29.236402 4.807805 3.919340 -3.876249 -1.121553 -1.167624 2.531169 -0.778755 -0.676395 2.121897 -1.196838 -1.036610 -6.565751 0.202789 2.497843 -1.409396 -0.503201 0.674454 -0.530351 0.038494 -0.246616 -0.159507 -0.167519 0.252199 -2.868813 -1.994559 1.036582 -0.063398 -0.358243 0.236198 -0.267260 0.338436 -0.030767 -0.177233 0.082655 0.125319 
103.811386 -37.300084 3.720114 6.748698 -4.847546 -2.251917 -0.046247 2.139140 -0.889397 -0.944295 1.626581 -1.559680 -0.484667 -9.266513 -2.979942 3.266539 -1.201963 -0.650748 0.941124 -1.096444 0.910262 -0.019282 -0.408314 0.243802 0.176082 -2.616156 -3.201070 -0.651008 0.050073 0.386510 -0.186826 -0.669632 0.821356 0.076098 -0.306193 0.538179 -0.227935 
186.692352 -47.769429 -1.152079 10.452417 -6.280176 -2.423048 0.714623 0.338281 1.041769 -0.714958 1.305269 -0.709235 -0.684445 -11.798063 -6.199351 1.195828 -1.309251 0.269819 0.300802 -1.869615 1.681206 -0.094420 -0.771893 0.908838 -0.203671 -1.135252 -1.652878 -2.318709 0.777386 1.295707 -0.702490 0.272427 -0.256705 -0.158299 -0.106378 -0.111879 0.016790 
0.000000 -60.896209 -8.678588 9.140354 -7.466048 -1.712280 0.555358 -1.600090 2.473015 -1.133135 0.082795 0.257996 -0.892010 -11.537017 -6.285699 -1.370879 0.352809 1.940666 -0.463856 -0.551590 0.396852 -0.335880 -0.621070 0.020043 0.209663 12.622180 6.471499 -1.647009 2.412464 0.375232 -0.475667 1.585533 -1.217753 0.484611 0.499737 -0.318194 -0.029506 
0.000000 -70.843463 -13.723476 7.710658 -5.574558 1.458284 -0.213088 -0.764899 1.835473 -1.386718 0.063128 -0.669148 -0.265120 13.446298 6.743646 -2.098190 3.515677 1.020283 -0.650531 1.301450 -0.754301 0.874803 0.227582 0.272450 -0.262684 19.401760 7.266544 -0.590135 1.042288 -1.206928 0.177224 1.233718 -0.445848 0.705140 -0.073775 0.139212 -0.253946 
0.000000 -34.003613 4.808705 4.943973 -0.434693 0.328287 -0.745705 1.002811 0.964414 0.616471 0.537959 0.802897 -1.417379 27.266503 8.247389 -2.551149 2.437384 -0.473191 -0.109408 1.915846 -0.494843 1.074400 -0.768621 0.298467 -0.298229 -2.304520 -4.644653 -0.468075 -1.233594 0.043978 0.462112 0.045355 0.014307 -0.472111 -0.477027 -0.186445 0.494005 
0.000000 -16.310458 2.771301 2.608361 -0.699790 0.511902 -0.431905 3.066793 0.845786 0.762083 -1.474113 -0.072214 -0.861577 8.837258 -2.545659 -3.034341 1.048490 1.108240 0.273692 1.392161 -0.725687 -0.069419 -0.726472 -0.100439 0.725325 -16.265670 -5.831314 -0.014373 -0.179371 1.145242 0.033650 -1.319386 0.043008 -0.581553 0.844804 -0.052185 0.050949 
0.000000 -16.329097 -0.282613 -1.124709 1.662287 2.544766 -0.198321 3.787133 -0.486960 0.477633 -0.914984 0.602018 0.033270 -5.264838 -3.415239 -2.579895 2.078642 1.817294 -0.042108 -0.722926 -0.408828 -0.088705 0.920987 0.194098 -0.196332 -5.455608 -0.085493 1.286331 -0.499695 0.078413 -0.014664 -1.188199 0.447993 0.354133 0.762765 0.133326 -0.445229 
111.585800 -26.840134 -4.059176 -2.551428 3.457494 4.146491 -0.516122 1.620941 0.028130 0.584672 0.367860 0.315982 -1.254240 -2.073957 -2.716645 -0.461679 0.049100 1.265066 0.244365 -0.984236 0.170298 0.638848 0.799059 0.166212 -0.165133 4.462690 2.609734 1.809620 -1.569202 -1.369247 0.076304 0.961514 0.239838 0.434650 -0.937023 -0.125684 0.515634 
124.545753 -20.477012 -5.715903 -2.048067 1.760487 5.074899 0.290409 1.818660 -0.146363 1.755329 0.683134 0.934443 -0.296996 3.660542 1.804229 1.039345 -1.059761 -0.921200 0.110500 1.200102 0.070848 0.780595 -0.953060 -0.057270 0.834937 1.236766 3.184196 0.443549 -0.070915 -1.854695 -0.073942 0.974887 0.051485 -0.215962 -1.064751 -0.374397 0.251664 
143.006363 -19.519049 -0.450718 -0.472737 1.337972 2.304091 -0.295122 4.021146 0.169826 2.145862 -1.538259 0.201441 0.415634 0.399574 3.651746 0.425419 -0.092731 -2.444323 0.096481 0.965537 0.273269 0.206925 -1.330442 -0.582582 0.338195 -3.361435 -0.333847 -1.477628 0.534289 0.704943 0.305178 -1.245359 -0.178035 -0.548967 0.842502 -0.023762 -0.568666 
149.479431 -19.677864 1.587589 -1.197228 1.575026 0.186254 0.483370 3.749734 0.400174 2.169178 -1.977750 -0.230721 0.379394 -3.062327 1.136535 -1.915911 0.008816 0.488686 0.720856 -1.290616 -0.285223 -0.317339 0.731944 -0.104794 -0.302395 -4.145529 -2.172917 -0.698124 -0.827825 1.885662 -0.389334 -1.332273 0.007530 -0.188399 1.231006 0.180457 -0.452091 
150.811172 -25.643703 1.822352 -4.304559 1.355604 3.281462 1.146590 1.439914 -0.400619 1.511183 -0.074371 -0.008146 -0.189156 -7.891484 -0.694088 -0.970828 -1.748381 1.327002 -0.682187 -1.699008 0.288328 -0.169874 1.131570 -0.221669 -0.565986 0.937117 -3.706874 1.080534 -0.627233 -0.315433 -0.444346 0.599815 0.226387 -0.091848 -0.121118 0.267464 0.064700 
155.393723 -35.460833 0.199412 -3.138884 -1.921735 2.840257 -0.881004 0.351717 0.976829 1.829429 0.285390 -0.674058 -0.752579 -1.188092 -6.277214 0.245156 -1.245650 -0.142180 -0.167836 -0.090986 0.167551 -0.501035 0.489708 0.430135 -0.172995 7.326515 -1.310898 0.582150 1.162286 -0.500973 1.133290 1.355237 -0.432498 -0.360157 -0.548380 0.522967 0.400216 
153.938568 -28.019887 -10.732075 -3.814246 -1.135697 2.997101 0.810919 1.257942 -0.065517 0.509113 0.905046 0.852123 -0.535146 6.761547 -3.315885 0.193473 0.576192 0.325055 1.584393 1.011466 -0.576669 -0.890189 0.034811 0.824266 0.234446 2.551799 5.508272 0.074978 1.051343 0.270564 0.492656 0.379717 -0.223991 0.524937 -0.407829 -0.296753 0.268452 
0.000000 -21.937739 -6.432357 -2.751938 -0.769352 3.490367 2.287783 2.374650 -0.176510 0.049051 0.355012 0.974474 -0.283688 3.915506 4.739331 0.395113 0.857036 0.398947 0.817477 0.668447 -0.280431 0.548838 -0.325950 -0.163372 0.363909 -2.802436 3.133772 -0.449665 0.404271 0.166374 -1.058729 -0.733615 0.302100 0.781609 -0.178357 -0.561118 -0.023507 
170.244537 -20.188876 -1.253414 -3.024019 0.578376 3.794996 2.445873 2.594835 -0.626379 1.606789 0.253146 0.525379 0.192673 1.156675 2.951660 -0.705857 1.384733 0.657803 -0.533065 -0.455765 0.027531 0.673029 -0.321903 -0.297969 0.187432 -5.774881 -2.131050 -0.116467 0.146676 0.247410 -1.060374 -0.973004 0.345948 -0.614164 -0.172766 0.140685 -0.098565 
171.800659 -19.624389 -0.529037 -4.163653 2.000114 4.805973 1.221652 1.463120 -0.121448 1.395109 -0.288794 0.378536 0.091176 -7.634256 0.477231 0.162179 1.150388 0.893767 -1.303272 -1.277561 0.411466 -0.679491 -0.671483 0.117998 0.166780 -7.734146 -1.184184 1.236711 -0.713083 -0.417584 0.035484 -0.401143 -0.169055 -0.565338 0.128253 0.132553 0.054711 
166.660126 -35.457388 -0.298951 -2.699661 2.879151 5.582530 -0.160671 0.039714 0.196553 0.247808 -1.089819 0.761374 0.526233 -14.311617 0.583292 1.767564 -0.041433 -0.177365 -0.462097 -1.258051 -0.310578 -0.457647 -0.065398 -0.032863 0.296853 6.376629 -2.504709 0.660684 -1.047961 -1.614805 0.947917 0.506459 -0.237488 0.562464 0.397467 -0.222643 -0.385562 
156.241211 -48.247623 0.637547 -0.628525 1.917247 4.451243 0.297458 -1.052981 -0.742604 0.479815 -0.419590 0.312809 0.684882 5.119001 -4.532187 1.483548 -0.945535 -2.335843 0.592562 -0.264642 -0.063510 0.445437 0.123452 -0.327288 -0.604343 13.355073 -3.288044 -0.791048 0.615700 -0.032030 0.469319 0.785932 0.575552 0.651861 0.042990 -0.010316 -0.334830 
163.001755 -25.219385 -9.363325 0.267435 0.988081 0.910843 1.024453 -0.489570 0.069532 1.138681 -0.842916 0.106799 -0.682454 12.398529 -5.992796 0.185469 1.189967 -0.241425 0.476541 0.313812 0.840526 0.846076 0.020581 -0.053495 -0.372806 -0.413452 3.031204 -1.621206 1.859969 1.770499 -0.551199 0.194576 0.071023 0.340028 -0.115000 0.058307 0.483500 
0.000000 -23.450566 -11.348045 -0.257588 4.297180 3.968392 1.250541 -0.425357 0.938448 2.171966 -0.378427 0.205819 -0.060730 4.292097 1.530221 -1.758864 2.774402 1.205154 -0.509835 0.124511 0.078535 1.125492 -0.106548 -0.210675 0.362657 -3.114455 4.846569 -0.637310 -0.415598 -0.365470 -0.578683 0.081144 -0.576183 -0.329260 -0.248388 -0.144207 0.075131 
167.095901 -16.635192 -6.302883 -3.250293 6.536885 3.321151 0.004783 -0.240548 0.226603 3.389664 -1.056012 -0.314551 0.042860 6.169619 3.700343 -1.089151 0.358770 -0.972365 -0.680824 0.476099 -0.311840 0.187557 -0.476194 -0.341908 -0.222545 -0.628784 0.017118 0.860655 -1.786855 -0.985954 0.140227 0.143675 -0.027813 -0.908685 0.099738 0.046380 -0.255087 
163.986893 -11.111329 -3.947360 -2.435889 5.014720 2.023663 -0.111108 0.526842 0.314768 2.547080 -1.330815 -0.477998 -0.505819 3.034529 1.564456 -0.037554 -0.799309 -0.766753 -0.229381 0.411861 0.022910 -0.691879 0.092928 -0.117914 -0.147516 -3.574220 -1.657641 0.387373 -0.330735 0.304264 0.189119 -0.045803 0.175274 -0.283846 0.436392 0.197863 0.299298 
156.447891 -10.566134 -3.173971 -3.325401 4.938268 1.787644 -0.453978 0.583174 0.272422 2.005906 -0.870157 -0.550379 -0.252172 -0.978821 0.385060 -0.314405 -0.302701 -0.363838 -0.302585 0.384493 0.038708 -0.380136 0.396591 0.053817 0.376052 -3.868908 -0.062645 0.277056 -0.081935 0.331958 0.043378 0.158831 -0.089280 0.146185 0.021257 0.353314 -0.082631 
153.778275 -13.068971 -3.177240 -3.064698 4.409318 1.295987 -0.716278 1.295828 0.392184 1.786807 -0.537633 -0.370363 0.246285 -4.703286 1.439166 0.516557 -0.963179 -0.102837 -0.142624 0.729522 -0.155650 -0.399510 0.135441 0.588714 -0.312779 -1.233099 0.419387 0.309721 0.171422 0.068534 0.274833 -0.138669 0.285315 0.013507 -0.165644 -0.057245 -0.476417 
154.976913 -19.972707 -0.295639 -2.292286 3.011911 1.581971 -0.739226 2.042217 -0.038878 1.206886 -0.599274 0.627048 -0.877729 -3.445020 1.223833 0.305038 0.040143 -0.226770 0.247081 0.107155 0.609337 -0.353123 0.065303 -0.060673 -0.576782 2.259509 -0.864086 -0.461470 0.927597 0.162670 0.202297 -0.377325 0.376080 0.134230 0.072384 -0.450144 0.065343 
156.771042 -19.959011 -0.729573 -2.454622 4.489604 0.842447 -0.222117 1.510138 1.610858 1.080562 -0.407028 -0.491708 -0.907280 -0.184269 -0.289006 -0.406383 0.892015 0.222504 0.261970 -0.025128 0.596510 -0.131050 0.280209 -0.311574 -0.182093 2.341265 -0.800223 -0.250047 0.101476 0.302845 -0.054986 0.398601 -0.833902 0.043803 0.116418 0.401387 0.377027 
156.669342 -20.341246 -0.873651 -3.105052 4.795941 2.026978 -0.215286 1.991962 1.154142 0.944787 -0.038856 0.003899 -1.241915 1.237511 -0.376613 -0.195056 0.243095 0.378921 0.137108 0.904356 -1.058467 -0.265517 0.298139 0.742102 0.177272 0.949791 -0.013087 0.977587 -0.837816 -0.524810 0.222315 0.500716 -0.580410 -0.450645 -0.113950 0.442247 0.349472 
153.289932 -17.483989 -1.482800 -2.844735 4.975794 1.600288 0.052100 3.318851 -0.506076 0.549528 0.189249 0.992495 -0.552737 1.715313 -0.315179 1.548792 -0.783617 -0.827116 0.706599 0.976303 -0.564311 -1.032340 0.052309 0.572919 0.516852 -2.269466 -1.957908 2.227395 -0.615000 -1.230715 0.412130 -0.472766 0.737814 -0.178550 -0.171716 -0.327240 0.063058 
150.805573 -16.910621 -1.504010 -0.007468 3.228707 0.372746 1.197912 3.944568 0.025520 -1.119893 0.065761 1.149738 -0.208212 -3.301421 -4.292429 4.259734 -0.986906 -2.082510 0.961368 -0.041175 0.417160 -0.622617 -0.045292 0.087622 0.303387 -4.807370 -4.306489 0.571860 -0.259957 -0.804621 0.128234 -0.908411 0.216216 0.813811 0.072983 -0.449293 -0.176672 
149.003250 -24.086831 -10.067658 5.674734 3.001983 -2.564731 1.974835 3.236500 0.328244 -0.695705 0.098665 1.167739 0.054037 -7.899427 -8.928157 2.692513 -1.303531 -2.436358 0.963066 -0.840520 -0.131879 0.595281 0.198274 -0.325668 0.163509 0.006521 -0.103021 -2.629092 -0.351461 0.422026 -0.442665 -0.156413 -0.157894 0.425679 -0.085743 -0.164287 -0.261740 
0.000000 -32.709475 -19.360323 5.377557 0.621646 -4.499970 3.124044 2.263529 -0.238239 0.070670 0.462310 0.498403 0.118805 -3.288378 -4.498471 -0.998449 -1.689828 -1.238458 0.076038 -0.354002 0.101372 0.228741 -0.216777 -0.240952 -0.220092 5.974691 7.222926 -1.455212 0.616346 1.450934 -0.665365 0.794620 0.487805 -0.348890 -0.303389 0.368605 -0.087289 
0.000000 -30.663587 -19.064600 3.677836 -0.377673 -5.041648 2.126911 2.528497 0.530988 -0.238224 -0.334890 0.685835 -0.386147 4.049956 5.517695 -0.217911 -0.070838 0.465511 -0.367665 0.748719 0.843731 -0.102498 -0.408504 0.411542 -0.011070 4.260735 6.316604 -0.293489 1.645588 1.509127 -0.240481 0.862005 -0.071920 -0.213469 0.321736 0.474735 0.085871 
0.000000 -24.609563 -8.324933 4.941736 0.479969 -3.568949 2.388715 3.760968 1.449223 -0.134326 -0.354698 1.321486 0.096665 5.233092 8.134736 -1.585427 1.601348 1.779797 -0.404923 1.370009 -0.042469 -0.198198 0.426695 0.708519 -0.048351 -1.590726 -1.956127 -1.248374 0.596577 0.976680 -0.323054 -0.504881 -0.650217 0.054698 0.340761 -0.105248 -0.159249 
131.861145 -20.197403 -2.795127 0.506983 2.825023 -1.482055 1.317065 5.268515 0.446050 -0.634619 0.518500 2.102872 -0.482850 0.868504 1.605440 -2.714660 1.122315 2.418870 -1.013772 -0.261042 -0.456703 0.006899 0.273019 0.201045 -0.329567 -3.285334 -4.647100 0.544072 -0.825780 -0.202187 -0.036512 -1.192412 0.043676 0.227621 -0.295137 -0.449083 0.004271 
130.021301 -22.872555 -5.114053 -0.487584 2.724599 1.268791 0.361170 3.238883 0.535817 -0.120529 0.191340 1.723577 -0.562469 -1.337576 -1.159463 -0.497283 -0.050212 1.375423 -0.477947 -1.014816 0.044884 0.257045 -0.163580 -0.189648 -0.039810 -1.103040 -1.382452 1.108688 -0.586264 -0.521724 0.267912 -0.376887 0.250793 0.125073 -0.218299 -0.195347 0.144879 
