121.553436 -26.285009 2.426631 0.315041 4.613481 -2.267098 -0.161944 -0.711734 0.384712 1.066669 -1.710974 1.264778 -0.951108 -1.530639 0.290738 -0.332929 -0.228928 0.253712 0.295585 0.066713 0.322293 -0.039435 -0.114593 -0.084950 -0.145457 -1.462024 -0.063782 -0.486390 -0.229563 0.462557 -0.575540 0.496522 0.489378 0.065173 0.130136 0.063213 -0.025208 
60.210930 -29.346287 3.008106 -0.350817 4.155624 -1.759674 0.429225 -0.578309 1.029298 0.987799 -1.940161 1.094878 -1.242022 -4.454686 0.163174 -1.305709 -0.688055 1.178826 -0.855496 1.059756 1.301050 0.090911 0.145679 0.041476 -0.195873 -2.445667 -0.376607 0.654895 -0.753839 0.696910 -1.201168 0.792424 0.125858 0.067455 0.047487 -0.120405 0.233368 
261.170837 -35.194382 2.752978 -2.296377 3.237372 0.090555 -1.872935 1.407777 2.986812 1.248490 -1.419616 1.347731 -1.342854 -6.421973 -0.462476 0.976860 -1.736606 1.647532 -2.106752 1.651560 0.574008 0.095474 -0.019619 -0.325760 0.321280 -0.170354 -1.697622 2.779439 -1.030584 0.241078 0.065105 -0.391882 -1.543004 -0.193662 0.013269 -0.626660 0.342887 
122.324585 -42.190233 2.083154 1.602903 0.682412 1.535389 -3.784279 2.724812 2.177315 1.178747 -1.979398 0.443357 -0.599462 -4.795395 -3.232071 4.253169 -2.749223 1.660982 -0.725285 0.275992 -1.784958 -0.296413 0.172218 -1.211843 0.489902 5.125433 -0.597537 0.297096 0.124275 -0.639043 2.517180 -0.544371 -0.619172 0.053016 -0.306494 0.041451 0.094041 
243.028107 -44.785172 -3.711165 6.209961 -2.261074 3.412518 -3.323505 1.959762 -0.583104 0.655664 -1.075179 -1.075956 -0.363050 3.828893 -1.657550 1.571053 -1.488057 0.369445 2.927609 0.562818 -0.664335 0.201507 -0.632607 -0.242859 0.509361 7.779270 3.197689 -3.301945 1.654932 -1.297782 1.916300 0.060116 1.265598 0.418862 -0.885238 1.071724 0.027168 
0.000000 -34.532447 -1.231947 4.745010 -2.293701 2.274280 2.070938 3.850448 0.848646 1.581760 -3.244613 -0.042361 0.419261 10.763146 3.163306 -2.350720 0.560642 -0.934583 3.107316 0.396225 0.746239 0.541311 -1.598257 0.931605 0.544238 1.965184 1.694128 -1.857113 1.093251 -0.265185 -1.263191 -0.722439 0.172480 -0.204381 0.032365 0.372290 -0.268254 
153.240662 -23.258880 2.615448 1.508522 -1.139791 1.543353 2.891126 2.752212 0.909373 1.738287 -4.271693 0.787254 0.725425 7.759261 1.730706 -2.143174 0.698446 -0.160924 0.401227 -0.882060 -0.319375 -0.207255 -0.567876 0.501722 -0.027146 -4.501103 -1.423470 0.970666 -0.232084 0.626865 -1.589001 -0.412963 -0.475614 -0.535904 0.821154 -0.416994 -0.560631 
160.862885 -19.013925 2.229466 0.458662 -0.896808 1.952432 2.873393 2.086329 0.209896 1.167250 -4.380366 0.961083 0.364969 1.760939 0.316367 -0.409388 0.096475 0.319148 -0.070686 -0.429700 -0.204989 -0.530496 0.044050 0.097616 -0.577025 -4.070698 -0.247977 1.007185 -0.212086 0.050087 -0.190304 0.340278 0.121135 -0.096619 0.467981 -0.308584 -0.033863 
166.929138 -19.737003 3.248181 0.689745 -0.946842 2.181649 2.749755 1.892812 0.499396 0.677294 -4.183592 0.982486 -0.428626 -0.382135 1.234753 -0.128803 0.274273 -0.060750 0.020620 -0.201504 -0.077106 -0.400494 0.368086 -0.115446 -0.094871 -0.726897 0.377555 -0.156233 0.040431 -0.219049 -0.025463 0.075536 0.133322 0.048732 0.091078 0.056406 0.472465 
168.025345 -19.778196 4.698971 0.201055 -0.348261 1.830932 2.914633 1.683321 0.055684 0.366263 -3.644194 0.730190 0.175227 0.307145 1.071477 -0.721855 0.177336 -0.118949 -0.121613 -0.278629 0.061655 -0.433033 0.226206 0.210428 0.367905 -0.284151 -0.203325 0.109819 -0.617117 0.319028 -0.329710 0.125033 0.095554 0.067290 -0.109363 0.224827 0.080051 
165.961212 -19.122713 5.391136 -0.753965 -0.592169 1.943751 2.506529 1.335555 0.622707 -0.188772 -3.731180 1.403343 0.307184 -0.950438 0.828103 0.090835 -0.959961 0.577305 -0.638799 0.048562 0.114002 -0.265913 0.149359 0.334207 0.065231 -1.767411 -0.682102 1.028346 -0.385895 0.286553 -0.131247 0.228634 0.049780 0.189153 0.070417 -0.236118 -0.223900 
167.062546 -21.679071 6.355176 0.382725 -2.268184 2.985542 1.637035 1.780445 0.283688 -0.165564 -3.345475 1.398604 0.305689 -3.227677 -0.292726 1.334837 -0.594454 0.454157 -0.384107 0.178639 0.161216 -0.054728 0.367041 -0.261808 -0.079896 -3.992299 -0.881338 0.536104 0.024469 -0.469791 0.286808 0.104308 0.020118 -0.093318 0.173673 -0.297135 0.062990 
169.247513 -25.578068 4.805683 1.915709 -1.781078 2.852064 1.738315 1.692832 0.945138 -0.298228 -2.997099 0.879726 0.147392 -8.935035 -0.934573 1.163044 -0.911023 -0.362277 -0.065183 0.257178 0.154238 -0.452549 0.496706 -0.260064 0.191211 -3.818936 1.010622 -0.705159 0.255415 -0.418806 0.173926 0.043488 -0.602239 -0.076089 0.284030 -0.075699 0.028651 
165.746964 -39.549142 4.486030 2.708813 -4.090229 2.260988 1.506669 2.294801 0.592164 -1.070662 -2.352063 0.878476 0.688111 -10.865549 1.728519 -0.075481 -0.083624 -0.383456 -0.036255 0.265614 -1.043262 -0.206905 0.935100 -0.413207 -0.022594 1.329367 0.991372 -0.877263 1.436567 -0.138557 0.262172 0.137299 -0.337467 0.211006 0.076550 -0.178973 -0.242370 
56.066910 -47.309166 8.262721 1.764746 -1.948326 2.085152 1.665804 2.224060 -1.141385 -0.712039 -1.126899 0.053313 0.102204 -6.276301 1.048171 -0.591483 1.962111 -0.639391 0.459160 0.531776 -0.520696 -0.030537 0.649805 -0.618009 -0.293529 5.848242 -4.467748 -0.706376 -0.353205 -0.182405 0.237526 -0.129494 0.505590 0.810330 -0.517448 0.136846 0.148744 
253.438797 -52.101743 6.582372 1.525847 -0.166007 0.982205 2.424990 3.358353 -0.449229 -1.131736 -1.052453 -0.357542 0.101053 0.830934 -7.206977 -1.488233 -0.790034 -0.748267 0.438797 0.006626 -0.032081 1.413754 -0.099796 -0.139515 0.274895 7.820420 -2.529378 0.438956 -1.181560 0.168127 -0.125610 -0.129022 0.500751 1.134231 -0.508935 0.237008 0.144938 
254.070007 -45.647298 -6.151234 -1.211719 -3.528394 0.588617 2.543399 2.237312 -1.205548 2.115469 -1.326490 -0.225717 0.651993 9.364539 -4.010584 0.286430 -0.401009 -0.303138 0.207940 0.273732 0.480806 2.237926 -0.368066 -0.143993 -0.003652 1.978332 5.391880 1.991923 0.596667 0.201981 -0.508790 0.533040 0.317071 -0.258495 -0.283110 0.029794 -0.245033 
139.153519 -33.372664 -1.438797 2.098707 -0.968025 0.375929 2.840870 3.905817 0.512382 3.344115 -1.788584 -0.645528 0.093749 4.787597 3.576783 2.495613 0.403299 -0.344306 -0.578782 1.072706 0.602061 0.896764 -0.666015 -0.079926 -0.215170 -7.199810 1.298468 0.270562 -0.890501 0.148808 -0.842012 -0.470817 -0.216985 -1.318888 0.511517 0.031116 -0.037272 
132.536819 -36.072104 1.002331 3.779507 -2.721796 -0.099994 1.385835 4.382724 -0.001425 3.908997 -2.658520 -0.385569 0.221652 -5.035081 -1.413648 0.827553 -2.182011 -0.005522 -1.476083 -0.667902 0.046836 -0.399850 0.654968 -0.081760 -0.078196 -0.666353 -2.073475 -0.872537 -0.205788 0.663025 -0.582873 -1.194395 0.332681 -1.062208 0.503503 -0.126900 0.213872 
122.629227 -43.442826 -4.266092 3.753814 -5.332047 0.364885 -0.111296 2.570012 0.606054 2.544415 -0.478647 -0.809048 -0.062643 3.454891 -0.570168 0.750540 -0.008277 0.981745 -1.744527 -1.316085 1.267423 -1.227652 0.340991 -0.333726 0.212574 7.237642 3.280437 -0.974360 2.719018 -0.312393 0.582608 -0.119585 0.040949 0.146696 -0.581824 0.207998 0.168523 
0.000000 -29.162322 -0.138005 5.280586 -2.738350 1.863495 -2.103220 1.750555 2.533421 1.453693 -1.976537 -1.053022 0.646800 9.440203 5.147226 -1.121167 3.256024 -0.630308 -0.310868 -0.907073 0.128734 -0.106458 -0.508679 0.334235 0.258851 -0.965308 1.722884 -1.007274 1.256479 -1.618468 1.438958 -0.245878 -1.198872 0.668265 -0.320856 0.807116 -0.262054 
128.238892 -24.562421 6.028361 1.511479 1.180002 -0.895730 -0.733032 0.755867 0.863522 2.331499 -1.496006 -0.140578 0.455058 1.524275 2.875600 -1.264009 2.504681 -2.255191 1.133388 -1.807841 -1.130322 0.108878 -0.300720 1.280506 -0.311535 -5.271288 -2.889760 0.638703 -1.004120 -0.128029 0.338157 -0.389923 0.001920 -0.129833 0.046273 0.142122 -0.323660 
117.962463 -26.113772 5.613196 2.752568 2.271011 -2.646886 0.163556 -1.865128 0.272778 1.671450 -2.577978 1.507990 0.023731 -1.102374 -0.632294 0.156238 1.247785 -0.886365 0.365445 -1.686918 0.132573 -0.366124 -0.416134 0.618479 -0.388470 -1.348077 -1.529094 0.185499 -0.946866 1.112955 -0.564199 0.998699 0.914802 -0.277980 0.193483 -0.727518 0.005064 
115.439537 -26.767168 4.763774 1.823956 3.675572 -2.668460 -0.002141 -2.617968 1.128669 1.599251 -2.328273 1.096381 -0.321883 -1.171879 -0.182588 -0.893010 0.610949 -0.029280 0.004989 0.189557 0.699283 -0.447082 0.086246 -0.174531 -0.301407 -0.538516 0.046282 0.120610 -1.261212 0.967061 -0.267973 1.667482 0.321429 -0.061180 0.325686 -0.435580 0.400921 
116.529083 -28.457530 5.248020 0.966548 3.492908 -2.705446 0.173535 -1.486014 1.671344 0.777287 -2.405486 1.158927 -0.579084 -2.179406 -0.539730 0.397458 -1.274639 1.047758 -0.170501 1.648047 0.775431 -0.488485 0.235239 -0.252681 0.413371 -0.698410 -1.854437 1.688271 -1.216203 0.426593 -0.386368 0.609479 -0.353490 0.381262 0.367464 -0.174173 0.224411 
122.012535 -31.125979 3.684314 2.618872 1.126293 -0.572945 -0.343143 0.678126 2.679530 0.622280 -1.857796 0.591018 0.504859 -2.568699 -3.891463 2.483531 -1.821458 0.823907 -0.767747 1.408516 -0.007697 0.315442 0.821174 -0.522878 0.147415 -0.654896 -1.535695 1.066571 -0.556723 -0.516463 0.358673 -0.151829 -0.842185 0.490985 0.059488 -0.134460 -0.496993 
121.325989 -33.594928 -2.534906 5.933610 -0.150008 -1.057632 -1.361958 1.331017 1.655950 1.408171 -0.763138 0.113170 -0.284254 -3.489197 -3.611119 2.530600 -2.388085 0.014831 0.546844 1.344389 -0.908939 0.493486 0.354215 -0.521602 -0.580616 2.499972 3.452310 -1.384451 0.198946 -0.627427 1.846302 -0.292185 -0.294255 0.193835 -0.903767 0.026583 0.058893 
241.949005 -38.104373 -3.537924 7.680071 -3.649877 -0.543282 0.750545 3.366905 0.861653 1.609252 -1.149365 -0.452185 -0.656372 2.431246 3.013156 -0.285371 -1.423566 -0.430946 2.924858 0.824145 -0.596207 0.703112 -0.986361 -0.469712 0.265200 5.620069 3.519193 -2.657840 1.624534 0.000359 0.638113 -0.929627 0.149493 -0.065808 -0.700133 0.473484 0.541903 
135.003647 -28.732436 3.491406 5.362868 -2.997139 -1.919524 4.487757 2.979307 0.463536 2.814394 -2.735860 -0.826254 0.246146 7.750942 3.427267 -2.785080 0.860983 0.015550 1.823071 -0.514865 -0.609953 0.361871 -1.046050 0.425367 0.503191 0.237113 -1.811408 -1.055596 1.119022 0.983098 -1.341947 -0.980287 0.119560 -0.626291 0.534597 0.862974 -0.197164 
138.392609 -22.602490 3.316609 2.109911 -1.927912 -0.512182 4.396687 2.337176 -0.358252 2.332993 -3.241465 0.398549 0.350009 2.905472 -0.609659 -2.396564 0.814479 1.535250 0.240963 -1.136428 -0.357088 -0.549469 0.082833 1.256236 -0.129127 -5.287707 -3.602679 1.192844 0.194543 1.145643 -1.300878 -0.182370 0.083418 -0.425582 1.178131 -0.178545 -0.389468 
141.184616 -22.921492 2.272088 0.569740 -1.368181 1.150976 4.969683 0.706450 -0.250639 1.715456 -2.570194 1.686218 -0.012108 -2.824472 -3.778092 -0.399392 1.250068 2.306836 -0.778686 -0.879605 -0.443116 -0.489294 1.310211 0.068277 -0.275745 -3.077611 -2.655964 1.114915 0.796781 0.158259 -1.037784 0.324464 -0.100754 0.044041 0.362417 -1.122212 -0.122731 
138.561142 -28.251434 -4.239575 1.311127 0.572224 4.101490 2.839315 0.577966 -1.244485 1.354404 -0.621042 0.535104 -0.201481 -3.249749 -5.921586 -0.166734 2.408041 1.851768 -1.834606 -0.487501 -0.558596 -0.461388 0.807667 -0.988188 -0.374589 1.295064 1.127112 -0.298941 0.246806 -1.040361 -0.036997 0.174436 0.295510 -0.023422 -0.555677 -0.345785 -0.003092 
141.705505 -29.420991 -9.571084 0.236271 3.447901 4.854511 1.300471 -0.268553 -1.367830 0.792681 -0.954861 -0.290157 -0.761286 -0.234344 -1.523867 -0.997275 1.743680 0.226114 -0.852679 -0.530734 0.147904 -0.536138 0.198857 -0.623293 -0.281928 3.345411 6.293835 -0.415132 -1.359502 -0.960336 0.839838 -0.194752 0.250295 0.235684 -0.240339 0.591812 0.103560 
0.000000 -28.720122 -7.287310 -0.683423 4.059583 4.553718 1.133956 -0.483502 -0.948676 0.282129 -0.223328 -0.711482 -0.765336 3.441073 6.666084 -0.996999 -0.310962 -0.068904 -0.154931 -0.877005 -0.058005 0.009981 0.326988 0.195436 -0.167470 1.276386 4.072084 0.227752 -1.634613 -0.338486 0.162602 0.020770 -0.436789 0.368654 -0.291803 0.466919 0.064304 
157.481918 -22.538845 3.761084 -1.757726 2.825977 4.716704 0.990610 -2.022562 -1.483840 0.812643 -0.300886 0.100715 -1.096225 2.318427 6.620301 -0.541770 -1.525546 -0.450857 -0.527475 -0.489194 -0.725673 0.201170 -0.384750 0.310545 -0.153319 -3.157360 -2.436036 0.507705 -0.456330 -0.432285 -0.196222 1.109111 0.185431 -0.333796 -0.440591 -0.005874 0.282400 
148.425262 -24.083269 5.953293 -1.766963 1.008491 3.652003 0.079006 -1.461891 -2.400022 0.684469 -0.992827 -0.090391 -1.071974 -2.873647 1.794012 0.018411 -1.223622 -0.933474 -0.547375 1.341217 0.312857 -0.657612 -0.554194 0.183689 0.397331 -3.739033 -2.876031 0.436024 0.713432 0.266820 -0.184109 1.077121 1.159134 -0.517481 0.212958 -0.085932 0.170722 
147.218536 -28.286138 7.349108 -1.720905 0.378733 2.849756 -0.104139 0.659873 -0.858125 -0.502580 -1.409273 0.468093 -0.301564 -5.159640 0.868239 0.330278 -0.098681 0.082783 -0.895694 1.665049 1.592596 -0.833792 0.041166 0.138681 0.188125 -1.706935 -1.337574 0.784390 0.866483 0.624087 0.240402 -0.454874 0.087142 0.434634 0.499122 -0.295688 -0.299228 
145.924744 -34.402548 7.689770 -1.106407 0.811128 3.817569 -1.712381 1.868207 0.785170 -0.983115 -0.910496 0.186971 -0.695725 -6.287516 -0.881137 1.587191 0.509343 0.314699 -0.066570 0.431470 0.487142 0.211655 0.444050 -0.407686 -0.201125 3.320574 -2.109120 0.252093 0.888098 0.463369 1.989982 -1.361919 -1.334679 1.006117 0.421491 -0.187580 -0.152972 
142.164169 -40.861171 5.586834 1.453477 1.397419 3.479155 -0.237280 1.522813 0.116158 -0.079269 -0.521173 -0.347279 -0.703814 1.481508 -3.350000 0.834463 1.677515 1.009522 3.084271 -1.058790 -1.076762 1.178442 0.884148 -0.236479 -0.117819 6.705590 -0.165503 -1.274617 0.120436 0.171887 1.125577 -0.959479 -0.617717 0.234493 -0.307613 0.395354 -0.038614 
138.079605 -31.439531 0.989769 0.562519 4.166158 5.836612 4.456161 -0.249373 -1.368354 1.373770 0.857800 -0.285986 -0.931363 7.123663 -1.212144 -0.962042 0.750216 0.658474 2.184583 -1.487489 -0.748291 0.680642 -0.171175 0.383021 -0.278353 0.603818 2.904467 -0.966353 -1.268090 -1.036116 -1.455128 0.527322 0.766298 -0.870136 -1.331714 0.326297 0.255859 
64.314629 -26.613845 3.162547 -0.470607 2.897851 4.796102 4.131886 -1.452164 -1.380424 1.282015 -0.863523 0.418763 -1.260520 2.689145 2.458934 -1.098243 -0.858664 -1.062711 0.174016 -0.004145 0.455833 -0.561830 -1.779280 0.416116 0.393899 -4.674827 1.944296 0.521642 -0.960429 -1.326723 -1.442552 1.106307 1.072365 -0.396629 -0.369542 -0.176483 0.379034 
128.873444 -26.061242 5.907637 -1.633966 2.448830 3.711190 4.804193 -0.257664 -0.456687 0.250110 -2.700759 0.546246 -0.143566 -2.225991 2.676448 0.081242 -1.170643 -1.994973 -0.700522 0.725125 1.396440 -0.112615 -0.910259 0.030055 0.479716 -4.217916 0.164299 1.096309 -0.512271 -0.066090 -1.234963 -0.014929 0.212110 0.514645 1.367245 -0.300454 -0.349550 
129.857437 -31.065828 8.515443 -0.308122 0.556566 0.806156 2.730843 -0.001913 1.412455 1.056785 -2.684041 0.478873 -0.301089 -5.746688 2.787531 1.094375 -1.883207 -1.194891 -2.295910 -0.034004 0.880054 0.467461 0.955210 -0.184792 -0.305202 1.425714 -0.189287 0.188655 0.680697 0.805629 -0.935110 -0.526794 -0.378516 -0.063203 0.564438 -0.208090 -0.101575 
130.089630 -37.554617 11.482698 0.554783 -1.317584 1.321408 0.212374 -0.325671 1.303421 1.185031 -0.790339 0.176662 -0.753970 0.625437 2.297875 0.458553 0.190751 -0.383716 -2.570742 -0.328462 0.639409 -0.239021 0.218617 -0.386125 0.276565 5.085153 -1.088787 -0.760394 1.344188 0.214213 0.558381 -0.337827 -0.339446 -0.206160 -0.930463 -0.078205 0.401430 
137.888168 -29.814955 13.111192 0.608983 0.938067 0.038725 -2.410640 -0.658837 2.691273 0.578742 -2.246806 -0.293377 0.252042 4.423618 0.609957 -0.426414 0.805169 -0.766465 -1.179147 -0.709658 0.201162 0.055141 -0.905716 -0.341202 0.497659 0.201960 -1.424576 -0.727439 -0.227618 0.040433 1.226213 0.065118 -0.925936 0.630151 -0.273747 0.134361 -0.114551 
133.174164 -28.707382 12.702613 -0.298044 0.292754 -0.211523 -2.145920 -1.744988 1.705744 1.295313 -2.601772 -0.505742 0.241348 1.029357 -0.551278 -0.996325 -0.264486 -0.302850 -0.118316 -0.198227 -1.212464 1.021281 -0.328877 -0.117403 0.047464 -2.094745 -0.747344 -0.766406 -0.097009 0.486763 0.644171 0.784227 -0.289742 -0.374370 0.345201 0.185787 -0.304320 
130.140793 -27.756241 12.008636 -1.383666 0.409095 -0.566975 -2.647272 -1.055290 0.266345 2.621305 -2.904560 -0.528184 0.346970 0.234128 -0.884732 -1.959226 0.611152 0.207061 0.109195 0.858795 -0.378323 -0.693598 -0.215315 0.030371 -0.110982 -0.413561 -2.410332 0.263229 0.839685 0.053355 0.568770 0.187824 0.076381 -0.646241 0.025433 0.130213 -0.229245 
126.457062 -28.239126 10.933150 -4.216496 1.515057 0.202600 -1.927530 -0.027399 0.949097 -0.091884 -3.032402 -0.444999 0.019385 0.202234 -5.371941 -0.469867 1.414883 -0.196140 1.019224 0.177421 -1.059703 -0.271201 -0.278010 0.143023 -0.411026 -0.108612 -2.670665 1.391294 0.066936 -0.094104 0.131417 -0.952134 -0.365075 0.737631 0.339989 -0.176812 -0.110433 
0.000000 -27.351773 1.264753 -2.323399 3.238862 -0.959255 -0.608823 -0.700447 -1.853061 2.078903 -3.460581 -0.242138 -0.475082 0.016904 -6.226061 0.823363 0.745023 0.018853 0.372030 -1.045474 -1.108473 0.781664 0.464663 -0.323253 -0.331847 -0.988112 2.742610 0.401209 -0.997983 0.225064 -0.198060 0.079521 0.826966 0.001667 0.805247 -0.156186 0.400368 
94.216652 -28.205318 -1.518972 -2.569770 3.005103 0.240305 -1.183470 -2.118346 -1.267849 1.471444 -2.103076 -1.091505 -0.644309 -1.773989 0.113278 0.332551 -0.581083 0.253987 0.623105 0.336464 0.594229 -0.267867 1.332483 -0.169350 0.389710 -1.186823 5.493312 0.226852 -0.922466 0.502510 0.486326 1.321445 0.787143 -1.134322 -0.179363 0.628743 0.594760 
307.425842 -30.899751 1.491310 -1.658298 2.076696 -0.451281 0.637386 -0.027520 -0.664602 1.543169 -0.795616 -0.580837 0.304338 -2.356742 4.760562 1.277068 -1.099909 1.023873 1.344683 1.597417 0.465813 -1.486981 0.105938 0.934233 0.857673 -0.659311 2.118507 0.318981 0.165932 0.351564 -0.514214 0.073106 0.366099 -0.766130 -0.994901 0.523290 -0.276724 
129.108688 -32.918802 8.002152 -0.015635 0.805284 2.288051 1.505895 1.076487 -0.336223 -1.502518 -1.891201 0.776962 1.071036 -3.092611 4.350291 0.970513 -0.249218 0.957114 -0.405324 0.482676 1.326428 -1.800128 -0.657320 0.877230 -0.163737 -0.641196 -1.917333 -1.083684 0.823692 -0.710145 -1.705915 -0.608682 0.753694 0.810228 0.018801 -0.614193 -0.753521 
127.419754 -37.084973 10.191893 0.282728 1.578260 1.462948 -0.173262 0.937832 1.988253 -2.057087 -2.110256 1.173623 -0.023136 -3.639133 0.925896 -0.890300 0.547475 -0.396417 -2.067147 0.380052 1.973200 0.133475 0.143540 -0.294152 -0.649369 -1.541662 -3.437697 -0.878113 -0.203374 -0.902220 -0.509007 -0.054136 -0.442626 1.234434 0.723854 -0.576860 0.061684 
127.774849 -40.197068 9.853944 -1.796234 1.900235 1.495216 -2.628399 1.836592 3.610178 -1.235569 -1.604120 0.188658 -0.227703 -6.175935 -2.525102 -0.785713 -0.655967 -0.847325 -1.423338 0.374405 0.441176 0.668741 0.790388 -0.276489 -0.040370 -0.159152 -1.274663 0.981134 -0.692898 -0.017097 2.062591 -0.023941 -1.820107 -0.221039 -0.024980 0.081094 0.474081 
129.968369 -49.436844 5.141688 -1.288698 0.266326 -0.231703 -3.019937 1.686641 2.870606 -0.719605 -0.529479 0.620644 -0.103876 -3.957438 -1.623430 1.071967 -0.838322 -0.430611 2.058035 0.332170 -1.667013 -0.308603 0.093580 -0.131965 0.298793 7.440533 2.525365 0.266988 0.739212 0.923905 2.180379 -0.039124 -0.970289 -0.875814 -0.929225 0.127193 0.287122 
129.014954 -48.111943 6.607085 0.347701 0.223592 0.633995 1.487672 2.500933 0.276152 -1.852774 -1.416960 -0.075272 0.369883 8.705130 2.525628 -0.251737 0.822457 1.000485 2.937419 0.296157 -1.499403 -1.082888 -1.068063 -0.022104 0.533874 6.525792 1.543313 -0.993411 1.124427 0.137450 -0.663511 -0.597950 0.755230 0.055269 -0.382776 0.521332 -0.178014 
138.814560 -32.026583 10.192943 -1.792172 1.911239 1.769268 2.854901 2.278954 -0.128199 -2.885380 -2.665605 0.576437 0.963872 9.094147 1.463196 -0.914854 1.410533 -0.155711 0.731014 -0.863729 -0.156552 -0.198064 -0.671973 0.910699 -0.057234 -4.290320 -1.776721 0.206139 0.068891 -1.133059 -1.653043 -0.944520 0.633390 0.982016 0.409783 0.310554 -0.310489 
133.329956 -29.923650 9.533477 -1.482008 3.044658 0.322572 2.949699 0.773474 -0.036953 -2.248903 -2.760905 1.746126 0.255414 0.124491 -1.027815 0.160542 0.960239 -1.265633 -0.368667 -1.592884 -0.232622 0.881144 -0.248497 0.599005 -0.087104 -4.889742 -1.280354 0.568779 -0.412762 -0.464998 -0.568458 -0.166619 0.074020 0.612080 0.288205 -0.621572 0.034184 
126.024391 -31.777601 8.137314 -1.471088 3.831717 -0.761998 2.117568 -0.906813 -0.593443 -1.123093 -3.162599 1.774447 0.789665 -0.685338 -1.097512 0.222704 0.585009 -1.085708 -0.405903 -1.196967 -0.008513 1.026096 -0.095562 -0.332446 0.011134 0.301936 0.267487 -0.311233 -0.327044 0.674853 0.343156 0.805478 0.312656 -0.321987 0.124847 -0.456056 -0.067292 
119.896339 -31.294325 7.338452 -1.036600 4.214675 -1.848843 2.137893 -1.620459 -0.053979 -0.196711 -2.952030 1.081233 0.277683 0.728363 -0.492840 -0.461924 0.306152 0.084072 0.317646 0.018071 0.392690 0.237170 0.001196 -0.313107 -0.221687 0.586031 0.502052 -0.450936 -0.235168 0.856601 0.356694 0.785930 0.065736 -0.626059 -0.004263 0.182973 0.011585 
113.722099 -30.320875 7.151633 -2.394936 4.444021 -0.593853 2.752861 -0.870671 0.191937 -0.648753 -3.160207 1.148233 0.346291 0.486725 -0.093409 -0.679168 0.114673 0.627495 0.307484 0.374894 0.122958 -0.226021 -0.104088 0.033500 0.034304 -0.120819 0.199715 -0.108622 -0.095739 0.271711 -0.005081 0.178411 -0.134866 -0.231595 -0.052642 0.173303 0.127995 
