180.644348 -43.363857 -1.010916 -6.735850 0.767703 0.181611 -2.017867 0.224009 0.674948 0.193452 -0.579312 -1.106776 -0.021480 3.870467 -0.653565 0.671872 -0.493367 -0.547098 -0.546107 -0.234786 0.204735 0.218103 0.310202 0.148803 -0.280881 -2.104655 0.308197 0.000594 0.108878 -0.393665 -0.276794 0.239834 0.048688 0.192359 0.154148 -0.215319 0.168246 
0.000000 -35.622923 -2.318045 -5.392106 -0.219032 -0.912584 -3.110081 -0.245563 1.084419 0.629658 0.041093 -0.809170 -0.583241 -0.338844 -0.037171 0.673060 -0.275611 -1.334427 -1.099695 0.244882 0.302112 0.602822 0.618498 -0.281835 0.055612 -4.147918 0.369040 -0.070360 -0.386835 1.027412 1.345399 -0.188374 -0.205015 -0.315268 -0.237888 0.007026 0.399759 
0.000000 -44.041544 -1.085258 -5.389730 0.216480 -2.487243 -4.217257 0.713774 1.279171 1.399095 0.657683 -1.670445 0.089744 -4.425369 0.084515 0.531153 -1.267036 1.507725 2.144690 -0.611535 -0.205295 -0.412433 -0.165573 0.162855 0.518637 1.133445 0.123586 -1.659896 0.134476 2.436624 1.793361 -0.333562 -0.562562 -0.885756 -0.626569 0.283392 0.288932 
212.680145 -44.473660 -2.149016 -4.329801 -2.753105 2.102866 1.179299 -1.468633 0.673829 -0.195207 -0.290053 -0.483461 0.454034 1.928047 0.210001 -2.646731 -0.006659 3.538820 2.487027 -0.422242 -0.823012 -1.168690 -0.634641 0.284950 0.633476 1.719668 0.375255 -1.479231 1.434417 0.012489 -0.980630 0.681085 -0.034997 -0.100034 -0.262701 -0.117498 -0.064555 
0.000000 -40.185450 -0.665257 -10.683193 0.203162 4.590397 0.756797 -0.130710 -0.366852 -0.938285 -0.611598 -1.100546 1.356696 -0.986033 0.835025 -2.427310 1.601797 1.532703 0.183431 0.750635 -0.275290 -0.612501 -0.690974 -0.072140 0.389526 0.976222 -1.629113 4.628507 -0.608761 -3.391583 -1.634482 -0.176494 1.042182 0.787187 0.355399 0.165790 -0.631428 
144.365540 -46.445726 -0.478965 -9.184422 0.450490 5.168273 1.546161 0.032637 0.123249 -1.420209 -1.672000 -0.627741 1.233087 3.880491 -3.048225 6.610283 -1.224181 -3.244347 -0.781938 -0.775230 1.261353 0.405684 0.076158 0.616530 -0.629380 8.061958 -2.005479 4.304280 -1.483455 -2.668619 -0.673293 -0.704234 0.626953 0.595348 0.665134 0.254087 -0.524937 
0.000000 -32.424467 -6.761708 2.537372 -2.245199 -1.898296 -0.807079 -1.681171 2.155853 -0.126916 -0.459281 0.132513 0.097935 15.137882 -3.175933 6.181250 -1.365113 -3.804535 -1.163155 -0.657833 0.978615 0.578195 0.639295 0.436033 -0.660347 -4.196883 1.882358 -4.055121 0.877801 2.079298 0.372546 0.932344 -1.045438 -0.279414 -0.088154 -0.186179 0.165937 
0.000000 -16.169961 -6.830831 3.178077 -2.279737 -2.440797 -0.780150 -1.283030 2.080480 -0.263820 -0.393410 0.244325 -0.087607 -4.513274 0.716491 -1.499960 0.531422 0.914250 -0.036846 1.089457 -0.829524 -0.153143 -0.100149 0.244171 -0.297506 -15.140237 3.412137 -4.182960 1.057318 2.315802 0.491598 0.995761 -0.947157 -0.325610 -0.330090 -0.391967 0.448826 
159.908478 -41.451016 -5.328726 -0.462547 -1.182356 -0.069796 -0.880771 0.497742 0.496805 -0.433202 -0.659579 0.620855 -0.497077 -15.142592 3.648341 -2.184671 0.749523 0.827068 -0.179959 1.333689 -0.915699 -0.073025 -0.020885 -0.347901 0.237305 2.871484 2.855367 0.900177 -0.267510 -0.319556 0.922220 -0.677176 0.288678 0.220192 0.136931 -0.365639 -0.067065 
165.155640 -46.455145 0.465850 -1.191265 -0.780690 -0.786662 -1.140069 1.384348 0.249082 -0.409870 -0.435180 -0.451476 0.387004 1.229694 6.427225 0.300395 -0.003598 0.275138 1.807595 -0.264895 -0.252168 0.287241 0.173712 -0.487108 -0.431637 11.160892 -0.399366 1.891061 -0.153409 0.283534 1.509555 -1.525440 0.329031 0.517872 -0.111436 0.247482 -0.635258 
180.806946 -38.991629 7.525724 0.138243 -1.189551 0.480480 2.734419 -0.032048 -0.007530 0.141280 -0.312154 -0.353360 -1.360350 7.179192 2.849609 1.597450 0.442705 1.394136 2.839150 -1.717190 -0.257638 0.962720 -0.243757 0.147063 -1.033211 1.607731 -4.202213 0.608915 0.372674 0.474895 -0.511608 -0.258562 -0.108568 0.309224 -0.078746 0.420551 0.257031 
0.000000 -32.096760 6.165067 2.003636 0.104720 2.001610 4.538231 -2.050031 -0.266193 1.515569 -0.922695 -0.157351 -1.679419 4.445156 -1.977200 1.518225 0.741751 1.224928 0.784379 -0.782018 -0.469304 0.905688 0.016220 0.353993 0.082425 -3.874357 -3.178889 -0.292405 0.354553 -0.560595 -1.710078 1.191085 0.109047 -0.458338 0.203141 0.001155 0.698679 
113.535408 -30.101317 3.571324 3.174692 0.293952 2.930336 4.303178 -1.596085 -0.946138 1.952656 -0.279713 0.354626 -1.195501 -0.569522 -3.508170 1.012641 1.151812 0.272947 -0.581006 0.664980 -0.039543 0.046043 0.162524 0.149373 0.364147 -2.681995 -3.535441 -0.382715 1.172384 -0.951259 -1.407221 0.812147 0.887022 -0.575115 -0.560042 -0.315094 0.235260 
118.465096 -33.235805 -0.851273 4.028917 2.408343 2.547504 3.376220 -0.720071 -0.345280 1.607656 -0.597646 0.141395 -0.951125 -0.918834 -9.048083 0.752795 3.086520 -0.677589 -2.030063 0.842275 1.304740 -0.244543 -1.103865 -0.276194 0.552945 0.416276 -2.696510 -0.526330 0.096449 -0.702736 -0.506554 -0.133251 0.348566 -0.184234 -0.216625 -0.125393 -0.039868 
136.105362 -31.938984 -14.524842 4.680281 6.466992 1.575158 0.243052 0.088465 1.663343 1.463570 -2.487442 -0.197762 -0.089611 0.263030 -8.901189 -0.040020 1.344710 -1.132525 -1.594114 0.398478 0.657589 -0.322424 -0.270725 -0.101414 0.284410 -0.412288 3.160833 -0.728674 -2.351117 -0.434912 1.097459 -0.253146 -0.943250 0.026971 1.068950 0.128480 -0.325864 
0.000000 -32.709746 -18.653651 3.948878 5.097762 0.282454 0.187992 0.076886 0.969898 0.962807 -1.139097 -0.061433 -0.382305 -1.743410 -2.726417 -0.704553 -1.615713 -1.547413 0.164855 0.335983 -0.581759 -0.190601 1.034036 -0.019235 -0.098783 -0.569308 4.449785 -0.160936 -1.316718 -0.145877 0.745190 -0.022329 -0.615017 0.177507 0.414624 0.071181 -0.034052 
0.000000 -35.425803 -19.977677 3.271174 3.235565 -1.519669 0.572762 0.760431 0.499826 1.082369 -0.419370 -0.236231 -0.287177 -0.875586 -0.001619 -0.361891 -1.288726 -1.424279 -0.103734 0.353820 -0.572445 0.032590 0.558523 0.040949 0.216307 0.505773 2.343493 0.457540 0.656927 0.765768 0.157296 0.009132 0.227924 -0.002059 -0.534826 0.131666 0.185649 
0.000000 -34.460917 -18.656889 3.225097 2.520310 -2.566103 -0.019475 0.784525 -0.174992 1.027986 -0.022052 0.020464 0.050309 -0.731864 1.960568 0.210526 -0.301859 -0.015878 0.479446 0.354247 -0.125911 -0.194719 -0.035616 0.244098 0.272514 1.375992 4.187257 0.746904 0.032617 0.586490 0.766300 0.297535 0.417830 -0.026971 -0.553820 -0.312487 -0.103417 
0.000000 -36.889531 -16.056541 3.692227 2.631847 -1.551425 1.531655 1.468925 0.248005 0.692931 -0.490601 0.251964 0.257851 1.876398 8.372896 1.131917 -1.223493 -0.251298 1.428866 0.948889 0.263216 -0.021351 -0.549117 -0.584025 0.009472 2.750665 4.215349 -0.914683 -0.584485 0.824471 -0.113213 -0.480542 0.129149 0.560793 -0.075872 -0.567132 -0.214114 
0.000000 -30.708122 -1.911096 5.488930 0.073325 -3.068700 2.838257 2.682303 0.351440 0.985283 -1.120285 -1.147586 0.069252 4.769466 10.391265 -1.618840 -1.470830 1.633063 0.253020 -0.606838 0.132387 0.926866 -0.187360 -0.890166 -0.155713 -0.035649 -2.305651 -2.241153 1.200275 1.622881 -1.458364 -1.100687 0.160142 0.360519 0.638337 0.078380 -0.225188 
157.848816 -27.350599 4.725990 0.454546 -0.309812 1.714701 2.037696 0.255249 0.512778 2.546664 -0.865321 -1.528369 -0.053574 1.805100 3.761593 -3.350388 1.177058 2.994464 -1.487862 -1.252485 0.583500 0.699686 0.727556 -0.427266 -0.440903 -2.448339 -4.697820 0.342810 1.450236 -0.560623 -1.004020 0.619367 0.119472 -0.422574 0.407756 0.387121 -0.146216 
152.180344 -27.097923 5.612091 -1.211847 2.427441 2.920227 -0.137467 0.177334 1.518440 2.384655 0.334827 -2.002117 -0.812554 -0.127213 0.995626 -0.933220 1.429643 0.511817 -1.755020 0.631896 0.371331 0.081719 0.628152 -0.115925 -0.448145 -1.055126 -1.205315 2.157214 -1.049852 -1.790366 0.218059 0.820683 -0.387472 -0.370872 -0.409861 0.406133 0.040343 
145.510925 -27.605025 6.717241 -1.411894 2.549473 2.738335 -1.472343 1.519041 1.255440 2.710102 0.390982 -1.760220 -0.949864 -0.305152 1.350964 0.964040 -0.922645 -0.586268 -1.051743 0.388882 -0.191444 -0.042059 -0.092166 0.385001 -0.360218 0.249800 0.117503 1.177566 -1.202875 -0.473359 0.789721 -0.311739 -0.350739 -0.193721 -0.282041 0.090925 0.011813 
137.327667 -27.708227 8.314019 0.716234 0.582150 1.747691 -2.240953 0.955098 1.135552 2.300538 0.150495 -1.232115 -1.532989 0.372387 1.230632 1.421913 -0.976107 -0.434902 -0.175579 0.008418 -0.330146 -0.305723 0.064069 0.065925 -0.424519 -0.218267 -0.314788 0.222959 0.287529 -0.317891 0.698790 0.380125 0.242331 -0.328902 0.012249 -0.215890 0.193987 
131.030579 -26.860251 9.178505 1.431933 0.597259 1.868531 -1.823500 1.535877 0.595147 2.098656 0.519119 -1.628369 -1.798901 -0.741686 0.721388 1.409957 -0.347588 -1.222051 0.345837 1.149131 0.293218 -0.699863 -0.067667 -0.046779 0.027756 -1.205901 -0.940247 0.050422 0.188656 -1.078129 0.794958 0.588224 0.115679 -0.024037 -0.432695 0.090309 0.628049 
125.752312 -29.191600 9.756795 3.536148 -0.113026 -0.696411 -1.549278 3.253359 1.721988 0.900812 0.015161 -1.325674 -1.477477 -2.039416 -0.649861 1.522757 -0.598795 -2.591159 1.414338 1.184865 -0.098789 -0.353797 -0.801322 0.246543 0.831578 -1.112355 -2.783376 0.520944 0.024976 0.156847 1.125248 -0.629134 -0.479800 0.194551 -0.421928 0.254650 0.199903 
121.815559 -30.939084 7.878782 4.477447 -0.600331 -3.313788 1.005175 3.905608 0.397569 1.391063 -1.083524 -1.135284 -0.135744 -2.966396 -4.845363 2.451846 -0.297636 -0.908357 2.596333 -0.109137 -0.666382 -0.310761 -0.911524 0.462521 0.427562 -1.047304 -4.797625 -0.651929 1.224723 2.112388 -0.248518 -0.863724 -0.023440 -0.165893 0.243285 -0.015289 -0.406403 
121.409264 -35.124392 0.066068 8.439840 -0.708297 -2.513125 3.643387 3.035085 0.389224 0.279289 -1.807887 -0.400632 -0.622353 -4.134024 -10.245111 0.218899 1.850650 1.633617 0.917302 -0.542583 -0.145669 -0.685583 -0.314751 0.215965 0.018773 -1.461056 -2.681975 -3.433713 0.633977 0.867602 -1.738080 -0.241228 0.437253 0.093914 0.311684 -0.165183 0.156492 
164.552399 -39.207131 -12.611440 4.915246 3.100970 -0.046554 2.839779 2.820441 0.106230 0.019898 -1.713026 -0.703353 -0.098199 -5.888508 -10.209314 -4.415580 0.970318 0.826848 -0.879828 -0.591593 0.208123 -0.122932 -0.288155 0.132155 0.740545 1.560942 7.989742 -0.130924 -1.602952 -1.318424 -0.109427 0.450436 0.503253 0.331469 -0.173119 -0.068083 -0.027035 
0.000000 -46.901407 -20.352560 -0.391320 1.232339 -0.859428 1.883732 1.851900 0.805471 0.033424 -2.384197 -0.136322 0.858738 -1.012140 5.734373 -0.042948 -1.355254 -1.003231 0.698448 0.358288 0.860837 -0.022645 -0.660988 0.079799 -0.035297 5.470165 12.442065 3.324811 -0.701208 -1.161741 1.110797 0.725523 -0.160420 0.128573 0.345398 -0.180638 -0.510473 
0.000000 -41.231410 -1.142694 4.829349 0.390462 -2.053017 4.236674 3.537016 1.827905 -0.025392 -3.035003 -0.543755 -0.168793 5.051821 14.674815 2.234041 -0.432098 -1.496634 1.341766 0.859454 -0.112717 0.134213 0.402641 -0.229122 -0.280400 2.246837 -0.350387 -0.526459 0.613484 0.183842 -0.752500 -0.073798 -0.478301 -0.102155 1.017099 -0.035437 0.094144 
122.801231 -36.797764 8.997070 4.076762 0.368143 -3.852696 4.567264 3.570808 0.580036 0.301850 -1.578916 -0.594565 0.297938 3.481535 5.033599 -1.095866 -0.128287 -0.635548 -0.806551 0.210691 -0.095765 -0.226954 1.373210 0.008924 0.152990 -2.832434 -7.509210 -1.182862 -0.045829 1.080397 -1.074845 -0.261935 0.585814 -0.087802 0.018900 -0.107473 0.107379 
123.422852 -34.268340 8.924505 2.637616 0.133888 -3.324114 2.623572 3.958399 1.636375 -0.479301 -0.288582 -0.525907 0.137187 -0.613046 -0.343605 -0.131683 -0.523756 0.664159 -0.807924 0.335585 1.058911 -0.041390 0.440442 -0.444067 -0.065641 -3.009515 -4.739937 2.164040 -0.121774 0.930467 0.239797 -0.048342 0.504371 0.058281 -0.853692 -0.172873 -0.414914 
121.878616 -38.023857 8.309859 3.813396 -0.679369 -2.524377 2.951416 4.241978 2.697858 0.219070 -0.698033 -1.482699 0.166655 -2.537496 -4.446275 3.232215 -0.371835 1.225386 -0.326958 0.114008 0.912977 -0.110392 -0.334173 -0.336822 -0.676837 -1.493651 -4.052188 0.117497 0.700282 1.411322 0.519481 -0.976894 -1.179398 -0.324643 0.127150 0.571148 -0.262228 
120.434227 -39.343331 0.031955 9.102046 -0.609783 -0.873342 1.969655 4.186415 3.462328 -0.700085 -0.956928 -1.199551 -1.216487 -3.600349 -8.447980 0.103310 0.876807 3.486803 0.231037 -1.618203 -1.299885 -0.690676 0.694742 0.698229 -0.590097 -0.219095 -0.944516 -5.282531 0.193488 0.790469 0.013480 -0.536159 -1.197978 -0.013945 0.360571 0.502635 0.843249 
123.367065 -45.224555 -8.586102 4.020016 1.074245 4.449229 3.413489 1.005572 0.098087 -1.162283 0.691451 -0.086241 -1.013538 -2.975685 -6.335308 -7.332848 0.015141 2.806324 -0.299998 -0.958311 -1.482979 -0.138283 0.386969 0.668448 1.009662 2.796279 3.207157 -1.832321 -1.401472 -2.499470 -1.130940 1.074033 0.669833 0.422965 -0.611236 -0.278198 0.479944 
0.000000 -45.294701 -12.638661 -5.563651 -0.579500 4.739306 1.369659 2.269794 0.496371 -0.976651 -0.182990 0.137344 0.802836 1.992209 -2.033667 -3.561332 -1.926138 -1.512137 -2.030843 0.529863 0.039780 0.155253 -0.527730 0.141833 0.369791 5.801334 3.388277 3.940516 -0.892968 -3.005530 -0.487565 0.539424 0.774326 0.221846 -0.101786 -0.086160 -0.786188 
0.000000 -41.240137 -12.653435 -3.102648 -2.778030 1.424955 -0.648197 2.065299 0.177647 -0.851777 -0.364008 0.197426 -0.273955 8.626983 0.441246 0.548184 -1.770795 -3.204736 -1.275129 0.120538 0.065673 0.305410 0.183397 0.496127 -0.562713 0.435979 0.873406 1.850096 1.011362 0.587543 0.237841 -0.119051 -0.003548 0.110553 0.521647 0.216313 -0.230333 
0.000000 -28.040734 -11.756170 -4.467283 -4.121091 -1.670166 -1.180598 2.510869 0.627718 -0.365831 0.183804 1.129599 -0.322591 2.864167 -0.286854 0.138859 0.096586 -0.337051 -1.555160 0.291762 0.032684 0.376358 0.515563 0.574460 -0.090874 -7.913283 -1.282731 -0.054171 1.492048 2.584362 0.380733 -0.215919 -0.199962 -0.124604 -0.050871 -0.201354 0.212617 
0.000000 -35.511804 -13.227144 -2.824931 -2.584858 0.750853 -3.758517 2.648822 0.243015 -0.099061 0.667118 1.346346 -0.455704 -7.199582 -2.124216 0.439843 1.213301 1.963987 -0.513663 -0.311299 -0.334251 0.056202 0.081656 0.093420 -0.137480 -3.033570 0.760546 -0.619368 -0.063224 0.078775 1.914018 -0.450082 -0.101264 -0.150855 -0.331253 -0.350844 0.059046 
0.000000 -42.439899 -16.004601 -3.587598 -1.694489 2.257809 -2.207924 1.888270 -0.040785 -0.253426 0.347116 1.316439 -0.597551 -3.202974 1.234238 -1.099878 -0.029861 -0.179500 2.272875 -0.608403 -0.169845 0.074649 -0.146942 -0.127227 0.027219 6.463934 3.159858 -0.890420 -2.018696 -1.174231 1.297258 -0.459066 0.239100 0.116150 0.067274 -0.341634 0.270935 
0.000000 -41.917751 -10.758667 -5.024686 -2.644581 0.391853 0.787232 1.432015 -0.096674 0.050236 0.373234 1.091892 -0.401267 5.728286 4.195500 -1.340997 -2.824091 -0.384474 2.080852 -1.229431 0.143948 0.288503 0.216203 -0.589849 0.404389 5.687452 -0.973050 0.858775 -1.059507 0.295642 -0.815651 -0.266404 0.084532 0.093290 0.138783 -0.221501 0.162326 
0.000000 -30.983327 -7.613602 -6.269592 -7.342671 1.488860 1.953781 -0.570591 0.247111 0.323581 0.779522 0.136740 0.211227 8.171930 -0.711863 0.617672 -2.148876 0.411783 0.641572 -1.141211 -0.000781 0.261228 0.130624 -0.570229 0.351870 -4.390371 -4.561978 2.450455 2.407652 -0.114096 -1.056152 0.733664 -0.205578 -0.289544 -0.040783 0.323645 -0.239075 
0.000000 -25.573892 -12.182392 -3.789342 -6.942332 1.215419 2.070377 -0.850407 -0.098237 0.572693 0.634483 -0.048566 0.302474 -3.052455 -4.928456 3.559913 1.991214 -0.612666 -0.031452 0.237896 -0.267209 -0.290584 0.134637 0.057440 -0.073760 -8.781599 -0.444356 1.126473 2.600491 -0.147546 -0.131267 0.803049 0.118604 -0.161942 0.030061 0.305150 -0.301642 
0.000000 -37.088237 -17.470513 0.850235 -3.360243 0.263528 1.890877 -0.094799 -0.287306 -0.257587 1.048796 0.251621 0.063706 -9.391268 -1.600575 2.870617 3.052106 0.116691 0.379038 0.464887 0.236427 -0.062655 0.190747 0.040070 -0.251414 -1.681754 5.119495 -2.010747 -0.834323 0.556972 0.369433 0.125521 0.377309 0.399712 -0.195896 0.074140 0.314163 
0.000000 -44.356427 -15.383542 1.951892 -0.838121 1.448800 2.828452 0.079367 0.374617 0.447383 1.015978 0.031574 -0.200353 -6.415962 5.310535 -0.461580 0.322568 0.501279 0.707414 0.488938 0.487410 0.508839 -0.257154 0.205721 0.554565 5.955077 3.187136 -3.174920 -0.774291 -0.029570 -1.468811 0.064820 0.615364 -0.074827 -0.243173 0.309428 0.177344 
150.465851 -49.920162 -6.849444 -0.072926 -2.715107 1.266085 3.305705 0.883078 0.687514 0.760092 0.534488 0.663063 1.172837 2.518885 4.773697 -3.479223 1.503524 0.057550 -2.558583 0.594527 1.467156 -0.212310 -0.295599 0.658926 0.103273 6.880609 -0.523202 0.115871 1.016096 -0.948571 -2.526698 -0.760453 0.122455 -0.564870 -0.152261 -0.433300 -0.997849 
305.956665 -39.318656 -5.836148 -5.006554 2.168926 1.563900 -2.288714 1.268420 3.308928 0.022763 0.424780 1.349426 0.006193 7.345256 4.264130 -0.229839 2.354760 -1.395863 -4.345981 -1.031969 0.732320 -0.620901 -0.561675 -0.660879 -1.441133 1.356492 0.367097 3.432857 -1.294595 -1.754494 0.715165 -1.008883 -1.631256 0.035589 -0.352645 -1.113012 -0.236725 
153.734512 -35.229650 1.678816 -0.532603 1.994412 -1.525641 -5.386257 -1.180860 2.152154 -0.481711 -0.588863 -0.658695 -1.709428 5.231870 5.507891 3.386492 -1.085667 -3.451439 -1.128252 -1.423240 -1.795357 -0.141133 -1.000888 -1.567099 -0.370177 -1.231051 -1.014857 0.880145 -2.179420 -0.121579 2.539382 0.238058 -1.127104 0.657518 0.088282 -0.026244 1.253001 
151.165436 -28.854917 5.179634 1.766429 -0.002407 -5.338977 -4.545219 -1.578060 -0.281786 -0.259502 -1.576995 -1.784772 -0.734162 4.883154 2.234416 1.530451 -2.004080 -1.639020 0.732784 -0.555852 -1.521887 0.694135 -0.385111 -0.713367 1.064870 -2.560919 -1.912087 -1.323582 0.087445 2.162256 0.960908 0.557008 0.834009 0.212568 0.639855 0.775285 0.342230 
152.565399 -25.463342 6.147649 2.528298 -2.013748 -4.803682 -3.920690 -2.292564 -0.891619 0.906560 -1.359085 -2.085429 0.420312 0.110031 1.683718 0.739328 -0.910777 0.873073 0.793564 -0.309225 -0.127339 0.284003 0.278823 -0.016529 0.314282 -5.190454 -0.387058 -0.824033 0.912066 1.790159 0.202060 0.578766 1.247083 -0.330521 0.493047 0.803537 -0.475521 
155.814697 -28.634855 8.547069 3.245085 -1.823961 -3.592832 -2.958092 -2.196510 -0.536464 0.308505 -1.019350 -1.817831 -0.105598 -5.497755 1.460300 -0.117616 -0.179948 1.941297 1.136903 0.601680 0.972280 0.033093 0.600984 0.893706 0.113829 -3.591933 -0.640381 -0.671783 0.710757 0.417670 0.100005 0.834832 0.555582 0.216308 0.203472 0.612155 0.109311 
158.458252 -36.458851 9.068248 2.293066 -2.373645 -0.921087 -1.646884 -1.089205 1.052941 0.972745 -0.157117 -0.298017 0.647970 -7.073835 0.402956 -0.604238 0.510737 1.708412 0.993574 1.360439 0.983826 0.716619 0.685767 1.207781 0.532904 -0.059505 -0.907545 0.312067 0.985066 -1.139175 -0.427725 0.043536 -0.425729 0.223784 -0.243147 -0.058046 -0.046243 
163.309174 -42.782524 9.352981 2.036608 -0.802488 -0.176009 -0.970944 0.524368 1.431188 1.741743 0.352184 0.597732 0.960211 -5.616765 -0.354790 0.506517 1.790184 -0.337052 0.281453 0.688752 0.120822 0.480662 0.114691 0.777615 0.021343 4.153034 -3.703247 1.720670 0.740189 -1.378626 -0.310930 -0.768969 -1.015965 -0.463103 -0.449032 -0.732272 -0.511436 
162.230728 -47.692381 8.358668 3.306100 1.206724 -1.595191 -1.083978 0.288299 1.294584 1.934068 0.072264 1.257213 0.690657 1.232233 -7.003538 2.837101 1.991114 -1.048840 0.371713 -0.177500 -1.048104 -0.209586 -0.212296 -0.256762 -0.489968 10.256869 -3.090389 0.172173 -1.172148 0.225688 0.629866 -0.183107 -0.770504 -0.726571 -0.215289 -0.787834 -0.144867 
159.374191 -40.318058 -4.654094 7.710811 3.179739 -2.273688 -0.227517 0.169368 -0.665020 1.322571 -0.072408 0.084207 -0.019725 14.896973 -6.535568 0.850862 -0.554112 0.114324 1.541184 0.322538 -1.420187 -0.972480 -0.315888 -0.798053 -0.268391 3.847458 2.980638 -1.753077 -2.040904 1.114640 0.257312 0.084238 0.480434 -0.225944 0.044861 0.024465 0.126691 
137.931625 -17.898434 -4.712469 5.007825 0.098500 -1.366543 1.998390 0.933375 -1.545790 -0.010891 -0.559511 -0.338893 0.153874 8.927149 -1.042262 -0.669053 -2.090694 1.180440 0.886337 -0.009023 -0.087236 -0.661475 -0.122574 -0.207832 -0.236587 -9.366908 2.671655 -0.487324 0.394421 0.584954 -1.021165 -0.675313 0.740890 0.384077 0.037200 0.414094 0.006423 
136.587189 -22.463761 -6.738618 6.372704 -1.001648 0.087193 1.545157 0.151322 -0.839492 -0.000378 -0.317557 -0.331456 -0.492898 -3.836844 -1.192259 -0.123785 0.234729 1.284233 -0.501146 -1.028088 0.061593 -0.204327 -0.241487 0.030135 -0.255545 -6.004602 1.003291 -1.315794 1.580922 0.220574 -0.031793 -0.143643 -0.154421 0.250470 -0.146684 0.064071 0.321879 
0.000000 -25.572121 -7.096986 4.760255 0.567959 1.201923 0.996099 -1.122800 -1.422605 -0.419545 -1.042485 -0.278623 -0.357216 -3.082055 0.964320 -3.300641 1.071151 1.621589 0.822751 -0.296310 -0.396079 -0.160534 -0.415942 -0.079689 0.407171 -0.727045 1.517467 -1.417355 0.292247 0.091327 0.612085 0.592924 0.012420 0.399791 0.126744 -0.192789 0.188469 
119.819199 -28.627871 -4.809977 -0.228577 1.140654 3.330371 3.190658 -0.441298 -1.631650 -0.321447 -1.149441 -0.490834 0.321444 -5.290934 1.842676 -2.958495 0.819224 1.466886 0.723024 0.157760 0.086434 0.595255 0.012000 -0.355442 0.121392 -0.340502 -0.132574 1.418281 -0.269137 -0.609463 -0.598503 0.056659 0.293518 0.353370 0.240711 -0.084824 -0.312554 
114.903633 -36.153989 -3.411634 -1.156735 2.206407 4.135695 2.442146 -0.807279 -1.249738 0.770966 -1.018484 -0.989508 -0.114431 -3.763059 0.699171 -0.464079 0.532877 0.402662 -0.374256 -0.182991 0.190956 0.546207 0.065479 -0.249337 -0.217938 0.763937 -0.571752 1.247208 -0.143174 -0.532112 -0.548640 -0.170376 0.052261 -0.024524 0.026739 0.053053 -0.169665 
