139.133377 -23.799881 -2.538490 0.246910 7.054457 2.485647 -0.838014 -0.658574 0.111144 0.833777 0.049096 0.419964 0.342310 -1.689743 0.116671 -0.941069 0.107694 -0.420731 0.361782 -0.107597 -0.048031 0.147822 -0.124875 0.222108 0.080656 -0.758608 0.880540 0.032779 -0.708969 -0.109980 0.232536 0.209916 0.037117 0.019159 -0.002532 0.060925 -0.129755 
138.563248 -27.179367 -2.305148 -1.635227 7.269845 1.644185 -0.114449 -0.873769 0.015083 1.129421 -0.200654 0.864181 0.503621 -3.206959 1.877750 -0.875510 -1.310244 -0.640692 0.826855 0.312235 0.026203 0.186140 -0.129938 0.343958 -0.178855 -2.140069 2.234650 0.907728 -1.089399 -0.026759 -0.682492 0.332683 0.461430 -0.052072 0.231347 -0.039392 -0.281147 
140.349014 -30.213798 1.217011 -1.504110 4.433968 1.204263 0.815695 -0.034105 0.163550 1.206057 -0.210780 1.107881 -0.015400 -5.969882 4.585970 0.874387 -2.071103 -0.474250 -1.003202 0.557768 0.874829 0.043677 0.337819 0.143325 -0.481639 -1.115620 0.669288 1.784775 0.144142 -0.296960 -1.494670 -0.347634 -0.108690 -0.045096 0.331217 -0.305340 0.013581 
138.427597 -39.119131 6.866792 0.113546 3.127640 0.695685 -2.120853 0.241766 1.764742 1.216775 0.474983 1.150831 -0.459656 -5.438198 3.216327 2.694039 -1.021960 -1.234612 -2.162485 -0.383033 -0.191177 0.095949 0.532496 -0.266722 -0.151693 3.806189 -2.340362 0.823737 0.522659 -0.217583 0.150558 -0.202973 -0.816071 0.148810 -0.163563 -0.128994 0.315268 
139.484497 -41.090194 7.649664 3.883969 2.390048 -1.264961 -3.509275 -0.800171 -0.218805 1.397954 0.854211 0.574437 -0.318785 1.642496 -0.094755 2.521861 -1.025784 -0.909416 -0.702086 0.151822 -0.757312 0.341297 0.010692 -0.114663 0.148897 4.558542 -2.061913 -1.503361 0.141235 0.354598 1.210159 1.022377 0.423528 -0.155925 -0.642776 0.248438 0.154902 
143.046249 -35.834138 6.677283 5.157269 1.076071 -1.123146 -3.525024 0.545411 0.250117 1.899370 0.496368 0.921505 -0.161861 3.678886 -0.907499 -0.312684 -0.739491 -0.525417 0.257833 1.661722 0.655879 -0.215901 -0.753056 0.230154 0.158110 -4.120927 -0.587996 -1.855897 0.460141 0.386684 0.964933 0.032044 0.542005 -0.526920 0.058480 -0.129165 0.110182 
144.373047 -33.732423 5.834666 3.258602 0.911067 -2.315794 -2.993609 2.523272 1.092954 0.966152 -0.651900 1.034745 -0.002564 -6.599358 -1.270748 -1.189933 -0.105501 -0.136048 1.227780 0.215911 0.326698 -0.712543 0.127653 -0.372993 0.369261 -0.689019 -1.135530 -0.079757 -0.213795 0.611168 0.538793 -1.712711 -0.388767 0.048086 0.655984 -0.420722 0.023767 
135.446716 -49.032855 4.135788 2.777404 0.865068 -1.395241 -1.069463 0.977233 0.903512 0.474285 0.751673 0.175519 0.576662 2.300848 -3.178559 -0.472198 -1.167081 0.696920 1.335418 -1.763701 -0.121654 -0.119729 0.558912 -0.611290 0.205645 10.853128 0.332859 0.824217 -0.154132 -0.246519 -0.339720 0.223868 -0.510419 0.266267 -0.180209 -0.024751 -0.400661 
142.587677 -29.130728 -0.522452 2.314205 -1.423094 -0.921954 -0.322772 -1.004129 0.849646 0.726694 0.465925 -0.187834 0.408727 15.106897 -0.605029 0.458502 -0.413765 -0.629086 0.548341 0.663647 -0.694141 -0.180009 -0.232765 -0.422495 -0.432061 1.390825 2.766070 0.679614 1.028087 -1.132229 -0.688264 1.996324 -0.567008 -0.170963 -0.258400 0.156541 -0.386116 
143.014572 -18.819060 2.925731 3.694409 0.037539 -2.653414 0.027218 2.304527 -0.484770 0.114267 0.286144 -0.669472 -0.287461 5.082497 2.353581 0.887031 0.889093 -1.567539 -0.041110 2.228947 -1.255669 -0.461655 0.042112 -0.298209 -0.566586 -8.152585 0.798354 -0.328034 0.301956 0.139570 -0.842666 0.030740 0.074264 0.196366 0.168845 0.170418 0.137318 
142.517822 -18.965734 4.184710 4.088267 0.355092 -4.057031 -0.404992 3.453765 -1.661692 -0.196615 0.550149 -0.784252 -0.724446 -1.198272 0.991680 -0.197566 0.190147 -0.349946 -1.136992 0.725126 -0.545614 0.212723 0.104924 -0.081659 -0.157424 -4.617061 -0.555639 -0.812206 -0.505440 1.191330 -0.995624 -0.955288 0.671051 0.583868 -0.101179 0.308573 0.327995 
136.486679 -21.215605 4.909091 3.299277 0.417832 -3.353306 -2.246766 3.754780 -1.575998 0.539712 0.495993 -0.832789 -0.602310 -4.151625 1.242303 -0.737382 -0.121787 0.815121 -2.032358 0.318370 0.086432 0.706082 -0.160246 0.318938 0.089404 -0.315509 -0.201523 0.118262 -0.572298 0.127396 0.120599 -0.424077 0.200006 0.106023 0.017130 0.215799 0.126712 
133.132324 -27.268985 6.669315 2.613503 0.111517 -2.426788 -4.469708 4.090505 -1.488827 1.215549 0.229656 -0.146376 -0.545638 -1.829290 0.588633 0.038958 -0.954449 -0.095154 -0.895794 -0.123029 -0.145602 0.424769 0.139184 0.349939 0.096001 2.783541 -0.768018 0.535211 -0.375241 -0.726710 1.617090 -0.557461 -0.056091 -0.283819 0.206993 0.043488 0.016097 
136.413574 -24.874185 6.086358 3.377193 -1.491065 -3.543613 -4.038353 3.508723 -1.867203 1.389249 0.774361 -0.132910 -0.410308 1.415456 -0.293734 0.333039 -0.872269 -0.638298 1.201821 -0.796551 -0.025750 0.138444 0.253741 0.405915 0.121598 -0.761864 0.300546 0.053311 0.473360 0.082928 1.063288 -0.332094 0.051244 -0.138124 -0.155345 0.009014 -0.157910 
137.749146 -24.438073 6.081846 3.279582 -1.633022 -3.703384 -2.066066 2.497402 -1.540328 1.492436 0.737137 0.665454 -0.302442 -3.353018 1.189726 0.145580 -0.007729 0.070703 1.230782 -0.787217 -0.043114 0.148521 -0.171506 0.367967 -0.219820 -5.003085 1.226189 0.340289 0.294399 0.602702 -0.381948 -0.126488 0.183211 -0.002140 -0.015958 -0.239980 -0.233141 
140.558701 -31.580221 8.465810 3.668353 -1.506523 -3.402208 -1.576790 1.934289 -1.953430 1.686291 0.431349 0.603024 -0.849948 -8.590713 2.158644 1.013618 -0.283471 0.567107 0.437925 -1.049527 0.340672 0.134164 0.221825 -0.074045 -0.344685 -2.442622 -0.533057 -0.059341 0.573608 0.796249 -0.472070 -0.386410 0.425463 -0.147917 0.463472 -0.068513 0.441344 
141.443222 -41.619499 10.399134 5.306818 -2.199964 -2.569171 -1.190215 0.398348 -0.858984 1.760764 1.180787 0.517364 -0.991812 -8.238263 0.123612 0.026899 1.139487 1.663201 0.286642 -1.560036 0.807812 -0.147313 0.755438 0.230941 0.662868 1.409208 -1.860490 -0.982517 0.823364 0.649632 0.053270 -0.021691 -0.397878 -0.404011 0.101352 0.462137 0.713972 
140.435577 -48.056747 8.713035 3.722151 0.772451 -0.075805 -1.003505 -1.185784 -0.337806 1.391665 1.942225 1.064906 0.475788 -5.772296 -1.562335 -0.951416 1.363258 1.866371 0.544465 -1.092909 -0.455085 -0.673858 0.424529 0.850230 1.083258 1.152900 -1.587614 -0.597370 -0.821218 -0.333180 -0.098762 0.466537 -0.479313 -0.279043 -0.699319 -0.345963 -0.589654 
140.755173 -53.164091 7.274463 3.403987 0.526552 1.163572 -0.101286 -1.787470 -1.769153 0.413048 2.029844 2.217823 1.174704 -5.932463 -3.051616 -1.167840 -0.502949 0.996841 0.089118 -0.626963 -0.150813 -0.705400 -0.643201 -0.460986 -0.516439 -0.283010 -1.322125 -0.367205 -0.677002 -0.815043 -0.406116 0.490051 0.623854 0.424061 -0.771208 -1.107625 -0.902536 
137.824036 -59.921672 2.609803 1.386470 -0.233447 1.917877 -0.825269 -2.439710 -0.639432 -0.019135 0.655822 0.142935 -0.557090 -6.338316 -4.206586 -1.685826 0.009253 0.236285 -0.267767 -0.112807 0.792623 0.174264 -1.117888 -1.365021 -0.721814 4.910447 -0.113926 -1.118723 0.649183 -0.625485 1.338230 0.585756 0.089298 0.396565 0.165440 0.020169 0.375130 
141.580109 -65.840723 -1.138708 0.032335 0.545059 1.636142 -0.636820 -2.013085 -0.183908 0.761576 -0.205932 -0.512219 -0.268924 3.888430 -3.279469 -3.405287 0.795417 -0.254128 2.765579 0.544549 0.027782 0.087729 -0.312321 -0.420647 0.233820 12.123970 3.030678 1.171692 0.255578 -1.276771 0.243205 0.310012 -0.495309 0.133530 0.840527 0.933014 0.018784 
182.129303 -52.144812 -3.949135 -5.424103 1.357386 1.409621 4.705888 -1.350612 -0.583868 0.156324 0.031181 -0.698358 -0.089450 17.909623 1.854771 0.657557 0.520409 -2.317257 0.218643 0.507217 -0.197996 0.441325 0.563165 0.501008 -0.684245 5.967265 3.693233 4.212415 -0.468089 -1.117248 -3.318504 0.626806 0.004331 0.057390 0.320155 0.499092 -0.451407 
0.000000 -30.021476 2.570833 1.347450 1.585878 -2.998372 -0.199534 -0.998651 -0.579899 1.644225 0.920398 0.489797 -1.637415 15.822960 4.106997 5.019543 -0.140762 -2.488623 -3.871430 1.798161 0.036444 0.202508 0.327988 0.577537 -0.668994 -6.542245 -0.529128 0.334817 -0.455050 1.068735 -0.631348 0.571605 0.269550 -0.580424 -0.421602 -0.218476 0.459015 
134.712891 -20.498892 4.264859 4.614983 1.075863 -3.567626 -3.036971 2.245711 -0.510981 0.561340 0.687158 0.456716 -1.427437 4.825133 0.796516 1.327192 -0.389690 -0.179786 -1.044052 1.650427 0.341105 -0.719524 -0.280038 0.064057 0.233785 -8.637481 -3.969987 -1.877182 0.126033 1.048377 2.911823 -0.929467 0.095291 -0.052588 -0.327637 -0.200756 0.484176 
134.840347 -20.371211 4.163864 4.001833 0.806499 -3.357944 -2.287638 2.302203 0.102311 0.205178 0.360323 0.617910 -1.169844 -1.452001 -3.832977 1.265180 0.111303 -0.391870 1.952215 -0.060773 0.227026 0.097333 -0.327286 0.176026 0.299358 -4.585082 -4.159578 0.389604 0.766354 0.319924 1.013814 -1.458488 -0.233470 0.760851 0.218145 0.103241 0.279081 
138.459412 -23.402894 -3.401096 7.145343 1.298469 -4.351366 0.867459 2.124166 -0.056930 0.756005 0.032585 0.808768 -0.828722 -4.345031 -7.522640 2.106399 1.143018 0.460061 0.983575 -1.266549 -0.125834 0.802179 0.156253 0.270540 0.791948 0.450661 0.843686 -1.692511 0.246247 1.417744 -0.826198 -0.668000 -0.457195 -0.148604 0.335384 -0.013948 0.074576 
139.007202 -29.061274 -10.881415 8.214632 3.092535 -2.437823 -0.320487 -0.230896 -0.149357 1.809536 0.672829 1.158989 0.414052 -0.550680 -2.145605 -2.119842 0.603797 2.443618 0.299820 -1.396773 -0.687364 -0.199876 0.343481 0.148130 0.448509 5.426893 6.610747 -3.224948 -0.638973 0.744297 -0.209185 0.804833 -0.403922 -0.931349 -0.063163 -0.148840 -0.704905 
0.000000 -24.504255 -7.692307 2.905658 2.506064 0.535870 1.467099 -0.669380 -1.431658 0.356254 0.719548 1.105028 0.068297 6.508754 5.698854 -4.343498 -0.134928 1.948655 0.565205 0.343117 -0.933678 -1.060520 0.029927 -0.027140 -0.617862 2.805096 3.526247 -0.253136 -0.224791 -1.194585 -0.475505 0.778749 0.257800 -0.052327 -0.200693 -0.131705 -0.497449 
132.420273 -16.043765 0.516293 -0.472363 2.822679 1.459487 0.809923 0.455339 -2.016712 -0.311505 0.732682 1.104708 -0.821671 5.059511 4.906889 -2.626113 0.154215 0.054448 -0.651191 0.160726 -0.171764 -0.304529 -0.057905 -0.115280 -0.546388 -3.436705 -2.486179 1.515114 0.085213 -1.235604 -0.507915 -0.565935 0.536668 0.539634 -0.005600 0.031058 0.274021 
122.256340 -14.385233 2.121470 -2.346569 2.814494 0.644766 0.164718 -0.347928 -1.775185 -0.252805 0.603738 0.874468 -1.024479 -0.364656 0.726497 -1.313271 0.035498 -0.522554 -0.450625 -0.788753 0.139658 0.018747 0.018727 0.034976 -0.069819 -3.435656 -2.801009 1.265032 -0.033159 -0.048413 0.108650 -0.370234 0.131149 0.150820 0.079034 0.130604 0.255413 
112.322350 -16.773078 1.969287 -3.098904 2.893675 0.414378 -0.091328 -1.122168 -1.737397 -0.274010 0.770137 1.174661 -0.961310 -1.811800 -0.695130 -0.096049 0.087898 -0.042379 -0.433891 -0.579742 0.090534 -0.002890 0.100164 0.145927 -0.035563 -0.978489 -0.752160 1.214261 -0.241484 0.549178 0.018325 0.269272 -0.002626 0.089807 -0.022244 -0.017252 -0.001422 
110.650284 -18.008834 0.731211 -2.538668 2.990290 0.560008 -0.703064 -1.507412 -1.594117 -0.258585 0.804065 1.166321 -1.095605 -2.321635 -0.777823 1.115251 -0.447471 0.575802 -0.413974 -0.250210 0.134406 0.198362 -0.025761 0.000472 -0.072663 -1.562216 0.338613 0.487104 -0.269764 0.004605 0.296812 -0.046897 0.129048 0.189701 -0.125965 -0.020514 0.002662 
112.404411 -21.416348 0.413642 -0.868402 1.998734 1.565981 -0.919277 -1.622588 -1.468584 0.122715 0.718615 1.175606 -1.106636 -4.936232 -0.017904 0.878159 -0.451630 -0.033168 0.159734 -0.673536 0.348630 0.376513 -0.151766 0.104898 -0.030239 -2.006159 0.386583 -0.975948 0.473641 -0.582672 0.311131 -0.222602 0.240556 0.037348 0.125437 0.075811 -0.164301 
117.067245 -27.881297 0.695402 -0.782349 2.087030 0.493672 -0.383597 -2.854484 -0.896858 0.494442 0.500533 1.376117 -1.156083 -6.333954 -0.004657 -0.836646 0.499812 -0.589541 0.208288 -0.695414 0.615518 0.273059 0.225113 0.152094 -0.401265 -1.912378 -0.470094 -1.254295 0.506183 0.552160 0.103201 0.394636 -0.229850 -0.251937 0.242829 -0.109389 -0.200362 
122.319077 -34.084255 0.404327 -2.541693 2.998358 0.386898 -0.502701 -3.013416 -0.237549 0.668833 1.168841 1.479793 -1.909166 -8.760987 -0.958093 -1.630432 0.560736 1.071151 0.366135 0.115737 -0.111071 -0.127361 0.333891 -0.113881 -0.430964 -2.250536 0.203803 -0.043881 -0.588962 1.125092 -0.172845 0.586570 -0.668271 -0.606626 0.025209 -0.086024 0.433956 
124.933693 -45.403272 -1.220784 -4.043212 3.208502 2.635975 0.348674 -2.623010 -1.119000 0.239720 1.168316 1.148356 -2.018010 -10.835025 0.402949 -0.924407 -0.678113 1.660642 -0.137402 0.477725 -0.721024 -0.940193 0.275530 -0.019954 0.466647 -0.083553 0.947346 1.380174 -0.879472 -0.311678 -0.414822 0.068735 0.029349 -0.378445 -0.094680 0.002252 0.420639 
120.132759 -55.754305 1.210224 -4.390508 1.642133 3.708183 -0.777505 -2.057965 -1.679596 -1.211554 1.719902 1.439884 -0.975873 -8.928093 0.936598 1.129916 -1.198208 0.447796 -0.463509 0.253207 -0.052374 -0.884252 0.144532 -0.109377 0.410314 4.214739 -1.731193 1.284371 0.039108 -1.809786 0.178295 -0.077852 0.992277 0.851630 -0.670140 -0.429071 -0.005140 
115.784492 -63.259458 0.652413 -1.783381 0.812086 3.531567 -0.578345 -2.116596 -1.223749 -1.528784 1.457380 0.929601 -1.197381 -2.405548 -3.059437 1.644335 -0.599897 -1.958930 0.219189 0.322022 1.263531 0.763068 -1.064750 -0.878095 0.456367 11.978321 -2.515262 -1.304956 0.443178 -1.473433 0.878811 0.232222 0.349588 1.040981 -0.463311 -0.244315 -0.019531 
265.963867 -60.565401 -4.908651 -1.101837 0.442339 -0.209678 -0.339128 -1.413922 0.847466 0.314581 -0.409598 -0.316306 -0.063139 15.028548 -4.093926 -1.479996 -0.311852 -2.499070 1.294113 0.717651 0.646802 1.197711 -0.782089 -0.598007 0.371252 9.741842 2.327511 -1.044098 0.370007 0.409651 0.094698 0.157484 -0.891014 -0.421080 0.441846 0.596575 -0.242291 
0.000000 -33.202362 -7.535440 -4.743373 0.188381 -1.466572 2.009881 -0.681295 0.069855 0.866638 -0.106799 -0.266413 -0.454877 17.078137 1.595585 -0.443861 0.140117 -1.139628 0.408584 0.636990 -0.518498 -0.079092 -0.181058 0.315055 -0.028216 -3.390743 4.665348 1.742857 0.031601 1.280915 -1.430796 -0.128743 -0.360190 -0.864483 0.208202 0.707519 -0.002492 
0.000000 -26.409127 -1.717482 -1.989559 0.722572 -2.488934 0.478041 -0.139942 -0.189530 0.156397 -0.771713 0.313804 -0.119571 8.247063 5.236769 2.005717 -0.248651 0.062761 -1.567479 0.460165 -0.073577 -0.531254 -0.365685 0.817032 0.366267 -5.527328 0.202677 0.542165 -0.354378 1.013253 -0.738391 -0.170056 0.210180 -0.113246 0.103575 0.014298 0.113914 
132.777878 -16.708237 2.938098 -0.731939 -0.308920 -1.341050 -1.125077 0.239035 -0.077300 -0.195870 -0.838170 1.367650 0.277657 6.023481 2.000938 0.640469 -0.568639 0.886878 -1.068198 0.296879 -0.098139 -0.305583 0.026093 0.343651 0.199612 -5.294221 -2.250691 -0.926056 0.143700 0.345459 0.704351 0.035563 -0.044045 0.192057 0.151676 -0.567356 -0.041135 
127.304565 -14.362166 2.284394 -0.708621 -0.414705 -0.715177 -1.658356 0.453816 -0.385808 -0.454769 -0.719527 1.001107 0.279653 -2.341380 0.735387 0.153605 0.038750 0.753679 -0.158778 0.531292 -0.161668 -0.147140 -0.062334 -0.317680 0.283998 -7.044699 0.285174 0.054086 0.424311 -0.135473 0.445364 0.144369 0.348786 0.364177 0.001144 -0.348218 0.011933 
122.188118 -21.390996 4.408871 -0.424729 -0.231420 0.166308 -1.442632 1.301618 -0.400635 -0.490149 -0.962838 0.732290 0.845653 -8.065917 2.571286 0.748640 0.279983 0.615932 -0.177471 0.585617 0.599434 0.422770 0.028382 -0.352784 0.223479 -3.782779 1.014217 0.301276 0.052641 -0.347792 -0.090558 -0.481609 0.316700 0.149961 0.312670 0.272637 -0.026825 
119.096962 -30.494001 7.426967 0.788660 0.145261 0.516687 -2.013297 1.625050 0.813060 0.390771 -0.662764 0.295539 0.726610 -9.906937 2.763821 0.756156 0.144033 0.058094 -0.339893 -0.431927 0.471733 0.152782 0.563007 0.227593 0.230348 -0.289476 -0.973400 -0.115718 -0.127930 -0.293395 0.281061 -0.499369 -0.487186 -1.032983 -0.110848 0.415778 0.052803 
118.193008 -41.204871 9.936513 1.087584 0.056645 0.282497 -2.122419 0.437765 0.542831 -0.184586 0.163175 1.187477 1.306349 -8.644870 0.624487 0.517205 0.024123 0.029142 0.384652 -0.413120 -0.374938 -1.643196 -0.193315 0.478771 0.329084 2.442385 -2.118395 0.335728 0.347434 0.347133 0.800667 0.393879 -0.262501 -0.642998 -0.648772 -0.286765 -0.116208 
118.149193 -47.783741 8.675941 1.823070 0.193507 0.574970 -1.243993 0.798809 0.063183 -2.895621 -1.049393 1.253081 1.384778 -5.022168 -1.472969 1.427611 0.838901 0.752359 1.261441 0.355832 -0.053270 -1.133214 -0.734537 -0.345936 -0.002068 3.907516 -0.577430 0.410245 -0.000724 -0.052528 -0.096397 0.160271 0.502526 1.460802 0.246789 -0.462718 -0.309630 
120.704163 -51.249206 6.990575 3.942807 1.734446 1.787215 0.400463 1.149429 0.436291 -2.451013 -1.305900 0.495606 1.302212 -0.829839 -0.530372 1.337696 0.022675 -0.075914 0.191857 -0.092578 0.630114 1.278408 0.300263 -0.446666 -0.290177 5.824963 1.126297 -0.868939 -0.826326 -0.854114 -1.510577 -0.212351 0.788670 1.487112 0.291467 0.000663 -0.143570 
120.037643 -49.443418 7.615197 4.498461 0.238857 0.423142 -0.860279 0.613653 1.323411 -0.338806 -0.448868 0.359749 0.804423 6.627758 0.779625 -0.310267 -0.813750 -0.955869 -1.759712 -0.068870 1.524069 1.841011 -0.151604 -0.344610 -0.289209 3.460410 0.645520 -1.279932 -0.285344 -0.065458 -0.268929 0.471141 -0.105247 -0.512999 -0.404943 0.177389 0.164382 
124.791733 -37.993690 8.549824 3.322274 0.106945 -0.124523 -3.118961 1.011688 3.484430 1.231009 -1.609109 -0.193614 0.723793 6.090981 0.760667 -1.222169 -0.548013 -0.206830 -0.346001 0.849703 0.419620 0.252409 -0.509623 -0.091888 0.038586 -6.806103 -1.018204 0.050807 0.289592 0.514082 1.513550 0.189730 -1.047277 -1.278532 0.325591 0.258145 0.018752 
125.363747 -37.261456 9.136531 2.054123 -0.857168 0.009482 -1.552280 2.313060 2.162651 0.166012 -1.468114 0.175973 0.881596 -6.984448 -1.256783 -0.208652 -0.234565 0.072294 1.267389 0.310590 -0.570485 -0.716053 0.499578 0.171679 -0.251706 -2.638524 -1.351744 0.703931 0.495449 0.052103 0.197865 -0.563467 -0.613433 -0.563288 0.651685 0.155579 -0.281307 
123.948784 -51.962585 6.036258 2.904970 -0.362185 0.020066 -0.584184 1.632869 2.343461 -0.201098 -0.609952 0.149743 0.220381 0.813933 -1.942820 0.185693 0.442885 -0.102624 0.049730 -0.277230 -0.807247 -0.874167 0.793746 0.219270 -0.524027 9.086165 0.712040 0.210106 0.181596 -0.572881 -0.980506 0.153955 -0.592610 0.311154 -0.248565 -0.013403 0.224641 
0.000000 -35.633591 5.250890 2.425510 0.028601 -0.195766 -1.452820 1.758600 0.548157 -1.582322 0.119379 0.614514 -0.166458 11.187882 0.167297 0.211560 0.128626 -1.073467 -0.693623 0.618500 -1.755705 -0.093746 0.002449 0.144874 0.197575 0.020027 1.451594 0.097556 -0.457927 -0.423613 -0.523447 0.416610 -0.147559 0.876480 -0.574983 -0.250215 0.381041 
0.000000 -29.586821 6.370853 3.328090 -0.104933 -2.126868 -1.971430 2.869869 -1.167949 -0.388589 -0.605054 0.439491 0.615531 0.853986 0.960368 0.380806 -0.472969 -0.949849 -0.997165 0.555990 -1.102365 0.878793 -0.356220 -0.281160 0.238054 -9.137692 1.120709 0.047051 -0.266274 0.251369 0.091666 -0.299123 1.047943 0.126110 0.089448 -0.179076 -0.263570 
126.306145 -33.925620 7.171627 3.187122 -0.917337 -2.095465 -3.447150 2.870581 -1.656572 0.175265 -0.593061 0.052194 0.309650 -7.087501 2.408715 0.305663 -0.403923 -0.570728 -0.510291 0.020254 0.340180 0.158473 0.181346 -0.213278 -0.329564 -4.567792 0.537986 0.253075 0.359183 0.241215 0.529297 -0.684232 1.089855 -0.407007 0.326568 0.278048 -0.443100 
124.922752 -43.761823 11.188283 3.939416 -0.912779 -3.268325 -2.992011 2.910377 -0.487588 -0.071643 -0.242362 0.012935 -0.043597 -8.281598 2.036339 0.886956 0.245398 -0.467420 0.061430 -0.812474 1.077346 0.064779 0.296916 0.274936 -0.648146 0.223284 -1.425359 0.275262 0.366290 0.032482 0.055309 -0.470365 0.008181 0.044187 0.012085 0.172934 0.027658 
123.927223 -50.488815 11.244305 4.961033 -0.426541 -3.030305 -3.324291 1.245633 0.498120 0.304824 0.000772 0.602067 -0.986642 -6.640934 -0.442003 0.856187 0.328658 -0.505764 -0.399672 -0.920475 0.356543 0.246847 0.205517 0.132590 -0.274247 7.566333 -3.945546 -1.455576 -0.083568 0.846964 0.600646 -0.034949 -0.708848 -0.062044 -0.185896 -0.371873 0.563753 
124.127075 -57.043690 10.304276 5.651790 -0.255464 -4.279854 -3.791355 1.069427 0.225497 0.422051 0.168671 0.278115 -0.592092 6.851069 -5.854754 -2.024196 0.078262 1.226509 1.262721 -0.882373 -0.340350 -0.059309 -0.074876 -0.468810 0.479360 6.332096 -2.497911 -1.625115 -0.172142 1.183925 0.957599 0.066346 -0.293172 -0.201296 -0.192135 -0.214341 0.277253 
128.944611 -36.786676 -0.465202 0.912641 -0.270016 -0.577287 -0.798849 -0.519112 -0.182581 0.186206 -0.148980 -0.335552 -0.027921 6.023259 -5.437826 -2.394042 -0.015626 1.862086 1.515526 -0.787783 -0.229802 -0.155745 -0.178753 -0.296091 0.280259 -9.927491 3.161954 1.340451 -0.242316 -0.906435 -0.943620 0.349299 0.059591 0.075292 0.276933 0.465705 -0.108882 
98.714394 -44.997171 -0.571376 0.863705 -0.286716 -0.555683 -0.760303 -0.506138 -0.234108 0.110560 -0.188835 -0.314068 -0.031575 -13.003913 0.469155 0.656706 -0.406370 -0.586362 -0.624519 -0.183774 -0.221168 0.091275 0.478991 0.462600 0.261596 -7.460962 2.980034 1.537608 -0.191197 -1.229625 -1.079659 0.298761 0.017199 0.142421 0.338836 0.373975 -0.008418 
70.515907 -62.794502 0.473107 2.226053 -1.082756 -1.750011 -2.047887 -0.886660 -0.624916 0.368755 0.809002 0.589647 0.495271 -8.898665 0.522242 0.681174 -0.398020 -0.597164 -0.643792 -0.190261 -0.195404 0.129098 0.498918 0.451858 0.263423 2.052624 0.026543 0.012234 0.004175 -0.005401 -0.009636 -0.003243 0.012882 0.018912 0.009964 -0.005371 0.000913 
