123.763718 -22.131592 8.937706 -5.469317 1.093731 -6.481263 -0.563393 2.228612 -2.302232 -0.105166 -0.360410 -1.712080 1.375550 -0.449538 0.000182 0.627282 0.272609 -0.463330 -0.244767 0.092568 0.046435 0.098013 -0.419697 -0.012275 -0.166943 -0.716464 0.178213 0.721233 0.228001 -0.169797 -0.013938 -0.087983 0.140285 -0.144508 0.051855 0.055579 -0.223813 
120.310509 -23.030668 8.938070 -4.214754 1.638949 -7.407923 -1.052928 2.413748 -2.209361 0.090860 -1.199803 -1.736630 1.041664 -1.882465 0.356608 2.069747 0.728612 -0.802923 -0.272644 -0.083398 0.327006 -0.191003 -0.315986 0.098884 -0.614570 -1.318006 -0.043934 1.183255 -0.060910 0.397946 0.291996 -0.423899 0.181051 0.047683 0.385002 0.097298 -0.188492 
116.989677 -25.896522 9.650922 -1.329823 2.550954 -8.087110 -1.108680 2.061816 -1.648219 -0.487172 -0.992381 -1.514313 0.146410 -3.085550 -0.087686 2.993791 0.150789 0.332561 0.339225 -0.755229 0.408537 0.193379 0.350308 0.182321 -0.543927 2.886736 -2.618045 -1.150645 -0.829042 2.243657 0.422713 -0.736262 0.191682 0.293491 0.525938 0.173633 0.160477 
116.589317 -29.201767 8.762697 1.772829 1.940527 -6.742801 -0.374477 0.903290 -1.392288 0.477619 -0.499188 -1.371988 -0.046189 3.891008 -4.879482 -0.231543 -0.929473 3.684390 0.572783 -1.555921 0.710369 0.395978 0.735891 0.446149 -0.293616 5.550510 -2.667252 -2.729460 -0.434101 1.790699 -0.108639 -0.123433 0.080639 -0.205617 0.006267 0.181257 0.298013 
115.356567 -18.114507 -0.108041 -1.792908 0.692007 -0.718329 0.036885 -1.050026 -0.227480 0.304784 0.479401 -0.622014 -0.440821 8.015471 -5.422190 -2.465129 -0.717414 3.913960 0.121947 -1.002094 0.569815 -0.217855 0.362841 0.544834 0.052099 -1.841838 1.950436 0.257103 0.234074 -1.373286 -0.108550 0.857153 -0.168677 -0.221413 -0.479389 -0.023601 0.338325 
113.595848 -13.170826 -2.081683 -3.157428 0.505700 1.085119 -0.130582 -1.100899 -0.252657 0.041909 0.226495 -0.282319 0.058009 0.207333 -0.978610 0.282663 -0.461325 0.937819 0.355682 0.158385 0.373016 -0.046847 -0.222888 0.398947 0.383035 -7.454137 1.044956 1.530285 -0.186705 -1.838571 0.361184 0.602501 0.037330 -0.070151 -0.551240 -0.248895 0.075641 
117.687637 -17.699842 -2.065261 -1.227582 -0.230644 1.157309 0.748249 -0.733256 0.518552 0.211091 0.033626 0.175879 0.325249 -6.892804 -3.332278 0.595441 -1.090823 0.236818 0.844315 0.202908 0.644476 -0.358157 -0.739640 0.047044 0.203380 -6.154707 -1.887461 -0.311652 0.015202 -0.540217 0.135531 0.247884 0.268814 -0.006476 -0.205222 -0.401307 -0.144002 
107.368652 -26.956435 -8.746238 -1.966547 -1.675946 1.558754 1.558048 -0.695083 1.036296 -0.674406 -1.252785 -0.188232 0.464769 -12.102082 -4.753531 -0.340640 -0.430922 -0.142615 0.626744 0.654153 0.910644 -0.059799 -0.633331 -0.403668 0.095031 -4.469884 2.187812 -0.998110 2.172113 0.514516 -0.863227 -0.054618 -0.396981 0.688425 0.413839 0.076502 -0.145090 
0.000000 -41.904005 -11.572324 -1.908862 -1.092488 0.872080 2.001737 0.575051 2.339839 0.091493 -1.233037 -0.631456 0.515310 -15.832572 1.043346 -1.400778 3.253402 1.265850 -0.882138 0.093672 -0.149486 1.018692 0.088038 0.200047 -0.086801 8.531147 7.606046 -0.859748 1.264603 0.272559 -1.016644 -0.725162 -1.829232 0.091150 0.690322 0.094704 -0.011141 
0.000000 -58.621578 -6.659545 -4.768103 4.830859 4.090453 -0.206227 -0.507740 0.737323 1.362979 -1.076708 0.211862 0.291168 4.960212 10.458561 -2.060136 2.098285 0.402504 -1.406545 -0.796171 -2.747820 0.122502 0.747312 -0.214261 0.072749 16.299862 3.693875 0.032820 -2.008203 -1.585056 0.199971 0.094195 -0.748222 -0.648983 0.288513 -0.454914 0.180381 
0.000000 -31.983580 9.344799 -6.029134 3.104081 1.677088 -0.811353 -1.017291 -3.155801 0.336498 0.261587 -1.059977 0.660808 16.767153 8.431097 -1.335138 -0.763003 -1.904262 -0.482196 0.282062 -1.645931 -0.279274 0.665064 -0.709781 0.273961 -0.572807 -5.027665 0.489312 -0.806447 -0.720090 0.658256 0.760933 1.456383 0.207722 -0.338885 0.151548 -0.041538 
144.983536 -25.087273 10.202649 -7.438380 3.304853 0.281929 -1.170620 0.056385 -2.554538 0.804430 0.253420 -1.207700 0.839090 3.814598 0.403232 -1.081511 0.485390 -1.037676 -0.090033 0.725696 0.164946 0.537947 0.069541 0.088835 -0.010326 -7.973307 -4.893257 0.616802 0.953823 0.796944 0.403467 -0.262367 0.706719 0.274846 -0.037478 0.343237 -0.154318 
143.823486 -24.354384 10.151262 -8.192156 4.074861 -0.398263 -0.991420 0.434102 -2.825909 1.412391 0.400670 -0.882306 0.640156 0.820538 -1.355417 -0.101534 1.144643 -0.310375 0.324737 -0.242672 -0.232493 0.270418 0.590109 -0.023308 -0.034675 -2.274428 -1.496146 1.133326 0.271448 0.592071 0.171898 -0.567342 -0.001889 -0.243128 0.193823 -0.130404 -0.046532 
140.536423 -23.446197 7.491815 -7.641448 5.594139 -0.338821 -0.521146 -0.428959 -3.019524 1.345265 1.433637 -1.254315 0.769740 -0.734257 -2.589060 1.185141 1.028286 0.146466 0.253762 -0.408987 0.161167 0.051690 0.457187 -0.171972 -0.103390 -2.789451 -0.252754 1.347819 -0.650404 0.555248 -0.014582 0.394013 0.663369 -0.123293 -0.404655 0.195252 -0.260045 
137.080292 -25.822897 4.973142 -5.821874 6.131433 -0.105330 -0.483895 -0.383872 -2.503575 1.515770 1.315045 -1.226251 0.433377 -4.758365 -1.860925 2.594103 -0.156164 0.800122 0.295573 0.545354 1.094244 0.023831 -0.219201 0.367196 -0.554766 -4.600127 0.232478 1.645219 -1.084655 0.219442 0.840512 -0.167240 0.639591 -0.049684 -0.654033 0.697402 -0.431662 
131.238846 -32.962927 3.769964 -2.453241 5.281810 1.261423 0.070000 0.661748 -0.831035 1.392926 0.995235 -0.519923 -0.339792 -9.934511 -2.124103 4.475580 -1.141024 0.585350 1.934786 -0.743467 1.440349 -0.047679 -0.850878 1.222831 -0.966713 2.460956 -0.601146 -1.551434 0.276688 0.122075 0.969293 -0.531825 -0.600617 0.058100 0.004174 -0.417608 0.234554 
129.104935 -45.691920 0.724935 3.129286 3.849384 1.065369 3.385676 -1.870807 0.377124 1.420413 -0.386712 1.219410 -1.500048 0.163547 -3.063218 -0.508764 0.397212 1.044273 2.234159 -0.518297 -0.106991 0.140030 -0.210854 -0.468020 -0.085657 10.591529 2.223452 -3.809493 0.520301 -0.420615 -1.242451 0.758921 -1.283814 -0.335036 0.457848 -1.213641 1.050278 
131.422058 -32.635832 -2.356472 -3.470770 6.076234 3.349968 4.538319 -0.374845 -1.045017 1.672987 0.573528 -1.455962 -0.511106 11.248546 2.322802 -3.143406 -0.100423 -0.255880 -0.550117 0.774376 -1.127278 -0.717750 0.064817 -1.204452 1.133842 2.735270 4.146163 0.353336 -1.406574 -1.841815 -2.131369 0.612199 -0.231362 -0.704133 -0.528200 0.340884 0.485432 
128.567276 -23.194827 5.370538 -3.157526 3.648538 0.553610 2.285443 -0.322055 -1.877433 -0.015087 -0.257078 -1.189493 0.767636 5.634088 5.229107 0.197907 -2.415936 -2.639358 -2.028578 0.706102 -0.569714 -1.268237 -1.267254 0.213749 0.885207 -4.948068 -0.703787 2.019696 -0.588589 -0.885710 -0.374387 0.160660 0.518802 0.114952 -0.404455 0.635018 -0.608906 
122.885147 -21.367656 8.101743 -3.074957 1.244362 -1.928749 0.481163 1.037358 -2.184446 -0.863486 -1.960981 -1.028464 1.259308 1.352411 0.915228 0.895987 -1.277601 -2.027300 -1.298891 1.095695 -0.089673 -0.487847 -0.744094 0.065584 -0.083969 -2.713659 -2.607074 -0.167460 1.445315 1.144348 1.084452 -0.291447 0.398356 0.678686 0.863963 -0.125697 -0.578032 
123.510620 -20.490006 7.200995 -1.365553 1.093337 -3.500990 -0.312340 1.869334 -2.056779 -0.990780 -1.745265 -1.058325 0.599698 0.206770 0.014960 -0.137013 0.474693 -0.350663 0.140327 0.123208 0.226999 0.089136 0.460672 -0.037645 -0.270856 -1.395807 -0.639310 -1.403646 1.325221 2.017919 1.218737 -0.988138 0.178588 0.515881 0.902486 -0.101765 0.097897 
128.454895 -20.954116 8.131664 -3.348983 2.193747 -2.630074 0.761817 1.283773 -1.730449 -0.685215 -1.039637 -1.103755 0.717596 -1.439204 -0.363391 -1.911305 1.372842 2.008537 1.138584 -0.880582 0.267503 0.543916 1.060878 -0.137945 0.111825 -1.463153 -0.830086 -0.490167 0.650442 1.172982 0.239854 -0.677127 -0.004755 0.331087 0.351682 -0.169992 0.259688 
132.666229 -23.368414 6.474212 -5.188163 3.839021 0.516084 1.964827 0.108170 -1.521773 0.097052 0.376490 -1.334214 0.823347 -2.719535 -1.645212 -1.117347 1.775578 1.995301 0.620034 -1.231047 0.217488 0.751310 1.164035 -0.377630 0.248519 -0.477714 -0.343705 1.061249 -0.064934 -0.762915 -0.734491 -0.025217 -0.009457 -0.003338 -0.353039 -0.177755 -0.098403 
135.631653 -26.393187 4.841240 -5.583677 5.744902 1.360528 2.001886 -1.178321 -1.295472 0.817405 1.288433 -1.859015 1.214635 -2.394633 -1.050801 0.211192 1.242974 0.482707 -0.330399 -0.931017 0.248590 0.537240 0.354800 -0.493455 -0.084982 0.139991 0.661605 0.812731 -0.406864 -0.868408 -0.799797 0.530942 -0.286064 -0.252930 -0.539835 -0.020918 -0.176725 
133.367035 -28.157679 4.372610 -4.765778 6.324969 1.481498 1.304029 -1.753864 -1.024594 1.171533 1.086090 -2.321124 0.653383 -2.439554 -0.322003 0.508116 0.961849 0.258485 -0.979560 -0.169164 -0.354641 0.245449 0.084365 -0.419466 -0.104931 -0.396229 0.482348 0.155845 -0.222947 -0.073599 -0.209466 0.676776 -0.503606 -0.076580 -0.196786 0.274337 0.069494 
129.476181 -31.272295 4.197235 -4.567445 7.668600 1.877497 0.042766 -1.516649 -2.004753 1.308303 1.457163 -2.697946 1.004772 -3.187091 -0.086106 0.522883 0.797080 0.335509 -0.749331 0.422535 -0.758622 0.384081 -0.038772 0.055219 0.054006 -0.463187 0.122224 0.083177 -0.889399 -0.039300 0.726979 0.252059 0.426968 -0.012781 -0.250085 0.719599 -0.298611 
126.839523 -34.531861 4.200398 -3.720011 7.919128 2.152516 -0.194634 -0.908794 -2.541837 1.939695 1.008546 -2.210686 0.761395 -3.365927 -0.077555 0.674469 -0.816949 0.179884 0.474398 0.334955 0.499296 0.219887 -0.415805 1.019732 -0.702153 2.070043 -0.240667 0.381715 -1.946076 -0.405316 1.146832 -0.288963 1.166913 -0.153305 -0.069329 0.763282 -0.429328 
122.866127 -38.004150 4.042125 -3.218507 6.034702 2.237265 0.991561 -0.846739 -1.006161 1.748077 0.625552 -0.658482 -0.399534 0.952995 -0.567440 1.286313 -3.095071 -0.475123 1.544332 -0.155391 1.575205 0.077470 -0.177430 1.581782 -0.804650 1.487033 -0.004266 0.123290 -0.441521 0.456222 0.500932 -0.328108 -0.299938 -0.270347 -0.084234 -0.230263 0.339084 
120.038452 -32.625870 3.065517 -1.147386 1.728986 1.202271 2.894031 -1.219576 0.608573 2.094635 0.653686 0.952878 -0.847905 -0.391862 -0.086087 0.921048 -1.699991 1.092327 1.476261 -0.321260 -0.100579 -0.320807 -0.584273 0.559207 -0.023985 0.865006 1.202292 -0.902840 1.457535 0.025854 -0.923806 -0.125507 -1.565397 -0.604257 -0.236082 -1.148448 0.527543 
115.789291 -38.787873 3.869951 -1.376411 2.634719 4.421919 3.944083 -1.489259 -1.207319 1.106462 -0.542994 0.459932 -0.447504 2.683007 1.837143 -0.519368 -0.180001 -0.423414 -0.303280 -0.406404 -1.555590 -1.131044 -0.649594 -0.715113 0.250436 3.800192 0.931672 -0.840739 0.466431 -2.051155 -1.440984 0.302500 -0.223558 -0.410834 0.237364 -0.699348 0.243908 
113.584084 -27.259857 6.739803 -2.186121 1.368983 0.355443 2.287470 -2.032384 -2.502606 -0.167453 -0.645502 -0.477347 -0.347034 7.208522 1.777257 -0.760429 -0.767130 -3.009983 -1.405706 0.283740 -0.547695 -1.142476 -0.109545 -0.839489 0.463831 -0.299809 -0.820562 0.245560 -0.370932 -0.385359 -0.590542 0.717768 0.746447 0.258550 0.312510 -0.061807 0.137951 
110.725441 -24.370830 7.424465 -2.897268 1.100459 -1.598046 1.132670 -0.921780 -2.302710 -1.178490 -0.762083 -1.219046 0.480158 2.083389 0.196020 -0.028249 -0.921864 -1.194132 -1.484365 1.029131 -0.062695 -0.613944 -0.024573 -0.838727 0.526338 -2.971812 -1.068034 0.870363 -0.109289 1.460762 0.314009 0.190012 0.431500 0.468460 0.165291 0.434704 -0.167775 
112.386955 -23.093079 7.131843 -2.242618 -0.474745 -2.032821 -0.681259 0.025877 -2.627997 -1.395342 -0.694648 -2.154801 0.705641 1.264898 -0.358811 0.980296 -0.985709 -0.088459 -0.777688 0.663763 0.315304 -0.205556 0.221037 0.029920 0.128281 -0.982656 0.633011 -0.006176 0.520902 0.724306 0.894116 -0.240174 0.242405 0.445745 0.077664 0.497792 -0.144024 
113.549568 -21.841033 6.706843 -0.936676 -0.870958 -1.774965 -0.422705 0.405747 -1.672101 -1.589603 -0.320010 -1.159207 0.736719 0.118077 1.462041 -0.040601 0.119941 0.254480 0.303868 0.548783 0.422116 0.277546 0.130755 0.156856 0.238291 -1.290338 1.167393 -1.869272 0.920031 -0.341694 0.226909 -0.024399 -0.518936 0.396166 -0.226482 -0.471781 0.084966 
0.000000 -22.856925 10.055925 -2.323821 -0.234864 -1.523860 -0.073523 1.123443 -1.783766 -0.840251 -0.433138 -1.841089 1.182223 -1.315778 1.975975 -2.758247 0.854354 -0.771848 -0.323870 0.614965 -0.722567 0.586776 -0.231927 -0.913642 0.298212 -0.391550 -0.513574 -1.076623 0.226814 -0.645919 -0.483951 -0.057011 -0.588301 -0.039822 -0.116930 -0.260271 -0.132582 
120.586517 -24.472590 10.658793 -6.453169 0.837751 -3.318661 -1.070446 1.635678 -3.117235 -0.416050 -0.783865 -2.986490 1.333144 -0.665024 0.434893 -2.193847 0.573568 -1.037358 -0.664035 0.434761 -0.754486 0.197901 -0.103105 -0.363687 -0.026873 0.678539 -0.887569 1.415490 -0.267280 -0.094191 0.004639 -0.109134 0.363671 -0.261559 -0.007646 0.605649 -0.154584 
121.245506 -24.186972 10.925712 -6.711515 0.912272 -3.598575 -1.401592 1.992965 -3.292738 -0.444448 -0.639348 -2.568462 1.128477 0.041299 0.200836 0.072733 0.319794 -0.960231 -0.314592 0.396698 0.004775 0.063659 -0.247219 0.297656 -0.010957 0.008856 -0.387157 1.670694 -0.175405 -0.319989 0.272827 -0.051653 0.410479 0.000163 -0.012533 0.374266 0.029424 
121.191216 -24.389991 11.060466 -6.307704 1.477339 -5.239123 -1.699630 2.429074 -3.107685 -0.288732 -1.278304 -2.391178 1.311230 -0.647311 -0.339421 1.147541 0.222758 -1.677336 -0.118381 0.331455 0.066471 0.198228 -0.128172 0.384845 0.031975 -0.064145 -0.704681 0.738826 -0.211729 -0.191211 0.295792 -0.212504 0.091312 -0.200962 0.280904 0.175857 -0.111172 
59.471672 -25.481593 10.246870 -4.416433 1.357787 -6.953247 -1.638354 2.655876 -3.159797 -0.047993 -0.895691 -1.798773 1.192428 -0.086991 -1.208526 1.550384 -0.103663 -1.342653 0.276992 -0.028309 0.187399 -0.338266 0.314588 0.649370 -0.233301 1.136517 -0.332365 -0.567174 0.055856 0.504729 0.194225 -0.386892 0.210410 -0.209816 -0.011328 0.068062 -0.118622 
65.456055 -24.563972 8.643413 -3.206936 1.270013 -7.924429 -1.145647 2.372455 -2.732887 -0.965264 -0.649128 -1.092438 0.844629 1.625723 -1.004151 0.013192 0.334470 -0.667878 0.270068 -0.442328 0.487291 -0.221404 -0.150827 0.520969 -0.205269 0.616269 0.480495 -0.979328 0.197758 0.740272 -0.134478 0.004307 0.125322 0.407517 -0.246206 -0.209708 0.100013 
0.000000 -22.230147 8.238568 -4.390049 2.026727 -8.289002 -1.098217 1.771220 -2.185215 -0.490800 -1.197346 -0.756834 0.781889 1.145547 -0.247536 -0.408273 0.291854 0.137891 0.008035 -0.019694 0.438043 0.476768 -0.177824 0.229955 -0.033275 -1.286148 0.765387 0.337469 -0.080457 0.577500 -0.055404 0.211624 -0.025556 0.267411 0.234922 -0.353624 0.107087 
66.021385 -22.272879 8.148341 -4.023482 1.853720 -7.648647 -1.129577 2.333066 -1.856801 -0.011728 -1.004775 -0.632529 0.778079 -0.946573 0.526623 0.688130 0.173555 0.487122 0.159261 -0.019081 0.436179 0.313417 0.319016 -0.186279 0.008905 -1.124757 0.535350 0.507466 0.188330 -0.224946 0.170780 -0.151973 -0.194415 -0.104173 0.130032 -0.128114 -0.008047 
70.442596 -24.123294 9.291813 -3.013789 2.373838 -7.314757 -0.779695 1.733059 -1.312858 0.136035 -0.559313 -1.129393 0.799699 -1.103968 0.823165 0.606658 0.668514 -0.312001 0.349595 -0.323640 0.049213 0.268422 0.082241 -0.026273 -0.049369 0.670752 -0.297762 0.129023 0.071361 -0.524548 -0.125029 -0.040821 -0.325811 -0.112019 -0.105852 0.150897 -0.198649 
144.954514 -24.480814 9.794670 -2.810165 3.190749 -8.272649 -0.430386 1.685787 -1.758375 0.525116 -0.840294 -0.685074 0.679341 0.394930 -0.068901 0.946176 0.316278 -0.561973 -0.090797 -0.100723 -0.215444 0.089379 0.107313 0.115515 -0.388393 0.768574 -0.874232 0.589533 -0.251869 0.073138 -0.318613 -0.060928 0.080494 -0.229778 0.163744 -0.088393 -0.137882 
143.707916 -23.333433 9.154012 -1.121437 3.006393 -8.438703 -0.961289 1.531614 -1.743745 0.314792 -0.344687 -0.898364 0.022913 0.433180 -0.925300 1.785724 0.164776 -0.165724 -0.287631 -0.445495 0.210201 -0.191133 0.409729 -0.203059 -0.325132 -1.858986 -0.529897 0.611815 0.395251 0.712603 0.057602 -0.239621 0.146261 0.087475 0.021055 0.018308 0.253307 
138.044373 -23.614455 7.944070 0.761283 3.520301 -8.604098 -1.005648 0.794797 -1.337973 0.142850 -0.020835 -1.091192 0.029077 -3.323041 -1.128695 2.169806 1.106779 0.863234 0.024407 -0.579965 0.077079 0.264329 0.149422 0.152131 0.118220 -3.610229 0.758400 0.151591 -0.004059 0.720044 -0.097452 0.292949 -0.147011 0.164423 0.130822 0.356044 0.226824 
130.937256 -29.979516 6.896622 3.218174 5.219951 -6.712235 -0.912476 0.371683 -1.589587 0.843451 -0.045843 -0.594101 0.259354 -6.787278 0.591500 2.088907 0.156657 1.274363 -0.482534 0.140403 -0.083821 0.137712 0.671372 0.509030 0.128516 1.599254 1.801477 -1.065784 -1.222401 -0.680824 -0.014065 1.452255 -0.155906 -0.330441 0.038084 -0.381589 -0.059234 
124.197159 -37.189011 9.127070 4.939096 3.833615 -6.055372 -1.970716 1.075604 -1.505616 0.418273 1.321909 -0.073131 0.286109 -0.124533 2.474259 0.038238 -1.338024 -0.498415 -0.003724 2.324544 -0.234732 -0.396553 0.225591 -0.611048 -0.000248 6.312414 0.092291 -2.500312 -0.226492 -0.635653 0.882398 1.168879 -0.084875 -0.579186 -0.822550 -0.439897 0.023644 
124.991882 -30.228581 11.845141 3.294650 2.543904 -7.709066 -0.919923 5.020771 -2.059052 0.050346 0.405338 -1.816197 0.258857 5.837550 0.776083 -2.911718 -0.296327 0.003058 1.282262 2.478162 -0.253571 -1.020661 -0.973728 -0.370765 0.175803 -2.128524 -2.057648 -0.766703 0.145951 1.406724 0.600704 -1.081058 0.470488 -0.317612 -0.352823 0.665004 0.099024 
130.377365 -25.513911 10.679237 -0.884340 3.240961 -6.049256 0.593808 6.031928 -2.012758 -1.623049 -0.625548 -0.814661 0.637715 -4.381581 -1.641036 -1.495168 -1.046122 2.315034 1.197685 0.162429 0.706243 -1.031776 -0.480054 0.718960 0.197799 -5.463179 -1.489249 0.714048 0.161097 1.097014 0.218935 -0.918467 0.114325 0.681685 0.819595 0.233792 -0.058108 
130.320435 -38.991742 8.563069 0.304314 0.451661 -3.078999 1.475447 5.345628 -0.646565 -2.013206 -0.554771 -0.378278 0.654456 -5.088809 -2.202414 -1.483622 0.025868 2.197087 1.720132 0.641227 -0.024922 0.342709 0.665461 0.096819 0.059588 6.221365 0.742626 -0.072116 1.439122 -0.805161 -0.851447 -0.817073 -0.977833 0.932724 0.972491 -0.266228 -0.244008 
137.637039 -35.691530 6.274408 -3.851585 3.292696 -1.655083 4.034071 7.314381 -2.062602 -0.937630 0.705374 -0.621023 0.756890 8.061149 -0.155785 -1.639399 1.832122 0.704711 -0.505208 -1.471717 -1.249423 0.833672 1.464927 0.186503 -0.290218 4.943757 1.182353 1.077868 -0.100961 -0.887138 -1.864434 -1.595918 0.236857 0.040114 -0.143649 -0.028166 -0.130851 
146.347809 -22.869444 8.251499 -2.974484 4.115905 -1.669577 0.465031 2.402193 -3.145411 -0.345863 2.375084 -0.005272 0.074020 4.798705 0.162291 0.672114 -0.176055 0.422811 -2.008736 -2.550609 0.448793 0.422936 0.378163 0.040487 -0.202115 -6.884647 0.513833 1.287319 -1.515306 0.614384 0.391045 0.335144 0.742961 -0.779417 -1.109109 -0.219216 -0.049717 
284.419861 -26.094120 6.598989 -2.507357 2.940587 -0.809460 0.016600 2.213163 -1.165016 -0.091757 1.461700 -0.540049 0.352661 -5.708145 0.871882 0.935238 -1.198491 1.933479 0.276882 -0.801430 0.236499 -0.725163 -0.753291 -0.251928 -0.389652 -5.359790 -0.846842 -1.088077 0.606928 -0.067764 1.274700 0.254403 -0.995705 -0.362215 -0.534047 -0.146224 0.114879 
0.000000 -34.285734 9.995262 -1.104008 1.718924 2.197381 1.018795 0.799334 -2.672413 -1.796189 0.868503 -0.509128 -0.705284 -5.920875 -1.531394 -1.504040 1.037802 0.287283 0.540664 -2.041803 -1.542616 -0.301493 -0.689930 -0.251962 0.027643 5.980583 -1.364178 -1.649142 1.161976 -1.664165 -0.030479 0.588043 0.174903 0.744342 0.043194 -0.229187 0.597964 
0.000000 -37.935871 3.536202 -5.515437 5.016191 -0.234894 1.097928 -1.870442 -4.250249 -0.694743 0.081839 -1.043972 0.407946 6.253021 -1.856474 -2.363046 1.125462 -1.394851 0.215924 0.374657 0.586305 0.763521 -0.666903 -0.710302 0.806276 7.209629 2.211851 1.475683 -1.210678 -1.026697 -0.590528 2.166328 1.523097 0.146072 0.040372 -0.041107 0.046228 
0.000000 -21.779691 6.282315 -5.830101 3.969848 -0.592322 1.450643 1.548647 -1.499804 -0.269146 -0.465303 -1.929731 0.907268 8.498383 2.892307 1.447325 -1.383553 -1.766110 -0.640392 2.290854 1.503578 -0.009349 -0.609186 -0.334175 0.120099 -3.578037 1.696135 2.574389 -0.486845 -0.857342 -1.040494 0.153410 -0.109239 -0.430600 0.261517 0.634448 -0.674659 
136.521561 -20.939104 9.320817 -2.620787 2.249085 -3.767113 -0.182855 2.711266 -1.243093 -0.713441 -1.136533 -1.712323 0.648144 -0.903052 1.535796 2.785731 0.151773 -3.109536 -1.865065 0.681477 0.367826 -0.097679 -0.143869 0.558594 -0.543041 -4.700559 -1.678632 -0.009453 1.254797 -0.017992 -0.258460 -1.110119 -0.518176 -0.029873 0.639877 0.248259 -0.330980 
134.977676 -23.585795 9.353906 -0.258638 4.273394 -6.811394 -2.279486 2.911601 -0.764151 -0.464504 -0.753040 -0.812544 -0.178815 -0.902734 -0.464956 1.428420 1.126041 -1.802094 -1.157313 0.070617 0.467226 -0.069094 0.670567 0.162344 -0.541862 -0.275876 -1.435128 -1.255229 -0.287913 1.885785 0.989900 -0.424652 -0.020259 -0.057654 0.261809 -0.428402 0.223121 
140.179062 -22.744573 8.390905 0.236053 4.501167 -7.371302 -2.497481 2.852499 -0.308640 -0.851630 0.204602 -1.387635 -0.435579 -1.454803 -1.334461 0.275273 -0.424053 0.662033 0.114735 -0.167827 0.327308 -0.212987 0.379750 -0.298210 -0.096800 -0.486340 -0.194002 -0.700246 -0.831991 1.372041 0.690522 -0.104446 -0.183837 0.024835 -0.384819 -0.086504 0.286722 
141.133957 -26.495402 6.684984 0.291908 3.425288 -5.487327 -2.050017 2.575947 -0.109535 -0.890478 0.006460 -1.408963 -0.372414 -1.875415 -0.852960 0.027928 -0.537940 0.941987 0.223732 -0.138276 0.099553 -0.019424 -0.099071 -0.010664 0.031582 -0.210306 0.240750 -0.123673 -0.056943 0.139977 0.054499 0.014776 -0.113878 0.096782 -0.239411 0.143773 0.064191 
