93.313026 -17.515701 4.400878 -3.722906 4.163925 0.949599 -4.743315 1.651106 1.784725 0.875467 -0.097135 -1.162456 0.805843 -1.363644 -1.247840 -0.847732 -0.172638 -0.080529 1.425486 0.627558 -0.071743 -0.614921 0.111212 0.426772 0.079990 -0.430566 -0.301820 -0.477460 0.105140 0.395014 0.394709 -0.175620 -0.131109 -0.289110 0.079610 0.327425 0.075850 
95.897690 -20.242989 1.905197 -5.418370 3.818649 0.788541 -1.892344 2.906222 1.641238 -0.354374 0.125289 -0.308912 0.965822 -2.224776 -1.851480 -1.802652 0.037642 0.709498 2.214904 0.276318 -0.333961 -1.193140 0.270432 1.081622 0.231689 1.298884 0.593358 0.170126 -0.004123 0.503945 -0.592194 -0.597755 -0.214755 -0.169067 -0.014508 -0.017799 -0.096061 
105.017754 -21.965253 0.697918 -7.328211 4.239208 2.368595 -0.313507 2.203742 1.116802 -1.510813 0.443728 1.000789 1.269221 1.234124 -0.061124 -0.507481 -0.180885 0.927361 0.241098 -0.567951 -0.501252 -0.953054 0.082196 0.391174 -0.112132 2.589674 1.495954 1.340960 -0.418380 -0.549400 -1.562362 -0.434007 0.050161 0.485810 -0.285290 -0.670893 -0.416305 
58.601192 -17.774741 1.782950 -6.433331 3.456880 2.643262 -1.410148 1.770319 0.638734 -2.260483 0.289681 0.473436 0.741559 2.954572 1.140428 0.879268 -0.799119 -0.389301 -0.909821 -0.591696 -0.233640 -0.221521 -0.300148 -0.260165 -0.600921 -0.954442 0.766929 0.532402 -0.208041 -1.013748 -0.441430 -0.071580 0.297101 0.596310 -0.141304 -0.414392 -0.119239 
116.702003 -16.056108 2.978773 -5.569674 2.640970 1.589992 -2.133149 1.020350 0.649522 -1.953854 -0.156568 0.480459 0.067378 -0.674759 1.472735 0.557324 -0.596967 -1.100134 -0.641762 -0.711111 0.092950 0.239565 -0.200413 -0.437610 -0.350609 -5.057647 -0.329223 0.538599 -0.201996 -0.004815 0.466883 -0.056232 0.157395 0.245745 0.300000 0.027019 0.175115 
116.137077 -19.124260 4.728420 -5.318682 2.262946 0.442993 -2.693671 0.348097 0.824634 -1.781352 -0.111145 -0.401785 0.040341 -7.160722 0.481981 1.956466 -1.203111 -0.398931 0.023945 -0.704159 0.081150 0.269970 0.299853 -0.206127 -0.250691 -4.927900 -2.532659 1.079090 -0.095054 0.718402 1.273361 0.551815 -0.005125 -0.651868 0.058928 0.643630 -0.037132 
113.941223 -30.377553 3.942735 -1.656743 0.234748 0.792131 -2.085259 -0.387968 0.811821 -1.413915 0.443137 0.068205 -0.434004 -10.530560 -3.592582 2.715503 -0.787075 0.336670 1.904960 0.392519 0.082700 -1.064170 -0.082558 0.849650 -0.424872 4.288878 0.473276 -0.658116 0.651887 0.147433 -0.505035 -0.276892 0.353693 0.178087 -0.159301 0.025465 0.140777 
111.632935 -40.185380 -2.456745 0.112324 0.688795 1.116333 1.116249 1.133136 0.990033 -3.909692 -0.276260 1.297516 -0.809403 1.417034 1.428534 0.640233 0.100664 -0.104066 -0.986125 -1.257943 0.788536 0.626144 -0.018749 -0.155198 0.030863 10.272415 4.473970 -2.271322 0.799994 -0.464700 -2.442034 -1.037586 0.175130 1.471433 0.230896 -0.984668 0.241514 
0.000000 -27.543485 6.799802 -0.376277 0.436076 0.584000 -4.057508 -2.903854 2.388893 -0.161626 0.405640 -0.242192 -0.372277 10.014269 5.355357 -1.827142 0.812913 -0.592731 -2.979107 -1.682653 0.432959 1.878696 0.379235 -1.119686 0.058157 1.266738 -0.427661 -1.276438 0.374801 -0.154901 0.233591 0.840195 -0.530334 -0.371058 0.060681 -0.209705 -0.025086 
117.388626 -20.156842 8.253970 -3.541959 2.314622 -0.069129 -4.841965 -2.232171 1.855951 -0.152300 0.482209 -0.941856 -0.693090 3.950511 0.573212 -1.912643 0.850266 -0.413868 -0.518944 0.422447 -0.272131 -0.115972 0.102614 -0.574609 -0.019309 -4.715751 -2.946250 0.908605 -0.619075 0.224540 1.365506 1.219208 -0.430861 -0.921164 -0.411674 0.522694 0.075252 
116.704407 -19.642464 7.946226 -4.201564 2.136609 -0.243736 -5.095396 -2.058960 1.844631 -0.393571 0.610868 -1.391410 -0.410895 0.582766 -0.537142 -0.009932 -0.425236 -0.143651 -0.248095 0.755762 -0.428763 0.036369 -0.444113 -0.074298 0.208661 -3.243125 -1.018193 1.742311 -0.797026 -0.070737 0.759227 0.146429 -0.042382 0.069631 -0.414311 0.531862 0.154665 
117.981705 -18.991310 7.179686 -3.561824 1.464150 -0.356431 -5.338155 -0.720648 0.998426 -0.079561 -0.406017 -1.090452 -0.275768 -2.535739 -1.463174 1.571978 -0.743785 -0.555342 0.999510 0.715305 -0.356896 0.023290 -0.726008 0.489116 0.290021 -4.328155 -1.680152 2.145102 -0.120850 -0.310611 0.949379 -0.575179 0.178496 -0.181261 0.064049 0.084537 -0.070282 
118.939720 -24.713942 5.019878 -1.057608 0.649038 -1.354420 -3.096375 -0.628351 1.130838 -0.346992 -0.841149 -0.413178 0.169146 -8.073544 -3.897445 4.280273 -0.666936 -0.764874 1.650664 -0.394597 -0.071770 -0.326153 -0.316015 0.094776 0.068097 0.827906 0.267158 -0.468796 0.487220 0.270288 -0.475704 0.145823 0.149780 -0.422061 0.404825 -0.225105 -0.099536 
117.401779 -35.138398 -0.615204 4.998722 0.130278 -1.886178 -2.036827 -1.509841 0.854886 -0.731867 -1.038047 -0.900900 -0.139574 -0.879928 -0.928857 0.634385 0.230654 -0.014766 0.048102 1.006950 -0.057335 -0.820832 0.083641 0.038906 0.090949 7.714192 3.147739 -4.096535 0.934993 0.407857 -1.195476 0.924901 -0.040350 0.075935 0.293833 0.096902 -0.041671 
114.271675 -26.473799 3.162163 0.211163 1.110346 -1.383952 -3.000170 1.385549 1.016168 -1.988656 -0.673867 -0.335365 0.351045 7.354840 2.398033 -3.912796 1.203050 0.050840 -0.740289 1.455204 -0.152470 -0.174283 0.271650 0.288580 -0.015245 1.545229 0.499727 -1.213818 0.100313 0.112618 -0.067163 -0.644748 -0.010521 0.609315 0.254480 -0.048225 -0.309451 
109.303917 -20.428717 4.180862 -2.826871 2.536378 -1.784498 -3.517405 1.400567 0.549946 -1.080432 -0.494747 -0.323739 -0.170063 2.210531 0.070596 -1.793251 0.431280 0.210470 -0.086223 -0.282546 -0.078378 0.397798 0.592601 -0.057543 -0.527953 -5.060220 -2.232623 1.858760 -1.398519 0.537619 0.562268 -1.102988 0.302613 0.343508 0.319454 -0.049068 -0.204290 
104.059090 -22.052737 3.303354 -3.375339 1.972906 -0.963012 -3.172617 0.820457 0.859411 -1.193059 0.511335 -0.450452 -0.704860 -2.765599 -2.067214 -0.195275 -1.593987 1.126077 0.384246 -0.750772 0.452756 0.512734 0.910559 0.190444 -0.423824 -0.319193 -0.108382 0.946974 -0.315023 -0.351542 -0.059111 0.063749 -0.079089 -0.198900 -0.220416 -0.045431 0.308144 
104.587326 -25.959916 0.046435 -3.217422 -0.651596 0.467656 -2.748913 -0.100977 1.455459 -0.054965 1.326370 0.057149 -1.017711 1.572146 -0.146169 0.100696 -0.198765 -0.492615 -0.204445 -0.155048 -0.236557 -0.000002 0.151770 -0.148405 0.088335 3.416902 2.254353 -0.226343 1.531047 -1.292540 -0.402983 0.327680 -0.482174 -0.642964 -0.676849 -0.264605 0.377175 
106.133781 -18.908446 3.011016 -3.173947 1.575376 -1.948241 -3.581506 0.510362 0.386297 -1.193063 0.814875 -0.747262 -0.528191 4.068206 2.441491 -0.647962 1.468107 -1.459002 -0.421720 -0.095412 -0.511592 -0.773195 -0.443140 -0.338766 0.330527 -0.743043 0.621490 -0.537537 0.231004 0.258835 0.058350 -0.044724 0.099900 -0.195139 -0.257517 0.004407 0.089650 
104.451469 -17.823505 4.929418 -4.513345 2.284617 -2.450348 -3.592353 -0.291801 0.432275 -1.601355 0.440090 -0.620383 -0.356657 0.086059 1.096812 -0.974378 0.263244 0.025055 -0.087744 -0.244496 -0.036757 -0.390280 -0.363264 -0.139590 0.267635 -3.013036 -1.494331 0.240160 -0.884991 1.081599 0.275884 0.232693 0.228936 0.319258 -0.020061 0.026957 0.100058 
101.942871 -18.736327 5.204639 -5.122704 2.101864 -1.898131 -3.756995 0.021370 0.312784 -1.973623 0.088347 -1.026442 0.007079 -1.957867 -0.547171 -0.167641 -0.301875 0.704196 0.130048 0.369974 -0.053720 -0.134678 -0.483261 -0.284853 0.530643 -3.899301 -1.725092 0.985956 -0.500113 0.547381 0.570044 0.021746 0.401767 0.432210 0.285300 0.051702 -0.041016 
98.380768 -21.739238 3.835076 -4.848627 1.680868 -1.041957 -3.332257 0.448147 0.324836 -1.870712 -0.526432 -1.190088 0.704630 -7.712543 -2.353373 0.997533 -0.736982 1.119817 1.052344 -0.201003 0.766777 0.474139 0.207336 -0.036186 0.185602 -2.369187 -1.282500 -0.355161 0.219575 1.543927 1.211424 -0.730928 0.487183 0.516119 1.005344 0.642707 -0.326023 
92.143578 -34.161412 0.497893 -3.127639 0.627899 0.341503 -1.652307 -0.380637 1.846338 -1.025345 0.503019 -1.098813 0.378283 -6.696240 -3.112171 -0.877963 0.137275 3.792050 2.552896 -1.091881 0.920647 0.897559 1.527427 1.000562 -0.121402 5.757791 0.618401 -1.825705 1.461058 1.090861 -0.093147 -0.074404 -0.702841 -0.296725 0.287214 0.486068 -0.062983 
183.085068 -35.131718 -2.389267 -6.604553 1.955418 6.542142 1.773534 -1.735616 2.166129 -0.075594 2.528422 0.811037 0.461825 3.803040 -1.116572 -2.653878 2.185135 3.301538 0.866050 -0.349811 -0.638906 -0.119311 0.781765 0.935950 0.059636 6.933002 1.891865 0.370806 0.768030 -2.194011 -2.176211 0.717788 -1.111247 -0.686364 -1.043927 -0.499203 -0.117547 
0.000000 -26.555332 -1.735250 -8.435395 4.998168 6.944580 0.079792 -1.080259 0.568526 -1.263967 2.066549 0.773088 0.497554 7.169764 0.671559 -0.136350 1.673335 -0.595973 -1.799526 0.343694 -1.301847 -0.475169 -0.560427 0.002157 -0.356495 -0.058245 0.875768 1.813463 -1.100001 -2.320945 -1.104556 0.111771 -0.029996 0.045885 -0.573156 -0.531212 -0.229355 
96.217911 -20.792189 -1.046149 -6.877254 5.302087 5.350197 -1.825517 -1.048228 -0.437564 -1.025931 1.407568 0.815351 -0.251166 3.686549 0.634965 0.973048 -0.014866 -1.340352 -1.343063 -0.126268 -0.698899 -0.027542 -0.364548 -0.126474 -0.399075 -3.522309 0.012942 0.118473 -1.118983 0.022889 0.409802 -0.075682 0.454910 0.017999 0.182093 -0.131804 0.289719 
96.152199 -19.182234 -0.465321 -6.489299 4.968436 4.263875 -2.606335 -1.332795 -0.829271 -1.319051 1.337453 0.520140 -0.300596 0.125145 0.697442 0.100595 -0.564631 -0.550195 -0.979921 0.192329 -0.392026 -0.439170 -0.196240 -0.261450 0.222942 -2.976375 -0.012746 -0.144476 -0.524185 0.459943 0.393912 0.012189 0.466749 -0.328792 0.056321 0.086599 0.327643 
0.000000 -20.541898 0.348736 -6.676063 4.172825 4.249807 -3.785360 -0.663569 -1.221615 -1.904272 1.015088 0.292451 0.194718 -2.266202 0.609472 0.684095 -1.063237 -0.420467 -0.555240 -0.101889 0.234599 -0.685126 -0.251905 0.046724 0.256211 -1.618917 -0.257944 0.757178 -0.256228 -0.152858 0.576334 -0.360619 0.663083 0.151852 -0.109700 0.223573 -0.244442 
91.997330 -23.714638 0.753623 -5.121108 2.841961 3.422942 -3.716815 -1.536574 -0.360074 -2.689302 0.833643 0.613588 0.211826 -3.112688 0.181554 1.614952 -1.077088 -0.855912 0.172747 -0.528909 0.934140 -0.135467 -0.415640 0.185695 -0.265942 0.010442 -0.208058 0.226645 0.256011 -0.363550 0.292392 -0.111885 0.292776 0.603238 -0.081604 -0.082120 -0.357015 
91.546936 -26.767275 0.711844 -3.446158 2.018649 2.537984 -3.439866 -1.721387 0.646664 -2.175205 0.183808 0.663842 -0.337166 -2.245318 0.193357 1.137385 -0.551215 -1.147566 0.029544 -0.325658 0.820151 0.521351 -0.415114 -0.117516 -0.457818 0.092673 0.117711 -0.239759 0.327095 0.053956 0.044885 -0.068587 -0.681747 0.328802 0.259222 -0.179904 0.186796 
92.184875 -28.205275 1.140337 -2.846338 1.739532 1.127809 -3.657728 -2.187890 1.280229 -1.646600 0.003415 0.378557 -0.703810 -2.927343 0.416976 1.135434 -0.422898 -0.748001 0.262517 -0.666083 -0.429354 0.522138 0.102803 -0.174113 0.107650 -2.174869 -0.388438 -0.087268 0.051307 0.579681 0.460064 -0.222581 -0.707659 -0.004147 0.349858 -0.140552 0.367839 
92.740761 -32.621960 1.545795 -1.175290 1.172854 1.041983 -2.914833 -3.053553 -0.212045 -1.130929 0.389414 0.315615 -0.121866 -6.595057 -0.583519 0.962849 -0.448601 0.011796 0.949672 -0.770821 -0.595168 0.513056 0.284602 -0.398619 0.277859 -6.356975 -2.697830 0.695151 0.101787 0.317678 0.878156 0.482471 0.469051 -0.088726 0.014078 -0.073999 -0.110285 
95.440559 -41.395388 -0.026701 -0.920640 0.842331 1.151401 -1.758383 -3.729532 0.089894 -0.620488 0.572619 -0.418680 -0.148091 -15.641293 -4.978684 2.525737 -0.219323 -0.112644 2.018828 0.298859 0.508748 0.344686 0.130959 -0.322111 -0.112920 -4.314601 -2.173214 0.095841 -0.365024 -0.411340 0.111369 1.119745 0.390227 -0.192283 -0.222261 0.226954 -0.015904 
98.578812 -63.904546 -8.411574 3.876183 0.734208 0.816695 1.122824 -2.455835 0.805451 -0.441558 0.651332 -0.328606 -0.347706 -15.224258 -4.929946 1.154532 -1.178650 -0.810884 1.172411 1.468670 0.185287 0.128491 -0.159919 0.055290 0.246052 12.436883 6.528125 -3.158193 0.090848 -0.244911 -2.730376 -0.125384 -0.012718 -0.287897 -0.510923 -0.020501 0.252748 
0.000000 -71.843903 -9.886593 1.388424 -1.514968 -0.470367 0.586440 -0.792192 0.460468 -0.363507 0.252781 -0.308100 0.344012 9.232474 8.077565 -3.790648 -0.037626 -0.602467 -3.441923 0.048091 0.483312 -0.231108 -0.890888 -0.363113 0.392576 19.132899 7.992654 -2.637638 1.101828 0.546949 -2.125352 -0.874976 -0.115422 -0.029260 -0.146635 -0.327063 -0.226480 
0.000000 -45.439598 7.743557 -3.705113 0.658956 -0.388238 -5.761023 -2.359654 1.772074 -0.903773 -1.130444 -1.054833 0.437445 23.041539 11.055362 -4.120745 1.025007 0.283013 -3.078293 -0.281283 -0.045558 0.069971 -0.453189 -0.598836 -0.206909 0.892095 -3.017746 0.846585 0.165466 0.175812 1.686663 0.421722 -0.692490 0.235240 0.721874 0.097660 -0.228695 
0.000000 -25.760824 12.224131 -6.853066 0.535046 0.095659 -5.570146 -1.354757 0.369353 -0.223564 -0.653597 -1.505773 -0.069806 11.016664 2.042072 -2.097479 0.293305 -0.250842 -0.068597 0.891534 -0.901669 0.239373 0.552860 -0.167792 -0.064814 -11.871887 -5.813384 1.963615 -0.062927 -0.637515 1.762403 0.323057 -0.217931 0.089030 0.360408 0.527510 0.090658 
0.000000 -23.406270 11.827702 -7.900071 1.245565 -0.889922 -5.898217 -0.576585 -0.031264 -0.425028 -0.024723 -1.390417 0.307818 -0.702234 -0.571406 -0.193514 0.899153 -0.992018 0.446513 0.364831 -0.481419 0.248031 0.267627 0.456183 -0.025593 -8.635725 -2.288015 1.312264 0.369271 0.662827 1.106095 -0.552133 0.428571 0.602626 -0.054476 0.189256 0.258278 
87.972397 -27.165293 11.081319 -7.240094 2.333353 -1.888376 -4.677120 -0.625095 -0.593485 0.272497 -0.118342 -0.593406 -0.120992 -6.254785 -2.533957 0.527049 1.031846 1.074812 2.143592 -0.212732 -0.044528 1.444624 0.443907 0.210721 0.451742 -2.278303 -1.138480 0.161156 -0.364951 1.604965 0.845167 -0.221573 0.776848 0.435262 0.154969 -0.388970 0.264103 
87.434326 -35.915839 6.759789 -6.845973 3.309258 1.259702 -1.611033 -1.002049 -0.120319 2.464221 0.863092 -0.968976 1.211301 -5.258841 -2.848367 0.128799 0.169251 2.217913 2.136848 -0.078316 1.072278 1.118555 0.577565 -0.321756 0.502612 3.348813 -0.339527 0.052820 -0.334032 0.005251 -0.635473 0.028583 0.880464 -1.156106 0.084111 -0.137760 -0.307829 
90.023438 -37.682974 5.384586 -6.982497 2.671855 2.547450 -0.403424 -0.781728 1.551071 2.509607 1.036788 -1.236919 0.884232 0.442842 -3.213011 0.632689 0.363783 1.085314 0.872647 -0.155566 1.716399 -0.867587 0.612129 -0.064800 -0.163917 5.354743 0.085975 -0.359775 0.948910 -0.907789 -1.130337 -0.141896 -0.496189 -1.373113 -0.075472 0.225183 -0.207688 
92.203560 -35.030155 0.333766 -5.580594 4.036825 3.430330 0.134260 -1.313181 3.312479 0.729048 2.087349 -1.098577 0.883467 5.450645 -2.676416 -0.590752 2.067070 0.402334 -0.123826 -0.362107 0.079900 -1.627671 0.426621 0.128610 0.087236 2.506126 1.490292 -0.587010 0.625877 -0.713821 -0.543591 -0.245986 -1.333015 -0.224372 -0.399389 0.022659 0.212186 
94.766350 -26.781684 0.031753 -8.164000 6.805995 3.352118 -0.651076 -1.505942 1.710871 -0.745735 1.890030 -0.979699 1.058703 5.455094 -0.232428 -0.541331 1.615538 -0.342327 -0.214535 -0.647537 -0.949631 -1.316330 -0.186650 -0.019482 0.260455 -1.583028 1.866626 0.759026 -1.334171 -0.642042 -0.146049 -0.092370 -0.422318 0.551758 -0.575118 0.061725 -0.038776 
94.505463 -24.119967 -0.131090 -6.663256 7.267901 2.745676 -0.294809 -2.608256 1.413218 -1.903613 1.714049 -1.137540 1.404377 2.284589 1.056836 0.927301 -0.601271 -0.881750 -0.415924 -0.546846 -0.764736 -0.524154 -0.723615 0.252059 0.009683 -2.010712 0.988560 0.413623 -1.831834 -0.271553 -0.495309 0.599283 0.146279 0.518701 -0.316244 0.309386 -0.257534 
94.688911 -22.212505 2.145426 -6.309398 5.603453 1.588617 -1.482924 -2.599635 0.181399 -1.794044 0.442801 -0.475580 1.078069 1.433669 1.744691 0.285915 -2.048130 -0.885433 -1.205153 0.551028 -0.657072 -0.278927 -0.819139 0.599291 -0.254612 -1.021414 -0.450721 -0.049658 -0.709763 0.297114 -0.247645 0.748567 0.393487 0.035109 0.316227 -0.006066 -0.210863 
95.657860 -21.252628 3.358292 -6.091427 3.171641 0.974810 -2.705116 -1.506201 0.099075 -2.461467 0.075771 0.061041 0.895153 0.241761 0.155394 0.827986 -2.020797 -0.287522 -0.911215 0.950288 0.022238 -0.453936 -0.091161 0.239927 -0.412042 -2.794576 -1.575391 0.868841 0.490544 0.185673 0.664550 -0.094220 0.220529 0.296564 0.285554 -0.363244 -0.072010 
95.514656 -21.728983 2.456213 -4.653426 1.561859 1.013574 -3.305354 -0.699058 0.225875 -2.701916 0.260478 0.004274 0.253985 -4.155482 -1.406091 2.023597 -1.067042 -0.514086 0.123946 0.362587 -0.216013 0.314200 -0.248030 -0.127197 -0.398632 -7.072137 -1.919592 0.702620 0.588316 0.132985 1.165017 -0.559511 -0.094009 0.379291 -0.185995 -0.007721 0.106799 
94.958946 -29.563593 0.546111 -2.044232 1.037558 -0.053362 -2.457224 -0.781027 -0.332951 -1.833067 -0.420290 -0.193352 0.097889 -13.902513 -3.683789 2.233226 -0.844166 -0.021552 1.418819 -0.168733 -0.165780 0.304645 -0.463152 0.224486 -0.198444 -7.173235 -3.423998 -0.171207 0.563827 0.393772 0.399255 -0.405491 0.457876 0.110409 0.136114 0.216910 0.302911 
95.556343 -49.534009 -4.911365 -0.186975 -0.126472 0.970469 -0.467716 -1.036524 -0.105684 -2.092625 -0.665825 0.453247 -0.142902 -18.501952 -8.254087 1.681183 0.060612 0.273457 0.922455 -0.448394 0.699740 0.535018 0.024198 0.306622 0.207189 2.193711 -0.390153 -0.264265 0.691991 -0.525709 -0.289170 0.122841 0.357067 0.280753 0.522025 -0.239392 0.238238 
0.000000 -66.567497 -15.962064 1.318135 1.158781 0.493553 -0.612314 -1.677816 1.066528 -0.763031 -0.371894 0.419893 0.512268 -9.515091 -4.464096 1.704697 0.539816 -1.072970 0.840478 0.076950 0.548355 0.866151 0.580899 -0.254298 0.278032 13.039120 4.537363 -0.844648 0.220106 0.769037 -0.234721 0.271482 -0.460000 0.502076 0.157229 -0.519353 -0.196149 
0.000000 -68.564192 -13.839558 3.222418 0.953160 -1.175471 1.213240 -0.882624 0.991026 -0.360323 0.495974 -0.055350 0.413162 7.576289 0.820639 -0.008112 0.500824 1.811532 0.453014 0.094570 -0.220261 1.539169 0.338655 -0.732085 -0.185109 11.692090 3.237261 -2.197095 0.634535 2.590312 0.064604 0.231238 -0.212668 0.104932 -0.204236 0.075436 0.005098 
175.941864 -51.414919 -14.320786 1.301910 2.160429 4.116616 0.293713 -1.488676 0.626006 2.315306 0.305416 -1.044277 0.142050 13.869088 2.010425 -2.689494 1.808887 4.107654 0.969687 0.539425 0.123019 1.076015 0.172428 -0.103426 0.288229 -0.455336 0.915344 -1.396712 -0.417044 -0.710652 0.304230 0.433622 0.107876 -1.509620 -0.312038 0.588353 0.367651 
183.904282 -40.826016 -9.818707 -2.156569 4.570934 7.039837 3.152615 0.196227 1.237064 1.791706 0.840831 -0.262202 0.989619 6.665618 2.651326 -2.801535 -0.333265 0.390228 1.061473 0.961814 -0.004509 -1.480072 -0.285422 0.444622 0.550193 -5.625226 0.015808 1.273134 -1.326943 -2.549050 -0.805251 -0.192378 -0.430654 -1.235314 -0.256488 0.165759 -0.185408 
52.685818 -38.083683 -9.018134 -4.301161 1.493900 4.897073 2.416659 0.434953 0.616988 -0.644837 -0.265427 -0.155032 1.242436 2.618635 2.042041 -0.143225 -0.844999 -0.990445 -0.640814 0.154669 -0.738289 -1.394613 -0.340548 0.228091 -0.082587 -2.193295 0.973789 2.980554 0.898279 -0.146166 -0.865508 -0.742464 -0.215711 0.834721 0.296065 -0.271057 -0.422407 
159.927261 -35.588745 -5.734626 -2.443020 2.880936 5.058947 1.870986 0.505566 -0.239514 -0.997519 0.159735 0.193981 0.824444 2.279027 4.598904 3.159572 1.463294 0.097897 -0.669542 -0.523113 -0.435931 0.189370 0.306707 -0.097491 -0.294621 -3.403155 -1.005654 2.105457 0.491778 -0.058644 0.394408 -0.354745 0.473773 1.391379 0.347183 -0.214416 0.001751 
0.000000 -33.525629 0.179674 2.017984 4.420487 5.092867 1.077574 -0.611273 -0.254874 -0.266097 0.347987 -0.350015 0.653195 -4.187675 0.030733 4.067689 0.138556 -1.107734 0.148001 -0.554820 0.209258 1.388144 0.353818 -0.200741 -0.079085 -6.686509 -6.080954 -1.061089 -1.066852 -0.913962 0.564323 0.416659 0.348332 0.186875 -0.043793 0.160888 0.248216 
0.000000 -43.964096 -5.673160 5.692358 3.158049 2.843479 2.166988 -0.604073 0.179001 1.778769 0.867372 -0.207501 0.666274 -11.093991 -7.563004 1.037395 -0.670410 -1.730028 0.459104 0.310206 0.260732 0.563119 0.219121 0.224285 0.201811 -0.679014 -2.635776 -3.776329 -0.588111 0.495538 -0.256918 -0.118542 -0.189022 -0.927485 -0.242179 -0.045011 0.055517 
230.389114 -55.713612 -14.946333 4.092774 3.079668 1.632811 1.995783 0.009138 0.266591 0.860142 0.786230 0.098555 1.056817 -5.545703 -5.240819 -3.484969 -1.037665 -0.116658 -0.365835 -0.791903 -0.168786 -0.466826 -0.130540 -0.290763 0.031949 7.351227 4.381931 -2.552571 -0.749444 1.489911 0.032457 -0.296881 -0.036800 -0.481929 -0.292823 -0.120070 -0.015960 
232.548904 -55.055502 -16.154799 -1.277579 1.082719 2.610163 1.435317 -2.187879 -0.158570 0.845117 0.606293 -0.789026 0.730172 3.608462 1.200857 -4.067748 -2.169297 1.249794 0.524018 -0.283557 0.187131 -0.400739 -0.366525 -0.015855 0.169891 4.268561 3.377538 0.841108 -0.062546 0.348845 0.543993 0.937261 0.050047 0.065288 -0.009276 0.260254 0.258477 
207.717331 -48.496688 -12.544618 -4.042721 -1.258926 4.132399 3.043820 -0.557975 0.640853 0.058664 0.053179 0.066845 1.396599 2.991418 1.514257 -1.802752 -1.162757 0.581031 0.722150 1.082619 -0.068691 -0.336249 -0.149091 0.229745 0.548902 -1.948225 -0.745845 1.823784 1.088681 -0.714940 -0.303060 0.275612 -0.327767 0.228858 0.246995 -0.091168 0.022899 
53.111813 -49.072665 -13.126285 -4.883083 -1.242795 3.772225 2.879617 -0.022641 -0.295952 0.172619 0.308110 -0.329537 1.827976 -0.287988 -0.290833 -0.420181 0.008066 -0.180087 -0.082101 0.267667 -0.468403 0.056978 0.127465 -0.198191 0.215689 -1.639703 -0.902545 0.691286 0.585411 -0.380559 -0.402126 -0.407476 -0.199856 0.196613 0.138278 -0.213968 -0.166607 
