181.252502 -15.148905 6.103019 -0.408218 2.847779 -2.085336 -0.248792 0.895520 0.430992 0.564659 0.094990 -2.925461 0.596333 0.066767 -0.432998 -1.189269 -0.602210 1.364855 0.589922 -0.218439 0.482992 -0.790669 -0.062643 0.664690 -0.091798 -0.495111 -0.937922 -0.313215 0.860284 -0.204694 0.550687 0.093425 -0.505353 0.317924 -0.045752 0.176814 0.199919 
177.649063 -15.015371 5.237023 -2.786756 1.643360 0.644374 0.931052 0.458642 1.396976 -1.016680 -0.030297 -1.596081 0.412737 -0.923455 -2.308841 -1.815699 1.118358 0.955468 1.691295 -0.031589 -0.527714 -0.154822 -0.154148 1.018318 0.308041 -0.233770 -0.939421 0.584603 1.944256 -0.150652 0.139284 -0.233550 -0.856406 0.684574 0.121378 -0.286695 0.119574 
171.566071 -16.995815 1.485336 -4.039615 5.084495 -0.174400 3.133798 0.832342 -0.624436 0.255015 -0.213305 -0.888825 1.212414 -0.400773 -2.311839 -0.020063 3.286302 1.063550 0.868489 -0.685540 -1.229820 0.578478 0.180113 0.091300 0.147350 1.441111 1.628099 1.534662 -0.631470 0.035167 -1.533274 -0.599665 0.011768 -0.340884 0.052493 -0.495672 -0.301776 
160.379456 -15.816916 0.613345 -2.826882 8.215964 2.771473 2.668031 -0.912437 -1.062665 0.140275 0.329930 -1.413481 0.707437 1.958766 0.947358 1.253626 -0.144582 1.025801 -1.375253 -1.230920 -0.504177 -0.836590 -0.049162 0.026974 -0.295511 1.371491 1.663166 0.474114 -3.415443 -1.442277 -1.485517 0.165842 0.580272 -0.471386 -0.408107 0.107569 -0.145814 
154.923630 -13.078283 3.380052 -1.532364 4.795331 1.877202 0.383293 -1.629497 -1.632790 -1.418165 -0.311630 -0.834877 0.621391 2.342210 1.014493 0.928164 -3.544585 -1.821005 -2.102544 -0.353855 -0.069277 -0.364294 -0.636101 0.306437 -0.144279 -1.714259 -0.510758 -0.622885 -0.727736 -1.267329 0.323906 0.894575 0.677755 0.803187 -0.378354 0.159031 0.076427 
147.201614 -11.132496 2.642331 -0.970553 1.126794 -0.870537 -1.537057 -1.620148 -1.201218 -0.588313 -0.942272 -0.800607 0.418879 -1.469751 -0.074158 0.007855 -1.600055 -1.508857 -0.727442 0.558229 0.851334 0.769784 -0.805870 0.345037 -0.142658 -3.882149 -0.511052 -0.494178 3.296415 0.638462 1.178040 0.016321 0.686201 0.197981 0.160307 0.437981 -0.269670 
138.197357 -16.017785 3.231736 -1.516654 1.595222 -1.140513 -1.071590 -0.513038 0.069877 0.121403 -1.923370 -0.144804 0.336074 -5.422087 -0.007611 -0.060192 3.048245 -0.544082 0.253535 -0.321214 1.303124 0.031667 -0.315487 1.182399 -0.683619 -1.666030 -0.128234 0.079845 2.793569 0.575142 0.403659 -0.738340 0.048576 -0.681387 0.555359 0.426487 -0.307369 
135.659546 -21.976670 2.627108 -1.090938 7.223285 -1.958700 -1.029987 -2.262576 1.405031 -0.524979 -1.573246 1.564191 -0.948359 -4.801812 -0.330626 0.167545 3.987084 -0.358573 0.079876 -0.918451 0.948486 -0.592990 0.304848 1.198011 -0.757396 3.566648 0.244279 -0.292820 -1.221186 0.434331 0.669871 0.843256 -0.824384 0.130055 0.010611 -0.870515 0.544372 
138.763824 -25.621409 2.570484 -1.181565 9.569390 -1.857658 -0.911839 -2.349940 1.966849 -1.064576 -1.313674 2.251218 -1.178718 1.711209 0.480946 -0.645832 0.605873 0.324580 1.593277 1.365299 -0.345644 0.291777 -0.294265 -0.558630 0.405125 4.723122 0.030661 0.660473 -3.328478 0.399224 0.549056 0.985734 -0.906855 0.491703 -0.002093 -1.057379 0.822557 
155.325165 -18.554253 3.589001 -2.382601 8.435031 -1.309539 2.156566 0.468021 0.713743 0.058576 -2.161776 0.446931 -0.138109 4.644433 -0.269304 1.488490 -2.669872 0.439876 1.177988 1.053017 -0.865225 0.390416 0.300663 -0.916746 0.887719 -1.393664 -3.250617 1.675410 -1.998253 0.251644 -0.610403 -1.193373 -0.045593 -0.384920 0.703068 0.033068 -0.160949 
0.000000 -16.332543 2.031876 1.795416 4.229645 -0.977906 1.444138 -0.243906 0.236400 -0.283744 -0.712348 0.417725 0.596719 -1.076120 -6.020287 2.704989 -3.390633 0.827869 0.372470 -1.021446 -0.436831 -0.478062 1.111871 -0.492494 0.083226 -3.525556 -3.838565 -1.200698 0.604894 -0.048580 -0.301639 -0.980664 0.539903 -0.049953 0.384617 0.260237 -0.568146 
294.081238 -20.706493 -8.451573 3.027376 1.653764 0.346199 2.901506 -1.574871 -0.159919 -0.897548 0.061965 -0.538058 0.028344 -2.406679 -7.946434 -0.912905 -1.460085 0.342716 0.574711 -0.908310 0.214581 0.290511 1.069896 -0.396272 -0.248573 1.513423 4.283125 -1.576393 2.110236 -0.247554 0.075464 0.908797 0.217377 0.138035 -0.698067 0.355170 0.056950 
0.000000 -21.145901 -13.860992 -0.030394 1.309476 -0.292475 2.593559 -2.060526 0.665562 0.297277 1.427443 -0.374820 0.099573 1.950726 2.545964 -0.447797 0.829839 0.332762 0.523399 0.796147 -0.002077 -0.201993 -0.284262 0.217846 0.197126 2.153400 7.277164 0.843839 1.736821 -0.077939 -0.291252 0.758976 -0.347823 -0.445281 -1.294938 0.624480 0.058308 
0.000000 -16.805042 -3.359646 2.131782 3.313442 1.011723 3.948304 0.017422 -0.164073 -1.301533 -0.506560 -0.102366 0.422595 1.900122 6.607895 0.774774 2.013557 0.186837 -0.007793 0.609642 -0.481064 -0.600052 -1.519981 0.852688 -0.131958 -2.246579 -1.142740 -0.144509 0.450703 -0.420593 -0.940634 -0.794177 0.354401 0.125543 0.140279 0.505150 -0.252150 
66.021797 -17.345657 -0.645203 1.519154 5.336590 0.081198 2.577973 -0.841242 -0.296567 -0.902827 -1.612518 1.330556 -0.164342 -2.542432 0.260484 -0.736815 1.731245 -0.508424 -1.357869 -0.792207 0.706725 0.049094 -0.003705 1.228146 -0.307174 -3.435869 -3.791925 -0.658716 -0.135308 0.421259 -0.685177 -0.375845 0.812980 0.009296 1.101223 -0.262856 -0.113015 
135.179840 -21.889907 -2.838677 0.658151 6.775931 -0.005126 1.232565 -1.566991 1.249376 -1.203345 -0.513970 2.353926 -0.191753 -4.971615 -0.975955 -0.542658 1.742942 1.029355 -1.378147 -0.142048 1.144897 -0.581461 0.682466 0.326976 -0.357987 -1.463675 0.130700 0.506420 -0.323711 0.517851 0.198131 0.441931 -0.187145 -0.320837 0.092769 -0.576250 0.012687 
147.338745 -27.288887 -2.597113 0.433839 8.822474 2.139909 -0.178320 -1.125338 1.993226 -2.065748 -0.247586 1.984507 -0.880317 -5.469783 0.521884 0.276026 1.083822 0.527278 -0.961608 0.091655 0.332434 -0.592579 0.181833 0.075646 -0.281800 -0.946483 -1.933837 1.438220 -1.768175 -1.293437 1.314858 -0.013187 -1.171754 1.032489 -0.418592 -0.608960 0.595004 
155.211807 -32.829474 -1.794909 1.210203 8.943576 1.049430 -0.690651 -1.383680 1.914244 -2.388503 -0.150304 2.505218 -0.755352 -6.864581 -4.843630 2.333783 -1.793408 -1.557518 1.251570 -0.168422 -1.198611 1.483518 -0.154719 -0.890945 0.832020 3.910040 -1.855342 0.310703 -0.803621 0.151934 0.965389 0.261060 -0.279021 0.958072 -0.316168 -0.690975 0.384483 
140.169067 -41.018048 -12.284373 5.101405 5.235658 -0.975127 2.324819 -1.462183 -0.403995 0.901288 -0.557023 0.202617 0.783723 2.350296 -3.188800 0.897432 -0.523419 0.831146 0.969169 0.613775 -0.225608 1.323565 -0.450502 -1.306304 0.487165 7.036579 6.219362 -2.904008 1.432353 1.893280 -0.945564 0.591728 0.887080 -0.936236 0.091488 0.310049 -0.695778 
249.399475 -28.128881 -8.172510 3.005067 7.896737 2.711722 1.247688 -0.156130 1.463029 0.258626 -1.051308 -0.107390 0.218978 7.208577 7.595093 -3.474234 1.071299 2.229042 -0.639558 1.015034 0.575550 -0.388953 0.028257 -0.270846 -0.559536 -4.893855 5.093929 -1.597898 -0.555252 0.030968 -0.844944 -0.055041 0.090984 -0.664148 0.356084 0.459587 -0.436200 
149.280273 -26.600894 2.905814 -1.847064 7.378256 3.482957 1.045704 0.567885 0.747105 0.123381 -0.500508 -0.339075 -0.335349 -7.437414 6.999059 -2.298365 -1.633924 0.893082 -0.720719 0.503692 -0.043640 -0.004732 0.261666 -0.387130 -0.385234 -10.862659 -4.711105 2.619683 -2.006694 -1.696075 0.057780 -0.643183 -0.408768 0.144028 0.060621 0.284304 0.327558 
147.423859 -43.003709 5.825608 -1.591662 4.628888 4.497885 -0.193751 0.851254 1.375749 0.249162 -0.527976 -0.881649 -0.551490 -14.516740 -1.827117 1.765131 -2.942088 -1.163109 -0.523997 -0.271333 -0.241986 -0.100897 0.149499 0.297761 0.095581 6.155870 -2.865589 2.371852 0.833533 -1.319101 -1.213899 -0.637593 0.154416 0.152873 -0.118133 0.484953 0.553689 
182.450226 -55.634375 -0.748421 1.683199 1.494079 1.156740 -0.002291 0.025219 0.263132 -0.078413 -0.201511 0.256447 -0.144187 4.874325 1.267880 2.445340 0.033143 -1.745120 -3.148517 -0.771494 0.265193 0.301014 0.025399 0.582777 0.722143 14.616325 3.237002 -0.481317 2.285189 0.264691 -1.261052 0.041233 0.558187 0.205851 0.049469 -0.414022 0.034754 
171.528168 -33.255058 8.361368 3.299018 4.695174 1.007645 -6.490785 -0.691734 1.906136 0.851191 -0.477178 0.283904 0.892796 14.715910 4.646887 0.802497 1.628289 -0.633727 -3.046102 -0.188867 0.874388 0.310805 0.248436 -0.530284 0.165088 -0.727175 -1.797544 -0.879142 -0.485129 -0.350061 2.295586 0.144225 0.192067 -0.753997 0.246084 -0.850575 -0.414661 
156.105835 -26.202556 8.545353 3.288193 4.750656 -0.110715 -6.094495 -0.352516 2.011908 0.543198 0.295361 -0.804121 0.185989 3.419976 -2.327208 0.687056 -0.937115 -2.445242 1.442655 -0.483044 0.649328 -1.206979 0.517568 -1.118374 -0.107180 -5.624062 -3.308211 -0.445393 -0.632659 -1.259995 2.327625 -0.206351 -0.486449 -0.363034 -0.471714 0.342460 -0.323870 
191.868530 -26.415107 3.706951 4.673130 2.820944 -3.882838 -3.605475 -1.657822 3.204791 -1.562768 0.557958 -1.952843 0.678436 3.467786 -1.969536 -0.088288 0.362970 -3.153717 1.609147 -0.601570 -0.098510 -0.415262 -0.694992 0.154636 -0.482651 0.774827 0.852496 -0.399509 0.875352 0.976535 -0.619944 0.098909 -0.750145 0.884750 -0.580927 1.029937 -0.448598 
152.232956 -19.266985 4.606281 3.111616 5.476596 -6.418149 -2.876202 -1.555655 1.814888 -0.287327 -1.094624 -0.494849 -0.779312 4.969630 -0.622216 -0.111961 0.813588 -0.492171 0.202768 -0.285226 -0.850963 0.562520 -0.644286 0.941501 -1.004376 -0.514048 0.411590 0.005452 -1.018764 2.277673 -0.595952 0.639426 -0.149276 0.189098 0.173321 -0.467711 0.127610 
73.240982 -16.475848 2.462520 4.449207 4.448121 -4.867180 -3.199938 -2.228274 1.502865 -0.437727 -0.730614 -0.069842 -1.330317 2.439690 -1.146356 -0.077384 -1.674557 1.401630 0.417243 0.677282 -0.397062 -0.037067 -0.348351 -0.780787 -0.227431 -4.118869 -0.388379 -0.184095 -1.151039 0.766107 0.554185 0.722767 0.402384 -0.396461 0.214816 -0.760354 0.608621 
149.677307 -14.387605 2.313570 2.956848 2.127483 -3.614889 -2.041715 -0.201091 1.020765 -0.361461 -1.791326 -2.056423 -1.234174 -3.268107 -1.398974 -0.480151 -1.488489 1.040043 1.311139 1.160308 -0.046194 -0.230402 -0.214655 -0.579207 0.212867 -1.334062 0.209666 0.099386 0.484027 -0.808099 -0.004895 -0.387600 0.071945 -0.154513 0.358082 0.483543 0.450196 
0.000000 -23.012063 -0.335428 3.488906 1.471142 -2.787094 -0.577661 0.092341 1.410476 -0.898530 -1.159923 -1.228256 -0.904584 -0.228435 -0.727025 0.121389 -0.706503 -0.214568 0.407453 -0.097917 -0.253172 -0.346092 0.367814 0.186300 0.672962 3.329481 0.872795 -0.035190 0.078752 -1.064634 -0.977586 -0.801638 -0.212321 -0.123527 0.227987 0.295529 0.137707 
0.000000 -14.844475 0.859520 3.199626 0.714477 -4.044025 -1.226809 -0.396924 0.514420 -1.053645 -1.055699 -1.683824 0.111750 3.390855 0.346616 -0.550530 -1.330985 -1.089226 -0.644033 -0.442967 -0.470836 -0.477456 0.241318 0.011851 0.488280 -0.449389 -0.774966 -0.864195 -0.288560 -0.108167 -0.420608 -0.271469 0.004610 0.074147 -0.191493 0.061339 -0.334102 
0.000000 -16.230352 0.357804 2.387846 -1.190828 -4.965546 -1.865728 -0.793593 0.468805 -1.853443 -0.677286 -1.204554 0.071976 -1.127213 -2.276956 -1.607001 -1.283622 -0.430902 -0.433763 -0.640855 -0.243952 -0.197797 -0.015173 0.308978 0.004758 -1.687417 -1.985686 -0.842599 0.554208 0.663960 0.331492 -0.095144 0.197846 0.312706 -0.321405 -0.037264 -0.308684 
0.000000 -17.098900 -3.694392 -0.014376 -1.852767 -4.905829 -2.094335 -1.678634 0.026516 -1.449240 -1.086045 -1.065868 0.121267 0.016022 -3.624757 -2.235728 -0.222569 0.238695 0.018952 -0.633256 -0.075143 0.147956 -0.401491 -0.062676 -0.129088 0.244023 -0.332403 -0.318850 0.569046 0.408600 0.238925 0.189239 0.061252 -0.035563 -0.068195 -0.118873 -0.111147 
67.465897 -16.198308 -6.891710 -2.083610 -1.635966 -4.488155 -1.827825 -2.060105 0.318519 -1.557531 -1.480268 -1.329906 -0.186201 -0.639167 -2.941763 -2.244701 -0.145531 0.386299 0.044086 -0.262377 -0.121449 -0.268924 -0.151563 0.071232 -0.217536 -1.708982 0.585055 0.574553 -0.016383 0.156253 0.358608 0.598846 -0.087471 -0.204705 0.416097 0.081244 0.028689 
0.000000 -18.377234 -9.577918 -4.503777 -2.143828 -4.133231 -2.006164 -2.203387 -0.216382 -1.987088 -1.389170 -0.923403 -0.313805 -3.401943 -2.454647 -1.086622 -0.255336 0.551201 0.736167 0.564436 -0.250085 -0.261453 0.430702 0.099812 -0.071711 -1.555684 0.522522 1.200259 0.267141 -0.056898 0.478927 0.391331 0.137783 0.334341 0.173170 -0.274820 0.015864 
0.000000 -23.002193 -11.801003 -4.256854 -2.146638 -3.385754 -0.355491 -0.931233 -0.181651 -2.080438 -0.618864 -1.130281 -0.329622 -3.750534 -1.896719 0.155818 0.388752 0.272503 1.001939 0.520286 0.154118 0.399758 0.194778 -0.478407 -0.185809 -2.176457 1.133820 0.779280 0.546864 -0.234429 -0.208108 -0.257293 0.454855 0.679098 -0.153749 0.035183 0.062056 
0.000000 -25.878302 -13.371355 -4.192142 -1.366324 -3.588226 -0.002285 -1.162815 0.091853 -1.187573 -0.999615 -1.880218 -0.685423 -7.754856 -0.187007 0.471937 0.838392 0.082342 0.319951 0.049849 0.659624 1.096743 0.123205 0.170178 0.052402 -8.389732 1.677626 0.695777 0.253998 0.691906 -0.505140 -0.258566 -0.087419 -0.099807 0.304883 0.569559 0.191527 
0.000000 -38.511904 -12.175017 -3.312979 -0.469854 -3.221070 0.284410 -0.831535 1.137598 0.113049 -0.372453 -0.789925 -0.224819 -20.529998 1.458533 1.547371 0.896748 1.656315 -0.008342 0.003154 -0.020720 0.200143 0.804543 0.660711 0.197245 4.868830 1.835109 0.052821 -0.355363 0.317545 -0.404526 -0.373321 -0.748285 -0.811283 0.096649 -0.049833 0.083751 
132.352280 -66.938299 -10.454288 -1.097400 0.427172 -0.275595 -0.018968 -1.156507 0.050414 -0.787286 0.609471 -0.558796 -0.290932 1.982804 3.483210 0.577580 0.127666 0.717432 -0.489101 -0.696792 -0.836945 -0.525822 0.316504 0.070512 0.219904 20.778847 0.507981 -0.949840 -0.592384 -1.178328 -0.222083 -0.266243 -0.151183 -0.132084 -0.543487 -0.331669 0.018371 
0.000000 -34.546296 -5.208597 -2.157820 -0.214522 -1.786206 -0.693791 -2.225118 -0.536292 -0.938595 0.260554 -0.648900 0.214988 21.027696 2.474496 -0.352308 -0.288020 -0.700341 -0.452507 -0.529332 -0.323086 -0.064024 -0.282431 -0.002627 0.233986 1.888682 -3.082093 0.593880 0.185883 -0.911716 -0.099824 0.377064 0.353402 0.280829 -0.204428 -0.141131 -0.249698 
0.000000 -24.882906 -5.505296 -1.802017 -0.148867 -1.676277 -0.923982 -2.215170 -0.595757 -0.915334 0.044609 -0.564050 0.177041 5.760168 -2.680976 1.765341 0.499432 -1.105999 -0.688748 0.057337 -0.130141 0.035836 -0.092353 -0.211750 -0.279493 -11.380044 -2.132450 0.321638 0.871714 0.368231 -0.008614 0.339242 0.307731 -0.030098 0.156180 0.006434 -0.437488 
0.000000 -23.025960 -10.570549 1.372861 0.784342 -3.998204 -2.071288 -2.110444 -0.796574 -0.866923 0.075849 -1.072400 -0.343997 -1.732392 -1.790403 0.290968 1.455409 0.036121 -0.469735 0.149153 0.292377 -0.124220 0.029930 0.010242 -0.640990 -6.595125 0.802353 -2.413945 -0.245309 1.246895 0.543246 -0.176808 0.275411 0.059682 0.010370 0.064728 0.103472 
0.000000 -28.347689 -9.086102 -1.220080 2.761951 -1.604035 -1.863453 -1.916864 -0.011003 -1.163774 0.104469 -0.543567 -1.104938 -7.430082 -1.076270 -3.062549 0.008813 1.387790 0.397744 -0.296279 0.420681 0.155201 -0.071613 -0.082294 -0.072550 -1.430888 -0.539173 -1.741232 -1.098640 0.034603 0.702082 0.085479 0.021916 0.444087 -0.104628 -0.004078 0.611622 
0.000000 -37.886125 -12.723089 -4.752238 0.801969 -1.222624 -1.275799 -2.703003 0.044787 -0.556522 -0.067378 -1.236988 -0.489097 -4.594168 -2.868749 -3.191496 -0.741871 0.105328 0.934429 0.320111 0.336209 0.763955 -0.179325 0.002086 0.582254 6.204646 1.003912 1.505603 0.178134 -1.222353 0.099329 0.363477 -0.194780 0.260545 -0.225739 0.155295 -0.010486 
0.000000 -37.536024 -14.823600 -7.603072 1.278209 -1.393379 0.005406 -1.276642 0.661415 0.364135 -0.254181 -0.539394 0.059570 4.979209 0.931554 -0.051343 0.365081 -1.056915 0.596403 0.430676 0.031121 0.676291 -0.523091 0.228297 -0.093521 5.001442 2.865768 2.298352 0.484849 -0.242884 -0.819357 -0.015938 -0.442756 -0.658467 0.101625 -0.091355 -0.438902 
0.000000 -27.927707 -10.859982 -4.854924 1.532130 -3.336455 -0.082994 -1.841651 0.107029 0.796059 -1.113560 -0.780394 -0.676138 5.408715 2.862787 1.405208 0.227826 -0.380439 -0.704284 0.288234 -0.549304 -0.552980 0.023925 -0.180623 -0.295550 -2.336164 -0.030666 -0.029497 -0.018918 1.001822 -0.469458 0.055563 -0.123756 -0.829521 0.300328 -0.121542 0.110060 
0.000000 -26.718593 -9.098026 -4.792657 1.733861 -2.154257 -1.403162 -0.700173 -0.437192 -0.741825 -0.206332 -0.900641 -0.531531 0.306881 0.870221 -0.110337 0.327244 0.946729 -0.342513 0.541802 -0.216391 -0.982752 0.077564 -0.014786 0.126600 -3.604150 -1.669145 -0.888748 -0.175875 0.402431 0.704119 0.083312 0.570182 0.435771 -0.271778 0.022276 0.299808 
0.000000 -27.313945 -9.119540 -5.075599 2.186618 -1.442996 -0.768020 -0.758047 -0.325754 -1.169445 -0.958432 -0.809966 -0.422938 -1.799584 -0.475504 -0.372288 -0.123923 0.424422 0.703953 0.454858 0.591061 0.318561 -0.519630 -0.136070 0.304066 -1.658460 -0.755386 0.178381 -0.506148 -0.529327 0.257545 -0.235119 0.078243 0.509824 -0.051454 -0.158868 -0.083775 
0.000000 -30.317761 -10.049034 -5.537233 1.486015 -1.305413 0.004744 0.209543 0.744930 -0.104703 -1.245593 -1.172782 0.076601 -3.010039 -0.640552 0.246425 -0.685052 -0.111925 0.172576 0.071564 -0.059905 0.036897 -0.025345 -0.332523 -0.040950 -0.824899 -0.789391 0.179071 -0.506976 -0.157497 -0.532719 -0.512637 -0.640055 -0.531049 0.232408 -0.046664 -0.238528 
0.000000 -33.334023 -10.400644 -4.582749 0.816515 -1.666847 -0.422867 -0.614919 -0.445565 -1.095651 -1.009121 -1.475012 -0.504838 -3.449382 -2.054285 -0.014146 -1.137875 0.109428 -0.361484 -0.570415 -0.689049 -0.743537 -0.054814 -0.229399 -0.172991 -0.061365 -0.747020 0.443355 0.370927 0.544814 0.111219 -0.285304 0.160326 -0.123366 0.028827 0.155903 -0.031035 
0.000000 -37.216524 -14.157605 -5.565524 -0.789735 -1.086557 -0.718224 -0.931287 -0.633167 -1.591777 -1.355221 -1.631579 -0.269380 -3.132769 -2.134592 1.133134 0.056803 0.977702 0.395015 -0.499043 0.260747 -0.209836 0.032310 -0.020717 -0.103020 1.171397 0.944138 1.066524 1.372070 0.058849 0.342380 -0.116663 0.111537 0.109449 -0.110927 0.068394 -0.060380 
0.000000 -39.599562 -14.669828 -2.316482 0.930120 0.288558 0.367163 -1.613005 0.075929 -1.515323 -0.944501 -1.516445 -0.710878 -1.106587 -0.166009 2.118903 1.606264 0.227126 0.323276 -0.803741 -0.465974 -0.524640 -0.276669 -0.092611 -0.293751 4.476071 2.734512 -0.674844 -0.028174 -1.551028 -0.831430 0.064382 -0.476880 -0.166981 -0.137992 0.031097 0.144521 
0.000000 -39.429698 -14.489622 -1.327718 2.422794 -0.632304 -0.071672 -2.538768 -1.565115 -2.641057 -1.908558 -1.816801 -0.856882 5.819374 3.334432 -0.216554 0.000454 -2.124354 -1.267844 -0.370280 -0.693012 -0.543797 -0.243674 0.041478 0.186023 6.253803 2.393282 -1.918505 -0.878917 -0.871063 -0.511170 0.603654 0.632856 0.705446 0.416281 0.272966 0.398743 
0.000000 -27.960814 -8.000963 -2.749590 0.931028 -3.960150 -2.168525 -2.353564 -1.310096 -2.602917 -1.431850 -1.433489 -0.338833 11.401020 4.620556 -1.718106 -0.151570 -1.514999 -0.699064 0.403568 0.799739 0.886252 0.555893 0.453322 0.503734 1.529827 0.416531 0.519941 -0.125526 1.744768 0.717380 0.267123 0.430160 0.758990 0.362723 0.157940 0.230968 
0.000000 -16.627658 -5.248510 -4.763931 2.119654 -3.662303 -1.469799 -1.731632 0.034362 -0.868553 -0.796772 -0.910158 0.150587 8.879028 4.167494 0.823328 -0.250598 1.365182 0.166917 0.163965 0.167308 0.974183 0.481772 0.357359 0.647959 -3.408485 -1.556932 1.947967 0.505622 1.797562 0.368784 -0.342267 -1.099346 -0.308130 -0.329262 -0.179126 -0.136829 
0.000000 -10.202759 0.334026 -1.102935 0.429832 -1.229786 -1.834691 -2.025633 -0.975480 -0.654551 -0.468305 -0.718771 0.957085 4.584051 1.506692 2.177827 0.859674 2.080124 0.038505 -0.280966 -1.398953 0.269992 -0.102630 0.095070 0.230076 -3.589868 -2.977708 -0.602108 1.454183 0.078744 0.481688 0.334259 -0.346780 -0.131625 -0.128367 -0.200281 -0.595846 
0.000000 -7.459557 -2.235125 -0.408278 3.839001 0.497946 -1.392788 -2.293564 -2.763544 -0.328570 -1.002032 -0.720018 0.610739 1.699291 -1.787921 -0.380889 2.657768 1.522669 1.130292 0.832484 -0.526252 0.710933 0.225039 -0.043204 -0.543733 -2.585838 -0.536866 -1.840940 -0.178834 -0.641046 0.519316 0.615069 1.391652 0.036321 0.453397 -0.291333 -0.126018 
0.000000 -6.804177 -3.241816 -1.864712 5.745368 1.815553 0.425893 -0.360665 -2.027985 0.767314 -0.018228 -0.805179 -0.130381 -0.587625 0.432961 -1.504053 0.502006 0.798032 1.077137 0.949172 1.384350 0.342634 0.804163 -0.487595 -0.021960 -0.968638 1.744557 0.039502 -1.841036 -1.262605 -0.404167 -0.175395 0.974824 -0.590388 -0.116495 -0.379628 0.598611 
0.000000 -8.634806 -1.369204 -3.416384 4.843013 2.094009 0.761485 -0.395219 0.005156 0.356697 0.606294 -1.695208 0.566819 -0.237986 1.701193 -0.301885 -1.024304 -1.002540 0.321957 0.481694 1.423395 -0.469844 -0.007951 -0.802459 0.653489 -0.359602 0.724019 1.615535 -0.658921 -1.197210 -0.633463 -0.354489 -0.066386 -0.084265 -0.609923 0.130641 0.144763 
170.653412 -7.280148 0.160571 -2.468482 3.696760 -0.189528 1.069808 0.602724 0.818806 -0.172374 -0.034129 -2.410097 1.176598 -1.306828 1.880999 1.727017 -0.815835 -1.596388 -0.189790 0.240195 1.251579 0.174103 -0.415683 -0.226312 0.267566 -0.873086 -0.292541 0.777475 0.390797 0.273960 -0.332954 -0.370236 -0.289321 0.454242 -0.043760 0.466796 -0.345406 
165.258011 -11.248463 2.392794 0.037649 3.211342 -1.098767 0.381905 0.085170 2.508313 0.704903 -0.225072 -2.147833 1.101951 -1.984157 1.116112 1.253065 -0.242709 -0.454620 -0.343951 -0.258777 0.844754 0.438639 -0.095471 0.131132 -0.037323 -0.338665 -0.382444 -0.236976 0.286563 0.570884 -0.077081 -0.249486 -0.203412 0.132268 0.160106 0.178722 -0.152445 
