116.705246 -47.858653 0.337853 -2.240452 -0.876438 -0.847622 0.734534 0.533000 0.829968 -0.303091 0.160553 -0.215473 0.293184 2.065816 2.757392 1.934853 1.016793 0.772097 0.141691 0.049330 -0.231244 -0.035489 -0.146433 -0.056925 -0.074019 2.852730 0.760190 1.216262 0.596336 -0.013208 -0.400463 -0.364040 -0.198862 0.176270 0.163903 0.230509 0.031881 
0.000000 -43.727022 5.852637 1.629254 1.157149 0.696573 1.017916 0.631660 0.367480 -0.374068 -0.132313 -0.329323 0.145146 7.771275 4.277772 4.367377 2.209466 0.745681 -0.659235 -0.678750 -0.628968 0.317050 0.181372 0.404093 -0.010258 0.009675 -1.250669 0.026261 -0.011959 -0.173368 -0.284729 -0.329241 -0.045042 0.016058 0.043328 0.124242 0.049281 
207.399597 -32.316103 8.893397 6.494302 3.542494 0.643740 -0.583936 -0.824500 -0.427969 0.331010 0.523298 0.592713 0.272669 2.085165 0.256055 1.987375 0.992876 0.425361 -0.427766 -0.609153 -0.321328 -0.003374 -0.059778 0.191558 0.024543 -7.860613 -4.000219 -3.573830 -1.368870 -0.291711 0.751722 0.597917 0.655431 -0.321626 -0.433045 -0.480543 0.045145 
241.795242 -39.556691 6.364748 5.604004 3.142900 1.547296 0.162383 -0.586645 -0.275175 -0.380815 -0.251868 0.053793 0.194231 -7.949950 -3.722665 -2.780283 -0.528273 0.162259 0.844209 0.517084 0.681894 -0.326202 -0.684717 -0.556993 0.080032 -2.997446 -1.243135 -1.970548 -0.576788 -0.339605 0.349640 0.407274 0.259193 0.039630 0.080138 -0.333290 -0.088514 
282.153625 -48.216003 1.448067 0.933736 2.485947 0.968257 1.104481 0.209667 0.935819 -0.321393 -0.846136 -0.521274 0.432734 -3.909727 -2.230214 -1.953721 -0.160700 -0.253850 0.271514 0.205394 0.197058 0.075887 0.100499 -0.475023 -0.152485 2.914387 0.622508 0.405905 -0.346803 -0.358453 -0.594812 -0.458251 -0.350957 0.207626 0.671176 0.411926 -0.127519 
273.601318 -47.376146 1.904320 1.696563 2.821499 1.039596 0.705410 -0.175857 0.118940 -0.229042 -0.050871 -0.896252 -0.110739 -2.121175 -2.477649 -1.968473 -1.221879 -0.554647 -0.345415 -0.399419 -0.020020 0.089050 0.657636 0.266858 -0.175007 1.033760 -0.055763 0.140528 -0.433957 -0.028803 -0.031203 0.134038 0.191649 0.077967 0.109449 0.566820 0.173386 
130.856369 -52.458353 -3.507232 -3.003211 0.042189 -0.141037 0.413651 -0.589171 0.895779 -0.143293 0.469135 0.012442 0.082720 -1.842207 -2.341739 -1.672664 -1.028615 -0.311455 0.209107 0.473470 0.580357 0.231821 0.319398 0.658617 0.194286 2.902102 3.078578 2.926320 1.773065 0.942648 0.220612 0.284917 -0.225069 -0.050847 -0.510452 -0.254461 0.114523 
255.897751 -51.060560 -2.779159 -1.648766 0.764270 0.416686 1.123625 0.771083 1.279653 0.234600 0.587925 0.420982 0.277834 3.683029 3.679507 3.884166 2.324250 1.330649 0.095809 0.170414 -0.470157 -0.012643 -0.363269 -0.242064 0.054039 3.866827 3.349377 2.898114 1.426834 0.669947 -0.186615 -0.461772 -0.629127 -0.312445 -0.425990 -0.534697 -0.098694 
273.095795 -45.092296 3.851782 4.765121 4.690690 2.520260 0.605268 -0.248343 -0.044535 -0.168579 -0.257403 -0.471685 0.190798 5.891448 4.357015 4.123564 1.825054 1.028439 -0.164122 -0.450075 -0.677897 -0.393069 -0.532582 -0.410777 -0.003101 -2.840629 -2.594831 -3.146479 -1.809091 -0.968876 0.195894 0.129267 0.574483 0.209131 0.324812 0.102231 -0.100157 
340.835602 -39.277664 5.934872 6.598363 4.414378 2.473563 0.795381 -0.129067 -0.076141 -0.551539 -0.477240 -0.400572 0.271632 -1.998230 -1.510156 -2.408793 -1.293933 -0.607104 0.487597 0.428948 0.678810 0.405619 0.286354 -0.037603 -0.146275 -6.425350 -4.500311 -4.308509 -1.782182 -1.183855 -0.016721 0.296660 0.676160 0.356923 0.270278 0.118339 0.117330 
149.293289 -49.088756 0.831471 -0.052464 2.102825 1.306053 1.580462 0.609552 1.313085 0.642660 0.315305 -0.546891 -0.101751 -6.959252 -4.643607 -4.493453 -1.739311 -1.339271 -0.197564 0.143245 0.674422 0.320776 0.007973 -0.174099 0.231559 1.606398 0.487057 1.468551 0.376133 0.168730 -0.480315 -0.262032 -0.558974 -0.297320 -0.192630 0.137236 0.162028 
0.000000 -53.196168 -3.352343 -2.388544 0.935756 -0.204979 0.400254 0.157423 1.272703 0.090013 -0.461294 -0.748770 0.734750 1.214566 -0.536041 0.528310 -0.541666 -0.269643 -0.473033 -0.095117 -0.439139 -0.189021 -0.098905 0.236868 0.177782 8.546052 4.792926 4.295120 1.339224 0.914670 -0.073362 -0.135801 -0.550089 0.009136 0.243355 0.320684 -0.329404 
118.521034 -46.659624 -0.240612 1.004156 1.019493 0.766767 0.634395 0.419318 0.434807 0.264618 0.117495 -0.073155 0.253813 10.132852 4.942244 4.096786 0.939137 0.490069 -0.344288 -0.128357 -0.425756 0.339047 0.494683 0.467270 -0.427248 0.527271 2.153826 1.043742 0.918341 0.131143 -0.102256 -0.242212 0.018270 0.008102 0.061784 -0.097666 -0.154890 
0.000000 -32.930464 6.532145 5.805029 2.814031 0.775160 -0.288322 -0.099290 0.421191 0.768107 0.528072 0.185770 -0.119747 2.269107 3.771611 2.615793 1.295017 -0.007357 -0.677546 -0.579542 -0.402598 -0.172818 0.024664 0.041536 -0.131997 -9.464058 -3.707823 -3.101326 -0.602590 -0.187527 0.238808 -0.020371 0.191530 -0.380442 -0.463310 -0.336357 0.325044 
92.336655 -42.121410 7.302610 6.235742 3.609526 0.752053 -0.720697 -0.739766 -0.370390 -0.081019 0.166822 0.009917 -0.010182 -8.795263 -2.473401 -2.105866 -0.266042 0.115015 0.133328 -0.169098 -0.042697 -0.421838 -0.431936 -0.205444 0.222840 -3.404876 -3.387324 -2.722960 -0.783111 0.346756 0.919021 0.748854 0.538487 0.110651 -0.007672 -0.010234 0.170487 
0.000000 -50.520990 1.585344 1.593298 2.281948 1.005189 -0.021665 -0.437485 0.335798 -0.075568 -0.335801 -0.225119 0.325934 -4.540644 -3.003036 -2.830126 -0.271206 0.686155 1.160496 0.918166 0.674376 0.048485 0.009320 0.021069 0.208977 3.873741 0.596873 0.630026 0.117010 0.068439 0.372228 0.368522 0.235165 0.367672 0.440604 0.191912 -0.052000 
85.678436 -51.202698 1.296537 0.575491 3.067115 2.124363 1.600294 1.096566 0.978362 0.015950 0.185463 0.052055 0.407772 -1.047780 -1.279656 -0.845814 -0.032022 0.251892 0.877785 0.567946 0.427634 0.313507 0.449272 0.178380 0.118840 3.614899 2.740580 2.517646 0.361228 -0.414050 -1.031094 -0.936556 -0.514093 -0.034277 -0.055107 0.024217 -0.250770 
360.766510 -52.616551 -0.973968 -0.098330 2.217904 1.508974 1.733905 0.698407 1.191066 0.551445 0.562742 0.131641 0.563613 2.689154 2.478124 2.205167 0.451251 -0.141945 -0.901693 -0.954947 -0.353809 -0.020069 -0.100894 0.069502 -0.292564 4.093642 2.857579 2.042251 0.243721 -0.325367 -1.066658 -0.459815 -0.507795 -0.260275 -0.345500 -0.025452 -0.142370 
113.523041 -45.824390 6.252785 4.985824 3.969616 1.840473 -0.203092 -0.813328 0.270744 -0.024187 -0.016325 0.191059 -0.177356 7.139503 4.435502 3.238689 0.455421 -0.398843 -1.255532 -0.351683 -0.587956 -0.207044 -0.241727 0.127477 -0.165900 -0.443562 -0.932052 -0.799638 -0.246717 -0.053708 0.589813 0.681268 0.027689 -0.061348 0.109376 0.045510 0.285966 
131.307495 -38.337544 7.897036 6.379048 3.128745 0.711289 -0.777158 -0.004960 0.015154 0.137357 0.079287 0.386594 0.231813 1.802031 0.614021 0.605890 -0.042184 -0.249361 0.277934 0.407589 -0.298430 -0.142764 0.117858 0.160522 0.279369 -5.922361 -3.069522 -1.892943 0.346089 0.732215 1.033901 0.155896 0.345418 0.100873 0.114237 -0.236372 0.000867 
0.000000 -42.220328 7.480826 6.197604 3.885249 1.341752 0.352777 0.001850 -0.326116 -0.309716 0.219391 0.512104 0.381383 -4.705218 -1.703543 -0.547197 1.147599 1.065587 0.812271 -0.039892 0.102880 -0.005298 -0.013253 -0.345267 -0.164166 -3.120320 -1.476386 -0.956157 0.364971 0.568868 0.128455 -0.274940 0.354202 0.234206 -0.044940 -0.281465 -0.216620 
0.000000 -47.747981 4.489951 5.284655 5.423943 2.842463 0.847384 -0.084745 0.220914 0.126762 0.052781 -0.303940 -0.096519 -4.438610 -2.338751 -1.306424 0.687759 0.888375 0.534843 -0.142291 0.409973 0.325648 0.027979 -0.402408 -0.153871 1.113154 0.158967 -0.032119 -0.903160 -0.543243 -0.235801 0.060542 0.139119 0.012597 0.071141 0.201774 0.181026 
0.000000 -51.097547 2.803324 3.584755 5.260767 3.118502 1.422463 -0.282731 0.493831 0.341580 0.275348 -0.292713 0.073641 -2.478911 -1.385610 -0.611435 -0.658721 -0.020899 0.340668 0.081193 0.381118 0.019897 0.129029 0.058282 0.197886 1.163811 -0.445231 -0.322174 -1.248528 -0.928862 -0.258374 0.415548 0.144318 -0.064022 -0.129893 0.218636 0.222508 
50.629372 -52.705803 1.718732 4.061785 4.106502 2.800665 1.528721 0.077641 0.983150 0.166556 0.310839 -0.187376 0.299253 -2.110987 -3.229213 -1.950772 -1.809298 -0.969348 0.018095 0.688806 0.698610 0.197603 -0.231808 0.034864 0.291145 0.814718 0.298011 -0.315956 0.327441 -0.123052 -0.222349 0.134159 -0.038605 -0.013058 -0.103072 -0.104172 -0.138327 
54.839462 -55.319521 -3.655103 -0.316789 1.642171 1.179806 1.458652 1.094881 1.891052 0.736787 -0.188267 -0.222985 0.655930 -0.849476 -0.789588 -1.243347 -0.003839 -0.267002 -0.104030 0.349511 0.303908 -0.006220 -0.077115 -0.150063 -0.078768 2.159629 3.001231 1.958202 1.751128 0.790591 -0.086870 -0.683845 -0.465572 -0.129632 0.203828 -0.027232 -0.357293 
113.371208 -54.404754 0.139556 1.575091 4.098823 2.266661 1.320661 0.776662 1.590967 0.154116 0.156609 -0.487502 0.141716 2.208270 2.773249 1.965632 1.692959 0.611834 -0.155645 -0.678884 -0.232533 -0.061660 0.175848 -0.019601 -0.423441 0.740204 -0.058658 0.254566 -0.271408 0.119003 0.117384 -0.325511 -0.154206 0.087068 0.069789 0.120592 0.144524 
0.000000 -50.902981 1.891396 3.614475 5.028089 2.403474 1.147363 -0.262887 1.425985 0.613467 0.163429 -0.262186 -0.190952 0.630933 -0.906904 -0.734216 -0.546656 -0.028997 0.130738 -0.301511 -0.004504 0.167916 0.062463 0.091121 0.210279 -1.776389 -2.396023 -1.966226 -1.394075 -0.757173 -0.072675 0.429486 0.063389 0.151152 -0.081971 -0.018276 0.285733 
72.356972 -53.142888 -1.674251 0.106660 3.005511 2.208668 1.582136 0.173641 1.581960 0.489949 0.281536 -0.305260 0.562275 -1.344508 -2.018797 -1.966820 -1.095191 -0.902512 -0.300995 0.180087 -0.105754 0.240644 0.011906 -0.056152 0.148025 0.162317 1.138762 1.030211 0.597895 0.002882 -0.143236 0.103799 -0.216147 -0.059965 -0.162911 -0.195016 -0.304954 
0.000000 -53.591997 -2.146199 -0.319166 2.837707 0.598449 0.545373 0.097287 1.214477 1.094754 0.187241 -0.374489 0.105098 0.955567 1.370621 1.326206 0.649135 -0.023233 -0.155734 -0.093914 -0.436798 0.047987 -0.263358 -0.298910 -0.399629 2.000546 2.460405 2.532007 1.153513 0.974515 0.256744 -0.157333 -0.324590 -0.426867 -0.065813 0.007241 -0.035972 
140.341187 -51.231755 1.066990 2.759073 4.303781 2.162201 1.270668 -0.014186 0.708363 0.585922 -0.245181 -0.903080 -0.236984 2.656584 2.902012 3.097193 1.211835 1.046517 0.212493 -0.134579 -0.754935 -0.613091 -0.119720 -0.041670 0.076081 -0.420893 -1.823537 -1.143828 -0.854713 -0.064618 -0.201093 0.084989 0.050934 -0.148849 0.181503 0.408796 0.380590 
0.000000 -48.278829 3.657826 5.875220 5.261378 2.691484 0.970358 -0.171870 -0.295393 -0.131429 -0.052199 -0.457829 0.257260 0.113781 -2.276454 -0.961449 -1.060291 -0.152469 -0.557919 0.076065 -0.334930 -0.249710 0.099647 0.518681 0.361550 -2.052234 -2.899587 -3.215423 -1.513456 -1.166437 -0.197747 0.054523 0.612523 0.405848 0.256746 0.193218 0.069468 
57.700680 -51.004192 -3.485918 0.836174 2.183199 1.857263 0.154830 0.137944 0.038503 0.086502 -0.045886 0.134283 0.486116 -1.447884 -2.897161 -3.333653 -1.815077 -1.286356 -0.183002 -0.025533 0.470110 0.198605 0.393771 0.344765 0.215018 0.321788 1.870207 0.199335 0.286326 -0.296816 0.460045 -0.062822 0.322649 0.197500 0.226100 -0.186016 -0.269292 
206.423828 -51.174597 -2.136497 -0.792086 1.631223 0.118772 0.604355 -0.222937 0.644828 0.265781 0.735343 0.231701 0.687297 0.757357 1.463960 -0.562780 -0.487639 -0.746102 0.362172 -0.049578 0.310367 0.145290 0.551847 0.146650 -0.177034 1.482936 2.099437 2.015413 0.718818 0.618953 0.081564 0.025809 -0.220584 -0.094951 -0.159381 -0.207646 -0.202928 
0.000000 -49.489479 -0.557998 -0.289386 1.207922 0.365060 0.879173 0.038788 0.659237 0.377081 1.057808 0.427583 0.132047 1.517988 1.301712 0.697173 -0.377440 -0.048451 -0.019874 0.026085 0.028943 0.008703 0.075010 -0.070527 -0.190837 2.506618 -0.044926 -0.227193 -0.337462 -0.585615 -0.332823 -0.125742 0.661710 0.208337 -0.657033 0.140242 -0.155266 
51.238819 -48.138622 0.466928 0.602260 0.876343 0.021871 0.564606 -0.170766 0.702714 0.283188 0.885362 0.090647 0.305623 5.770593 1.374108 -1.017166 -1.162563 -1.917332 -0.303474 -0.301062 1.633786 0.561964 -0.762219 0.427133 -0.487566 5.227140 0.277352 -0.614623 0.565085 -0.699294 0.048997 -0.432946 0.800632 0.036130 -0.574911 0.464931 -0.352059 
294.021149 -37.948292 2.190217 -2.323719 -1.117205 -3.469604 0.272224 -0.563336 3.926810 1.501009 -0.466629 1.281850 -0.843085 11.972268 1.856417 -0.532072 0.752730 -1.447039 0.078119 -0.839807 1.630208 0.080963 -1.074811 0.859336 -0.894955 0.977867 -0.246716 0.918684 1.965282 1.036945 0.588023 -0.127766 -0.668692 -0.584160 0.053182 -0.102308 0.224453 
382.958099 -24.194085 4.179761 -0.461884 2.381804 -2.872207 0.720844 -1.850380 3.963129 0.445114 -1.264261 1.809318 -1.484288 7.726328 0.880676 0.820202 2.768002 0.156558 0.872572 -0.556594 0.296402 -0.606357 -0.655854 0.222517 -0.038660 -5.409149 -1.361913 0.266651 0.328699 0.311179 0.439573 0.510459 -0.739694 -0.104184 0.471208 -0.708320 0.891988 
166.171173 -22.495636 3.951568 -0.683314 4.418799 -3.156488 2.017368 -1.676524 4.519615 0.288294 -1.778337 1.726884 -0.920406 1.153970 -0.867408 0.001230 1.410129 -0.824682 0.957265 0.181110 0.150819 -0.127404 -0.132396 -0.557304 0.889020 -4.020922 -0.904974 -0.025106 -1.540106 -0.352586 -0.030240 0.155096 -0.089834 0.056725 0.381032 -0.451192 0.490655 
163.893478 -21.886145 2.444945 -0.459425 5.202061 -4.521571 2.635373 -1.488160 4.264767 0.190307 -1.529053 0.694710 0.293753 -0.315516 -0.929272 0.769990 -0.312211 -0.548615 0.812092 -0.246401 0.116734 -0.492907 0.106210 -0.679866 0.942649 -1.729685 0.362238 0.652713 -1.346834 0.560432 -0.331466 -0.325877 0.177479 0.003346 -0.045914 0.128183 -0.338846 
162.548676 -23.126669 2.093025 0.856666 3.794377 -4.253717 3.641552 -2.169327 4.753083 -0.697520 -1.565916 0.367151 0.964892 -2.305399 -0.142933 1.306656 -1.283540 0.296182 0.294333 -0.470643 0.505778 -0.120713 -0.224225 -0.300938 0.211329 -3.769089 0.802808 -0.015697 -0.707312 0.628230 -0.613970 0.593364 -0.105286 0.607054 -0.017485 0.364390 -0.892294 
159.751373 -26.496943 2.159079 2.153888 2.634982 -3.929207 3.224038 -2.429446 5.276323 -0.051118 -1.977503 0.092833 0.716410 -7.853695 0.676345 0.738597 -1.726834 0.707845 -0.415848 0.940326 -0.093838 0.721201 0.071240 0.048914 -0.841939 -4.444089 -0.254201 -1.329608 0.157627 0.755825 -0.768869 0.903338 -1.423841 -0.041845 0.751336 0.044683 -0.171597 
152.271576 -38.834058 3.445714 2.333859 0.340709 -2.838026 2.809857 -0.288675 4.565407 0.744883 -1.423435 0.464978 -0.718985 -11.193576 -0.651335 -1.352559 -0.968285 1.807832 -1.243405 1.336033 -2.341904 -0.204403 1.278447 -0.211571 -0.131864 0.724883 -1.459570 -1.012366 0.956723 0.306909 -0.267148 -0.201381 -0.873154 -0.670550 0.464146 -0.197143 0.732045 
155.605026 -48.884096 0.856410 -0.551229 0.698411 -0.313543 0.737229 0.242619 0.592515 -0.459925 0.579392 -0.330309 0.452681 -6.403929 -2.242794 -1.286135 0.186612 1.321664 -0.950144 0.537564 -1.840146 -0.619899 0.999533 -0.345372 0.622151 5.307565 -0.281801 0.733582 0.578324 -0.601533 0.439767 -0.736941 1.323191 -0.149419 -0.718125 0.226423 0.042149 
0.000000 -51.641916 -1.039875 -0.238411 0.713933 -0.194699 0.909570 0.786453 0.885114 -0.494916 0.575631 -0.225766 0.525317 -0.578446 -1.214936 0.114605 0.188362 0.604766 -0.363870 -0.137850 0.304477 -0.503241 -0.157803 0.241275 -0.047567 4.527466 0.584508 0.788183 0.556733 -0.038701 0.172903 -0.463082 1.508163 -0.198894 -0.300012 0.322025 -0.302935 
246.981812 -50.040988 -1.573463 -0.322019 1.075136 0.895988 0.009488 -0.033080 1.201470 -1.466407 0.263785 0.152241 0.357546 2.651003 -1.073778 0.290232 1.300079 1.244261 -0.604338 -0.388601 1.176180 -1.017687 0.399510 0.298678 0.016281 4.382497 -1.735085 -0.219576 0.155609 -0.016765 -0.190645 0.208415 -0.120591 0.191450 0.173854 -0.110532 -0.053215 
0.000000 -46.339911 -3.187432 0.342053 3.314090 2.293824 -0.299106 0.009251 3.237475 -2.530291 1.374651 0.371590 0.557879 8.186548 -4.685106 -0.324546 0.499581 0.571235 -0.745161 0.278980 0.063295 -0.120342 0.189905 0.020211 -0.153996 3.113636 -0.724881 -0.060479 -0.708632 -0.542225 -0.189876 0.309923 -0.770498 0.736927 -0.264792 -0.195096 -0.372000 
291.593719 -33.667892 -10.943675 -0.971111 2.074298 2.038459 -1.480833 0.524880 1.328060 -1.707090 0.643594 0.192663 0.049554 8.878275 -2.523540 0.169273 -0.117185 0.159810 -0.984091 0.231245 -0.364816 0.456166 -0.130074 -0.091515 -0.727718 -2.183080 5.916217 0.341409 0.417324 -0.431613 -0.370794 0.107453 0.471220 0.004631 -0.242910 0.092456 0.089014 
0.000000 -28.583361 -8.234512 0.680599 3.079719 2.613444 -2.267288 0.471741 2.507842 -1.617958 1.114503 0.188561 -0.897557 3.820388 7.147328 0.358273 1.334230 -0.291990 -1.486749 0.493886 1.005735 -0.111079 -0.295916 0.205124 0.024032 -3.149601 3.880498 -0.908156 1.126584 -0.860213 1.155958 -0.554465 0.270564 -0.349631 -0.251663 0.463539 0.361177 
167.980286 -26.027116 3.350980 -0.254566 4.742758 1.454478 -4.454330 1.512652 3.339530 -1.929247 0.051762 0.602911 0.097618 2.579073 5.237456 -1.647040 2.135982 -1.560616 1.327826 -0.877685 0.176312 -0.243096 -0.633399 0.835564 -0.005365 -1.212260 -4.234277 -1.109355 0.353583 -0.563842 2.426522 -1.221099 -0.397325 -0.045782 0.024602 0.098458 -0.225820 
172.573318 -23.425216 2.240400 -2.613480 7.351683 -0.507788 0.388364 -1.283628 2.860465 -2.104151 -0.152295 1.859689 -0.908287 1.395869 -1.321227 -1.860438 2.041396 -1.419675 3.366295 -1.948311 0.211086 -0.202642 -0.246712 0.402040 -0.427609 -1.564320 -2.994411 0.807347 -0.814218 0.717917 -0.496954 0.298352 -0.056445 -0.024849 0.158310 -0.412865 0.065285 
173.235077 -23.235378 0.708525 -3.975442 8.825549 -1.384872 2.278259 -2.383971 3.761703 -2.334532 -0.441662 1.406991 -0.757600 -0.549567 -0.751366 -0.032345 0.507545 -0.124783 0.333919 -0.280981 0.063422 -0.292793 -0.316780 0.009834 0.125206 -2.501371 0.767651 1.961669 -1.622087 1.178783 -2.558527 1.359104 -0.192983 0.137948 -0.001707 0.110318 0.149268 
172.421310 -24.524349 0.737667 -2.678170 8.366773 -0.757354 1.056201 -1.845590 2.987309 -2.689737 -0.785854 1.879356 -0.657875 -3.606874 0.214074 2.062900 -1.202779 0.937891 -1.750759 0.769896 -0.174879 0.073255 -0.250126 0.622675 -0.129073 -2.042862 -2.572733 2.221737 -0.958630 0.406718 -0.673740 0.755592 -0.289396 0.444151 0.471184 -0.259837 -0.041380 
173.020569 -30.449126 1.136673 0.150359 6.419991 0.490909 -1.223259 -0.844178 3.411944 -2.188023 -0.941914 2.652341 -1.015746 -4.635291 -5.896832 4.411130 -1.409714 0.688654 -1.013562 1.230203 -0.515369 0.595508 0.625589 -0.509841 0.042445 0.976630 -5.725742 -0.919791 -0.249031 -1.154069 0.976253 -0.180324 -0.814333 0.322028 0.607222 -1.132465 0.104251 
171.343918 -33.794931 -11.055998 6.144091 5.547344 0.619954 -0.970924 0.614816 1.956570 -1.498721 0.465323 0.859675 -0.572986 -1.653614 -11.237410 0.223319 -1.700842 -1.370247 0.201748 0.409247 -1.803546 0.717311 0.964318 -1.642255 0.079429 2.904826 1.257894 -3.342980 0.036501 -0.915942 0.787617 -1.119593 -0.567436 0.146335 -0.139426 -0.268152 0.099234 
0.000000 -33.756354 -21.338148 0.596997 3.018306 -2.249586 -0.819764 -0.025684 -0.195148 -0.753401 0.986721 -0.632168 -0.856889 1.174361 -3.381043 -2.274830 -1.336713 -1.143230 0.561671 -1.008983 -1.650241 0.888178 0.346737 -1.046146 0.240912 2.096167 10.064807 0.742921 0.473952 0.012917 0.716448 0.473096 1.060387 -0.031790 -0.897879 0.694849 0.087116 
0.000000 -31.446210 -17.818085 1.594431 2.873918 -1.666507 0.152419 -1.403149 -1.343912 0.277636 1.158798 -1.232617 -0.091162 2.538719 8.892204 1.709161 -0.752939 -1.344413 1.634643 1.355439 0.317228 0.653731 -0.831440 -0.252556 0.253660 1.125203 6.851758 0.851998 1.372369 -0.702970 0.471940 0.880953 2.092118 -0.461586 -1.095391 0.912970 -0.196956 
0.000000 -28.678917 -3.553741 4.015318 1.512429 -4.938411 2.449523 2.685194 0.439307 0.554061 -0.676159 -1.137281 -0.349568 3.424766 10.322473 -0.570834 1.408026 -2.549171 1.505552 0.752923 2.533994 -0.034995 -1.844045 0.779795 -0.153001 0.208096 -2.614559 -2.271082 1.496190 0.457269 -0.712724 -1.513530 0.798499 -0.549693 -0.065181 0.738822 -0.254662 
180.157837 -24.596678 2.826862 0.452763 5.689970 -6.764849 3.163523 0.102698 3.724076 0.207647 -2.529292 0.326972 -0.397163 2.954910 3.663085 -2.833003 2.239442 -0.429874 0.209196 -1.671621 1.914226 -0.445655 -0.961802 1.225089 -0.255665 -1.195298 -5.930645 0.531415 -1.502828 2.420155 -1.760738 -0.047358 -1.238388 -0.275712 0.984445 -0.190339 -0.003393 
167.533035 -22.769096 3.772430 -1.650689 5.991312 -5.798159 2.867915 -0.658049 4.267759 -0.337249 -2.599764 1.312897 -0.860898 1.034170 -1.538817 0.491997 -1.597631 2.291139 -2.015925 0.658207 0.057218 -0.586419 0.124845 0.399117 -0.159788 -2.646852 -5.173722 2.730436 -1.906026 1.552470 -1.308671 1.487839 -1.204065 0.099537 0.986097 -0.862813 0.338739 
160.724075 -22.528338 -0.250772 1.436756 2.494707 -2.182571 -0.868327 1.419111 3.838513 -0.965191 -2.279601 1.125207 -0.716739 -2.338794 -6.684359 2.627869 -1.572609 2.675065 -2.408146 1.304057 -0.493905 -0.246580 1.010391 -0.500538 0.421814 -1.746671 -1.566971 0.296075 0.886662 -0.711934 0.737950 -0.196365 -0.168250 0.326905 0.362732 -0.402905 0.254761 
148.315765 -27.446683 -9.596289 3.605050 2.846094 -0.448028 -1.948376 1.950064 3.279949 -0.830410 -0.578982 0.311822 -0.017270 -2.459173 -4.672759 1.084147 0.175693 0.867271 -0.540025 0.265477 -0.279282 0.067391 0.850309 -0.406693 0.349734 -0.060189 1.005800 -0.771861 0.874151 -0.903897 0.934060 -0.519290 0.107312 0.156985 -0.080041 0.046923 -0.036040 
