146.018295 -19.008578 5.926948 -4.696371 -0.438809 -0.043015 -1.562900 -1.687406 -0.911643 0.909241 -1.525910 -0.359998 -0.584807 -4.371754 1.008721 -0.485781 -0.358736 0.066982 -0.495678 0.131908 0.783501 0.322301 0.321309 -0.012664 0.084986 -1.640657 -0.248639 -0.271724 -0.180355 0.132183 -0.311275 0.127579 -0.076963 -0.003020 0.073293 0.120785 -0.176705 
136.034851 -27.752086 7.944390 -5.667932 -1.156281 0.090949 -2.554255 -1.423590 0.655360 1.553843 -0.883293 -0.385327 -0.414834 -7.653068 0.511443 -1.029229 -0.719447 0.331349 -1.118227 0.387067 0.629576 0.316262 0.467895 0.228906 -0.268424 -1.434614 -1.072086 0.242592 0.143544 0.214435 -0.288368 0.163438 -0.618792 -0.117393 -0.200281 0.244017 -0.106698 
137.443970 -34.314714 6.949834 -6.754828 -1.877702 0.619683 -3.799354 -0.913273 0.347509 1.541765 -0.590119 0.097814 -1.121655 -7.240981 -1.135450 -0.000598 -0.071647 0.495851 -1.072413 0.458784 -0.454083 0.087515 -0.079254 0.475369 -0.128410 0.362022 -0.877876 1.047743 0.571482 0.036862 0.343193 -0.847129 0.018567 -0.228348 -0.161226 0.041313 0.366937 
138.429535 -42.234049 5.673490 -5.669128 -1.299576 1.082651 -4.699082 -0.506021 -0.252806 1.728874 -1.041801 0.565411 -0.671654 -6.929024 -1.244309 1.066257 0.423518 0.405072 -0.431840 -1.307191 0.666711 -0.140435 0.145443 0.311532 0.465450 4.585651 -3.918071 0.635241 1.141273 -0.734768 0.712142 -0.683786 0.411244 -0.324121 0.165198 -0.433431 0.559340 
134.231659 -48.172763 4.461216 -4.622315 -1.030666 1.429827 -4.663034 -3.527654 1.680930 1.260895 -0.299233 0.720879 -0.190755 1.930321 -8.971591 1.269884 2.210899 -0.973686 0.351871 -0.908788 0.368406 -0.560727 0.251142 -0.391493 0.990271 6.709865 -5.056970 -0.851065 0.953023 -0.288541 0.791007 1.268545 -0.469701 -0.098700 -0.022909 -0.348922 0.099344 
128.531921 -38.373407 -12.269692 -3.129359 3.122223 -0.864721 -3.995339 -2.323598 0.484006 0.607419 -0.539516 -0.217575 1.308888 6.490705 -11.358250 -0.635874 2.329564 -0.172010 1.150174 1.229898 -0.272691 -0.337835 0.099626 -0.386312 0.664138 -0.745827 3.314823 -1.024615 -0.895176 0.911416 0.129210 1.002619 -0.200886 0.102062 -0.114608 0.272192 -0.737204 
0.000000 -35.191352 -18.255284 -5.894063 3.628462 1.085807 -2.362686 -1.067858 1.135549 0.585224 -0.099981 -0.051745 1.137521 0.438667 -2.341945 -0.779346 0.420548 0.849147 0.610290 1.096450 -0.033367 -0.356604 0.021927 0.152891 -0.484136 -9.733483 8.471181 1.426935 -2.011814 -0.146309 -0.221497 -0.464811 -0.080893 -0.006265 -0.028866 0.117176 -0.593209 
0.000000 -37.496073 -16.953582 -4.688052 3.963319 0.833572 -2.774759 -0.130699 0.417272 -0.105789 -0.495661 0.088206 0.340615 -12.976261 5.584113 2.217996 -1.694064 -0.464629 0.707181 0.300277 -0.434477 -0.350366 0.041895 -0.151960 -0.522280 0.753783 6.310073 -0.191325 -0.359174 -1.176640 0.447288 -0.398810 -0.155728 -0.396637 0.087147 -0.005944 -0.174608 
0.000000 -61.143874 -7.087059 -1.458072 0.240334 0.156549 -0.948325 -0.467305 0.266595 -0.115508 -0.016192 -0.355666 0.092960 1.946233 10.278201 -1.161996 -0.297799 -1.504134 1.504866 0.298830 -0.344824 -1.149878 0.196220 0.141003 -0.833352 16.472645 -0.501928 -2.148691 1.649053 0.029192 -0.336859 0.150455 0.047350 -0.229258 -0.127630 0.331037 -0.148829 
0.000000 -33.603606 3.602820 -7.012044 3.367721 -2.174695 0.234974 0.466962 -0.272376 -2.405544 -0.103220 0.370212 -1.326089 19.969028 4.580257 -2.079386 1.604041 -0.406245 0.033463 0.601187 -0.339777 -0.808882 -0.213365 0.510114 -0.819939 1.828718 -5.572928 1.295161 0.092049 1.460470 -1.261178 0.195624 0.012159 0.874310 -0.025835 0.152951 0.472286 
116.073082 -21.205817 2.073455 -5.616844 3.448417 -0.655940 -0.881398 0.735070 -0.412959 -1.733272 -0.442922 0.664561 -1.546917 5.603669 -0.867654 1.428327 -0.113702 1.416807 -1.017490 0.690079 -0.320506 0.598743 0.144550 0.446904 0.111221 -12.280155 -2.258317 1.542663 -0.671228 0.774972 -0.084081 -0.043682 -0.149787 0.711778 0.309125 -0.241130 0.722346 
122.765518 -22.396268 1.867512 -4.155390 3.140317 0.658918 -1.800006 1.847120 -0.913387 -1.208059 0.185880 1.264021 -1.103647 -4.591281 0.063622 1.005939 0.261584 1.143699 -0.134698 0.513822 -0.639351 0.614673 0.404884 0.027853 0.624753 -5.285756 -1.071176 -0.570040 0.447788 0.206221 1.035447 -0.404862 -0.214925 -0.250364 0.052679 -0.391696 0.031950 
131.331497 -30.388380 2.200698 -3.604965 3.971586 1.631457 -1.150795 1.762714 -1.691661 -0.503925 0.366846 0.720267 -0.297411 -4.967843 -3.010006 0.288246 0.781874 1.829249 1.053404 -0.119645 -0.750356 0.098015 0.249908 -0.336488 0.175121 0.899898 -1.159840 -0.421410 0.045856 0.151798 0.351802 0.131476 0.410088 -0.537588 0.103822 0.098987 -0.377294 
147.824432 -32.331955 -4.152500 -3.578898 4.704065 4.317416 0.306801 1.607829 -2.414100 -1.012029 0.685697 0.591045 -0.753404 -2.791484 -2.256058 0.163120 0.353296 1.447295 0.568906 0.776774 0.180825 -0.460502 0.612527 0.225828 -0.129834 0.697752 2.165431 -0.544811 -0.084403 -1.001017 -0.784285 0.324410 1.140770 -0.354520 0.185001 0.335449 -0.221682 
158.152786 -35.971348 -2.311417 -3.278725 4.678177 4.526046 -0.012984 3.316263 -1.330011 -1.424929 1.591901 1.171924 -0.557079 -3.572340 1.320855 -0.801377 0.613069 -0.172785 -0.515166 0.529175 1.531184 -0.611025 0.619909 0.334410 -0.268242 -3.770470 0.492626 -0.737452 -0.665033 -1.408892 -0.696868 -0.908757 0.269173 0.264705 -0.445553 -0.227619 0.009962 
163.044083 -39.476635 -1.510789 -5.181651 5.930203 3.971847 -0.723531 2.666179 0.648268 -2.234079 1.925516 1.259864 -1.289888 -10.332423 -1.270807 -1.311784 -0.976771 -1.370490 -0.824830 -1.040740 0.719170 0.068909 -0.278579 -0.229409 -0.109909 5.019471 1.282591 -0.502021 -0.570393 -0.851929 0.583955 -0.816075 -0.724634 0.680006 -0.946279 -0.230044 0.221282 
0.000000 -56.636195 -4.853030 -5.902293 2.724635 1.785067 -1.662644 1.234783 0.108329 -1.287111 1.034743 0.713106 -0.776897 6.466601 3.886038 -1.805419 -0.527717 -1.876643 0.652744 -1.102975 0.081916 0.748986 -1.272649 -0.125678 0.174322 14.309641 3.491711 0.356324 1.170334 0.015762 1.230240 0.203387 -0.105307 0.018424 -0.388459 0.137373 0.011375 
0.000000 -26.543434 6.261286 -8.792489 4.874768 0.218561 0.581958 0.460229 0.812100 -0.736107 -0.619783 1.008509 -0.941245 18.286859 5.712615 -0.599136 1.363896 -1.338966 1.635650 -0.633965 0.508555 0.105757 -1.055498 0.045336 -0.087159 -0.784326 -1.978972 1.490204 0.191801 0.091839 -0.157824 0.190806 -0.044432 -0.608534 0.374036 0.020154 0.024307 
130.379730 -20.062478 6.572199 -7.100566 5.452428 -0.892865 1.608655 -0.033148 1.125440 -1.075597 -1.076253 0.803778 -0.951214 4.897949 -0.071907 1.174990 -0.144114 -1.692965 0.337097 -0.721363 -0.006949 -0.468083 -0.524578 -0.085369 0.222935 -8.304825 -3.366269 0.644339 -1.272014 -0.272225 -0.864702 -0.463306 -0.369197 -0.226449 0.395904 -0.077254 0.044793 
127.529770 -16.747536 6.117472 -6.442510 4.586540 -3.167369 1.256151 -0.982498 0.798202 -1.672273 -1.668940 0.837770 -0.495375 1.677208 -1.019923 0.689541 -1.180132 -1.883415 -0.093754 -1.560578 -0.229839 -0.347142 -0.263690 -0.109172 0.002427 -4.238074 -0.851356 -0.032123 -0.533462 0.608210 -0.346689 -0.151753 0.089290 0.550136 0.486451 -0.041724 -0.014462 
124.673553 -16.708062 4.532354 -5.721485 3.092163 -4.659694 1.421148 -3.154303 0.665762 -1.769881 -1.603633 0.585435 -0.946359 -3.578199 -1.774619 1.110744 -1.211038 -0.476546 -0.356282 -1.024870 0.171632 0.632190 0.448324 -0.168816 0.194010 -3.362371 -0.827527 -0.402864 0.247478 1.116548 -0.391341 0.728704 0.227192 0.603590 0.401926 -0.087344 0.430093 
123.472641 -23.903934 2.568235 -4.221023 2.164464 -4.120461 0.543587 -3.032237 1.141466 -0.407894 -0.772292 0.500138 -0.107355 -5.047534 -2.674976 -0.116188 -0.685176 0.349681 -0.876436 -0.103170 0.224545 0.860038 0.540162 -0.283859 0.862613 1.928264 0.500362 -0.270251 0.714479 0.019265 -0.340118 0.359630 -0.116722 -0.234393 -0.411640 -0.096239 0.081145 
120.763077 -26.803130 -0.817598 -5.953860 1.721811 -3.960333 -0.331723 -3.360642 1.114852 -0.049805 -0.523310 0.017718 0.778866 0.278330 -0.773895 0.570242 0.217919 -0.438016 -1.036517 -0.305610 -0.061813 0.163404 -0.374957 -0.361295 0.356301 4.790713 2.089719 1.099009 0.845766 -0.551491 0.120507 0.084339 -0.233254 -0.381705 -0.501582 0.002542 -0.632905 
127.657829 -23.347274 1.020445 -3.080540 2.600303 -4.996492 -1.529447 -3.643458 1.017840 -0.081086 -1.522205 -0.222453 0.605247 4.533893 1.504462 2.081831 1.006356 -0.753302 -0.635423 0.065508 -0.241964 0.096628 -0.463002 -0.278775 -0.403197 1.319480 0.621270 0.206656 0.100140 0.273813 0.514317 0.555152 -0.093444 0.003873 0.202008 0.083001 -0.253836 
124.665268 -17.735343 2.191326 -1.790199 3.734523 -5.466937 -1.602568 -3.229627 0.630924 0.143451 -1.449315 -0.539832 -0.027528 2.917290 0.468645 0.983554 0.418198 0.109611 -0.007882 0.804693 -0.248700 0.171150 0.029059 -0.195293 -0.151371 -4.799851 -0.297992 -0.579614 -0.187272 0.623763 0.509268 0.508930 0.269502 -0.036732 0.418051 0.135228 0.307455 
115.391632 -17.512693 1.957735 -1.113432 3.436700 -4.777271 -1.545212 -2.034071 0.520439 0.261214 -1.464088 -0.613039 0.302504 -5.065809 0.908479 0.922603 0.631812 0.494225 0.383114 1.083368 0.297040 0.023164 0.373100 -0.008319 0.211712 -2.428262 0.179746 -0.518059 0.142934 -0.333382 -0.019147 -0.301540 0.245613 -0.119003 -0.156455 0.120530 0.142399 
109.531860 -27.866960 4.008284 0.055007 4.998147 -4.478487 -0.836341 -1.062890 1.225005 0.189778 -0.703116 -0.556470 0.395897 -1.939234 0.828137 -0.052564 0.704067 -0.557153 -0.046176 0.201614 0.242525 -0.066856 -0.283852 0.045766 0.133426 5.305660 -0.810164 -1.371046 -1.198132 -0.732045 -0.287256 -0.824061 -0.378077 -0.116575 -0.516651 0.102458 -0.035852 
297.434082 -21.391161 3.614009 -1.218560 4.844833 -5.891577 -1.637563 -1.630842 1.005489 0.127501 -2.031792 -0.521507 0.569356 5.545511 -0.711848 -1.819489 -1.764452 -0.969864 -0.191398 -0.564755 -0.459114 -0.209986 -0.660203 0.196598 0.140009 2.649663 -1.224512 -0.588353 -1.586068 0.337669 0.257176 -0.156919 -0.473963 -0.126769 0.174744 0.111240 -0.070493 
111.354286 -16.775938 2.584587 -3.583972 1.469243 -6.418215 -1.219137 -2.192399 0.306776 -0.230194 -2.023522 -0.163275 0.675915 3.360092 -1.620887 -1.229270 -2.468070 0.118184 0.468177 -0.112223 -0.705401 -0.320394 0.065636 0.268247 -0.007560 -4.931443 0.105968 1.142225 -0.021564 0.831922 0.020891 0.369337 0.203274 0.003691 0.342088 0.038460 -0.099064 
107.464211 -14.670978 0.372236 -3.677100 -0.091307 -5.655209 -0.701209 -1.855288 -0.405313 -0.513287 -1.900521 0.014987 0.554236 -4.317374 -0.499912 0.464961 -1.807580 0.693980 -0.149615 0.173920 -0.052566 -0.202604 0.023973 0.273517 -0.058118 -5.944621 0.663257 0.895362 0.859767 0.355920 0.008655 -0.077198 0.593461 0.214135 0.014466 0.025645 0.162840 
53.287144 -25.410686 1.584764 -2.654050 -2.145918 -5.030255 -1.518367 -1.844559 0.201645 -0.635403 -1.975575 0.383759 0.559678 -8.529149 -0.294374 0.561454 -0.748537 0.830025 0.485486 -0.266618 0.481520 0.107876 0.094567 0.319536 0.318119 -0.930085 -0.589418 -0.130728 0.639224 -0.365499 0.790304 -0.082438 -0.210288 0.223714 0.187506 -0.077123 0.334322 
129.713776 -31.729277 -0.216512 -2.554193 -1.588381 -3.995159 0.269763 -2.388524 0.557727 -0.297534 -1.711387 0.654060 1.190474 -6.177543 -1.678747 0.203505 -0.529132 -0.037018 1.430994 0.009045 -0.473141 0.244824 0.398985 0.119271 0.610526 0.342173 -0.010846 0.338963 -0.313023 -1.855607 0.163626 0.249338 -1.210368 -0.281045 0.252906 -0.096235 -0.171978 
0.000000 -37.765772 -1.772730 -2.247040 -3.204182 -5.104291 1.343621 -1.826469 -0.744638 -0.145755 -1.177605 0.622301 1.780731 -7.844803 -0.316065 1.239380 -1.374582 -2.881190 0.812738 0.232057 -1.939216 -0.454213 0.600379 0.127066 -0.025838 -1.393320 0.627483 1.031000 0.644233 -0.942265 -0.776662 -0.034450 -0.087123 -0.397448 0.200259 0.061783 -0.525949 
314.438934 -47.418883 -0.848642 -0.075434 -4.337545 -9.757538 1.895239 -1.924409 -3.320704 -1.205960 -0.510628 0.908191 1.138798 -8.964183 -0.423781 2.265504 0.759334 -1.921547 -0.122330 -0.059856 -0.647388 -0.550072 0.799503 0.242836 -0.441372 9.698863 0.572028 -0.292421 2.233171 2.456885 -0.922466 0.429600 1.552632 0.757504 -0.713049 -0.568779 -0.341608 
0.000000 -55.694138 -2.620293 2.283968 -1.685513 -8.947385 1.098960 -1.946181 -2.039414 -1.245899 0.421401 1.107973 0.897988 11.552923 0.827990 0.654537 3.091760 2.032580 -1.032194 1.091258 1.166049 1.060795 -0.825720 -1.010492 -0.709053 13.591479 1.149489 -1.536354 0.420849 1.833242 -0.244901 0.460570 0.593196 0.769648 -0.968179 -0.597867 -0.004193 
0.000000 -24.313037 0.807339 1.233640 1.845975 -5.692379 -0.169149 0.258107 -0.988605 0.915629 -2.162067 -1.112793 -0.279308 18.218774 1.875197 -0.807204 1.601031 1.744938 -0.612131 0.861285 0.539003 0.989225 -1.136855 -0.952899 -0.449757 -4.651997 -0.339480 -0.630792 -1.795254 -0.657350 0.250165 -0.728340 -0.378012 -0.646716 0.359783 0.724986 0.483209 
121.720871 -19.256589 1.130102 0.669560 1.516549 -5.457510 -0.125303 -0.223611 -0.961408 0.732550 -1.852309 -0.797825 -0.001526 2.248929 0.149030 -0.607047 -0.498749 0.717879 -0.531864 -0.365422 0.410026 -0.232638 -0.106153 0.439481 0.257364 -8.811213 -1.073529 -0.004099 -0.962476 -0.727715 0.204227 -0.451020 -0.033501 -0.505258 0.399170 0.579960 0.376617 
117.738548 -19.815178 1.105398 0.019546 0.848477 -4.256622 -1.232877 -0.472737 -0.168552 0.450354 -2.374374 -0.233832 0.235420 0.596349 -0.271861 -0.815403 -0.323921 0.289507 -0.203677 -0.040755 0.472000 -0.021291 -0.338515 0.207022 0.303477 -0.685983 -0.134128 -0.142087 0.163679 -0.327395 0.427330 0.179662 -0.271497 0.178547 0.108323 -0.094889 -0.069069 
117.882591 -18.063891 0.586381 -0.961246 0.868707 -4.878495 -0.532656 -0.305120 -0.017407 0.689968 -2.529340 -0.383782 0.605428 0.876964 -0.119227 -0.891221 -0.171391 0.063089 0.322797 -0.006098 -0.132968 0.124457 0.110492 0.249703 0.119226 -0.168625 -0.032101 0.068219 -0.219704 0.456294 -0.267195 -0.174620 -0.306676 -0.123236 0.259911 -0.017052 -0.122156 
114.500397 -18.061250 0.866945 -1.762897 0.505696 -4.130443 -0.587283 -0.484933 -0.434489 0.699267 -2.153390 0.265573 0.473871 0.259099 -0.336062 -0.678964 -0.763329 1.202096 -0.738066 -0.389995 -0.141352 -0.267762 0.181307 0.172917 0.059165 -0.532330 -0.292033 0.288321 -0.198234 0.517106 -0.326786 -0.475430 0.034299 -0.248138 -0.099793 -0.164214 -0.184524 
112.586021 -17.545692 -0.085744 -2.319174 -0.657951 -2.474303 -2.008788 -1.085111 -0.300111 0.154443 -2.166726 -0.037947 0.723759 -0.187697 -0.703292 -0.314580 -0.567859 1.097301 -0.330776 -0.956957 -0.064370 -0.371819 -0.089094 -0.078725 -0.249822 -1.762571 0.067120 0.643048 0.563809 -0.086094 1.028589 -0.229392 -0.191676 0.186737 0.009882 0.067857 -0.174306 
111.953430 -18.436644 -0.539639 -2.392058 -0.630022 -1.935842 -1.248834 -2.398848 -0.563229 -0.044372 -2.331577 0.108124 -0.025773 -3.266043 -0.201822 0.607132 0.364289 1.029907 1.319113 -0.848779 -0.524705 0.105712 0.201071 0.308632 -0.289448 -2.567511 -1.647400 1.716396 0.372962 -0.071084 0.727681 0.811021 -0.331586 0.067422 0.324732 -0.020161 0.266647 
113.290039 -24.077778 -0.489387 -1.104909 0.070626 -0.414488 0.629438 -2.782668 -1.349521 0.365867 -1.764583 0.579316 0.144864 -5.322719 -3.998091 3.118211 0.178065 0.955132 1.124586 0.665086 -0.727542 -0.236975 0.560370 -0.119047 0.283472 0.220034 -3.571353 0.514345 -0.107810 -0.925333 -0.709472 0.832194 0.311089 0.054300 0.345539 -0.149757 0.170674 
112.060120 -29.082082 -8.535821 3.844364 -0.273893 -0.025578 1.000338 -1.068676 -2.018313 -0.518321 -1.210837 -0.129970 0.541171 -2.825975 -7.344528 1.635822 0.148669 -0.820758 -0.099831 0.815609 0.097474 0.214312 0.892150 0.009118 0.051901 4.048843 2.645486 -2.133531 0.322700 -0.063165 -0.490526 -0.448053 0.492994 0.387781 -0.183909 0.372902 -0.440241 
0.000000 -29.729727 -15.178444 2.166735 0.367965 -2.056005 0.429776 -1.151449 -1.154573 0.794490 0.019716 0.597552 0.248666 2.774966 1.292881 -1.148852 0.823466 0.828801 0.143534 -0.231020 0.258445 0.538586 0.192551 0.626757 -0.597010 4.291613 7.230887 -1.203671 -0.056068 1.108223 0.335939 -0.488915 -0.370233 -0.036802 -0.879981 0.147563 -0.483478 
0.000000 -23.532150 -5.950058 1.546661 1.373038 1.632025 1.287407 -1.530717 -1.501423 0.558851 -0.825734 1.123544 -0.652850 5.757252 7.117245 -0.771520 0.036534 1.395687 0.572047 -0.162220 -0.642993 0.140707 -0.867813 0.304245 -0.915054 -0.462793 0.861794 0.464140 -0.745021 -0.890354 0.063317 0.045877 -0.200580 -0.079945 -0.492103 -0.204393 0.149560 
143.960342 -18.215223 -0.943954 0.623694 0.441032 0.735370 1.573870 -1.475890 -2.440558 1.075904 -1.715910 1.206042 -1.581443 1.849379 3.016470 -0.220573 -0.666577 -0.951907 0.270168 -0.139266 -0.142714 0.378697 -0.791654 0.217972 -0.297891 -5.273955 -3.242577 0.854506 -0.283270 -0.440351 -0.432956 0.134321 0.762594 0.046761 0.127605 -0.030584 0.639434 
144.586655 -19.833392 0.082882 1.105515 0.039885 -0.271789 1.827742 -1.809250 -1.786851 1.316245 -2.409042 1.559489 -1.248633 -4.790659 0.632091 0.937492 -0.530007 0.514986 -0.293864 0.106422 0.882196 0.234230 -0.612603 0.243077 0.363814 -2.828482 -1.914281 0.298479 -0.084514 0.585857 -0.353780 0.175757 0.356600 -0.090632 0.034184 0.087586 0.457815 
147.496841 -27.796541 0.320228 2.498678 -0.618981 1.765342 0.986142 -1.263046 -0.676166 1.544364 -2.941116 1.692197 -0.853815 -3.807584 -0.812092 0.376385 -0.835605 0.219807 -0.437392 0.212247 0.570487 0.197433 -0.723285 0.393145 0.617739 4.141901 -0.373926 -0.941575 0.350479 -1.143069 0.283740 -0.151998 -0.680138 -0.379265 0.217114 -0.266338 -0.024573 
148.919662 -27.448559 -1.541302 1.858286 -1.631325 0.167825 0.952958 -1.384756 -0.645877 1.711110 -3.855613 2.345778 -0.013155 3.493144 -0.115761 -0.945658 0.170952 -1.771152 0.273616 -0.197575 -0.478080 -0.524301 -0.178375 -0.289598 0.314668 4.373059 0.775753 -0.630292 0.639002 -0.066943 0.109290 -0.137792 -0.535093 -0.621627 0.630526 -0.470045 -0.297067 
147.093475 -20.810253 0.088705 0.607362 -0.277078 -1.776963 1.533374 -1.658195 -1.632326 0.495763 -3.297866 1.113001 -0.224479 4.938534 0.739414 -0.884198 0.442399 0.085921 -0.218813 -0.063336 -0.499698 -1.045822 0.537767 -0.546945 0.023604 -0.717933 -0.096231 -0.108403 -0.221960 1.777016 -0.531275 0.279895 0.330137 0.113640 0.228124 0.043570 -0.097553 
145.377304 -17.571491 -0.062474 0.089890 -0.746526 0.339666 0.515332 -1.511428 -1.645274 -0.380535 -2.780080 1.251889 0.034053 2.057277 -0.308224 -1.162463 -0.272969 1.782880 -0.788934 0.362216 0.182194 -0.297021 0.277873 -0.202458 0.119561 -2.253364 -0.622783 0.052350 -0.215563 0.213819 -0.076233 0.215961 0.497927 0.763914 -0.087123 0.261916 0.010142 
146.057861 -16.695699 -0.527743 -1.717563 -0.823016 1.788797 -0.044493 -0.933764 -1.267938 -0.098279 -2.742121 0.708084 0.014643 0.431806 -0.506152 -0.779497 0.011274 0.513560 -0.371279 0.368586 0.496156 0.482005 0.363520 -0.023112 0.043889 -3.897042 0.435078 0.948742 0.586025 -1.065029 0.695796 -0.095610 0.275102 0.290419 0.063467 0.264578 -0.226050 
144.346603 -16.707879 -1.074778 -1.469104 -0.723978 1.366785 -0.227226 -0.774256 -0.652962 0.583475 -2.053039 1.205665 0.121831 -5.736807 0.561932 0.735021 0.899080 -0.347178 0.602657 0.170996 0.732397 0.283818 0.404807 0.326698 -0.332539 -4.943547 -0.869297 0.851363 1.391837 -0.746977 0.318372 0.425607 -0.456724 -0.559319 0.362236 -0.414311 -0.219015 
141.878326 -28.169313 0.596121 -0.247521 0.975145 1.094441 1.160822 -0.591772 0.196857 0.469356 -1.932506 1.361481 -0.650434 -9.455288 -2.244745 0.923230 2.794947 -0.980394 0.265465 1.219800 -0.417293 -0.636632 1.087993 -0.851734 -0.394142 3.129076 -3.792546 -0.667847 0.478335 -0.210620 -0.673506 0.430021 -0.454258 0.070157 0.317860 -0.700851 0.353694 
139.461014 -35.618456 -5.564268 0.377356 4.865916 -0.594003 0.303703 1.665345 -1.487549 -0.689789 0.122947 -0.497803 -0.666452 0.521346 -7.023160 -0.600672 1.855751 -0.768418 -0.744355 1.031038 -0.176119 0.424132 1.040528 -1.075005 0.374849 7.303711 1.140649 -0.897016 -2.030308 0.375603 -0.284550 -0.493514 0.950056 0.760128 -0.738986 0.429641 0.493279 
0.000000 -27.126621 -13.450199 -1.448865 4.686646 -0.442394 -0.327887 1.470304 -0.155382 1.317620 0.148549 -0.788529 0.099264 5.152134 0.036553 -0.870803 -1.265670 -0.229188 -0.303635 0.232772 1.482820 0.883624 -0.389979 0.007548 0.592417 -0.265720 6.324716 0.191386 -1.310038 0.098224 0.171812 -0.518958 0.493503 -0.442722 -0.677188 0.625902 0.022904 
0.000000 -25.314187 -5.491162 -1.364250 2.334577 -1.052379 -0.303567 2.130889 1.478091 1.077460 -0.657012 -0.482708 0.518382 -0.010094 5.626271 -0.217899 -0.764325 -0.571969 -0.400731 -0.006877 0.810887 -0.461312 -0.313849 0.176799 0.420658 -3.144702 -0.982584 0.826271 1.209555 -0.104887 0.060877 -0.148726 -0.904693 -0.509546 0.218083 0.050943 -0.218324 
115.784088 -27.146808 -2.197657 -1.884664 3.157997 -1.586333 -1.129350 1.456550 1.466391 0.394997 -0.479148 -0.434930 0.940580 -1.137269 -1.928616 0.781740 1.153440 -0.438961 -0.181880 -0.064679 -0.326567 -0.135467 0.046187 0.109434 0.155769 -0.599398 -6.896475 0.889458 1.322004 0.373203 0.420295 0.086460 -1.048309 0.345139 0.151170 -0.106041 -0.530728 
0.000000 -27.588724 -9.348394 0.199229 4.641458 -1.930302 -0.667328 2.001531 0.824957 0.806526 -0.564637 -0.263839 0.829920 -1.208891 -8.166678 1.561017 1.879684 0.174437 0.439859 0.166043 -1.285732 0.228967 -0.011509 -0.035282 -0.640797 0.074668 -1.331347 -0.131335 -0.007744 0.392692 0.195364 -0.020884 -0.319224 0.079335 -0.007476 -0.115131 -0.370618 
0.000000 -29.564590 -18.531013 1.237370 6.917364 -1.237458 -0.249633 1.788636 -1.105073 0.852931 -0.502167 -0.505495 -0.341015 -0.987933 -4.591310 0.519070 1.137953 0.346422 0.208848 -0.106447 -0.965015 0.023203 0.031235 -0.120828 -0.585468 0.110479 1.787684 -0.520973 -0.370865 0.085992 -0.115505 -0.136245 0.160358 -0.102882 0.021372 -0.042773 0.027665 
