211.062302 -67.987402 -5.114815 1.049942 0.304061 -0.121400 -0.350476 -0.768423 -0.735553 -0.472694 -0.642205 -0.738918 -0.224015 9.630568 8.588558 3.339993 -0.243947 -1.151053 -0.652006 0.196581 0.141336 -0.362290 -0.566619 -0.468965 -0.138451 1.368820 -0.106975 -0.399561 0.664572 -0.906439 -0.414512 0.657992 -0.401145 0.191176 0.609233 -0.223379 0.047105 
0.000000 -48.726266 12.062301 7.729928 -0.183834 -2.423507 -1.654489 -0.375261 -0.452881 -1.197274 -1.775443 -1.676849 -0.500918 12.368208 8.374608 2.540871 1.085197 -2.963932 -1.481030 1.512564 -0.660954 0.020062 0.651847 -0.915724 -0.044241 -4.152725 -4.532981 -2.429344 1.123199 -0.463800 -0.055377 0.581618 -0.746502 0.528125 0.975058 0.011849 0.054073 
0.000000 -43.250986 11.634401 6.131684 2.474454 -6.049265 -3.312535 2.256705 -2.057462 -0.432570 0.661489 -2.570366 -0.312498 1.325118 -0.477405 -1.518695 2.002451 -2.078654 -0.762760 1.359817 -1.351669 0.693960 1.383497 -0.445267 -0.030306 -8.512868 -4.826728 -1.315712 -0.260668 1.711733 0.805356 -0.973622 0.060453 0.059313 -0.295384 0.567928 -0.007209 
104.800293 -46.076030 11.107492 4.692538 3.821068 -6.580815 -3.180008 2.344374 -3.156218 0.190647 0.991552 -2.567383 -0.561529 -4.657528 -1.278847 -0.090553 0.563860 0.459534 0.129683 -0.434680 -0.540048 0.138687 0.061080 0.220132 -0.058659 -1.901818 0.590901 1.594300 -1.516759 1.859658 0.312551 -1.538440 1.377901 -0.240484 -0.909995 0.676951 -0.084835 
0.000000 -52.566041 9.076706 5.950578 3.602174 -5.130196 -3.053169 1.387345 -3.137557 -0.155196 0.783649 -2.130101 -0.429816 -2.478519 0.704397 1.669905 -1.031066 1.640662 -0.137658 -1.717063 1.404133 0.212993 -0.436492 0.908635 -0.199976 1.134459 1.475019 0.343161 -1.395423 0.270847 -0.222513 -0.455833 1.018888 0.059674 -0.369044 0.232828 -0.041949 
0.000000 -51.033067 12.516285 8.032349 1.758935 -3.299492 -3.455325 -1.089752 -0.347951 0.616634 0.118568 -0.750113 -0.961482 -2.388610 1.671191 0.595770 -2.226986 1.001228 -0.315344 -1.346346 1.497728 0.258035 -0.677009 0.685788 -0.142557 -1.123614 -2.096487 -1.598352 -0.218424 -0.729506 0.267215 0.900951 -0.637386 -0.121010 0.129910 -0.313293 0.199901 
0.000000 -57.343262 12.419087 7.142117 -0.851797 -3.127740 -3.683857 -1.305347 -0.142101 0.360873 -0.570368 -0.758525 -0.714930 -4.725746 -3.488576 -1.526799 -1.467915 0.181650 0.396771 0.084839 0.129360 -0.029026 -0.176672 0.282049 0.199826 3.690070 -0.861345 -0.562475 1.238386 0.015521 0.538887 0.626484 -0.622321 -0.112953 0.267276 -0.245097 0.219989 
0.000000 -60.484559 5.539133 4.978751 -1.176895 -2.936192 -2.661782 -0.920073 -0.089231 0.558582 -0.234776 -0.186015 -0.561829 4.991531 -0.051500 -0.529180 0.249786 1.032270 0.762430 -0.093377 0.253086 0.032128 -0.142456 0.195594 0.297422 6.703625 3.499663 0.728229 1.119928 0.352331 -0.017578 -0.255954 -0.009838 0.272572 0.052032 -0.171790 0.062691 
0.000000 -47.360201 12.316087 6.083758 -0.352226 -1.063200 -2.158996 -1.492100 0.364072 0.425130 -0.855280 -0.367337 -0.120086 8.681504 3.510750 -0.070341 0.771942 0.886312 0.361614 -0.427068 0.109685 0.516118 -0.072609 -0.061532 0.325208 -3.193996 -0.669662 -0.128164 -0.269887 -0.322219 -0.073951 0.294794 -0.206460 0.020697 0.184660 -0.034734 -0.253281 
114.541374 -43.121550 12.560633 4.838070 0.366989 -1.163568 -1.938553 -1.774210 0.130140 1.590818 -0.379994 -0.309078 0.088587 -1.396461 -1.390823 -0.785508 -0.289989 0.387832 0.614528 0.496211 -0.159834 0.073522 0.226864 0.126126 -0.209141 -4.484916 -2.071795 -1.200979 -0.456632 0.016648 0.347602 0.902423 -0.199843 -0.641842 -0.092986 -0.367357 -0.224716 
113.084290 -50.153122 9.534441 4.512741 -0.932204 -0.287536 -0.929941 -0.499679 0.044404 0.572175 -0.401553 -0.115085 -0.538368 -0.288327 -0.632840 -2.472299 -0.141322 0.919608 1.056819 1.377777 -0.290002 -0.767567 -0.258581 -0.796246 -0.124224 6.720752 0.979926 -1.143583 0.793747 -0.267697 -0.314393 0.268869 -0.414589 -0.196387 -0.259616 -0.643091 0.390132 
113.874054 -43.698205 11.294953 -0.106527 0.084345 0.675649 0.175085 0.981345 -0.449863 0.055685 -0.897157 -1.901571 -0.159861 12.045042 0.569028 -3.072675 1.297506 -0.147563 -0.014258 1.033950 -0.989013 -0.319252 -0.292369 -1.160056 0.571122 5.619077 -0.509472 0.809252 0.285817 -0.717673 -1.079207 -0.666325 -0.226916 0.200423 0.112315 0.291546 0.380593 
137.245758 -26.063037 10.672497 -1.632608 1.662807 -0.582661 -0.958457 1.568221 -1.933623 -0.066329 -0.986291 -2.435198 0.603877 10.949826 -1.651785 -0.853795 0.430313 -0.515737 -1.101594 0.045128 -0.743833 -0.366720 -0.033952 -0.213154 0.636961 -6.945091 -1.041592 1.166822 -0.774074 0.622699 -0.197658 -0.828327 0.968285 0.144897 0.092295 0.837726 -0.109581 
136.178192 -21.798553 7.991384 -1.814116 0.944970 -0.355825 -2.028103 1.071602 -1.937530 -0.677755 -0.965062 -2.327880 1.114061 -1.845139 -1.514155 -0.739031 -0.250642 1.097835 -0.409574 -0.622705 0.947556 -0.029457 -0.107778 0.515396 0.351961 -8.919897 0.056773 0.716119 -0.401403 0.569941 0.918599 -0.376604 0.843195 0.305627 -0.094408 0.792665 -0.506327 
136.721298 -29.753315 7.644188 -3.110670 1.161523 1.613009 -1.777606 0.322811 -0.038510 -0.125243 -1.201848 -1.404407 1.307798 -6.889968 -1.538238 0.578443 -0.372493 0.624145 0.735604 -0.708080 0.942557 0.244534 -0.222769 1.372176 -0.375693 1.768170 0.341170 1.010886 -0.297081 -0.549213 0.539092 0.065912 -0.719954 -0.339244 0.084937 0.365032 -0.294244 
136.340912 -35.578489 4.914909 -0.657231 0.199983 0.892465 -0.556894 -0.344557 -0.052416 -0.188688 -1.410599 0.416472 0.362675 1.691202 -0.831815 1.282740 -0.844804 -0.000590 0.668610 -0.490882 -0.492353 -0.707946 0.062095 1.245460 -0.236528 7.664492 0.811840 -0.822230 0.053860 0.075132 -0.518945 0.347152 -0.736229 -0.706903 0.256309 -0.663267 0.387223 
136.466476 -26.370911 5.980557 -0.545189 -0.528084 1.611828 -0.440386 -0.658953 -1.023216 -1.541135 -1.077658 1.086513 0.834741 8.439016 0.085442 -1.066017 -0.264773 0.774410 -0.302285 -0.013775 -0.529902 -1.169272 0.289850 0.045642 0.398752 1.271585 -0.181393 -0.988374 0.668445 0.213771 -0.310853 0.514928 0.354997 0.056854 0.010139 -0.883681 0.285581 
135.134430 -18.700457 5.085792 -2.789265 -0.329562 2.441284 -1.161465 -0.372107 -1.112220 -2.527232 -0.830900 0.507756 1.160179 4.234373 -1.194601 -0.694008 0.492086 0.426952 0.046904 0.538975 0.217641 -0.594238 0.082374 -0.521902 0.334633 -5.803228 -0.561328 1.043843 0.460475 -0.232661 0.394874 0.456546 0.655701 0.710016 -0.361135 -0.184931 -0.026442 
131.844376 -17.902165 3.591356 -1.933206 0.456087 2.465732 -0.346578 0.418998 -0.587934 -2.729612 -0.912909 0.042709 1.504007 -3.167441 -1.037215 1.021669 0.656177 0.309088 0.487463 0.899317 0.781500 0.250760 -0.432420 -0.324220 0.345867 -6.630542 0.359065 1.003273 -0.541090 -0.423694 0.176329 -0.231011 0.017600 0.643964 -0.025340 0.388721 -0.345930 
128.285309 -25.035339 3.011362 -0.745927 0.982793 3.059459 -0.186540 1.426526 0.450781 -2.025713 -1.695741 -0.140684 1.851913 -9.026711 -0.476470 1.312538 -0.590094 -0.420435 0.399562 0.076954 0.252842 0.693690 0.031694 0.255540 -0.357228 3.206277 0.688718 -0.502485 -0.341829 -0.305187 -0.488312 -0.352988 -0.663462 -0.191577 0.312125 0.021589 -0.043796 
130.033768 -35.955588 2.638416 0.691871 -0.724101 1.624861 0.452546 0.572906 -0.082250 -1.342233 -0.849522 0.553788 0.789551 3.245112 0.340222 0.016698 -0.027481 -0.301286 -0.489162 0.193340 -0.545424 -0.132395 0.191830 -0.281041 0.258274 10.122292 0.481480 -1.268255 0.653358 0.271135 -0.673472 0.198046 -0.486796 -0.785379 0.035755 -0.530838 0.663694 
137.485138 -18.545115 3.691806 -0.712532 0.927830 2.456886 -1.164865 1.813207 -0.640067 -2.290503 -1.312080 -0.702767 2.368462 11.217872 0.486491 -1.223971 0.716621 0.121835 -0.947382 0.473047 -0.720751 -0.877069 0.103203 -0.806136 0.970160 -0.198058 -0.182112 -0.380007 -0.135641 -0.159323 0.128948 -0.215270 -0.144928 -0.124907 0.075154 0.006588 -0.081171 
137.694412 -13.519844 3.611398 -1.756070 0.709142 1.868532 -1.442218 1.518999 -1.523752 -3.096370 -0.643116 -1.058485 2.729870 2.848996 -0.024002 -0.743317 -0.298763 -0.619933 -0.231266 -0.237200 -0.835281 -0.382210 0.342138 -0.267866 0.095932 -5.519601 -0.329887 0.446336 -0.189457 -0.092558 0.436538 -0.483747 0.051406 0.480396 0.096481 0.281646 -0.612477 
136.373306 -12.847124 3.643802 -2.199166 0.330303 1.217021 -1.627397 1.338807 -2.310628 -3.054923 -0.627805 -1.238500 2.560326 0.178669 -0.173282 -0.331298 0.337707 -0.063281 -0.074306 -0.494448 -0.617939 0.083723 0.296165 -0.242845 -0.254794 -1.962846 -0.446276 0.289038 0.826786 0.715039 0.159451 -0.062474 0.494703 0.501839 0.232976 0.041295 -0.289697 
135.165848 -13.162506 3.264833 -2.418667 1.384555 1.741970 -1.590829 0.530103 -2.759630 -2.928925 -0.050786 -1.544174 2.220281 -1.076697 -0.916554 -0.165241 1.354808 0.810146 0.087636 -0.362147 0.154125 0.621468 0.808089 -0.185276 -0.483462 -1.457390 -0.902760 0.588770 0.841356 0.550688 0.103519 0.297347 0.565289 0.653423 0.253419 0.012720 -0.240998 
132.819473 -15.000517 1.810693 -2.529648 3.039919 2.837313 -1.452126 0.614512 -2.002378 -1.811988 0.988373 -1.609052 1.593402 -2.736111 -1.978803 0.846241 2.020419 1.038095 0.132732 0.100247 0.512639 1.390568 0.803003 -0.217404 -0.736790 -2.631856 -0.587696 0.391822 0.150018 -0.519158 0.042783 0.473745 0.005875 0.271586 -0.117741 -0.038691 -0.033693 
129.046509 -18.634728 -0.692772 -0.726185 5.425392 3.818159 -1.325365 0.730597 -1.734352 -0.147788 1.555220 -1.978982 0.746701 -6.340410 -2.091947 0.618403 1.654844 -0.228171 0.173202 0.585342 0.165875 1.164640 0.572607 -0.262659 -0.550847 -4.178247 1.288396 -0.721263 -0.826336 -1.079702 0.036496 0.252436 -0.061511 -0.384320 -0.488659 0.548302 -0.091891 
125.536903 -27.681337 -2.373201 -1.292842 6.349606 2.380971 -1.105721 1.785196 -1.670629 0.517293 2.133586 -2.134370 0.491707 -11.092605 0.597990 -0.596285 0.367747 -1.121309 0.205724 0.605118 0.389617 0.621929 -0.174315 0.879200 -0.920573 -1.565792 1.928692 -0.692563 -1.130179 0.332791 -0.133334 -0.512733 0.673412 -0.254472 -0.502107 0.799632 -0.208987 
120.461151 -40.819938 0.503208 -1.918754 6.160886 1.575540 -0.913918 1.940833 -0.955118 1.096069 1.206590 -0.220582 -1.094445 -9.471994 1.765438 -0.766723 -0.605514 0.437411 -0.093467 -0.440125 1.512698 0.655697 -0.431608 1.336605 -0.968822 2.645624 0.233258 0.597496 -0.797942 0.696023 0.084110 -0.562945 0.488762 -0.174112 0.121545 -0.302794 0.521999 
117.252831 -46.625324 1.157675 -2.826288 5.138578 3.255793 -1.292655 0.904946 1.354768 1.828687 1.270370 0.538841 -1.445937 -5.801356 1.064506 0.598708 -1.228137 0.270736 0.373944 -0.520772 1.367141 0.273704 0.068774 0.273612 0.123426 3.527069 -2.946216 2.220935 -0.625123 -1.597152 0.809802 -0.174975 -0.759865 -0.087372 -0.055321 -0.743989 0.792931 
113.814430 -52.422649 2.632220 -0.721339 3.704611 2.117013 -0.166030 0.899288 1.779164 1.643477 1.344138 0.326643 -0.847593 -2.417857 -4.126994 3.675146 -1.855760 -2.756893 1.526137 -0.790075 -0.007032 0.480952 -0.542249 -0.151373 0.617041 4.613120 -6.057457 0.980303 0.283019 -1.434440 -0.146722 0.431206 -0.687031 -0.353860 -0.398261 -0.080339 0.290293 
114.204033 -51.461038 -7.096314 4.524005 1.427058 -2.257994 1.759619 -0.675203 1.340703 2.790591 0.185872 0.236095 -0.211856 3.424884 -11.050407 2.559313 -0.662100 -2.598144 0.080501 0.341640 -0.006920 -0.434015 -0.727749 0.112934 0.704012 2.634403 -2.767648 -2.543060 2.015566 1.580529 -1.623988 0.779104 -0.215455 -1.195667 0.102810 0.195217 -0.167515 
122.068817 -45.572881 -19.468595 4.397286 2.380412 -3.079276 -0.005029 1.582569 1.765323 0.775447 -0.111360 0.552510 0.560430 2.850949 -9.662290 -1.410974 2.175371 0.404165 -1.721839 0.768134 -0.437943 -1.910382 -0.336628 0.239061 0.282011 -1.997977 5.678459 -1.606481 1.192412 1.867855 -0.304596 -0.218979 -0.040978 -0.164309 0.328227 0.084574 -0.418727 
0.000000 -45.759141 -26.420894 1.702056 5.777800 -1.449663 -1.684059 0.861064 0.464816 -1.030173 -0.487384 0.714218 0.352166 -0.571071 0.306510 -0.653649 1.722724 1.137566 -0.528691 -0.096318 -0.088876 -0.762634 -0.071295 0.282083 -0.133443 -1.010972 8.749228 1.387202 -0.210884 0.607971 0.826357 0.135659 0.488158 0.894048 0.372650 -0.131846 -0.276447 
0.000000 -46.715023 -18.855576 3.089989 5.825861 -0.804143 -1.062411 1.389934 1.587572 -0.749821 -0.253949 1.116675 0.293544 0.829004 7.836166 1.363431 1.753604 1.620108 -0.069124 1.039451 0.538373 -0.122285 0.408671 -0.024631 -0.270883 0.967980 2.721941 0.394858 0.516992 0.157020 -0.049781 0.683000 -0.129373 0.375980 0.185104 -0.497758 0.065121 
114.469803 -44.101132 -10.748562 4.428918 9.285008 1.790554 -1.822308 2.939967 1.541563 -1.274743 0.329958 0.664955 -0.189600 1.364889 5.750391 0.136067 2.756709 1.451606 -0.628252 1.269682 -0.347622 -0.010674 0.298913 -0.713433 -0.003202 -0.211398 -2.083938 -2.414810 -0.118742 -0.256700 0.058646 -0.496541 -0.862088 0.646915 -0.251382 -0.498888 0.080488 
114.302933 -43.985244 -7.354794 3.362122 11.339279 2.099070 -2.318916 3.929297 0.892328 -0.771168 0.343876 -0.310191 0.287140 0.406209 3.668289 -3.466190 1.516119 1.106707 0.048168 0.046368 -1.185802 1.171545 -0.094093 -1.022408 -0.109908 0.523027 -2.138739 -1.599261 -1.626845 0.269659 0.859638 -1.411682 0.062444 0.398894 -0.055130 0.126703 -0.382284 
115.820572 -43.288715 -3.411983 -2.503463 12.317247 4.003969 -1.725972 3.032704 -0.830042 1.068348 0.141773 -1.379860 -0.409417 2.410943 1.472912 -3.062455 -0.496981 1.990924 1.091024 -1.553682 -0.222734 0.787113 0.188652 -0.460027 -0.767771 2.501052 -4.253414 2.132943 -2.224160 -0.379117 0.504148 -0.786733 0.980793 -0.640754 0.152876 0.711448 -0.063100 
117.097969 -39.163357 -4.408970 -2.762787 10.345317 6.080917 -0.136867 0.821933 0.446859 0.803059 0.721181 -1.230245 -1.248402 5.408313 -4.838539 0.799697 -2.932200 0.348473 1.056465 -1.527098 0.775785 -0.109963 0.211659 0.400489 -0.236109 0.918560 -4.294479 1.381600 -1.398661 -1.452082 -0.346183 0.561283 -0.152754 -0.523159 -0.091749 0.534822 0.493003 
116.561806 -32.472089 -13.089060 -0.904070 6.452846 4.700915 0.386957 -0.021493 0.721528 0.848423 0.565091 -0.578883 -0.881634 4.248064 -7.116046 -0.299254 -3.294303 -0.913241 0.398658 -0.431116 -0.528242 -0.259205 0.005154 0.609616 0.218235 -2.237387 1.029998 -1.026092 0.797720 -0.692647 -0.892694 0.651799 -0.522516 -0.084184 -0.161906 -0.068116 0.291930 
0.000000 -30.667230 -18.641061 -3.361296 3.756712 4.254435 0.660448 -0.040300 -0.609624 0.284648 0.731489 -0.011013 -0.811931 0.933539 -2.778543 -1.252488 -1.336760 -1.036821 -0.728923 -0.223500 -0.269247 -0.278330 -0.112152 0.264257 0.347751 -3.115598 2.891827 -0.393673 1.272975 0.028737 -0.542524 0.185601 0.497238 -0.123054 -0.197388 -0.197094 0.199018 
0.000000 -30.605011 -18.646145 -3.409045 3.779326 2.627273 -1.070889 -0.468493 0.183034 0.291762 0.340787 -0.050369 -0.186132 -1.983133 -1.332392 -1.086600 -0.748353 -0.855767 -0.686391 -0.059915 0.466235 -0.505314 -0.389622 0.215429 0.616272 0.101735 3.905086 0.891133 0.469223 1.092350 1.251006 0.864784 0.259422 -0.314265 -0.058410 0.298500 0.186326 
0.000000 -34.633496 -21.305844 -5.534495 2.260007 2.542900 -0.712333 -0.160129 0.322846 -0.725980 -0.047755 0.419845 0.420612 1.137008 5.031630 0.529777 -0.398315 1.147880 1.773088 1.506068 0.249598 -0.906861 -0.228972 0.861256 0.720403 3.549993 5.572364 1.172481 0.205899 1.081615 0.778265 0.990735 -0.043314 0.130356 0.034992 0.370835 -0.341222 
0.000000 -28.330995 -8.582885 -2.349491 2.982696 4.923033 2.475287 2.543642 0.682230 -1.521960 -0.117158 1.672143 1.254673 5.116852 9.812337 1.258362 -0.336555 1.307463 0.870140 1.921555 0.379608 -0.244601 -0.319637 0.957099 -0.066172 -0.220011 0.466380 -0.689958 0.013588 -0.578786 -1.620971 -0.506602 -0.095554 0.514496 0.094194 -0.456676 -0.528626 
141.635880 -24.399792 -1.681170 -3.017771 1.586896 5.157827 1.027947 3.682980 1.082061 -1.215183 -0.687030 2.334043 0.288268 0.696987 5.964390 -0.850139 -0.371138 -0.009692 -1.468853 0.492864 0.058490 0.122131 -0.040584 -0.052096 -0.336850 -4.026400 -2.920566 -1.581448 1.028501 -1.132779 -0.803260 -1.087719 -0.663830 0.147052 0.301728 -0.810013 0.274813 
138.489441 -26.937021 3.345895 -4.049769 2.240420 4.903648 -0.462420 3.529369 0.799209 -1.277699 -0.198325 1.567951 0.580973 -2.935948 3.971205 -1.904533 1.720446 -0.958095 -0.736380 -0.253884 -0.948052 0.049503 0.283818 -0.662927 0.483454 -1.142932 -2.751513 0.220760 0.912359 -0.429849 0.729084 -0.624793 -0.234373 -0.060417 -0.110354 -0.119652 0.177324 
130.882599 -30.271689 6.261239 -6.826837 5.027787 3.241637 -0.444813 3.175212 -0.814042 -1.116177 -0.119395 1.008189 1.255175 -1.588877 0.461364 -0.408619 1.453579 -0.869390 -0.010686 -0.756722 -0.410256 0.001296 -0.261291 -0.291399 0.017798 1.028426 -2.473047 1.633150 -0.838262 0.530473 0.426874 -0.192797 0.686250 -0.242006 -0.135703 0.320307 -0.293840 
124.103493 -30.114775 4.268623 -4.867008 5.147578 3.164869 -0.483791 2.015925 -0.021303 -1.275106 -0.720907 0.985153 0.616569 -0.879097 -0.974890 1.361767 0.043923 0.102852 0.117369 -0.639478 0.424449 -0.434508 0.012411 -0.022313 -0.104226 -0.499207 0.703948 0.260191 -0.526994 0.044382 0.104039 0.389982 0.140137 0.174150 0.007166 -0.060231 0.038912 
116.982239 -32.029883 4.311459 -4.103303 5.115632 3.447340 -0.210075 1.896257 0.034856 -1.985193 -0.094572 0.963563 1.046723 -2.587292 1.869260 0.111763 0.399592 -0.780626 0.197392 0.023242 -0.129982 0.349597 -0.246960 -0.411861 0.095623 -1.444784 1.618151 -0.548412 -0.653215 -0.673323 -0.380114 0.004204 -0.198404 0.797541 -0.014130 -0.172704 0.113112 
114.109856 -35.289358 8.007143 -4.643483 5.946761 1.603618 -0.089007 2.062410 -0.281267 -0.575913 -1.214828 0.161430 0.807815 -3.768665 2.261412 0.264944 -1.262507 -1.243794 -0.642859 -0.631069 0.027640 1.160573 -0.015849 -0.367722 0.121998 0.324975 -1.015584 0.248848 -1.276604 0.362083 -0.216961 -0.959818 0.560671 0.411946 0.232289 0.499032 -0.253642 
113.540657 -39.567213 8.834282 -3.573415 2.590618 0.959752 -1.495792 0.634120 0.090136 0.335953 -0.126271 0.228120 1.290718 -1.937341 -0.161909 0.609458 -2.153616 -0.056459 -0.236530 -1.896394 0.991359 1.173488 0.217617 0.586203 -0.411660 5.433401 -1.531716 0.531978 0.664871 -0.202130 0.343613 -0.260997 -0.081487 -0.522572 -0.358471 0.021202 -0.518277 
117.507561 -39.164040 7.683326 -3.424566 1.639528 1.490700 -0.562067 -1.730378 1.701451 1.771063 -0.779594 1.333836 -0.015505 7.098137 -0.802021 1.328899 0.067235 -1.648055 0.044368 -1.153063 -0.135335 0.115428 -0.732792 -0.325318 -0.914557 5.323543 -0.188539 0.466532 1.192846 -1.103633 -0.554559 1.726458 -1.273458 -1.265715 -0.179650 -1.343896 0.296630 
127.087296 -25.370939 7.230240 -0.915616 2.725088 -2.336357 -1.407056 -1.672005 -0.180533 0.566810 -1.591854 -0.422516 -0.538395 8.709746 -0.538987 1.542522 0.232075 -2.263724 -1.345649 1.556523 -1.555557 -1.357942 -0.141684 -2.101590 0.181600 -3.277009 0.714984 -0.912917 -0.200669 0.451986 -0.718943 1.188434 -0.355518 -0.503774 0.485542 -0.405051 0.517767 
124.029625 -21.744549 6.605353 -0.339522 2.103678 -3.036748 -3.253365 1.382667 -1.409663 -0.944821 -1.062961 -2.869343 0.347696 0.544119 0.627946 -0.496935 -0.334103 -0.744083 -1.393519 1.223806 -0.846371 -0.892120 0.238293 -1.135420 0.120977 -5.002854 1.042945 -1.515044 0.191699 0.748527 0.534454 -0.994959 0.686313 0.634834 0.134627 1.172698 -0.303767 
120.525146 -24.282700 8.486133 -1.909485 2.056882 -3.824524 -4.194094 0.775606 -1.873275 -1.217431 -1.115268 -2.693356 -0.296442 -1.295962 1.546903 -1.487566 0.615473 -0.766671 -0.276741 -0.433396 -0.182931 -0.088274 0.127569 0.243806 -0.425934 -0.326316 0.051429 -0.356976 0.916815 0.078819 0.817147 -0.511676 0.441073 0.626733 -0.054881 0.771863 -0.046637 
120.676682 -24.336474 9.699160 -3.314653 3.334624 -4.570090 -3.806847 0.515875 -1.775526 -1.121369 -0.807823 -2.381732 -0.504173 -0.108512 0.730804 -1.210887 1.499527 -0.586445 0.240775 0.200454 0.035774 0.361347 0.128530 0.408306 0.027703 0.684163 -0.665761 0.290616 -0.111370 0.562055 0.530834 0.498652 -0.023560 -0.036203 -0.186096 0.079492 0.525783 
121.050751 -24.499724 9.947740 -4.331260 5.055937 -4.997414 -3.712545 1.176513 -1.801726 -0.494737 -0.858208 -1.876744 -0.241035 0.072364 0.215382 -0.906334 0.392732 0.357439 0.784928 0.563909 -0.230050 -0.160680 -0.244622 0.402790 0.625632 -0.909237 -0.984024 0.589190 -2.068461 1.019815 0.448794 0.170018 0.334882 -0.315366 -0.299263 -0.134986 0.217185 
122.837311 -24.191746 10.129924 -5.127322 4.120089 -3.855213 -2.236991 1.643693 -2.235626 -1.442730 -1.297066 -1.576152 0.747091 -1.926986 -1.237243 -0.032508 -2.637394 1.453185 1.138363 0.540489 0.705539 -0.269385 -0.469995 0.138334 0.462074 -1.161705 -2.907673 1.478537 -2.282131 0.471856 -0.218386 -0.394289 1.276722 0.221105 -0.735107 -0.269159 -0.413939 
124.815140 -28.353696 7.473253 -4.396277 -0.218852 -2.091043 -1.435818 2.257491 -0.390649 -1.033507 -1.798197 -1.600075 0.683112 -2.251045 -5.599963 2.050739 -4.171530 1.301151 0.348156 -0.224669 2.323394 0.281530 -1.714836 -0.135528 -0.202247 0.384789 -2.389559 1.444533 -0.056842 -1.310112 -0.478610 -0.498845 0.250623 0.077409 -0.598565 -0.332141 -0.328114 
0.000000 -28.693837 -1.070003 -1.025844 -4.222971 -1.252911 -1.540679 1.194354 2.411162 -0.879670 -4.726739 -1.847207 0.342598 -1.157408 -6.016362 2.856558 -2.751079 -1.167038 0.181144 -0.457201 1.206785 -0.114568 -1.667125 -0.525947 -0.194155 0.631854 1.927615 -0.439699 1.711255 -1.443628 -0.057290 0.149518 -1.258757 -0.236508 0.755991 -0.133427 0.089174 
0.000000 -30.668511 -4.559471 1.316839 -5.721010 -4.425120 -1.073529 1.343089 2.022922 -1.262642 -5.132448 -2.651970 0.294802 -0.987337 -1.744734 1.171341 -0.749019 -1.586105 0.233575 0.074367 -0.194120 -0.191486 -0.202854 -0.402381 -0.023898 0.085035 2.135814 -0.842608 1.001030 -0.209533 0.026215 0.265784 -0.700453 -0.038459 0.732135 0.061783 0.085129 
