117.165649 -36.607692 -2.528144 -2.367045 3.156289 1.757400 2.916926 1.775170 -1.560574 -0.993281 1.225657 0.285649 -0.072612 -0.447140 -4.265145 0.752782 0.456136 -1.056256 0.052968 0.562423 0.605600 0.089560 -0.196142 -0.157382 0.227783 -2.346309 -1.432583 0.531447 0.243338 -0.710947 -0.903302 -0.300556 -0.011169 0.035975 -0.068413 0.120160 -0.200857 
116.111923 -37.501972 -11.058435 -0.861480 4.068561 -0.355112 3.022862 2.900016 -0.349374 -0.814162 0.833372 -0.029116 0.382954 -5.139759 -7.130311 1.815676 0.942813 -2.478150 -1.753636 -0.038689 0.583262 0.161509 -0.332969 0.082939 -0.173931 -5.471148 0.237162 -0.210402 -0.113380 -0.289828 -0.918555 -0.730301 -0.384838 0.079108 -0.018001 0.165720 -0.272310 
0.000000 -46.887209 -16.788767 1.264306 5.041914 -3.198900 -0.590347 1.697791 -0.394050 -0.670263 0.559719 0.451526 -0.420473 -11.389437 -3.790822 0.331978 0.229377 -1.635912 -1.784142 -0.898179 -0.164076 0.247776 -0.232145 0.174058 -0.316836 -0.343981 8.827185 -0.316536 -0.739874 3.305035 1.712449 -0.055032 -0.259079 -0.110611 0.060742 -0.013218 -0.110105 
0.000000 -60.280845 -18.640079 -0.197524 4.527314 -3.626936 -0.545421 1.103658 -0.677527 -0.318611 0.369082 0.319000 -0.250718 -5.827721 10.524058 1.182603 -0.536935 4.131919 1.671262 -0.148752 0.065104 -0.059713 -0.211485 0.056504 -0.394140 10.582556 8.530995 -0.942452 -0.604032 3.159633 1.513363 0.708287 0.190344 -0.465988 0.399113 0.173433 -0.116481 
0.000000 -58.542651 4.259350 3.629512 3.968045 5.064939 2.752177 1.400286 -0.263842 -0.789689 0.136748 0.564533 -1.208753 9.775675 13.271169 -1.552927 -0.978687 4.683353 1.242584 0.518394 0.216612 -0.684200 0.566080 0.520924 -0.549798 8.111022 -4.756010 -3.072036 0.249085 -2.745414 -0.937179 0.323635 -0.104185 0.070815 -0.113226 0.082356 0.506325 
106.906975 -40.729495 7.902258 -3.303377 2.569940 5.739770 1.939747 2.140446 -0.244303 -1.687012 1.501243 1.360848 -1.350313 10.394323 1.012038 -4.961470 -0.038764 -1.358908 -0.203095 0.498518 -0.143267 0.081918 -0.437938 0.221215 0.618510 -3.387699 -7.280773 0.459339 0.487271 -4.282640 -0.622233 -0.534584 -0.339713 0.832098 -0.718417 -0.460334 0.665670 
101.410988 -37.754005 6.283425 -6.293427 3.890517 2.347123 2.345986 2.397322 -0.550375 -0.625853 -0.739127 1.006964 0.028266 3.000277 -1.290377 -0.634249 -0.004146 -3.881926 -0.001883 -0.550774 -0.462815 0.979996 -0.870754 -0.399744 0.781542 -2.340366 -1.188983 3.600555 -0.691540 -0.700070 -0.266518 -0.905126 0.441290 -0.071980 0.482612 -0.596235 -0.096166 
177.692642 -34.728940 5.321504 -4.571876 2.561648 -2.024082 1.935981 1.038898 -1.169932 0.272981 -0.240266 0.561360 0.212770 5.713591 -1.365928 2.239641 -1.421844 -2.759048 -0.736130 -1.311734 0.739313 -0.062041 0.527287 -0.971254 0.426179 1.149849 0.386900 0.855261 -0.258554 1.508804 -0.490599 -0.106300 0.959939 -0.688236 0.716100 -0.373732 -0.186805 
114.863594 -26.326823 3.551569 -1.814146 1.046829 -3.170974 0.873725 -0.226146 0.928250 -0.749936 0.315448 -0.935544 0.880624 5.299975 -0.516577 1.076272 -0.521253 -0.864318 -0.983081 -0.763375 1.457063 -0.396476 0.561445 -1.147209 0.407933 -3.570600 1.399545 -1.402922 1.349264 1.462963 -0.094404 0.781652 -0.333535 0.226029 -0.135087 0.464654 -0.163876 
108.802124 -24.128990 4.288351 -2.419332 1.519142 -3.752718 -0.030182 -0.487851 1.744194 -0.519970 0.882625 -1.733059 1.028636 -1.427610 1.433162 -0.566203 1.276685 0.166878 -0.924938 0.251570 0.072243 0.390017 0.257113 -0.041946 0.098428 -4.192465 0.575277 -0.709973 0.826864 0.902877 0.397878 0.698259 -0.788766 0.412462 -0.526315 0.894008 -0.181188 
111.114334 -29.182043 6.417894 -2.946553 3.600199 -2.837217 -0.976150 0.276994 1.072737 0.030099 0.829674 -1.019435 1.077479 -3.084954 0.633978 -0.343674 1.132475 0.941435 -0.187326 0.633143 -0.120468 0.428448 -0.491185 0.640808 0.045557 0.729884 -0.743108 0.224658 -0.604305 -0.082699 0.575885 0.032869 -0.047451 0.259417 -0.532823 0.268872 -0.169298 
116.558228 -30.298898 5.556307 -3.106680 3.784092 -1.869848 -0.404833 0.778435 1.503257 0.336925 -0.099745 -0.451443 1.119749 0.032159 -0.053053 -0.116888 0.068074 0.001480 0.226832 0.317308 -0.022659 0.908852 -0.808533 0.495798 -0.240168 2.092426 -0.749362 0.370369 -0.714912 -0.986805 0.497855 -0.024967 -0.254128 0.232959 -0.238056 -0.094713 -0.392086 
119.731522 -29.117724 6.311787 -3.180328 3.736347 -2.834257 -0.522486 0.911611 1.027419 1.847802 -0.787393 -0.027840 0.597143 1.099897 -0.864747 0.397064 -0.297348 -1.032175 0.808384 0.583208 -0.628724 0.894367 -0.967297 0.451382 -0.738616 -1.886817 -0.267516 0.267651 -0.371639 0.314563 0.051240 -0.097381 0.094791 -0.504196 0.274105 -0.179778 -0.039568 
121.108498 -28.099104 3.826814 -2.312553 3.189396 -3.934198 1.211935 1.944852 0.245810 2.125659 -2.034340 0.451321 -0.357483 -3.741474 -0.588085 0.418414 -0.675204 0.630606 0.329312 0.122547 0.166924 -0.099540 -0.260324 0.136241 -0.319304 -4.886438 1.135119 0.005775 -0.614176 1.244554 -0.791427 -0.557721 0.610934 -0.529953 0.870345 -0.404046 0.661965 
117.277000 -36.600671 5.135618 -2.343499 2.385940 -1.573046 0.136137 1.156704 1.361268 1.648723 -1.308041 0.244641 -0.041466 -8.672980 1.405492 0.408613 -1.525700 1.456934 -0.774471 -0.532234 0.593145 -0.165540 0.773392 -0.356710 0.585313 -3.295232 0.160114 0.637395 -0.637803 -0.310215 -0.072328 0.034597 0.035108 -0.099809 0.474293 -0.100542 0.513925 
112.197357 -45.445064 6.637798 -1.495327 0.137996 -1.020331 -0.337006 0.880384 1.432100 1.794580 -0.487555 -0.262100 0.813143 -10.331937 -0.267856 1.693205 -1.950810 0.010177 0.184655 0.191741 0.237139 -0.299157 0.688262 -0.064844 0.708546 -1.871394 -3.447314 0.751203 1.084852 -0.195325 0.581695 0.366480 -0.499756 -0.384915 -0.308178 0.268469 -0.494323 
120.548660 -57.264545 4.599906 1.042911 -1.515680 -1.552693 0.505448 1.540186 1.835546 1.050410 0.068484 0.114954 1.375626 -12.415767 -5.489136 1.911020 0.644005 1.066284 0.388919 0.200726 -0.406366 -0.935370 0.157037 0.180228 -0.403334 4.347719 -0.315500 0.108449 2.174320 1.038470 0.287425 -0.065146 -0.187546 0.264295 -0.089023 0.236340 -0.549612 
146.300476 -70.276599 -4.340474 2.326714 1.426006 1.112236 0.440832 1.281835 0.619367 -0.076161 -0.173481 0.098356 0.006476 -1.636499 -0.898855 1.910102 2.397830 2.087117 0.759506 0.061449 -0.137952 0.229434 0.510216 0.407837 -0.390678 11.782998 5.350512 0.147821 0.180862 -0.917345 -0.290693 -0.432572 0.205464 0.932308 0.449637 0.264240 0.514211 
0.000000 -60.537543 2.802196 4.863116 3.279980 2.621542 2.024459 1.663084 1.559643 1.509277 1.088915 0.930627 0.594271 11.150228 5.211887 2.206662 1.005729 -0.768406 -0.192468 -0.664418 0.004562 0.929246 1.056311 0.708708 0.625088 6.041973 1.453509 -0.525310 -0.901301 -3.329130 -0.678942 -0.267002 -0.512083 0.571081 -0.732809 -0.275385 0.416265 
126.074562 -47.976143 6.083301 6.740038 3.437463 -0.424576 0.055896 -0.047001 0.628491 1.782331 1.939142 1.515773 1.256653 10.447448 2.008162 0.859482 0.595227 -4.571142 -0.598378 -0.472555 -1.162118 1.371596 -0.955402 -0.142933 0.441853 -4.812743 -2.595977 -1.541316 -0.452467 -0.904302 0.478523 0.666548 -0.426978 -0.049883 -1.055038 -0.706701 -0.422533 
127.599167 -39.642648 6.818519 6.582081 4.470435 -6.520743 0.827704 0.717975 -0.764593 4.252468 -0.821889 0.644761 1.477976 1.524742 0.019934 -0.875970 0.100795 -2.577011 0.764578 0.668678 -0.849394 0.829480 -1.053764 -0.704693 -0.219977 -5.508759 -3.145508 -0.626967 -0.788601 2.673928 0.246628 0.495513 0.687860 -1.678848 0.810028 -0.074543 -0.401181 
120.958870 -44.926660 6.123168 4.988098 3.639054 -5.578599 1.585053 1.290354 -1.070296 3.441291 -0.168386 0.106388 0.816699 -0.570070 -4.282853 -0.394451 -0.981975 0.776713 -0.105122 0.518472 0.213602 -1.986101 0.664654 -0.292020 -0.360509 3.455460 -2.323960 -0.598917 -0.460977 2.463707 -0.081169 -0.294593 0.974294 -1.478605 0.384490 0.351182 -0.013846 
126.535492 -40.782787 -1.747188 5.793178 2.506485 -4.967316 0.617460 1.754918 -0.337390 0.280266 0.507418 0.060722 0.756958 8.435661 -4.627987 -2.073805 -0.821159 2.350403 0.602239 0.079491 1.099195 -2.127729 -0.284785 -0.002329 -0.247669 5.230081 3.404693 -2.274824 0.566167 0.661373 0.630404 -0.641901 0.137971 0.681913 -0.972055 0.497727 -0.084585 
126.378883 -28.055338 -3.132805 0.840489 1.996736 -0.877794 2.789532 1.449336 1.128094 -0.814168 -0.737956 0.101730 0.321362 9.890092 2.526533 -4.944099 0.150360 2.099460 1.155686 -0.765330 0.489544 -0.622276 -1.279456 0.703434 -0.529679 -3.014064 4.455743 -0.668675 0.548932 -1.019099 -0.669763 -0.497339 -0.853592 1.066405 -0.020303 0.209775 0.077326 
114.830078 -21.002604 3.305879 -4.095019 2.807204 -0.768396 2.928832 0.224259 0.641698 -0.964286 -2.051494 1.467590 -0.302400 2.407532 4.283499 -3.411155 0.276706 0.312204 -0.737286 -0.915188 -0.607988 0.005080 -0.325390 0.417221 -0.093017 -6.390270 -0.800072 2.016765 -0.261848 -0.759641 -0.980908 0.091792 -0.558402 0.302584 0.939982 -0.744886 0.360841 
106.968941 -23.240274 5.434193 -5.981821 2.550147 -0.253386 1.314959 -0.381040 -0.087883 -0.804008 -1.388736 0.936172 0.135327 -2.890448 0.926389 -0.910569 -0.373337 0.580178 -0.806131 -0.581746 -0.627260 -0.017107 0.600508 -0.786337 0.192003 -1.640484 -2.623409 1.518469 0.134623 0.254526 0.260686 0.385650 0.007326 0.145520 0.434228 -0.574443 0.116342 
0.000000 -26.783500 5.158657 -5.916158 2.060530 0.391960 1.316570 -0.939234 -0.612822 -0.998500 -0.850477 -0.105083 0.081607 -0.873437 -0.963319 -0.374216 0.545953 0.821257 -0.215915 -0.143888 -0.593335 0.296119 0.543065 -0.731664 0.139667 2.431563 -1.644835 0.506095 1.189617 0.182901 0.486858 0.404858 0.142187 0.493392 -0.217276 0.264425 -0.156474 
0.000000 -24.987148 3.507555 -6.730253 3.642052 1.389127 0.883129 -0.668817 -1.274554 -0.211769 -0.302606 -0.527157 0.414662 1.972678 -2.363281 0.101621 2.005896 0.945980 0.167584 0.227970 -0.342886 0.969676 0.165956 -0.257488 -0.120944 0.707035 -1.182126 0.592095 0.416545 -0.209040 0.344644 0.187197 0.693978 0.328702 -0.285259 0.454464 -0.259656 
104.315826 -22.838143 0.432096 -5.712917 6.072323 2.283921 1.651738 -0.483294 -1.298594 0.940853 -0.518566 -0.620059 -0.160281 0.540633 -3.327572 0.809973 1.379043 0.403177 0.473372 0.230506 0.794621 0.953523 -0.027453 0.177265 -0.379645 -1.708892 0.161224 0.067330 -0.373674 -0.466237 -0.103328 -0.229250 0.388924 -0.344040 -0.189910 0.175328 0.045344 
0.000000 -23.905882 -3.147589 -5.110306 6.400138 2.195482 1.829874 -0.207805 0.314687 1.695276 -0.357512 -0.172627 -0.344629 -1.445105 -2.040833 0.236281 1.258548 0.013507 -0.039071 -0.230531 0.434962 0.281597 -0.213864 0.093169 -0.030256 -1.213765 1.705871 -0.066907 -0.490227 -0.102120 -0.314921 -0.101011 -0.402874 -0.258210 -0.073569 -0.055332 0.394274 
102.454300 -25.728353 -3.649571 -5.240356 8.589418 2.310934 1.573596 -0.944355 -0.428671 1.504046 -0.946294 -0.433720 -0.220793 -1.886897 0.084170 0.676158 0.398590 0.198938 -0.156470 0.028484 -0.011127 0.437104 -0.174592 0.066602 0.408904 -0.188177 0.447532 0.361884 -0.894169 0.337511 0.269909 0.319166 0.176874 0.027573 0.361472 -0.076391 0.077673 
111.146423 -27.679675 -2.979249 -3.757989 7.197317 2.593359 1.516933 -0.150838 0.292432 2.569483 -0.706695 -0.039424 0.473178 -1.821459 -1.145770 0.960049 -0.529790 0.688529 0.500747 0.407801 0.788710 0.336742 0.509080 -0.059613 0.125090 -0.090118 -1.990105 0.654784 -0.716747 -0.194833 0.198201 -0.011929 0.076396 -0.665941 0.284285 -0.195836 -0.320140 
117.303253 -29.371270 -5.941110 -3.320258 7.529837 3.687991 2.575090 -0.128753 1.148749 2.177530 0.071867 -0.552947 0.029386 -2.067133 -3.896040 1.985726 -1.034905 -0.190727 0.239932 0.004625 0.141664 -0.894778 0.393979 -0.325071 -0.231376 0.559147 -1.612755 0.328710 -0.309294 -0.747617 -0.525493 -0.180624 -0.467513 -0.338802 -0.162970 0.097262 -0.151856 
116.030693 -31.813941 -10.771330 0.213463 5.127507 2.211906 1.996797 -0.141587 0.575761 0.779928 0.081264 -0.689567 0.010426 -0.703164 -4.371279 1.617468 -1.148378 -0.806706 -0.550240 0.046552 -0.146315 -0.340862 0.183140 0.134911 -0.178623 2.027860 0.676493 -1.886090 0.274118 -0.210091 -0.250972 0.209581 -0.183688 0.527683 0.046641 0.316617 0.130721 
113.225983 -30.777598 -14.683669 -0.085321 5.233082 2.074579 1.474611 -0.035649 0.856119 1.495805 0.438147 -0.283124 -0.327859 1.988587 -2.543054 -1.786454 -0.486668 -0.610908 -0.262012 0.423787 -0.225712 0.160589 0.487261 0.308162 0.030065 1.256779 2.027341 -1.775469 0.037033 -0.208146 -0.111978 0.131926 -0.157338 -0.039044 -0.041574 -0.097833 0.111013 
0.000000 -27.836766 -15.857438 -3.359444 4.154170 0.990090 1.472772 0.705987 0.124337 1.101105 1.055785 -0.073242 0.070557 1.810394 -0.316597 -1.933469 -1.074312 -1.222998 -0.774196 0.310403 -0.460990 -0.418951 0.099991 -0.060755 0.043403 -0.524694 2.002918 0.673569 -0.058777 -0.020126 -0.323279 -0.676578 -0.166285 -0.322769 -0.474507 -0.408877 -0.129218 
0.000000 -27.156810 -15.316864 -3.952259 3.084459 -0.371417 -0.073781 0.585158 -0.065862 0.657903 0.638129 -0.404634 -0.241052 0.939198 1.462782 -0.439316 -0.604223 -0.651159 -0.908570 -0.929368 -0.558283 -0.484950 -0.461752 -0.509592 -0.228370 -1.459298 1.346916 1.415396 1.308225 1.341775 0.673152 -0.053591 0.376825 0.246340 0.040242 0.068186 0.126095 
0.000000 -25.958369 -12.931874 -4.238077 2.945725 -0.312229 -0.344368 -1.152749 -0.992229 0.131204 0.132281 -1.092426 -0.386184 -1.108203 2.377234 0.897323 1.542139 1.460552 0.572109 0.203221 0.292660 0.073729 0.180475 0.075617 0.295593 -1.678519 1.005598 0.043757 1.826718 1.212912 0.782541 0.798538 0.657439 0.619621 0.344211 0.148308 0.212969 
0.000000 -29.373216 -10.562395 -2.157613 6.168737 2.549688 1.070436 0.991601 0.519457 0.805361 0.999080 -0.253400 0.350133 -2.417841 3.473978 -0.351802 3.049214 1.774664 0.656512 0.667708 0.756596 0.754292 0.226669 -0.212976 0.197569 -0.212200 -0.268809 -0.855305 0.257443 -0.817539 -0.186014 -0.465171 -0.120131 0.274531 -0.249247 -0.337934 -0.154942 
302.294983 -30.794051 -5.983919 -4.941680 9.044153 3.237099 0.968656 0.182666 0.520962 1.639788 0.585618 -1.518378 0.008954 -1.532602 1.839616 -0.813287 2.057025 -0.174526 0.200081 -0.727121 0.052399 0.622790 -0.318018 -0.600250 -0.014291 -1.093612 -1.368508 0.501249 -1.157196 -1.221015 -0.516905 -0.181360 -0.388317 -0.319655 -0.317184 0.239452 0.048198 
89.919342 -32.438419 -6.883164 -3.784187 10.282787 2.200635 1.470598 -0.462640 0.624255 2.050941 0.363044 -1.453901 0.321551 -4.605065 0.736962 0.650696 0.734822 -0.667367 -0.377297 0.304987 -0.020038 0.114982 -0.407699 0.265927 0.293964 -1.213972 0.348259 -0.114774 -1.442487 0.503135 0.091550 0.634002 -0.060011 -0.330762 -0.060078 0.463216 -0.034904 
81.641869 -40.004180 -4.509994 -3.640288 10.513797 1.902366 0.214062 0.792640 0.480887 1.869753 -0.229780 -0.986524 0.596881 -3.960546 2.536133 -1.042835 -0.827949 0.831743 0.383182 0.540884 -0.067624 -0.038734 -0.438175 0.326182 -0.084100 3.230233 1.003450 -0.554283 -2.075654 0.731668 0.743610 0.349388 -0.307421 -0.247298 0.020721 0.307054 -0.321800 
144.777603 -40.359512 -1.810897 -5.869857 8.626888 3.864121 2.236961 0.619129 0.489007 1.973473 -0.513305 -0.801537 0.153352 1.855401 2.743863 -0.457870 -3.416486 0.795969 1.109922 1.003763 -0.634879 -0.379613 -0.366257 0.880036 -0.349636 5.373334 -1.419545 1.183168 -1.331563 -0.678347 -0.276969 0.062228 -0.040681 -0.285377 0.063258 0.147912 -0.029160 
57.341881 -36.293379 0.977732 -4.556029 3.680824 3.494305 2.433906 2.800166 -0.788871 1.110526 -0.962294 0.773549 -0.102391 6.786122 -0.302956 1.323501 -3.491075 -0.524951 -0.170756 0.665341 -0.148987 -0.609487 -0.311659 0.622007 -0.142419 0.562074 -0.673844 0.935472 1.234533 -1.000046 -1.085854 -0.948066 0.525409 -0.204509 -0.189666 -0.486863 0.318321 
0.000000 -26.787268 -2.416809 -3.222855 1.644739 2.814219 1.895449 1.949810 0.191033 0.754499 -1.136624 0.442476 -0.131487 2.979548 1.396174 1.413075 -0.947420 -1.204123 -1.061785 -0.892368 0.415938 -0.788631 -0.745588 -0.093690 0.287005 -4.147294 2.444694 -0.483140 1.916565 -0.508341 -0.454483 -0.783539 0.238806 -0.113133 -0.278553 -0.343984 0.198736 
78.995331 -30.334283 3.770081 -1.729880 1.785984 1.086059 0.310336 1.015431 0.043005 -0.466736 -2.453469 0.586168 0.471620 -1.508466 4.586433 0.357221 0.342055 -1.541633 -1.079723 -0.901737 0.328626 -0.835752 -0.868765 -0.065962 0.255053 -0.848248 0.507680 -1.186992 0.353355 -0.608993 0.739769 0.238636 -0.352410 0.506819 0.233011 -0.102559 -0.113195 
81.557030 -29.804200 6.756057 -2.508412 2.328848 -0.269047 -0.263997 0.146335 0.848284 -0.917005 -2.874154 0.310553 0.378620 1.283052 2.411534 -0.960910 -0.240711 -2.422109 0.417754 -0.415096 -0.288882 0.225008 -0.279566 -0.298809 0.060615 1.192856 -1.086014 -0.930159 -0.790034 0.179594 0.600703 0.386762 -0.327635 0.677745 0.355340 -0.032029 0.026048 
0.000000 -27.768178 8.593149 -3.651700 1.304562 -3.758159 1.145844 0.185238 -0.534759 -0.016719 -3.012601 -0.011450 0.592850 0.877246 2.414405 -1.503096 -1.238013 -1.182444 0.121682 -0.128213 -0.326645 0.519738 -0.158085 -0.130020 0.307149 -1.038791 -0.743268 0.108361 0.063413 1.263493 -0.454987 0.243298 0.168402 0.086977 0.139312 0.032890 0.046362 
83.811089 -28.049707 11.584866 -5.514603 -0.147178 -2.633935 -0.020632 -0.110090 0.194995 0.122472 -3.190324 0.050512 0.992918 -0.794530 0.924999 -0.744189 -0.113884 0.104878 -0.492219 0.071499 0.047922 0.398962 -0.000942 -0.233028 0.153338 -1.900925 -1.629434 1.304440 1.002248 0.384996 -0.049070 0.092528 -0.229597 -0.181532 0.139984 -0.107879 -0.190839 
80.404495 -29.357238 10.443148 -5.140077 1.076793 -3.548404 0.161405 0.328237 -0.438916 0.781204 -3.014484 -0.477506 0.899526 -2.924604 -0.844464 1.105785 0.766482 -0.412452 0.023542 0.056843 -0.785838 0.156674 0.121883 -0.345778 -0.074529 -0.914753 -0.388246 0.880498 -0.533174 -0.209202 0.356309 0.189101 -0.353116 -0.086071 0.075464 -0.032503 -0.110944 
0.000000 -33.898914 9.895938 -3.303033 1.385787 -3.458839 0.026452 0.003596 -1.376681 0.435820 -2.946557 -0.641045 0.843859 -2.624035 0.148508 1.016807 -1.180232 -0.313526 0.220399 0.449701 -0.658310 0.226821 0.149986 -0.298035 -0.068549 0.377920 0.660456 -0.400141 -0.744724 0.058626 0.234421 0.073838 0.246905 0.149677 0.134475 0.160175 0.213634 
0.000000 -34.605309 10.740164 -3.106463 -1.283671 -4.175456 0.602203 1.227639 -1.755537 1.234846 -2.714513 -1.073576 0.762429 -2.168763 0.476448 0.305503 -0.722966 -0.295200 0.492384 0.204520 -0.292027 0.456029 0.390833 -0.025428 0.352738 -0.278042 -0.149948 -0.657606 0.601212 0.445570 -0.390208 -0.379701 0.504275 -0.243727 -0.153544 0.222101 0.065595 
0.000000 -38.236440 10.848834 -2.692027 -0.060145 -4.049240 1.011219 0.412636 -1.960735 1.347877 -2.164891 -0.691901 1.549335 -3.180120 -0.151389 -0.298404 0.022192 0.577614 -0.560017 -0.309702 0.350239 -0.260634 -0.157103 0.146168 0.062640 -0.777269 -0.087396 -0.112513 -0.655310 0.893563 -1.017389 -0.320268 0.447232 -0.577232 -0.142456 0.271436 -0.444787 
0.000000 -40.965548 10.437387 -3.703271 -1.239287 -3.020228 -0.517831 0.608235 -1.055058 0.713578 -3.028719 -0.781239 0.887709 -3.723300 0.301655 0.080476 -2.033586 1.491926 -1.542394 -0.436016 0.602436 -0.698434 0.105922 0.517444 -0.536836 -1.525956 -0.016614 0.325059 -1.342708 -0.133415 0.260958 0.124417 -0.030465 -0.379055 0.407864 0.295493 -0.061196 
0.000000 -45.683041 11.452145 -2.531074 -4.127318 -1.065388 -2.073569 -0.459395 -0.755863 -0.048992 -1.953048 0.342987 0.475663 -6.232032 -0.184618 0.351713 -2.663224 0.310785 -0.038100 -0.060869 0.289309 -1.018744 0.658624 0.737153 -0.059751 -2.310890 -1.817703 0.573048 0.795438 -1.227534 1.250039 0.497796 -0.150944 0.032140 0.106098 -0.368442 0.185155 
140.897964 -53.429613 10.068151 -2.999846 -6.565735 -2.398659 -0.594031 0.486498 -0.476439 -1.323909 -1.711471 0.693068 0.768208 -8.345079 -3.333750 1.226572 -0.442711 -0.963141 0.957683 0.559577 0.300549 -0.634154 0.318118 -0.219439 -0.166526 5.136622 -0.093067 0.787546 2.161405 0.060519 0.354646 -0.105123 0.208961 0.858854 -0.115368 -0.785446 -0.269685 
152.757095 -62.373199 4.784646 -0.077929 -5.012739 -2.991670 -0.158202 0.659759 -0.154765 -1.317300 -1.316812 -0.095892 0.142611 4.041212 -0.370753 1.926805 1.659585 0.431823 0.671192 -0.271115 0.707232 0.698964 0.427888 -0.833739 -0.599121 13.822958 2.326262 -1.213091 1.831033 0.152629 -0.179007 -0.446779 0.137981 0.727740 -0.114116 -0.049902 0.057049 
0.000000 -45.347190 9.326646 0.853764 -3.246564 -1.535012 0.748352 -0.055733 0.938025 0.074019 -0.855695 -0.974411 -0.430034 19.300837 1.318775 -1.199609 3.219355 -0.657883 0.599670 -0.333981 0.576511 0.821325 0.089885 -0.319243 -0.052428 4.397199 -0.926857 -1.704572 0.452929 -0.932074 -0.257784 0.046528 -0.374459 -0.367855 -0.417067 0.604896 0.313906 
112.329681 -23.771524 7.422196 -2.477147 1.425970 -4.307436 1.041138 -0.008203 0.998258 0.325349 -1.137041 -0.734378 0.037754 12.835610 -2.224467 -1.482338 2.565444 -1.432324 0.155623 -0.178059 -0.041686 -0.036746 -0.406246 0.376052 0.028690 -8.833359 -1.913357 1.108546 -1.811331 0.684774 -0.186627 0.292065 -0.380187 -0.472413 -0.286406 0.655207 -0.195838 
114.397865 -19.675970 4.877711 -2.110912 1.884324 -4.399661 1.059598 -0.411850 0.854653 0.000527 -1.668187 -0.222306 -0.372654 1.634120 -2.507940 1.017483 -0.403307 0.711666 0.226416 0.250149 -0.183863 -0.123502 -0.482926 0.991170 -0.444103 -6.624633 0.494385 1.158352 -1.598964 1.095051 0.030782 0.315016 -0.035187 0.037827 0.094447 0.179541 -0.133795 
115.976021 -20.503285 2.406316 -0.442180 0.619357 -2.884105 1.493970 0.492095 0.630532 0.078345 -2.102893 1.247963 -0.850453 -0.413657 -1.235698 0.834366 -0.632483 0.757778 0.217186 0.451973 -0.112061 0.038909 -0.217353 0.735134 -0.238899 -1.023888 0.636121 -0.091559 -0.114588 0.023056 -0.004615 0.100912 0.035901 0.081205 0.132787 -0.128018 0.102602 
