64.618919 -32.547847 4.591305 5.228060 -2.566154 1.413167 -0.652708 2.664082 0.822398 1.533865 -0.194626 0.522550 0.061409 -5.437037 -3.436535 2.922182 -1.372086 -0.387902 0.917896 -0.457177 0.586878 -0.189245 -0.215240 -0.019413 -0.031722 -1.106514 -3.150620 -0.877707 0.204060 -0.696551 -0.054865 0.308326 -0.000361 0.066172 -0.241344 -0.191971 0.036381 
127.670151 -43.421921 -2.281766 11.072423 -5.310326 0.637362 1.183085 1.749727 1.996154 1.155376 -0.625106 0.483725 -0.002036 -7.650064 -9.737776 1.166768 -0.963967 -1.781005 0.808166 0.159475 0.586155 -0.056901 -0.697928 -0.403354 0.041039 1.774015 -1.647901 -3.384545 1.170746 -0.477524 -0.481216 0.993723 0.053230 -0.351342 -0.176111 -0.199819 0.012128 
0.000000 -47.847976 -14.884247 7.561596 -4.494087 -2.148843 0.963623 2.983031 1.994709 1.420063 -1.590483 -0.284158 0.143487 -1.889007 -6.732337 -3.846908 0.969406 -1.342950 -0.044535 1.530268 0.693337 -0.891929 -0.567462 -0.419050 -0.007467 7.228989 7.815680 -0.428196 1.088950 1.058621 0.005846 -0.021832 -0.265217 -0.291789 0.492410 0.169978 0.112825 
0.000000 -47.199936 -15.746441 3.378606 -3.371514 -2.048537 1.094015 4.810264 3.382828 -0.628483 -1.760029 -0.354375 -0.016971 6.807915 5.893584 0.310377 1.213934 0.336237 0.819859 0.115811 0.055721 -0.640478 0.286892 -0.063398 0.266689 6.235218 7.616667 2.667249 0.274260 0.975121 -0.126922 -1.478763 -0.954620 0.874125 0.234315 0.111288 0.459485 
0.000000 -34.232147 -3.097079 8.182349 -2.066220 -1.476370 2.603341 3.214653 2.106152 0.139106 -1.016699 -0.410954 0.676866 10.581429 8.500997 1.487590 1.517926 0.607293 -0.298379 -1.427258 -1.215903 0.856322 -0.098831 -0.196475 0.911502 -0.626555 -1.608163 -1.496542 0.166674 -0.009049 -1.271277 -0.142925 -0.419898 0.486423 -0.406304 -0.046120 0.095122 
123.366989 -26.037078 1.255554 6.353787 -0.335662 -0.833951 0.497257 1.955748 0.951022 1.084160 -1.957692 -0.747324 1.806034 5.554804 2.677257 -2.682707 1.547281 0.318139 -1.722695 -0.170038 -0.784075 0.332368 -0.525716 -0.155638 0.456933 -4.324025 -3.929819 -1.733427 -0.243788 -0.718218 -0.155783 0.864805 0.412969 -0.537385 0.132992 -0.000699 -0.659586 
115.138031 -23.122539 2.257434 2.816935 1.028341 -0.840092 -0.842049 2.874577 0.538002 0.803841 -2.068132 -0.722230 1.590732 1.933380 0.641359 -1.979264 1.030350 -0.829142 -0.609944 0.302352 -0.389964 -0.218449 0.167153 -0.197872 -0.407669 -3.358236 -1.276473 1.482163 -0.781312 -0.819743 0.909791 -0.109832 0.348221 -0.264906 0.452416 -0.024276 -0.483354 
54.280773 -22.170318 2.538273 2.395259 1.725039 -2.492234 -0.722631 2.560451 0.171094 0.647262 -1.623386 -1.143068 0.990695 -1.161668 0.124312 0.281619 -0.015343 -1.321347 0.096887 -0.389701 -0.087633 -0.197444 0.379115 -0.204190 -0.509774 -3.614617 0.256479 1.502574 -0.808040 -0.056687 0.060786 -0.424280 0.220623 0.148305 0.313409 0.082129 0.004344 
104.703957 -25.445876 2.506058 3.380173 0.997656 -3.482787 -0.648274 2.095174 0.362735 0.408952 -1.309901 -1.130609 0.571183 -5.295854 1.154317 1.025883 -0.585730 -0.942516 -0.488372 -0.546208 0.051282 0.078160 0.793971 -0.033615 -0.398981 -2.625090 0.997263 -0.608068 0.542662 -0.130825 -0.332909 -0.105762 -0.039063 0.296394 -0.053509 0.097092 0.057289 
97.589256 -32.762025 4.846908 4.447024 0.553580 -4.377267 -1.699375 1.468035 0.273657 0.803583 -0.035444 -1.210298 0.192733 -6.411849 2.118838 -0.934518 1.069981 -1.582997 -0.568930 -0.601225 -0.165760 0.395343 0.272097 -0.010006 -0.395195 0.548209 -0.404632 -1.423268 0.445102 -0.305643 0.236168 -0.086097 -0.255805 -0.051152 -0.538044 0.050957 -0.014802 
90.084511 -38.269573 6.743733 1.511137 3.137618 -6.648780 -1.786134 0.892723 0.031215 1.199638 -0.765707 -1.150621 -0.219208 -4.199435 0.345053 -1.820654 0.304475 -1.553802 -0.016036 -0.718403 -0.460329 -0.024143 -0.282118 0.068299 -0.428585 3.334538 -1.895966 0.120331 -0.894380 -0.217859 0.683483 -0.219061 0.165869 -0.384410 -0.365766 0.245630 -0.252454 
0.000000 -41.160895 5.537014 0.805717 1.162530 -7.484871 -1.731447 0.031229 -0.647001 0.755298 -0.599679 -1.073700 -0.664436 0.257228 -1.673094 -0.693855 -0.718779 -2.018715 0.798036 -1.039348 0.165977 -0.373476 -0.459434 0.481253 -0.900104 2.625430 0.014988 0.709886 -0.153155 1.076325 0.002970 0.116604 0.362970 0.089087 -0.028048 0.032708 0.214348 
0.000000 -37.755117 3.397545 0.123426 1.700060 -10.686210 -0.190061 -1.185973 0.363170 0.452685 -1.684576 -0.188115 -2.019416 1.051426 0.375030 -0.400882 -0.001834 0.598848 -0.010096 -0.485195 0.265611 0.154032 -0.338214 0.133714 0.000111 0.508541 1.803301 1.260717 1.063589 1.788460 -0.579994 0.716014 -0.528414 0.595311 0.597711 -0.285858 0.676428 
0.000000 -39.058043 6.287074 0.003952 1.158862 -6.287176 -1.751639 -0.939160 -0.115779 1.063363 -1.276107 -0.806271 -0.664214 1.274310 1.933507 1.827579 1.408398 1.558205 -0.361952 0.392680 -0.890851 0.817146 0.735987 -0.090463 0.452753 1.113650 0.354717 0.664701 0.814382 -0.571667 0.203761 0.643566 -0.291108 0.072826 0.218053 0.008159 0.026005 
90.989784 -35.206497 7.264559 3.778585 4.516857 -7.569800 -0.913965 -0.400614 -1.418533 2.086977 -0.212602 -0.369041 -1.113910 3.278726 1.084464 0.928520 1.626929 -0.544486 0.397426 0.801937 -0.316606 0.299685 0.097893 0.150033 0.052121 -1.159468 -0.763418 -1.227875 -1.203707 -0.778224 0.117618 0.310483 0.482117 -0.653610 -0.310540 -0.161012 -0.108295 
90.638969 -32.500591 8.456002 1.860992 4.412720 -7.376148 -0.956786 0.664714 -0.748990 1.662733 -1.080321 -0.506205 -0.559972 -1.044626 0.406672 -0.628171 -0.999016 0.001757 -0.126717 1.013645 0.073383 -0.490074 0.114907 -0.412486 0.236163 -5.134271 -0.671173 -0.166955 -1.847976 0.255656 -0.544902 0.167554 0.021548 -0.378803 0.420782 -0.519387 0.187227 
87.240250 -37.295749 8.077904 2.522243 2.518824 -7.566286 -1.167398 1.626677 -1.271768 1.106829 0.017212 -1.194013 -0.641584 -6.989816 -0.257881 0.594610 -2.069024 -0.033174 -0.692378 1.137045 -0.273510 -0.457921 0.939458 -0.888741 0.426575 -3.818586 -1.302962 0.272510 -0.712069 0.187070 -0.520358 -0.663932 0.007313 -0.026075 0.098568 0.276767 0.069757 
84.387520 -46.480223 7.940240 3.050213 0.274673 -7.442495 -2.341543 2.938804 -1.296011 0.746890 0.798595 -2.283687 0.293178 -8.681799 -2.199252 -0.083151 -2.423155 0.375898 -1.167432 -0.314218 0.088009 -0.542224 0.312042 0.141047 0.375678 3.489314 -2.646125 -1.097989 2.337318 2.525812 0.824990 -1.015845 0.303073 0.532898 -0.342558 0.769423 -0.143524 
0.000000 -54.659348 3.679400 2.355942 -2.327486 -6.814490 -3.502262 0.998242 -1.095749 0.022382 0.641296 -0.911919 0.109771 -0.011189 -5.550130 -1.601367 2.605612 5.018451 0.957603 -0.894645 0.332635 0.607874 0.254341 0.650106 0.139527 12.423866 -0.785938 -0.829700 3.160072 2.682267 1.692409 -0.034208 0.122237 0.665676 0.146458 0.004249 -0.072164 
0.000000 -46.502600 -3.160021 -0.152522 5.485897 2.594407 -0.426338 1.149513 -0.630741 1.962639 1.307278 -0.983476 0.572232 16.165933 -3.771129 -1.742550 3.896989 5.740432 2.217385 -0.382635 0.332483 0.789128 0.604957 0.149545 0.231350 7.666729 3.671065 0.297425 -1.696150 -2.513508 0.054637 0.121737 -0.160568 -0.747347 -0.174869 -0.431204 0.059315 
119.135529 -22.327481 -3.862858 -1.129158 5.466492 4.666375 0.932508 0.232973 -0.430782 1.600639 1.851210 -0.612830 0.572472 15.322269 1.792000 -1.006517 -0.786687 -0.008565 1.066876 -0.651172 0.011500 -0.886820 -0.095398 -0.212302 0.258157 -6.231920 3.353005 1.251247 -2.814164 -3.979639 -1.341933 0.143930 0.071568 -0.831346 -0.784247 -0.206761 0.093701 
124.401115 -15.858061 0.423980 -2.165556 3.912523 2.577276 1.707414 -0.152830 -0.607742 0.188999 1.116483 -1.408080 1.088547 3.702094 2.934881 0.759943 -1.731339 -2.218845 -0.466481 -0.094775 0.475619 -0.873563 -0.963536 -0.263976 0.418753 -8.100183 -0.281092 1.598322 -0.037086 -1.330710 -1.397347 0.498535 0.268354 0.583397 -0.300128 0.304858 -0.269447 
130.918549 -14.923293 2.006904 0.390729 2.003815 0.228686 -0.000455 0.043422 0.520455 -0.146487 -0.075862 -1.140782 1.409977 -0.878096 1.229816 2.190126 -0.860859 -2.669986 -1.727818 0.345898 0.548209 0.279973 -0.695654 0.397413 -0.280738 -4.046002 -0.652956 0.181617 0.927736 0.488874 -0.244748 0.179203 -0.657012 0.670370 0.708055 0.383133 -0.470588 
128.133423 -17.614254 2.883612 2.214696 2.190806 -2.762696 -1.748223 0.538965 0.488675 0.748945 -0.274825 -0.613253 0.527071 -4.389910 1.628970 1.123178 0.124133 -1.241097 -0.955978 0.263632 -0.838405 0.467177 0.452574 0.502291 -0.522423 -3.386432 0.723432 -1.896264 0.713571 2.004510 0.976119 -0.242422 -0.428384 -0.139294 0.588370 0.008342 0.059805 
123.339302 -23.703112 5.264843 2.637084 2.252081 -2.253509 -1.912410 0.570686 -1.156354 0.787866 0.829286 -0.136200 0.365132 -7.650960 2.676681 -1.602402 0.566284 1.339035 0.224421 -0.138947 -0.308558 0.001386 0.481086 0.414098 -0.161129 -0.640230 0.169757 -1.884306 0.078254 1.527305 0.493332 -0.193895 0.877046 -0.398412 -0.189521 -0.168076 0.229328 
119.026573 -32.916173 8.236975 -0.990108 3.323373 -0.084627 -1.299381 0.261072 -0.128442 0.751716 0.687347 0.214943 0.204814 -5.670370 1.968484 -2.645435 0.280640 1.813513 0.030687 -0.124158 0.915688 -0.329648 0.073533 0.166138 -0.063767 5.289837 -1.446569 0.979791 -0.352233 -0.862798 -0.244615 0.397697 -0.129046 0.118744 0.059071 -0.648028 0.155511 
118.717476 -35.043853 9.201812 -2.653786 2.813362 1.373517 -1.851037 0.322371 0.675021 0.128571 0.976352 0.196076 0.237597 2.928715 -0.216456 0.357179 -0.138183 -0.386561 -0.264810 0.656448 -0.566651 0.238874 0.599228 -0.881957 0.149893 6.378791 -2.128250 1.867926 -0.271713 -1.734250 0.411491 0.559354 -0.813692 0.170622 0.111290 -0.674112 0.161361 
116.797737 -27.058743 7.804062 -0.275750 3.047006 -0.857749 -1.829002 1.573967 -1.261744 1.229464 1.885804 -1.548970 0.504600 7.087213 -2.288016 1.090416 -0.262786 -1.654986 0.853668 0.994551 -0.711697 0.011596 0.296113 -1.182086 0.258955 0.095730 -1.085977 -0.691370 0.146110 0.198564 1.111418 -0.330699 0.342744 -0.600631 -0.531566 0.643657 0.153970 
113.556274 -20.869428 4.625780 -0.472954 2.287789 -1.936454 -0.143700 2.311472 -0.748373 0.151764 1.568578 -2.168095 0.755507 3.120176 -2.388411 -1.025561 0.154037 0.010568 1.958026 -0.004950 0.118837 -0.962387 -0.463903 0.405356 0.457832 -5.796711 0.384901 -0.839045 0.617023 1.527586 0.304595 -0.799064 0.389527 0.003218 -0.399385 1.179485 -0.067688 
113.028305 -20.818391 3.027240 -2.326872 3.355081 -0.836614 2.087050 1.564067 -1.024069 -0.695310 0.957998 -0.738258 1.420265 -4.506208 -1.518214 -0.587673 0.971260 1.400185 1.462858 -0.603578 0.067356 0.018033 -0.502658 1.176884 0.123578 -6.218215 -1.078846 2.130773 -0.169956 0.457476 -0.471241 -0.072883 -0.285382 0.850726 0.092479 -0.030553 -0.409871 
113.112984 -29.881844 1.589352 -1.648300 4.230308 0.863916 2.782017 1.104317 -0.613660 0.187830 0.563263 0.185673 1.002664 -9.316254 -4.546103 3.235984 -0.185874 0.925520 1.015544 -0.150716 -0.451926 0.739064 -0.278945 0.344250 -0.361911 -0.171295 -2.704259 0.866361 -0.944658 -0.512767 -0.345946 0.457983 -0.195247 0.113930 0.372271 -0.679397 -0.098521 
109.810181 -39.450898 -6.064967 4.145096 2.983334 1.014425 4.118139 1.262635 -1.927921 0.782818 0.400109 -0.049757 0.696444 -4.848798 -6.926731 1.145049 -0.918056 0.374651 0.770967 0.312389 -0.323138 0.245893 0.241885 -0.181910 -0.073463 3.994707 0.383500 -3.405037 -0.078322 -0.200470 -0.755290 0.138142 0.447486 -0.406710 0.263307 -0.056902 0.211901 
112.600037 -39.579440 -12.264111 0.641798 2.394196 1.613218 4.323950 1.729095 -1.259937 0.679615 1.047032 -0.178146 0.855737 -1.326840 -3.779103 -3.574089 -0.342519 0.524579 -0.495037 0.125569 0.443047 -0.074357 0.247669 0.230446 0.061891 0.648722 3.219610 -2.309290 0.288764 -0.107384 -0.699823 -0.970218 -0.019426 -0.083173 -0.047804 0.286672 -0.217358 
110.202301 -42.104578 -13.623173 -3.003081 2.298297 2.063582 3.128065 1.513772 -1.041828 0.634105 0.895448 0.411135 0.820225 -3.551354 -0.487511 -3.473532 -0.340528 0.159883 -0.628679 -1.628047 -0.361991 0.079546 0.146277 0.391434 -0.508179 -0.719402 1.858995 1.955723 1.026288 -0.053580 -0.338464 -0.438376 0.075843 0.012392 -0.084108 0.032719 -0.330939 
0.000000 -46.682148 -13.239133 -6.305265 1.713140 1.932983 3.066593 -1.526999 -1.983919 0.838707 1.339586 0.604722 -0.160620 -2.765644 -0.061113 0.337358 1.710058 0.417419 -1.171964 -0.751183 0.594733 -0.049573 0.079454 0.295884 -0.599988 6.688692 2.356502 3.286806 0.669025 0.486451 0.080577 1.324196 0.769169 -0.158563 0.028523 -0.464677 0.441806 
0.000000 -47.635866 -13.745399 -2.328365 5.718412 2.898421 0.784138 0.011406 0.147638 0.534960 1.054355 1.002903 -0.379751 9.826030 4.225494 3.100081 0.997522 1.132784 -0.467524 1.020344 1.176347 -0.237581 0.203323 -0.537920 0.375434 8.604959 3.272560 0.550716 -1.890844 -0.338527 0.860281 0.683055 -0.256726 -0.152713 -0.096445 -0.734702 0.609443 
138.214279 -27.030088 -4.788146 -0.105103 3.708183 4.198551 2.131544 0.513690 0.368775 0.363545 1.746231 -0.471118 0.590247 14.444274 6.484008 1.438790 -2.071630 -0.259634 0.548598 0.614926 0.081281 -0.354998 -0.113436 -1.173521 0.618897 -2.636466 -0.665182 -0.766771 -1.228867 -1.545273 -0.637510 -0.261775 -0.428056 0.269024 -0.556321 -0.050338 -0.132934 
138.311050 -18.747318 -0.777383 0.549216 1.575151 2.379152 1.881333 1.241258 0.310200 -0.175036 0.827482 -1.344139 0.858044 4.553098 2.895131 1.566540 -1.460213 -1.957763 -1.742545 0.496794 0.320236 0.300466 -0.909320 -0.638596 0.109567 -8.031900 -2.327907 0.559880 0.537490 -0.706552 -1.380633 -0.371419 -0.136749 0.476682 0.044613 0.717342 -0.334013 
130.541519 -17.923892 1.002116 3.027978 0.787757 0.283026 -1.353546 1.507279 1.009246 0.964478 -0.072409 -1.748309 0.809380 -1.619526 1.828195 2.558551 -0.996651 -1.672738 -2.212668 -0.127912 -0.192216 0.598367 -0.024210 0.261164 -0.049128 -5.801706 -0.159367 -0.229360 0.391026 0.811519 0.731351 -0.630538 -0.507423 -0.285532 0.796519 0.719510 0.092074 
125.336441 -21.986370 2.879007 5.666318 -0.418152 -0.966324 -2.544003 0.985434 -0.074233 1.021697 0.779062 -0.821811 0.759788 -7.050313 2.576396 1.107819 -0.678161 -0.334725 -0.279842 -0.764281 -0.694611 -0.270597 0.683719 0.800425 0.293715 -5.477814 0.116901 -1.557956 1.069003 1.494634 1.274513 -0.161330 0.507403 -0.418880 -0.073179 0.228012 -0.024712 
120.744415 -32.024518 6.154908 5.243616 -0.568565 -0.386425 -1.913230 -0.021283 -0.379976 0.423284 1.295029 -0.147459 1.396810 -12.575155 2.061998 -0.557361 1.141355 1.316530 0.336358 -0.450572 0.822589 -0.239394 -0.170568 0.717189 -0.098552 -0.519406 -0.483512 -0.785662 0.746870 0.323928 0.213688 0.389010 0.813242 0.203327 -0.535420 -0.101631 -0.571686 
114.774002 -47.136679 7.003002 4.551595 1.864559 1.666737 -1.871287 0.084289 1.570945 0.542909 0.437926 0.612567 0.562684 -8.089126 1.609372 -0.463504 0.815579 0.313130 0.147534 0.013739 0.931872 0.136058 -0.387120 0.597163 -0.849658 8.056366 -0.096115 -0.291741 -1.654911 -1.169975 0.702460 -0.239152 -0.427652 -0.088308 0.257182 -0.717735 0.034372 
111.997978 -48.202770 9.373652 4.316608 1.062593 0.239836 -1.618162 0.006195 1.483768 0.695400 0.520789 1.046867 -0.302506 3.537578 1.869768 -1.140843 -2.168467 -1.023420 1.741278 -0.928876 -0.032716 -0.416010 0.343797 -0.718282 -0.029808 8.033346 -1.748348 -1.425882 -0.586337 -0.265318 0.667469 0.017528 -0.759868 -0.451874 0.329223 -0.680084 0.671054 
110.136681 -40.061522 10.742538 2.269909 -2.472376 -0.380103 1.611270 -1.773463 1.505513 -0.289111 1.125519 -0.823996 0.503069 7.977567 -1.887324 -3.315269 -0.357095 -0.217506 1.482472 0.048795 -0.587863 -0.767689 0.271325 -0.763005 0.492451 1.625751 -5.781579 -1.200876 2.251884 0.765663 -1.110265 1.119064 -0.486189 0.282185 -0.083759 0.548572 -0.122019 
107.698723 -32.247637 5.599003 -2.313930 0.348403 -0.195176 1.346783 0.103785 0.308041 -0.839979 1.063439 -0.479144 0.682396 6.789080 -9.693389 -3.542595 2.335301 0.507907 -0.479251 1.309251 -1.005095 0.148359 0.176279 0.378862 -0.273847 -2.996168 -4.480204 0.700805 0.351299 0.274086 -0.559339 0.191183 -0.084475 0.535267 -0.178110 0.690829 -0.336805 
105.086739 -26.483363 -8.644240 -4.815281 2.198226 0.635712 0.652767 0.845040 -0.504676 0.007607 1.478076 -0.066273 -0.044625 1.985230 -10.847732 -1.913658 0.345502 0.330667 0.363795 0.431161 -0.756813 0.302844 -0.084895 0.618652 -0.181158 -4.691833 2.913062 1.516094 -1.386435 -0.336535 0.583965 -0.439211 0.327422 -0.367383 -0.304236 0.048459 0.213380 
0.000000 -28.277176 -16.096460 -6.141247 1.039408 0.466157 2.074373 0.966107 -1.205585 -0.234291 0.893649 0.758161 0.320079 -2.594585 -3.867265 -0.510407 -0.437568 -0.165162 0.688678 0.430830 -0.350251 -0.586406 -0.432193 0.475780 0.152914 -1.479779 7.552690 1.878912 0.624647 0.398300 -0.125989 0.147645 0.568563 -0.164815 0.203818 -0.164100 -0.031062 
0.000000 -31.672533 -16.378770 -5.836094 1.323090 0.305389 2.030124 1.706700 -1.205179 -1.165205 0.613690 0.885287 0.261203 -0.974329 4.257649 1.844165 1.594797 1.127266 0.111816 0.726452 0.380313 -0.026786 0.322741 0.290453 -0.243283 1.611993 5.927580 0.794046 1.255586 1.028150 -0.031238 -0.191479 0.194844 0.727558 0.308529 -0.361384 -0.038305 
0.000000 -30.225834 -7.581162 -2.452916 4.229003 2.720689 2.298005 2.419010 -0.444958 -0.287863 1.539130 1.339068 -0.166487 0.629401 7.987896 1.077685 2.073604 1.891138 0.626203 0.047871 0.039437 0.868710 0.184865 -0.246988 0.076305 0.718897 0.471368 -1.471412 -0.210778 -0.800092 0.391835 -0.445954 -0.515708 0.335478 -0.545202 -0.484395 0.497953 
110.821823 -30.413732 -0.402978 -3.680725 5.470298 4.087665 3.282529 1.802442 -1.126304 0.572215 0.983421 0.391312 0.413813 0.463465 5.200385 -1.098660 1.173242 -0.472918 0.895487 -0.165457 -0.651102 0.644169 -0.767663 -0.678337 0.752623 0.301626 -2.600197 0.108208 -1.589862 -2.188068 -0.302246 0.299185 0.035650 -0.271633 -0.349197 -0.222597 0.132151 
107.251671 -29.298904 2.819608 -4.650236 6.575486 1.774852 4.088979 2.088096 -1.747162 1.000476 0.003804 -0.017606 1.338759 1.232653 2.787501 1.294100 -1.106119 -2.484999 0.021710 0.646242 0.110737 0.325444 -0.513529 -0.692181 0.340606 0.491449 -2.487966 2.730178 -1.719030 -0.701575 -1.399247 0.050428 0.796660 0.104917 0.488431 -0.001330 -0.517903 
101.287346 -27.948425 5.172025 -1.092524 3.258060 -0.882333 3.325949 3.094927 -0.904830 1.223103 -0.043638 -0.993050 1.095025 1.446363 0.224454 4.361697 -2.264819 -1.876068 -1.903008 -0.064601 0.942218 0.854003 0.209199 -0.680996 -0.283183 -1.173343 -1.907914 1.502268 0.529092 0.832667 -1.153736 -1.048663 0.182952 0.120342 0.459913 0.519801 -0.194457 
95.370796 -26.406178 3.268515 4.073157 2.045848 -1.977283 0.282963 1.958894 0.137275 2.708482 0.422202 -1.379599 0.772394 -1.114034 -1.028326 4.298637 -0.047934 -0.819665 -2.285761 -1.451083 0.476641 0.566129 0.406297 0.347422 -0.048307 -3.103390 0.089256 -0.848969 1.572033 1.149813 0.694718 -0.658728 -0.723873 -0.912809 -0.043531 0.862717 0.312847 
94.624832 -30.176493 3.115373 7.504749 3.162192 -2.521663 -1.245573 0.192761 0.048452 2.355360 0.768956 -0.298206 0.998411 -4.760418 0.402965 2.663758 0.879248 0.423558 -0.513572 -1.382057 -0.505528 -0.971615 0.122137 1.044438 0.342512 -0.780153 1.832966 -2.513287 0.274301 0.738161 1.166391 0.484797 -0.449141 -0.465888 -0.304122 -0.010870 0.128515 
98.479202 -35.927013 4.074445 9.400674 3.804344 -1.130167 -0.744180 -0.805219 -0.873782 0.765252 0.666475 0.709278 1.457417 -2.674341 2.637605 -0.727937 0.500668 0.656657 0.047021 -0.481488 -0.421641 -0.365648 -0.201948 0.325682 0.208723 4.643958 0.950181 -3.634674 -0.482264 -0.461865 0.238772 0.868712 0.387965 0.903691 0.012724 -0.942185 -0.124866 
108.775169 -35.525174 8.390584 6.048875 4.163529 -1.208350 -1.151532 -0.770215 -0.794830 1.624063 0.365061 0.353158 1.415856 4.527499 2.303327 -4.605589 -0.085280 -0.500172 -0.036027 0.355368 0.270401 0.835766 0.147585 -0.839931 0.092780 4.059842 -1.692291 -1.981964 -0.534013 -0.332592 0.519090 0.949947 0.228609 0.073990 0.303067 -0.744175 -0.084229 
116.774078 -26.872016 8.681099 0.189496 3.633783 -2.130511 -0.816235 -0.094484 -0.332979 2.436784 0.961645 -0.970583 1.642977 5.445344 -0.746977 -4.691865 -0.567357 -0.008527 1.085200 1.418405 0.035578 -0.217668 0.404186 -1.162668 0.040265 -1.798016 -2.307598 1.530421 -0.184134 0.895481 0.803272 0.132299 -0.252426 -0.915866 0.145883 0.243858 0.066843 
119.545509 -24.634486 6.896629 -3.334855 3.028814 -1.225404 1.018867 2.066596 -0.723674 1.188728 1.173434 -1.972179 1.496385 0.931467 -2.311869 -1.544747 -0.453548 1.290790 1.570517 0.619965 -0.234451 -0.995966 0.439350 -0.352214 0.226466 -6.241519 0.011477 2.522508 0.224223 1.090673 -0.311393 -1.178626 0.303394 0.323840 -0.402026 1.023569 -0.023280 
117.406776 -25.009082 4.057362 -2.899999 2.726688 0.451070 2.324800 1.145446 -0.801880 0.444851 1.840346 -1.675012 2.095909 -7.037695 -0.724023 0.353151 -0.118912 2.172820 0.462414 -0.938847 0.642365 0.430013 -0.399866 0.884469 -0.006295 -5.681207 -0.270578 2.178882 0.156611 -0.009209 -0.866069 -0.508932 0.669527 0.755608 -0.545408 1.005151 -0.724747 
111.230888 -38.709876 5.448583 -2.628553 2.790990 3.120235 1.943696 0.188901 0.561055 2.048754 0.373701 -0.203240 1.483794 -10.430947 -2.853024 2.813016 -0.140326 1.272373 -0.161621 -0.397899 1.104603 0.515249 -0.651466 1.658088 -1.223028 1.728572 -1.412306 1.162071 -0.026782 -1.117515 -0.216742 0.509611 -0.109615 -0.358358 0.240861 0.018866 -0.455338 
108.299042 -45.870976 -1.648687 2.726034 2.446036 2.995815 2.001557 0.349649 1.407326 1.475348 0.537414 1.641163 -0.350148 -3.580550 -3.548635 2.677293 -0.172477 -0.062210 0.028931 0.080374 0.423136 -0.286703 0.081856 0.922201 -0.916971 3.425199 -0.347805 -0.067862 -0.016076 -0.667291 0.095276 0.239136 -0.340734 -0.400976 0.366661 -0.367943 0.153029 
