56.564575 -49.448501 -4.773274 -5.417507 2.818020 1.811571 3.311180 -0.019392 -0.635768 1.727125 1.600664 0.090912 0.282733 -2.497905 -0.494210 -0.748507 0.270116 0.311375 -0.388895 -0.195124 -0.512052 0.322202 -0.283128 -0.303759 0.122355 -0.335829 -0.116953 0.357353 -0.045570 -0.148829 -0.031449 0.079239 -0.175892 0.114933 -0.150982 -0.004367 -0.029909 
157.133957 -54.444311 -5.761695 -6.914521 3.358252 2.434320 2.533390 -0.409639 -1.659872 2.371530 1.034408 -0.516606 0.527443 -3.169562 -0.728116 -0.033802 0.178975 0.013717 -0.451793 -0.036646 -0.863837 0.552068 -0.585092 -0.312493 0.062537 1.099141 0.773587 0.925233 -0.094970 -0.151739 0.381887 0.202566 0.095102 0.091110 0.130975 0.202903 0.002501 
0.000000 -55.787626 -6.229506 -5.485111 3.175970 1.839006 2.407593 -0.092684 -2.363441 2.831261 0.430480 -0.534073 0.407806 -0.299622 1.052964 1.101959 0.080175 0.007896 0.374879 0.210008 -0.321848 0.504423 -0.021178 0.102047 0.127358 1.768103 0.960016 0.070848 -0.213326 -0.014182 0.495846 0.016079 0.354940 -0.238207 0.463215 0.193741 -0.156250 
160.561737 -55.043556 -3.655766 -4.710603 3.518603 2.450112 3.283148 0.010377 -2.303569 3.380376 0.992052 -0.312511 0.782159 0.366643 1.191915 0.107893 -0.247676 -0.014646 0.539898 -0.004488 -0.153956 0.075654 0.341337 0.074989 -0.249964 0.445690 -0.263165 -0.937993 -0.257302 -0.263296 -0.134659 -0.068367 0.099262 -0.112884 -0.221844 0.281438 -0.263291 
199.689331 -55.054340 -3.845676 -5.269326 2.680618 1.809714 3.487389 -0.101660 -2.671352 2.982569 1.113155 -0.384095 -0.092121 0.591757 0.526633 -0.774026 -0.434430 -0.518697 0.105561 0.073275 -0.123324 0.278655 -0.464866 0.664923 -0.399225 -0.265687 -0.517885 -0.143784 0.485584 -0.270590 -0.345992 -0.032444 0.063266 0.195623 -0.562388 0.191680 0.204602 
159.004745 -53.860042 -2.602499 -6.258656 2.649743 1.412717 3.494270 0.156927 -2.550216 3.937685 0.062319 1.017335 -0.016292 -0.164732 0.156146 -0.179676 0.723492 -0.555825 -0.152087 -0.069375 -0.027424 0.466901 -0.783439 0.458349 0.159240 -1.337077 -0.534680 0.599924 0.383172 0.336065 -0.353005 -0.380209 0.120254 -0.245797 0.075757 -0.721334 0.327606 
50.597309 -55.383803 -3.533384 -5.628678 4.127602 0.698063 3.183216 -0.240410 -2.726200 3.916371 -0.453724 0.532603 0.226358 -2.082396 -0.542726 0.425821 0.331914 0.153433 -0.600449 -0.687144 0.117184 -0.212939 -0.313352 -0.777745 0.255987 7.817628 3.126652 1.154856 -1.102649 -0.714743 -1.225348 -0.110633 0.885397 -1.347809 -0.325580 -0.623778 0.066386 
0.000000 -58.024834 -3.687951 -5.407014 3.313570 1.719584 2.293373 -1.217362 -2.315848 3.511807 -0.564385 -0.538155 0.495683 15.470524 6.409450 2.130036 -1.481805 -1.985312 -2.602783 -0.290640 1.743370 -2.228716 -1.434599 -0.789207 0.292012 11.875856 2.522602 0.676969 -1.024849 -1.586189 -0.389854 0.335423 0.513644 -0.946299 -0.139687 0.274519 0.002748 
0.000000 -24.442755 9.285516 -1.368605 1.163991 -3.272561 -2.022349 -0.821691 0.760540 -0.541062 -3.322923 -1.045811 0.810382 21.669316 4.502477 1.779759 -1.717784 -3.018945 -1.380157 -0.016299 1.144472 -2.105537 -0.592726 -0.228706 0.261483 -6.353310 -4.174042 -1.167057 0.482155 0.443899 1.671081 0.152351 -1.090516 1.128751 1.450844 0.467253 -0.123323 
225.141495 -14.686202 5.317004 -1.847495 -0.121998 -4.318306 -0.466941 -1.249960 -0.026904 -0.699267 -1.749838 -0.995568 1.018649 2.763904 -1.938635 -0.204079 -0.517495 -1.097514 0.739380 0.014061 -0.437662 0.028786 1.467088 0.145300 0.045366 -12.977588 -1.889471 -0.820795 1.502020 1.240464 0.589085 0.286762 -0.715725 1.223970 0.680282 0.243098 -0.416117 
212.077682 -18.914948 5.408246 -1.776762 0.129002 -5.467589 -0.543589 -0.793569 -0.114784 -0.483491 -0.388746 -0.755211 0.901114 -4.285859 0.723535 0.138170 1.286256 -0.538017 -0.201986 0.557224 -0.286978 0.342402 0.767837 0.257490 -0.570752 -3.165910 0.857757 0.473575 1.087518 0.822695 -0.013473 0.024002 -0.171798 0.220321 -0.585861 -0.040476 -0.232844 
198.516251 -23.257920 6.764074 -1.571156 2.450514 -5.394340 -0.870914 -0.135512 -0.600861 -0.014464 -0.214163 -0.480587 -0.122855 -3.567916 -0.223121 0.743072 1.657542 0.547877 0.712435 0.062065 -0.781258 0.469429 0.295365 0.064348 -0.420321 1.232657 -0.713471 -0.188147 -0.272679 0.584766 0.835499 -0.320506 0.160646 -0.012964 -0.408999 -0.059978 0.236155 
189.682617 -26.050780 4.962004 -0.290619 3.444086 -4.371835 0.881280 -0.669439 -1.677300 0.455367 0.201984 -0.626516 0.060471 -1.820544 -0.703407 -0.238125 0.740897 0.631516 1.469011 -0.083788 0.034314 0.316474 -0.050160 0.137534 -0.098441 1.670201 0.053315 -1.035076 -0.708424 0.276030 0.218161 0.275981 0.463194 -0.238815 -0.553119 0.257488 0.233683 
173.148575 -26.899008 5.357260 -2.047405 3.932308 -4.131308 2.067109 -0.303088 -0.532233 0.618484 -0.314483 -0.205519 -0.319737 -0.227513 -0.116492 -1.327081 0.240694 1.099938 1.148757 0.614027 0.145130 -0.008202 -0.810872 0.579324 0.047045 -0.555497 -0.181121 0.218353 -0.617300 1.002207 -0.994429 0.029597 0.254505 -0.005660 -0.349793 -0.007754 0.501868 
162.351028 -26.505806 4.729021 -2.944781 3.925473 -2.171959 3.178794 0.558614 -1.387040 0.438963 -1.419761 0.532132 0.154562 -2.931538 -1.065649 0.198582 -0.493703 2.635930 -0.519847 -0.024593 0.543323 0.305155 -0.749746 0.122026 0.905295 -1.841173 -0.238433 1.316417 -0.750713 0.608702 -1.281299 -0.593519 0.516570 0.077965 0.381498 -0.458720 0.205697 
155.334854 -32.762085 3.225963 -1.650241 2.944902 1.140551 1.027415 -0.352275 0.554414 1.228794 -1.813976 0.038534 1.490852 -3.909859 -0.593359 1.305753 -1.260732 2.317342 -1.413840 -0.573012 1.178269 0.147728 -0.047876 -0.338115 0.458438 1.117496 0.057536 0.037578 0.374507 -1.203154 0.264655 0.012952 -0.379255 -0.175942 0.528749 -0.287997 -0.450060 
154.056610 -34.325524 3.542304 -0.333276 1.404009 2.462724 0.351114 -0.587410 0.969498 0.734418 -1.515512 -0.144098 1.071438 -0.696546 -0.950576 0.273738 0.255311 0.229621 0.009462 0.001311 -0.215188 -0.046729 0.307752 -0.453967 0.005175 -0.662426 -3.735429 -0.358458 2.417924 -2.206060 0.503119 0.859931 -1.291600 0.284583 0.307220 0.167448 -0.431135 
155.748123 -34.155177 1.324811 -1.102765 3.455525 1.599794 1.046339 -0.349653 0.124038 1.135337 -1.198472 -0.869400 1.501203 -5.234711 -8.064216 0.588836 3.575115 -2.094779 -0.407602 1.146851 -1.404932 0.716894 0.566564 -0.003219 -0.403832 -1.048320 -2.164651 0.948398 1.829386 -0.768944 -0.134970 0.815195 0.071579 0.161550 -0.217912 0.619380 -0.141280 
161.685928 -44.794945 -12.586128 0.844396 8.554238 -1.726835 -0.464090 1.706292 -1.840365 2.168206 -0.382384 -0.150536 0.263775 -2.793186 -5.279877 2.170534 3.914084 -1.308267 -0.260478 1.631702 -0.072029 0.276371 -0.128073 0.784793 -0.277386 6.126148 5.923120 -0.267749 -0.857533 2.375828 0.220715 -1.128005 1.059683 -0.405204 -0.728828 0.020443 0.283794 
0.000000 -39.741549 -9.234944 3.238302 11.283693 -1.016740 0.525384 2.913751 -0.020019 1.688078 -1.454618 0.700185 0.946431 7.017586 3.782023 0.053338 1.860048 2.656876 0.033828 -1.109160 0.714433 -0.093515 -0.891092 0.037667 0.163757 5.665564 4.807860 -2.505322 -2.794919 1.842902 0.191604 -1.887627 -0.198074 -0.255551 0.076197 -0.406568 0.005462 
192.353271 -30.759773 -5.022082 0.951071 12.274335 3.586917 -0.396434 -0.512027 -0.411498 1.981177 -2.164567 -0.075202 0.591289 8.537942 4.335842 -2.840110 -1.675754 2.377536 0.122730 -2.143553 -0.468177 -0.234731 0.024320 -0.028343 -0.266462 -3.128744 0.531482 -0.856257 -3.128883 -1.875690 0.526507 0.817914 -0.327613 -0.271034 0.639441 0.022549 -0.162528 
211.924316 -22.665664 -0.563260 -2.441917 7.932185 3.738332 0.770843 -1.373355 -0.956372 1.218617 -1.405977 0.643498 0.413507 0.760098 4.844987 -1.659177 -4.397718 -1.094503 1.086841 0.526668 0.059208 -0.635583 0.387790 0.082765 -0.161299 -6.653256 -0.234770 1.684696 -0.870209 -2.074647 0.150172 1.516862 0.901284 0.116511 -0.032877 -0.248883 0.094446 
222.930847 -29.239577 4.667892 -2.367283 3.478899 1.397910 1.777249 0.541309 -0.293083 0.710010 -1.388988 0.090328 0.268692 -4.768570 3.866302 0.529283 -3.416171 -1.771757 0.423074 0.890172 1.334391 -0.001708 -0.041434 -0.526109 -0.077570 -0.849224 -1.786500 0.931604 1.572199 0.171810 -0.445440 -0.477686 0.782647 0.397164 -0.025130 -0.297710 0.320640 
226.303986 -32.202803 7.169344 -1.383351 1.099843 0.194818 1.616990 0.406988 1.712410 1.215200 -1.488844 -0.408719 0.258367 -0.938351 1.271987 0.204030 -1.253319 -0.750882 0.195962 -0.428705 1.624502 0.158744 0.337530 -0.512655 0.479980 4.871255 -2.594661 -0.534315 1.536570 0.387263 -0.177052 -0.523613 -0.719196 -0.437435 0.632404 0.139783 0.238869 
217.352402 -31.116279 7.211865 -1.959223 0.972261 -0.103855 2.169173 -0.316100 2.955921 1.027498 -0.713928 -0.934981 1.228652 4.973941 -1.323021 -0.539347 -0.343031 -0.997230 0.068969 -0.157055 -0.104000 -0.876578 1.223375 -0.246542 0.400169 3.432504 -1.708438 -0.622096 0.128701 -0.203919 -0.384240 0.154016 -1.565304 -0.686839 0.294325 0.423558 -0.282834 
201.076813 -22.254921 4.523303 -2.462044 0.413780 -1.799642 1.754928 0.092879 1.504411 -0.537956 0.957905 -0.901802 1.058705 5.926658 -2.144889 -1.040161 -0.995917 -1.158721 -0.572518 -0.120672 -1.506107 -1.214934 0.926180 0.334461 -0.085689 -2.463265 0.610890 -0.313102 -0.555265 0.393890 -0.402559 -0.089537 -0.265034 0.335114 -0.783481 0.318855 -0.218089 
0.000000 -19.262963 2.922086 -4.039545 -1.019573 -2.421297 1.024137 -0.557444 -0.056293 -1.402369 1.138431 -0.266059 1.057275 0.047411 -0.101240 -1.165550 -1.453561 -0.209450 -0.736149 -0.336129 -0.634067 -0.206351 -0.343588 0.391169 -0.036009 -3.077728 1.124870 0.348272 0.122353 0.737014 -0.023043 -0.104272 0.913849 0.671230 -0.744024 -0.074776 -0.046416 
0.000000 -22.160098 4.320824 -4.793144 -2.493341 -2.218543 0.282629 -0.579380 0.236278 -0.950658 0.270730 -0.119464 0.986686 -0.228798 0.104850 -0.343618 -0.751211 0.315306 -0.618604 -0.329215 0.321592 0.127527 -0.561868 0.184909 -0.178520 0.699589 -0.223725 0.581594 0.806860 0.327657 0.159249 0.063129 0.228575 0.128217 0.063792 -0.071716 -0.112670 
133.585846 -19.720559 3.131787 -4.726780 -2.521995 -1.790685 -0.213071 -1.215874 0.586891 -1.147315 0.014694 0.103758 0.700236 1.446589 -0.548690 -0.002362 0.160159 0.445863 -0.417652 -0.209872 -0.176916 0.050083 -0.216004 0.247736 -0.261349 -0.151757 -0.206867 0.853733 0.939490 -0.069948 0.455392 0.152209 -0.486707 -0.024375 0.134432 -0.055941 0.069987 
126.667198 -19.266921 3.223443 -4.797868 -2.173022 -1.326817 -0.552675 -0.999124 -0.117555 -0.850492 -0.161278 0.376009 0.463988 -0.532311 -0.308884 1.363848 1.127770 0.175410 0.292180 -0.024797 -0.651822 0.078778 -0.293004 0.073027 -0.038547 -4.789233 0.499548 0.928594 0.510899 0.060734 0.604523 0.415155 0.357928 0.241331 0.086014 -0.015587 0.160513 
123.951324 -20.785182 2.514018 -1.999084 -0.266456 -1.439865 0.371290 -1.265469 -0.716753 -0.989760 -0.571313 0.249812 0.623143 -8.131877 0.450406 1.854827 1.181957 0.567330 0.791393 0.620439 0.538939 0.532744 -0.043977 0.216563 0.059678 0.200339 0.444819 -0.431616 0.011197 0.198179 -0.013271 0.470629 0.045233 -0.237352 -0.179420 0.195015 -0.146325 
117.470741 -35.530675 4.124255 -1.088214 0.190892 -0.192158 1.030111 0.241753 0.960324 0.214997 -0.249231 0.809136 0.583344 -0.131634 0.580754 0.500615 1.150163 0.571768 0.265638 0.916460 -0.561355 -0.395926 -0.651844 0.463058 -0.331197 8.121010 -0.096935 -1.003597 0.041737 -0.498482 -0.359962 -0.257557 -0.903918 -0.686529 -0.360305 -0.131222 -0.162957 
205.065536 -21.048450 3.675526 -0.997853 2.033870 -0.296329 0.902566 0.567451 -1.839464 -1.781613 -1.875001 1.175927 -0.039252 8.110142 0.256535 -0.152367 1.265431 -0.429633 0.071469 0.105324 -1.268897 -0.840313 -0.764587 -0.045881 -0.266236 -0.602613 0.349724 0.178805 -0.234339 -0.920076 -0.185678 -0.510455 0.846747 0.564954 0.383931 -0.521096 0.044607 
137.374557 -19.310392 4.637325 -1.392949 2.721754 -1.051424 1.173050 0.452401 -1.577471 -1.465630 -1.778405 0.717374 0.050871 -1.336859 1.280202 0.858225 0.681486 -1.268384 -0.105717 -0.104449 1.132140 0.733981 0.116019 -0.579134 -0.241984 -5.906558 0.146636 1.186085 -0.198611 -0.443324 -0.124582 -0.271370 1.175627 0.907773 0.597413 0.070075 -0.022832 
146.619232 -23.722167 6.235931 0.718596 3.396841 -2.833097 0.691131 0.358553 0.424815 -0.313650 -1.642963 0.017660 -0.523219 -3.702974 0.549807 2.219803 0.868209 -1.316282 -0.177694 -0.437415 1.082356 0.975233 0.430239 0.094269 -0.311900 -0.461712 -0.787172 0.442842 -0.225469 0.122281 0.220566 -0.165905 -0.509467 -0.177892 0.098711 0.506384 0.220148 
157.041641 -26.716340 5.736939 3.046657 4.458172 -3.683989 0.817661 -0.422428 0.587241 0.484837 -0.917927 0.905912 -0.572929 -2.260282 -0.294141 1.743909 0.230547 -1.023822 0.335415 -0.436258 0.113206 0.378198 0.313441 0.433635 0.198312 2.282521 -0.394902 -1.374897 -0.663579 0.762862 0.297003 0.241468 -0.422940 -0.334904 -0.551032 -0.233188 0.249186 
164.616699 -28.242732 5.647649 4.206414 3.857934 -4.880742 1.361961 -0.513963 0.651228 0.442746 -1.016082 0.884930 -0.126596 0.862068 -0.239997 -0.529992 -0.458949 0.209441 0.416312 0.045521 0.236476 0.305426 -0.671825 -0.372107 0.186471 2.847950 -0.164631 -2.134681 -0.411334 1.414518 0.176484 0.342971 -0.130670 -0.326720 -0.683788 -0.351277 0.063067 
172.556290 -24.992204 5.256945 1.986672 3.540273 -3.265106 1.650285 -0.331387 1.060194 1.095689 -2.261576 0.161698 -0.199987 3.435618 -0.623404 -2.525452 -0.592122 1.805214 0.688382 0.249684 -0.148135 -0.275242 -1.054135 -0.268919 0.324446 1.004734 -0.083509 -0.935865 0.130890 0.960319 0.155402 -0.163190 -0.565602 -0.617000 0.335876 0.236675 0.100876 
175.074631 -21.371495 4.400842 -0.844490 2.673690 -1.270313 2.738725 -0.014596 0.354958 -0.107737 -3.124352 0.347092 0.522296 2.871536 -0.407015 -2.401722 -0.197169 2.130079 0.727116 -0.280858 -0.894728 -0.928575 -0.000073 0.101244 0.388223 -1.495338 0.426367 0.693793 0.648508 0.196795 -0.491695 -0.610107 -0.256272 0.131944 0.917043 -0.012382 -0.332753 
179.764267 -19.249133 4.442915 -2.816773 3.145935 0.995052 3.104517 -0.893104 -0.729262 -0.761460 -2.261722 0.364185 0.576460 0.444941 0.229329 -1.137866 0.704894 2.198805 -0.295008 -0.970530 -0.660678 -0.011355 0.779950 -0.293682 -0.341060 -1.880352 -0.303185 1.268807 0.611583 -0.431067 -0.867540 -0.120419 0.459272 0.928117 0.064036 -0.281937 -0.464314 
184.315460 -20.481612 4.859501 -3.120221 4.083478 3.127297 2.148708 -1.955657 -0.966398 -0.130446 -1.564452 -0.240272 -0.159823 -0.889168 -1.013385 0.135891 1.025998 1.267946 -1.007963 -0.521697 0.023815 0.927660 0.128000 -0.462630 -0.540405 -0.182635 -1.479999 0.929227 0.214496 -1.074907 -0.233033 0.546669 0.371173 0.395902 -0.508900 0.111840 0.214568 
188.696365 -21.027470 2.416145 -2.544990 5.197931 3.530945 1.088591 -1.936498 -0.681632 1.093859 -2.005721 -0.561075 -0.504351 0.079672 -2.730669 0.720589 1.133887 0.048991 -0.761075 0.122808 0.081668 0.780450 -0.237850 -0.070002 0.088076 0.603936 -0.560530 -0.064303 -0.126813 -0.720334 0.441028 0.358971 0.054691 -0.400499 -0.037528 0.397663 0.442012 
181.125366 -20.322267 -0.601836 -1.679044 6.351252 3.225279 0.626558 -1.710040 -0.803062 1.430453 -2.040153 -0.380276 0.016329 0.318704 -2.134445 0.007285 0.772372 -0.172723 -0.125907 0.196245 0.133198 0.126661 0.052944 0.332695 0.343618 -0.299416 0.992199 -0.711148 -0.543750 -0.030428 0.631712 -0.081165 0.027056 -0.187887 0.132600 0.156422 -0.087919 
173.334610 -20.390062 -1.852745 -2.530419 6.742674 3.185499 0.836777 -1.544008 -0.415235 1.347181 -1.899834 0.104315 0.182886 -0.519160 -0.746270 -0.701707 0.046387 -0.011864 0.502349 -0.039522 0.135779 0.404675 0.027350 0.242843 -0.087761 -2.127185 1.143481 -0.209282 -0.763713 0.280314 0.418802 0.267859 -0.138925 0.258564 0.041355 -0.077104 -0.325319 
165.503784 -21.360586 -2.094377 -3.082459 6.444026 3.201550 1.631256 -1.789084 -0.531505 2.239804 -1.985452 0.105410 -0.159194 -3.935667 0.152516 -0.411279 -0.755055 0.387905 0.711696 0.731962 -0.144652 0.643790 0.135654 0.178487 -0.307020 -4.353862 0.932213 0.224631 -0.950587 0.041972 -0.051164 0.598936 0.148801 -0.233834 0.394356 0.149434 0.065944 
145.151611 -28.261396 -1.547713 -3.352977 5.232563 3.961310 2.260170 -0.080083 -0.704539 2.634761 -1.628525 0.461290 -0.431154 -9.226883 1.118155 -0.252445 -1.854788 0.072079 0.400021 1.158349 0.433381 -0.062993 0.816061 0.541712 0.044126 -1.846841 -1.776902 1.248958 -1.550186 -0.420906 -0.779417 -0.247023 0.536893 -0.649022 0.498282 -0.074815 0.246162 
131.856461 -39.814353 0.141932 -3.587350 2.734450 3.345707 2.431298 0.527614 0.335257 2.113818 -0.353330 1.188833 -0.070941 -7.629348 -3.401288 2.086637 -3.855428 -0.453906 -0.847137 0.237915 0.929134 -0.654255 1.132218 0.028857 0.185303 4.942386 -4.148155 0.293617 -0.817255 -0.455421 -0.423721 -0.369125 -0.344512 -0.171359 -0.373824 -0.576242 -0.065624 
125.751190 -43.520092 -8.350289 0.820297 -2.478292 3.053499 0.565896 0.395748 1.153729 1.326252 0.635912 0.519004 -0.060547 0.657888 -7.178156 0.334788 -3.489297 -0.838763 -0.447420 0.420099 -0.255643 -0.405711 0.068414 -0.610772 -0.087121 5.854222 0.561087 -1.696236 1.860023 -0.113444 0.631391 -0.101975 -0.860687 0.136204 -0.814771 -0.100264 -0.067723 
0.000000 -38.498577 -14.214380 -2.917774 -4.244144 1.668182 1.536457 1.367813 -0.176028 1.302395 -0.216501 -0.032710 -0.245183 4.079097 -2.279113 -1.305836 -0.135382 -0.680793 0.415645 0.033965 -0.792239 -0.381847 -0.497324 -0.171671 0.049858 1.931756 6.348046 0.758143 2.788103 0.750080 0.579728 0.053361 0.036849 -0.456558 -0.104854 0.537407 0.185950 
0.000000 -35.361899 -12.908515 -1.791375 -2.749057 1.691912 1.397186 0.463677 -0.430749 0.562558 -0.358736 0.175661 0.039169 4.521399 5.517936 1.851075 2.086909 0.661398 0.712035 0.526821 -0.181945 -1.318827 -0.141294 0.464042 0.284778 0.683092 4.692620 0.879904 1.509578 0.412495 0.296240 0.456899 0.042863 -0.284421 -0.056309 0.436284 -0.027549 
141.725098 -29.455778 -3.178508 0.784375 -0.070325 2.990978 2.960527 2.421454 -0.539918 -1.335258 -0.499090 0.895374 0.324373 5.445281 7.106128 0.453972 2.883774 0.144196 1.008124 0.947762 -0.706513 -0.950689 -0.609941 0.700896 -0.005241 0.043352 -1.666152 -1.656298 0.158820 -0.549552 -0.214188 -0.974171 -0.302457 1.133668 -0.171157 -0.272939 -0.445605 
123.943832 -24.471336 1.303740 -0.883431 3.018490 1.980305 3.413435 2.359201 -1.843776 -1.338821 -1.578619 1.577453 0.028688 4.608103 2.185632 -1.461522 2.404550 -0.437705 0.283659 -1.421521 -0.786859 0.948509 -0.483608 -0.081836 -0.606432 -0.879314 -4.106554 -0.786572 -0.564560 0.092460 -0.860657 -1.421326 0.535361 1.242548 0.189134 -0.714734 -0.135467 
124.507347 -20.239573 1.192756 -2.138669 4.738775 2.115567 3.527845 -0.421588 -2.113635 0.561759 -1.466306 0.731701 -0.888491 3.686653 -1.106981 -1.119172 1.754654 0.329117 -0.713190 -1.894891 0.364209 1.534407 -0.231673 -0.728572 -0.276174 -1.283210 -1.878875 0.547415 -0.621501 0.230102 -0.753921 0.185678 0.671195 -0.217308 0.107555 -0.072446 0.507539 
128.727432 -17.098030 -0.910222 -3.121775 6.527799 2.638540 1.987055 -1.430581 -1.115359 1.729994 -2.041964 0.120308 -0.523660 2.041682 -1.572118 -0.366693 1.161547 0.022498 -1.224184 -1.050165 0.555531 0.513892 -0.268499 -0.226729 0.408646 -1.113527 1.102944 0.513856 -1.576479 -0.742585 -0.087856 0.436921 -0.433026 -1.025212 0.292498 0.349880 0.251535 
131.390793 -16.156209 -1.951479 -2.872054 7.061869 2.160564 1.079477 -2.521919 -1.002572 1.589543 -2.003304 0.278243 -0.071199 1.459599 1.098908 -0.091460 -1.398303 -1.156054 -0.888903 -1.021048 -0.501844 -0.516017 0.353324 -0.028813 0.226895 -0.493923 1.861713 -0.178095 -2.282752 -0.683493 0.225363 0.424518 -0.532959 -0.595490 0.423469 0.233117 -0.202544 
134.357910 -14.178832 1.287593 -3.304695 3.731192 0.326433 0.209250 -3.472678 -2.119046 0.697960 -1.335317 0.062682 -0.069869 1.053836 2.151308 -0.722883 -3.403957 -1.344488 -0.773458 -0.201130 -0.510387 -0.677087 0.578439 0.239506 0.003559 -1.006696 -0.352258 -0.170465 -0.401995 0.323033 0.338140 0.757706 0.364791 0.096231 0.023442 0.174512 -0.128473 
133.848404 -14.048538 2.351137 -4.317820 0.253956 -0.528413 -0.467438 -2.924179 -2.023345 0.235369 -0.846425 0.757255 -0.064081 -0.553794 0.394393 -0.432389 -2.202293 -0.509987 -0.212623 0.494364 0.227738 -0.323556 0.400207 0.320211 -0.030050 -2.750500 -0.859563 1.194103 1.517777 0.871843 0.671590 0.167534 0.606521 0.139705 -0.272625 0.003351 0.041342 
132.080856 -15.286420 2.076379 -4.169474 -0.673394 -0.693541 -0.215995 -2.483950 -1.663570 0.050848 -0.534902 0.703104 -0.129970 -4.447164 0.432183 1.665324 -0.368403 0.399198 0.569723 0.133937 0.702656 -0.397678 0.033189 0.246209 0.086243 -4.451519 -1.357281 1.494097 0.784212 0.809322 0.324570 0.012792 0.187669 0.097278 -0.082191 -0.266131 0.065788 
133.544144 -22.942865 3.215503 -0.987173 -0.482851 0.269984 0.672008 -2.656304 -0.618034 -0.559986 -0.780047 1.249672 0.108405 -9.456831 -2.320169 2.555804 -0.633870 1.108657 0.436517 0.519949 0.603075 -0.129001 0.235826 -0.212050 0.101526 -1.378284 -2.968413 -0.234019 -1.199010 -0.164476 -0.762433 0.291496 -0.521376 0.258141 0.114263 -0.630209 -0.213161 
139.505096 -34.200083 -2.563959 0.942134 -1.941134 1.523772 0.657038 -1.444052 -0.457420 -0.207154 -0.063250 0.279003 0.073083 -7.203732 -5.504644 1.197286 -2.766424 0.070247 -0.955143 0.716930 -0.340095 0.118604 0.261714 -1.014209 -0.340078 3.940854 -0.147372 -1.161586 -0.701706 -0.832652 -0.692087 -0.204572 -0.511739 0.035594 -0.166255 -0.158412 -0.211972 
0.000000 -37.350330 -7.793785 1.407399 -6.015699 0.410478 -1.238278 -1.222443 -1.298225 -0.322778 -0.256619 -0.778747 -0.571752 -1.575124 -2.614913 0.232633 -2.037282 -0.556647 -0.947658 0.110804 -0.420402 -0.057812 -0.096684 -0.528875 -0.322418 2.814304 1.444865 -0.482327 0.364571 -0.313447 0.003742 -0.303063 -0.040153 -0.088208 -0.179199 0.242667 0.008830 
