127.935883 -17.829575 4.930474 -3.982026 -3.198316 -2.142833 -1.580633 -0.889467 0.362483 -0.523177 -1.564343 0.877906 0.326680 1.451474 -1.251821 0.193816 0.440945 0.823989 0.366393 -0.435268 -0.411503 -0.175620 0.163119 0.123077 -0.062289 0.306141 -0.323366 0.196345 0.937113 0.517673 0.175665 0.015891 -0.031521 0.181980 0.052661 -0.191298 -0.213637 
128.895493 -14.926627 2.426832 -3.594393 -2.316426 -0.494854 -0.847847 -1.760002 -0.460523 -0.874416 -1.238104 1.124061 0.202101 2.063756 -1.898552 0.586507 2.315171 1.859335 0.717722 -0.403486 -0.474545 0.188341 0.268440 -0.259519 -0.489563 -1.438505 0.144455 0.061971 0.866147 0.377616 0.380070 0.517288 0.349481 0.404413 -0.111210 -0.247917 -0.036545 
134.947296 -13.702063 1.133370 -2.809012 1.432026 1.575837 -0.145188 -1.696439 -0.586608 -0.146495 -1.027462 0.358869 -0.652446 -1.425537 -0.962911 0.317759 2.173238 1.579222 1.126534 0.599309 0.287459 0.633207 -0.059301 -0.372756 -0.135379 -7.572967 0.923578 0.129846 -1.562207 -0.628899 -0.110121 0.812710 0.368191 -0.086283 0.051302 0.082244 0.552779 
145.034836 -17.777700 0.501011 -2.958875 2.030050 2.663590 1.405221 -0.561384 0.114395 0.391999 -1.356706 0.378548 -0.068656 -13.082179 -0.051396 0.846198 -0.809244 0.601536 0.497481 1.221934 0.261837 0.015774 0.371044 -0.095031 0.615995 -2.095693 0.792725 0.104741 -2.253870 -0.665450 -1.254851 0.136344 0.073329 -0.815614 0.340784 -0.055129 0.206236 
139.157562 -39.866421 1.030579 -1.116617 -0.186463 2.778910 0.849773 0.747428 -0.062934 -0.114946 -0.285375 0.168806 0.579544 -5.616924 0.622540 0.527242 -2.334502 0.248322 -1.383168 0.871997 0.434116 -0.998020 0.622267 -0.483014 0.277093 11.615820 0.649310 -0.345136 -0.218849 -0.748509 -0.495900 -0.687431 -0.322147 -0.134648 -0.572611 0.110097 -0.294997 
133.457840 -29.011548 1.746090 -1.904391 -2.638955 3.160234 -1.361114 1.182611 0.982626 -1.604041 -0.112173 -0.587480 0.485529 10.149461 1.247225 0.155927 -1.246941 -0.895481 -0.494319 -0.152929 -0.382456 -0.253521 -0.774178 0.125162 0.026001 5.827382 -0.699916 0.073354 1.360789 -0.533276 1.296780 -1.061328 -0.938228 0.850524 -0.458426 0.392835 -0.327897 
137.492477 -19.567499 3.525029 -0.804764 -2.680346 0.987947 -0.138865 0.441571 -0.827847 -0.621989 -1.833732 0.419130 0.631546 6.037840 -0.777293 0.673950 0.387076 -0.818230 1.210393 -1.250659 -1.442340 0.703028 -0.294586 0.302655 -0.378701 -5.234777 -2.364756 0.293672 1.360234 1.008400 0.552870 -0.263242 0.489887 0.458602 0.790586 -0.017475 -0.290192 
119.399597 -16.935869 0.191505 -0.556491 -1.864803 1.523775 1.059672 -1.318707 -1.902055 -0.197985 -0.701345 0.017829 -0.271874 -0.320093 -3.482287 0.743270 1.473527 1.121319 0.611420 -0.679413 0.597318 0.663682 0.806994 0.090212 -0.554382 -5.492247 -1.509182 0.459391 1.026750 0.693132 -0.531113 1.162957 1.423298 -0.050536 0.267604 0.178303 0.111824 
116.045990 -20.207684 -3.439545 0.681777 0.266708 3.230586 1.083975 -0.917256 0.366789 0.705375 -0.219744 0.599553 -0.477218 -4.946654 -3.795656 1.592733 2.440576 0.568034 0.148168 1.075255 1.404256 0.601955 0.240621 0.659261 -0.155054 -2.163801 0.761473 0.034865 0.323516 -0.299266 -0.424505 0.847591 -0.026352 -0.144549 -0.503355 0.264782 0.340478 
115.208344 -26.829177 -7.399806 2.628974 3.016350 2.659842 1.356007 0.831803 0.906458 1.005925 -0.220103 1.336352 -0.581981 -4.647694 -1.959342 0.813000 2.120558 0.522788 -0.237590 1.015768 0.544613 0.374584 -0.199717 0.619776 0.126573 2.127888 2.527001 -0.867345 -0.872467 0.213100 -0.558548 -0.838599 -0.799660 -0.100786 -0.274907 -0.383929 0.112691 
119.664940 -29.503072 -7.358229 2.307777 4.507825 4.276161 0.608795 1.114280 1.456015 1.454544 -0.619178 1.839104 -0.224072 -0.690878 1.258346 -0.141956 0.695641 0.994234 -0.968929 -0.601944 -0.195064 0.400384 -0.309193 -0.108596 0.070327 2.368869 1.535594 -0.822509 -1.176427 -0.066675 -0.257828 -0.633844 -0.472873 -0.726861 0.376387 -0.633615 0.000345 
125.985588 -28.210932 -4.883114 2.345061 4.407632 4.648310 -0.581851 -0.372085 0.516331 1.806694 -0.838488 1.119161 -0.441327 0.090044 1.111846 -0.832018 -0.232296 0.389437 -0.753246 -0.251920 -0.401132 -1.079137 0.553058 -0.647454 0.127263 0.080011 -2.080375 -1.326652 -1.640225 -0.784589 0.474682 0.617263 0.298475 -0.983538 0.367720 -0.104547 0.054564 
127.040558 -29.322983 -5.134537 0.643740 4.043233 5.055035 -0.897697 0.610439 0.653752 -0.703729 0.486937 0.544197 0.030455 -0.530855 -2.902403 -2.795261 -2.584809 -0.574944 -0.019564 0.632582 0.401886 -1.566692 0.426247 -0.317689 0.179454 3.585922 0.134943 0.189046 -1.376739 -1.005231 0.381652 0.058750 0.091322 0.312232 -0.492250 0.274575 -0.022655 
104.336990 -29.272642 -10.687920 -3.245460 -0.761985 3.498423 -0.620980 0.893078 1.320102 -1.326691 0.014006 0.483782 -0.082418 7.261888 1.381732 -0.453926 -2.985774 -1.621025 0.010057 -0.134419 -0.218487 -0.454672 -0.431441 -0.098303 0.081953 3.652176 5.011817 1.738923 0.629394 -0.889551 0.438209 -0.715870 -0.687830 0.951165 -0.579482 -0.005512 0.047739 
0.000000 -14.799208 -2.371072 -0.264113 -1.928315 1.812986 -0.877582 0.341601 0.216777 -1.613074 -0.375946 0.347591 0.194361 6.773497 7.121230 0.682584 -1.326021 -2.354046 0.856854 -0.799157 -0.973774 0.335637 -0.732718 -0.328713 0.274932 -3.785022 0.753993 -0.426977 1.497077 -0.095769 0.142300 -0.000503 0.208758 0.556484 -0.026568 -0.192388 0.022662 
129.866776 -15.725649 3.554540 -1.880292 -3.414026 -1.209668 1.092728 -0.705237 -0.627445 -0.655418 -1.451429 -0.173643 0.467446 -0.308157 2.889718 -1.307880 0.008379 -1.812562 0.294657 -0.135425 0.199029 0.658295 -0.484578 -0.483078 0.127276 -4.151401 -3.733762 -0.487108 1.469135 0.939627 -0.833698 0.505431 0.872200 -0.009601 0.401189 0.020253 -0.323622 
129.479660 -15.415522 3.408365 -2.879872 -1.911557 -1.812139 -0.288268 0.070750 0.614836 -0.296483 -1.345102 -0.618565 0.448914 -1.529305 -0.346294 -0.291632 1.612248 -0.474792 -0.810541 0.211705 0.770627 0.316435 0.069661 -0.288207 -0.372311 -1.584423 -1.388249 1.361108 0.072995 1.258942 -0.405741 -0.079881 0.058395 -0.110842 0.201149 0.337206 -0.355939 
126.911491 -18.784259 2.861952 -2.463556 -0.189529 -2.159252 -0.528354 -0.281826 0.913808 -0.022548 -1.312107 -0.750057 -0.277177 -3.477003 0.113221 1.414337 0.154369 0.705322 -0.516826 -0.295187 0.315819 0.436612 -0.082280 0.191334 -0.584601 0.836642 0.452612 0.524734 -1.562288 0.329928 0.145595 0.034299 -0.362757 -0.188032 -0.120001 0.246905 0.320441 
131.391464 -22.369529 3.634806 -0.051199 -1.602818 -0.401496 -1.321919 -0.519623 1.246474 0.576741 -1.509661 -0.235896 -0.720288 0.143980 0.558930 0.757836 -1.512327 0.185065 -0.519352 0.280303 0.045113 -0.059629 -0.170342 0.205603 0.268571 3.304961 -0.108387 -1.033580 -0.623682 -0.699013 -0.286831 0.667476 -0.353087 -0.426137 -0.009005 -0.168890 0.719783 
130.365814 -18.496299 3.979812 -0.947884 -3.214183 -1.789123 -1.567057 0.278779 1.004035 -0.141807 -1.652790 -0.338851 0.259966 3.132919 -0.103553 -0.652824 -1.092994 -0.692703 -1.090487 1.039765 -0.390355 -0.415662 -0.100290 -0.146445 0.854965 0.712428 -0.712306 -0.717659 1.032571 -0.422743 -0.178043 -0.102558 -0.157436 0.068568 0.183811 -0.027925 0.061028 
122.075951 -16.103690 3.427700 -1.356847 -3.788805 -1.786902 -3.502893 1.559907 0.465765 -0.254583 -1.710241 -0.528785 0.989641 1.568836 -0.865683 -0.677482 0.552816 -0.660421 -0.875438 0.075186 -0.269758 0.077507 0.197280 0.149753 0.390628 -2.004818 0.105662 0.231557 1.046402 -0.049766 0.732211 -0.944597 0.278942 0.093589 0.321856 0.061792 -0.403798 
110.852577 -15.358626 2.248447 -2.302848 -2.108551 -3.109965 -3.317934 0.429151 0.464518 0.013207 -1.258230 -0.039345 1.041222 -0.876716 0.107771 -0.189709 0.999811 -0.792235 0.373936 -0.849429 0.167530 -0.228483 0.543421 -0.022861 0.047368 -2.325701 0.848010 0.880273 -0.172397 0.502571 0.571207 -0.039225 0.160125 -0.100414 -0.110989 -0.189189 -0.287926 
107.963905 -17.857123 3.643241 -1.736265 -1.789183 -3.371372 -2.755021 -0.138951 0.800825 -0.711550 -0.623398 -0.574507 1.084376 -3.082565 0.830338 1.083064 0.208021 0.344721 0.266976 -0.003264 0.050493 -0.123321 -0.024699 -0.228624 -0.185225 -5.174555 -0.144142 0.661238 -0.315370 0.807120 -0.103944 0.582110 -0.130116 0.417565 -0.541284 0.027289 -0.213281 
106.056534 -21.523757 3.909123 -0.136720 -1.692508 -2.420523 -2.783981 0.422623 0.565504 -0.233435 -1.307627 -0.496594 0.670772 -11.225826 -0.180513 1.132766 0.369072 0.822006 0.166048 0.314790 -0.092702 0.606647 -0.539146 0.031717 -0.379194 -10.382848 -1.032942 0.270050 -0.049053 0.090403 0.510277 -0.011327 -0.283226 0.000011 0.324728 0.173554 -0.085237 
100.678505 -40.308776 3.282215 0.529267 -1.051040 -1.727361 -2.422925 0.490629 0.615420 0.501745 -1.701690 -0.511074 0.325987 -23.848262 -1.235545 1.623164 0.109915 0.525526 1.287530 -0.025918 -0.515959 -0.123300 0.624758 0.118483 -0.355698 7.856784 0.405464 -1.042760 -0.648350 -0.146882 0.125647 -0.188959 -0.482832 -0.336077 0.222410 -0.158723 0.392265 
192.316376 -69.220280 1.438033 3.109607 -1.472678 -1.369471 -0.208921 0.370787 -0.466414 -0.480035 -0.058112 -0.259627 -0.040624 4.487742 0.630415 -0.952753 -0.927629 0.528242 0.417343 -0.063128 -1.058367 -0.065507 -0.094326 -0.285730 0.405335 25.087945 0.849911 -2.175384 -0.410082 -0.142734 -0.804096 -0.059886 -0.264584 0.178071 -0.822616 -0.104906 0.364423 
0.000000 -31.333292 4.543044 -1.376239 -2.906297 -0.670876 -1.588239 0.364372 -1.501313 0.370731 -1.890342 -1.082534 1.136657 26.327629 0.464277 -2.727605 -0.710249 0.240058 -0.320662 -0.145690 -1.045126 0.232841 -1.020474 -0.091328 0.373147 2.264531 -1.153361 -0.151843 0.682010 -0.169558 0.256097 -0.308301 0.253819 -0.167264 0.048134 0.461731 -0.385889 
110.702385 -16.565022 2.366587 -2.345603 -2.893175 -0.889356 -0.850245 0.079407 -2.556666 -0.014354 -2.099060 -0.442283 0.705669 9.016805 -1.676308 -1.256439 0.436391 0.189127 0.929537 -0.679731 -0.550728 -0.400036 0.001941 0.637732 -0.366442 -12.828188 -0.605573 1.057405 0.963781 0.303178 0.571429 -0.019890 0.685255 -0.176550 0.568589 0.248783 -0.250318 
113.003395 -13.299683 1.190429 -3.889117 -2.033516 -0.292623 0.270835 -0.995090 -2.602770 -0.429342 -1.886459 0.192930 0.403772 0.671253 -0.746869 -0.612795 1.217313 0.846413 0.822196 -0.185471 0.325383 -0.120259 0.116703 0.406239 -0.127490 -9.656907 1.682552 0.648543 0.005670 0.385092 -0.262836 0.912032 0.677532 0.360392 0.094296 -0.271158 0.202251 
0.000000 -15.222516 0.872850 -3.571193 -0.458550 0.803471 0.794147 -0.291534 -1.905900 -0.254872 -1.865653 0.370194 0.450690 -10.297009 1.688796 0.040648 0.447731 0.959311 0.403864 1.144334 0.804336 0.320749 0.190533 0.095416 0.038060 -8.234899 1.482922 1.124756 -1.575506 -0.223364 -0.622524 0.571116 -0.023043 0.044691 0.094987 -0.208765 -0.063241 
116.588799 -33.893701 4.568022 -3.807822 -1.138053 1.625999 1.078563 1.293577 -0.994097 0.212155 -1.505393 0.383761 0.479891 -15.798544 2.218974 1.636718 -1.933700 0.399686 -0.422852 0.956762 0.279297 -0.030877 0.306678 -0.011291 -0.253971 7.588344 -0.822742 0.177743 -0.474548 -0.905395 -0.552365 -0.694264 -0.415570 -0.327710 -0.226414 0.022730 -0.008647 
237.897629 -46.819604 5.310798 -0.297757 -4.325949 1.602843 -0.051557 1.621990 -1.347306 -0.316626 -1.252298 0.347612 -0.057253 4.879679 0.043311 0.396133 -0.501365 -0.851479 -0.700866 -0.244195 -0.026804 -0.334672 -0.262296 0.140876 0.020765 14.734519 -2.173512 -1.570320 1.616679 -0.467280 0.364117 -0.951109 -0.107148 -0.069846 0.010677 0.069629 0.400105 
0.000000 -24.134343 4.654644 -3.015556 -2.140783 -0.076958 -0.323169 0.805187 -1.047704 -0.457188 -2.029985 0.665513 0.521421 13.670495 -2.128049 -1.503922 1.299658 -0.534873 0.305382 -0.945457 0.065001 -0.170568 0.328033 0.127968 0.546239 -2.100161 -1.733976 0.297991 0.910785 0.863329 0.554324 -0.349762 0.110842 0.487916 0.560308 -0.108424 -0.031653 
108.383827 -19.478614 1.054700 -3.305602 -1.726633 0.533096 0.559207 -0.268924 -1.217304 -0.657762 -0.596233 0.603547 1.035226 0.679357 -3.424641 0.992115 1.320206 0.875179 0.407781 -0.943720 0.194881 0.641160 0.858320 -0.075972 -0.042541 -8.665943 -0.132902 2.026328 0.303089 0.553467 -0.437693 0.396253 0.476253 0.572204 -0.177392 0.000778 -0.550669 
106.423454 -22.775628 -2.194638 -1.031327 0.499629 1.673400 0.492393 -1.082253 -0.657942 0.825131 -0.313345 0.513570 0.436340 -3.661392 -2.393853 2.548734 1.905836 0.572061 -0.570003 -0.152952 1.017506 0.973840 -0.026752 0.129523 -0.555099 -1.999039 1.852256 -0.311345 0.221546 -0.422811 -0.302432 0.437709 0.177991 -0.047358 -0.426778 0.179425 -0.294491 
105.464722 -26.801398 -3.733007 1.791867 2.085040 1.677218 -0.580799 -0.574828 0.817708 1.289918 -0.649737 0.862593 -0.074972 -3.318721 0.279870 0.369425 1.763297 0.029556 -0.197082 -0.068302 0.550862 0.546443 0.004764 0.282879 -0.631523 0.032401 2.206302 -2.383097 -0.780913 0.163130 0.543220 0.254134 -0.828206 -0.665634 0.222432 -0.017159 0.199987 
107.118912 -29.413071 -1.634897 -0.292477 4.026224 1.732513 0.098229 -1.218857 0.443783 1.918017 -0.303817 1.079328 -0.826706 -3.596589 2.018750 -2.217460 0.344010 0.898321 0.516436 0.355316 -0.638906 -0.357427 0.418111 0.095205 -0.155125 2.221171 -1.609013 -0.189289 -2.056658 0.104279 -0.273462 0.919799 -0.305219 -0.951996 0.129070 -0.345106 0.344381 
107.494446 -33.994576 0.304494 -2.643054 2.773061 3.473860 0.452073 0.135804 -0.460104 0.575064 0.186486 1.053004 -0.385222 1.123621 -2.938156 -0.009154 -2.350018 0.238115 -0.744005 1.771296 -0.059575 -1.357549 0.262904 -0.407333 0.057240 4.748447 -0.790053 1.489941 -1.259017 -1.459132 -0.600408 0.310690 0.249699 -0.194801 -0.653327 -0.296977 0.301190 
100.675598 -27.165830 -7.511210 -0.310785 -0.673812 2.208743 -1.389781 2.323735 0.324633 -0.797082 0.221992 0.264661 -0.712226 5.900306 0.438645 0.762423 -2.174023 -2.019943 -0.684380 0.976696 -0.139508 -0.747029 -0.888543 -0.498749 0.447255 0.798447 4.152497 -0.258507 0.760539 -1.373165 0.359980 -1.168201 -0.124612 0.826145 -0.497553 0.061590 0.219521 
100.801895 -22.193965 1.181783 -1.118208 -1.574986 -0.566025 -0.916687 2.089196 -0.739120 -0.918993 -1.590601 0.055506 0.509288 2.720515 5.366838 -0.526167 -0.828939 -2.508214 -0.024046 -0.565106 -0.308799 0.294740 -0.732201 -0.284153 0.496282 -2.701037 0.320484 -0.488883 1.095517 0.320400 0.169798 -0.715304 0.320315 0.616855 0.614756 0.094180 -0.236069 
54.669128 -21.724800 3.222467 -1.363119 -2.331691 -2.807685 -1.437873 1.193523 -0.292965 -0.207602 -1.242410 -0.303645 0.280339 0.498232 1.079612 -0.215344 0.017011 -1.379142 -0.344785 -0.453913 0.501123 0.486681 0.340969 -0.310389 -0.024883 -1.051900 -2.863255 0.248094 0.730305 0.976861 0.093779 0.244516 0.335727 -0.131131 0.515718 -0.004749 -0.153139 
109.791855 -21.197500 3.341008 -1.548896 -1.540963 -3.324310 -1.606257 1.181371 0.263126 0.054368 -0.908664 -0.565272 0.459523 0.616714 -0.359671 -0.029978 0.631671 -0.554493 0.163512 -0.076075 0.362656 0.032477 0.299234 -0.293651 0.190005 0.049426 -0.859961 0.266395 0.061030 0.529952 0.375197 0.209642 -0.256892 -0.240598 -0.112792 0.102503 0.046187 
111.802155 -20.491372 2.503125 -1.423075 -1.068349 -3.916672 -1.110849 1.041374 0.432347 -0.142648 -0.643942 -0.890947 0.660349 0.597084 -0.640311 0.317446 0.139072 -0.319239 0.405610 -0.034628 -0.012661 0.005484 0.115384 -0.105382 0.067491 -0.457008 0.194689 -0.022415 -0.255063 0.151073 -0.028230 0.199116 -0.389058 0.122951 -0.105377 0.120399 -0.116614 
112.768517 -20.003331 2.060386 -0.914003 -1.262819 -3.962787 -0.795037 1.112114 0.237804 0.065336 -0.677896 -0.776037 0.594504 -0.297303 0.029707 -0.074809 0.121544 -0.252347 0.107051 0.322157 -0.415461 0.278380 0.088480 -0.052852 -0.043223 -1.690046 0.732298 -0.386270 0.130350 -0.058789 -0.121456 0.182105 -0.271345 0.098647 0.045911 -0.082590 -0.070606 
110.210274 -21.085977 2.562538 -1.572692 -0.825261 -4.421365 -0.896746 1.685688 -0.398575 0.414112 -0.466983 -0.996651 0.573903 -2.783009 0.824285 -0.455095 0.399772 -0.436817 0.162697 0.329581 -0.555351 0.202777 0.207205 -0.270563 -0.073722 -2.341215 1.218720 -0.570117 0.191960 -0.209970 0.257030 -0.017683 -0.141166 -0.003888 0.018656 -0.162925 -0.018895 
101.855240 -25.569348 3.708956 -1.824193 -0.463276 -4.836422 -0.469642 1.771276 -0.872897 0.470890 -0.263485 -1.317162 0.447060 -4.979732 2.467147 -1.215043 0.505465 -0.672286 0.621112 0.286792 -0.697794 0.270605 0.125792 -0.378702 -0.081013 -2.116727 0.762694 0.225882 -0.073734 -0.180775 0.024784 0.463158 -0.094402 -0.018576 0.186425 -0.121141 0.142333 
54.287426 -31.045441 7.496832 -4.002777 0.185669 -5.765937 0.345477 2.259271 -1.794162 0.955322 -0.215399 -1.754056 0.411876 -7.016463 2.349672 -0.003331 0.252303 -0.798367 0.212266 1.255897 -0.744155 0.165626 0.580056 -0.512845 0.210944 -3.145171 -2.156155 1.671630 -0.665303 0.350346 -0.460301 0.315446 0.486133 -0.389039 0.252860 0.086819 0.075100 
0.000000 -39.602274 8.408301 -1.830854 0.041330 -6.433155 -0.045111 4.283070 -2.361207 0.802142 0.896626 -2.342852 0.868949 -11.270073 -1.845164 2.128217 -0.825140 0.028406 -0.299491 0.917683 0.274473 -0.507474 0.631512 -0.205064 0.069187 -0.709239 -1.536548 1.627194 -0.421603 1.467291 -0.434075 -1.610747 1.114445 -0.104820 -0.413147 0.729487 -0.456377 
315.090332 -53.585586 3.806504 0.253656 -1.464612 -5.709125 -0.253504 4.094638 -1.245216 -0.059627 1.047624 -2.164184 0.550251 -8.434941 -0.723423 3.251057 -0.590902 2.136216 -0.655885 -1.965596 1.484736 -0.044015 -0.246238 0.946130 -0.701810 10.076223 3.124719 -0.887512 0.570903 0.461212 0.102207 -0.944052 0.153202 0.443599 -0.657131 0.508739 -0.168519 
96.423149 -56.472156 6.961455 4.671261 -1.140475 -2.160723 -1.356881 0.351879 0.608265 0.714112 0.404150 -0.450593 -0.534672 8.882373 4.404274 0.353192 0.316665 0.950830 -0.095078 -0.970421 0.580877 0.379724 -0.682750 0.812413 -0.267851 10.338255 1.714522 -3.590318 0.242140 -0.878784 1.084742 1.300300 -1.097348 0.109323 -0.147611 -0.567585 0.653080 
115.777222 -35.820841 12.615052 0.960041 -0.831282 -3.807465 -0.443660 2.153797 -0.083463 0.699821 -0.317875 -0.539358 0.014549 12.241569 2.705622 -3.929578 -0.106623 0.378647 1.513599 0.635003 -0.709960 0.174631 -0.541461 -0.189040 0.604349 -6.458768 -3.469787 -0.957315 -0.624573 0.269034 1.117154 0.276490 -0.283981 -0.345630 0.379867 -0.131392 0.113223 
115.971840 -31.989018 12.372698 -3.187895 -1.353722 -1.403429 1.670317 1.621885 -0.811654 1.063375 -0.678771 -0.828673 0.674026 -4.035163 -2.535301 -1.561437 -0.932480 1.488897 2.139231 -0.417441 0.012915 -0.311536 0.076985 0.549630 -0.041405 -6.126771 -3.093911 2.635255 -0.262011 0.218749 -0.494275 -0.413363 0.411586 -0.395267 0.337126 0.423064 -0.438618 
108.928963 -43.891168 7.544450 -2.162833 -2.696243 -0.829671 3.834802 1.318915 -0.057633 0.076749 -0.163905 0.559902 -0.068260 -0.011974 -3.482200 1.340931 -0.630646 0.816145 0.525049 -0.191722 0.113212 -0.615902 0.132792 0.657088 -0.272886 6.067187 0.861945 1.391550 0.218916 -0.442032 -1.367964 -0.036717 -0.186016 0.157997 -0.397109 -0.300342 0.202771 
234.345657 -32.012967 5.408298 -0.506034 -2.615014 0.228862 2.720414 1.238440 -0.585229 -0.168430 -0.413188 0.485504 0.128254 8.099211 -0.811411 1.221662 -0.494648 0.604833 -0.596698 -0.490876 -0.359118 0.004458 -0.717233 -0.051054 0.364137 1.242754 1.982593 -0.941329 0.278580 -0.322527 -0.621024 0.171951 -0.052810 0.216520 -0.395815 -0.222909 0.278089 
123.660980 -27.692746 5.921628 0.280492 -3.685538 0.379996 2.641406 0.337164 -0.775869 0.085664 -1.598370 0.457794 0.660013 2.473533 0.482987 -0.541726 -0.073487 0.171092 -0.717000 0.152180 0.007592 -0.182862 -0.658839 0.211270 0.283291 -6.879811 0.463592 -1.066359 0.556451 -0.431246 -0.021026 0.628037 0.438292 -0.124286 0.572648 0.022538 -0.137679 
122.178246 -27.065901 6.374272 -1.589486 -2.761987 0.571045 1.286414 1.542800 -0.570046 -0.534153 -1.730866 0.908044 0.694836 -5.660410 0.115774 -0.911055 0.618255 -0.257659 -0.638750 0.765198 0.517467 -0.244114 0.428063 -0.005978 0.088779 -4.101992 -0.372825 0.197139 0.361759 0.455536 0.480033 -0.288188 0.273619 0.004114 0.524562 -0.193073 -0.273153 
118.014282 -39.013566 6.153176 -1.541619 -2.449029 -0.135322 1.363906 1.867559 0.259065 -0.402563 -0.742244 0.445838 0.837570 -5.730451 -0.262663 -0.147449 0.650031 1.082164 0.243067 -0.424196 0.554830 -0.174634 0.390286 -0.174876 -0.263014 6.505466 -0.867700 0.069529 0.395116 0.738929 0.285329 -0.952041 -0.361931 0.241083 -0.256703 0.138833 -0.241868 
126.760307 -38.526803 5.848945 -1.884384 -1.461925 2.735373 1.772547 0.694408 0.539614 -0.883420 -0.950295 0.558293 0.168808 7.350521 -1.619627 -0.771996 1.408486 1.220200 -0.068091 -1.138885 -0.206395 0.238053 -0.085344 0.271688 -0.394958 7.107781 -1.146143 -0.125048 0.155335 -0.782719 -0.350823 -0.011829 -0.802171 0.312583 -0.100003 0.075452 0.177750 
122.969032 -24.312523 2.913922 -3.085612 0.367944 2.305079 1.227723 -0.410210 -0.153725 0.073542 -0.912932 0.989215 0.047654 8.485111 -2.554948 -0.397546 0.960701 -0.483274 -0.458579 -0.447855 -1.049513 0.450532 0.190280 -0.023972 0.092486 -3.200971 0.878132 0.287971 -1.146064 -1.159050 -0.003559 0.742025 -0.271434 -0.239933 0.022230 -0.297628 0.360085 
119.581200 -21.556582 0.739049 -2.679475 0.459478 1.768825 0.855388 -0.201303 -1.559412 0.017644 -0.569734 0.510350 0.353780 0.948579 0.136638 -0.196055 -0.883642 -1.097899 -0.075210 0.345166 -0.749263 -0.241814 -0.040884 -0.323567 0.325211 -4.457251 1.889511 -0.000789 -0.945055 -0.173249 0.284769 0.344283 0.501547 -0.332199 -0.201381 -0.030081 0.039831 
116.697273 -22.415365 3.187198 -3.477722 -1.399341 0.109280 1.077304 0.280121 -1.652251 -0.410087 -0.994699 0.342081 0.698077 -0.429391 1.224075 -0.399123 -0.929409 -0.829773 0.110958 0.240712 -0.046420 -0.213865 -0.212483 -0.084134 0.172148 -0.688985 0.543718 -0.101534 -0.022884 0.134063 0.093084 -0.052227 0.351422 0.013975 -0.085799 0.119716 -0.076531 
