115.855377 -24.455051 3.224527 1.460653 3.369651 -0.818737 2.770521 2.872271 0.856152 0.504989 -3.597898 0.382310 2.026128 -1.227254 -0.978015 0.066247 0.178263 0.209260 0.005772 0.459200 0.782377 0.222749 -0.181151 -0.107231 -0.062792 0.796583 0.101329 -0.147742 0.366560 -0.248798 -0.034349 -0.357533 -0.305723 -0.282773 -0.042308 0.134699 0.052867 
0.000000 -26.909558 1.268498 1.593147 3.726178 -0.400217 2.782065 3.790671 2.420906 0.950488 -3.960200 0.167849 1.900544 0.365912 -0.775357 -0.229236 0.911384 -0.288336 -0.062925 -0.255865 0.170932 -0.342796 -0.265767 0.162168 0.042942 1.799929 0.650766 -0.002713 -0.325359 -0.008251 -0.074569 -0.779586 -0.974190 -0.534139 0.191239 0.107041 -0.003548 
110.671410 -23.723228 1.673814 1.002181 5.192418 -1.395410 2.644671 2.360540 1.198015 -0.180603 -4.129432 0.706646 2.112012 2.372604 0.323518 0.060821 -0.472455 0.192759 -0.143366 -1.099972 -1.166002 -0.845530 0.201327 0.106852 -0.069887 -0.464942 0.607762 0.774775 -1.669405 0.175608 0.124166 0.475972 -0.394231 0.309274 0.638363 -0.329002 -0.093033 
111.711197 -22.164350 1.915534 1.714790 2.781268 -0.014699 2.495333 1.590728 0.088901 -0.740572 -3.557547 0.381553 1.760770 -0.563972 0.440168 1.320314 -2.427426 0.062880 0.185408 0.696079 -0.617530 0.275753 1.010960 -0.495836 -0.143125 -2.187321 0.051913 0.874260 -0.303588 -0.697041 0.373836 1.116488 0.619324 0.896003 0.301229 -0.491957 -0.109867 
112.600410 -24.851172 2.554150 3.642809 0.337565 -1.269651 3.015486 3.752699 -0.037045 0.370902 -2.107512 -0.285026 1.825763 -2.002037 0.427345 1.809342 -1.079631 -1.201324 0.604306 1.133005 0.072645 0.946476 0.803785 -0.877061 -0.289620 0.831514 -1.411880 -0.283095 0.988288 0.072603 -0.122575 -0.663540 0.571162 -0.122364 -0.172508 0.041537 -0.321673 
115.829338 -26.168425 2.770223 5.333473 0.622006 -2.417347 3.703946 3.856737 0.234191 1.152379 -1.949976 -1.372569 1.181529 1.099057 -2.383593 0.754125 -0.450851 0.208086 -0.059743 -0.631001 0.524794 0.031025 0.665943 -0.412763 -0.786470 -0.414567 -4.127359 -0.416714 0.522361 1.231871 -0.714525 -1.280613 0.288002 -0.893612 0.006963 0.671362 -0.071684 
117.198746 -22.653059 -2.213035 5.151060 -0.564136 -0.853479 2.896001 2.490697 1.012542 0.432953 -0.775626 -1.110551 0.252822 -2.831172 -7.827374 0.975914 -0.034908 1.262418 -0.824744 -1.428222 0.648649 -0.840748 0.817711 0.465663 -0.432989 -5.045597 -3.021767 0.192155 -0.013238 -0.198763 -0.450648 0.005949 -0.477787 -0.154251 -0.240584 0.398641 0.447160 
0.000000 -31.830768 -12.884525 7.285300 0.552189 0.107490 2.054457 1.000293 1.531488 -0.529116 -0.314555 -0.441243 0.315551 -8.992137 -8.427127 1.138435 -0.477327 -0.189440 -0.961040 -0.619102 -0.430779 -0.277477 0.184775 0.384520 0.107850 -1.427570 2.244974 -0.137579 -0.663842 -0.984207 0.299660 0.797792 -0.377342 0.706262 -0.276876 -0.283234 0.058791 
0.000000 -40.637332 -19.067290 7.427929 -1.518791 -1.232360 0.973921 1.252493 0.150984 -0.122001 -0.406076 -0.341512 0.468523 -5.686311 -3.337425 0.700755 -1.362592 -0.705996 -0.225425 0.167361 -0.106035 0.571776 0.263958 -0.100805 -0.315407 7.224013 7.998494 -1.255591 0.765113 0.861257 0.948752 1.149651 1.055319 0.359695 -0.647397 -0.709754 0.035019 
0.000000 -43.203390 -19.559375 8.686810 -2.172995 -1.304503 1.603607 1.335016 1.319417 0.614437 0.213360 -0.642852 -0.315264 5.455889 7.569861 -1.372747 1.052899 1.533074 0.936465 1.680201 1.679859 0.441913 -1.110019 -1.034987 0.177888 7.157513 6.081095 -2.171442 1.943559 1.292549 0.591388 0.662841 0.199568 -0.103994 -0.803425 -0.061508 0.847931 
0.000000 -29.725554 -3.927568 4.682435 0.587006 1.833789 2.846850 4.612895 3.510701 0.761824 -2.626115 -2.411486 0.824299 8.628715 8.824764 -3.642128 2.524527 1.879101 0.957351 1.493044 0.293100 0.363789 -1.342893 -0.223821 1.380455 -2.089253 -3.174086 -0.547439 0.305139 0.087302 -0.359425 -1.355474 -1.736421 0.019773 0.862437 1.234646 0.242572 
0.000000 -25.945960 -1.909846 1.402554 2.876059 2.453699 3.518309 4.321103 1.905618 1.342014 -2.472426 -1.090495 2.445646 1.277382 1.221689 -2.467625 1.663177 1.707679 0.217614 -1.030747 -1.792983 0.481459 0.614854 1.434304 0.663031 -4.407062 -4.052722 1.338191 -0.818903 0.204622 -0.719900 -1.593789 -0.916040 -0.236517 1.109984 0.432414 -1.037965 
105.374771 -27.170789 -1.484190 -0.252814 3.913359 5.249147 3.282079 2.551401 -0.075264 1.724742 -1.396407 0.457121 2.150361 -0.185409 0.719321 -0.965745 0.886721 2.288345 -0.482450 -1.694534 -1.538980 -0.109246 0.877076 0.641008 -0.695475 -0.262647 0.603121 1.444025 -1.451343 -1.136169 -0.712626 0.361879 1.156985 -0.585071 -0.219486 -1.003196 -0.738141 
106.863419 -26.316778 -0.471204 -0.528936 4.649501 7.030390 2.553409 0.932034 -1.172343 1.123523 -0.718275 0.191520 1.054697 0.752088 2.427932 0.420425 -1.239509 -0.564659 -1.207637 -0.306990 0.520986 -0.688683 0.175882 -0.572088 -0.813251 -0.238876 0.980532 1.782908 -1.426606 -3.012738 -0.207120 0.957777 1.242016 0.097665 -0.503638 -0.513331 0.077154 
110.440094 -25.666613 3.371674 0.588036 1.434342 4.119828 0.866806 1.937420 0.966709 0.347376 -1.044644 -0.687054 0.523860 -0.663160 2.680386 2.600071 -1.966490 -3.737130 -0.896690 0.221020 0.945052 0.086084 -0.130201 -0.385655 -0.541168 -1.226943 -0.451071 1.195337 0.373146 -0.991781 0.482654 -0.408805 -0.471396 0.809673 -0.091704 0.367782 0.236869 
118.993073 -27.643098 4.889567 4.671206 0.716520 -0.443870 0.760029 1.374075 0.717761 1.295691 -0.978677 -0.579790 -0.027639 -1.701797 1.525790 2.811100 -0.493216 -2.548221 -0.242328 -1.124601 -0.421805 0.930664 -0.007526 0.163476 -0.339513 0.256731 -0.570192 -0.853956 1.041458 1.613259 0.001292 -0.657029 -0.660115 0.070102 0.168205 0.398503 0.108929 
120.483589 -29.070206 6.423255 6.210235 0.447909 -0.976614 0.382150 -0.311781 0.123099 2.208705 -1.059696 -0.360102 -0.155165 -0.149698 1.540001 0.892159 0.116425 -0.510612 -0.894105 -1.093037 -0.375179 0.226288 0.206209 0.411351 -0.323310 1.440398 -0.178324 -1.823922 0.315513 1.223148 -0.468367 0.643324 0.661317 -0.996578 -0.056983 -0.272999 -0.039026 
120.628799 -27.942494 7.969568 6.455525 0.949370 -1.465093 -1.028182 -0.812000 -0.032596 1.748268 -0.566259 0.242911 -0.674260 1.179000 1.169142 -0.836745 0.137810 -0.101925 -1.179061 0.162048 0.900829 -1.062491 -0.121492 -0.382521 -0.417564 1.742023 -2.082272 -1.312019 -0.170082 0.225815 1.170296 1.192073 0.309205 -0.645240 -0.307722 -0.695976 0.130737 
120.300003 -26.712206 8.761539 4.536745 0.723529 -1.180465 -1.975973 0.012315 1.924757 0.083722 -1.302681 -1.125145 -0.990293 3.334349 -2.624543 -1.731878 -0.223740 -0.058981 1.446487 1.291109 0.243232 -1.064191 -0.409235 -0.980601 -0.061837 0.702690 -4.614165 0.425179 0.586750 0.036615 1.393677 0.393272 -1.158880 0.557515 0.373324 0.150628 0.355131 
118.386620 -21.273796 2.720483 2.991770 0.501890 -1.583055 1.864791 1.770217 0.453868 -0.380114 -1.384730 -1.718292 -0.797933 2.584380 -8.059189 0.013613 1.311311 -0.028695 1.608292 0.948593 -1.416931 0.052539 0.625155 -0.081266 0.292699 -2.149318 -2.210317 0.792756 0.851560 0.313120 -1.100372 -0.709452 -0.625913 0.640576 0.366845 0.755926 0.355416 
146.652908 -21.543446 -7.356838 4.563970 3.346150 -1.237856 1.240612 1.909501 -0.909104 0.188800 -0.052371 -1.287677 -0.404895 -0.964287 -7.045176 -0.146367 1.479380 0.567258 -0.754258 -0.127795 -1.008594 0.216960 0.324455 0.531250 0.648995 0.166436 5.893904 -1.204936 -1.073727 -0.038260 -1.052021 -0.839592 0.583449 -0.209910 -0.620739 -0.045108 0.033232 
0.000000 -23.202370 -11.369869 2.699036 3.460651 -0.448540 0.356276 1.514627 -1.563320 0.053806 -0.735820 -0.655792 0.500057 2.917252 3.728620 -2.396260 -0.836143 -0.105215 -0.495749 -0.730591 -0.250032 -0.367281 -0.616323 -0.171482 0.359163 1.965811 7.205818 -0.463294 -1.775118 -0.620656 0.488272 -0.028201 0.811109 -0.378860 -0.363890 -0.478609 -0.347904 
117.727737 -15.708942 0.100401 -0.228550 1.673863 -1.448285 0.249113 0.448319 -1.409168 -0.545763 -1.285017 -1.630640 0.313431 2.967334 7.366460 -1.072954 -2.070856 -0.674055 0.222287 -0.184198 0.613624 -0.540760 -0.403325 -0.425969 -0.046814 -3.291185 -1.148032 1.712747 -0.042723 0.509945 0.442871 0.350588 0.790146 0.198307 0.263975 0.301338 -0.322879 
0.000000 -17.267701 3.363051 0.553128 -0.681062 -1.796649 0.800849 1.146231 -0.336073 -1.027715 -1.542470 -1.507730 0.406429 -3.665119 1.432555 1.029234 -0.921589 0.914675 0.389993 -0.029415 1.330259 0.029332 -0.088373 0.431194 -0.286594 -4.921912 -3.835803 1.346957 0.937937 1.140956 0.002537 -0.273718 -0.395060 0.609803 0.716839 0.500102 -0.017374 
111.686577 -23.039179 2.965511 1.829917 -0.169315 0.381065 1.029098 0.389489 1.251351 -0.487099 -1.461764 -0.768253 -0.259758 -6.876490 -0.305146 1.620960 -0.194982 1.607856 0.227361 -0.731634 -0.176496 0.678846 1.030352 0.574235 -0.081561 -0.584374 -0.875263 -0.098726 0.282857 -0.289496 -0.137589 -0.113502 -1.086820 0.203948 0.590298 -0.041680 0.327000 
112.923752 -31.020681 2.752760 3.795048 -1.071027 1.419063 1.255571 -0.317037 -0.689064 0.329977 0.518234 -0.359260 0.243307 -4.833867 -0.317970 0.831781 -0.355875 0.335683 0.114815 -0.256420 -0.843381 0.437228 1.092223 0.347835 0.367407 5.781624 -1.671138 -1.995230 -0.765674 -0.897853 0.263733 0.339342 -0.326080 -0.371999 -0.841470 -0.154332 0.094448 
222.623413 -32.706913 2.329571 3.493479 -0.881065 1.052431 1.258728 -0.123350 -0.435411 0.387356 0.722682 -0.072584 0.475056 4.686758 -3.647422 -2.369500 -1.726331 -0.187850 0.754827 -0.052951 -0.828656 -0.065153 -0.652589 0.265571 0.107335 4.127041 -2.329230 -1.651801 -0.574000 -0.704573 0.010241 -0.013656 0.067735 -0.239681 -0.861908 -0.201242 -0.189115 
0.000000 -21.647164 -4.542085 -0.943952 -4.523690 1.043363 2.765225 -0.422939 -2.346376 0.199672 -0.786944 0.171882 0.457978 3.420216 -4.976430 -2.471822 -1.503875 -1.073464 0.135297 -0.283732 -0.707910 -0.042135 -0.631593 -0.054650 -0.010824 -1.494489 2.555232 0.838473 1.087260 -1.197545 -1.568609 -0.404837 0.700110 -0.190019 0.489183 -0.520914 0.066299 
0.000000 -25.866480 -7.623289 -1.450164 -3.888816 -1.094497 1.529322 -0.690813 -1.851230 0.303087 -0.540503 -0.181884 0.453407 1.697781 1.463042 -0.692554 0.448189 -2.582940 -2.382391 -0.862624 0.571563 -0.445190 0.325777 -0.776257 0.239933 1.410538 3.976716 1.686980 1.034566 0.350357 -0.661490 -0.068552 0.523241 -0.218895 0.553085 0.096877 0.032416 
0.000000 -18.251603 -1.616000 -2.329061 -3.627312 -4.122516 -1.999557 -2.148188 -1.203249 -0.690709 -0.135389 -1.380631 0.937843 6.241293 2.977003 0.902138 0.565256 -0.372751 -1.187682 -0.420835 0.338573 -0.479924 0.474578 0.139103 0.054008 -0.801452 -0.287449 1.743027 0.206438 2.156898 1.414991 0.536814 -0.179988 0.210781 -0.013719 0.691566 -0.360691 
0.000000 -13.383894 -1.669282 0.354111 -2.758303 -1.839999 -0.846043 -1.532482 -1.174084 -0.656762 0.408653 0.096321 0.561423 0.094876 0.888144 2.793499 0.861065 1.730856 0.447592 0.211003 0.211587 -0.023629 0.298339 0.606875 -0.481450 -7.567000 0.072864 -0.742228 -0.191774 0.242488 0.892206 0.107443 0.212486 0.114950 -0.635221 -0.787333 -0.168096 
0.000000 -18.061850 0.160288 3.257938 -1.905181 -0.660805 -1.104374 -1.726182 -0.780075 -0.737967 0.461288 -0.166882 -0.025057 -8.892708 3.122731 -0.582317 0.181708 0.112225 0.596729 -0.205948 0.763544 -0.250025 -0.795864 -1.435564 -0.282185 -4.056719 0.889380 -2.617101 -0.064852 -0.939166 0.843249 0.537942 -0.102965 0.129130 -0.697780 -1.127963 0.103053 
81.299347 -31.169310 4.576180 -0.810523 -2.394886 -1.615548 0.347416 -1.944379 0.353004 -1.156812 -1.183075 -2.774806 -0.002946 -8.018562 2.666903 -2.440703 0.731362 -0.147475 2.134089 1.286888 0.005657 0.234631 -1.097221 -1.649051 -0.275343 0.672707 -1.620632 0.166328 -0.039119 0.391982 0.457013 0.646706 -0.216171 0.599700 0.408733 0.870530 0.125534 
0.000000 -34.098973 5.494094 -1.623468 -0.442458 -0.955756 3.163804 0.847593 -0.768761 -0.268705 -1.733154 -3.464985 -0.575744 -7.547293 -0.118532 -0.249662 0.103470 0.896190 1.510756 1.087463 0.331202 0.949375 0.021601 0.305496 -0.031117 1.618211 -1.409527 0.914205 0.207843 0.713200 -1.377785 -0.401378 -0.142040 0.054353 1.050964 1.096100 0.371749 
86.441338 -46.263896 4.339116 -1.309847 -2.187946 0.176832 3.368928 0.230547 1.015408 0.741939 -1.139872 -2.163814 -0.065179 -4.782140 -0.152150 -0.612293 1.147047 1.278925 -0.621481 0.484131 -0.278422 0.343336 1.004707 0.543148 0.468155 8.383932 0.576469 -0.187524 1.955103 -0.300501 -0.637200 -0.470605 -0.836434 -0.918383 -0.264049 -0.085046 0.090643 
171.024002 -43.663254 5.189794 -2.848053 1.851636 1.602093 1.920842 1.815855 -1.325605 0.417968 0.276261 -2.378688 0.360566 9.220571 1.034406 -0.624710 4.013675 0.295189 0.236355 0.146253 -1.341666 -0.887391 -0.506497 0.135405 0.150169 6.848243 -0.774895 1.465281 -0.299365 -0.542560 0.360719 -0.564510 0.387869 -0.639479 -1.099418 -0.025793 -0.162345 
0.000000 -27.822755 6.407928 -2.559268 5.839405 0.767209 3.841637 0.523054 -1.667925 -1.032844 -2.152866 -1.893004 0.235158 8.914345 -1.701940 2.318269 0.548318 0.193804 0.099958 -0.644888 0.497316 -0.935621 -1.194128 0.491562 0.143464 -5.302564 -3.477480 1.292614 -2.776894 0.240737 -1.070860 -0.523151 0.935463 0.444381 0.717027 0.223105 0.047793 
103.319351 -25.834564 1.785913 1.788485 2.948272 1.989701 2.120757 0.526078 -0.330973 -1.453274 -2.111995 -1.395564 0.647495 -1.384558 -5.920554 1.960517 -1.540113 0.776663 -1.905364 -0.900049 0.529260 0.001371 0.927556 0.581614 0.245754 -6.396157 -0.501703 -0.982660 -0.369326 -0.164028 -0.770916 -0.281043 -0.221438 0.549463 0.945380 -0.129803 -0.343341 
245.778931 -30.591870 -5.433179 1.361766 2.759179 2.320534 0.030909 -1.277043 -0.609406 -1.030102 -0.297754 -0.729775 0.726666 -3.877969 -2.705346 0.352948 -0.190334 -0.134251 -1.441874 -1.206975 0.054440 0.163305 0.696633 0.231957 -0.543217 2.645440 5.568490 -1.032900 0.379996 -1.195662 0.786645 0.137363 -0.187421 -0.163597 -1.091898 -0.533129 -0.263365 
245.948242 -33.590501 -3.624779 2.494381 2.567604 1.721198 -0.762992 -1.887872 -0.222094 -1.126665 -0.718729 -0.931650 -0.438939 3.906322 5.216425 -0.105283 -0.780122 -1.614661 -0.332074 -0.625323 0.154417 -0.325824 -1.256239 -0.484644 -0.280976 4.808116 3.827494 -0.413372 -0.371140 -0.839857 0.616189 0.229907 0.029999 0.071117 -0.538769 -0.337702 0.371496 
0.000000 -22.779226 4.999672 1.151200 1.198935 -0.908787 -0.633240 -2.527689 -0.300572 -1.681750 -2.810232 -1.699064 0.164713 5.738263 4.949641 -0.473796 -0.932614 -1.813965 -0.209496 -0.747162 0.114438 0.305539 -0.380906 -0.443448 0.199776 -2.741854 -1.795127 0.243084 -0.025215 0.786947 -0.143828 -0.005469 0.041475 0.674742 1.121893 0.174774 0.031167 
0.000000 -22.113974 6.274504 1.546789 0.702376 -1.906732 -1.181984 -3.382195 0.006782 -0.515586 -1.480540 -1.818545 -0.039387 -1.577386 1.626171 0.380885 -0.830552 -0.040768 -0.619730 -0.636260 0.237367 1.023660 0.987546 -0.135097 -0.218642 -4.678072 -1.733752 0.652188 0.047188 0.953151 -0.445175 0.288926 0.102257 -0.010880 0.424191 0.187907 -0.409854 
104.448601 -25.933998 8.252014 1.912969 -0.462169 -0.990323 -1.872700 -3.800210 0.174162 0.365571 -0.835141 -1.969257 -0.272572 -3.617881 1.482138 0.830580 -0.838239 0.092337 -1.099846 -0.169310 0.318953 0.283779 0.467477 -0.067634 -0.619931 0.009546 -0.193366 0.274060 0.600210 -0.291946 -0.012099 0.506630 0.109702 -0.367684 -0.290829 0.036487 -0.027872 
0.000000 -29.349737 9.238781 3.207950 -0.974102 -1.722058 -3.381676 -3.720815 0.644687 0.051972 -0.545587 -1.953813 -1.279250 -1.558294 1.239438 0.929004 0.369868 -0.624661 -0.643927 0.377000 0.456771 0.288293 0.405888 -0.062123 -0.274387 1.980884 -0.353609 -0.450500 0.919713 -0.488323 0.461566 0.435853 0.029291 -0.189280 -0.171713 0.069473 0.390202 
0.000000 -29.050585 10.730890 3.770977 0.277568 -2.239644 -3.160554 -3.046210 1.087704 0.942156 -0.023364 -2.093503 -0.821345 0.343886 0.774921 -0.070419 1.001187 -0.884309 -0.176715 0.702395 0.377534 -0.094782 0.124050 0.071313 0.160473 -0.139144 -0.942832 -0.994438 -0.551157 0.074184 0.158007 -0.093691 -0.245032 -0.829497 -0.434744 0.109423 0.016685 
112.981758 -28.661964 10.788623 3.067111 1.028273 -3.490677 -3.735105 -2.316024 1.399755 -0.137591 -0.297487 -1.811187 -0.958304 -1.836581 -0.646225 -1.059871 -0.732445 -0.476293 -0.327913 0.189618 -0.033293 -1.370700 -0.463599 0.156722 -0.241017 -3.516696 -0.683411 0.410737 -0.877854 0.405472 0.304272 -0.197310 -0.524437 -0.268276 -0.049831 0.012363 -0.316230 
360.869629 -32.723747 9.438441 1.651235 -1.187323 -3.192230 -3.816380 -2.666975 1.021117 -1.799244 -0.950563 -1.780060 -1.303379 -6.689506 -0.591901 0.751054 -0.754522 -0.073365 0.431829 0.307775 -0.671341 -0.631334 0.024389 0.096040 -0.471988 -4.245874 0.020134 1.653398 -0.010736 -0.382912 0.318846 0.304072 -0.111170 0.925431 0.328790 0.004063 0.015789 
0.000000 -42.040976 9.604821 4.569220 -0.480771 -3.637407 -2.871448 -1.700475 0.057072 -1.400259 -0.248710 -1.619108 -1.902279 -10.328329 -0.605956 2.246924 -0.753917 -1.242117 0.309779 0.797762 -0.255633 0.480162 0.193980 0.164849 -0.209438 -0.250062 -1.021422 -0.145732 0.113720 -0.165136 -0.480473 -0.291801 0.232044 0.513241 -0.358172 -0.156731 0.286831 
68.205475 -53.380404 8.226529 6.145082 -2.695156 -5.676464 -3.196822 -1.071450 0.509851 -0.838921 -0.562603 -1.450362 -1.722254 -7.189629 -2.634746 0.459590 -0.527081 -0.403638 -0.529117 -0.275827 -0.207254 0.395148 -0.691955 -0.217422 0.101673 7.373444 -1.987042 -2.949148 2.926179 2.606117 1.134743 -0.353143 -0.414241 0.524576 -0.078777 0.339218 0.687080 
222.485779 -56.420233 4.335329 5.488400 -1.534932 -4.444682 -3.929682 -2.252130 -0.357435 -0.609962 -1.632619 -2.053952 -1.698932 4.418559 -4.580041 -3.651372 5.098441 3.970118 2.579265 0.091476 -1.084115 1.529314 0.036426 0.843284 1.164722 10.142629 0.889037 -1.513725 2.342387 1.299208 1.287746 0.017504 -0.232183 0.301757 0.411775 0.668595 0.510348 
0.000000 -44.543287 -0.933554 -1.157661 7.501727 2.263772 1.961709 -0.888499 -1.658379 2.219708 -0.489751 0.236206 0.607190 13.095630 -0.856672 -2.567859 4.157694 2.194778 2.046374 -0.240819 -0.671619 0.998663 0.131594 1.119768 1.122369 2.857343 4.143774 2.033213 -3.887925 -3.352410 -2.013262 -0.254870 0.785647 -1.300167 -0.142720 -0.397475 -0.683654 
0.000000 -30.228973 2.621984 0.352682 6.780455 -0.055126 0.163067 -2.733769 -1.700673 1.387363 -1.369430 0.185584 0.545807 10.133244 3.707507 0.415055 -2.677409 -2.734702 -1.447258 -0.418265 0.487179 -1.071020 -0.249014 0.048333 -0.202585 -4.242426 1.302930 1.079518 -3.909818 -2.187965 -1.551970 0.717553 0.756764 -0.827382 0.037148 -0.816002 -0.534580 
113.503922 -24.276798 6.481461 -0.327551 2.146908 -3.205631 -0.932807 -1.725029 -0.684021 0.077669 -0.987780 0.332873 0.202020 4.610778 1.749189 -0.408823 -3.661942 -2.181151 -1.057566 1.194287 0.841910 -0.656102 0.205889 -0.512236 0.053210 -3.968575 -2.026439 0.131388 0.358788 1.121783 0.392967 0.803449 0.126266 0.485721 -0.105166 -0.477795 0.101617 
114.833183 -21.007418 6.120361 -0.464965 -0.543428 -4.417427 -1.952066 -0.345195 -0.016854 0.075160 -0.957651 -0.838888 0.652227 2.196095 -0.345371 0.677831 -1.959833 -0.491135 -0.661325 1.188633 0.739711 -0.099577 -0.459346 -0.907256 0.000648 -2.512169 -0.595567 0.899118 1.779467 0.993879 0.469700 -0.260924 -0.177781 0.078255 -0.104730 -0.090466 -0.314076 
122.370811 -19.884607 5.790718 1.028111 -1.772757 -4.187901 -2.255457 0.652237 0.795402 -0.121486 -1.906472 -1.481638 0.203317 -0.413560 0.558055 1.389413 -0.103008 -0.193393 -0.118166 0.672438 0.486347 -0.499591 -0.003571 -0.693169 -0.574942 -1.746570 0.454112 -0.050695 1.455177 0.139495 0.585643 -0.645924 -0.495488 0.112004 0.581408 0.301424 -0.054395 
129.637573 -21.834538 7.236472 2.313861 -0.749444 -4.804212 -2.188398 0.999681 0.955841 -0.924022 -0.964793 -2.225225 -0.497658 -1.297045 0.562852 0.576440 0.950522 -0.212144 0.509962 -0.103215 -0.251264 0.124431 0.703470 -0.304408 -0.108141 -1.596231 -0.861903 -1.027713 0.136058 0.090996 0.538798 -0.437598 -0.339891 0.628162 0.117794 0.409901 0.443228 
131.830612 -22.478698 6.916422 2.180991 0.128286 -4.612190 -1.235533 0.445808 0.292874 0.127376 -0.499532 -2.090454 -0.012965 -3.606022 -1.165752 -0.666013 0.169108 -0.011401 0.959429 -0.202758 -0.193434 0.756733 0.232016 0.126634 0.311514 -1.005910 -1.382162 -0.656638 -0.905985 0.360305 0.055996 0.141797 0.023437 -0.092611 -0.438042 0.519078 -0.037655 
132.116882 -29.046582 4.904968 0.981835 -0.411228 -4.827015 -0.269540 0.594165 0.568974 0.589445 -0.500760 -1.971956 0.125370 -3.308866 -2.201472 -0.736836 -0.861449 0.508465 0.621953 0.180379 -0.204390 -0.060790 -0.172615 0.733748 -0.183452 4.266521 0.190997 0.201826 -0.412846 0.701306 -0.400218 -0.567782 -0.061541 -0.423573 -0.250366 0.580171 -0.144206 
132.127716 -29.096429 2.513478 0.707319 -1.594611 -3.595260 0.008373 0.806567 -0.115907 0.005795 -0.844762 -0.622958 -0.379868 4.927020 -0.783758 -0.262361 -0.656584 1.391211 0.158992 -1.338322 -0.316516 -0.090413 -0.268716 1.286977 0.023101 5.162157 1.539802 -0.018815 0.414995 0.305219 -0.476758 -0.727944 0.026411 0.081195 0.037669 -0.188034 0.387961 
0.000000 -19.192542 3.337452 0.457114 -1.724396 -2.044593 0.048444 -2.082480 -0.064058 0.408618 -1.038192 0.601997 0.171572 7.015449 0.878132 -0.774466 -0.031459 1.118903 -0.331563 -1.275509 -0.151569 0.101599 -0.097276 0.357680 0.592471 -1.431757 0.624952 -0.193501 0.345008 -0.523820 -0.255295 0.753668 0.069512 -0.004700 0.134078 -0.770887 0.146825 
146.220352 -15.065531 4.269743 -0.841613 -1.657530 -1.357454 -0.654753 -1.744452 -0.419044 0.208994 -1.039314 0.092402 0.805073 2.063506 0.466146 -0.649363 0.033433 0.343570 -0.351599 0.169014 -0.177493 -0.099812 -0.000561 -0.254798 0.316751 -2.475972 -0.205993 0.062551 0.032446 -0.387667 -0.010018 0.722262 -0.012962 -0.100706 0.048358 -0.306239 -0.137860 
