113.139999 -32.968901 3.992138 4.015740 2.482005 0.504443 -2.332272 2.890232 -0.422439 -0.990015 1.105917 -0.365269 0.147432 -1.379108 -1.581605 1.070922 1.316927 0.315518 -0.091621 0.029064 -0.022158 0.210286 -0.151340 0.147060 -0.050434 -0.704689 -0.820416 -0.216552 0.674490 0.036829 0.097171 -0.129518 -0.007449 0.000003 -0.174545 0.156495 -0.038047 
115.201393 -35.727117 0.828928 6.157583 5.115859 1.135479 -2.515515 2.948361 -0.466756 -0.569442 0.803237 -0.071148 0.046565 -2.788486 -3.222437 0.637817 2.665908 0.389177 0.102721 -0.229971 -0.037056 0.210291 -0.500430 0.460050 -0.126527 0.345111 -2.237789 -1.736335 0.087586 0.184734 0.334833 -0.202950 0.562529 -0.063731 -0.552610 -0.111624 0.079474 
117.401451 -38.545872 -2.452737 5.291374 7.813821 1.282796 -2.126831 2.430290 -0.496551 -0.569432 0.105057 0.554831 -0.105621 -0.688886 -6.057183 -2.401749 1.492099 0.684986 0.578044 -0.376835 1.102901 0.082824 -1.256560 -0.076187 0.108515 1.458884 -2.053807 -2.287518 -1.593698 0.162653 -0.073742 -0.430593 0.379053 -0.071269 0.040471 -0.462215 0.124972 
116.984993 -37.104890 -11.285438 1.354086 8.100058 2.505450 -1.359427 2.194691 1.739046 -0.403794 -1.709883 -0.223523 0.263595 0.129283 -7.330051 -3.937220 -0.521489 0.714483 -0.044764 -1.091157 0.721050 0.067753 -0.419488 -0.464379 0.123418 1.102439 3.052610 0.460939 -1.870503 -0.419734 0.361747 0.157088 -0.971348 -0.056168 1.057157 0.238562 -0.002456 
0.000000 -38.287306 -17.112839 -2.583065 6.770844 2.711761 -2.216358 0.247976 0.945550 -0.433926 -0.733918 -0.373927 0.141215 1.515992 0.048036 -1.479870 -2.248908 -0.154483 1.301539 -0.062659 -0.839796 -0.029513 0.857753 0.400937 0.103604 1.190734 7.667646 3.037071 -0.266383 -0.641113 0.675895 0.875947 -0.573000 -0.085434 0.346595 0.528032 -0.068651 
0.000000 -34.072906 -11.189366 -1.605655 3.602242 2.196484 1.243651 2.069374 0.059454 -0.462819 0.005624 0.578352 0.470803 2.510751 8.005240 2.136923 -1.054254 -0.567743 1.307027 0.660736 -0.424949 -0.103115 0.273703 0.591686 -0.013884 -0.391305 4.282718 1.555251 0.337055 -0.064456 -1.094768 0.050095 0.452489 -0.149863 -0.456037 -0.460233 -0.250841 
139.907440 -33.265803 -1.102359 1.690780 4.662336 1.576275 0.397696 1.569449 0.095651 -0.640156 -0.186512 0.809444 0.113447 0.733382 8.613472 1.630632 -1.574798 -0.283395 -0.887997 0.037532 0.065181 -0.329238 -0.054321 -0.519529 -0.398079 -2.132022 -1.988318 -0.773623 -0.996256 0.161702 -0.804789 -0.495959 0.296546 0.120220 -0.258952 -0.682180 0.001878 
140.302200 -32.606141 6.037578 1.655608 0.452647 1.629694 -0.532343 2.144438 0.189817 -1.121295 -0.103017 -0.460705 -0.325354 -1.753292 4.028604 0.589676 -3.046767 -0.244340 -0.302551 -0.331182 0.168142 0.137324 -0.244200 -0.772675 -0.010128 -2.946040 -4.790395 -0.051640 0.342037 0.323276 0.614680 -0.657098 0.225931 0.610002 -0.075849 0.510528 0.286704 
138.776291 -36.772387 6.954849 2.870133 -1.431198 1.087594 -0.207405 0.907085 0.431935 -0.365508 -0.674912 -0.735906 0.093190 -5.158699 -0.967319 1.527351 -0.890724 0.363157 0.341364 -1.276665 0.517044 0.890766 -0.206018 0.501527 0.175330 0.791566 -3.200360 -0.320337 0.896635 -1.708079 0.501618 0.502602 -0.277668 0.487851 -0.288198 0.673433 0.290912 
283.238770 -42.923538 4.102939 4.710310 -1.328802 2.356008 0.150385 -0.408891 1.223905 0.660237 -0.515053 0.542349 0.025305 -0.170161 -2.372116 -0.050998 -1.253497 -3.660498 0.700684 0.674023 -0.387194 1.113026 -0.820596 0.574191 0.571696 4.049422 -0.255806 -1.541199 0.226134 -1.841577 0.277918 1.293602 -0.709196 -0.488501 -0.229663 -0.191020 0.082441 
269.844055 -37.112709 2.210618 2.768138 -3.938191 -6.233401 1.193964 2.255131 -0.342453 1.860545 -2.316105 0.412477 1.236583 2.940146 -1.478931 -1.555046 -0.438456 -3.319997 0.897201 1.310539 -0.901349 -0.086237 -0.665344 0.119487 0.340212 2.038681 1.350696 -0.132415 1.825408 3.278697 -0.429112 -0.200423 -0.370366 -1.189679 1.092578 -0.469826 -0.392607 
0.000000 -37.043246 1.145078 1.600217 -2.205715 -4.283986 1.944787 2.212187 -0.578794 0.487763 -1.845740 0.781323 0.705729 3.907201 0.329277 -0.315828 2.397319 2.896897 -0.157539 0.273176 -1.127925 -1.266332 1.364559 -0.365461 -0.213518 1.427436 1.854839 0.277834 1.479060 2.962832 -0.839779 -0.661617 0.040920 -0.218310 1.007433 -0.431190 -0.143985 
137.156494 -29.298308 2.869172 2.136481 0.856448 -0.439608 0.878886 2.801482 -2.598304 -0.672118 0.413013 -0.318445 0.809547 5.795019 2.230747 -0.999379 2.519664 2.605666 -0.782356 -0.012695 -0.819509 -0.522857 1.349522 -0.742893 0.052241 -1.468954 1.077465 -0.154462 -1.201813 -1.023710 -0.010855 -0.287213 0.767607 0.641910 -0.587540 0.110337 -0.005255 
131.696945 -25.453209 5.606571 -0.398540 2.833613 0.927346 0.380075 2.186797 -2.217812 -0.557950 0.853304 -0.704463 0.810212 0.969292 2.484208 -0.624753 -0.006307 0.849476 -0.179248 -0.301251 0.407288 0.017489 0.189478 -0.144786 -0.224027 -3.689302 -0.372893 0.798692 -1.692646 -1.065602 0.350156 -0.075281 0.597009 0.287875 -0.665548 0.455674 -0.052248 
130.214218 -27.359724 7.837588 0.886976 0.843834 1.259344 0.520391 2.198981 -1.783727 -0.637140 0.791969 -0.608018 0.361493 -1.583586 1.484961 0.598005 -0.865628 0.474461 -0.082044 -0.163258 0.374508 0.052893 0.018425 0.168456 -0.052255 -0.873433 -1.890095 0.181293 0.899272 -0.173603 -0.316979 0.236557 0.061227 0.058160 -0.141687 0.270256 0.335291 
132.943863 -28.620381 8.576493 0.797470 1.102357 1.876269 0.215987 1.860282 -1.468796 -0.452165 0.890155 -0.367552 0.705703 -0.777574 -1.295983 -0.262168 1.792236 0.502270 -0.813206 0.171864 0.529743 0.133809 -0.093897 0.395726 0.446554 0.566247 -3.518698 -0.201243 1.782129 -0.114928 0.144498 0.185866 -0.087117 -0.403762 -0.128311 0.436632 -0.043490 
135.635941 -28.914872 5.245621 0.362641 4.428307 2.263884 -1.106021 2.542709 -0.724241 -0.369521 0.604175 0.183434 1.254602 -0.451091 -5.552436 0.195519 2.698630 0.244606 0.206951 0.208474 0.200275 -0.754632 -0.238196 1.041720 -0.139234 -0.081709 -1.990926 0.310778 -0.172095 0.027587 0.681890 -0.334138 0.132274 -0.093084 -0.143554 0.139041 -0.297618 
133.921967 -29.522563 -2.528379 1.188508 6.499616 2.365481 0.629890 2.277230 -1.068247 -1.961428 0.413762 1.715888 0.427235 -0.940991 -5.277835 0.359389 1.448046 0.557443 0.550573 -0.496413 0.794290 -0.052358 -0.381004 0.673808 -0.148682 -0.913384 3.623804 0.213448 -1.390020 0.199501 -0.473188 -0.573240 0.194574 1.126131 0.004987 -0.955114 0.227100 
134.871094 -30.796854 -5.310048 1.081418 7.324399 3.378770 -0.004875 1.549884 0.864340 -0.474238 -0.157833 1.531050 0.957237 -2.277859 1.695173 0.622416 -0.081410 0.643608 -0.739424 -0.938007 0.589422 1.497631 -0.228223 -0.868508 0.314966 -0.689107 4.693364 -0.055590 -1.178565 0.156149 -0.508945 -0.367356 -0.540241 0.694177 0.229918 -0.561584 0.075289 
143.139038 -34.078281 0.861968 2.433340 6.336796 3.652697 -0.848958 0.401215 0.110598 1.033834 -0.042683 -0.021129 1.057166 -2.319204 4.108893 0.248209 -0.909084 0.869741 -0.467316 -1.231124 -0.286192 1.335995 0.078833 -0.449359 0.001895 -0.142372 -0.941588 -0.644473 -0.170857 -0.044469 0.573160 0.580550 -0.121425 -0.695790 0.201983 0.767988 -0.173780 
139.336578 -35.435262 2.907738 1.577835 5.506230 5.118251 -0.939506 -0.912365 0.291956 2.197752 -0.000167 0.632331 0.961028 -2.562603 -0.188003 -0.666530 -0.423125 0.554670 0.406896 0.223092 0.346572 0.106051 0.175744 0.667469 -0.032595 -2.276058 -3.369652 0.217622 -0.168844 -0.410916 0.701043 1.371366 0.375331 -0.799305 0.080619 0.370220 -0.140591 
136.589859 -39.203487 0.485961 1.100281 5.490546 4.762037 -0.035166 0.847399 0.803741 1.245935 0.308806 1.313809 0.991976 -6.871320 -2.630411 0.683453 -1.246771 0.047909 0.934770 1.511607 0.464470 -0.262616 0.240071 0.291081 -0.279286 0.237320 -2.645389 -0.967390 0.150902 -0.307169 -0.697731 -0.188394 0.331250 -0.194588 -0.050311 -0.483974 -0.032854 
134.493500 -49.177902 -2.353084 2.944741 3.012687 5.214068 0.930033 2.110850 1.220897 1.672520 0.479975 1.214494 0.402456 -2.087964 -5.478781 -2.601309 -0.121321 -0.059668 -0.988566 -0.153697 1.009072 -0.283126 0.075122 -0.300479 -0.098302 7.508077 -1.899054 -2.337311 0.775162 -0.065516 -1.101383 -1.251978 -0.402862 -0.350191 -0.065571 -0.392556 0.089658 
0.000000 -43.379414 -10.471601 -4.102336 5.247904 4.642702 -2.012297 0.540005 2.821885 0.679684 0.459051 0.712851 0.795372 8.144834 -6.428518 -3.991169 0.303554 -0.083124 -1.267995 -0.992349 -0.341254 -0.962998 0.108929 -0.494030 -0.099969 4.704706 5.988372 2.722692 -0.699768 -0.512844 0.899114 0.381019 -1.130006 -0.068889 -0.057859 -0.101970 0.046715 
0.000000 -32.888233 -15.210121 -5.037598 3.619794 5.047819 -1.605958 0.126152 0.538388 -0.253476 0.697832 0.226433 0.202518 7.321449 6.497963 2.844076 -1.520856 -1.085356 0.809662 0.608341 -1.250940 -0.420904 -0.040596 -0.504418 -0.004872 -3.221312 9.309125 4.328505 -0.722458 -1.384656 0.628235 1.069710 0.132181 0.812839 0.052217 0.002959 -0.008778 
0.000000 -28.736517 2.524326 1.585816 2.206192 2.471989 -0.392973 1.756687 0.320005 -0.162125 0.377858 -0.295985 0.785627 1.702211 12.189732 4.665841 -1.141363 -2.852437 -0.011524 1.147070 -0.076892 0.662680 0.213363 -0.488112 -0.117525 -4.227709 -0.829765 -0.113573 0.015107 -0.610393 -0.915992 -0.363606 0.665521 0.672567 0.245489 0.157567 -0.343933 
144.406647 -29.483812 9.169343 4.294084 1.337069 -0.657054 -1.629006 2.420292 0.384605 1.071883 1.124558 -0.749792 -0.032533 -1.133969 4.838434 2.616931 -1.490642 -2.306142 -1.022323 -0.118870 0.080102 0.924230 0.450381 -0.189284 -0.692738 -1.101367 -5.202514 -1.857792 0.006090 0.939461 -0.070244 -0.821231 -0.023382 -0.179664 -0.206433 0.226437 -0.072386 
145.409744 -31.004454 12.201195 6.819678 -0.775092 -2.140294 -2.437619 1.518947 0.480208 1.686335 1.278620 -0.674553 -0.599850 -0.500524 1.784705 0.950258 -1.129182 -0.973515 -0.152013 -0.495391 -0.123655 0.303351 -0.199503 -0.035239 -0.262297 1.024739 -2.794846 -1.839910 1.080108 1.045987 0.878651 0.539533 -0.405252 -0.730607 -0.442910 -0.218350 0.498026 
144.957199 -30.484860 12.738753 6.194599 -0.921295 -2.604083 -1.933033 1.429509 0.137295 1.678586 0.725553 -0.820270 -0.557127 0.915508 -0.751257 -1.062888 0.669575 -0.214167 0.734980 0.960195 -0.730402 -0.536983 -0.435439 -0.625983 0.303313 0.025402 -1.460452 -1.142627 0.941652 1.067770 0.653974 0.453821 -0.396692 -0.495672 0.071759 -0.037284 0.272521 
139.248138 -29.173438 10.698681 4.693901 0.564058 -2.568628 -0.967660 3.439338 -0.980597 0.612368 0.407741 -1.926520 0.006777 -0.449720 -1.136198 -1.334997 0.754121 1.162025 1.155934 0.412250 -0.917039 -0.687993 -0.055985 -0.109808 0.282744 -1.049539 0.230798 -0.115586 -0.007128 1.262375 -0.033724 -0.954691 0.354188 0.307888 0.332470 0.572015 -0.231650 
0.000000 -31.384300 10.466356 3.524604 0.586947 -0.280033 0.378836 2.254008 -1.696783 0.302601 0.613583 -1.039886 0.008362 -1.183569 -0.289661 -1.294060 0.655318 2.310584 0.667531 -0.949187 -0.022026 0.078792 0.229501 0.518048 -0.159987 -0.243921 0.405561 0.433762 -0.332585 0.379485 -0.554654 -0.409401 0.423813 0.532639 0.100433 0.142386 -0.176162 
121.433067 -31.540575 10.119358 2.105782 1.874694 2.052539 0.367402 1.540963 -1.024648 0.769952 0.866743 -0.890424 -0.313197 -0.937562 -0.325077 -0.467474 0.088952 1.920996 0.046626 -0.406552 -0.069413 0.377286 0.144881 0.174963 -0.069579 -0.719610 -0.117096 0.970617 -0.857858 -0.656702 0.041814 0.548336 -0.155589 -0.209015 -0.144651 -0.093936 0.107316 
119.606918 -33.259424 9.816202 2.589657 0.764851 3.561959 0.472088 1.440905 -1.835609 1.057173 0.903345 -0.689960 -0.130796 -2.622789 -0.523852 0.647174 -1.060398 0.997180 0.751160 0.147485 -0.333204 -0.339238 -0.059800 0.330176 0.054645 -2.268952 -0.627560 0.445915 -0.740493 -0.870690 0.569483 0.125261 -0.097517 -0.546710 -0.247055 0.079298 -0.065787 
118.894859 -36.786154 9.071653 3.400131 -0.246103 4.046898 1.869722 1.835933 -1.691057 0.091475 0.747143 -0.230073 -0.203908 -5.475466 -1.580197 0.424356 -1.392034 0.179617 1.185592 -0.156030 -0.264446 -0.716135 -0.349229 0.333559 -0.201153 2.144792 0.293750 -0.451024 0.929240 -1.202032 -1.032914 0.036799 0.142876 0.236435 -0.034735 -0.428889 -0.009927 
0.000000 -44.210356 6.655809 3.438369 -2.019217 3.921192 2.843271 1.128845 -2.364502 -0.375096 0.204887 -0.022842 -0.533102 1.666794 0.063648 -0.254875 0.798082 -1.406884 -1.314668 0.221083 -0.047452 0.133631 -0.129270 -0.527603 0.034790 6.026444 1.639555 -0.635120 1.627168 -0.912260 -1.404110 0.295305 0.373310 0.427359 0.202508 -0.366941 0.236251 
231.617661 -33.452567 9.198950 2.890382 1.350060 1.233130 -0.759613 2.278100 -1.785961 0.358737 0.488603 -1.285278 -0.134327 6.577421 1.698913 -0.845883 1.862303 -1.644904 -1.622629 0.434580 0.482175 0.138583 0.055787 -0.400323 0.271349 -2.269551 -1.023511 0.311390 -0.682305 0.867567 1.069264 -0.196161 0.260732 -0.295597 -0.032855 0.597104 0.025313 
127.084579 -31.055513 10.053634 1.746603 1.705389 0.631383 -0.401986 1.998006 -1.400152 -0.097931 0.316461 -0.823487 0.009596 -2.872308 -1.983373 0.367906 -0.566529 0.328250 0.823861 -0.171238 0.474012 -0.457563 -0.194980 0.666606 0.085416 -4.191721 -4.395265 0.465079 -0.878259 1.118748 1.449507 -0.126283 -0.236006 0.197215 0.204864 0.188787 -0.275959 
120.087944 -39.197183 5.232204 3.626194 0.217003 1.889631 0.888109 1.935625 -0.837938 -0.556389 0.098644 0.047934 0.036506 -1.806021 -7.091617 0.084274 0.105784 0.592593 1.276385 0.182014 0.010162 0.533012 0.465515 -0.022748 -0.280569 3.326358 -3.112166 -1.314695 0.828602 -0.023690 -0.068927 0.224514 -0.373698 0.270236 0.135194 -0.538765 -0.000355 
0.000000 -34.667555 -4.129600 1.915151 1.916957 1.816568 2.150783 2.362033 -1.379828 0.968093 1.247490 -0.868983 -0.551542 3.780407 -8.207705 -2.261484 1.090676 0.280871 0.686008 0.277790 -0.273384 0.082909 0.075408 -0.410924 0.084707 2.380694 3.035325 -0.261205 -0.229417 -0.082266 -0.956598 -0.458418 0.098137 -0.546296 -0.623277 0.109203 0.323281 
0.000000 -31.636369 -11.183207 -0.896773 2.398354 2.451372 2.260125 2.491205 -1.384705 -0.390570 0.249461 -0.773914 0.205919 2.955366 -1.020967 -0.438136 -0.353051 0.428062 -0.636811 -0.734823 0.206435 -0.559580 -0.781040 0.195658 0.365993 -1.538125 8.828999 2.526559 -1.253333 -0.786114 -0.738530 -0.432152 0.230108 0.272199 -0.155028 0.240046 -0.208390 
0.000000 -28.756822 -6.171534 1.038878 1.210855 2.672691 0.877162 0.892387 -0.966957 -0.151067 -0.314590 -0.477668 0.180443 0.704157 9.450293 2.791633 -1.415991 -1.291358 -0.791052 -0.586515 0.186833 0.627308 -0.234649 0.069168 -0.332072 -1.986460 5.000056 0.984593 -0.307364 -1.033826 -0.123688 0.407532 -0.194712 0.663621 0.720372 -0.417902 -0.565067 
0.000000 -30.228056 7.717379 4.686494 -0.433627 -0.131343 0.678021 1.318175 -1.011040 0.864046 -0.219836 -0.635578 -0.458225 -1.017554 8.979145 1.531050 -0.967778 -1.639591 -0.884186 0.080241 -0.182989 0.767662 0.659705 -0.640146 -0.764141 -0.552558 -3.717754 -1.319746 0.654009 0.480627 -0.274796 0.028143 -0.182317 -0.075717 0.241550 -0.287584 -0.039445 
0.000000 -30.791930 11.786756 4.100978 -0.724700 -0.606491 -0.891210 1.052870 -1.332935 1.384256 1.004820 -1.757960 -1.347839 -0.400959 2.014784 0.152142 -0.107972 -0.330103 -1.340645 -0.530229 -0.177801 0.475874 0.248451 -0.506000 -0.410962 -0.077721 -4.727095 -0.245291 0.459678 0.482038 0.173192 -0.344041 0.068845 -0.277426 -0.729054 0.447008 0.451141 
58.675236 -31.029974 11.746948 4.990778 -0.649572 -0.791549 -2.003269 0.257718 -1.366643 1.815793 0.277066 -1.647578 -1.280148 -1.172996 -0.475045 1.040469 -0.048422 -0.675514 -0.537801 -0.607841 -0.045300 0.212810 -0.798404 0.253870 0.138140 -1.171900 -2.031242 0.182609 0.289679 0.148549 0.568950 0.182870 0.437255 -0.191529 -0.585680 0.506498 0.425203 
117.107544 -33.137922 10.836667 6.181915 -0.821545 -1.957519 -1.966812 -0.162812 -1.423534 1.809876 -0.591988 -1.250219 -1.071560 -2.744758 -2.047701 0.517361 0.471385 -0.033005 -0.202744 -0.164489 0.696708 0.092816 -0.922909 0.506996 0.439445 -0.818849 -0.821863 -0.759737 0.484501 0.844866 0.170257 0.277431 0.642918 -0.328386 0.018673 0.106080 -0.054902 
114.784935 -36.519491 7.651547 6.025500 0.293198 -0.857560 -2.408756 -0.071260 0.026774 2.001425 -1.568752 -0.633586 -0.401259 -2.810694 -2.118771 -0.479005 0.920580 1.014217 -0.197287 -0.052979 1.240536 -0.443962 -0.761058 0.466029 0.028336 2.070630 1.163471 -0.434873 -0.016887 -0.296355 -0.216098 0.163021 -0.330102 -0.307437 0.435371 -0.457701 -0.324334 
115.782753 -38.759311 6.599126 5.223905 1.019616 0.070915 -2.361385 -0.268770 1.057538 0.921952 -2.114103 -0.318160 -1.014888 1.396501 0.279242 -0.352385 0.437611 -0.625716 -0.634939 0.161553 0.036503 -0.522058 -0.052166 -0.408406 -0.209223 2.783736 1.802953 0.502021 -0.759592 -1.421076 -0.264954 0.544575 -0.985386 0.064790 0.849661 -0.531133 0.195630 
118.511055 -33.726489 8.210030 5.320729 1.168419 -2.108991 -3.678635 0.251847 0.099780 0.957308 -1.673083 -1.450398 -0.819705 2.756778 1.487135 0.525037 -0.598603 -1.827934 -0.727194 1.036170 -0.730236 -0.314383 0.938263 -0.596236 0.419595 -1.177832 0.121388 0.504414 -0.766296 0.286100 0.430952 -0.310948 -0.316030 0.282610 0.304884 0.197807 0.206051 
120.937080 -33.245754 9.573395 6.273978 -0.177589 -3.584953 -3.815774 1.803570 -0.402934 0.293187 -0.237576 -1.510631 -0.175698 -0.959164 0.522017 0.656442 -1.094981 -0.053516 0.226966 -0.460343 -0.595556 0.043161 0.557602 -0.012792 0.202878 -4.285285 -1.588544 -0.108117 -0.074635 1.036573 0.480552 -0.994376 0.356570 0.313729 -0.619553 0.652196 -0.356731 
124.469215 -35.644817 9.254064 6.633614 -1.021543 -2.216023 -3.224704 -0.668840 -1.091331 1.043631 -0.557879 -1.475982 -0.413949 -5.813792 -1.689954 0.308803 -0.747872 0.245211 0.233909 -0.952583 -0.017096 0.313074 -0.300844 0.708157 -0.293867 -4.123305 -1.718900 -0.149902 0.222820 -0.260953 -0.017982 0.228281 0.684801 -0.058016 -0.160849 0.344726 -0.170264 
123.843842 -44.873338 6.193487 6.891584 -1.673332 -3.094530 -3.347957 -0.101597 -0.437125 0.919336 -0.839264 -0.094317 -0.763432 -9.205773 -2.915782 0.356639 -0.649341 -0.575421 0.191002 -0.003781 0.774047 -0.072870 0.235904 0.676660 -0.137650 0.815651 -0.024209 0.517705 0.318522 -0.325362 0.032441 0.320897 -0.119882 -0.143557 0.004075 -0.367880 0.366209 
124.401527 -54.056363 3.422500 7.346891 -2.320225 -3.366865 -2.842699 -0.676402 0.456763 0.897890 -0.086071 -0.122662 -0.689249 -4.182490 -1.738371 1.344213 -0.110828 -0.405512 0.298790 -0.310788 -0.256861 0.025960 -0.292694 -0.027602 0.438550 5.058760 1.640660 -0.001813 0.001667 -0.009241 0.161261 0.049727 -0.354155 0.552267 -0.028767 -0.208070 0.316523 
122.190292 -53.238319 2.716744 9.580010 -1.894988 -3.905554 -2.750377 -0.723173 -0.950846 0.971256 -1.424651 -0.149521 0.113669 0.911747 0.365538 0.353012 -0.646006 -0.593903 0.513525 0.095673 0.065736 1.031663 0.178370 0.260520 0.495396 6.503430 3.163364 -1.233762 0.270203 0.259496 -0.052819 0.684900 0.451028 0.008224 0.511452 -0.233598 -0.517583 
327.616852 -52.232868 4.153577 8.052915 -3.612238 -4.554672 -1.815649 -0.485056 0.588236 2.961217 0.270669 0.398379 0.301544 8.824370 4.588357 -1.123311 0.429578 0.113480 0.193151 1.059011 0.645195 0.042407 0.730209 -0.494799 -0.596615 5.179292 1.547609 -1.068027 1.297050 0.421870 -0.592633 0.660013 -0.490580 -1.410252 -0.191741 -0.751732 -0.458422 
0.000000 -35.589580 11.893458 7.333388 -1.035832 -3.678593 -2.364074 1.394849 0.339544 1.056071 0.035768 -1.139118 -1.079560 11.270332 3.460757 -1.783043 1.948094 0.249837 -0.671741 1.415699 -0.915424 -1.788840 -0.205113 -1.242943 -0.421448 -2.905886 -2.791428 -1.144611 0.168584 0.225801 -0.241244 -0.587531 -0.940103 -0.525624 -0.561731 -0.007974 0.498560 
111.986061 -29.692205 11.075091 4.486830 0.283949 -4.054999 -3.159132 2.346341 -1.242612 -0.616463 -0.139556 -2.087508 -0.541352 3.012598 -0.994499 -3.412532 0.766745 0.565083 -0.289336 -0.116052 -1.235011 -1.008841 -0.393253 -0.510746 0.400505 -6.503493 -2.109320 -0.302118 -1.081504 0.414519 0.607135 -1.145226 0.134667 0.726768 0.028091 0.826647 0.308179 
127.442436 -29.564384 9.904460 0.508324 0.497659 -2.548427 -2.942746 1.162745 -2.130478 -0.961611 -0.750738 -2.160611 -0.278551 -1.736654 -0.757883 -2.387279 -0.214915 1.078875 0.542529 -0.874753 -0.646091 -0.335304 -0.148930 0.410351 0.194910 -3.025162 -0.450724 1.726386 -0.136896 0.088051 0.125856 0.289048 0.080622 0.412167 0.385645 0.582347 -0.231188 
123.926231 -33.165513 9.559326 -0.287728 -0.145880 -1.897250 -2.074074 0.596835 -2.534793 -1.287072 -0.437415 -1.266807 -0.151532 -3.037726 -1.895948 0.040241 0.492954 0.741184 -0.037624 0.462045 -1.073766 -0.184508 0.378038 0.653948 -0.061872 -0.223349 -1.198783 1.240429 1.224862 -0.231482 -0.694825 1.009163 0.097034 0.205038 0.027150 -0.247471 0.061173 
59.210999 -35.639836 6.112564 0.588805 1.483567 -1.066059 -3.017993 2.086835 -4.278010 -1.330626 0.005339 -0.852716 -0.402295 -2.183352 -3.155450 0.093578 2.234810 0.615911 -0.847122 1.143574 -0.452022 0.074773 -0.094629 -0.084591 0.317256 0.137693 -0.654207 0.475515 0.558817 0.060071 -0.452702 0.130639 0.918505 0.241622 -0.256090 -0.518863 0.323839 
314.847137 -37.532216 3.248426 -0.100572 4.323740 -0.665428 -3.768318 2.883982 -3.438838 -1.137527 -0.626674 -1.435989 0.482979 -2.762340 -3.204361 0.991271 1.610588 0.861326 -0.943028 0.723323 0.763243 0.298736 -0.134141 -0.383777 0.585806 0.183601 0.691579 0.621191 -1.022155 0.022550 0.139628 -0.409412 0.397840 0.063707 0.138247 -0.003775 -0.087043 
0.000000 -41.164515 -0.296158 2.571348 4.704743 0.656593 -4.904049 3.533480 -2.751523 -0.733154 -0.262944 -1.620270 0.769317 -1.816149 -1.772292 1.335960 0.190501 0.661010 -0.567866 0.324749 0.343657 0.202186 0.181865 -0.092141 0.143169 0.473095 0.716034 0.172344 -0.710043 -0.100158 0.187581 -0.199287 -0.209793 -0.048275 0.158003 0.145818 -0.221319 
