0.000000 -50.269171 1.623508 5.176706 -0.205740 -1.507060 1.259540 -1.223411 0.751615 -1.895261 0.576769 -0.153755 0.741173 -1.215201 -0.579879 -1.562680 -0.434530 0.260153 -0.262368 0.035415 0.371970 0.325176 0.657781 -0.303480 -0.333791 4.100370 -1.776258 0.927417 -1.179569 -0.887708 0.238971 -0.419425 -0.369613 -0.020284 -0.844433 0.736017 0.019377 
73.116455 -52.699573 0.463750 2.051346 -1.074799 -0.986754 0.734804 -1.152580 1.495554 -1.244910 1.892331 -0.760716 0.073592 6.985540 -4.132396 0.292153 -2.793668 -1.515263 0.215575 -0.803434 -0.367255 0.284608 -1.031086 1.168553 -0.295036 8.493557 -0.482629 3.526399 -1.102425 -1.103901 1.380897 -0.322119 -0.331697 -0.101609 -1.350074 1.147893 0.002986 
166.172287 -36.298091 -6.641284 5.761013 -5.793076 -4.537587 1.690690 -2.830278 0.017104 -1.326045 -1.485403 2.183352 0.151101 15.771914 -1.545138 5.490118 -2.639381 -1.947649 2.499426 -0.608822 -0.291425 0.121957 -2.042367 1.992306 -0.327818 -0.081121 3.046131 1.345247 1.327820 0.339234 0.645064 0.403645 0.601450 -0.042686 0.244069 -0.341137 -0.021538 
0.000000 -21.155744 -2.626526 13.031582 -6.353560 -4.882052 5.733656 -2.370225 0.912704 -1.000996 -2.192403 3.223897 -0.582044 6.823298 1.959866 2.982647 -0.138028 -0.836795 1.505702 0.003857 0.835646 0.199235 -0.542948 0.486280 -0.338113 -10.362530 0.712940 -3.449288 1.453537 0.238070 -2.243607 -0.086839 0.267552 0.211297 1.050458 -1.160961 0.150152 
0.000000 -22.651496 -2.721552 11.726308 -6.069132 -6.211177 4.702093 -2.822564 1.688395 -0.927575 -2.571299 3.155911 -0.525125 -4.953145 -0.119257 -1.408459 0.267693 -1.471508 -1.987788 -0.782501 0.243679 0.544552 0.058548 -0.329615 -0.027513 -9.146229 -0.490706 -2.685206 1.259224 0.755938 -1.739480 -0.012450 -0.760371 0.099535 0.740934 -0.568096 0.231878 
0.000000 -31.062034 -2.865040 10.214665 -5.818174 -7.825069 1.758080 -3.935226 1.400062 0.088108 -2.075306 2.564666 -0.637070 -11.469161 0.978455 -2.387764 2.380419 0.675081 -1.973259 -0.021043 -0.685097 0.398305 0.938920 -0.649912 0.125643 -3.705103 1.600360 -0.378942 0.734628 2.118938 0.710229 1.076043 -0.460729 -0.471227 0.308288 -0.315574 0.082747 
145.634644 -45.589817 -0.764643 6.950779 -1.308294 -4.861015 0.755576 -2.864650 0.318201 -0.130966 -0.693459 1.856086 -0.273838 -12.363350 3.081463 -2.166342 1.736949 2.766369 -0.567330 1.369586 -0.677779 -0.397903 0.675124 -0.960763 0.137981 3.571359 -0.417687 0.954234 -1.679506 0.346043 0.709278 0.508819 0.234760 -0.415689 -0.447300 -0.088353 0.030722 
132.793213 -55.788734 3.297886 5.881981 -2.344276 -2.292332 0.623419 -1.196053 0.044503 -0.707698 -0.725059 0.643140 -0.361107 -4.326444 0.143081 -0.479297 -0.978592 1.367168 -0.554703 0.996594 -0.215577 -0.433073 0.044321 -0.826619 0.187088 10.851558 -4.909123 1.927812 -1.268884 -1.534700 -0.437499 -1.227135 0.564497 0.596510 -0.055415 0.659659 0.025389 
0.000000 -54.242705 -0.478480 5.992184 -3.265478 -2.126679 -0.353829 -0.871462 -0.112953 -0.997111 -0.604816 0.202848 0.100338 9.339765 -6.736782 1.689283 -0.800819 -0.303032 -1.442328 -1.084684 0.451215 0.795117 0.564293 0.358554 0.188760 6.553267 -2.947505 1.423992 0.229175 -1.085092 0.125617 -1.039975 0.262452 0.779103 0.123091 0.684533 -0.015253 
0.000000 -37.109203 -10.175678 9.260547 -3.945914 -2.898395 -2.261237 -3.365420 0.946934 0.882537 0.403526 1.360249 0.016412 8.780090 -5.751929 2.368688 -0.520241 -0.803015 -0.303469 -1.083356 0.309327 1.125133 0.290504 0.542447 0.156582 -4.488645 2.147693 -1.243182 1.565674 0.097410 1.315853 1.425167 -0.808107 -0.168641 -0.141702 -0.386286 0.290552 
0.000000 -36.682524 -11.982338 10.729559 -4.305960 -3.732710 -0.960767 -3.038174 0.505701 1.253155 -0.023809 1.287741 0.413502 0.362476 -2.441395 -0.797080 2.330529 -0.108212 1.189378 1.765651 -1.164998 0.457835 0.280889 -0.414018 0.769864 -6.366198 3.552436 -2.267995 1.076275 1.784832 0.362653 1.516299 -0.300366 -0.555744 -0.018183 -0.527994 0.112722 
132.341553 -36.384252 -15.058469 7.666386 0.715144 -3.114818 0.117519 0.165882 -1.383062 1.798206 0.965304 0.532212 1.556139 -3.952306 1.352944 -2.167303 1.632308 2.766650 0.421837 1.949242 -0.291406 0.013645 0.254139 -0.513541 0.382027 -1.846001 2.352012 0.423440 -1.980275 1.705914 -0.835896 -0.700594 0.721200 -0.361409 -0.344698 0.024245 -0.525971 
153.552841 -44.587137 -9.276451 6.394953 -1.041343 1.800589 -0.117092 0.860311 -0.077111 1.280445 0.484468 0.260660 1.177556 -3.329526 2.262629 0.049799 -1.630021 3.303617 -0.482413 0.364464 0.277401 -0.264983 -0.408508 -0.365528 -0.282079 2.093604 -1.451252 1.692010 -1.344146 -1.376681 -0.192313 -1.254115 0.409573 -0.290514 -0.076982 0.357285 -0.332502 
173.155609 -43.043303 -10.533211 7.765985 -2.544899 3.492417 -0.847307 0.894810 -0.828259 1.268239 0.148289 -0.198844 0.991981 0.234901 -1.549561 1.216718 -1.055984 0.013287 0.037212 -0.558988 0.527739 -0.567384 0.100174 0.201030 -0.282977 1.573704 -2.278938 0.241808 0.535716 -2.022123 0.692195 -0.813733 0.454641 -0.078976 0.160198 0.403965 -0.110506 
172.095016 -44.117335 -12.375573 8.828388 -3.153311 1.827163 -0.042668 -0.257666 0.978368 0.145677 0.684817 0.662719 0.611602 -0.182118 -2.295247 0.533415 -0.558590 -0.740628 0.901978 -1.263002 1.186683 -0.422936 -0.088112 0.442402 -0.503091 0.593721 0.210596 -0.355001 0.391217 -0.209148 -0.093268 -0.217519 -0.114458 0.413893 -0.121755 0.037378 -0.008246 
152.441162 -43.407539 -15.123705 8.832815 -3.662079 2.011160 0.956648 -1.631194 1.545107 0.422367 -0.027936 0.685960 -0.014200 1.422343 -1.128369 0.506715 -0.273550 -0.405010 -0.149323 -0.994026 0.298823 0.260402 -0.143335 0.275785 -0.299469 3.015040 0.942891 0.164842 1.057699 -1.192664 -1.224190 1.029504 -1.588400 0.340075 0.584751 -0.547191 0.486983 
0.000000 -41.272649 -14.632311 9.841819 -3.700410 1.017142 -0.341314 -2.245717 1.576013 0.666480 0.398146 1.214289 0.012663 5.847962 -0.409466 0.863100 1.556808 -3.125956 -1.546403 0.796006 -1.990116 0.257214 1.081390 -0.651980 0.470875 0.828753 0.426135 -0.735012 0.372197 -0.211060 0.212299 0.987856 -0.763270 -0.212435 0.079646 -0.612989 0.427967 
0.000000 -31.711615 -15.942638 10.559014 -0.548463 -4.240753 -2.136157 -0.039182 -2.435124 0.936796 2.134844 -0.618001 0.927549 3.079849 -0.276099 -0.963309 0.470844 -0.827131 0.275275 0.981686 -1.227717 -0.164469 0.015957 -0.950194 0.556464 -5.363850 -0.566445 -0.386777 -1.889393 3.043941 1.514853 -0.789862 1.934168 -0.380415 -1.093282 0.647293 -0.517785 
0.000000 -35.112950 -15.184509 7.915200 -2.758721 -0.637119 0.209236 -0.282346 -0.879420 0.337542 0.430060 -0.686098 1.125592 -4.879739 -1.542357 0.089546 -2.221978 2.961925 1.483304 -0.783718 1.878220 -0.503616 -1.105173 0.642606 -0.564695 -2.180593 0.482710 0.575876 -0.685249 0.973556 -0.070110 -0.768976 1.153324 -0.162046 -0.104569 0.734550 -0.618071 
0.000000 -41.471093 -19.027352 10.738106 -4.992419 1.683098 0.830450 -1.606618 1.321315 -0.070437 -0.075503 0.667211 -0.201842 -1.281337 0.689321 0.188443 -0.899654 1.119982 0.135055 -0.556267 1.078931 -0.488560 -0.193181 0.518907 -0.679677 1.351701 2.470895 -0.604652 1.837036 -1.512677 -0.780873 0.429731 -1.102991 0.229908 0.589474 -0.399488 0.309728 
0.000000 -37.675624 -13.805868 8.292085 -4.558029 1.602844 0.479346 -1.394879 1.278443 -0.639578 0.043699 0.351716 -0.233762 -2.176336 3.399433 -1.119759 1.452094 -0.063429 -0.078442 0.075744 -0.327762 -0.043801 0.073774 -0.156370 0.054761 -2.324372 1.122257 -0.670438 1.416359 -0.445264 -0.296344 0.708532 -0.835376 0.544971 0.034433 -0.363863 0.540398 
0.000000 -45.823766 -12.228486 8.498588 -2.088230 1.556239 0.673565 -1.455131 0.665792 -0.158039 0.072045 0.354471 -0.092320 -5.930081 2.933834 -1.152434 1.933064 0.229453 -0.457633 0.860797 -0.591821 0.601381 -0.124315 -0.208820 0.401119 1.897462 -1.248584 0.453607 -1.332614 0.869376 -0.818827 0.909165 -0.221132 0.129606 0.151157 -0.306719 0.375195 
142.278183 -49.535786 -7.938200 5.987217 -0.691901 2.061751 -0.435920 0.326715 0.094800 0.563185 -0.204932 -0.065923 0.568476 1.618589 0.902265 -0.212545 -1.213134 1.675322 -1.716096 1.894074 -0.770026 0.215410 0.376087 -0.769808 0.805151 5.245809 -3.157516 1.889264 -1.911213 0.015603 0.374067 -0.752945 0.424446 -0.281218 -0.072182 0.262200 -0.329402 
0.000000 -42.586589 -10.423956 8.073499 -4.514497 4.906883 -2.758628 2.333018 -0.874260 0.272781 0.824220 -1.185146 1.517982 4.561537 -3.381199 2.626094 -1.889361 0.260659 0.290501 -0.645093 0.257070 0.038945 -0.268680 0.315580 -0.257686 -0.254649 -1.195030 0.333431 0.948159 -1.524568 1.760329 -1.725803 0.855189 -0.121734 -0.520777 0.896077 -0.770085 
0.000000 -40.412713 -14.700598 11.239405 -4.470624 2.583068 0.145081 -0.963470 0.608939 0.641075 -0.742292 0.565238 0.053105 1.109290 -1.487795 0.454316 0.683184 -1.373815 1.804562 -1.557532 0.940353 -0.028058 -0.665466 1.022347 -0.735019 -2.702047 2.334666 -1.832582 1.292660 -0.413969 -0.156020 0.260281 0.047962 -0.108624 0.321078 -0.116058 0.171755 
0.000000 -40.368009 -13.399546 8.982131 -3.148129 2.159252 0.850496 -0.782046 1.006445 0.216665 -0.506712 0.859548 0.047944 -0.842558 1.288134 -1.039070 0.695958 -0.567280 -0.021539 -0.124531 0.352995 -0.178304 0.373477 0.083465 0.085825 -0.243291 1.023084 0.251515 -0.596554 0.292704 -1.257169 0.344048 -0.413474 0.108191 0.619197 -0.565968 0.468164 
129.808365 -42.097829 -12.124330 9.161266 -3.078707 1.448508 0.102002 -1.212531 1.314928 0.284467 0.004661 0.732167 0.224755 0.622709 0.558373 0.957347 -0.509923 -0.788407 -0.709777 -0.869436 0.113405 0.188325 0.572929 -0.109590 0.201309 0.737335 -1.108438 0.515156 -0.201309 0.302811 0.438200 -0.105337 -0.159914 -0.111785 -0.180716 -0.057149 -0.110892 
0.000000 -39.122591 -12.282799 10.896825 -4.167976 0.582438 -0.569057 -2.520918 1.233254 0.593315 0.639146 0.640368 0.450561 0.632112 -0.928743 -0.008759 0.293341 0.038342 0.854861 -0.335205 0.033167 -0.401874 0.012045 -0.030834 -0.135960 -0.308221 -0.873493 -0.765091 0.653141 0.820770 0.924097 0.792391 -0.037880 -0.264168 -0.569889 0.083174 -0.264779 
126.922821 -40.833605 -13.981816 9.143749 -2.492025 1.525193 1.811723 -1.882941 1.381263 -0.519282 0.028752 0.670499 -0.047164 0.006268 -1.188612 -0.572835 0.796359 0.853133 1.138417 0.715347 0.037644 -0.340011 -0.566850 0.056759 -0.328248 -0.723458 0.412346 0.349979 -0.200053 0.216461 -0.589651 0.132292 -0.050076 0.309159 -0.070138 0.101763 0.185733 
124.084862 -39.110056 -14.660022 9.751154 -2.575257 2.288704 1.707777 -1.090223 1.308542 -0.086707 -0.494554 0.753886 -0.205935 -0.814804 -0.104052 0.691200 -0.106766 0.471265 -0.324441 -0.070620 -0.066985 0.216444 -0.128231 0.172692 0.235506 -2.002853 1.896632 0.213423 -0.761550 -1.170250 -0.960876 -0.766924 -0.024320 0.248385 0.198988 0.029123 0.254115 
121.197510 -42.463213 -14.189919 10.526148 -2.705557 2.467723 1.162841 -2.024181 1.247293 -0.086394 -0.227710 1.015882 0.423848 -3.999439 2.604652 -0.145990 -0.726741 -1.487367 -0.783336 -0.818501 -0.010996 0.156760 -0.168874 0.115005 0.179982 -0.674030 2.958453 -0.662675 -0.597218 -1.715185 -0.936704 -0.639201 -0.395531 -0.337829 0.192093 -0.040614 -0.082059 
0.000000 -47.108933 -9.450718 9.459174 -4.028740 -0.686029 0.141105 -2.727226 1.286551 0.226812 -0.832302 0.983896 0.154030 -2.162865 5.812855 -0.634150 -1.301202 -2.959105 -2.197848 -1.349021 -0.858048 -0.459214 0.255955 0.091464 0.071389 3.646076 -0.118727 0.343369 -0.088258 0.019639 -0.452217 -0.423362 -0.575611 -0.318777 0.160071 0.250952 -0.093298 
120.993515 -46.788943 -2.564209 9.257848 -5.307961 -3.450487 -3.232856 -4.722224 -0.468802 -1.004823 0.284200 1.198811 0.566626 3.292713 2.367197 0.540748 -0.903257 -1.448089 -1.687770 -1.665226 -1.162217 -0.480794 0.151268 0.616909 -0.006614 3.240997 -3.514930 0.605225 0.491139 1.466274 1.134922 0.464803 0.304944 0.207485 -0.223039 -0.070026 -0.255290 
0.000000 -40.523507 -4.716324 10.540670 -5.835254 -3.582207 -3.234435 -6.057678 -1.037884 -0.734776 -0.529766 2.217714 0.140801 4.319129 -1.217005 0.576300 -0.318924 -0.026558 0.071996 -0.419415 -0.248161 -0.044243 -0.190122 -0.048588 -0.439192 -0.982471 -1.213842 -0.861322 0.670820 1.029712 1.340639 1.564128 1.042564 0.204855 0.206442 -0.768123 -0.218393 
0.000000 -38.150686 -4.998219 10.410449 -5.945808 -3.503603 -3.088864 -5.561054 -0.965123 -1.093310 -0.096045 1.101635 -0.311758 1.327772 -0.060488 -1.181895 0.438383 0.611334 0.993509 1.463030 0.922911 -0.071084 0.564152 -0.919337 -0.443401 -4.377387 2.075731 -2.888747 1.209844 0.266389 0.146708 1.484546 0.414588 0.204138 0.319353 -0.407045 0.320275 
123.926331 -37.867962 -4.837299 8.176879 -4.958487 -2.359539 -1.247417 -3.131618 0.807938 -0.876945 0.598537 0.379041 -0.746001 -4.435646 2.934458 -5.201193 2.100765 0.506221 0.365413 2.549677 0.581015 0.364032 0.448583 -0.862679 0.201359 -3.582827 2.574038 -2.700845 0.844333 -0.950745 -0.650511 -0.158285 -1.091207 0.338302 -0.774551 0.357125 0.202574 
122.007439 -47.021978 0.870698 0.008063 -1.744278 -2.491161 -2.358038 -0.461700 0.196907 -0.365245 0.801122 -0.623723 0.090959 -5.837881 5.087588 -6.583586 2.127049 -1.290156 -0.307513 1.146460 -1.259503 0.605520 -0.984950 -0.205086 -0.038252 4.035523 -0.806932 3.727397 -1.106382 0.831073 -0.062876 -0.840419 -0.467023 -0.060969 -0.394072 0.522095 0.043523 
122.854591 -49.543724 5.337877 -4.990292 -0.704390 -4.939851 -1.862443 -0.838698 -1.711069 0.334095 -1.371364 -0.031132 -0.822506 3.635400 1.320594 2.253601 -0.112000 2.168367 0.239661 0.868840 -0.353030 0.242094 -0.339560 0.181512 0.288405 7.675252 -4.772438 7.912605 -1.137710 2.290206 0.693266 -0.842517 1.122283 -0.439599 0.583674 0.280155 0.111210 
123.627945 -39.751177 3.511886 4.515265 -1.968278 1.845572 -1.878717 1.275979 -0.509152 0.118942 0.122002 -0.260700 0.667768 9.512622 -4.457287 9.241625 -0.148372 3.290257 1.079019 -0.538574 0.985063 -0.273677 0.182397 0.355223 0.184169 1.846090 -4.142807 1.332341 0.135734 -2.960982 0.184085 -0.953230 -0.082861 0.096979 0.163406 0.053492 0.060887 
145.345032 -30.518479 -3.576697 13.492958 -1.001134 1.640662 0.295595 -1.915845 0.259057 -0.213259 -1.006570 0.679314 -0.454168 7.327580 -6.965020 4.918284 0.159468 -3.753597 0.607830 -1.037620 -0.518751 0.436051 -0.012748 0.288495 0.410178 -2.554017 -0.758694 -7.178462 0.591111 -2.630897 -1.095000 0.208054 -1.108830 0.734019 0.497923 0.013409 0.189091 
0.000000 -25.096017 -10.418154 14.351832 -1.649343 -5.661622 -0.663058 -0.799260 -1.546654 0.991044 0.096506 0.316289 1.488124 4.404589 -5.974675 -5.115299 1.033850 -1.971537 -1.110982 -0.122466 -1.232597 1.194362 1.178244 0.382040 0.562351 -2.967404 1.674512 -5.584452 1.562530 3.761368 -0.444074 0.440763 0.368636 -0.062527 0.323872 0.219495 -0.457556 
0.000000 -21.709302 -15.526046 3.262360 1.066567 -2.302412 -1.926368 -2.160778 -2.206138 2.175464 1.349917 1.443394 0.670533 1.392773 -3.615996 -6.250620 3.284527 3.769139 -0.280318 -0.156093 0.218521 0.310998 0.634996 0.727485 -0.504935 -3.173310 3.006829 2.445607 0.332529 2.703628 1.079698 0.497476 1.532805 -0.698292 -0.885757 -0.761077 -0.426410 
172.415054 -22.310471 -17.650146 1.850592 4.919711 1.876657 -1.223693 -1.111447 -1.109612 1.613040 1.366497 1.771260 0.478255 -1.942031 0.038984 -0.224085 1.698908 3.435720 1.048414 0.872486 1.833013 -0.202222 -0.593271 -1.140115 -0.290470 -0.644252 1.596086 2.937128 -1.707816 -0.872641 0.310466 0.002755 0.400819 -0.130006 -0.698427 -1.042993 0.230455 
181.651413 -25.593363 -15.448079 2.814191 4.464382 4.569027 0.170459 -0.415807 1.459889 1.771019 0.163375 -0.836835 0.089593 0.104270 -0.423824 -0.376365 -0.131106 2.023858 0.340615 -0.150584 1.020160 0.050987 -0.761857 -1.358500 -0.044024 2.327759 -1.428497 -0.898063 -1.040145 -1.892731 -0.814681 -0.603259 -1.130019 0.072189 0.358350 0.722495 0.247331 
0.000000 -22.101932 -18.497793 1.097862 4.657499 5.924372 -0.542464 -1.412614 0.930708 1.715014 -0.157218 -0.945740 0.390207 2.713488 -2.818010 -2.020211 -0.381382 -0.349743 -0.580948 -0.334033 -0.427025 -0.057844 0.123428 0.304874 0.204191 0.817508 0.273687 -0.240419 0.242069 -1.132780 -0.004230 0.366391 -0.591383 -0.046490 0.667004 0.732877 0.028079 
0.000000 -20.166386 -21.084099 -1.226231 3.701618 3.869541 -0.991437 -1.083873 0.605840 1.655331 0.410230 -0.227086 0.497975 1.739285 0.123550 -0.857203 0.353032 -0.241703 0.332154 0.582198 -0.162605 -0.041993 0.572151 0.107254 0.012134 -1.315842 2.708435 1.009312 0.291324 0.814915 0.527462 0.759377 0.109146 -0.095311 0.318669 -0.197763 -0.027555 
219.101807 -18.623362 -18.250694 -0.616545 5.363563 5.440966 0.121844 -0.248218 0.605498 1.631028 0.987085 -0.731232 0.414475 0.081805 2.598860 -0.001586 0.201266 1.280088 0.473977 1.184720 -0.208732 -0.248466 0.760765 -0.090652 0.149081 -2.191477 0.949935 0.236043 -0.841158 0.220971 -0.298355 0.014900 -0.113689 -0.591029 -0.146909 0.219871 0.024770 
0.000000 -20.002777 -15.886379 -1.229404 4.104151 6.429717 -0.043483 1.285568 0.188375 1.158400 1.931761 -0.408391 0.796136 -2.643669 2.023420 -0.385117 -1.329284 0.200239 -0.264556 0.611998 -0.389983 -1.224052 0.278332 0.546995 0.061674 -4.484787 -0.512686 0.347130 -0.353786 -1.327680 -0.523829 -0.683556 0.130241 -0.082504 -0.431837 -0.054150 -0.047792 
0.000000 -23.910699 -14.203855 -1.386778 2.704995 5.841444 -0.407269 0.975778 -0.174469 -0.817076 1.543749 0.362758 0.537822 -8.887769 1.573487 0.692673 -0.506306 -1.375272 -0.573681 -0.182391 0.051750 -0.413474 -0.102909 -0.198952 0.053497 -4.667145 0.044818 1.784126 -0.730472 -0.715825 -0.322754 -0.275402 0.229323 0.796951 -0.351358 -0.544677 0.126935 
160.995010 -37.778314 -12.739404 0.155942 3.091538 3.679173 -1.190844 0.920786 0.291875 0.331451 1.725944 -0.806294 0.903130 -11.977959 2.113056 3.183135 -2.790229 -1.231411 -0.910064 0.061194 0.068663 0.369850 -0.424384 -0.542359 0.315544 2.964915 -1.239692 1.548394 -1.930872 0.576541 0.097503 -0.161181 0.082951 0.007349 -0.122030 0.170440 -0.120469 
146.631058 -47.866617 -9.977743 4.979491 -2.875463 3.378622 -2.227398 1.098165 -0.037144 -0.077375 0.694981 -0.721961 1.168909 -2.957939 -0.905896 3.789460 -4.368049 -0.222190 -0.378674 -0.504754 0.217652 -0.398777 -0.346969 0.141928 -0.187441 7.854078 -3.103546 -0.950553 1.808371 -0.309505 0.903954 -0.164567 -0.033058 -0.361419 0.283823 0.524043 -0.520670 
0.000000 -43.694192 -14.551197 7.734861 -5.644561 3.234792 -1.948193 -0.088723 0.727180 -0.466103 1.032006 -0.522437 0.528249 3.730197 -4.094037 1.282028 0.826514 -1.850421 0.897844 -0.267941 0.002547 -0.352987 0.143262 0.505726 -0.725796 2.786237 -0.099072 -1.838044 3.501375 -0.519690 0.514495 0.539426 -0.220575 0.090848 0.367160 -0.107214 -0.023173 
0.000000 -40.406223 -18.165817 7.543547 -1.222436 -0.322221 -0.431710 0.562283 -0.032049 -0.783350 0.981504 0.289491 -0.282682 2.614535 -1.104041 0.113372 2.634700 -1.261570 0.650315 0.574097 -0.223498 -0.217081 0.387352 -0.072499 -0.233786 -0.503382 4.308160 1.135110 0.167788 1.729155 -0.233453 -0.165590 0.053555 -0.019219 -0.148061 -0.324617 0.506384 
0.000000 -38.465122 -16.759279 7.961606 -0.375161 0.711652 -0.647562 1.059472 0.280184 -0.900264 1.806710 -0.667435 0.060676 2.723433 4.522283 3.552248 1.162090 1.607889 0.430938 -0.599122 0.109658 -0.391426 -0.152861 -0.143508 0.286972 0.272710 3.670356 2.144420 -1.420936 0.960261 -0.371907 -1.346564 0.123375 0.213389 -0.561140 0.448987 0.271748 
0.000000 -34.959357 -9.121252 14.648043 1.101744 2.893557 0.430165 -0.635961 0.187267 -1.566203 0.675783 0.002475 0.291261 3.159955 6.236671 4.402211 -0.207173 0.658952 -0.093499 -2.119030 0.023252 0.209697 -0.734929 0.825474 0.309710 0.691368 -1.236407 -1.349956 -0.245323 -2.113299 -0.519944 0.124073 -0.551508 0.902255 0.137346 -0.010130 0.126291 
130.107361 -32.145212 -4.285937 16.766029 -0.789506 2.029556 -0.834560 -3.178587 0.326687 -0.480870 0.336852 0.983513 0.680096 4.106169 2.049469 0.852337 0.671444 -2.618708 -0.608950 -0.350975 -0.993358 1.413083 0.121832 -0.163768 0.539554 0.337900 -3.444274 -2.767244 1.481767 -1.650629 -0.111494 1.738310 -0.657129 0.383339 0.557748 -0.488545 0.011019 
132.855789 -26.747018 -5.022313 16.352716 2.444631 -2.343859 -0.787734 -1.337911 -1.799449 1.259963 0.919446 -0.325061 1.370369 3.835754 -0.651877 -1.132277 2.756362 -2.642306 -0.316486 1.357590 -1.291007 0.976376 0.380566 -0.151616 0.331747 -1.958670 -0.878468 -0.916306 0.212881 0.936068 0.119737 0.344915 0.358492 -0.728676 0.130839 0.295355 -0.355908 
135.188660 -24.473704 -5.589690 14.501474 4.723218 -3.255056 -1.467531 -0.463406 -2.255327 1.471881 1.097985 0.680281 1.343590 0.188828 0.292534 -0.980275 1.097205 -0.746573 -0.369476 0.338855 -0.276373 -0.044269 0.383511 0.426941 -0.172262 -2.831487 0.852855 0.585504 -1.471408 1.089698 0.120268 -0.536993 0.599246 -0.612190 0.011657 -0.133567 -0.384235 
136.785294 -26.369361 -4.437244 14.392165 4.639041 -3.837005 -1.526687 -0.660200 -2.352195 1.171425 1.686467 0.528821 1.025846 -1.827219 1.053833 0.038730 -0.186454 -0.462909 -0.075949 0.283604 -0.092515 -0.248005 0.403880 -0.418751 -0.436724 -0.762515 -0.312079 0.808162 -0.901750 0.603521 -0.092315 0.193098 0.071614 -0.038985 -0.136667 -0.505650 0.084353 
136.796600 -28.128143 -3.482025 14.578934 4.350309 -4.180874 -1.619430 0.103802 -2.440358 0.975871 1.905745 -0.157221 0.470143 -1.336201 -0.331624 0.636048 -0.706296 0.460469 -0.554106 0.725050 -0.133144 -0.122239 0.110176 -0.584358 -0.003556 0.685205 -0.931533 0.251967 -0.187738 0.547656 -0.215893 0.029723 0.001726 0.111772 -0.201672 0.088707 0.355509 
135.492325 -29.041763 -5.100493 15.664261 3.226450 -2.916068 -2.634899 0.789901 -2.618484 0.926947 1.906819 -0.639896 1.018733 -0.456810 -0.809234 0.542664 -0.561930 0.632403 -0.507735 0.343049 -0.089063 -0.024462 0.000537 -0.241338 0.274295 0.439695 -0.238805 -0.046692 0.072183 0.085967 0.023186 -0.191001 0.022041 0.048889 -0.054820 0.171510 0.138926 
