121.226654 -29.938319 4.842944 1.909604 2.234858 -0.989822 -1.526903 1.840642 0.972541 0.883549 -1.168715 -0.732561 1.353049 -1.333588 0.973495 0.591742 0.266723 -0.448395 0.098195 0.099492 -0.384948 0.310919 -0.368001 -0.186662 0.128300 -0.436290 -0.228520 -0.569264 0.020589 0.281527 -0.098938 -0.109466 -0.293825 -0.054657 0.376772 -0.055509 -0.036305 
115.768425 -32.605495 6.789934 3.093087 2.768304 -1.886612 -1.330513 2.039626 0.202644 1.505387 -1.904717 -1.105886 1.609648 -2.206169 0.516454 -0.546786 0.307901 0.114660 -0.099681 -0.119440 -0.972598 0.201605 0.385544 -0.297681 0.055690 -0.737966 -0.913398 -1.514451 -0.344851 0.580184 -0.354807 -0.298877 0.061718 -0.199660 0.663272 0.357627 0.071193 
115.270172 -34.350656 5.875852 0.816032 2.850659 -0.760503 -1.726266 1.601762 -0.972656 1.286759 -0.397628 -1.327922 1.464428 -2.809519 -0.853301 -2.437160 -0.422980 0.711973 -0.611420 -0.498262 -0.261513 -0.088401 0.958544 0.528592 0.270685 0.159092 0.356675 -0.116016 -0.161855 0.119141 -0.138298 -0.233829 0.911860 -0.036925 -0.262998 0.334871 -0.024988 
112.034950 -38.224534 5.083332 -1.781232 1.922345 -0.462665 -2.553353 1.043102 -0.320382 1.328585 0.012371 -0.048701 2.151018 -1.887984 1.229804 -0.778817 -0.015809 0.352942 -0.376277 -0.587098 0.851122 0.127756 -0.140452 0.372061 0.005714 3.347173 1.847115 1.117814 0.430110 -0.437814 0.139860 0.492005 0.366596 -0.274925 -0.621068 -0.717271 -0.484751 
110.723694 -38.126624 8.335460 -0.741602 2.819042 -0.054619 -2.478820 0.427566 0.729587 1.542271 -0.678532 -0.583801 1.475856 3.884827 2.840930 -0.201531 0.437240 -0.163654 -0.331700 0.485749 0.471680 -0.638251 -0.283592 -0.905950 -0.698817 3.380044 -0.071053 -0.260727 0.027235 -0.401622 -0.012316 0.703256 -0.689463 -0.456882 0.210918 -0.556635 -0.093866 
110.867332 -30.454881 10.765192 -2.184295 2.796825 -0.789973 -3.216753 2.014599 0.622977 0.052084 -0.554814 -1.860601 0.753383 4.872105 1.087698 -1.300270 0.038662 -0.450301 -0.400910 0.819413 -0.527804 -0.786008 0.281383 -0.741210 -0.182018 -1.301242 -1.426466 -0.236291 -0.193121 -0.101797 0.172283 -0.186449 -0.581526 0.292184 0.201973 0.438256 0.421460 
109.574944 -28.382414 10.510857 -3.342143 2.896366 -0.955222 -3.280640 2.066393 -0.326021 -0.029745 -0.115765 -2.066221 1.111820 1.282342 -0.012001 -0.674113 0.050999 -0.367249 0.012865 0.112850 -0.691373 -0.053882 0.120354 -0.029439 0.144102 -1.941161 -0.525634 0.532873 -0.048927 0.002021 0.368190 -0.374969 0.152321 0.428307 -0.280829 0.505401 0.068276 
109.068985 -27.890197 10.741189 -3.532521 2.898823 -1.524471 -3.191022 2.240299 -0.759769 -0.055681 -0.314106 -1.919479 1.041588 0.989782 0.036429 -0.234525 -0.059193 -0.446260 0.335470 0.069475 -0.223162 0.070607 -0.280275 0.269592 -0.045465 -0.184311 0.052302 -0.016691 0.142424 0.033574 0.104484 -0.076921 0.332056 0.134588 -0.191601 0.074874 -0.044723 
109.136459 -26.402850 10.583715 -3.811193 2.777980 -1.847742 -2.609700 2.205342 -0.772345 0.111469 -0.676315 -1.527037 1.020890 0.913720 0.092602 -0.707495 0.335847 -0.300100 0.221834 -0.040991 -0.027262 0.215293 -0.262848 0.120309 0.054657 -0.870754 0.221003 -0.217076 0.063058 0.174037 -0.203777 -0.197866 0.125272 0.006330 0.113199 0.000919 0.008256 
108.218407 -26.062756 10.926393 -4.947512 3.570517 -2.124670 -2.747355 2.158317 -0.814292 0.374906 -0.839803 -1.678860 1.150903 -0.751726 0.478436 -0.668677 0.066922 -0.098185 -0.072084 -0.326257 0.027381 0.083267 -0.053878 0.271430 -0.028952 -1.029111 0.050280 0.134948 -0.175594 0.164405 -0.010712 -0.116990 0.056754 -0.128793 -0.007073 0.135436 -0.118508 
106.659714 -27.906302 11.540587 -5.148547 2.911824 -2.044111 -2.753869 1.552829 -0.717584 0.278004 -0.784070 -0.984177 0.962985 -1.144501 0.193161 -0.437599 -0.015342 0.028711 0.200411 -0.274971 0.086247 -0.042293 -0.276994 0.391181 -0.182358 0.207240 -0.314118 0.181025 0.307504 0.020301 0.268479 0.233689 -0.018420 -0.054914 -0.154075 -0.117392 0.016442 
105.763275 -28.351758 11.312716 -5.822710 3.539833 -2.067248 -2.346533 1.608375 -0.641797 0.290319 -1.393791 -0.896498 0.786186 -0.337246 -0.149800 -0.306626 0.681929 -0.057583 0.464874 0.141122 -0.009458 -0.026561 -0.362027 0.036647 0.003931 0.618429 -0.101793 0.402159 0.000436 0.084029 -0.000916 0.003982 -0.027810 0.034022 0.101631 -0.042760 0.128315 
105.334534 -28.580795 11.240986 -5.761798 4.275682 -2.159276 -1.824122 1.835073 -0.736501 0.224882 -1.508124 -0.910884 0.970848 0.092357 -0.010424 0.366719 -0.014470 0.196768 0.198579 -0.267008 0.030627 0.025750 -0.073732 0.305661 0.074273 0.602542 -0.246839 0.643683 -0.621305 0.251298 -0.127936 -0.400321 -0.055821 -0.041378 0.312282 -0.056129 0.180858 
107.622398 -28.167045 11.291868 -5.089271 3.510893 -1.673712 -1.949376 1.074360 -0.580544 0.341820 -1.541255 -0.285177 0.934731 0.867838 -0.643478 0.980741 -0.560680 0.445013 0.209002 -0.659520 -0.121101 -0.109318 0.262536 -0.075612 0.365647 0.328925 -0.907240 0.645308 -0.452719 0.376453 -0.309192 0.128717 -0.114636 -0.145986 0.298740 -0.533564 0.186228 
108.869690 -26.845120 9.954030 -3.800316 3.154321 -1.269251 -1.406117 0.516033 -0.978702 0.006246 -0.983052 -1.062107 1.702142 0.750206 -1.824904 1.657335 -0.919907 0.949675 -0.419806 -0.009575 -0.198646 -0.266222 0.523748 -0.761466 0.446729 -2.736970 -1.678889 0.190463 -0.073322 0.052406 -0.654993 0.424849 0.089280 0.093642 0.043886 -0.179667 -0.163999 
109.163330 -26.666633 7.642060 -1.774602 1.671078 0.225637 -2.788988 1.055210 -0.977836 -0.190624 -0.493759 -1.808109 1.828189 -4.606103 -4.001256 1.361666 -0.707324 0.549824 -1.100984 0.190179 0.057459 0.077966 0.350309 -0.434945 0.037649 -3.360087 -1.921492 0.085503 0.789517 -0.567908 0.045152 0.091533 0.647032 -0.129646 -0.407114 0.500777 -0.557015 
108.311516 -36.057326 1.951518 -1.076983 1.739673 -0.169602 -3.608085 0.896391 -0.863784 0.162177 -0.282434 -1.931998 1.777440 -5.969967 -5.667887 1.828341 0.659127 -0.186141 -0.329501 0.173491 1.095417 -0.525514 -0.290481 0.240087 -0.667301 0.986087 -0.044142 0.558932 0.957580 -0.087747 0.060798 -0.775085 0.779188 -0.458514 -0.521668 0.746284 -0.227849 
110.875832 -38.606568 -3.693715 1.882081 2.989331 -0.146646 -3.447990 1.402193 1.212999 -1.241651 -1.074720 -1.327935 0.493587 -2.633930 -4.089540 2.479530 1.207836 0.374331 -0.979387 -1.359991 1.615835 -0.839062 -0.693026 1.057623 -0.418049 6.040205 5.728359 -0.952009 0.060362 -0.068664 -0.601663 -0.776976 -0.583547 0.328441 0.383125 0.187887 0.255498 
0.000000 -41.325185 -6.227562 3.882077 4.155346 0.579059 -5.566859 -1.823592 2.367886 -1.515947 -1.668486 0.183248 0.941342 6.110444 5.788831 -0.075677 0.779850 -0.323469 -1.532828 -1.380461 -0.071676 0.131368 0.475770 0.615861 -0.156305 5.842626 6.261340 -2.770341 -0.724824 -0.508046 0.703326 1.319928 -1.497050 0.692425 0.890229 -0.951294 0.119805 
0.000000 -26.385681 7.883948 1.730727 4.549032 -0.793585 -6.513647 -1.358729 1.069647 -0.978916 -0.123180 -0.096213 0.180976 9.051323 8.433141 -3.061152 -0.241812 -0.641762 0.427264 1.279866 -1.378266 0.545788 1.087433 -0.844965 -0.178439 -2.339443 -1.970036 -1.505994 -0.737931 0.201933 1.589904 1.519958 -0.352316 0.289209 -0.062548 -0.855373 0.144653 
103.340935 -23.222539 10.638719 -2.240228 3.671722 -0.704465 -4.712331 0.736140 -0.388646 -0.424370 0.506379 -1.506683 0.584464 1.431558 1.848758 -3.087665 -0.696012 0.080398 1.646980 1.659456 -0.776309 0.709786 0.350673 -1.094885 0.133001 -5.348774 -5.081496 1.886509 -0.370601 0.833990 0.103854 -0.284747 0.901454 -0.194704 -0.585381 0.301440 0.055623 
106.653282 -23.522565 11.581465 -4.444603 3.157007 -0.632790 -3.219686 1.960183 -0.482970 0.440656 0.578167 -2.285984 0.446978 -1.646224 -1.729851 0.711865 -0.983014 1.026219 0.634972 0.710371 0.424642 0.156381 -0.083330 -0.242086 -0.067192 -2.481694 -4.393623 3.292699 -0.692067 0.284501 -0.671324 -1.350267 0.834060 -0.200383 -0.225521 0.868557 -0.321543 
109.755020 -26.514988 7.179018 -0.816498 1.705693 1.347973 -3.442386 2.156882 0.460637 -0.111607 0.339719 -1.990854 0.450080 -3.531830 -6.938487 3.497732 -2.080147 0.649401 0.304332 -1.041078 0.891812 0.309020 -0.100368 0.642229 -0.510085 0.423610 -1.134185 0.677961 0.028666 -0.597695 0.438778 -0.683409 -0.034072 -0.244832 -0.248662 0.256642 -0.032819 
112.825012 -30.586224 -2.295508 2.550862 -1.003287 0.666012 -2.611023 -0.121972 1.300653 1.058695 0.377431 -1.001527 -0.573191 -0.799004 -3.998221 2.067786 -0.925683 -0.169172 1.512529 -0.656446 0.356497 -0.333283 -0.580653 0.271199 -0.132830 3.747510 5.621432 -1.689283 0.974600 -0.171622 0.268297 0.753330 -0.365876 -0.704734 -0.381835 -0.406405 0.553291 
109.670212 -28.112995 -0.817424 3.319074 -0.145673 1.009629 -0.417329 0.843990 1.173631 -0.778173 -0.821587 -1.448457 0.184420 3.963190 4.304377 0.119166 -0.130948 0.306157 0.840926 0.465582 0.160060 -1.100449 -0.864039 -0.170581 0.596497 1.803405 3.891908 -1.556492 0.568605 -0.028836 -1.145097 0.336526 -0.238846 0.248319 0.210996 -0.113803 0.343376 
127.821587 -22.659844 6.313246 2.789195 -1.265182 1.278327 -0.929172 0.809192 1.620774 -1.142202 -1.350647 -1.342688 0.619804 2.807806 3.785595 -1.045197 0.211527 -0.226844 -0.777665 0.016605 -0.121195 0.163355 -0.158662 0.043593 0.553921 -3.859468 -3.034827 -0.400767 0.606589 -0.579127 -0.657384 -0.328573 -0.260919 0.861379 0.590536 0.093107 -0.160809 
126.013168 -22.497383 6.753766 1.228680 0.277381 0.555941 -1.972659 0.877201 0.931242 -0.451463 -1.138910 -1.361270 1.292262 -3.755747 -1.765276 -0.682367 1.082231 -0.852097 -0.473842 -0.191563 -0.361778 0.622310 0.317034 0.015634 0.274879 -4.472068 -1.744343 1.157198 -0.225864 -0.237091 0.134162 -0.124240 -0.027626 -0.090825 0.324038 0.069284 -0.396337 
120.295937 -30.171337 2.782693 1.424460 0.899279 -0.425867 -1.876856 0.426066 0.897217 0.102418 -0.716579 -1.311420 1.169561 -6.136331 0.296910 1.269198 -0.240201 -0.701025 -0.509340 -0.231876 -0.176448 -0.018295 0.489414 0.182161 -0.238753 1.561004 2.929403 0.006588 -0.883444 0.556892 -0.197611 -0.148485 -0.024021 -0.242723 -0.020015 -0.157909 -0.330316 
125.076805 -34.770045 7.347586 3.767077 -0.203022 -0.846109 -2.991339 0.413450 0.578346 -0.488053 -0.160082 -0.996948 0.814755 -0.633738 4.093529 -0.669191 -0.684658 0.261687 -0.869064 -0.488532 -0.409820 0.136863 0.277005 -0.300184 -0.385753 3.838358 1.152574 -2.087499 0.204294 0.485378 0.321609 -0.198421 -0.085599 0.359063 -0.256808 -0.477045 0.013326 
50.237587 -31.438813 10.969752 0.086079 -0.470037 0.097508 -3.614985 -0.550999 0.077577 0.376144 -0.162569 -1.911788 0.398056 1.540385 2.602058 -2.905800 0.168387 0.269731 0.133879 -0.628717 -0.347646 0.699830 -0.024202 -0.771928 -0.212102 0.734865 -1.369917 -0.427135 0.762459 -0.186827 0.730485 0.248012 0.106241 0.048322 -0.258593 0.031831 0.178988 
93.860733 -31.689275 12.551701 -2.044523 0.133752 -0.306647 -2.723581 -0.843985 -0.116946 0.911607 -0.208486 -2.540804 0.390551 0.835992 1.353695 -1.523460 0.840259 -0.111966 0.591905 0.007492 -0.197337 0.233508 -0.240180 -0.236521 -0.027777 -0.742516 -1.778506 1.608517 0.258055 -0.025185 -0.063297 0.884709 -0.101385 -0.075040 -0.114016 0.509436 0.093983 
93.671059 -29.766828 13.677141 -2.960842 1.210480 -0.126425 -2.431175 -0.536015 -0.317097 0.843160 -0.642930 -2.384830 0.342502 0.055354 -0.954954 0.311233 0.684497 0.219362 0.007285 1.140700 -0.550416 0.549750 -0.252234 0.246944 -0.024137 -2.806612 -3.857178 1.769802 -1.031611 0.161266 -0.503684 0.020134 0.437551 0.226194 0.021586 0.395334 0.042793 
95.105576 -31.578567 10.641792 -1.422056 1.502747 0.132076 -2.709010 1.437416 -1.217777 2.011107 -0.712955 -2.046917 0.342277 -4.777231 -6.360660 2.016145 -1.222962 0.210565 -0.415462 0.047761 0.677765 0.685897 -0.197008 0.554147 0.057810 0.684049 -1.274514 0.831885 -0.665173 0.110200 0.654796 -0.739273 1.016348 -1.054679 -0.151006 0.255856 -0.002812 
94.751503 -39.321291 0.955821 1.071448 -1.235444 0.294704 -3.262100 -0.440494 1.038434 2.214953 -1.036947 -1.276537 0.458122 1.423452 -3.503982 1.975004 -0.645849 0.439761 1.316877 -0.337846 1.482281 -1.559608 -0.554246 0.758656 -0.029760 6.668953 4.699165 -1.395199 0.922283 -0.016081 1.128326 0.165080 -0.354698 -1.351918 0.095975 -0.206495 -0.107419 
0.000000 -28.731662 3.633829 2.527953 0.211049 1.011598 -0.075255 0.761725 1.746784 -1.108110 -1.821448 -0.529605 0.282757 8.560675 3.037669 -0.774254 0.621603 0.178402 1.841189 0.377920 -0.031631 -2.017939 -0.005058 0.141157 -0.157028 0.893486 3.240188 -2.221069 0.288783 -0.216409 -0.737429 0.306908 -1.223911 0.695578 0.596650 -0.659889 0.012471 
114.897949 -22.199940 7.031159 -0.477061 0.007763 0.651508 0.420278 0.315346 0.975171 -1.820925 -1.047062 -0.994224 0.144066 3.210424 2.976394 -2.467133 -0.068284 0.006944 -0.157982 0.275971 -0.965540 -0.168452 0.639053 -0.561122 -0.004818 -4.944354 -0.373799 -0.216218 -0.592008 0.177094 -1.132977 0.089899 -0.356196 1.105054 0.231175 -0.178972 0.169876 
112.438988 -22.310813 9.586617 -2.406313 0.074482 1.025486 -0.391218 1.313666 -0.184297 -1.445014 -0.543341 -1.651849 0.273121 -1.328033 2.290071 -1.206690 -0.562412 0.532589 -0.424765 0.557718 -0.744024 0.192170 0.457292 -0.216787 0.182724 -2.841600 -0.914955 0.958068 -0.670197 0.340054 0.337289 -0.061543 0.502052 -0.133120 0.018897 0.403907 0.212072 
108.469872 -24.856006 11.611302 -2.890441 -1.117062 1.716687 -0.429251 1.430782 -0.512877 -1.436586 -0.132477 -1.427797 0.509514 -2.472776 1.146485 -0.550998 -1.408677 0.687051 0.516597 0.152884 0.038564 -0.434692 0.676848 0.246693 0.419326 -1.120788 -1.167196 0.524398 -0.245310 0.131129 0.961503 0.031415 0.272309 -0.290592 0.126830 0.335974 -0.095454 
106.430092 -27.256365 11.879587 -3.508309 -2.742871 2.399588 0.641976 1.619435 -0.107169 -2.314398 0.810355 -1.158464 1.111772 -3.569609 -0.044321 -0.157894 -1.053033 0.794847 1.498241 0.620549 -0.199405 -0.389014 0.710951 0.455162 -0.008184 -0.084945 -1.016173 0.850033 0.625729 0.037391 0.586439 0.198903 -0.362850 0.375562 -0.268195 0.083912 -0.500402 
105.963112 -31.995224 11.522659 -3.206229 -3.223128 3.306380 2.567230 2.671881 -0.911687 -2.214615 1.289425 -0.517473 0.493146 -2.642666 -0.885861 1.149067 -0.157218 0.761832 1.689475 0.550690 -0.687136 0.316432 0.140457 0.414517 -0.581478 2.566608 0.016126 0.424554 0.568375 0.011993 -1.310092 -0.147909 0.260841 0.142202 -0.614828 -0.271837 -0.060284 
107.759308 -32.541697 10.107864 -1.210175 -3.057307 3.923252 4.020926 2.720814 -1.481440 -1.681534 1.091270 -0.329429 -0.051184 1.563607 -0.012069 0.691214 0.083717 0.818833 -1.121943 0.324732 0.322276 -0.104611 -0.518705 -0.088513 -0.128752 3.542150 0.270713 -1.038410 0.691068 -0.533923 -2.261812 -0.213785 0.685832 0.004588 -0.449402 -0.501577 0.603185 
116.944214 -28.868011 11.498521 -1.823801 -3.055694 4.944046 0.323344 3.321344 -0.267134 -2.423838 0.252016 -0.694498 0.235641 4.441633 -0.344435 -0.927753 1.224917 -0.306015 -2.834150 0.123120 0.684529 0.325607 -0.758347 -0.588636 0.624892 0.207009 -0.727020 -0.471202 0.989258 -1.214177 -0.186729 -0.393620 -0.084221 0.732942 0.117555 -0.298870 0.241182 
120.489647 -23.658431 9.418993 -3.065682 -0.607472 3.311223 -1.647373 2.967054 -0.112382 -1.030320 -0.425424 -1.506702 1.198600 1.977626 -1.466109 -0.251189 2.062232 -1.609520 -1.495400 -0.462509 0.153834 1.361273 -0.283594 -0.686253 0.353612 -3.460473 -0.263222 1.227752 0.264412 -0.464677 0.756166 -0.388360 -0.554124 0.141923 0.610288 0.448118 -0.223871 
119.220238 -24.912760 8.566303 -2.326179 1.068770 1.725006 -2.667457 2.396327 0.040535 0.298709 -0.315173 -2.067005 0.942865 -2.479312 -0.870879 1.527750 1.753741 -1.235369 -1.321818 -0.653601 -0.423718 0.609452 0.462228 0.307600 0.177151 -2.670393 0.515547 0.737711 -0.466082 0.847448 0.377880 -0.134884 -0.159901 -0.687053 0.300205 0.934087 -0.060723 
115.520157 -28.617056 7.677234 -0.010181 2.900009 0.840485 -4.291009 1.659853 -0.959818 0.188585 0.499033 -0.891501 1.552903 -3.363160 -0.435014 1.224232 1.130069 0.085376 -0.739641 -0.732278 -0.165967 -0.012832 0.316816 1.181920 0.232167 0.717232 0.492493 -0.713420 -0.918394 0.857488 0.773326 -0.149730 0.615053 0.063744 -0.104530 0.090027 -0.315176 
111.121330 -31.639080 7.696274 0.122284 3.328907 1.895758 -4.146739 0.931771 -0.291400 0.273044 0.318459 0.296834 1.407198 -1.044849 0.114107 0.100911 -0.083048 0.479606 0.224834 -0.953061 0.806387 0.736941 0.253168 0.487655 -0.453202 1.462610 -0.633390 -0.630453 -1.464264 -0.191148 1.379614 0.256665 0.674018 -0.208084 -0.028601 -0.418145 -0.505848 
105.724373 -30.706754 7.905449 0.191640 2.733914 1.799697 -3.841342 -0.246269 0.652956 1.662467 1.005370 0.083808 0.646499 -0.437939 -1.701795 -0.036673 -1.798460 -0.296919 2.019586 -0.218948 1.182068 -0.429001 0.259615 0.345630 -0.779529 0.426108 -3.583782 -1.497520 -1.033722 -0.601648 1.201063 0.972593 -0.426181 -0.870818 -0.169548 -0.210679 0.204769 
104.179451 -32.514959 4.292684 0.048937 -0.268012 1.301920 -0.107567 0.493876 2.072737 -0.584958 0.837688 0.988095 -0.151860 -0.192632 -7.053457 -2.894128 -2.150492 -0.723689 2.626960 0.992125 -0.045975 -1.004695 -0.085927 0.066298 -0.043664 0.407046 -3.057778 -2.197459 0.489241 0.345321 -0.357404 0.380926 -1.059559 0.347917 -0.118065 -0.375423 0.646995 
105.122597 -31.092019 -6.201464 -5.596617 -1.567071 0.352319 1.412577 1.737982 0.561005 -0.346923 0.833515 0.216403 0.559171 0.376153 -7.817351 -4.431591 -0.819977 0.393724 1.304778 0.542904 -0.937050 0.266833 0.023485 -0.405215 0.514460 1.149789 4.649783 2.029437 1.815534 1.170197 -0.702689 -0.536678 -0.209691 0.347503 -0.135240 -0.170081 0.025962 
0.000000 -31.762653 -11.342017 -8.814245 -1.907967 2.089368 2.501990 1.579684 0.198637 -0.051293 0.884658 0.177664 0.877060 2.106946 2.246108 1.164746 1.480575 1.616705 1.221581 -0.081231 -0.465356 -0.309688 -0.356407 -0.273864 0.008260 0.934285 7.652508 3.712906 1.199634 0.292679 -0.545740 -0.599922 0.477727 -0.416173 -0.366933 0.156371 -0.252318 
0.000000 -26.878128 -1.709247 -3.267125 1.394079 3.585729 3.855739 1.575521 -0.369707 -0.966299 0.120700 -0.331324 0.575691 2.244722 7.487666 2.994220 1.579292 0.979081 0.213297 -0.656940 0.018403 -0.565514 -0.710381 -0.092473 0.009825 -2.208094 0.359308 -0.240092 -0.734955 -0.768641 -1.589414 -0.805601 0.317514 0.216130 0.095848 0.485816 0.225888 
119.480385 -27.273208 3.633314 -2.825805 1.250617 4.047530 2.928584 0.265804 0.235444 -1.182321 -0.536104 -0.007282 0.896709 -2.309243 2.964725 0.684563 0.010665 0.079423 -1.957247 -1.692433 0.169672 0.122571 -0.164712 0.697768 0.460036 -4.154493 -3.290609 -0.791879 -0.491225 -0.599978 -1.175854 -0.402739 0.290346 0.515155 0.431886 0.601117 0.123407 
116.528023 -31.496613 4.220203 -1.897999 1.415408 3.744576 -0.058754 -1.809345 -0.030363 -0.721157 -0.208725 1.064212 1.495762 -6.064264 0.906448 1.410462 0.596841 -0.220876 -2.138412 -1.462418 0.599095 0.464797 0.153390 1.109760 0.256639 -2.396494 -0.903692 0.681938 0.654406 -0.439385 0.609127 0.915009 -0.010888 0.277041 0.284899 -0.306968 -0.279230 
111.679749 -39.401735 5.446210 -0.004881 2.444300 3.605779 -1.348240 -2.659033 1.433633 -0.252728 -0.229324 2.212238 1.409987 -7.102230 1.157342 2.048440 1.319476 -0.799348 -0.738993 0.137586 0.147895 0.676653 0.405085 0.083832 -0.098424 1.484968 -0.778589 0.478258 0.799150 -0.723190 1.006865 1.617767 -1.046821 -0.211527 0.336224 -1.135895 -0.149473 
104.663300 -45.701073 6.534886 2.198880 4.054360 2.145881 -1.536740 -1.534173 0.265428 0.632149 0.601445 1.231876 1.298914 -3.094328 -0.650730 2.366977 2.195142 -1.667256 -0.124681 1.773115 -1.494547 0.041742 0.825838 -1.162030 -0.042308 4.650532 -1.700812 -0.917697 -0.052985 1.128087 0.564125 0.106403 -0.683488 -0.173761 0.111936 -0.819171 -0.038063 
97.432831 -45.590390 4.144750 4.729073 6.834585 0.271267 -1.597601 0.887197 -1.555461 -0.169243 1.422353 -0.111821 1.325371 2.198835 -2.244282 0.213045 1.213506 1.456826 0.389258 0.350393 -1.219081 0.329131 0.628958 -1.554510 -0.174550 3.424494 0.331792 -2.639178 -1.958710 2.673775 0.915822 -1.190407 0.579192 0.046609 -0.394558 0.241523 -0.072378 
89.098221 -41.303404 2.046321 2.624970 6.481373 5.059533 -0.758224 -0.833387 -2.172734 1.290412 1.859361 -1.877143 0.949813 3.754660 0.012853 -2.911379 -1.722277 3.680294 1.706962 -0.607699 -0.336163 0.134961 0.036723 -0.678984 -0.187065 -2.088334 1.464187 -1.218347 -2.151969 -0.111862 0.708346 0.083809 0.795410 -0.511990 -0.420561 0.974367 0.170640 
81.492264 -38.081071 4.170456 -1.093684 3.390031 7.631855 1.816323 -0.328202 -2.227786 0.100679 1.495799 -1.469789 0.951242 -1.977834 0.684093 -2.223648 -3.090432 1.233101 1.805950 0.518012 0.371740 -0.694848 -0.212164 0.394223 0.166729 -1.835634 1.853631 2.162347 -0.733982 -3.545309 -0.593271 0.999064 0.473145 -0.500901 -0.533902 0.309084 -0.001765 
77.927010 -45.259072 3.414506 -1.822326 0.300508 7.525735 2.853675 0.202636 -1.429254 -0.099285 1.435033 -1.088697 1.283272 0.083392 3.720115 1.413316 -3.190240 -3.410324 0.520421 1.390428 0.610127 -0.866840 -1.031081 -0.060815 -0.190594 3.130391 1.454779 1.461702 1.281892 -2.726083 -1.264708 0.466058 -0.268511 0.335272 -0.098650 -0.525318 -0.328787 
171.078369 -37.914287 11.610685 1.732948 -2.990450 0.811207 2.857165 2.452655 -1.007533 -1.633002 -0.566362 -1.591420 0.570055 4.282949 3.593650 0.699755 -0.526648 -4.219064 -0.723467 1.450128 -0.165283 -0.024305 -0.409464 -0.656413 -0.490844 0.263582 -2.112277 -1.245599 2.154536 1.274262 -0.622816 -0.532655 -0.493135 0.804697 0.811157 -0.172118 0.028179 
81.836037 -36.693174 10.601806 -0.422815 -0.752789 -0.912393 1.406742 3.102892 -1.759821 -0.147895 0.616104 -2.401523 0.301583 0.610556 -0.504439 -1.077882 1.118831 -0.861800 -0.725212 0.325119 -0.376144 0.742554 0.591233 -0.405052 -0.134236 -1.836196 -2.049045 -0.888818 0.822740 1.678632 -0.000873 -0.562505 -0.105430 0.383429 0.500349 0.125681 0.178304 
