118.950859 -21.383630 4.408292 1.302650 3.533778 -2.446754 -3.705823 1.262647 1.194790 1.597092 -2.532489 0.284123 -1.373083 -2.820316 -0.658156 -0.129328 -0.171686 0.099055 1.174663 -0.095302 -0.007101 -0.163237 -0.248374 -0.126205 0.260279 -1.885305 0.132870 -0.661459 -0.281710 0.183254 0.257204 -0.249999 -0.310047 -0.105530 0.383542 -0.024781 0.057299 
115.301620 -27.024261 3.091981 1.043994 3.190405 -2.248643 -1.356496 1.072043 1.180589 1.270619 -3.029237 0.031713 -0.852526 -6.590925 -0.392416 -1.452245 -0.735107 0.465564 1.689072 -0.595300 -0.627195 -0.374296 0.518710 -0.175768 0.374877 4.231778 0.435038 -0.493323 -0.066584 -0.252427 -0.631180 -0.226271 -0.330207 -0.021101 0.188258 0.060994 -0.078771 
116.050583 -34.565481 3.623459 -1.601840 2.063563 -1.515627 -0.327680 0.072047 -0.059599 0.848500 -1.495069 -0.067413 -0.623329 5.643241 0.211921 -1.115973 -0.304854 -0.405798 -0.087697 -0.547844 -0.667515 -0.205439 0.128142 -0.004218 0.102737 7.652959 0.488198 0.943067 0.366064 -0.561841 -1.760381 0.215696 0.108877 0.318930 -0.407048 -0.153114 -0.039534 
0.000000 -15.737780 3.515822 -1.187952 2.580697 -3.060239 -1.531891 -0.023646 -0.154442 0.859740 -2.772952 0.023278 -0.647053 8.714993 0.583979 0.433888 -0.002978 -0.658119 -1.831691 -0.163908 -0.409441 0.263564 -0.295386 -0.481996 0.295809 -3.514017 0.610195 0.474958 0.156219 0.256573 -0.717930 0.291055 0.028948 0.365041 0.312955 -0.339667 0.069164 
149.273346 -17.135496 4.791417 -0.734064 2.057607 -2.831864 -3.991062 -0.255770 -0.878480 1.375628 -2.085841 -1.031404 -0.031712 -1.384793 1.432310 -0.166057 0.007584 0.107347 -1.523557 0.034265 -0.609620 0.524644 0.754053 -0.683552 0.241065 -4.007015 -0.785011 0.142343 0.176372 0.343162 1.059935 0.362317 0.043988 0.086317 0.211530 0.253599 -0.252205 
153.565796 -18.507365 6.380442 -1.520067 2.595866 -2.845544 -4.579004 0.044884 -1.373682 1.909027 -1.264846 -1.343826 -0.164922 0.700962 -0.986043 0.718574 0.349766 0.028205 0.288178 0.560725 -0.321465 0.436197 0.127674 0.025202 -0.208602 -1.629695 -2.096387 0.833370 0.080465 -0.003720 1.280823 0.281394 0.427194 -0.146158 -0.626242 0.621282 0.029405 
161.839310 -15.733571 2.819331 0.703083 2.757138 -2.775454 -3.414705 0.865681 -1.521410 2.248023 -1.830493 -0.981000 -0.448916 -4.644183 -2.760464 1.500682 0.168514 0.099908 1.038090 0.597054 0.244768 0.232328 -0.498432 0.559012 0.299875 -1.564385 -0.086247 -0.529475 -0.102856 0.048342 0.432111 -0.147909 0.218125 -0.674691 -0.393496 0.317500 0.067835 
162.593536 -27.795732 0.859514 1.481298 2.932894 -2.645728 -2.502825 1.238992 -0.884145 2.373684 -2.261710 -0.225802 0.434828 -2.427807 -1.158537 -0.340376 0.144053 0.124890 1.152401 0.264906 0.114784 -0.913184 -0.659317 0.660202 -0.072933 5.663004 1.286215 -1.205952 -0.223050 -0.144833 -0.179485 -0.499966 -0.421288 -0.711336 0.080696 -0.045809 -0.413539 
152.086197 -20.589186 0.502256 0.022332 3.045244 -2.525674 -1.109903 1.395494 -1.291841 0.421655 -3.149127 0.339404 -0.594782 6.681825 -0.188035 -0.911221 -0.277586 -0.189758 0.679120 -0.402878 -0.597808 -1.190344 -0.337039 0.467394 -0.527204 1.962780 1.328759 -0.205468 -0.496606 -0.320503 -0.597280 -0.723701 -0.186802 0.237903 0.412277 -0.260784 0.057848 
0.000000 -14.432081 0.483444 -0.341144 2.377721 -3.025244 -1.144584 0.433236 -2.079762 -0.007004 -2.935789 0.708987 -0.619580 1.497752 1.498980 -0.751312 -0.849159 -0.516116 -0.042158 -1.182495 -0.258819 -0.437378 0.165238 0.138633 0.042763 -5.385384 1.508059 -0.273225 -0.027950 -0.219507 -0.222581 -0.541516 0.556523 0.478422 0.268771 -0.064848 0.391447 
0.000000 -17.593681 3.500217 -1.480292 1.346925 -3.557906 -1.194219 -0.969496 -1.809479 -0.453101 -2.818652 0.616670 -0.509256 -4.088942 2.828083 -1.457670 -0.333487 -0.628773 0.233959 -1.485911 0.515238 -0.233500 0.200503 0.337699 0.255690 -3.085432 0.295918 -0.167995 0.589404 -0.059349 -0.036601 0.174066 0.493721 0.257041 -0.094748 0.009165 0.284370 
0.000000 -22.609964 6.139610 -3.256484 1.710748 -4.282791 -0.676667 -2.538585 -1.049286 -0.474004 -2.534783 1.384384 -0.108200 -4.673112 2.090816 -1.087303 0.329648 -0.634814 -0.115360 -0.834364 0.728623 0.076705 -0.024258 0.156963 0.611503 -0.140694 -0.752260 0.986392 0.330102 0.418056 -0.501671 0.748139 0.188956 0.146058 -0.273456 -0.568081 0.104322 
0.000000 -26.939905 7.681849 -3.654897 2.006222 -4.827534 -1.424938 -2.638223 -0.352233 -0.299691 -2.867168 0.930596 0.713749 -4.370329 1.323562 0.515113 0.326717 0.207339 -0.769383 0.010367 0.893149 0.058617 -0.346408 -0.798464 0.464334 0.736736 -0.488040 1.200746 -0.001588 0.653331 -0.251196 0.993605 0.050726 0.051874 0.047234 -0.508794 -0.301750 
0.000000 -31.350623 8.786735 -2.226258 2.364183 -3.868112 -2.215432 -2.517852 0.737012 -0.356771 -3.227599 -0.212544 0.820467 -3.199639 1.114736 1.314190 0.326472 0.671848 -0.617751 1.152846 0.830076 0.180453 0.070209 -0.860625 0.008002 0.619237 -0.420217 0.948992 0.293723 0.190154 0.023061 0.672651 -0.452620 0.300463 0.689986 0.311377 -0.272933 
110.317360 -33.339182 9.911321 -1.026518 2.659166 -3.483838 -2.660441 -0.332531 1.307919 0.061214 -2.726749 -0.790653 0.729753 -3.131855 0.483128 2.413096 0.914164 0.587647 -0.723262 1.355669 -0.012090 0.659544 1.033563 -0.175710 -0.081532 -0.113901 -0.461745 0.875342 0.633214 -0.129817 0.083268 -0.884634 -0.719961 0.348788 0.618582 0.804754 -0.035525 
115.727806 -37.614333 9.752991 2.599935 4.192511 -2.692817 -3.661956 0.193485 0.712832 0.962316 -1.160472 -0.563964 0.657402 -3.427442 0.191247 3.064873 1.592899 0.412213 -0.451215 -0.616422 -0.609847 0.878028 1.307374 0.748884 -0.063047 0.711797 -0.408507 -0.628027 0.074473 -0.388934 0.438009 -0.602869 -0.509451 -0.379880 0.067612 0.164937 0.091698 
122.760384 -40.194065 10.293815 5.103227 5.844963 -2.659411 -3.562871 -1.565376 0.088225 1.817271 -0.112002 0.707114 0.603659 -1.708262 -0.333887 1.157043 1.063109 -0.190221 0.152756 0.149931 -1.030993 -0.100216 1.168787 0.154163 0.101863 -0.802686 -0.863182 -1.419630 -1.078776 0.045968 0.133897 0.626158 0.087036 -0.822221 -0.369488 -0.545803 0.205273 
125.897583 -41.030856 9.085218 4.914021 6.318729 -3.073260 -3.356444 0.493347 -1.349154 0.761884 1.177103 -0.255637 0.861128 -5.032813 -1.535118 0.225612 -0.564653 0.504149 -0.183420 0.635895 -0.435775 -0.766414 0.568398 -0.342722 0.347499 -0.817061 -1.397145 -2.138444 -1.454267 0.715449 0.424005 -0.043442 0.701353 0.101737 -0.754585 0.007678 0.034436 
126.172226 -50.259691 7.223579 5.554451 4.715656 -1.651114 -3.929711 -0.293587 -0.783325 0.284443 1.024795 0.021670 1.298656 -3.342383 -3.128177 -3.119846 -1.845424 1.240677 1.000766 0.063048 0.371713 0.103258 -0.340383 0.169519 0.170734 6.488302 -3.258326 -2.097864 -0.065401 -0.198038 1.152725 0.336277 0.387438 0.506534 -0.563247 0.232895 -0.275960 
129.387024 -47.715623 2.828865 -1.325670 2.627880 -0.591906 -1.354911 0.619443 -0.605728 0.968399 0.496337 0.083400 1.202597 7.943792 -8.051770 -3.970116 -0.695456 0.108073 2.122030 1.308449 0.339101 0.246655 -0.558095 0.123068 -0.204421 5.465181 -4.135511 0.792103 1.198506 -0.607541 0.037760 0.061433 -0.292805 -0.131496 -0.161767 -0.076650 -0.423356 
142.264740 -34.372106 -8.879961 -2.385780 3.324744 -1.434968 0.314349 2.323312 -0.105124 0.777753 -0.091395 0.267807 0.889814 7.587979 -11.399199 -1.535640 0.551588 0.025594 1.076286 0.185913 -0.213898 -0.159734 -0.663917 0.016218 -0.675978 -2.645861 1.553609 1.111181 0.427650 0.727225 -1.355193 -1.152370 -0.554688 0.000983 0.288605 -0.236308 -0.116429 
0.000000 -32.539666 -19.969533 -4.396949 3.731055 -0.540718 0.797661 0.991270 -1.033524 0.648931 -0.831498 0.115835 -0.149358 2.652069 -4.944552 -1.747753 0.159844 1.562523 -0.588356 -0.996291 -0.770276 0.248620 0.019114 -0.349548 -0.437280 -2.962195 8.342434 1.310248 0.242314 1.446821 -0.598032 -0.160004 0.053608 0.450753 0.580589 -0.076036 0.410455 
0.000000 -29.067968 -18.769065 -5.881286 3.644432 1.690077 -0.862363 0.330730 -1.645676 1.274993 -0.053167 -0.431289 0.015254 1.663588 5.285668 1.084856 1.036216 2.919236 -0.119778 -0.134095 -0.106682 0.741773 0.497262 -0.135853 0.144932 -0.091876 6.751146 1.040879 0.974803 -0.052138 0.760445 0.350966 0.250221 0.213056 -0.037660 0.489956 0.349642 
0.000000 -29.212490 -9.398198 -2.227238 5.803488 5.297755 0.558106 0.723080 -1.246889 2.132477 0.163026 -0.155871 0.140507 2.468317 8.557739 0.334004 2.109450 1.458246 0.932533 -0.294358 -0.269834 0.674733 -0.056206 0.630365 0.262004 0.108255 -1.171143 -1.175695 -0.178062 -1.743319 0.254334 -0.115635 -0.027249 -0.091345 -0.345844 0.664624 0.036400 
191.899567 -24.131333 -1.653587 -5.213277 7.863332 4.606570 1.002703 -0.257986 -2.185345 2.624460 -0.165579 0.829440 0.539263 1.880098 2.943382 -1.266534 0.680093 -0.567402 0.388890 -0.365365 -0.161180 0.559082 -0.194426 1.193395 0.217732 -1.292631 -5.378168 0.585150 -1.136447 -0.685287 -0.546581 0.367577 0.472131 0.050444 0.027359 -0.099475 -0.346366 
191.099670 -25.452294 -3.511434 -4.760307 7.163673 4.162951 1.335885 -0.007651 -1.569248 3.250640 -0.225825 2.230919 0.575971 -0.116944 -2.198596 1.504304 -0.163444 0.087672 -0.160630 0.440797 0.674428 0.775622 -0.001488 0.431414 -0.430727 -1.472055 -1.289166 1.260682 0.032139 0.296403 -0.704077 0.160465 0.160737 -0.385432 0.204943 -0.794775 -0.508454 
190.694870 -24.365221 -6.050779 -2.204669 7.536444 4.781913 0.681443 0.623607 -0.836488 4.175704 -0.168554 1.692269 -0.322191 -1.064012 0.365050 1.254829 0.744370 0.025405 -1.019264 -0.044435 0.160294 -0.211782 0.215461 -0.396155 -0.799175 -1.047265 2.566569 -0.788231 0.516799 -0.764397 -0.541322 -0.543865 -0.540101 -0.864515 -0.074230 0.005604 0.094433 
190.128235 -27.580319 -2.781334 -2.250648 8.652413 4.213761 -0.702642 -0.096521 -1.248659 2.827076 0.205096 1.438610 -1.022380 -2.211473 2.934541 -0.072159 0.870154 -1.441122 -1.243275 -0.646934 -0.405774 -0.953408 -0.149947 0.442622 -0.241861 -0.172816 1.015430 -0.836051 -0.801133 -0.824975 0.630123 -0.329764 -0.039272 -0.197447 -0.434784 0.626015 0.690281 
177.611130 -28.788167 -0.181697 -2.348986 9.276753 1.899670 -1.805106 -0.670261 -1.648036 2.268887 -0.468449 2.577513 -0.805913 -1.409645 2.395910 -0.417273 -0.857896 -1.624544 0.240982 -0.703964 0.081750 -0.606675 -0.654107 0.855876 0.581388 -0.282861 -0.585567 -0.207735 -1.645695 1.396472 0.443086 0.312095 0.702482 0.147261 -0.395813 -0.027222 0.382466 
165.910461 -30.399608 2.010486 -3.085195 6.936621 0.964672 -0.220678 -1.504449 -1.085159 1.613726 -1.103118 3.150361 0.140396 -2.777194 1.763408 -0.487629 -2.421235 1.351822 -0.357103 -0.022744 0.999189 -0.658885 -0.941573 0.388178 0.523071 -3.018994 -0.196211 0.216769 -0.084484 1.986460 -0.792752 0.724933 0.621349 -0.249060 0.433132 -0.629087 -0.186741 
301.844696 -34.342556 3.345119 -3.324243 4.434283 4.603314 -2.519312 -0.715749 0.350343 0.951116 -2.351595 3.353868 0.240229 -7.447633 2.003488 0.016266 -1.026864 2.348377 -1.344523 0.745902 1.324448 -1.104794 0.212158 -0.402299 0.207905 -4.496298 -0.904066 0.763662 1.408228 -0.490287 0.284785 0.211108 0.032207 0.229552 1.054726 -0.757595 -0.099665 
124.415215 -45.294874 6.017462 -3.052663 4.882893 5.661425 -2.909724 -0.012645 1.563737 -0.595863 -0.678802 2.345762 0.556206 -11.769790 -0.044723 1.039696 0.395222 0.371249 0.212467 0.399472 1.063603 -0.199782 1.167879 -1.127013 0.323741 -2.436693 -2.900699 0.871881 -0.024501 -1.652314 1.254979 -0.417166 -0.628482 0.903076 0.198691 -0.377525 -0.132891 
114.171173 -57.882137 3.255673 -1.244851 5.224727 5.345811 -2.094377 0.083196 2.477549 0.551552 -0.015837 1.099842 0.887710 -12.321020 -3.797910 1.760029 -1.075865 -0.956252 1.165436 -0.088430 0.067484 0.701357 0.609541 -1.157350 -0.057878 5.804411 -3.498216 -0.567253 -1.068291 -1.297549 0.184435 -0.514301 -1.079919 0.219498 -0.752768 0.112366 -0.330948 
127.494194 -69.936914 -1.578359 0.467394 2.731162 3.748922 -0.578851 -0.189504 1.698705 0.806851 0.540280 0.031062 0.440451 -0.160969 -7.041155 -0.094809 -1.741359 -2.223850 0.581337 -0.629129 -1.096234 0.239215 -0.337656 -0.902281 -0.338155 17.487992 1.349456 -1.463726 0.682726 -0.260169 0.041356 0.111537 -0.925718 -0.238241 -0.947518 0.863421 0.414955 
303.859711 -58.204074 -10.826637 -1.434469 1.742009 0.898111 -0.931704 -1.175062 0.285081 1.029981 -0.691149 -0.704720 0.211399 22.654964 -1.098998 -1.167423 0.289587 -1.476589 1.248149 0.134644 -1.783951 0.224875 -1.285495 0.569492 0.772033 9.190497 5.945960 -0.091988 1.434597 0.656014 0.387440 0.785063 -0.066273 0.197033 -0.357440 0.814149 0.382664 
0.000000 -24.626987 -3.776354 -1.867452 3.310336 0.795743 1.917447 0.079784 -1.869197 1.256602 -2.030711 1.170046 1.984518 18.220026 4.850765 -0.278785 1.127834 -0.911823 1.356217 0.940998 -1.228780 0.633281 -1.052536 0.726016 0.427173 -10.562949 1.989926 0.762643 -0.331024 0.049648 -0.787829 -0.213999 1.481029 0.095458 0.451365 -0.663247 -0.810476 
192.221771 -21.764022 -1.125107 -1.992039 3.997677 -0.925535 1.780731 0.706934 -2.172480 2.296543 -2.796220 0.747313 1.065745 1.529067 2.880855 0.357864 -0.372460 -1.377292 -0.327509 -0.293353 1.178107 0.415791 -0.382766 -0.757002 -0.848919 -6.960967 -1.819829 0.258371 -0.852353 -0.192847 -0.755464 -0.996050 0.900763 -0.688960 0.299017 -0.441923 -0.568965 
164.633820 -21.568853 1.985356 -1.151723 2.565416 -1.958841 1.262428 -0.506923 0.487017 2.088184 -2.796242 -0.343958 0.286680 4.298092 1.211106 0.237957 -0.576872 -1.297518 -0.154711 -1.051102 0.572745 -0.744640 -0.454501 -0.157831 -0.710757 0.817087 -1.324068 -0.666659 0.307655 0.231186 0.076265 -0.267923 -0.874924 -0.672586 0.038518 0.567152 0.358868 
141.823380 -13.167839 1.297105 -1.516126 2.843933 -3.520570 1.471308 -1.395270 -1.026989 0.807262 -3.705221 0.431652 -0.355770 3.163241 0.232719 -0.975455 0.242850 -0.914921 -0.174979 -0.829199 -0.571742 -0.929381 -0.305729 0.377302 -0.131183 -4.716678 0.528531 -0.554047 0.295747 0.878751 -0.112713 0.523199 -0.076774 0.256622 0.289393 0.312299 0.383053 
132.597107 -15.242370 2.450794 -3.102633 3.051115 -3.788683 0.912469 -2.165322 -0.656467 0.229421 -3.407699 0.410645 0.024314 -5.135263 2.268169 -0.870137 0.014623 0.459985 -0.380138 -0.004705 0.419197 -0.231396 0.124286 0.466767 0.055349 -4.299953 -0.630969 1.065255 -0.416105 1.436466 -0.440524 1.288579 0.416164 0.795515 0.120641 -0.130999 0.054751 
133.776276 -23.438366 5.833442 -3.256399 2.873179 -2.600600 0.711032 -1.404680 -0.188596 0.344470 -3.456649 1.365186 -0.245071 -5.436664 -1.029219 1.155054 -0.589360 1.958011 -1.056028 1.747959 0.260586 0.661648 -0.064447 0.115303 -0.021681 1.313614 -2.875168 1.473952 -0.318623 0.761304 -0.254893 0.678631 -0.056751 0.105520 0.577799 -0.377322 0.047075 
141.726761 -26.115698 0.392357 -0.792525 1.872395 0.127340 -1.199587 1.330596 -0.135295 1.552717 -3.536592 0.641251 -0.019048 -2.508035 -3.482167 2.077766 -0.622623 1.982592 -0.889925 1.352558 0.305694 -0.020355 1.279884 -0.287878 0.149500 2.521103 0.809892 -0.480405 0.637334 -0.712460 0.522118 -0.723769 -0.033595 -0.717577 0.588267 0.102938 -0.024691 
151.073929 -28.454436 -1.130891 0.899134 1.627933 1.364585 -1.068817 1.300436 0.422793 0.303760 -0.896882 0.789431 0.053930 -0.394458 0.590565 0.194244 0.685308 0.533091 -0.011793 0.300422 0.193397 -0.773507 1.112088 0.321179 -0.071063 -1.751218 2.273776 -1.237990 0.525511 -0.930918 0.546063 -0.592849 -0.243551 -0.003204 -0.638526 0.178646 -0.092102 
161.989197 -26.904613 1.573487 -0.404037 3.243010 1.193522 -1.223173 1.931440 0.251499 0.005704 -1.312417 1.283608 -0.161174 -6.010472 1.065386 -0.398215 0.428398 0.120756 0.202201 0.166860 -0.181409 -0.026763 0.002831 0.069414 -0.034703 -1.839210 0.831136 -0.604151 -0.446256 -0.991650 -0.222006 -0.453232 -0.308914 0.465912 -0.375809 -0.665864 0.038063 
159.190231 -40.475379 0.999881 0.102705 2.484730 1.606097 -0.664416 1.634156 0.059976 0.250234 -0.891219 0.928260 -0.015477 -4.072877 2.252836 -1.014058 -0.207205 -1.450209 -0.455805 -0.606042 -0.424431 0.158317 0.360471 -1.010550 0.005062 8.748306 0.448024 -0.877667 -0.170256 -1.207762 -0.315832 -0.625287 -0.235866 0.002308 -0.189859 -0.302847 0.038830 
163.547852 -35.050366 6.079160 -2.432153 2.828601 -1.706897 -2.134783 0.719356 -0.597364 0.322338 -0.591475 -0.737493 -0.151050 11.486140 1.961434 -2.153549 0.087886 -2.294767 -0.429464 -1.083714 -0.653140 -0.022147 -0.376888 -0.536280 0.042956 7.260893 -1.929358 -0.221299 -0.089339 0.419458 0.557743 -0.098094 -0.321200 -0.260074 -0.453281 0.845981 0.090540 
0.000000 -17.503100 4.922749 -4.204393 2.660501 -2.983438 -1.523344 -0.533271 -1.246304 0.205940 -1.644994 -0.144301 0.070436 10.448908 -1.605879 -1.456657 -0.385883 -0.611292 0.659681 -0.802229 -1.066832 -0.361832 -0.546091 0.681412 0.186142 -5.094566 -1.882009 1.237464 -0.070613 1.711321 0.515525 0.452126 -0.407562 -0.195122 0.269283 0.673845 -0.369368 
126.409363 -14.152549 2.867403 -5.345467 2.056834 -2.929481 -0.815422 -0.885103 -2.731028 -0.401326 -1.683656 0.625332 0.221234 1.297009 -1.802584 0.321379 -0.053341 1.127875 0.601586 -0.179461 -1.468265 -0.412390 0.161678 0.811410 -0.695780 -7.730561 0.733848 1.173006 0.492734 1.077418 -0.165781 0.483650 0.212038 0.066112 0.424694 -0.300266 -0.471061 
0.000000 -14.909083 1.317580 -3.561635 2.553820 -0.727689 -0.320171 -0.892194 -4.182834 -0.618840 -1.321638 1.478520 -1.321124 -5.012213 -0.138184 0.889356 0.599584 1.543544 0.328119 0.165070 -0.642756 -0.229608 0.303298 0.080880 -0.755979 -6.604513 1.393166 -0.096599 0.111461 -0.253967 -0.226203 0.332421 0.781932 0.277957 -0.023144 -0.554632 0.466834 
0.000000 -24.176976 2.591035 -3.566755 3.256002 0.157607 -0.159184 -0.554962 -4.016541 -0.860542 -1.077061 0.787092 -1.290724 -11.912017 0.983748 0.128182 0.169581 0.619942 0.149181 0.485381 0.095600 0.143524 0.115390 -0.297853 0.237888 -4.201272 0.336978 -0.334083 -0.902396 -0.519543 -0.497243 -0.044970 0.138481 -0.316694 0.226945 -0.196637 0.604309 
0.000000 -38.733117 3.285075 -3.305271 2.892982 0.512195 -0.021810 0.078567 -3.991635 -0.331791 -1.090858 0.882814 -0.845349 -13.414757 0.535773 0.221189 -1.205208 0.504457 -0.666367 0.075130 -0.365794 -0.862995 0.757188 -0.312394 0.452640 0.499632 -0.779291 0.203385 -1.181116 -0.350686 -0.403661 -0.518144 -0.156521 -0.906344 0.330298 0.127878 -0.123889 
75.872223 -51.006489 3.662582 -3.124376 0.845587 1.166522 -1.491917 -0.404702 -4.748129 -2.586532 0.437315 0.162303 -0.385444 -10.912754 -0.574834 0.534953 -2.192651 -0.081430 -0.658141 -0.550906 -0.217443 -1.669163 0.775986 -0.042096 -0.009890 8.870726 -0.999722 1.126099 0.740376 -0.360958 0.799309 0.053690 1.358914 1.397427 -0.679144 0.433126 -0.103100 
0.000000 -60.558624 2.135406 -2.235366 -1.492319 0.349335 -1.338092 -1.023245 -4.426521 -3.670116 0.461113 0.798622 -0.865128 4.326695 -1.463671 2.473387 0.275544 -0.217458 0.932252 0.182510 2.352033 1.931859 -0.601100 0.553858 0.246440 12.438400 -0.209836 0.299181 1.976350 0.580994 0.519163 0.351109 0.969276 2.042419 -0.782185 0.466486 0.228106 
0.000000 -42.353098 0.735240 1.822398 1.396674 0.731606 0.372587 -0.039682 -0.044062 1.277185 -0.764885 1.270020 0.107437 13.964047 -0.994506 1.133314 1.760050 1.080557 0.380185 0.151311 1.721108 2.415676 -0.788385 0.890876 0.446322 1.139512 0.172254 -2.181364 0.706600 0.467421 -0.827906 -0.298294 -1.211462 -1.210053 0.321981 0.139151 -0.159417 
153.685333 -32.630531 0.146395 0.031262 2.027781 2.510449 -0.577721 -0.720622 -0.984304 1.161235 -1.115656 2.580373 0.027516 6.605719 -1.119163 -1.889340 1.688745 0.717384 -0.723560 -0.414078 -0.070891 -0.488247 0.042862 0.832160 -0.072394 -6.047581 0.232369 -0.927526 -0.262476 -0.487979 -0.487636 -0.136777 -0.581170 -1.602158 0.517266 -0.304639 -0.333789 
153.666702 -29.141661 -1.503086 -1.956283 4.774164 2.166374 -1.074534 -0.867838 -0.185844 0.300690 -0.679161 2.934339 -0.037351 1.868885 -0.529768 -0.721738 1.235098 0.104598 -0.595087 -0.122244 0.558768 -0.788641 0.246147 0.281598 -0.221256 -2.004175 0.454002 0.901716 -0.826595 -0.535494 0.730386 -0.102701 0.020223 0.498307 -0.426057 -0.789149 -0.083823 
153.840500 -28.892760 -0.913140 -1.412213 4.497978 2.719645 -1.767895 -0.965109 0.133232 -0.416047 -0.623363 3.143569 -0.414996 2.597369 -0.211160 -0.085909 0.035555 -0.353603 0.737211 -0.619481 -0.030444 0.508367 -0.809253 -0.746137 -0.240039 2.446532 0.356445 -0.041297 -0.687520 -0.520677 0.999236 -0.031868 -0.699878 0.636987 -0.654743 -0.632889 0.167210 
152.644196 -23.946923 -1.925406 -2.128100 4.845274 1.459167 0.399889 -2.106799 -0.246732 1.317424 -2.297666 1.442064 -0.517429 6.761950 0.183123 -0.804331 -0.139942 -0.936756 1.403384 -0.185979 -0.840987 0.485333 -1.063340 -0.984181 0.113163 1.152244 0.507202 -0.062800 -0.465304 -0.062412 -0.488292 0.650055 -0.555920 -0.535079 0.275271 0.301398 0.208166 
154.800171 -15.368861 -0.546893 -3.020876 4.218093 0.846133 1.038874 -1.337068 -1.548743 0.554620 -2.750043 1.175207 -0.188670 4.901857 0.803245 -0.211508 -0.895053 -0.478428 -0.239372 0.680630 -1.142284 -0.561791 -0.258711 -0.143341 0.176293 -4.558244 -0.585863 0.585247 -0.123451 0.451759 -1.156135 0.415133 0.250125 -0.466142 0.811281 0.441525 -0.082535 
155.362671 -14.143209 -0.318917 -2.551117 3.055167 0.502310 -0.078855 -0.745540 -2.531300 0.193841 -2.815089 1.155381 -0.164842 -2.354538 -0.988602 0.366162 -0.386843 -0.033238 -0.908885 0.644286 -0.340737 -0.446951 0.559222 -0.101131 -0.051907 -3.934611 -0.952917 0.171395 0.544836 0.308551 -0.055324 -0.166054 0.646413 0.147615 0.425228 0.026062 -0.120057 
154.914749 -20.077937 -2.524097 -2.288552 3.444407 0.779657 -0.778896 -0.048496 -2.230216 -0.339282 -1.631599 0.972945 -0.292484 -2.967364 -1.102590 0.131282 0.194620 0.138673 -0.350020 0.348522 0.150542 -0.266561 0.591745 -0.091218 -0.063821 -0.306413 -0.056994 -0.117440 0.290732 0.085956 0.279432 -0.147882 0.245639 0.090195 0.016261 0.004957 -0.005957 
