215.564682 -8.458043 -1.610872 1.841112 0.421624 -6.207937 -2.783708 1.094858 -0.712744 -2.600722 0.822075 -2.627219 0.385818 -0.245352 0.238510 0.578435 0.756750 0.651371 -0.202171 0.003793 0.066308 0.375793 0.280738 0.192683 -0.138513 -1.426119 0.593207 0.298249 0.228545 0.352756 0.103433 0.164790 0.046825 0.109710 0.058146 0.147332 0.057495 
209.262711 -8.948746 -1.133851 2.997982 1.935124 -4.905194 -3.188049 1.102444 -0.580127 -1.849136 1.383552 -2.241854 0.108792 -3.097589 1.424924 1.174933 1.213840 1.356883 0.004695 0.333372 0.159959 0.595212 0.397030 0.487347 -0.023523 -1.928929 0.577079 0.013660 -0.085853 0.186090 0.323281 0.257107 0.046920 -0.080345 -0.307619 0.406259 0.138177 
199.768906 -14.653220 1.238976 4.190979 2.849304 -3.494170 -2.774318 1.761602 -0.392826 -1.410298 1.616135 -1.652524 0.338772 -4.103210 1.392668 0.605754 0.585045 1.023552 0.444392 0.518006 0.160148 0.215103 -0.334500 1.005200 0.137841 0.294723 -0.585165 -0.186260 -0.142587 -0.669876 -0.063991 -0.371239 -0.155044 -0.364243 -0.220845 0.140753 -0.098642 
93.843834 -17.155166 1.651485 4.209491 3.105213 -2.858090 -2.299264 2.138456 -0.259831 -1.418930 0.714552 -0.231453 0.384474 -2.508142 0.254594 0.802414 0.928666 0.017132 -0.123288 -0.409106 -0.150128 -0.133275 -0.044661 0.768854 -0.220806 2.405742 -0.777546 -0.232083 0.049330 -0.566857 -0.591351 -0.491700 0.029163 -0.250414 0.516799 -0.806310 -0.160658 
171.313232 -19.669505 1.748164 5.795807 4.706637 -3.459906 -3.020893 0.943390 -0.693082 -1.676847 1.526813 -0.114816 -0.102841 0.708275 -0.162424 0.141589 0.683704 -0.110163 -0.738309 -0.465393 0.218473 -0.285725 0.699099 -0.607420 -0.183476 3.005915 -0.190400 -0.979529 -1.075896 0.277107 -0.115801 0.515080 0.581270 0.205232 0.089935 -0.854343 0.087103 
152.266052 -15.738617 1.326638 4.492668 4.472621 -3.078416 -3.775883 1.207669 0.177116 -1.990380 2.112751 -1.446293 0.017522 3.503687 -0.126206 -1.156643 -1.223125 0.571345 -0.354889 0.621054 1.012412 0.277190 0.135210 -0.939832 -0.046600 -0.195860 -0.027909 -0.478288 -1.002237 0.346587 1.087998 0.678135 0.160752 0.316119 -0.615790 0.159773 0.212803 
141.254486 -12.662131 1.495753 3.482520 2.260387 -2.317216 -3.730671 2.185498 1.331741 -1.122466 1.797232 -1.994480 -0.196040 0.316554 -0.218243 -0.814988 -1.320769 0.583012 1.437686 0.890877 0.539977 0.346512 -0.532480 -0.287875 0.242130 -3.339618 -1.197267 1.054088 0.406035 -0.207702 1.612838 -0.312797 -0.620225 -0.042783 -0.493403 0.825272 0.096196 
136.287445 -15.105508 0.890152 2.862692 1.831083 -1.912393 -0.900510 2.989423 1.257070 -1.297356 1.047791 -2.022043 0.501781 -3.175548 -2.520739 0.951533 -0.411055 0.155941 2.870787 -0.004540 -0.228039 0.191624 -0.851596 0.710712 0.145792 -1.192716 -2.274757 0.484331 0.835945 0.027437 0.056646 -1.017357 -0.240335 -0.031743 0.037030 0.744813 -0.253497 
134.725281 -19.013227 -3.545726 5.385585 1.438277 -2.005335 2.010903 2.176417 0.875664 -0.739218 0.094040 -0.573055 0.095543 -2.068878 -4.767756 0.153675 0.351121 0.637886 1.550979 -1.143837 0.059307 0.283026 -0.458419 1.201751 -0.264864 2.186500 0.629608 -1.949189 1.029596 0.844002 -1.234715 0.138375 -0.173133 -0.298526 0.855712 -0.333172 0.153503 
0.000000 -19.243264 -8.645361 3.170041 2.533324 -0.636620 2.201447 0.701748 1.375684 -0.731304 0.130954 0.381460 -0.027946 1.197452 -1.261523 -2.946846 1.648138 1.843944 0.401356 0.272210 -0.574304 -0.405429 0.859827 0.044369 0.452798 0.729602 2.608896 -0.804718 0.212094 0.067901 -0.524527 0.903508 -0.664905 -0.040414 1.031996 -0.631196 0.294043 
190.560547 -16.618323 -6.068772 -0.508107 4.734554 1.682553 2.813616 2.720837 -0.272945 -1.550075 1.813694 -0.484318 1.001138 -0.609675 0.450036 -1.455762 0.775308 0.773688 0.501924 0.663179 -1.270504 0.202198 1.605574 -0.060641 0.323222 -2.889465 -1.625375 2.359593 -1.174906 -0.747079 0.327884 -0.781138 0.329593 0.814378 -0.185647 0.229107 -0.356441 
198.003952 -20.462614 -7.745290 0.258517 4.083940 0.910755 3.205296 2.028107 -1.165323 -0.326907 3.342102 0.260178 0.618499 -4.581478 -4.512273 1.772339 -0.701674 0.349786 1.057124 -1.290065 0.084882 1.223327 0.488533 0.502582 -0.260084 -0.517421 -2.688227 0.117600 -1.002377 -0.167521 -0.230762 -0.745234 1.002942 -0.024085 -1.258206 0.105248 -0.252793 
192.885529 -25.781279 -15.093317 3.036571 3.331206 2.382125 4.927864 0.140706 -0.103180 0.896578 2.790759 0.520847 0.480971 -1.644517 -4.926418 -1.220562 -1.229446 0.438646 0.040400 -0.827288 0.735380 0.154029 -0.910838 0.149855 -0.182364 3.784631 4.274020 -1.734790 -0.016337 -0.375119 -1.124478 0.561529 -0.270539 -0.959284 -0.477623 -0.239206 0.051905 
0.000000 -23.751647 -17.598125 -2.182606 1.625048 1.788047 3.286095 0.373530 0.305437 -0.018849 1.520425 0.559889 0.253770 2.987784 4.035767 -1.697242 -0.734348 -0.400452 -1.191831 -0.167008 -0.456195 -0.695241 -0.466714 0.024170 -0.156273 0.643831 8.095556 0.575614 0.831507 -0.710379 -0.450952 0.147488 -0.875536 0.020567 0.350852 -0.426401 -0.044651 
0.000000 -19.805711 -7.021784 -0.357913 1.862509 1.581222 2.544202 -0.193309 -1.015570 -0.493903 1.857332 0.569186 0.168425 -0.356855 11.264695 -0.069333 0.433567 -0.982112 -0.861504 -0.532313 -1.015692 0.195164 -0.209134 -0.702946 -0.271667 -3.948399 1.703556 0.101414 0.645093 -0.483664 0.213120 -0.093870 0.443405 0.892342 -0.205984 -0.112606 0.098665 
164.679092 -24.465357 4.931264 -2.321272 2.492183 -0.176176 1.563088 -0.691097 -1.725947 0.371478 1.102157 -0.846003 -0.289563 -4.909014 7.442879 -1.494414 0.555837 -1.367780 -0.765592 -0.354747 0.430615 1.089442 -0.878681 -0.201043 0.041058 0.535222 -5.134832 0.552880 0.290936 -0.321088 -0.276594 0.330453 0.875211 -0.128132 0.198176 0.024283 0.347023 
163.741531 -29.623739 7.863974 -3.346741 2.974183 -1.154339 1.013019 -0.902803 -0.154340 1.684982 0.099971 0.167099 0.250540 0.713589 0.995031 1.036427 1.015440 -1.624289 -1.414692 0.128592 0.734729 -0.061101 0.187219 -0.654380 0.422380 6.167228 -4.857989 1.998248 -0.436722 -0.445512 -0.501190 0.624813 -0.374327 -1.028933 0.964794 -0.642696 -0.155783 
175.464752 -23.038179 6.921326 -0.248418 4.523063 -3.424753 -1.266297 -0.433913 -0.256489 0.249276 1.476595 -2.154763 0.555197 7.425443 -2.273100 2.502082 -0.317607 -2.258805 -1.767972 0.894879 -0.318039 -0.968424 1.050907 -1.486436 -0.270507 1.907643 -1.381484 -0.047345 -1.150559 0.200547 0.409779 0.362102 -0.519657 -0.313536 -0.235684 0.183442 -0.385688 
184.849991 -14.772854 3.317774 1.657424 2.338969 -5.671949 -2.522926 0.886955 -0.790418 -0.251867 2.201785 -2.805772 -0.290475 4.528875 -1.767937 0.941738 -1.285678 -1.223195 -0.595135 0.852796 -0.304585 -0.688173 -0.284149 -0.287495 -0.348997 -4.594239 0.959654 -1.440665 0.234570 1.295898 0.955795 0.396345 0.273282 0.176698 -0.958033 0.956252 0.270138 
183.525101 -13.980430 3.385452 1.635057 1.951706 -5.871143 -2.456568 1.271680 -0.865660 -1.127070 0.908298 -2.729752 -0.142797 -1.763036 -0.353792 -0.379247 0.151534 0.332991 0.143618 1.687570 0.228525 -0.615027 -0.865159 0.426069 0.269768 -4.750210 0.948037 -0.672013 0.437104 1.990813 0.516092 0.189294 0.411905 0.515793 0.314631 0.352842 0.389207 
177.037369 -18.298925 2.610190 0.898929 2.642036 -5.005966 -2.235689 4.262095 -0.333368 -1.481922 0.471468 -1.953633 0.249061 -4.971545 0.128137 -0.402288 -0.411471 2.758431 0.437048 1.231385 0.519224 0.343414 0.345112 0.418188 0.429417 -0.090516 0.038553 0.290226 -0.168981 1.718898 0.117565 -1.344509 -0.041122 0.454509 0.985941 0.062516 0.234157 
144.706635 -23.923519 3.641726 0.830482 1.128765 -0.354282 -1.582471 3.734449 0.172789 -0.440243 1.598523 -1.893375 0.716036 -1.944068 -0.276687 0.201205 -0.186428 3.770787 0.378748 -1.001448 0.146280 0.293991 1.106724 0.551102 0.738082 3.453194 -0.574569 0.404026 0.565953 -1.091251 -0.252171 -0.913806 -0.440274 -0.412842 -0.086535 -0.341146 -0.009726 
205.259705 -22.187061 2.056817 1.301339 2.269180 2.535607 -1.478192 2.259200 -0.040809 -0.893940 2.684915 -0.851430 1.725225 1.934843 -1.021002 0.405765 0.720436 0.575929 -0.067293 -0.596228 -0.361325 -0.482270 0.172042 -0.264103 0.409965 0.666475 0.508583 0.127336 -0.068328 -2.490521 0.188156 0.479355 -0.370735 -0.547622 -0.955541 -0.652646 -0.370847 
124.038620 -20.053834 1.599722 1.642011 2.569636 0.797576 -1.717058 2.541994 -0.549860 -1.404783 1.942607 -2.421581 1.535965 -0.611117 0.740479 0.455877 -0.323084 -1.210255 0.755061 -0.042738 -0.595190 -0.801252 -0.804358 -0.754190 -0.003613 -3.934712 1.368658 0.311211 -0.488179 -0.598378 0.424908 0.243921 -0.011665 0.190370 -0.229166 0.313499 -0.206377 
122.226341 -23.409296 3.537774 2.213094 1.623012 0.115097 0.031929 2.173723 -1.231188 -2.496445 1.076200 -2.359811 1.717999 -5.934581 1.716314 1.028188 -0.255923 -0.620826 0.782522 -0.108386 -0.384654 -0.101530 -0.286290 0.362896 -0.002789 -3.447677 0.460447 0.191351 0.211520 0.613122 -0.608677 -0.373832 0.782909 0.951653 0.007952 1.126090 -0.241096 
122.086365 -31.922996 5.032349 3.698387 2.057790 -0.444077 -0.152014 2.325221 -1.319169 -1.607843 1.370027 -1.695789 1.530387 -7.506472 1.661372 0.838578 0.099956 0.015989 -0.462293 -0.790402 0.970627 1.102054 -0.788454 1.497990 -0.485805 1.090292 -1.400730 -0.540869 0.673561 0.955903 -0.644605 -0.580897 0.948619 0.434514 -0.348703 0.583484 -0.164477 
126.196793 -38.422240 6.860517 3.890250 1.822923 0.147075 -0.892658 0.592920 0.710066 -0.292337 -0.500708 0.636170 0.746390 -3.753997 -1.085147 -0.053549 1.091200 1.290979 -0.506689 -1.270181 1.512583 0.767499 -0.983696 1.529863 -0.331742 1.179582 -2.243734 -1.027800 0.487556 0.598922 -0.148272 0.004234 -0.092679 -0.646942 0.175786 -0.613393 0.385763 
0.000000 -39.430990 2.862056 3.591288 4.240190 2.137882 -1.165392 -0.215141 1.705997 -0.072845 -0.597365 1.363937 0.866903 -5.147309 -2.826096 -1.217021 1.075068 1.213833 -0.758837 -0.781935 0.785270 -0.191831 -0.436883 0.271205 0.285722 -4.265940 -2.131335 -0.678552 -1.194492 -1.323785 0.477432 0.547784 -0.921301 -0.198799 0.359883 -0.862169 0.121889 
109.780243 -48.716858 1.208325 1.456208 3.973059 2.574742 -2.410331 -0.970949 2.280605 -0.675999 -1.374473 1.178580 1.317833 -12.285876 -5.347817 -1.410654 -1.297783 -1.356591 0.448176 -0.174613 -0.330020 0.369900 -0.263929 -0.194475 -0.087963 0.839625 -2.535801 1.311736 -1.146416 -2.185400 1.649954 0.514802 -1.271935 0.840557 0.088874 -0.257169 -0.284918 
132.953629 -64.002743 -7.833578 0.769980 1.644623 -0.575300 -0.269041 -0.564367 1.045958 0.666955 -1.125224 0.974987 0.690976 -3.468059 -7.897698 1.406451 -1.217764 -3.156966 2.541071 0.247670 -1.758600 1.489284 -0.259135 -0.243134 -0.284115 10.242058 2.225861 1.468694 0.409901 0.125406 0.444051 0.120305 -0.465848 0.200197 -0.006937 -0.007961 -0.010739 
0.000000 -55.652976 -14.587072 4.269109 1.537532 -3.739190 2.671810 -0.475609 -1.236595 2.302568 -1.892742 0.692312 0.749604 8.198240 -0.896095 1.526734 -0.477982 -1.105778 1.336278 0.065997 -1.261716 0.770294 -0.277803 -0.210398 -0.109442 -1.260392 6.013840 -1.648417 0.266385 2.608953 -1.848882 0.002154 1.167483 -1.305058 0.614741 -0.078257 0.009708 
0.000000 -47.606262 -9.625769 3.823448 0.688659 -2.786856 2.403516 -0.432374 -1.477475 2.207542 -1.680829 0.554191 0.472091 -5.988844 4.129982 -1.890384 -0.684993 2.060939 -1.156693 0.251977 0.576367 -1.120833 0.970347 -0.399648 -0.264699 -8.913712 1.509666 -1.415637 0.303372 1.469881 -1.226270 0.074787 0.975509 -0.898580 0.555825 0.013370 -0.035073 
117.337105 -67.630663 -6.327108 0.488341 0.167546 0.382688 0.358425 0.028345 -0.083861 0.060902 0.047952 -0.106984 0.220206 -9.629184 2.123238 -1.304540 0.128762 1.833983 -1.116261 0.215571 0.689301 -1.026866 0.833848 -0.183659 -0.179588 2.642465 -2.517657 1.054793 0.235316 -1.255390 0.905191 -0.315322 -0.060070 0.578484 -0.541918 0.464798 -0.090391 
63.946930 -66.864629 -5.379294 1.214368 0.946182 0.881110 0.170993 -0.001231 -0.098872 0.153810 -0.013133 0.186873 0.112916 -0.703913 -0.905332 0.219202 -0.214361 -0.449841 0.653689 -0.378667 0.456227 0.036134 -0.113489 0.529948 -0.445480 12.908245 1.110828 1.370295 0.383860 -1.244220 0.576883 -0.339960 -0.296183 0.450861 -0.314627 0.311501 -0.012702 
166.059433 -69.038489 -8.137773 0.926745 -0.261176 -0.516994 1.665804 -0.728989 0.828592 0.133170 -0.179025 0.952912 -0.670754 16.187306 4.344894 1.436050 0.896481 -0.654457 0.037506 -0.464350 0.096935 -0.125144 0.204594 0.439343 -0.204993 11.307330 3.780670 0.280806 1.459827 -0.205092 -1.173688 0.716548 -0.199638 -0.079857 0.290806 -0.786815 0.562058 
0.000000 -34.490017 3.310494 4.086469 2.739145 -0.427804 0.246005 -0.929931 0.094997 -0.096479 0.396054 1.065559 -0.297069 21.910747 6.656008 0.780815 2.705293 -0.860025 -1.693688 1.054428 0.056950 -0.123579 0.468124 -1.043682 0.678636 -4.400504 -2.072676 -1.294128 -0.306879 -0.000876 -0.167284 1.278993 0.176137 -0.250522 -0.055260 -1.032321 0.427452 
131.531586 -25.216994 5.174244 2.488375 5.149410 -2.237043 -1.721571 1.379868 0.942492 -0.113989 0.757223 -1.134451 0.686519 7.386298 0.199541 -1.152205 0.282724 -0.656208 -0.297061 2.093636 0.449210 -0.626189 0.094074 -1.625299 0.649912 -10.344598 -4.588322 -0.342344 -1.942980 0.453370 1.589257 -0.524357 -0.086892 -0.121679 -0.560163 0.760448 -0.363892 
128.099899 -19.717422 3.709577 1.782060 3.304593 -1.740220 -0.348118 3.257341 0.993416 -1.348857 0.584202 -2.185040 1.002755 1.221552 -2.520635 0.096127 -1.180668 0.046716 1.484826 0.005714 -0.116834 -0.366938 -0.652202 0.477215 -0.049148 -3.328764 -0.130685 0.147870 -0.060270 0.509936 0.328322 -1.153507 -0.416443 0.229350 -0.403392 1.016510 -0.277186 
123.449211 -22.773891 0.132974 2.680629 2.788075 -2.143610 1.248081 1.391297 0.708824 -0.847865 -0.547182 -0.180021 0.588222 0.728769 -0.061829 -0.856464 0.162183 0.363664 0.359583 -0.213378 -0.383676 -0.167489 -0.712710 0.407720 0.095540 0.692043 2.014405 -0.605305 0.669519 0.121111 -1.153160 0.518894 -0.133013 0.034561 0.109743 -0.547606 0.275599 
130.150925 -18.259884 3.585918 0.069132 3.628960 -1.012892 0.371048 2.830586 0.226065 -1.683834 -0.841219 -1.369600 1.193836 2.605638 1.508176 -1.114483 0.158370 0.288938 -0.821493 1.043503 -0.382860 -0.297816 -0.432717 -0.617997 0.502049 -1.344018 -1.282607 1.361307 -0.516611 -0.220432 0.061807 0.083413 0.406273 0.456259 0.446411 0.060810 -0.078030 
131.346939 -17.562615 3.149326 0.451662 3.104814 -1.565735 -0.394906 3.478303 -0.056896 -1.443496 -1.412615 -1.416014 1.592320 -1.959267 -2.627044 1.866150 -0.871040 -0.077199 0.483198 -0.046552 0.428870 0.745029 0.180111 0.529340 -0.060521 -2.531574 -2.157987 1.928205 -0.458843 -0.220546 0.909244 -0.827136 0.619214 0.194968 0.346681 0.506968 -0.669619 
132.593933 -22.178419 -1.668170 3.801432 1.886881 -1.167290 1.337443 2.737481 1.083805 -0.193775 -0.480997 -0.310921 1.072795 -2.457510 -2.807799 2.741926 -0.759316 -0.152155 0.996995 -0.610768 0.855567 0.092120 0.260646 0.395939 -0.837189 2.219115 2.331328 -1.289475 1.046153 -0.855797 -0.852437 0.211911 -0.069613 -1.024802 0.172056 -0.709355 -0.046886 
0.000000 -22.477635 -2.466272 5.935514 1.586182 -1.870045 1.599084 2.256766 1.654239 -1.259255 -0.891322 -0.624137 -0.082058 2.478963 2.035612 -0.712801 1.221266 -1.788792 -1.221676 0.377270 0.289644 -1.304575 0.524224 -0.889370 -0.154292 0.422591 3.977438 -2.136664 1.579259 -0.861344 -1.570579 0.821485 -0.957388 -0.025523 0.374360 -0.681654 0.426259 
174.594849 -17.220493 2.403054 2.375831 4.329412 -4.744874 -1.105909 3.492020 1.663094 -2.802925 0.567451 -2.089661 0.764210 -1.612327 5.147077 -1.531403 2.399202 -1.874843 -2.144162 1.032201 -1.059209 0.041074 1.009365 -0.967370 0.015329 -5.766812 0.420227 1.256825 -0.242330 1.998873 0.558549 -0.855231 -0.734436 1.348062 -0.062273 0.900819 -0.180762 
184.406372 -25.702289 7.827881 2.872709 6.384585 -5.619732 -2.689240 4.321169 -0.464178 -1.177108 1.127408 -2.558877 -0.051399 -9.054661 2.876065 1.800850 0.736605 2.208954 -0.104578 -1.333193 -1.179228 1.391549 0.399678 0.912268 -0.515817 -1.394218 -2.704762 1.743250 -1.010175 2.242170 1.701070 -1.643022 0.333512 0.530397 -0.776755 1.059463 0.111810 
196.790680 -35.329816 8.155185 5.977530 5.802623 -0.326965 -1.315065 0.825635 -0.695363 -0.019828 1.366807 -0.265125 -0.267425 -4.400764 -0.262447 1.955098 0.378851 2.609497 1.257977 -2.253843 -0.392185 1.101868 -0.544145 1.151555 0.238950 6.624425 -2.655191 -0.644326 -0.126581 -1.574783 -0.256626 0.650338 0.967018 -0.643610 -0.290791 -0.497533 0.649995 
206.252838 -34.503817 7.302988 6.782905 7.142288 -0.400738 -0.173286 -0.186517 -1.248549 1.026629 0.039119 -0.255766 0.426500 4.194189 -2.434316 0.512198 0.483444 -0.940612 -0.617831 -0.032517 0.754807 0.104329 -0.181903 -0.082799 0.784172 4.785972 -1.187239 -0.696674 -1.187666 -1.788676 -0.988336 1.614695 0.971342 -1.062423 0.806995 -0.766613 0.180068 
210.205185 -26.941438 3.286553 7.001925 6.769511 -2.208189 -2.550727 0.760600 0.814251 0.188830 1.003000 -0.430723 1.300918 5.171180 -2.636925 0.561750 -1.996480 -0.967855 -0.718695 0.975548 1.550499 -1.022978 1.069845 -0.381670 0.599085 0.640596 0.381226 -1.496657 -1.524780 1.154260 1.255366 0.000257 -0.176552 0.273137 0.213938 -0.155874 -0.450677 
207.062607 -24.161457 2.029139 7.906405 3.149327 -2.336449 -1.610677 1.764579 1.852450 -1.019328 2.178809 -1.019105 1.624670 5.475380 -1.671863 -2.481117 -2.566116 1.367908 1.892901 -0.032003 0.401703 0.650604 0.245973 -0.394546 -0.117182 -0.613765 -0.276336 -2.410149 1.163580 1.702359 1.254977 -0.952614 -1.081257 0.858545 -0.378500 0.131296 -0.524882 
205.665588 -15.990678 -0.057174 2.039692 1.637280 0.527627 1.235076 0.696594 1.617657 1.490037 1.494946 -1.219816 1.066555 3.943651 -3.189597 -4.258547 0.330680 2.436863 1.791259 -0.929680 -0.612015 0.694111 0.312844 -0.119077 -0.450680 -3.037005 -0.962569 0.511647 2.193836 0.059796 -0.725792 0.054327 -0.279143 -1.071320 0.489926 0.411081 0.032557 
199.123062 -16.274156 -4.350054 -0.610689 3.810687 2.537278 1.971841 -0.094782 0.628419 0.368895 2.804498 -1.257259 0.723310 -0.598630 -3.597002 -1.457822 1.821556 1.487500 0.441318 0.076650 -0.156583 -1.492037 1.225825 0.427615 -0.052068 -0.828670 1.915036 2.073634 -0.178268 -1.389215 -1.251961 0.873424 0.290009 -1.017900 -0.279098 -0.031353 0.329844 
187.872543 -17.187937 -7.251178 -0.875953 5.280392 3.502628 2.117712 0.849894 1.304492 -1.494038 3.946595 -0.364585 0.962419 2.286310 0.640476 -0.111280 -0.025855 -0.341567 -0.712663 0.817168 -0.031996 -1.341688 -0.245351 -0.181783 0.209008 2.116019 3.463938 1.162819 -1.600550 -2.027706 -1.127447 0.317784 -0.169792 0.506866 -1.566601 -0.762780 -0.020078 
362.121307 -11.701536 -3.069103 -0.833248 3.758976 1.854143 0.546516 1.539554 0.564427 -2.314482 2.313797 -1.620825 1.141326 3.633409 3.330875 0.867816 -1.379544 -2.567912 -1.813576 0.712218 -0.496166 -0.478305 -1.907377 -1.097945 -0.092224 -1.606055 0.888780 0.802881 -0.029219 -1.236185 -0.383502 -0.196415 -0.041601 0.946441 -0.327519 -0.142256 -0.437806 
164.221527 -9.921118 -0.589428 0.859678 2.521305 -1.633196 -1.509439 2.274329 0.312159 -2.450648 0.131842 -2.560474 0.777972 -0.925800 2.418036 1.494482 -0.084293 -2.813937 -1.479666 0.424339 -0.115198 0.551193 -0.900389 -0.466294 -0.666605 -2.884261 -1.073065 0.068314 1.310614 0.677911 0.760528 -0.625768 0.312291 0.587160 1.319518 0.760724 -0.010373 
148.345154 -13.553137 1.766968 2.155716 3.590390 -3.773731 -2.412817 2.388231 0.334030 -1.212095 0.513019 -2.553413 -0.191884 -2.135114 1.184744 1.004444 1.241685 -1.212091 -0.292520 -0.539319 0.128416 0.696015 0.731660 0.423504 -0.112970 -0.089322 -1.021282 -0.502664 0.676021 1.270623 0.703664 -0.389244 0.021662 -0.168606 0.679365 0.504586 0.596829 
138.331696 -14.191345 1.780060 2.868566 5.004675 -4.057378 -2.094478 1.195690 0.568991 -1.058618 1.595161 -1.713467 0.552033 -1.104445 0.375471 0.489153 1.267750 -0.272691 -0.072338 -0.354150 -0.071874 0.213981 0.458341 0.542878 0.527053 0.092407 -0.457902 -0.442781 -0.102794 0.673915 -0.235703 0.487744 -0.338037 -0.120272 -0.513436 0.036686 0.150046 
133.166122 -15.762027 2.517911 3.134023 6.125889 -4.319113 -2.557493 1.679930 0.190282 -0.784133 1.429702 -1.467658 0.862222 -1.950300 0.268939 0.118881 1.036097 0.135739 -0.763926 0.436168 -0.547657 0.455471 -0.295211 0.496876 0.187122 -0.707010 -0.164038 -0.174268 -0.138763 0.268365 -0.460849 -0.091780 0.221007 -0.184538 -0.049363 -0.161479 -0.320727 
124.843437 -18.091945 2.317938 3.106328 7.076869 -3.785900 -3.622330 2.068026 -0.526323 -0.147675 1.004739 -0.719714 0.926277 -2.518466 0.047396 0.140618 0.990223 0.264040 -0.994036 -0.537711 0.370140 -0.155094 0.359615 0.219921 -0.114400 0.260340 -0.150913 0.249711 -0.391878 -0.199338 0.532174 -0.762002 0.780593 -0.597021 0.609030 -0.585499 0.057876 
116.555496 -20.798958 2.612702 3.415259 8.106335 -3.791034 -4.545564 0.604509 0.930561 -1.094321 2.148932 -1.027816 0.633421 -1.429619 -0.032886 0.618303 0.252342 -0.262936 0.300423 -1.087835 1.013528 -0.738570 0.922848 -0.674122 0.302875 1.195597 -0.177391 0.206246 -1.091027 0.225453 1.159300 -0.032327 -0.123006 -0.036261 -0.126748 -0.098529 0.096518 
111.126419 -20.951184 2.252166 4.342935 7.581553 -4.311772 -3.021485 -0.107645 1.500734 -1.624815 2.850435 -2.067959 1.532026 -0.127271 -0.307386 0.553110 -1.191830 0.714946 1.324564 -0.602364 0.124128 -0.227616 0.106119 0.022864 0.078636 0.689231 -0.047116 -0.264516 -0.590890 0.619125 0.131051 0.420774 -0.587244 0.388101 -0.583740 0.608529 -0.336771 
108.042099 -21.053499 1.997931 4.521478 5.722675 -2.361142 -1.896437 -0.600219 1.178816 -1.549553 2.361169 -0.982088 0.790693 -0.051157 -0.127118 0.089272 -0.929439 0.975315 0.562524 -0.246287 -0.160959 0.037631 -0.244633 0.542935 -0.370667 0.038057 0.090134 -0.231919 0.131195 0.130184 -0.381020 0.178038 -0.142543 0.132623 -0.175376 0.260036 -0.224651 
