0.000000 -28.012125 -15.929880 -9.674724 1.518511 3.735587 -0.842330 -1.513632 -1.319599 -0.792186 -0.140384 0.781558 -0.447474 0.194245 5.287891 3.171012 1.475453 0.823260 0.872804 1.166682 0.908091 0.335364 -0.011573 -0.267315 0.314338 -0.426993 1.575190 0.016454 0.404424 0.017108 0.114464 -0.151217 0.327251 -0.302395 -0.232762 -0.010655 0.121172 
0.000000 -27.623635 -5.354098 -3.332700 4.469418 5.382108 0.903278 0.819732 0.496584 -0.121458 -0.163530 0.246928 0.181201 -0.659742 8.438271 3.203920 2.284302 0.857477 1.101733 0.864247 1.562593 -0.269426 -0.477096 -0.288624 0.556681 -1.551856 -1.065343 -0.832820 0.166210 -0.658805 -0.560786 -0.918491 0.073988 -0.210501 -0.329872 0.251815 -0.062669 
226.382233 -29.331609 0.946662 -3.266885 6.087115 5.450541 1.361135 0.214862 1.805588 -1.331038 -1.094577 0.204310 0.665887 -2.909467 3.157205 1.505372 1.807873 -0.494349 -0.248769 -0.670301 1.056067 -0.085638 -0.671318 0.236315 0.188999 -1.636311 -3.993146 -0.353247 -0.937485 -0.772713 -1.539413 -0.641921 -0.401593 0.578980 0.030203 0.281639 -0.445749 
219.926758 -33.442569 0.960312 -0.321956 8.085163 4.393411 0.405740 -0.520869 2.608718 -0.292733 -1.506166 0.719558 0.559200 -3.932365 0.451979 2.497425 0.409332 -0.687949 -1.977093 -0.419595 0.759407 0.888534 -0.416690 0.274654 -0.334817 -0.109408 -1.487756 0.396255 -0.901841 0.448563 -1.040831 0.367802 -0.899096 -0.024165 0.097820 -0.032271 -0.249085 
201.493057 -37.196338 1.850620 1.727966 6.905780 4.074642 -2.593050 -0.624328 3.324401 0.446031 -1.927956 0.753618 -0.003747 -3.128283 0.181694 2.297882 0.004191 0.402777 -2.330431 0.065303 -0.742125 -0.133967 -0.475679 0.171774 -0.309170 0.536025 -0.753219 -1.014644 0.741118 0.462148 0.617412 0.469233 -0.981486 -0.929534 0.227273 -0.119749 0.068932 
177.103012 -39.699135 1.323699 4.273809 8.093544 5.198965 -4.255122 -0.390264 1.124467 -0.560667 -2.457523 1.063106 -0.059140 -2.860314 -1.054460 0.468138 1.891568 0.236347 -0.742269 0.518870 -1.203565 -0.970533 0.037856 0.035156 -0.196954 -1.317563 -1.285038 -1.983407 -0.378028 -1.092548 1.720705 0.138890 0.352242 -0.087702 0.678709 -0.150546 0.060601 
166.346176 -42.916967 -0.258300 2.664242 10.688915 4.547336 -4.077588 0.413413 0.917272 -1.495034 -1.852245 0.823930 -0.397654 -5.763410 -2.388383 -1.668931 -0.751866 -1.782319 1.110980 0.343083 -0.037642 -0.309371 0.881740 -0.129318 -0.187969 1.616639 -2.265919 -3.501084 -2.770507 -0.312889 1.079947 -0.373099 0.508318 0.838381 0.382229 0.199027 0.032760 
58.177811 -51.225954 -3.453066 0.935946 6.589811 1.634326 -2.033162 0.295902 1.049183 -1.179410 -0.694043 0.804470 -0.435077 0.372963 -5.586299 -6.534030 -3.649447 -0.389431 1.417625 -0.227328 -0.186928 0.706230 0.802314 0.433210 -0.131434 7.136686 -1.203896 -2.553062 -1.319912 0.659856 -0.294664 -0.333194 -0.204645 0.554976 -0.425477 0.077293 -0.105448 
0.000000 -42.171040 -11.430898 -10.403818 3.390022 3.768474 -1.242338 -0.041242 0.543415 -0.082575 -0.247616 1.690351 -0.660522 8.509962 -4.796174 -6.775056 -3.391691 -0.462608 0.521651 -0.323304 -0.446931 0.800581 0.030786 0.025269 -0.398864 1.419765 2.294645 3.528410 1.527135 -0.339128 -0.626728 -0.015284 -0.118792 -0.362613 -0.332632 -0.467495 -0.000065 
0.000000 -34.206030 -13.045415 -12.614166 -0.193571 0.709110 -0.989860 -0.350706 0.155320 0.421752 -0.632472 0.855008 -1.232805 3.212493 -0.997010 0.522790 -0.595178 -1.067686 0.164169 -0.257895 -0.424513 -0.018996 0.137050 -0.501780 -0.131563 -3.793022 4.622596 5.346380 2.785881 0.463072 -0.455863 -0.384203 -0.222534 -0.657195 -0.007327 -0.250727 0.350899 
0.000000 -35.746054 -13.424918 -9.358237 2.199666 1.633102 -0.914000 -0.557031 -0.305612 -0.120568 0.026484 0.686791 -0.923648 0.923919 4.449017 3.917704 2.180071 0.463536 -0.390076 -1.091711 -0.892000 -0.513810 0.016131 -0.476185 0.302934 0.828914 5.339817 1.744891 0.931161 -0.215237 -0.659056 -0.469317 0.561342 0.165417 -0.376277 0.180409 0.171803 
0.000000 -32.358192 -4.147381 -4.778757 4.166571 1.636183 -1.770012 -2.534128 -1.628679 -0.605868 -0.600210 -0.097363 -0.626936 4.870320 9.682623 4.012572 1.267144 -1.498160 -1.153943 -1.196528 0.698171 0.311837 -0.615505 -0.140961 0.212043 1.391922 0.828331 -1.188831 -0.511597 -1.339122 -0.305259 0.724653 1.493150 0.652669 -0.243480 0.234699 -0.181112 
0.000000 -26.005413 5.940329 -1.333094 4.733954 -1.363219 -3.221885 -2.950088 1.090730 0.503107 -1.204525 0.404869 -0.499562 3.707762 6.105679 1.540042 1.156877 -2.214707 -1.000593 0.357595 2.094300 0.791528 -0.470830 -0.006787 -0.059290 -1.562973 -4.845319 -1.977257 -0.425848 0.569597 0.230071 1.335031 -0.057934 -0.027739 0.330926 -0.182092 -0.261162 
183.374222 -24.942668 8.063976 -1.698673 6.480326 -2.793231 -3.771199 -1.818938 2.559922 0.977188 -1.541870 -0.110938 -0.745517 1.744375 -0.008015 0.058058 0.415448 -0.358966 -0.693801 1.473534 0.582303 0.256360 0.046348 -0.505145 -0.310281 -1.739955 -4.250797 -0.952040 -1.026062 1.695315 0.972273 0.390329 -1.271956 -0.632341 0.254933 0.032226 0.039836 
185.364502 -22.516662 5.924299 -1.216977 5.564849 -2.081151 -4.609487 -0.003020 2.255336 1.015827 -1.111829 -0.605421 -1.120125 0.227851 -2.395916 -0.364038 -0.895246 1.175923 0.943952 1.138254 -0.449612 -0.473155 0.039037 0.057665 0.020383 -4.627124 -1.109946 -0.287985 -0.448461 0.868576 1.844069 -0.934020 -0.697012 -0.272248 -0.059163 0.372475 0.396061 
188.175400 -24.486965 3.272145 -2.426748 4.689834 -0.441386 -1.883294 0.457569 1.660699 0.030879 -1.463796 0.004393 -0.704752 -7.509873 -2.227907 -0.517912 -0.481475 1.378186 2.994337 -0.394506 -0.811721 -0.288137 -0.071979 0.239804 0.481842 -7.120636 0.051760 0.642297 0.485954 -0.327093 0.479103 -1.072497 -0.461923 0.587523 0.152221 -0.224446 0.011502 
185.246689 -37.536408 1.468485 -2.252802 4.601899 0.675221 1.379188 -0.792031 0.631895 0.439553 -1.255786 -0.125812 -0.156442 -14.013420 -2.292395 0.920556 0.076662 0.521736 1.902158 -1.006740 -1.373458 0.701891 0.343478 -0.391227 0.043387 2.991217 -2.819245 -1.549732 0.368943 -0.755071 -1.926256 -0.448661 0.529389 0.797192 0.085101 -0.257002 -0.503492 
204.515411 -52.513806 -1.312645 -0.585636 4.843158 0.602086 1.921022 -1.555911 -1.086217 1.434661 -0.776840 -0.778060 -0.617978 -1.527438 -7.866397 -3.617376 0.256410 -0.131957 -0.858174 -1.291828 0.247057 1.306247 0.098224 -0.274199 -0.525142 11.648493 -2.128767 -2.545834 0.091648 -0.344966 -1.801882 0.036848 1.494667 -0.444904 -0.112293 0.388123 -0.127247 
0.000000 -40.591285 -14.264309 -9.487553 5.114720 0.411308 -0.337159 -3.375686 1.126008 3.052047 -1.059338 -0.674211 -1.206726 9.283565 -6.549929 -4.171112 0.259958 -0.168197 -1.701606 -0.933044 1.615876 -0.187916 0.118892 0.385019 -0.211106 2.112679 3.327164 2.354319 0.505271 0.335186 0.183765 1.081191 0.459341 -1.362168 0.203166 0.372127 0.526025 
0.000000 -33.946675 -14.412502 -8.927860 5.363074 0.265692 -1.482190 -3.421999 2.145535 1.058829 -0.539056 -0.008022 -1.040191 2.697921 -1.212069 1.091262 1.266953 0.538416 -0.490644 0.870553 1.165738 -1.418090 0.504555 0.470054 0.526907 -5.217803 3.415629 2.698952 0.123946 0.229927 0.846421 1.086842 -0.926558 -0.147297 0.081824 -0.216278 0.260780 
0.000000 -35.195444 -16.688446 -7.305029 7.648625 1.488140 -1.318447 -1.634580 3.457484 0.215868 -0.050227 0.265897 -0.152911 -1.152041 0.281330 1.226793 0.507850 0.291658 -0.008765 1.240640 -0.237239 -0.482510 0.282540 -0.047537 0.310453 -1.165729 1.273837 -0.467024 -1.254987 -0.158724 0.437754 -0.150739 -0.955341 0.939034 -0.011770 -0.305105 -0.384674 
0.000000 -36.250757 -13.849842 -6.474274 6.378774 0.849007 -1.499721 -0.940719 1.671057 0.093810 0.026023 -0.103096 -0.419286 0.366463 1.335605 0.157214 -1.243021 0.220968 0.384864 0.569074 -0.744944 0.459979 0.481015 -0.140157 -0.242441 0.701022 1.153005 -0.641099 0.320395 0.718560 0.256802 -0.268389 0.494096 0.286766 -0.002898 0.355445 -0.039823 
0.000000 -34.462517 -14.017236 -6.990601 5.162583 1.930076 -0.548719 -0.496431 1.967596 1.135826 0.911803 -0.014417 -0.637794 0.250004 2.587339 -0.055405 1.148641 1.728777 0.504838 0.703861 0.750952 0.091023 0.276744 0.663354 0.230808 0.095402 1.262202 -0.267139 2.477295 0.774139 -0.178866 -0.154480 0.759655 -0.362466 -0.257139 0.213223 0.373769 
0.000000 -35.750748 -8.675163 -6.585085 8.676057 4.306561 -0.490044 0.467002 3.172960 0.275855 0.579511 1.223611 0.042330 0.557267 3.860009 -0.377065 3.711569 1.769246 0.027133 0.260115 0.774366 -0.264953 -0.033262 0.286290 0.505097 1.120227 -0.515984 -0.149276 0.382768 -0.533671 -0.144715 -0.739779 -0.035329 0.027071 0.002807 -0.771824 -0.219210 
0.000000 -33.347984 -6.297217 -7.744730 12.585720 5.468568 -0.494454 0.023798 3.516328 0.605919 0.845278 0.558163 0.372400 2.490457 1.555371 -0.353958 1.914177 0.661435 0.215408 -0.775697 0.680293 0.145164 0.282358 -0.880294 -0.207612 1.079276 -0.474429 0.771515 -2.464004 -0.983429 -0.017081 -0.900198 -0.478765 -0.191241 0.085349 -0.581913 -0.752620 
0.000000 -30.769833 -5.564421 -7.293000 12.504410 5.629431 -0.059228 -1.084392 4.533546 0.566183 1.144227 -0.536978 -0.372895 2.715820 2.911152 1.165966 -1.216439 -0.197613 -0.007028 -1.540281 -0.183165 -0.647436 0.137435 -0.877536 -1.000143 0.133582 1.347320 0.579178 -2.101682 -0.323098 -0.328020 -0.271964 -0.888422 -0.882872 -0.135582 0.559977 -0.050428 
0.000000 -27.916344 -0.474913 -5.412797 10.152842 5.073343 -0.508511 -3.056765 3.149999 -0.688952 1.120148 -1.196909 -1.627886 2.757621 4.250012 0.804398 -2.289188 0.015239 -0.440631 -1.319626 -1.096552 -1.620580 0.011194 0.239659 -0.308469 -0.048499 -0.399371 -0.818428 -0.512249 -0.179363 0.112470 0.456274 -0.211395 -0.257611 -0.477562 0.824143 0.995702 
170.244186 -25.254592 2.935602 -5.684204 7.926033 5.659908 -0.940489 -3.723644 2.340442 -2.674977 1.166614 -0.057659 -0.989834 2.618822 2.112409 -0.470890 -2.240937 -0.556339 0.217912 -0.627733 -0.605955 -1.162658 -0.817689 0.770749 0.991261 -0.480643 -1.782790 -0.462995 0.255403 -0.726191 0.582792 0.400112 0.496046 0.726697 -0.734410 0.017812 0.550858 
160.600433 -22.678700 3.749905 -6.354577 5.670969 3.960664 -0.072687 -4.312230 1.938088 -3.014267 -0.515230 0.344590 0.354637 1.796335 0.684433 -0.121591 -1.778383 -1.437143 0.724952 -0.519402 -0.104460 -0.167186 -1.457627 0.275284 0.793247 -0.910889 -1.342391 0.463470 0.657139 -0.324008 0.138803 0.301933 0.369328 0.743339 0.151876 -0.363771 -0.408094 
155.267242 -21.661921 4.304467 -5.927386 4.369268 2.785622 0.509415 -4.762449 2.131522 -3.009348 -1.748640 0.492910 0.596660 0.797044 -0.572373 0.456049 -0.926659 -1.204355 0.495519 -0.023867 0.132701 0.324020 -0.513937 0.043207 0.175073 -1.585710 -0.613440 0.134597 0.837455 0.298688 -0.232395 0.356203 0.086166 0.325758 0.613167 -0.217820 -0.361481 
148.390137 -21.084611 2.605159 -5.442478 3.817651 1.551954 0.918350 -4.359964 2.203491 -2.366227 -1.543104 0.431004 0.704783 -1.375085 -0.542447 0.147603 -0.103474 -0.839767 0.260162 0.193003 0.067872 0.484330 -0.231294 -0.160355 0.070285 -3.807336 1.139065 0.550649 0.367361 0.333843 -0.447039 0.083241 -0.115865 0.159067 0.060002 0.008363 -0.274568 
145.364594 -24.412092 3.219573 -5.632180 4.162321 1.106088 1.029739 -4.376442 2.267265 -2.040689 -2.211227 0.172199 0.737229 -6.817628 1.705757 1.557348 -0.191937 -0.536670 -0.398560 0.142616 -0.099028 0.642154 -0.393933 0.059933 -0.374063 -3.481479 1.450046 1.083446 -0.361286 0.381963 -0.852537 0.299143 -0.312653 0.097689 0.183892 0.219667 -0.141480 
0.000000 -34.719867 6.016674 -2.327782 3.433776 0.478615 0.121231 -4.074732 2.005434 -1.081920 -2.330969 0.550870 -0.043344 -8.338043 2.357646 2.314495 -0.826046 -0.075842 -1.444913 0.791289 -0.557434 0.679708 0.136490 0.278978 -0.212675 0.610858 -0.544456 -0.312468 -0.587505 0.115252 -0.372168 0.504452 -0.552445 -0.205756 0.555551 -0.044958 0.303272 
0.000000 -41.088178 7.934864 -1.003189 2.510229 0.954405 -1.860086 -2.793864 1.152396 -0.681272 -1.938247 0.730156 0.311880 -5.595913 0.616845 0.932412 -1.366947 -0.306166 -1.142896 1.151520 -1.203918 0.230641 0.717169 -0.029983 0.232480 1.768035 -1.891917 -0.064511 -0.124896 -0.875517 0.995631 0.178260 -0.355875 -0.397800 0.114401 -0.505191 0.128007 
68.132118 -45.911692 7.250363 -0.462958 0.699882 -0.133718 -2.164561 -1.771691 -0.402402 -0.620638 -0.896630 0.490905 0.421616 -4.801973 -1.426189 2.185473 -1.075837 -1.826876 0.546350 1.147810 -1.269185 -0.115892 0.365291 -0.731404 0.043338 0.666357 -0.991231 -0.025794 0.499187 -0.370989 1.246845 0.135776 0.724120 0.096052 -0.106779 0.008631 -0.135057 
235.901627 -50.692124 5.082487 3.367756 0.358554 -2.699348 -0.767387 -0.498245 -1.385974 -0.913055 -1.207664 -0.732652 0.398556 -4.263198 -1.365617 0.880824 -0.368574 -1.048145 1.350794 1.423071 0.244321 0.422745 0.503611 -0.012721 -0.037635 0.155790 0.466263 -1.802503 -0.276021 1.246563 0.094808 -0.137923 0.974828 0.295920 0.289826 0.612163 -0.040633 
246.412292 -54.438088 4.519129 1.298689 -0.037265 -2.230007 0.537027 1.074452 0.086239 0.224852 0.110592 0.465463 0.346346 -4.490394 -0.493663 -1.419532 -1.627879 0.666250 0.735967 0.871964 0.680472 0.475949 0.944944 0.492923 -0.037927 5.818080 -0.652238 -2.049870 0.577328 0.899176 -1.164372 -1.297596 -0.021418 -0.405989 -0.242678 -0.378614 -0.179971 
73.959373 -59.672912 4.095162 0.528692 -2.897204 -1.366848 0.704546 1.245683 -0.025031 0.038842 0.682223 0.253193 0.322703 7.372961 -2.670093 -3.218916 0.786082 0.750207 -0.977949 -1.172121 0.201485 -0.389232 0.018256 -0.769949 -0.397577 11.110425 -1.200718 -0.924916 1.776057 -0.188296 -0.704717 -1.290977 -0.363392 -0.364763 -0.595731 -0.403326 -0.146623 
244.464630 -39.692165 -0.821056 -5.139143 1.534900 -0.729592 -1.418871 -1.269790 0.489208 -0.553612 0.147104 -1.074435 -0.448808 17.730456 -2.895099 -3.269364 1.924235 0.289658 -0.673468 -1.709989 -0.046313 -0.253577 -0.246519 -0.313730 -0.331174 -0.547621 1.180524 0.910650 -0.804742 -0.416101 0.970815 0.471208 -0.380541 0.143425 -0.054465 0.653770 0.192906 
0.000000 -24.212000 -1.695036 -6.010036 0.951265 -0.787531 -0.642390 -2.174295 -0.117656 -0.468311 0.189186 -0.374267 -0.339645 6.277719 -0.309045 -1.397616 -0.823402 -0.081995 0.963682 -0.229705 -0.559597 -0.102381 -0.090675 0.537590 -0.011764 -11.827094 1.726522 1.229766 -1.079332 -0.236492 0.433437 1.085245 -0.151144 0.331487 -0.234617 0.101275 0.094781 
0.000000 -27.136727 -1.439146 -7.934374 -0.111904 -0.893582 0.508492 -1.729200 -0.629985 -0.758375 -0.034247 0.000745 -0.472337 -5.923731 0.557945 -0.809831 -0.234429 -0.183325 0.193406 0.460501 -0.348601 0.409398 -0.715752 -0.111180 -0.141611 -9.307001 0.156318 1.423183 0.559646 0.337870 -0.718469 0.273953 0.247795 0.251971 -0.105433 -0.271998 0.063234 
0.000000 -36.059463 -0.579146 -7.629697 0.482406 -1.154182 -0.255578 -1.253293 -0.814858 0.350484 -1.242318 -0.596626 -0.622868 -12.336283 0.003592 1.448750 0.295889 0.593745 -0.473257 0.318201 -0.064006 0.401561 -0.301542 -0.006406 0.114703 -1.909756 -0.536695 1.760661 0.039897 0.249879 -0.209810 -0.108029 0.424929 -0.172173 0.678302 0.174438 0.222207 
209.668732 -51.809292 -1.431963 -5.036874 0.479875 0.293907 -0.438022 -1.092799 -0.757997 0.044747 -0.637330 -0.012066 -0.242931 -9.743244 -0.515444 2.711491 -0.154636 0.316432 -0.226215 0.244442 0.501258 0.065053 0.640853 0.237696 0.302803 10.327258 -0.606057 -0.851299 -0.555159 -0.412444 0.527194 -0.129001 -0.306847 -0.544440 0.172389 -0.080636 -0.067158 
0.000000 -55.545950 -1.610034 -2.206715 0.173133 -0.521318 -0.708008 -0.764409 0.187658 0.480589 0.039388 -0.121233 -0.017262 8.318234 -1.208523 -0.253849 -0.814429 -0.231144 0.581130 0.060198 -0.677700 -0.687318 0.043237 -0.167677 -0.019614 10.122937 -0.302179 -2.290169 0.177569 -0.040109 0.246054 -0.412109 -0.486192 -0.339596 -0.480971 -0.275332 -0.231242 
0.000000 -35.172825 -3.849010 -5.544572 -1.148983 -0.168380 0.724239 -0.972403 -2.113398 -1.329890 -0.550855 -0.347421 -0.282158 10.502630 -1.119802 -1.868847 0.200502 0.236213 0.265894 -0.579776 -0.471126 -0.614140 -0.321088 -0.312967 -0.159682 -7.646901 0.787807 0.313202 1.232975 0.691964 -0.279890 -0.255738 0.724801 0.712357 0.162563 0.109194 0.074876 
0.000000 -34.540691 -3.849637 -5.944409 0.574138 -0.048892 -0.176220 -1.923961 -0.754595 -0.747691 -0.602788 -0.747167 -0.336625 -6.975567 0.367091 0.372554 1.651522 1.152785 0.021351 -0.451277 0.771902 0.737395 0.368363 0.050712 0.130138 -8.937709 1.796365 2.531181 -0.105070 -0.068561 -0.491022 0.207581 -0.032401 0.081166 -0.011030 0.105441 0.046272 
97.428322 -49.123959 -3.114829 -4.799464 2.154061 2.137190 0.766941 -1.874957 -0.569593 0.144899 0.185870 -0.245997 -0.021883 -7.372788 2.472927 3.193514 -0.009638 0.099092 -0.716150 -0.164615 -0.535928 -0.451809 -0.343149 -0.102085 -0.067137 5.432165 1.330234 1.784081 -1.136833 -1.222996 -0.717577 0.044266 -0.878779 -0.968489 -0.677890 -0.233107 -0.159820 
264.893036 -49.286267 1.096218 0.442619 0.554861 0.149291 -1.608521 -2.253190 -1.826451 -1.651308 -1.289085 -0.951338 -0.470899 3.888762 3.027559 3.940717 -0.622145 -1.293206 -1.413803 -0.362744 -0.985656 -1.199582 -0.987418 -0.415503 -0.189502 -0.924493 -2.361982 -1.268055 -0.034568 -0.125183 0.673832 0.566118 0.608155 0.641909 0.511550 0.293894 0.178914 
0.000000 -41.346435 2.940290 3.081970 0.909772 -0.449222 -2.060665 -2.600445 -2.540906 -2.254266 -1.788965 -1.077002 -0.400887 -9.221775 -2.251037 0.657405 -0.078775 -0.151275 0.631514 0.967621 0.680382 0.832010 0.679952 0.485703 0.290690 -1.041213 -3.802085 -3.377508 0.513534 0.537338 1.235116 0.648279 0.990183 1.146804 1.070585 0.316245 0.080520 
311.832947 -67.729816 -3.405856 1.757430 0.397311 -0.153260 -0.345494 -0.317948 -0.465687 0.012711 0.070819 0.020068 0.110480 1.806335 -4.576612 -2.814300 0.404924 -0.218530 1.056429 0.933814 0.994710 1.094026 1.153753 0.216987 -0.028462 15.619525 0.379130 -2.025555 0.210921 -0.056443 0.012597 -0.639898 -0.402505 -0.361533 -0.313716 -0.429273 -0.097000 
0.000000 -37.733765 -6.212934 -2.546629 1.719620 -0.886281 0.052193 -0.732818 -0.551486 -0.066214 0.518541 -0.643028 -0.457811 22.017275 -1.492776 -3.393705 0.343068 -0.264162 0.656707 -0.312175 -0.124628 0.108944 0.052521 -0.372843 0.096690 4.831892 3.997462 1.740490 -0.644209 0.301494 -0.463398 -0.629857 -0.400686 -0.482828 -0.883806 -0.062119 0.044531 
0.000000 -23.695267 -6.391409 -5.029979 1.083447 -0.681583 0.967919 -0.942299 -0.714943 0.230599 0.175861 -0.725617 0.303860 11.470118 3.418313 0.666680 -0.883495 0.384459 0.129633 -0.325901 0.193338 0.128369 -0.613860 0.092750 0.060600 -12.736537 1.945290 2.945908 -0.189412 0.727254 -0.661248 0.049099 0.198155 -0.027432 -0.154510 0.347832 -0.211658 
0.000000 -14.793529 0.623693 -1.213268 -0.047370 -0.117364 0.311459 -1.384620 -0.164810 0.190524 -0.709178 -0.457529 -0.336611 -3.455799 2.397803 2.498112 -0.035755 1.190345 -0.665789 -0.213977 0.271682 0.054080 -0.256499 0.322822 -0.326627 -9.583209 -2.382297 0.146503 0.640413 0.499788 -0.206954 -0.004134 -0.166792 -0.310516 0.428494 0.079594 0.058761 
178.444977 -30.606865 -1.595803 -0.033756 1.011936 1.699107 -0.363660 -1.370253 -0.171580 0.338758 -0.337137 -0.079974 -0.349395 -7.696300 -1.346280 0.959687 0.397331 1.384035 -0.284276 -0.334169 -0.140247 -0.492663 0.243128 0.251938 0.178121 2.949082 -0.792397 -2.132992 -0.132591 -0.731384 0.271602 -0.222349 -0.390229 -0.312466 0.086551 -0.008660 0.302448 
51.925991 -30.186130 -2.068866 0.706106 0.747292 2.650706 -0.257092 -2.052958 -0.445303 -0.794802 -0.222922 0.046348 0.019631 2.442365 0.813009 -1.767872 -0.300937 -0.272423 -0.122586 -0.658676 -0.508777 -0.570852 -0.083397 0.305502 0.278268 4.553194 1.811304 -2.088849 -0.252434 -0.743522 -0.039854 -0.006025 -0.197227 0.236443 -0.001613 0.075447 -0.033295 
101.711731 -25.722135 0.030216 -3.569499 0.410063 1.154261 -0.608831 -2.687605 -1.189133 -0.802946 -0.503930 0.531030 0.207140 1.410088 2.276328 -3.218012 -0.107537 -0.103008 -0.363984 -0.346220 -0.534702 -0.019776 0.239902 0.402832 0.111531 -2.271514 -0.453548 0.020977 1.165912 0.828627 -0.135922 0.730768 0.067179 0.355503 0.453826 0.017607 -0.148001 
205.514359 -27.365955 2.483790 -5.729917 0.532218 2.444691 -0.985060 -2.745398 -1.514706 -0.834355 0.256882 0.852013 0.242693 -2.100662 -0.094087 -1.725918 2.030887 1.384831 -0.394430 0.802861 -0.374419 0.140154 0.824256 0.340716 -0.017735 -0.974948 -4.603959 1.717729 1.228024 0.854618 0.444263 0.678613 0.802306 0.137189 -0.015752 -0.160788 0.040307 
207.994339 -29.923459 -0.157957 -7.021336 4.471836 3.923924 -1.397691 -1.081883 -1.937971 -0.522637 1.144582 1.212462 0.171671 -0.539809 -6.931590 0.217446 2.348511 1.606229 0.524542 1.011007 1.069910 0.254602 0.208399 0.081257 0.192144 0.913327 -2.394688 1.050890 -0.468439 -0.430224 0.830639 -0.219296 0.768156 0.167194 -0.678215 -0.350479 0.034787 
0.000000 -28.445573 -11.379390 -5.295025 5.229241 5.657148 0.064024 -0.723385 0.625114 -0.325151 0.673680 1.014526 0.626982 -0.274009 -4.883463 0.375861 1.094009 0.524383 1.266847 0.364270 1.161892 0.474543 -0.532175 -0.360241 0.051840 -0.470258 5.102362 -0.543765 -0.883624 -0.738319 0.050513 -0.457229 -0.579739 0.145605 -0.156908 -0.051608 -0.154958 
0.000000 -30.471476 -9.924883 -6.269614 6.659853 4.972690 1.136004 -0.353344 0.385813 0.426449 0.080232 0.491980 0.275350 -1.480325 3.273133 -0.870084 0.581264 0.129590 0.625568 0.096548 -0.089567 0.545811 -0.105418 -0.021960 -0.117771 -0.096682 3.714671 -0.379325 -0.614026 -0.026282 -0.588635 -0.226371 -0.565905 -0.152266 0.361740 0.299777 0.003102 
0.000000 -31.406222 -4.833124 -7.035193 6.391768 5.916328 1.315159 -0.530288 0.445979 0.766471 0.462844 0.970607 0.391439 -0.467373 2.545879 -0.382789 -0.134043 0.471819 0.089578 -0.088472 0.030083 0.170011 0.191306 0.239314 0.058044 0.506476 -0.363627 0.243647 -0.357653 0.171114 -0.267995 -0.092510 0.059825 -0.187900 0.148362 0.130637 0.087908 
