182.918625 -25.897576 0.214887 1.822074 0.930701 0.443550 1.975906 0.305830 1.533695 -0.645265 0.759400 0.497327 0.967381 -2.934033 1.966839 -0.815689 0.126812 0.682611 -0.715250 0.481183 0.083727 0.200697 0.151759 0.218061 0.263805 -0.645461 0.721996 -0.442691 0.095943 0.037729 0.052956 0.215864 -0.098403 -0.359783 -0.339477 -0.069839 -0.160801 
187.444550 -31.765642 4.148566 0.190695 1.184324 1.808771 0.545407 1.268196 1.701148 -0.243871 1.062918 0.933450 1.494992 -4.224956 3.410831 -1.701071 0.318697 0.758068 -0.609338 0.912912 -0.113080 -0.518868 -0.527195 0.078383 -0.057797 0.266010 -0.371102 0.171311 -0.121117 -0.615640 0.257866 0.011674 -0.065252 -0.391598 -0.511618 -0.477369 -0.494153 
185.915604 -34.347487 7.036549 -1.580067 1.568095 1.959686 0.757230 2.131653 1.307536 -1.683002 -0.294990 0.654093 0.851786 -2.402013 1.224635 -0.473067 -0.115422 -0.548670 -0.199518 0.504532 -0.046778 -0.582499 -0.871478 -0.736677 -0.724501 1.051661 -2.006470 0.848072 -0.013394 -0.960947 0.264979 -0.351476 -0.170380 0.317538 0.107864 -0.096843 -0.216704 
177.188797 -36.569668 6.597836 -0.755439 0.953480 0.711431 0.146371 2.277260 1.607592 -1.408869 -0.680038 -0.539904 0.045990 -2.121633 -0.602109 -0.004927 0.291909 -1.163826 -0.079381 0.209959 -0.453839 0.116209 -0.311467 -0.115304 -0.491206 0.597416 -1.141174 -0.093414 0.144256 0.010496 0.330587 -0.209445 -0.266058 0.427759 0.549157 0.588790 0.425442 
164.822784 -38.590753 5.832331 -1.589921 2.151914 -0.367966 0.598467 2.551572 0.399857 -1.450585 -0.917924 0.423484 -0.130626 -1.207181 -1.057712 -0.659895 0.173090 -0.527678 0.461656 0.085643 -0.578894 0.273018 0.226835 0.440902 0.126384 0.066288 0.463403 -0.103717 -0.457769 0.620706 0.112293 -0.288958 0.569722 0.046523 0.412032 0.128211 0.379936 
148.316116 -38.984029 4.482411 -2.075228 1.299660 -0.343924 1.069682 2.448546 0.449804 -0.862832 -0.226367 0.341901 0.298758 -1.989056 0.324698 -0.212361 -0.623629 0.077586 0.145204 -0.367957 0.685605 0.209254 0.512597 0.141118 0.268666 -0.498485 0.692773 0.038366 -0.270618 0.507517 -0.390235 0.047595 0.409788 -0.335867 -0.109448 -0.157547 -0.076430 
128.979355 -42.568866 6.481727 -2.014643 0.904656 -0.212793 0.888874 1.815657 1.771067 -1.032076 0.107269 0.705720 0.406706 -2.204151 0.327834 -0.583163 -0.368146 0.487357 -0.318814 0.180834 0.240683 -0.398716 0.007939 0.125808 -0.026477 0.051725 -0.622932 -0.565006 -0.042882 -0.019289 -0.145227 0.453835 -0.656257 -0.270648 -0.372457 -0.014285 -0.126373 
105.030441 -43.392331 5.138080 -3.241555 0.563368 0.630790 0.432053 2.810213 0.931170 -1.660264 -0.210489 0.593517 0.245805 -1.885606 -0.921167 -1.342374 -0.709393 0.039009 -0.145250 0.539712 -0.626909 -0.332042 -0.232318 0.112547 0.015919 -0.719091 -0.684079 -0.317356 -0.305058 -0.449444 -0.100350 -0.403476 -0.315144 0.466957 -0.095733 -0.374288 0.106486 
198.664520 -46.340078 4.639392 -4.699392 -0.514130 -0.134775 0.598374 2.895081 0.517248 -1.696160 -0.357367 0.930814 0.438545 -3.642334 -1.040324 -1.217875 -0.978262 -0.411530 -0.519514 -0.626117 -0.389605 0.535197 -0.183527 -0.622768 0.186496 -1.205522 -0.424869 0.218795 -0.200099 -0.154167 -0.137782 -0.856842 0.287996 0.499631 0.056317 -0.568232 -0.042383 
200.959839 -50.676999 3.057432 -5.677305 -1.393155 -0.192269 -0.606976 1.557979 0.151960 -0.589869 -0.577542 -0.652018 0.618796 -4.296650 -1.770905 -0.904784 -1.109591 -0.269325 -0.420815 -1.173973 -0.050917 0.667220 -0.119684 -1.023917 -0.068846 -1.596060 -0.467951 1.129984 -0.132213 -0.059246 0.537878 0.519389 0.415151 -0.183103 0.059036 0.129874 -0.291288 
65.952019 -54.933379 1.097582 -6.508960 -2.733313 -0.673424 -0.243255 0.547136 0.415414 -0.361721 -0.596736 -1.117019 0.300853 -6.834453 -1.976225 1.042094 -1.242687 -0.530022 0.556242 0.412660 0.440696 0.168991 -0.065454 -0.363019 -0.396080 4.456711 -0.065279 2.660047 1.352621 0.598720 0.443475 0.578043 0.146114 -0.175472 0.358640 0.801955 -0.004878 
0.000000 -64.345906 -0.895017 -3.593118 -3.878530 -1.252314 0.505508 2.383299 1.033353 -0.251887 -0.708451 -1.378055 -0.173363 4.616772 -1.901463 4.415311 1.595650 0.928116 0.466136 -0.017886 0.241311 0.316276 0.597595 0.579994 -0.078603 8.732742 0.477253 0.797131 1.720286 0.858564 -0.476447 -0.470689 -0.468209 0.104797 0.403424 0.423281 0.282872 
0.000000 -45.699834 -2.705344 2.321662 0.457987 1.182807 0.689016 0.511363 0.898035 0.270831 0.598455 0.042969 0.143647 10.631031 -1.021719 2.636355 2.197885 1.187105 -0.396652 -0.528717 -0.495721 0.378585 0.741394 0.483544 0.169664 -2.139140 0.537945 -2.854455 -0.966755 -0.734692 -0.734481 0.161521 -0.557356 -0.109281 -0.367891 -0.495025 0.164952 
126.568047 -43.083844 -2.938455 1.679592 0.517241 1.121895 -0.287795 1.325866 0.041911 0.505282 0.774338 -0.410967 0.165965 0.338492 -0.825572 -1.293599 -0.337861 -0.541268 -1.002827 0.305155 -0.873402 0.097714 -0.138186 -0.410056 0.251302 -6.360448 0.402661 -1.981361 -1.215797 -1.000028 -0.103142 0.064273 0.136095 -0.245296 -0.379995 -0.254694 0.067091 
0.000000 -45.022850 -4.356489 -0.265536 -0.217735 0.100270 -1.316638 1.121674 -0.848768 0.466258 0.322082 -0.777144 0.646250 -2.089865 -0.216397 -1.326368 -0.233708 -0.812952 -0.602935 -0.400170 -0.223532 -0.112007 -0.018596 -0.025844 0.303847 2.832659 0.133670 1.323992 -0.206633 0.184419 1.263034 0.043346 0.304171 -0.244263 0.013869 0.120842 -0.033176 
196.946121 -47.263574 -3.371250 -0.973143 0.049826 -0.504009 -1.493665 0.525525 -0.405152 0.281268 0.737146 -0.462654 0.773658 6.003811 -0.558232 1.354385 -0.751126 -0.172430 1.523240 0.391847 -0.265059 -0.390813 -0.110448 -0.168372 0.184949 5.378150 -0.352177 1.412484 0.209748 0.621561 0.436232 0.445817 0.284175 -0.115575 -0.079631 0.021910 -0.302004 
0.000000 -33.015229 -5.472952 2.443233 -1.719988 -0.244590 1.729842 1.905367 -1.378887 -0.315368 0.101187 -1.113889 1.016147 8.666435 -0.920751 1.498599 0.185788 0.430170 0.269529 0.491463 0.344819 -0.343157 -0.177857 0.017975 -0.300161 0.970944 0.371358 -0.818727 0.884590 0.094115 -1.403451 -0.422932 0.430740 0.119330 0.068338 0.310552 -0.295311 
115.715904 -29.930704 -5.212752 2.024055 0.421401 0.356331 -0.954608 1.508451 0.284486 -0.405045 0.381433 -0.426704 0.173335 7.945700 0.184484 -0.283069 1.018054 0.015799 -1.283663 -0.454018 0.596421 -0.152154 0.026228 0.452732 -0.405674 -1.850453 0.191928 -0.792527 -0.198589 -0.415734 -0.011713 -0.450491 -0.317030 0.287906 -0.056319 -0.002684 0.086356 
0.000000 -17.123830 -5.103984 1.877095 0.316119 -0.212992 -0.837484 0.997331 -0.186045 -0.619675 0.153643 -0.208425 0.204799 4.965529 -0.536894 -0.086454 -0.211391 -0.401298 0.246102 -0.409520 -0.289241 0.232654 -0.290495 0.012607 -0.127449 -7.671091 1.208806 0.153271 -1.134603 -0.265864 0.656056 0.291661 -0.265010 0.161404 -0.192846 -0.259542 0.258156 
0.000000 -19.999646 -6.286541 1.851148 -0.001381 -0.446265 -0.462404 0.689411 -0.293996 0.060264 -0.199557 -0.401490 -0.081563 -7.396482 2.602096 0.023472 -1.251153 -0.515929 0.028449 0.129305 0.066402 0.170654 -0.359464 -0.066352 0.110639 -8.975702 0.636884 -1.045258 -0.397384 0.020098 -0.642783 -0.010402 0.076834 -0.120497 0.335174 0.074635 0.120207 
0.000000 -31.916793 0.100208 1.924040 -2.186187 -1.244851 -0.780586 1.255940 -0.053242 -0.278366 -0.565284 -0.341130 0.426076 -12.985874 0.736873 -2.176970 -1.006158 -0.361101 -1.039464 -0.430325 -0.135572 -0.008339 0.379853 0.161876 0.112965 0.286677 -2.660343 -0.862045 0.610925 0.392207 -0.616617 -0.169617 -0.174264 0.013808 0.516826 -0.149522 -0.077853 
144.321915 -45.971393 -4.812795 -2.502792 -2.013697 -1.168468 -2.541332 -0.171239 -0.565141 0.043585 0.560149 -0.077737 0.144367 -6.823127 -2.718590 -1.700617 -0.029302 0.268486 -1.204786 -0.209928 -0.282126 0.198270 0.674188 -0.365395 -0.045067 7.944991 -1.378215 1.325605 0.763468 0.106861 0.884411 0.211998 0.094316 0.056273 -0.280218 -0.365222 0.031975 
0.000000 -45.563048 -5.336972 -1.477195 -2.244792 -0.707879 -3.190158 0.836083 -0.617493 0.118173 0.783093 -1.071920 0.335943 2.904107 -2.019556 0.474240 0.520778 -0.147379 0.729359 -0.006328 0.053059 0.104206 -0.180582 -0.568567 0.176915 8.235020 0.101864 0.689777 0.365339 -0.001846 1.279584 -0.123207 0.144436 -0.049392 -0.490675 0.100814 0.099036 
0.000000 -40.163179 -8.851908 -1.554312 -0.972141 -1.463225 -1.082615 -0.183896 -0.459022 0.251998 0.198986 -1.214871 0.498196 9.646912 -2.514862 -0.321062 0.701376 0.264794 1.354382 -0.456343 0.006747 0.099485 -0.307161 -0.163768 0.153006 2.623446 0.658317 -0.327422 -0.149930 0.443046 -0.266014 -0.003618 -0.091003 -0.083309 0.067869 0.209177 -0.130103 
0.000000 -26.269224 -10.366697 -2.119319 -0.842040 -0.178291 -0.481393 -0.076603 -0.603999 0.317143 0.168771 -1.399457 0.641955 8.150998 -0.702922 -0.180604 0.220917 0.738713 0.197330 -0.013564 -0.128946 -0.062412 -0.044843 -0.150213 -0.083292 -4.317538 1.017545 0.059710 -0.483425 -0.094815 -0.741613 0.323981 -0.044879 -0.184333 0.157384 0.113947 -0.108312 
0.000000 -23.861182 -10.257752 -1.915519 -0.530306 0.014201 -0.687955 -0.211024 -0.716915 0.127173 0.109300 -1.515297 0.331613 1.011836 -0.479773 -0.201643 -0.265474 0.075165 -0.128843 0.191619 -0.083010 -0.269181 0.007608 0.064126 -0.063617 -4.206849 0.402917 -0.313969 -0.386493 -0.312884 -0.115652 0.054447 0.079444 0.064285 0.074791 0.030292 0.107191 
0.000000 -24.245552 -11.326244 -2.522605 -1.372988 -0.027962 -0.739080 0.306635 -0.770019 -0.221219 0.183987 -1.271206 0.514720 -0.262700 0.102911 -0.808541 -0.552069 0.112946 -0.033974 0.095331 0.029942 0.066157 0.104739 -0.089630 0.131091 -0.880291 0.336332 -0.152074 -0.017831 -0.140280 -0.156928 -0.277335 0.093854 0.327714 -0.104865 -0.065513 0.124843 
0.000000 -24.386581 -10.051930 -3.532601 -1.634445 0.240092 -0.755904 -0.020363 -0.657031 0.259486 0.318778 -1.694557 0.593795 -0.748747 0.192892 -0.505792 -0.301137 -0.205395 -0.442700 -0.363050 0.104698 0.386247 -0.202122 -0.066900 0.186069 -0.779089 -0.183098 0.568249 0.147327 -0.229916 -0.062089 -0.133880 -0.177689 -0.159024 -0.289609 0.089066 -0.054314 
0.000000 -25.743046 -10.940460 -3.534189 -1.975261 -0.438753 -1.624481 -0.419465 -0.560624 0.551274 -0.220257 -1.405006 0.886857 -1.820877 -0.263284 0.327957 -0.257415 -0.346887 -0.158152 -0.172429 -0.325435 -0.251890 -0.474479 0.088503 0.022462 -1.137247 0.683885 0.381974 0.056800 0.344545 0.318350 0.321160 -0.215809 -0.121572 0.074840 -0.051334 -0.068249 
0.000000 -28.028335 -10.578499 -2.876686 -2.149275 -0.453682 -1.072208 -0.365222 -1.307902 -0.244295 -0.630181 -1.517552 0.638719 -3.023242 1.560662 0.258157 -0.187537 0.483695 0.193999 0.279270 -0.326920 0.143104 -0.052443 -0.169569 0.049570 -1.744519 1.459700 -0.273575 0.454353 0.288600 0.139645 0.154267 0.365182 0.389904 0.352700 0.037516 0.089021 
0.000000 -31.789529 -7.819135 -3.017875 -2.350336 0.528638 -1.236482 0.139075 -1.214465 0.837482 -0.325142 -1.744144 0.985998 -5.309915 2.656115 -0.219192 0.651291 0.230313 0.121137 0.136105 0.404928 0.527917 0.230920 0.163535 0.200505 -1.843552 0.412329 -0.146807 0.290318 -0.840732 -0.147517 -0.337732 0.509558 -0.305914 0.223151 0.352429 -0.191461 
0.000000 -38.648166 -5.266269 -3.315070 -0.846694 0.006945 -0.829934 -0.093011 -0.498045 0.811540 -0.168341 -1.190483 1.039728 -6.710345 2.385320 -0.035457 0.393098 -1.197768 -0.101035 -0.396195 0.692195 -0.468725 0.393858 0.535289 -0.333352 0.842981 -0.783774 0.230273 -0.406806 -0.519443 0.048037 -0.112646 -0.104092 -0.589737 0.046270 0.154697 -0.221049 
0.000000 -45.210219 -3.048494 -3.088789 -1.564140 -1.866899 -1.438551 -0.653314 0.169926 -0.099968 0.462575 -0.673565 0.319294 -3.623952 1.088568 0.241354 -0.162321 -0.808574 0.217212 -0.089186 0.196745 -0.651557 0.323461 0.472928 -0.241594 5.094088 0.619037 0.748348 -0.117092 1.076936 0.276990 -0.119036 -0.516188 0.163527 -0.287679 -0.342241 0.111794 
130.348007 -45.896071 -3.089133 -2.832362 -1.171335 -1.610202 -0.395510 -0.271384 -0.104555 -0.491575 0.478580 -0.244627 0.556540 3.477830 3.623394 1.461238 0.158914 0.956104 0.452945 -0.634268 -0.340181 -0.141671 -0.181499 -0.149192 -0.109764 7.271701 1.403487 0.234409 -0.196284 0.946292 0.157076 -0.374112 -0.002203 0.272611 -0.450072 -0.208341 0.193412 
157.228210 -38.254558 4.198294 -0.166312 -1.246313 0.045309 -0.532661 -1.921849 -0.510436 -0.383309 0.099577 -0.971949 0.099767 10.919449 3.895542 0.710172 -0.554888 1.084011 0.531365 -0.837410 0.192339 -0.106336 -0.576684 0.056246 0.145230 2.368631 -2.312711 -0.701900 -0.408967 -0.359239 0.232046 0.106895 0.609101 -0.150858 -0.056786 0.401746 0.246309 
271.395264 -24.057173 4.701951 -1.412017 -2.281111 0.557820 0.667220 -1.946203 0.280124 -0.704247 -0.674788 -0.132135 0.847000 8.215092 -1.002028 0.057439 -0.659020 0.237626 0.917038 -0.420478 0.878021 -0.443386 -0.295071 0.654300 0.382855 -5.667863 -2.259482 -0.266317 0.692602 -0.575954 0.021370 0.314554 -0.187922 -0.169581 0.299256 0.311865 -0.237592 
0.000000 -21.824375 2.194239 -0.051434 -2.564352 0.520562 1.301415 -2.762805 1.245606 -1.270082 -0.490565 0.336652 0.865477 -0.416277 -0.623421 0.177539 0.830315 -0.067897 0.574105 -0.208302 -0.183504 -0.445498 0.021828 0.679976 -0.329954 -4.992173 -0.832434 -0.216441 1.114030 -0.119596 -0.605336 0.808516 -1.009806 0.539461 0.139393 -0.263578 -0.205107 
64.775719 -24.889727 3.455108 -1.056940 -0.620480 0.422026 1.815430 -2.362807 -0.086885 -1.595243 -0.631133 1.227816 0.187093 -1.769255 -2.666895 -0.375442 1.569041 -0.001566 -0.293634 1.196554 -1.141591 0.635536 -0.016285 0.127144 -0.027359 0.572157 -2.642047 0.018218 -0.033137 0.298822 -0.499764 0.835651 -0.183053 0.806226 0.101026 -0.660758 0.224482 
64.202332 -25.362885 -3.139552 -0.802319 0.573730 0.517429 0.714147 -0.369696 -1.037577 0.000989 -0.523135 0.590940 0.810759 0.728038 -5.907515 0.213975 0.764041 0.529747 -0.425423 1.463000 -0.549610 1.166954 0.223879 -0.641541 0.119011 2.100157 1.319529 0.324419 -0.408436 0.558784 0.616447 -1.111086 0.848499 -0.058145 -0.172488 0.235224 -0.245124 
66.368141 -23.433651 -8.359922 -0.628990 0.907602 1.481521 0.964584 0.563194 -1.186105 0.738664 -0.183375 -0.055266 0.425114 2.431060 -0.027838 0.273396 0.752169 1.116001 0.939261 -1.025618 0.555407 0.519245 -0.361261 0.597593 -0.517607 -0.202498 4.161127 0.032822 -0.175041 0.109653 0.477984 -1.420103 0.672962 -0.483391 -0.542003 0.822766 -0.262296 
136.158875 -20.500765 -3.195228 -0.255528 2.078067 2.749432 2.592669 -2.420933 0.073237 1.039479 -1.245657 1.786126 -0.224454 0.323042 2.414739 0.279618 0.413959 0.749054 0.530545 -1.377206 0.796314 0.200171 -0.860128 1.003992 -0.405582 -2.702919 -0.309377 0.369502 -0.574398 -1.117861 -0.667847 0.929623 -0.116387 -0.459713 -0.088562 -0.275180 0.294666 
138.832489 -22.787568 -3.530443 -0.069755 1.735521 2.979629 2.025675 -2.191218 0.406523 1.139006 -1.903632 1.952717 -0.386049 -2.974779 -0.646591 1.012400 -0.396626 -1.119720 -0.396434 0.833627 0.322633 -0.400180 -0.538385 0.047232 0.071724 0.972301 -1.054698 0.451309 -0.669528 -1.151442 -0.255159 1.192471 -0.463431 -0.629937 0.459549 -0.453450 0.378576 
137.643860 -26.450323 -4.488410 1.769271 1.284814 0.509991 1.799802 -0.753678 0.718504 0.239118 -2.322427 1.880591 -0.081006 2.267643 0.305343 1.182235 -0.925096 -1.553830 0.020227 1.007735 -0.130548 -1.059703 0.058971 0.097091 0.351570 3.796010 1.127543 -0.618312 -0.255432 0.498347 0.245531 -0.343818 -0.248940 -0.328262 0.654607 -0.092641 0.030713 
147.980011 -18.252282 -2.919758 2.294716 -0.114671 -0.128031 2.066128 -0.175747 0.145428 -0.980401 -1.785690 2.146899 0.317091 4.617241 1.608494 -0.224225 -0.907490 -0.123027 0.094629 0.145991 -0.175247 -1.056705 0.770829 -0.138049 0.133150 -2.084814 0.486251 -1.253324 0.621934 0.949443 -0.143001 -0.171115 0.274160 0.152900 0.447360 -0.527762 0.001827 
149.682999 -17.215841 -1.271422 1.320822 -0.530165 0.263938 1.989060 -0.461696 0.368010 -1.874293 -0.780768 1.604492 0.185294 -1.901985 1.277845 -1.324412 0.318772 0.345057 -0.265776 0.665505 0.417773 -0.753903 0.953691 -0.958433 0.355224 -4.090394 0.001759 -0.160204 0.382952 0.055010 0.010554 0.012934 0.261641 0.510694 -0.160810 -0.400312 0.159692 
142.847015 -22.056252 -0.364067 -0.354109 0.522872 0.562083 1.534577 1.155263 0.980973 -2.488208 0.121692 0.230033 1.027538 -3.563546 1.612012 -0.544632 -0.141587 -0.013006 0.115737 0.171858 0.348035 -0.035317 0.449210 -0.938674 0.452533 2.284926 -0.163883 1.046260 -0.611888 -0.348140 -0.001509 -1.234867 -0.418232 0.737422 -0.698707 0.798961 -0.392963 
139.078583 -24.342933 1.952603 0.231558 -0.813339 0.237926 2.220533 -0.117979 1.064080 -1.944928 0.117652 -0.272855 1.090360 2.667866 0.950079 0.768108 -0.905004 -0.351223 -0.268794 -1.804229 -0.418692 0.720940 -0.443722 0.639490 -0.430702 4.214524 -1.024169 0.441591 -0.366289 -0.091716 -0.295220 -0.634678 -0.207557 0.199078 -0.499404 0.851560 -0.346077 
137.509720 -16.720520 1.536090 1.182107 -1.287137 -0.140362 0.996989 -2.453194 0.143590 -1.046327 -0.765753 1.509014 0.166134 4.865503 -0.436325 0.338551 -0.874165 -0.196438 -0.474703 -1.097499 -0.067080 0.362839 -0.549598 0.764447 -0.239620 -0.744925 -0.829326 -0.448990 0.025441 0.092790 0.425491 0.805953 0.602167 -0.630294 0.251265 -0.396235 0.332371 
133.154938 -14.611928 1.079953 0.908659 -2.561669 -0.154950 1.271127 -2.312977 0.929920 -1.219249 -0.981544 1.256039 0.611121 1.178017 -0.708573 -0.129873 -0.854122 -0.165643 0.582189 -0.192323 0.785643 -0.539647 0.058808 -0.152980 0.234039 -3.279118 -0.153195 0.179809 0.201017 0.146158 0.531344 0.520733 0.139762 -0.252582 0.192548 -0.268166 0.113978 
132.486313 -14.364486 0.118944 0.922362 -2.995381 -0.471648 2.161368 -2.837840 1.714876 -2.125620 -0.648137 1.203053 0.634213 -1.692734 -0.742715 0.698169 -0.472131 0.095877 0.587985 -0.056033 0.212445 -0.142325 -0.164503 0.228116 -0.011665 -3.998937 -0.864626 1.142270 0.371482 0.115608 -0.240290 0.796756 -0.954451 0.714945 0.033140 -0.046993 -0.115707 
136.985855 -17.997397 -0.405476 2.304998 -3.505931 0.036804 2.447097 -2.425042 1.354810 -1.503899 -1.310549 1.712270 0.587791 -6.819858 -2.437824 2.154668 -0.111158 0.065574 0.101610 1.401189 -1.123259 0.890244 0.125087 -0.246966 0.002625 -2.811841 -2.789486 0.930380 -0.007648 0.674496 -1.138470 1.060574 -0.776835 0.484589 0.370073 -0.645942 -0.055647 
142.035156 -28.004201 -4.756705 5.231697 -3.217697 -0.340501 2.364589 -0.035461 -0.531641 -0.345132 -0.397963 0.709121 0.639463 -7.316417 -6.321687 2.558930 -0.487427 1.444869 -1.688955 2.065115 -1.341225 0.826854 0.575643 -1.063767 -0.122958 1.845438 -2.051535 -0.811921 0.062740 0.547611 -0.739146 -0.592938 0.482310 -0.062832 -0.027891 -0.351617 -0.388662 
0.000000 -32.630230 -13.048849 7.422858 -4.480784 2.926542 -0.930814 1.705189 -1.327640 0.149808 -0.159263 -0.415264 0.341874 -3.128981 -6.540894 0.530826 0.014322 1.160795 -1.376681 0.215314 -0.158640 0.764581 0.069305 -0.950200 -0.774699 4.825399 2.538486 -1.793084 1.267664 -0.594905 0.986466 -1.301298 1.076004 -0.114497 -0.286665 0.493085 -0.179401 
0.000000 -34.262163 -17.838492 6.293350 -3.189052 1.981090 -0.388773 0.395166 -0.848921 1.184030 -0.259354 -1.191279 -0.909935 2.334381 -1.244715 -1.027238 2.047901 0.255059 0.283976 -0.537481 0.810784 0.597859 0.002313 -0.077596 -0.481759 4.617763 5.801637 -0.817969 0.665777 -0.475140 1.060764 0.133719 0.148529 -0.680544 -0.225339 0.791984 0.751478 
0.000000 -27.961469 -15.538278 5.368383 -0.384982 3.436661 -0.362862 0.630227 0.293927 1.345526 -0.154637 -0.570457 -0.621644 6.106545 5.062380 -1.105112 1.345876 0.210514 0.744847 0.482752 0.138418 -0.596506 -0.381373 0.633768 0.728258 0.936374 4.665511 -0.070867 -0.989624 -1.226652 0.737944 0.148407 -0.407686 -0.809338 -0.398316 0.304748 0.815669 
0.000000 -22.049073 -7.713732 4.083125 -0.497300 2.402118 1.100922 1.360670 -0.572084 -0.008983 -1.022100 0.076257 0.546580 4.207128 8.086307 -1.168972 0.068652 -2.198245 1.759863 -0.240667 -0.004587 -1.020817 -0.794319 0.531899 1.149579 -2.290386 -0.932370 0.472134 -0.547314 -1.125798 0.282406 -0.589342 0.367377 -0.169869 0.225733 -0.256685 -0.069549 
166.978836 -19.547212 0.634335 3.030439 -0.247678 -0.959830 3.156865 0.148893 0.284753 -0.696107 -1.743275 0.493341 1.677513 1.525773 3.197640 -0.160845 0.251249 -2.041081 1.309659 -0.695933 0.873173 -0.936244 0.070094 0.120398 0.589160 -4.047196 -5.258981 0.965485 0.133443 0.949410 -0.806258 0.412172 0.074642 0.476804 0.640934 -0.391697 -0.848621 
160.423294 -18.997526 -1.318453 3.761435 0.005197 -1.680045 3.720239 -0.031196 1.174262 -1.881472 -0.881912 0.317053 1.724900 -3.887265 -2.431655 0.761997 0.335539 -0.299424 0.147347 0.583677 0.144696 -0.067209 0.487549 -0.251495 -0.547663 -6.139091 -3.192069 -0.346184 -0.012364 1.492238 -0.941560 0.579054 -0.540851 1.175912 0.043289 -0.545426 -0.679613 
155.245590 -27.321741 -4.228975 4.554433 0.423400 -1.558678 3.451559 1.316247 0.574145 -0.830526 -0.768177 -0.009648 0.582186 -10.752408 -3.186499 -0.853214 0.226522 0.943394 -0.573461 0.462175 -0.208530 1.415579 0.156673 -0.970454 -0.770067 1.803771 2.821470 -1.400837 0.237119 0.370137 -0.120567 -0.760284 -0.137856 0.164496 -0.314652 -0.036179 0.168625 
168.093658 -40.502343 -7.691450 2.055008 0.458240 0.206743 2.573318 0.893154 0.757203 0.949687 -0.568567 -1.623856 0.184766 -0.279723 3.211286 -2.039678 0.809778 0.440849 -0.093788 -0.936891 -0.131017 0.261783 -0.141756 -0.323852 -0.210414 8.531493 4.064511 0.031624 0.282918 -0.692628 0.459397 -0.593760 -0.007008 -1.021951 -0.199116 0.726853 0.379181 
0.000000 -27.881187 2.193597 0.475078 2.042956 -0.676980 3.263982 -0.557534 0.312112 -0.306960 -1.051688 -0.657352 0.161358 6.310578 4.942523 -0.789965 0.792358 -0.441862 0.345332 -0.725344 -0.222545 -0.628323 -0.241560 0.483252 -0.011704 3.295150 0.865619 0.624856 -0.008710 -0.441355 0.219560 0.105773 -0.045764 -0.445053 -0.049902 0.403552 0.099355 
