85.640175 -28.241002 11.980451 -4.144961 0.707446 -1.543423 -1.681792 0.089981 -1.399799 -1.194927 -0.791497 -1.887527 0.376329 0.865633 -0.327554 -0.581562 -0.365442 -0.191257 0.580204 -0.057772 -0.163485 0.344952 -0.498672 0.240445 -0.046747 -1.707471 -1.539030 1.003790 0.262649 -0.467585 0.458985 -0.148370 0.093022 -0.149514 0.137819 -0.049757 -0.087237 
0.000000 -26.509736 11.325342 -5.308084 -0.023438 -1.925937 -0.521385 -0.025562 -1.726769 -0.505023 -1.788842 -1.406637 0.282835 -2.549310 -3.405615 1.426019 0.159856 -1.126426 1.498173 -0.354511 0.022559 0.045924 -0.223035 0.140931 -0.221221 -2.851052 -2.198544 0.740748 0.048265 -0.321551 0.249091 -0.031892 0.250943 -0.141512 0.449335 -0.104996 -0.107019 
0.000000 -33.339622 5.169222 -1.292923 1.027158 -3.796276 1.314554 -0.619041 -1.354681 -1.103078 -1.237566 -1.605665 -0.066114 -4.836471 -4.724643 0.899935 -0.268911 -0.834360 1.078387 -0.121555 0.338400 0.061927 0.399997 0.030454 -0.260785 -0.327496 0.673468 -1.210901 -1.124481 0.721477 -0.673860 -0.096347 -0.082720 0.153209 0.346448 0.172935 0.153788 
89.188354 -36.182678 1.876057 -3.508214 -0.561261 -3.594656 1.635389 -0.268672 -1.049968 -0.381169 -0.988847 -1.345729 -0.238734 -3.204302 -2.058679 -0.995784 -2.089105 0.316528 0.150454 -0.547206 -0.142881 0.352341 0.469861 0.486801 0.086354 -0.465883 1.280168 -0.885737 -0.804112 0.917832 -0.578421 -0.100235 -0.236403 -0.093471 -0.151871 0.173369 0.088280 
0.000000 -39.748226 1.051863 -3.284491 -3.151052 -3.163220 1.615463 -1.713454 -1.640443 -0.398395 -0.297845 -0.632063 0.106594 -5.768237 -2.164307 -0.871538 -1.877136 1.001304 -0.078455 -0.322025 -0.134406 -0.125014 0.096255 0.377192 -0.084224 -2.479139 -0.440079 -0.686599 0.974240 0.492750 -0.071356 0.786960 0.056789 -0.200455 -0.176154 -0.197748 -0.050267 
0.000000 -47.719153 -2.452557 -5.251290 -4.315533 -1.592048 1.478478 -0.912722 -1.318779 -0.631197 -0.796337 -0.591345 -0.407182 -8.162581 -2.938837 -2.368982 -0.140625 1.302028 0.007741 1.026714 -0.029304 -0.048568 0.117553 0.091305 -0.014180 6.160762 2.965291 2.331777 2.456800 -0.133094 -0.839624 0.067157 0.205890 0.094280 0.117028 0.014248 0.205177 
0.000000 -56.073387 -4.825810 -8.022454 -3.432302 -0.559164 1.630945 0.339974 -1.699052 -0.495531 -0.062738 -0.449452 0.078234 6.553287 3.766276 3.792015 3.036464 0.735116 -1.757704 -0.187710 0.277375 0.063547 0.330312 0.405688 0.326131 10.434274 5.679368 3.059989 1.604961 -0.266536 -1.294896 -0.848981 0.189873 0.024770 0.145861 0.053801 -0.038511 
0.000000 -34.612579 5.079994 2.332741 1.757396 -0.121817 -2.036929 -1.288143 -0.764030 -0.504103 -0.135713 0.220030 0.245080 12.705968 8.419899 3.750996 3.069298 0.768956 -2.582051 -0.671248 0.350441 0.000973 0.409274 0.198907 -0.091202 -2.455143 -0.060324 -2.468582 -1.675057 0.240296 0.727984 -0.085077 -0.220924 0.192470 0.152867 -0.332299 -0.245577 
120.702866 -30.661452 12.013988 -0.520461 2.706294 0.978748 -3.533156 -1.002523 -0.998169 -0.493585 0.755810 -0.051637 -0.104169 1.643001 3.645628 -1.145149 -0.313650 1.215707 -0.301736 -0.357865 -0.164473 0.448486 0.636045 -0.258910 -0.165023 -8.559207 -4.512853 -1.923909 -1.966987 0.165963 1.780928 -0.273494 -0.232564 0.421828 -0.133755 -0.150700 0.141090 
122.128029 -31.326576 12.371250 0.042442 1.130096 2.309597 -2.640402 -2.003874 -1.092976 0.392869 1.136378 -0.297789 -0.084967 -4.412447 -0.605808 -0.096822 -0.864676 1.100883 0.979805 -1.218236 -0.114687 0.844628 0.141764 -0.102492 0.190978 -3.469631 -2.946896 0.720858 -0.325087 -0.724203 0.502627 0.452106 0.239727 0.061852 -0.757863 -0.043098 -0.116712 
120.213051 -39.486346 10.802371 -0.714106 0.976942 3.180515 -1.573546 -3.438994 -1.227544 1.195672 1.039339 -0.256622 0.277787 -5.296260 -2.248165 0.296566 -0.963823 -0.232700 0.703518 0.546346 0.314981 0.572190 -0.879680 -0.345107 -0.398448 4.699767 -0.065509 0.166563 -0.063241 -0.894348 -0.103460 1.631646 0.252660 -0.543775 -0.590326 -0.090712 -0.492216 
118.295258 -41.919096 7.874921 0.635575 -0.797550 1.844197 -1.233366 -0.911181 -0.463013 1.537249 -0.622982 -0.988003 -0.881864 4.987087 -0.736826 0.236304 -0.991157 -0.687812 0.772885 2.045056 0.390633 -0.242922 -1.038888 -0.283916 -0.793453 6.638282 1.822344 -0.624719 0.836816 -0.470729 0.069229 -0.112988 -0.037858 -0.821820 0.273782 0.291342 0.172651 
125.415039 -29.512171 9.328720 -0.241497 -1.005372 1.804890 -0.027777 0.651118 -0.446279 0.709828 -1.038436 -0.824453 -1.309119 7.980303 1.396522 -0.952872 0.709810 -1.174157 0.841976 0.320370 0.239265 -1.071451 -0.332116 0.237577 -0.053146 -2.038211 0.495631 -0.569963 1.288722 -0.517922 -0.321664 -1.223456 -0.046749 0.116834 0.175076 0.462213 0.686160 
128.423935 -25.958489 10.667966 -1.270169 0.622070 -0.504116 0.450585 -0.270442 0.015517 -0.605652 -1.287214 -0.512850 -0.988155 0.910665 0.254435 -0.903622 1.586287 -1.723656 0.129556 -0.401856 0.297135 -0.009253 -0.688736 0.640510 0.578866 -5.475845 -1.833860 -0.285145 0.189351 0.391765 -0.545114 -0.035256 0.030574 1.007664 0.238464 0.272618 0.342187 
126.970940 -27.690841 9.837590 -2.048741 2.167201 -1.642423 0.231335 -0.152595 0.147991 0.691322 -2.415909 0.456568 -0.151387 -2.971386 -2.271198 -1.523163 1.088512 -0.390626 -0.248252 0.249857 0.300414 0.943878 0.144811 0.782813 0.631229 -1.929396 -1.601071 0.753248 -0.781620 0.932665 0.066778 0.271589 -0.079628 -0.193027 0.775918 -0.444474 -0.056227 
124.958725 -31.901261 6.125570 -4.316494 2.799094 -1.285369 -0.045918 0.229273 0.616344 1.282104 -0.997592 1.052775 0.274302 -2.948127 -2.947707 0.602873 0.023047 0.141674 0.263113 0.141322 0.137880 -0.395307 0.863100 -0.248438 0.466411 2.772012 1.351557 1.610271 -0.889472 0.078773 0.322079 0.146718 -0.641978 -1.050833 -0.175169 -0.627958 -0.167803 
124.299126 -33.587095 3.942177 -0.842994 2.213295 -1.359075 0.757560 0.130048 0.423750 -0.099292 -0.689708 -0.040309 0.781436 2.572639 0.431916 1.697379 -0.690431 -0.233081 0.395906 0.543292 -0.983543 -1.157789 -0.205527 -0.473103 0.295622 4.375135 2.301952 -0.673620 -0.120468 -0.056449 0.100532 0.074403 -0.523147 0.052491 -0.622790 0.175434 -0.240842 
125.397316 -26.755983 6.989401 -0.921736 1.418231 -1.751531 0.745894 1.315858 -1.350741 -1.033474 -1.408646 0.106569 0.865546 5.802142 1.656197 -0.744368 -0.217890 0.028776 0.464177 0.290127 -0.908415 -0.290326 -0.382479 0.102429 -0.015273 -0.504854 -0.720868 -0.585202 0.195068 0.539374 -0.081136 -0.458848 0.721952 0.675165 0.214881 0.114990 -0.270683 
124.592590 -21.982810 7.254571 -2.331729 1.777515 -1.301523 1.685914 0.710302 -1.393079 -0.679944 -1.454667 0.164550 0.750889 1.562931 -1.009821 0.526975 -0.300296 0.845667 0.233634 -0.374403 0.460360 0.192542 0.224236 -0.243124 -0.245745 -6.969426 -1.666257 1.444340 0.051743 0.547545 -0.590906 -0.203425 0.633583 0.100949 0.297219 -0.149939 -0.244300 
122.124886 -23.630120 4.969760 0.132215 0.817640 -0.060197 1.213162 0.567052 -0.430021 -0.648391 -0.960175 -0.379679 0.374056 -8.136709 -1.676317 2.144312 -0.114404 1.123866 -0.717634 -0.116722 0.358752 -0.088428 0.211958 -0.197448 -0.503873 -2.877973 -2.032998 0.406925 0.567299 -0.473714 -0.653457 0.325771 -0.351987 -0.451473 0.012142 0.093814 -0.138725 
120.219528 -38.256227 3.901937 1.956894 1.548707 0.946210 0.250646 0.476857 -0.675576 -0.856800 -1.030750 -0.230347 -0.256858 -4.193015 -5.075817 1.340826 0.834302 -0.101761 -1.073281 0.277140 -0.243614 -0.710405 0.248519 -0.055497 -0.523194 6.395051 0.973703 -0.745093 0.143105 -0.715362 -0.052862 -0.068579 -0.132981 0.324080 0.329767 0.162740 0.240451 
123.276878 -32.016151 -5.181875 2.813868 2.486244 -0.263720 -0.933399 1.121332 -0.917249 -2.069201 -0.463137 -0.490673 -0.672332 4.653393 0.271089 0.654125 0.171806 -0.306857 -0.823357 -0.253880 0.092789 0.559731 0.871493 0.128031 -0.022972 2.437039 6.547346 -1.818904 -0.141944 0.541324 0.065826 -0.233058 0.180123 0.797356 0.146308 0.030685 0.506411 
128.229462 -28.949441 4.444114 3.265144 1.892319 0.332497 -1.396068 -0.030903 -0.489997 0.262662 0.712235 0.025714 -0.302801 0.681062 8.018874 -2.296982 0.550415 0.980886 -0.941628 -0.188976 0.116633 0.884308 0.541135 0.005874 0.489628 -2.650799 1.557376 -1.717568 0.383902 0.276942 -0.056239 0.143782 -0.009324 -0.340293 -0.320905 -0.151314 0.267109 
129.323257 -30.654026 10.855873 -1.780097 3.587073 1.698053 -2.816655 0.743381 -0.683983 -0.300585 0.619134 -0.478925 0.306925 -0.648205 3.385841 -2.781011 0.939610 0.247027 -0.935835 0.033683 0.074142 -0.120855 0.229683 -0.174597 0.511247 -1.805982 -4.319813 1.249849 -0.373015 -0.645799 0.532632 -0.244115 -0.003155 -0.155580 -0.156547 0.074150 -0.250342 
131.640625 -30.245851 11.215797 -2.296878 3.771539 0.826550 -3.267738 0.036463 -0.341713 0.020953 1.171602 -0.323480 0.719693 -2.930902 -0.620752 0.202716 -0.195616 -0.310713 0.123635 -0.677205 0.110322 0.573148 0.228041 0.154174 -0.011055 -7.961361 -4.873643 1.950545 -1.569348 -0.289447 1.070495 -0.193872 0.034704 0.242536 -0.307049 0.247502 -0.339045 
132.521240 -36.515829 9.614369 -1.374666 3.195841 1.076628 -2.569385 -0.611029 -0.463340 0.845712 1.075215 -0.170578 0.284815 -16.570927 -6.361445 1.120080 -2.199086 -0.331868 1.205155 -0.354060 0.143551 0.364218 -0.384415 0.320408 -0.166843 2.645537 -0.209654 0.316115 -0.560322 0.066774 0.336764 1.191202 0.032868 -0.460800 -0.673069 -0.326080 -0.133140 
76.952705 -63.387705 -1.507092 -0.056718 -0.626633 0.162814 -0.857428 -0.671658 -0.054612 0.749389 0.402772 0.317336 0.386007 2.360172 -1.040061 0.834945 -1.316261 -0.177164 0.797163 1.705199 0.176057 -0.348452 -1.118098 -0.497987 -0.277336 17.510524 5.778931 -0.786209 1.369886 0.159545 -0.402736 1.010015 -0.142379 -0.045335 -0.241661 -0.521419 -0.232025 
0.000000 -31.795485 7.534248 0.295224 0.563319 0.722299 -0.975059 2.799370 -0.111226 0.148807 -1.160981 -1.166552 -0.269857 18.450121 5.196417 -0.452339 0.540685 -0.012779 0.399683 1.665970 -0.141207 0.273548 -0.867737 -0.722429 -0.630892 -1.825570 1.086081 -0.712484 0.306781 0.298678 -0.535755 -1.228259 -0.204515 0.711471 0.607947 0.597165 -0.178047 
113.216423 -26.487463 8.885741 -0.961395 0.454737 0.137256 -0.058062 2.660281 -0.337025 1.296485 -1.332703 -1.127522 -0.875777 -1.290967 1.132101 -0.590023 -0.702699 0.420192 -0.274348 -0.751318 -0.232974 1.074489 0.097795 0.696343 -0.633430 -12.120243 -2.251536 0.472580 -0.353089 0.651068 -0.495413 -1.943980 -0.133400 0.374530 0.637083 0.840856 0.459211 
107.049034 -34.377418 9.798449 -0.884823 -0.842080 1.562683 -1.523754 1.296734 -0.577174 2.297786 -0.965391 0.226135 -1.536717 -5.790366 0.693344 0.492822 -0.165492 1.289357 -0.591143 -2.221991 -0.408007 1.022608 0.406429 0.959283 0.287530 0.382507 -0.487554 0.437272 1.348476 -0.243658 -0.028717 -0.178086 -0.155846 -0.714745 -0.087815 -0.080310 0.583997 
105.893547 -38.068194 10.272430 0.024249 0.123753 2.715969 -1.240347 -1.783700 -1.153039 3.341701 -0.519845 0.791044 -0.300717 -0.525952 0.156993 0.284521 1.994253 -0.067123 -0.331782 -1.107490 -0.544666 -0.355002 -0.077835 0.535724 0.534563 3.504010 -0.018390 -0.557144 0.967561 -0.758274 0.089692 1.454620 0.400606 -1.386132 -0.065553 -0.646744 -0.232241 
110.144096 -35.429322 10.112435 -0.315780 3.146426 1.428436 -2.187318 -0.918246 -1.666506 1.587783 -1.121061 1.297582 -0.467592 1.217654 0.656564 -0.621466 1.769631 -0.227191 -0.411759 0.687250 0.393205 -1.749657 0.275322 -0.334204 -0.176952 0.487795 0.415565 -0.463200 -0.992603 0.310937 0.164395 0.621316 0.628959 -0.430628 0.294346 -0.652275 -0.202103 
109.268448 -35.632886 11.585557 -1.218682 3.663014 2.261587 -2.063865 -0.409201 -0.366629 -0.157613 0.030799 0.122637 -0.654622 0.449638 0.988123 -0.641879 0.009046 0.554750 -0.002992 0.135142 0.713251 -1.216258 0.510857 -0.768826 0.130358 -1.736179 -0.558370 0.307369 -1.047828 0.027369 0.084103 -0.296589 -0.409288 0.782598 -0.112623 0.029543 0.276374 
104.082642 -34.530047 12.088681 -1.599537 3.164519 2.537936 -2.193301 -0.647962 -0.240003 -0.844733 -0.099347 -0.240070 -0.206877 -2.254704 -0.460176 -0.006728 -0.326026 -0.172453 -0.243553 0.094072 -0.425370 -0.184460 0.050077 -0.275119 0.375796 -9.091024 -5.166138 0.706813 -0.953006 -1.037543 0.457381 0.127501 -0.332550 0.823193 -0.221808 0.448222 -0.016526 
98.791977 -40.142293 10.665204 -1.232139 3.010961 1.916681 -2.550971 -0.221056 -1.217369 -0.526533 0.130952 -0.427601 0.096970 -17.732411 -9.344152 0.771748 -1.896965 -1.520336 0.911771 0.390143 0.048151 0.430129 0.067242 0.127618 0.097306 -6.366684 -4.259232 0.184972 -0.860903 -0.487333 0.758285 -0.062959 0.401847 0.252044 -0.055180 0.230194 -0.188607 
56.979309 -69.994869 -6.599623 -0.056042 -0.629411 -0.502736 -0.369760 0.132325 -0.143700 0.015525 0.035137 0.015166 -0.012265 -14.988072 -8.978641 0.363216 -2.047832 -1.147119 1.273017 -0.031845 0.378324 0.319628 -0.060283 0.185269 -0.001417 14.542500 6.300487 -0.660434 1.528306 0.816874 -0.616113 -0.090176 -0.144933 -0.465982 -0.089090 -0.225395 -0.182137 
0.000000 -70.118437 -7.292077 -0.505707 -1.084702 -0.377557 -0.004938 -0.284747 -0.460721 0.112723 0.010386 -0.057064 0.094135 11.352590 3.256821 -0.549121 1.159647 0.113412 -0.320455 0.209792 -0.241716 -0.501834 -0.110938 -0.323173 -0.266967 16.619763 6.708642 -0.651226 1.736881 0.392950 -0.835236 0.192740 -0.455307 -0.164174 -0.147400 -0.416041 -0.108865 
0.000000 -47.289690 -0.085982 -1.154283 1.689883 -0.275911 -1.010669 0.551909 -0.627132 -0.988143 -0.186739 -0.631179 -0.546199 18.251453 4.438643 -0.939237 1.425930 -0.361220 -0.397455 0.353634 -0.532291 -0.008721 -0.355084 -0.646813 -0.219147 -1.288999 -0.624899 0.211015 -0.578179 -0.300681 0.227238 -0.501190 -0.101219 0.445136 -0.078312 0.107410 0.235206 
97.884048 -33.615530 1.585210 -2.384181 1.767158 -1.099997 -0.799849 0.422522 -1.525302 0.095281 -0.699782 -1.350690 -0.344159 8.774591 2.007023 -0.127090 0.003289 -0.487951 0.134022 -0.792588 -0.444154 0.388438 -0.267561 -0.108353 0.203444 -7.813615 -1.481147 0.664350 -0.475935 -0.084662 0.119716 -0.540261 0.234903 0.052033 0.117953 0.356046 0.259831 
102.861794 -29.740508 3.928064 -1.408463 1.696461 -1.251813 -0.742626 -1.033266 -1.515441 -0.211267 -0.721862 -0.847885 -0.139312 2.624224 1.476350 0.389462 0.474060 -0.530545 -0.158024 -0.726888 -0.062484 0.095344 -0.119178 0.065280 0.300515 -2.941477 -1.070839 0.128272 0.052955 -0.051631 -0.152688 0.512951 0.107922 0.086079 0.315481 -0.080474 -0.149728 
102.108391 -28.367081 4.537909 -1.605256 2.715278 -2.161086 -1.115897 -1.031254 -1.650271 0.285970 -0.938137 -1.220130 0.256872 2.891636 -0.134655 0.129454 0.109199 -0.591213 -0.171355 0.233315 -0.228310 0.560596 0.363401 -0.269302 -0.096012 -1.296853 -0.513916 0.165185 -0.525387 0.056077 0.089565 0.737402 0.043904 0.047444 0.084891 0.009640 -0.318216 
101.880371 -23.957236 3.658755 -1.149556 1.914859 -2.434238 -1.085336 -0.566636 -1.972061 0.909926 0.004941 -1.386488 -0.331337 0.030518 0.448518 0.719832 -0.576714 -0.418391 0.021106 0.747916 0.025325 0.190233 0.050604 0.084560 -0.335917 -2.653665 0.793373 0.127242 -0.121441 0.041667 0.082484 0.282167 0.210015 -0.287127 -0.476954 0.168295 0.085846 
102.332138 -28.306046 5.434944 -0.165591 1.561849 -2.997868 -1.073685 0.464578 -1.599622 0.666436 -0.836928 -1.051010 -0.414961 -2.415694 1.452091 0.383937 -0.133683 -0.507878 -0.006388 0.797650 0.191719 -0.013657 -0.590507 0.067288 0.075679 -0.432068 0.810894 -0.976620 0.477890 0.125367 0.008845 -0.366510 0.220250 -0.033172 -0.303690 0.048197 0.153569 
102.250038 -28.788624 6.562938 -0.381681 1.647494 -3.449994 -1.098112 1.028664 -1.588622 0.882612 -1.176072 -1.251912 -0.179978 -0.833618 2.070305 -1.233408 0.379066 -0.167657 0.038796 0.014896 0.465825 0.123890 -0.556775 0.180954 -0.028778 0.949749 0.102636 -0.843790 0.393853 0.220362 0.055163 -0.394820 0.011562 -0.038874 0.213289 -0.101272 0.001567 
101.075020 -29.973281 9.575553 -2.632407 2.319981 -3.333183 -0.996093 0.494370 -0.667972 0.914216 -1.950479 -0.689101 -0.472517 -0.516196 1.657363 -1.303643 0.654023 -0.067153 0.103939 0.008009 0.214844 -0.091404 -0.163928 -0.135255 0.078813 0.066345 -0.491567 0.666526 -0.498332 0.282017 0.028199 0.116365 -0.294970 -0.133150 0.382344 -0.265889 0.185513 
101.099060 -29.821015 9.877665 -2.988968 2.955540 -3.584301 -0.890234 1.044682 -1.158933 0.699804 -1.503928 -1.522422 -0.022353 -0.700927 1.087171 0.099644 -0.617599 0.396377 0.095195 0.247626 -0.124115 -0.142411 0.207912 -0.350823 0.342248 0.150315 -0.379678 0.610906 -0.671678 0.267324 -0.051195 0.069637 0.019423 -0.052712 0.225384 0.029031 0.043317 
100.985092 -31.375135 11.749896 -2.433118 1.084783 -2.540430 -0.805703 0.989622 -0.916202 0.629393 -1.534655 -1.390748 0.211980 -0.215565 0.898006 -0.081832 -0.689332 0.467495 0.001548 0.147283 0.253691 -0.196828 0.286840 -0.077193 0.165447 0.960701 -0.845887 -0.234722 0.678199 -0.433129 -0.060120 0.074880 -0.076247 0.168253 0.072706 0.029859 -0.111660 
100.341896 -30.252146 11.673678 -3.152632 1.576875 -2.649312 -0.887138 1.339249 -0.651552 0.306147 -0.930249 -1.676809 0.308542 1.220475 -0.604603 -0.369799 0.738800 -0.469881 -0.025045 0.397386 -0.276609 0.194095 0.353324 -0.291105 0.118929 0.688063 -1.196091 0.474095 0.384893 -0.365914 0.153129 -0.029937 -0.206661 0.277676 -0.073125 0.044844 -0.160618 
100.558861 -28.934185 10.540690 -3.172716 2.562383 -3.480192 -0.855794 1.784394 -1.469421 1.017583 -0.828007 -1.972958 0.449838 1.160561 -1.494175 0.866358 0.080453 -0.264333 0.307806 0.087410 -0.159631 0.358524 0.140589 0.012494 -0.155790 0.083909 -0.979223 1.331270 -1.215234 0.764422 0.170761 -0.448379 0.568729 -0.293832 -0.029417 0.209419 -0.122777 
100.033836 -27.931024 8.685328 -1.419915 1.737782 -3.177977 -0.271527 1.514068 -0.970813 1.023195 -0.649070 -1.651821 -0.003037 1.388294 -2.563049 2.292741 -1.691668 1.058963 0.316478 -0.499372 0.860848 -0.393569 0.294490 0.127734 -0.126624 1.549575 -1.911995 0.592369 -0.505210 0.717941 -0.123734 -0.393642 0.545715 -0.484012 -0.074727 0.243942 -0.030241 
100.086548 -26.157597 5.414592 1.412767 -0.820953 -1.362267 -0.222838 0.785651 0.252276 0.230446 -0.239026 -1.717491 0.196589 4.259711 -5.318165 2.051096 -0.929966 1.171549 0.060339 -0.699874 0.931800 -0.609500 -0.008864 0.500378 -0.216272 1.717977 -1.576563 -0.845099 1.516971 -0.142135 -0.152154 -0.123921 -0.547738 0.020061 -0.213350 0.286745 -0.014141 
100.516525 -19.411603 -1.951001 2.682277 -0.122150 -0.834879 -0.150850 0.114320 0.892788 -0.195804 -0.666799 -0.651065 -0.435581 4.824247 -5.716175 0.602544 1.342273 0.774693 0.012171 -0.747214 -0.234628 -0.353447 -0.132210 0.701224 -0.154906 -5.394448 2.721414 -1.235222 0.654986 -0.793311 -0.106519 0.957601 -0.512453 0.220803 0.114927 -0.177384 0.062298 
0.000000 -16.509103 -6.017758 2.617855 1.863594 0.187119 -0.198497 -0.708776 -0.216981 -0.476449 -0.503446 -0.315043 -0.113224 -6.529186 0.124663 -0.419348 0.380005 -0.415073 -0.152700 1.215328 -0.093105 -0.167894 0.220989 0.145610 -0.091676 -8.086693 3.184613 -0.424439 -0.739640 -0.271942 0.008682 1.104744 0.684878 0.555339 0.203500 -0.224873 0.057108 
101.856186 -32.469975 -1.701675 1.843580 0.637860 -1.665025 -0.456249 2.544976 0.706577 -0.531592 -0.224820 -0.359845 -0.618933 -11.349138 0.653052 -0.246335 -0.137007 0.230808 0.029535 1.462275 1.135127 0.757231 0.274790 0.251479 -0.040691 -0.512603 -0.850056 0.719568 0.138875 1.657151 0.688288 -0.935752 0.533291 0.759807 0.014816 0.015090 0.290890 
108.659119 -39.207379 -4.711655 2.125186 1.589579 0.648735 -0.139427 2.215775 2.053273 1.038012 0.046135 0.187914 -0.194606 -7.554393 -1.575448 1.019787 0.657756 2.899229 1.223877 -0.656177 0.973476 1.351721 0.250622 0.175791 0.490103 1.865133 -0.239746 1.094141 0.070947 0.476906 0.305369 -1.370318 -0.846361 -0.157311 -0.063535 -0.197247 0.271712 
116.786423 -47.578761 -4.852571 3.883154 1.953372 4.133434 1.991505 1.232622 2.653529 2.171849 0.276424 -0.008264 0.361273 -7.618872 0.173559 1.941948 0.004886 1.184620 0.640273 -1.278361 -0.557595 0.442610 0.147720 -0.143016 0.502733 3.325489 0.215239 -1.279269 -0.111668 -1.566194 -0.968320 0.278724 -1.012781 -0.722648 0.018919 -0.014950 -0.449167 
125.495750 -54.445123 -4.364537 6.009083 1.599350 3.017976 1.141119 -0.340947 0.938083 1.923231 0.341575 -0.098118 0.810860 -0.903414 -1.144970 -1.538751 0.434420 -0.233158 -0.712762 -0.098730 -1.052086 -0.093576 0.288460 0.145891 -0.408231 3.621891 -0.565675 -1.903403 0.185337 -0.659301 -0.651162 1.042058 0.014814 -0.508412 -0.021186 0.292227 -0.654998 
136.705948 -49.385590 -7.142511 0.805652 2.822212 3.667119 0.565981 1.035162 0.549356 1.984698 0.853344 0.283518 -0.455188 -0.375091 -0.957792 -1.864857 0.375560 -0.133982 -0.662051 0.805755 -0.527968 -0.574215 0.105348 0.441437 -0.807263 -4.704110 0.859204 0.843242 -0.714831 -0.564960 0.285175 -0.187467 0.472666 -0.380387 -0.396626 -0.097439 0.341992 
266.845276 -55.195304 -6.280121 2.279369 2.350469 2.750012 -0.182984 1.270562 -0.117854 0.774802 0.552271 0.784757 -0.803665 -10.311635 0.573438 0.147733 -0.995241 -1.363077 -0.142411 -0.473663 -0.106754 -0.854350 -0.504792 -0.048988 0.275754 -3.643279 -0.066070 0.073642 -0.992066 -0.639341 0.378695 -0.747277 0.296973 0.030558 -0.206209 -0.501748 0.502777 
253.864243 -70.008860 -5.995635 1.101118 0.831730 0.940964 0.281159 0.087836 0.335848 0.275997 -0.156241 0.185542 0.096320 -7.661649 -1.089932 -1.717573 -1.608573 -1.412664 0.095338 -0.688800 0.065977 -0.513099 -0.307071 -0.562059 0.198292 5.028382 -0.902807 -0.638090 0.073019 0.427468 0.002839 0.188113 -0.027060 0.295327 0.275989 -0.106732 -0.263728 
0.000000 -70.518603 -8.459986 -1.155777 -0.866677 -0.075317 0.007693 -0.107038 0.014100 -0.251396 -0.061870 -0.339362 -0.407081 -0.254872 -1.232176 -1.128447 -0.849203 -0.508141 -0.136733 -0.097437 -0.160874 -0.263697 0.047185 -0.262452 -0.251701 3.703389 -0.071122 0.294563 0.379685 0.452262 -0.116036 0.295682 -0.113426 0.124701 0.177128 0.149804 -0.224996 
