112.589806 -34.392268 1.235259 2.018339 9.001416 -0.754270 0.784064 -3.896866 -0.063857 3.364119 0.461899 0.095567 0.766527 3.244367 -3.004848 -0.931856 -0.327673 1.416456 0.276008 1.697765 -0.335163 -1.423587 0.232412 0.490927 -0.214445 1.664024 -2.172425 -0.959297 -1.118131 0.158075 0.387315 0.662967 -0.104373 -0.192923 -0.103074 -0.160889 0.015261 
113.085495 -27.903535 -4.774438 0.154628 8.346071 2.078643 1.336081 -0.501336 -0.734183 0.516944 0.926723 1.077422 0.337637 6.572414 -7.349699 -2.850449 -2.563935 1.732607 1.050638 3.023698 -0.543909 -1.809433 0.026264 0.169150 -0.183922 0.265280 -1.844731 -1.337613 -1.837555 -0.971008 -0.052138 -0.178211 0.013195 0.396305 -0.190085 -0.390835 0.237365 
112.011360 -21.247441 -13.464138 -3.682559 3.873546 2.710944 2.885339 2.150530 -1.151675 -0.254748 0.514427 0.433868 0.398682 3.774927 -6.694311 -3.607082 -4.002783 -0.525559 0.171731 1.341342 -0.308774 -0.630977 -0.147757 -0.290742 0.260285 -2.955108 3.849584 1.507139 1.033810 -0.473924 -0.524997 -1.420729 0.297604 0.816156 0.120627 -0.057492 0.193465 
0.000000 -20.353681 -18.163059 -7.059537 0.340505 1.027524 1.679544 2.181347 -1.351730 -0.745010 0.631209 0.495938 0.858208 0.662198 0.349470 0.163830 -0.496315 0.784759 0.000644 0.182241 0.051300 -0.177122 0.267519 0.054165 0.203008 -2.101014 7.927150 3.616968 2.639060 1.045253 -0.275009 -0.906823 0.259002 0.574962 0.108938 0.214180 -0.342903 
0.000000 -19.923046 -12.765198 -3.354899 2.880917 4.280463 2.886627 2.515012 -1.049074 -0.608992 1.049466 0.542198 0.804698 -0.427101 9.159990 3.626853 1.275337 1.564946 -0.378287 -0.472304 0.209231 0.518947 0.070118 0.137619 -0.425521 -0.681326 3.383406 0.515227 0.247135 -0.168597 -0.909473 -0.356157 -0.107837 0.299908 -0.140391 -0.030404 -0.286667 
142.300446 -21.207884 0.156921 0.194169 2.891178 4.157417 0.922970 1.236738 -0.933268 0.292884 0.771445 0.771176 0.007167 -0.700455 7.116282 1.194285 -0.002045 0.447565 -1.818303 -0.530074 -0.164374 0.422693 -0.013262 -0.006643 -0.370325 -3.211589 -4.912414 -1.872036 -0.184813 -0.881834 0.029843 0.053905 -0.384154 -0.146135 0.292863 -0.177658 0.256459 
135.242828 -21.323956 1.467365 -0.966330 2.876827 5.175592 -0.749979 1.454864 -1.377822 0.236394 1.022942 0.528913 0.064047 -6.850280 -0.664837 -0.117220 0.905711 -0.198722 -0.318601 -0.364494 -0.559076 0.226677 0.655844 -0.217697 0.087398 -4.536377 -7.642291 1.297613 0.406826 -1.752885 1.569184 0.458228 0.510002 -0.091360 0.036625 0.036966 0.259387 
124.560257 -34.908444 -1.172752 -0.040272 4.702600 3.759973 0.285769 0.507749 -2.051420 0.746239 2.083134 0.335782 0.181962 -9.773208 -8.168300 3.789511 0.811607 -3.058206 1.320065 0.386383 0.855630 0.239973 0.059989 0.067290 0.148449 3.139664 -4.125871 1.318230 0.154011 -0.781167 0.087950 0.538807 1.024498 -0.127030 -0.837115 0.165520 0.068413 
120.187202 -40.870372 -14.869235 6.612692 4.500040 -0.940820 1.890150 2.227631 0.333437 0.716340 1.142920 0.663492 0.360945 -0.570952 -8.916579 2.519240 1.213733 -1.761057 -0.142700 0.713119 1.489920 -0.027382 -1.018386 0.113342 0.224224 8.212427 6.096956 -2.388583 0.269870 2.182506 -1.156062 -0.987667 -0.435886 0.079536 -0.211646 -0.316439 -0.110051 
0.000000 -36.050349 -19.005910 4.998208 7.130065 0.237860 0.000368 1.933987 0.928420 0.691476 0.046362 0.562467 0.630410 6.651646 4.025612 -0.987656 1.351346 1.306807 -0.992059 -1.588952 -0.016142 0.399045 -0.363303 -0.565588 -0.071653 3.337538 8.856115 -1.582936 -1.304614 1.353591 -0.182236 -1.359151 -0.878723 0.390643 0.569245 -0.297047 -0.352057 
119.251709 -27.567081 -6.818012 4.637380 7.202733 1.672793 -0.093968 -0.950273 0.301154 1.514431 0.416314 -0.467684 0.217639 6.104123 8.795652 -0.646632 -1.395496 0.946126 -0.507172 -2.005184 -0.267525 0.753904 0.120104 -0.480751 -0.479891 -2.684351 0.169506 0.256844 -2.588790 -0.035281 0.262961 0.416345 0.162161 -0.141840 -0.057797 0.493598 0.051826 
120.682838 -23.842102 -1.414606 3.704945 4.339073 2.130112 -1.013976 -2.076381 0.393370 2.199284 0.286570 -0.399036 -0.329372 1.282943 4.364624 -0.473968 -3.826234 1.236246 -0.466137 -0.756261 0.308181 0.115365 -0.478898 0.421608 0.031998 -4.489813 -3.303368 0.387023 -0.489578 0.111642 -0.243063 1.055509 0.667331 -0.822930 -0.103284 0.579670 0.479534 
122.693634 -25.001195 1.911237 3.689444 -0.449734 4.145284 -1.026242 -2.462795 0.917515 1.745161 -0.541483 0.375532 0.281635 -2.875502 2.188916 0.127414 -2.374652 1.169410 -0.993299 0.105833 1.067137 -0.891956 -0.086465 0.678589 0.479177 -3.107414 -2.242134 0.271890 3.109195 -1.015830 -0.370747 0.979876 0.389404 -0.555360 0.424650 -0.203478 0.276036 
122.700974 -29.593106 2.963225 3.959772 -0.410232 4.468932 -3.000574 -1.864714 2.527644 0.415373 0.113640 0.958142 0.628982 -4.931885 -0.119645 0.069812 2.392155 -0.795414 -1.207632 1.203490 1.086990 -0.995355 0.370402 0.014652 0.584070 2.700132 -2.005822 -1.426647 2.007765 -1.435768 1.656392 0.415588 -1.205437 -0.206967 0.437283 -0.562661 -0.240518 
121.441704 -34.864964 1.671948 3.829068 4.334576 2.554457 -3.441506 -0.055814 3.091495 -0.245549 0.199322 0.404836 1.449775 2.524761 -1.822728 -2.725880 1.640878 -1.702125 2.319486 0.937009 -1.343737 -1.305890 0.788101 -0.446732 -0.001859 5.786862 1.691310 -1.383289 -2.274256 -0.023426 1.430142 -0.652186 -1.265296 -0.010791 -0.201292 -0.329974 -0.522982 
120.685043 -24.543583 -0.682231 -1.491987 2.871524 1.064682 1.638398 0.009304 -0.159829 -2.196407 1.689843 0.064678 0.625263 6.641839 3.262976 -2.696766 -2.156356 -0.842265 1.652653 -0.100882 -1.443602 -1.016938 -0.032181 -0.645295 -0.461893 -0.962287 3.718001 1.557719 -1.857981 0.398897 -1.422605 -1.103273 1.032497 1.122042 -1.077944 -0.133696 0.003183 
124.092834 -21.581286 8.197900 -1.564464 0.021864 0.869926 -0.136201 -0.257579 0.204291 -2.279425 0.134960 -0.885755 0.525989 0.600187 5.613273 0.389558 -2.075084 -0.904332 -0.525724 -1.269538 0.721257 0.938193 -1.367786 -0.714124 0.004507 -5.395587 -1.303612 1.908483 0.422196 0.173012 -1.184134 -0.463695 1.092524 1.256507 -0.468400 0.184719 0.411792 
115.714630 -23.343209 10.544315 -0.712872 -1.278645 -0.743981 0.586950 -2.529773 1.282685 -0.320021 -1.045729 -1.363570 0.634278 -4.149335 0.655752 1.120200 -1.311964 -0.496242 -0.715615 -1.028272 0.741446 1.496077 -0.968981 -0.275857 0.361691 -2.874517 -3.231144 0.917266 0.377900 0.574802 -0.540305 0.468052 -0.245814 -0.058452 0.557177 0.443694 0.083866 
108.400208 -29.879957 9.509403 0.675937 -2.602064 -0.122558 -1.567432 -2.314123 1.687183 0.712729 -1.803002 -1.437470 1.249371 -5.148848 -0.849014 2.224091 -1.319285 0.245273 -1.606334 -0.333435 0.229629 0.821290 -0.253432 0.173264 0.172238 -0.548095 -0.619446 0.389701 0.801303 0.411141 0.068719 0.217327 -0.245720 -0.489519 0.804219 0.264033 -0.410210 
0.000000 -33.640904 8.846287 3.735310 -3.917215 -0.253435 -2.625719 -3.196642 1.741943 1.322559 -1.552592 -1.017043 0.978755 -5.245525 -0.583140 1.899602 0.290642 0.326040 -0.578178 -0.593619 0.250006 0.517039 0.639458 0.252209 -0.458728 0.201191 -0.378685 -1.446882 1.361978 -0.004976 0.639223 -0.116191 0.206559 -0.058660 0.500086 0.404310 0.050110 
56.472935 -40.371006 8.343124 4.475141 -2.020779 0.529523 -2.723788 -3.501360 2.187195 1.746807 -0.524087 -0.933052 0.331915 -4.746466 -1.606385 -0.669674 1.404671 0.235321 -0.327889 -0.565817 0.642748 0.703969 0.746740 0.981884 0.272458 2.319119 0.650086 -1.399647 0.297105 -0.274548 0.203885 0.464537 0.205124 0.035922 -0.094304 -0.020733 0.289141 
191.563019 -43.133836 5.633518 2.395962 -1.107873 0.217206 -3.281497 -4.328277 3.027440 2.730498 -0.059112 0.946724 1.523672 -0.607287 0.717032 -0.899691 0.884852 -0.223055 -0.170408 0.335456 0.660254 0.588883 0.450851 0.210743 0.119555 3.709816 2.857442 0.477430 -0.691780 -0.626351 0.208189 1.166304 -0.575185 -0.682960 -0.512940 -0.984397 -0.310175 
205.858139 -41.585580 9.777188 2.675759 -0.251074 0.083412 -3.064604 -2.830449 3.507702 2.924573 0.377614 -0.511565 0.571025 2.673167 4.108499 0.285186 0.021111 -1.017382 0.088490 1.766791 -0.507623 -0.661951 -0.279140 -0.986910 -0.347891 2.202173 0.481864 0.060867 -0.623210 -0.628301 0.057683 0.578624 -0.662944 -1.008355 -0.608914 -0.335172 0.094624 
109.329468 -37.787502 13.850517 2.966335 -1.065650 -1.817558 -3.104518 -0.794694 2.012194 1.406595 -0.617391 -1.027096 0.827890 3.797059 1.680759 -0.777957 -0.361568 -1.479657 -0.055041 1.492705 -0.665634 -1.427827 -0.766977 -0.459601 0.308804 -0.510706 -2.614380 -0.748558 -0.170362 0.433116 -0.100242 -0.841587 0.482901 -0.319615 0.099645 0.258855 0.294556 
109.765030 -33.991462 13.138707 1.119844 -0.974211 -2.875902 -3.174686 0.154960 2.176435 0.068918 -1.156339 -1.430768 1.188633 1.651754 -1.120261 -1.211930 -0.319612 -0.151150 -0.111994 0.083617 0.458180 -1.301180 -0.079850 -0.469200 0.241220 -1.657597 -1.582316 -0.590588 0.230305 1.576574 0.213973 -1.061110 0.356901 0.232111 0.394218 0.323601 -0.205496 
105.571472 -34.483993 11.609994 0.542474 -1.704874 -2.119857 -3.328506 -0.627461 2.928554 -1.195766 -0.777091 -1.965496 1.310331 0.481864 -1.483873 -1.959133 0.099041 1.673491 0.372905 -0.629515 0.048167 -0.963605 0.021460 0.187600 -0.102188 -1.505650 0.255959 -0.087441 0.407994 1.170817 0.675598 0.180718 -0.477610 0.641176 -0.009334 0.854001 -0.146011 
0.000000 -33.027734 10.170961 -2.798423 -0.776130 0.471080 -2.428876 -1.104070 2.272770 -1.858292 -1.113419 -1.055569 0.984257 -1.359545 -0.608344 -1.386812 0.496376 2.190484 1.239202 0.445053 -0.497041 -0.018828 -0.098518 1.238802 -0.050802 -1.679063 0.532137 1.112262 0.506353 -0.453207 0.215297 1.227414 -0.058030 0.632218 0.078767 0.472723 0.111362 
51.291771 -37.203083 10.393306 -2.231151 -0.712122 2.261110 -0.850102 0.262645 1.934472 -1.233422 -0.974127 0.512108 1.208727 -2.876261 -0.419600 0.265390 1.111747 0.767077 0.803498 1.825312 -0.067894 0.300830 0.178994 1.133045 0.120536 2.836668 -0.091423 0.341404 0.379249 -1.847604 -0.365740 -0.408625 0.222786 -0.039930 -0.220981 -0.453304 -0.125641 
115.600388 -38.780256 9.331762 -2.267642 1.447364 2.005234 -0.821879 2.546555 2.136983 -1.256633 -0.755430 1.210521 1.225330 4.313791 -0.791189 -0.704004 1.254873 -1.504725 0.507722 -0.372197 -0.051468 -0.098688 -0.540480 0.332194 -0.302084 5.323335 0.249944 -0.547530 -0.747153 -1.161801 -0.068250 -1.884089 0.002521 -0.187850 -0.449796 -0.821820 0.054318 
120.745598 -28.575502 8.810928 -3.639158 1.797624 -0.748340 0.165343 -0.481749 1.831537 -1.430798 -2.055087 1.176496 0.604558 7.770409 0.080288 -0.829670 -0.382559 -1.556524 0.666999 -1.942865 -0.062851 -0.074869 -0.720599 -0.510595 0.229173 -1.333671 0.715983 0.198485 -0.920514 0.882233 -0.030496 0.072101 0.127014 -0.007084 0.276320 -0.247977 0.361373 
119.381889 -23.239438 9.492337 -3.926982 0.682245 -1.107814 0.512119 -1.339176 2.011280 -1.406371 -2.196627 0.189332 1.683676 1.646448 0.640776 -0.307034 -0.586155 0.259741 0.446729 -0.227995 0.202559 -0.112856 0.012160 -0.163761 0.420663 -5.021104 -0.623910 0.772306 0.313872 0.995921 0.530052 1.143271 0.230781 -0.056836 0.359938 0.791357 -0.409657 
116.195198 -25.282606 10.092480 -4.253227 0.625314 -0.228857 1.058802 -0.937740 2.236656 -1.656510 -2.030767 0.848974 1.445883 -2.271799 -1.167533 0.714942 0.245185 0.435317 1.727102 0.343676 0.398712 -0.188540 -0.000723 1.072119 -0.590141 -2.494373 -1.647163 1.107656 0.714291 -0.362116 0.934855 0.378290 -0.033822 0.252424 -0.026706 0.338345 -0.547401 
115.446373 -27.783037 7.157271 -2.497098 1.172615 -0.237180 3.966324 -0.651824 2.808704 -1.783452 -2.198073 2.333570 0.503393 -3.342299 -2.653549 1.908277 0.842428 -0.464490 2.316438 0.528584 0.134915 0.391992 -0.041251 0.512929 -0.674140 -0.182499 -0.435204 0.398361 0.314143 -1.063073 -0.597209 0.304941 -0.197735 0.646056 0.174148 -1.043501 0.190615 
113.936035 -31.967203 4.785382 -0.436672 2.310171 -1.157838 5.691679 0.119427 2.506485 -0.872526 -2.113270 1.874832 0.097603 -2.636798 -2.037942 1.511664 0.873471 -1.690828 0.532684 0.953558 0.003241 1.103571 0.347573 -1.014884 -0.208912 1.584599 1.055235 -0.895953 -0.198695 -0.704331 -1.709896 0.146059 -0.046175 0.274340 0.539668 -0.671562 0.138408 
114.213654 -33.056633 3.081387 0.526231 2.919557 -3.618837 5.031692 1.255292 2.815186 0.423691 -1.502926 0.303803 0.085569 -0.173100 -0.543078 0.116372 0.445039 -1.873152 -1.103354 0.820703 0.042564 0.940671 1.038085 -0.830196 -0.397325 1.476187 1.619681 0.658010 -0.965429 0.718879 -1.494884 -0.544653 -0.027405 -0.299598 0.163897 0.483173 0.098932 
116.742035 -32.313404 3.699225 -0.203928 3.200248 -4.904143 3.484970 1.760833 2.591614 1.008816 -0.037099 0.214440 -0.697046 0.315576 1.201419 2.827683 -1.057386 -0.253070 -2.457085 -0.135747 -0.051570 0.504375 0.675368 -0.048537 -0.011048 -0.513759 0.613102 2.347399 -0.599453 1.429949 -0.861478 -0.907177 -0.139846 -0.535254 -0.437520 0.632025 0.409979 
120.015442 -32.425482 5.484226 6.181598 0.804785 -4.124978 0.117522 0.983797 2.712047 1.432441 -0.152191 0.206729 0.063474 -1.200618 0.683125 4.811171 -0.753868 0.986746 -2.826310 -0.993652 -0.237127 -0.129837 0.163045 0.433853 0.422634 -1.916566 -1.108388 -0.064849 0.903187 0.577184 1.242200 -0.807359 -0.482036 -0.276707 -0.309720 0.339645 0.172825 
120.423409 -34.714640 5.065476 9.418414 1.692512 -2.930650 -2.167649 -0.226472 2.117359 0.749142 0.288991 1.082146 0.148223 -3.517556 -1.015357 2.697986 0.748989 0.901299 0.027314 -1.750466 -1.015641 -0.049040 0.055927 0.630753 0.334601 0.534841 0.035801 -2.479891 0.724371 -0.637558 1.909467 0.060400 -0.202575 0.368243 -0.109397 -0.210459 -0.184917 
118.904083 -39.460595 3.453511 11.577569 2.302762 -2.322381 0.172151 -2.517136 0.680765 1.334362 -0.040337 1.468235 0.732677 -0.130937 0.754727 -0.148612 0.694875 -0.288369 0.992624 -0.872851 -0.642277 0.606650 -0.055748 0.012935 0.052801 5.427683 1.803663 -3.735038 -0.136315 -0.474213 -0.790968 1.449669 1.271716 0.103122 -0.335282 -0.705256 -0.424426 
125.202904 -34.976514 6.574930 9.121190 3.082262 -3.507389 -0.182401 -1.972175 0.832806 1.962441 0.177495 1.108017 0.253824 7.337809 2.591968 -4.772091 0.476358 -0.047127 -1.554621 1.148872 1.527791 0.157205 -0.614636 -0.779758 -0.514251 3.687902 0.487141 -3.174492 -0.512258 1.142427 -0.850344 1.201700 0.492987 -0.975777 -0.315942 -0.201808 -0.219612 
129.959229 -24.784977 8.637448 2.033387 3.255478 -2.416634 -2.937091 -0.219392 3.736348 1.648771 -1.269609 -0.091280 -0.295826 7.244868 1.729009 -6.497596 -0.329640 1.996485 -0.708065 1.530549 0.343698 -1.344904 -0.687632 -0.390680 -0.386424 -2.881460 -1.798195 1.142635 -0.461592 1.294721 1.201651 -0.447695 -1.676005 -0.796494 0.583826 0.660463 0.171101 
132.972412 -20.486778 10.032949 -3.874002 2.422981 0.485581 -1.598530 1.088924 1.520202 -0.727366 -1.197769 0.326657 -0.519024 1.574889 -1.004423 -2.486821 -0.446825 2.542315 0.848680 0.253482 -1.824219 -1.435783 0.553016 0.541168 -0.172049 -5.767844 -2.503794 4.038700 0.653150 -0.476045 0.570287 -1.389815 -0.175249 0.972652 0.688053 0.540830 0.398292 
135.110733 -21.635199 6.628603 -2.940255 2.361828 2.667997 -1.239730 0.287571 0.087909 -1.222794 -0.163577 0.991056 -0.639923 -4.290819 -3.278578 1.579803 0.976660 1.044395 0.432509 -1.249081 -0.006799 0.600400 0.688474 0.690981 0.410160 -3.403578 -0.422707 2.106047 0.862744 -1.478500 -0.450020 -0.516058 1.422677 1.358066 -0.145875 -0.099705 0.028060 
132.949127 -29.068417 3.475792 -0.714396 4.376302 2.574370 -0.733512 -1.409238 1.506603 0.473433 0.179178 1.708618 0.301295 -5.232267 -1.849836 1.725273 1.278664 -0.414685 -0.051360 -0.778634 1.021135 1.280349 0.261266 0.341757 -0.115928 0.447216 1.237853 0.156658 -0.224905 -1.214797 -0.316495 0.396549 0.031427 0.112820 -0.236358 -0.329268 -0.279877 
126.269699 -32.099733 2.928931 0.510291 4.919156 1.838626 -1.342451 -1.269697 2.130179 1.337905 0.358956 1.674571 -0.871780 -3.396388 -0.802872 1.893119 0.526850 -1.385199 -0.200481 -0.455983 0.056055 0.826039 0.215757 0.032444 -0.149594 1.639939 -0.721680 0.773367 0.547679 -1.407463 0.722095 0.576956 -0.830145 -0.900205 0.224408 -0.187692 0.182040 
118.426735 -35.861192 1.870047 3.071841 5.430002 -0.196028 -1.134474 -2.321203 1.618713 2.125510 0.610691 1.773506 0.002107 -1.952388 -3.293197 3.272008 2.374022 -3.229610 1.392830 0.375278 -0.639154 -0.520060 0.710083 -0.033626 0.248151 1.907566 -1.441803 -0.532943 0.956685 0.281920 0.416375 0.655391 -0.054453 -0.850675 0.012262 -0.246587 0.280369 
114.351608 -36.004510 -3.657463 7.054306 9.667200 -4.620595 1.443210 -0.519140 0.851870 0.297784 1.779121 1.607319 -0.375477 0.418744 -3.686479 0.827232 2.440220 -0.821359 0.632269 0.854800 -0.052852 -0.875311 0.240281 -0.460729 0.411144 1.766399 1.455484 -3.514053 -1.533359 3.490465 -0.274036 0.027077 -0.012474 0.166861 -0.443065 -0.096855 -0.124909 
108.643051 -35.023703 -5.502910 4.726306 10.310441 -1.838747 0.130064 -0.611604 1.513010 0.374889 1.091254 0.852047 0.824395 1.580409 -0.382229 -3.756098 -0.692695 3.751320 0.844758 0.429433 -0.664102 -0.186339 -0.176047 -0.227336 -0.001666 2.950440 0.278407 -2.305248 -3.195988 1.721528 0.638402 0.228071 -0.372936 0.298786 -0.094034 0.100784 -0.475313 
105.785027 -32.843692 -4.421920 -0.457890 8.281810 2.882045 3.132725 0.339725 -0.476334 -0.074895 1.427027 1.152647 -0.378809 6.319625 -3.129665 -3.783264 -3.951755 2.621696 1.909072 1.310941 -0.798724 -0.277738 0.052214 -0.259162 -0.539482 1.446971 -2.949921 0.104344 -1.791268 -2.166455 -0.610501 -0.038984 0.179090 -0.012725 -0.057151 -0.014557 0.069745 
109.543304 -22.384454 -11.762239 -2.840223 2.406931 3.404645 3.948209 2.010279 -0.084438 -0.180588 1.195682 0.333723 -0.254569 4.474351 -6.282072 -3.547409 -4.275231 -0.581590 -0.376244 0.351466 -0.305922 -0.211790 -0.290350 -0.256451 0.137824 -2.910650 2.749829 2.317439 2.456495 -1.386942 -1.254161 -0.798552 0.432440 0.179522 -0.189219 0.259620 0.338435 
0.000000 -23.894990 -16.986064 -7.552708 -0.268652 1.718865 2.380237 1.042657 -1.088179 -0.498475 0.846327 0.639745 -0.103162 0.498324 2.369994 0.851613 0.961234 -0.152189 -0.599250 -0.286162 0.066155 0.081306 -0.326223 0.260078 0.137387 -1.349894 6.637029 3.710771 3.324398 0.987122 -0.023700 -0.584065 0.376961 0.334484 0.052022 0.284817 -0.246602 
0.000000 -21.387806 -7.022252 -1.136998 4.329399 3.100268 2.749710 1.437955 0.047872 -0.017975 0.543235 0.853878 0.020205 1.774562 6.991987 3.874133 2.373565 1.392654 -0.423645 -0.816664 0.447999 0.457178 -0.186306 0.313184 -0.355381 -1.424420 -0.767232 -0.100651 -0.205568 0.262210 0.017292 -0.382845 -0.276181 0.207219 0.270167 -0.241039 -0.156199 
130.023163 -20.345866 -3.002090 0.195559 4.478477 4.504173 1.532947 -0.590672 -0.192180 0.415881 0.473715 1.266112 -0.813923 -2.350515 0.835529 0.650311 0.550098 0.372232 -0.564666 -1.051852 -0.486207 0.495744 0.214111 -0.222000 -0.175010 -6.535239 -5.388488 -1.438740 -0.938724 -1.650578 0.722921 -0.004395 -0.151503 -0.082274 0.224174 -0.524376 0.351677 
125.844841 -26.088837 -5.351193 0.163624 5.429595 3.844732 1.620378 -0.665748 -0.924542 0.973513 0.971458 0.409877 -0.329816 -11.295916 -3.784989 0.996654 0.496116 -1.908502 1.022197 -0.825455 0.144994 0.292630 0.262042 -0.735568 0.347974 -0.706973 -2.782530 0.572728 0.325548 -1.130912 0.461862 0.797003 0.811270 -0.256430 -0.117289 -0.052878 0.289386 
232.207825 -42.937697 -10.572069 2.188866 5.470710 0.687170 3.577341 -2.241582 0.097808 1.001141 0.997798 -0.205023 -0.117975 -3.764461 -4.729531 1.795767 1.201193 -1.889593 0.359057 0.542153 1.136332 -0.017116 -0.020467 -0.327756 0.403762 9.708225 2.875940 -0.208104 0.332779 1.394581 -1.211918 0.653326 0.342466 -0.025475 -0.277691 0.376080 -0.067188 
0.000000 -33.617759 -14.810256 3.755158 7.831980 0.065546 2.338493 0.418558 1.348121 0.939280 0.930525 -0.245634 0.477708 8.120535 1.966891 0.580445 1.161675 0.880661 -1.401640 0.481197 0.829926 0.241680 -0.293341 0.016592 0.213598 3.606250 5.899286 -1.304427 -0.864686 1.376705 -1.243620 -0.987285 -0.443733 0.116347 -0.235053 0.433321 -0.320734 
121.433548 -26.696626 -6.638288 3.349757 7.794060 2.448492 0.774060 -1.279187 1.757660 1.484501 0.411116 -0.171839 0.309220 3.448038 7.069041 -0.813086 -0.528180 0.863817 -2.128183 -1.432417 0.248865 0.215577 -0.490573 0.538887 -0.237705 -5.516133 1.349947 -0.719901 -1.243611 -1.056659 0.373826 -0.567377 -0.295633 0.024304 -0.100524 0.408581 -0.343644 
119.128204 -26.721683 -0.672174 2.128986 6.775620 1.793180 -1.917873 -2.446275 1.845852 1.370435 -0.050620 0.832140 0.002297 -2.911730 4.666785 -0.859357 -1.325548 -1.232657 -0.653988 -0.653556 0.238660 0.290289 -0.494388 0.833754 -0.473690 -4.026146 -3.641902 0.436521 -0.078822 -0.753532 1.606733 0.944637 -0.393871 0.070321 0.514806 -0.042599 0.074204 
119.123322 -32.520085 2.695282 1.631042 5.142964 -0.016822 -0.533915 -2.586298 2.234979 2.065079 -0.577659 1.495670 -0.638159 -4.604253 -0.214762 0.059956 -0.685824 -0.643248 1.085283 0.456858 -0.538876 0.356220 0.539038 0.453690 -0.089297 4.378934 -3.179315 -0.085945 0.027826 0.863935 0.829708 0.922978 -0.776567 -0.695203 0.250667 -0.627034 0.393273 
120.416374 -35.930189 -1.101699 2.248898 5.403973 0.506684 0.252693 -1.532559 0.768101 2.082874 1.027456 1.739520 -0.176296 5.846138 -1.691845 -1.031248 -1.269895 0.495212 1.005427 1.192399 -1.314474 -1.100116 0.006946 -0.420314 0.312856 6.077721 0.210704 -0.700066 -0.357287 0.438354 -0.236580 0.104336 -0.021079 -0.732617 -0.667325 -0.497965 0.085610 
224.935623 -20.827810 -0.688407 -0.431453 2.603175 0.973603 1.476940 -0.201499 -0.393968 -0.135154 -0.563768 0.655041 -0.012447 7.551190 0.206646 -1.340175 -1.400399 0.233459 0.612123 0.665530 -0.581034 -1.109014 -0.795612 -0.542239 0.081924 0.852526 0.949245 -0.154464 -0.065252 -0.130876 -0.196652 -0.263435 0.366720 -0.004449 -0.401279 -0.060962 -0.115466 
