0.000000 -56.346150 5.481908 5.594991 0.063986 -1.126088 -0.864120 -0.699137 -1.582687 -2.537105 -2.672611 -1.830619 -0.514050 -1.000175 -1.487124 -1.276071 0.375632 0.560942 -0.057785 0.099748 0.304568 0.407314 0.753705 0.560393 0.104297 8.457947 0.353244 -1.661904 0.549619 -0.980065 -0.152873 0.330734 -0.153405 0.000115 0.455583 -0.077262 0.015098 
0.000000 -58.346500 2.507659 3.042848 0.815251 -0.004204 -0.979689 -0.499641 -0.973552 -1.722478 -1.165200 -0.709833 -0.305457 15.915719 -0.780636 -4.599879 1.474870 -1.399189 -0.363530 0.761215 -0.002242 0.407544 1.664871 0.405868 0.134492 10.512428 0.787359 -1.290315 0.324794 -1.484649 -0.155874 0.192268 -0.270911 0.044608 -0.079310 -0.507454 -0.150865 
0.000000 -24.514713 3.920635 -3.604768 3.013725 -3.924465 -1.591181 0.823293 -1.587172 -1.722018 0.657130 -1.018882 -0.245065 20.024681 0.087593 -3.856702 1.025220 -2.408356 -0.369532 0.484284 -0.237254 0.496530 0.595085 -0.454515 -0.197433 -6.010428 -0.224369 2.323834 -0.833884 0.632228 0.231444 -0.198972 0.319843 0.378402 -0.985409 -0.133893 -0.131763 
199.599915 -18.297138 2.682846 -4.670556 2.865690 -4.820916 -1.718754 0.468926 -1.448059 -0.729419 0.024970 -1.618864 -0.700324 3.894863 -1.229374 0.047788 -0.192899 -0.134733 0.099357 0.363272 0.637443 1.164349 -0.305948 0.138082 -0.129034 -10.464940 -0.482832 2.691319 -0.552602 1.889216 0.287293 -0.125028 0.119845 0.601235 -0.253716 0.564781 0.158122 
212.408813 -16.724988 1.461888 -3.509191 2.627927 -4.193931 -1.392467 1.549837 -0.312286 0.606679 0.045235 -0.742718 -0.503134 -0.905199 -0.878070 1.525936 -0.079984 1.370076 0.205053 0.234228 0.002437 1.698999 0.087654 0.675046 0.118811 -3.356062 0.322019 0.623604 0.474294 0.974542 0.101355 -0.299853 -0.583565 -0.275147 0.073380 0.146159 0.266726 
219.234375 -20.107536 0.926706 -1.618685 2.705721 -2.080764 -1.308647 0.937382 -1.443185 2.668579 0.200278 -0.268772 -0.462701 -2.817260 -0.585336 1.294996 0.755689 1.814352 0.302067 -0.236434 -0.529688 0.614054 -0.159187 0.430400 0.404417 -0.611094 0.417246 -0.691046 0.340704 0.146286 -0.044217 0.171964 0.191731 -1.114517 -0.254164 -0.233928 0.036230 
220.898361 -22.359508 0.291216 -0.919199 4.139305 -0.565227 -0.788333 1.076969 -1.371662 1.834788 -0.273139 0.118081 0.305701 -2.127388 -0.043578 0.143844 0.601423 1.662648 0.116619 0.578157 0.385900 -0.530035 -0.420674 0.207190 0.191272 -0.429017 0.514946 0.111298 -0.793344 -0.509485 -0.396955 0.155150 0.707248 -0.561838 0.030688 -0.617388 -0.172473 
215.302490 -24.362311 0.839551 -1.330996 3.908567 1.244532 -1.075409 2.093697 -0.671385 1.608509 -0.641070 0.145608 -0.080158 -3.675295 0.444556 1.517593 -0.830999 0.795382 -0.491842 0.073867 0.884808 -0.509621 -0.097812 -0.804377 0.059472 0.495757 -0.047520 1.527833 -0.421573 -1.088088 -0.039444 -0.394623 -0.245794 0.019574 0.637331 -0.435963 0.119662 
209.202423 -29.710099 1.180327 2.115986 2.477306 1.025537 -1.772018 1.224702 0.397954 0.815545 -0.468763 -1.490672 0.424644 -1.135874 -0.138617 3.199511 -0.241723 -0.513528 0.037731 -0.211090 -0.105689 -0.490887 0.853987 -0.664735 0.430595 2.806302 -0.205006 -0.118535 1.030944 -0.582634 0.226860 0.035192 -0.822711 0.206728 0.447369 0.546071 -0.004869 
216.257248 -26.634059 0.562317 5.068026 3.425121 0.217475 -0.999947 1.671518 -0.882763 0.626734 1.066905 -1.183862 0.781032 1.937310 0.034544 1.280522 1.230889 -0.369886 -0.038122 0.144251 -0.760614 -0.096166 0.796926 0.287765 0.049734 1.345092 0.430719 -2.004385 0.727580 -0.102340 -0.609627 -0.006269 -0.134868 0.351331 -0.297729 0.682729 -0.119454 
226.589523 -25.835480 1.249415 4.677030 4.939085 0.285765 -1.848262 1.513204 -1.123273 0.623213 1.125088 -0.915143 0.524112 1.554310 0.722822 -0.809258 1.213436 -0.718208 -1.181523 -0.223627 -0.375425 0.211775 0.258530 0.700724 0.191687 0.061550 0.198934 -1.367771 -0.871817 -0.139938 -0.386152 -0.175825 0.443800 0.158376 -0.534648 -0.122828 -0.279410 
213.693207 -23.525438 2.007960 3.449509 5.851993 -1.218940 -3.362993 1.224264 -1.633613 1.050284 1.583964 0.217585 1.164406 2.060409 0.432413 -1.455019 -0.512744 -0.649763 -0.810426 -0.207400 0.126985 0.220585 -0.272370 0.042109 -0.509086 0.456242 -0.406548 -1.033959 -1.562763 0.660515 1.146316 0.256212 0.444201 -0.001263 -0.653842 -0.758161 -0.440465 
203.181931 -21.714662 2.114240 1.766991 3.913596 -1.013761 -3.469115 1.098405 -0.869302 1.064383 0.580348 -0.830925 -0.494060 2.466794 -0.090275 -2.877177 -1.912090 0.602823 1.111109 0.288798 0.512976 0.209249 -1.049154 -0.815598 -0.689242 -1.275734 -0.825502 -0.617243 -0.082983 0.781886 1.440256 0.467781 -0.231003 -0.401181 -0.005114 0.054550 0.490050 
190.052917 -18.591850 1.827410 -2.304844 2.027813 -0.013293 -1.140774 1.801860 -0.607660 1.468782 -0.514344 -1.413611 -0.214078 -0.491060 -1.218591 -2.689506 -0.678710 0.914008 2.070085 0.728163 -0.335021 -0.581777 -0.282599 0.151210 0.471014 -5.091356 -0.631403 2.387493 1.171505 0.090708 -0.213121 -0.608178 -0.375471 -0.370646 0.792010 0.626895 0.419032 
183.829254 -22.696783 -0.322943 -3.612020 2.556175 0.814256 0.671056 2.554731 -1.539344 -0.099170 0.015150 -0.528506 0.447968 -7.715918 -1.353081 1.897810 0.430919 0.784240 0.684867 -0.927559 -0.237966 -0.532042 0.534867 0.438192 0.148822 -0.917040 -0.378370 2.523743 0.084337 -0.197758 -0.980322 -1.056614 0.579243 0.425310 0.148688 0.026572 -0.243705 
192.173752 -34.023687 -0.878751 1.490776 2.889651 1.555186 0.228960 -0.053258 -1.083591 0.404698 0.555389 -0.537227 0.083567 -2.325141 -1.975331 2.357980 -0.510037 0.518493 0.109442 -1.385065 0.823466 0.268843 0.014776 0.204353 -0.016396 7.429812 -0.255664 -2.005401 0.056554 -0.497942 0.078369 0.631501 0.021896 0.180330 -0.124070 0.067458 -0.039225 
0.000000 -27.347065 -4.273605 1.103939 1.536101 1.851242 0.889940 -0.215399 0.107589 0.438516 0.044703 -0.119799 0.415175 7.143705 -1.864410 -2.112993 0.544027 -0.211644 0.841605 0.335443 -0.194173 -0.171383 0.286726 0.573109 0.070372 3.938603 2.125832 -2.778218 0.753615 -0.841665 -0.064545 0.899908 -1.047488 -0.359112 0.143580 -0.024161 0.070115 
202.927032 -19.736277 -4.607571 -2.735211 3.977705 1.131898 1.912170 0.617627 -1.471938 0.061932 1.128842 0.608992 0.224312 5.552064 2.276333 -3.198457 0.997193 -1.164837 -0.019648 0.414750 -1.271510 -0.449381 0.301937 0.156032 0.123833 -2.726222 2.147373 0.158980 -0.985159 -0.770334 -0.919153 -0.228117 0.214221 0.097013 -0.250682 -0.491742 0.203366 
213.607727 -16.242936 0.279062 -5.292975 3.530488 -0.478432 0.850644 0.614102 -2.435430 -0.460247 0.648577 0.192265 0.662842 1.691261 2.430335 -1.795033 -1.426290 -1.752311 -0.996701 -0.120791 0.234268 0.022644 -0.214637 -0.410376 0.477104 -2.788555 -1.214775 1.401620 -1.072992 -0.189920 -0.361310 -0.361069 1.318977 0.306231 -0.101135 -0.214311 -0.015392 
210.763565 -16.353755 0.253100 -6.325277 1.125125 -2.372725 -0.081233 0.376045 -1.003402 0.107220 0.699567 -0.211759 1.178520 -0.025045 -0.153216 -0.395218 -1.148791 -1.544677 -0.742268 -0.307387 1.366445 0.163081 0.099667 -0.272590 0.093048 -0.752737 -1.002582 1.116755 0.792743 0.376574 0.402418 -0.130002 0.083062 -0.155712 -0.096549 0.001788 -0.431031 
213.424454 -16.293025 -0.027371 -6.083410 1.232906 -3.567787 -0.633893 -0.000672 0.297459 -0.134084 0.847911 -0.352915 0.848938 0.185788 0.425170 0.438478 0.159196 -0.999164 -0.191865 -0.380795 0.400392 -0.288779 -0.407735 -0.406799 -0.384958 -0.054761 0.725238 0.596450 0.770934 0.525015 0.291896 0.053074 -1.098510 0.210981 -0.683914 -0.024032 -0.292601 
217.905716 -15.982178 1.103441 -5.448322 1.443518 -4.371052 -0.464963 -0.385545 -0.202619 -0.470339 -0.115903 -1.025357 0.408605 -0.134566 1.297260 0.797682 0.393078 -0.494647 -0.158477 -0.201238 -0.830576 0.585044 -1.268160 -0.320653 -0.492153 -0.462133 0.429495 0.410787 0.345463 0.558930 -0.252858 0.457943 -0.522012 0.687274 -0.313764 0.297534 -0.202784 
217.662109 -16.562157 2.567149 -4.488046 2.019062 -4.557080 -0.950847 -0.403148 -1.363693 1.036003 -1.688410 -0.994222 -0.135369 -0.738478 1.284160 1.260052 0.850122 0.118697 -0.697581 0.535091 -0.643633 1.085768 -1.035263 0.188270 -0.790525 -0.635357 -0.426798 0.372467 0.421622 0.289558 -0.182220 0.753992 0.371352 -0.054706 0.700289 0.341671 -0.073754 
216.123871 -17.459135 3.671760 -2.928218 3.143762 -4.133659 -1.860126 0.684638 -1.489885 1.701197 -2.186428 -0.648818 -1.172446 -1.405280 0.443664 1.542616 1.236323 0.084470 -0.522917 1.306745 -0.087872 0.475632 0.132418 0.362688 -0.639660 -2.840198 -1.116724 0.234623 -0.563677 -0.403397 0.642279 0.089847 0.449356 -0.601580 0.774936 -0.060201 0.346761 
210.377213 -19.372717 3.454477 -1.402814 4.491707 -4.388139 -1.996682 2.210342 -1.539436 1.987268 -1.423574 -0.268846 -1.414689 -6.418875 -0.949288 1.729297 -0.277232 -0.688096 0.586977 0.714785 0.255079 -0.117393 0.514609 0.067867 -0.097003 -1.799558 -1.542253 0.542916 -1.743476 0.102241 0.726686 -1.376067 0.665979 -0.532048 -0.316703 -0.328721 0.483678 
204.904053 -30.296885 1.773184 0.530376 2.589297 -5.509851 -0.686171 2.114209 -0.979727 1.466411 -1.157211 -0.513085 -1.366452 -5.004396 -2.640841 2.628448 -2.250629 0.288952 0.930454 -1.445389 1.244087 -0.588463 -0.500987 -0.294755 0.327696 3.142729 0.114807 0.403010 0.035597 1.387265 -0.179866 -1.097770 0.035957 -0.171996 -0.089176 0.062372 0.222410 
210.178574 -29.381508 -1.827206 3.854083 -0.009550 -3.810235 -0.135773 -0.680436 0.948738 0.810342 -2.425548 -0.858355 -0.759298 -0.133418 -0.719673 2.535317 -0.206037 2.086434 0.227245 -1.480755 0.326993 -0.461386 0.336257 0.192610 0.347817 1.815371 2.874846 -0.433445 1.991761 0.344897 -1.217213 1.264915 -1.328876 0.344018 1.182823 0.295657 -0.088316 
215.907089 -30.563720 0.333838 5.601010 2.177223 -1.336984 -0.231680 -0.847301 -0.325741 0.543640 -0.484698 -0.127865 -0.670817 -1.373654 3.108850 1.761559 1.732894 0.978747 -1.503972 1.084440 -1.413665 0.099573 1.864659 0.296558 0.151064 0.793301 0.650061 -1.287130 1.242014 -1.117593 -1.166034 1.105422 -0.638172 0.318720 0.059982 -0.420801 0.329852 
205.287338 -32.128815 4.390495 7.377201 3.456237 -1.852741 -3.143716 1.488444 -1.878592 1.009489 1.303770 -0.265239 -0.457170 1.453183 0.580448 -0.038944 2.277990 -0.148753 -2.104823 0.730090 -0.949350 0.176055 0.456221 -0.648992 1.007521 3.254525 -2.830474 -2.415407 -0.690719 0.195374 0.774818 -1.335875 0.850882 0.159311 -1.258237 -0.188189 0.466827 
194.158936 -27.657353 1.494735 5.523123 6.733203 -1.634489 -4.441326 0.612879 -2.224442 0.895750 0.427744 -1.425849 1.344225 5.135396 -2.552097 -3.069255 0.351456 1.369495 0.045665 -1.587310 0.288100 0.418195 -0.651815 -0.079819 1.084717 0.953690 -1.301547 -1.892528 -1.891156 0.701759 1.874933 -0.207976 0.667458 -0.058654 -0.127790 0.183800 -0.499634 
170.059296 -21.858023 -0.713698 1.238691 4.159149 0.886249 -3.052387 -1.686175 -1.302393 1.845879 0.000139 -0.424878 1.712264 3.360564 -2.022645 -3.824000 -1.504321 1.254765 1.645043 0.314139 0.385566 0.058748 0.200642 -0.281391 0.008253 -3.063057 -0.003135 0.467203 0.779022 -0.314551 0.601070 1.714267 -0.056419 -0.571345 0.442515 -0.155770 -0.788208 
165.089249 -20.936226 -2.550555 -2.124877 3.724561 0.875041 -1.151239 1.241157 -1.453310 1.013245 0.829027 -1.988631 1.360731 -0.990718 -2.558366 -2.134848 1.909499 0.740393 1.247804 1.841224 0.175262 -0.724495 0.233215 -0.391359 -0.491699 -1.369788 0.859637 1.406018 1.311607 -0.358147 -0.153580 0.349998 -0.345736 -0.413384 -0.244434 0.478953 -0.203810 
159.856918 -23.839459 -5.830431 -3.031006 7.978148 2.367035 -0.556778 1.996273 -0.951869 0.396890 0.466569 -1.207596 0.728866 0.620988 -0.303371 -1.011963 1.118894 0.538471 1.337883 1.014135 -0.305906 -0.768020 -0.288227 0.676514 -0.399367 2.269864 2.970382 0.958920 -1.847546 -1.253635 -0.407308 -0.674879 -0.573231 0.470335 -0.440483 0.366696 -0.046071 
155.385818 -19.694250 -3.157298 -4.148803 5.962349 1.951984 1.524527 3.269427 -2.065121 -0.522794 0.252573 -0.635604 0.561996 3.549010 3.382398 -0.217009 -1.785593 -1.766877 0.433189 0.491466 -0.971201 0.216175 -0.647751 0.342034 -0.583842 0.001542 1.782550 0.514400 -0.910635 -1.618205 -1.378209 -1.302077 0.303893 0.846051 -0.161146 -0.615024 -0.279398 
163.353989 -16.741440 0.934364 -3.465024 4.406963 -1.166720 0.309600 2.979205 -2.894271 0.829240 -0.828933 -0.523528 -0.438817 0.624072 3.261728 0.016836 -0.702377 -2.697939 -1.418535 -1.590019 0.301881 0.924083 -0.610519 -0.553534 -0.958164 -2.300933 -0.906674 0.345087 1.028116 0.344863 -0.965792 -1.136867 1.189887 0.343199 0.357201 -0.412708 0.136864 
160.262878 -18.446107 3.366158 -4.115131 4.557595 -3.443895 -1.312543 0.089388 -1.461359 1.325371 -0.968466 -1.742671 -1.354331 -1.052856 1.569050 0.473164 0.270640 -1.077151 -1.498396 -1.782268 1.408572 0.902573 0.066651 -0.483383 -0.310114 -0.563261 -1.269725 0.715489 0.405855 1.412907 0.365838 0.794249 0.306250 -0.076412 0.444286 0.286238 0.533356 
167.422775 -18.847153 4.072464 -2.518696 4.948243 -3.321021 -2.687192 -0.585330 -0.077127 2.634387 -0.695630 -1.490294 -1.059046 -0.502450 0.722277 1.447813 0.109333 0.127874 -0.686859 -0.001520 0.914381 0.771259 0.278052 0.018943 0.108549 0.570078 -0.811601 -0.125768 -0.399351 0.934241 1.274187 1.625759 -1.143827 -0.560273 -0.138878 0.290384 0.032354 
179.740753 -19.451007 4.810713 -1.219504 4.776262 -3.188146 -2.686262 0.086347 0.367402 2.867888 -0.412361 -1.704785 -1.137233 0.087299 -0.054153 0.221628 -0.528062 0.791330 1.049979 1.469251 -0.879082 -0.217973 -0.211105 0.097386 -0.245406 1.038195 -1.157500 -1.194132 -0.441143 0.985121 1.357131 0.523671 -1.393474 -0.912258 -0.460122 0.317026 -0.002506 
187.749573 -18.672556 3.964158 -2.075441 3.892118 -1.738361 -0.587235 2.353172 -1.835291 2.198441 -1.117840 -1.295522 -1.549858 1.573940 -1.592723 -0.940450 -0.772954 2.098116 2.027403 1.045822 -1.872567 -1.053257 -0.642192 0.652995 0.103536 0.388264 -0.484357 -0.768206 -0.223508 -0.173803 -0.435508 -1.078852 -0.006709 -0.316387 -0.133460 0.360603 0.311553 
184.945053 -16.303127 1.625267 -3.100404 3.230354 1.008085 1.368544 2.177991 -3.377732 0.761375 -1.696744 -0.398795 -0.930161 0.863826 -1.022868 -1.314785 -0.975078 0.443725 0.178962 -0.688453 -0.892500 -0.850747 -0.478024 0.818592 0.377699 -1.189509 0.508273 -0.220534 0.021253 -2.318298 -1.672075 -0.874918 1.284085 0.421500 0.294859 -0.374294 0.094623 
174.170166 -16.944903 1.918423 -4.705011 1.941963 -0.850911 -0.229311 0.976265 -3.620291 0.496947 -2.073887 0.341662 -0.794459 -0.805078 -0.576178 -1.381518 -0.730448 -2.538480 -1.316747 -0.704013 0.695603 -0.210257 -0.052474 -0.095592 0.292782 -0.855417 0.601224 0.742064 0.657631 -0.988893 -0.225153 0.454118 0.604239 0.477298 -0.006234 -0.594490 -0.127406 
164.094940 -17.913283 0.472911 -5.863440 1.769458 -4.068875 -1.264950 0.769964 -1.986525 0.340861 -1.801692 -0.589979 -0.344597 -0.847007 0.179580 0.169343 0.340185 -1.534060 -0.271344 0.219782 0.315979 0.103848 -0.490491 -0.370388 0.122887 -0.001154 0.980826 1.154346 0.591663 1.190984 0.530892 0.594811 -0.389426 0.269990 -0.007150 0.232843 -0.113726 
169.523804 -18.638916 2.277583 -4.366324 2.622334 -3.919032 -0.771998 1.415828 -2.988334 0.704642 -3.054869 -0.399113 -0.548685 -0.807386 1.385473 0.927174 0.452879 -0.156513 -0.254964 0.485609 -0.083249 0.329722 -0.066774 0.370095 0.065329 1.109897 -0.434513 0.264893 -0.349210 0.838585 -0.305132 0.205330 0.409895 -0.052089 0.767551 0.322163 -0.190650 
185.489487 -19.528054 3.243857 -4.009093 2.675215 -4.381902 -1.774877 1.741182 -2.153023 1.000305 -1.935240 0.150211 -0.213938 1.372788 -0.689445 0.699129 -0.358234 0.143110 -0.881608 0.630441 1.135768 -0.000330 1.044612 0.273939 -0.258413 1.517107 -1.396978 0.067848 -0.293540 0.190462 0.027162 0.039320 0.515182 -0.301182 0.104327 -0.225733 -0.366105 
203.650818 -15.893341 0.898692 -2.968066 1.905866 -3.632812 -2.535214 2.676710 -0.716797 0.703983 -0.965646 0.148765 -1.065512 2.226829 -1.408484 1.062869 -0.134201 0.224411 -0.200639 0.564250 0.947115 -0.272642 0.141880 -0.081372 -0.666881 -1.261209 0.245249 0.445578 0.548232 0.380195 0.335977 -0.273812 -0.812701 0.033560 -0.620394 -0.241980 0.000514 
208.742447 -15.074395 0.426890 -1.883355 2.406813 -3.933079 -2.176155 2.869681 -0.258794 0.455022 -1.651481 -0.012532 -1.547699 -1.149631 -0.198948 1.590286 0.738230 0.903501 -0.209653 0.082817 -0.489633 0.066790 -0.196176 -0.210020 -0.257385 -2.857577 0.547322 0.470163 0.542577 0.451706 -0.144583 -0.189665 -0.838914 0.346951 0.264063 -0.288053 0.547993 
201.372360 -18.192602 0.500795 0.212505 3.382326 -1.825810 -2.954520 2.842344 -1.696064 0.837564 -1.357999 -0.271275 -1.580282 -3.488324 -0.313840 2.003194 0.950954 1.127823 -0.489806 0.184920 -0.730713 0.421261 0.670005 -0.657477 0.429106 -3.224520 0.169379 -0.057825 -0.024289 -0.616540 0.065347 0.350578 0.263999 0.139857 0.382491 -0.317731 0.598172 
192.185547 -22.051043 -0.200790 2.123033 4.308720 -1.677433 -3.155767 3.239521 -1.720220 1.297543 -0.311470 -1.327486 -0.689487 -7.598671 0.139810 1.474635 0.689652 -0.329579 -0.078959 0.783973 0.038364 0.346504 0.568805 -0.845483 0.938958 -4.875344 0.975694 -0.426109 -0.362368 -0.629076 0.432491 0.084441 0.307670 -0.646208 -0.380585 0.325241 -0.162728 
185.781662 -33.389944 0.780416 3.161776 4.761629 -2.484967 -3.112438 4.410289 -1.619336 1.530572 -0.220389 -1.962241 0.297633 -13.239011 1.637548 1.150976 0.226218 -0.130328 0.375176 0.353801 -0.115372 -0.871154 -0.091166 -0.006995 0.103651 -1.331383 0.946801 -0.319233 -0.972310 0.331382 0.433040 -1.024763 0.234514 -0.873675 -0.248028 0.493700 -0.760411 
182.456100 -48.529065 3.074307 4.424984 4.761157 -1.938089 -2.405415 3.947124 -1.950964 -0.444766 -0.493801 -1.341476 -0.482185 -10.261437 2.033413 0.836170 -1.254969 0.333185 0.787120 -1.265553 0.507391 -1.400845 0.072749 0.141916 -0.581864 4.696477 -0.720504 0.615339 -0.876085 0.996928 -0.595514 -0.385791 -0.108052 0.887654 -0.092297 0.642290 -0.209539 
190.557495 -53.912817 4.847242 4.834115 2.251692 -1.818597 -1.538198 1.879184 -0.604554 -1.271118 -0.074891 -1.678408 -0.866095 -3.846058 0.196540 2.381654 -1.525953 1.863527 -0.815852 -0.417781 -0.331476 0.904154 -0.275759 1.277585 -0.315426 7.510956 -1.261355 0.476835 1.532477 0.336348 -0.941876 1.099226 -0.950213 1.260255 0.446697 0.402543 0.701395 
195.538651 -56.221181 3.467387 9.188293 1.709252 1.788965 -4.037119 3.111562 -2.613916 1.363542 -1.045319 1.213694 -1.113037 4.760475 -0.489297 1.789840 1.809986 1.005880 -1.096632 0.932899 -1.393035 1.119664 0.966143 0.947003 0.820926 9.214245 -0.658329 -2.045103 2.647990 -1.601923 0.095231 -0.113313 0.221300 -0.355224 0.786767 -0.882432 0.865786 
206.808838 -44.391867 3.868648 8.413795 5.871664 0.193163 -3.731461 3.744981 -3.390624 0.968210 1.857396 0.215598 0.775756 14.582431 -1.120118 -1.708552 3.770027 -1.340320 -0.625389 -0.644407 0.111125 0.193705 1.297776 -0.487278 1.416146 3.920137 -0.669193 -2.494174 -1.089186 -0.784201 0.304705 -1.216546 1.248439 -0.018271 -0.872488 -0.722651 -0.610066 
214.107559 -27.056318 1.227151 5.771189 9.249307 -0.891674 -5.287897 1.822748 -2.391667 1.750953 1.550232 0.239138 1.719254 12.600749 -1.827684 -3.198508 -0.368387 -0.562522 -0.487221 -1.500192 1.103843 1.083122 -0.778832 -0.498299 -0.399206 -4.911893 0.405197 -0.950251 -3.899851 0.852241 1.313266 0.223680 0.325939 -0.009926 -1.245808 -0.180325 -1.261025 
210.502502 -19.190369 0.213281 2.016778 5.134890 -0.931881 -4.705902 0.744597 -1.182938 3.134455 0.299732 -0.780999 -0.022656 4.758645 -0.309723 -3.609055 -4.029674 0.364163 2.001142 -0.197047 0.763002 0.173853 -1.193840 -0.847928 -1.105905 -8.201119 1.244699 0.280991 -0.538011 0.568334 1.792765 1.432290 -0.843412 -1.217157 0.270104 0.362746 0.098095 
201.690109 -17.539028 0.607704 -1.446922 1.189958 -0.163348 -1.285613 1.428653 -0.865662 2.098659 -0.837447 -1.456719 -0.492555 -3.801489 0.661714 -2.636527 -1.444408 0.574147 3.098309 1.364387 -0.582980 -1.351191 -0.238625 0.227194 -0.203016 -5.582863 -1.600929 1.898985 3.027329 1.317618 -0.839358 0.340101 -0.446655 -0.835067 1.096588 1.270018 0.509169 
189.623352 -26.793348 1.536709 -3.256276 2.246073 0.216412 1.490716 3.473371 -2.348898 0.432072 -0.177518 -0.326611 -0.428689 -6.407081 -3.511581 0.188916 2.024983 2.999398 0.322427 0.483155 -0.130307 -1.496281 0.999335 1.692108 -0.087567 1.954262 -2.133994 1.145853 1.412829 1.305859 -1.450522 -0.876646 0.493208 0.690376 0.527929 0.190731 0.235669 
192.240875 -30.353190 -6.415457 -1.069091 5.239923 5.835449 -0.640759 2.394964 -1.126277 -0.893903 1.161224 1.927497 -0.667689 0.107034 -3.606273 -0.344821 1.381249 3.185865 0.197266 -0.388905 0.403435 0.029560 0.817234 0.608656 0.268323 4.754239 1.950807 -1.053292 -1.078195 -1.482517 0.338494 -0.034881 0.018481 1.151961 -0.430164 -1.082612 0.450018 
196.736847 -26.579280 -5.675837 -3.945918 5.008571 6.588143 1.885248 2.695562 -1.542029 0.491193 1.456950 0.890701 0.107957 3.101396 0.390034 -1.917669 -0.131406 0.034364 0.999416 0.413394 -0.093346 0.807641 0.139008 -0.473116 0.812469 -1.160845 1.590132 -0.114626 -0.407470 -2.164398 -0.380327 0.354943 -0.276358 0.099658 -0.319501 -0.145187 0.090473 
201.260178 -24.150399 -5.635389 -4.904429 4.977110 5.904178 1.358073 3.221752 -1.312968 0.721379 1.439239 0.981266 0.957250 -2.214655 -0.426009 -0.574073 0.566309 -1.142931 -0.563388 0.320980 -0.149282 0.228876 0.178233 0.318283 0.449269 -3.265246 -0.418133 0.911426 0.356723 -0.417657 -0.649608 -0.177755 -0.085233 -0.346929 0.024040 0.373058 -0.393923 
197.823181 -31.008591 -6.527854 -5.094064 6.141189 4.302280 0.758471 3.337522 -1.840592 0.948944 1.813415 1.527267 1.006495 -3.429096 -0.446232 -0.094818 0.582039 -0.800949 -0.299801 0.057885 -0.263812 0.113783 0.187088 0.273001 0.024623 -0.607220 -0.010112 0.239628 0.007865 0.170991 0.131794 -0.131548 -0.057265 -0.057546 0.004428 -0.022641 -0.212323 
