200.034683 -21.847455 6.325824 0.311644 3.766722 0.841176 -4.580813 1.755107 -0.950144 0.992599 1.656636 -1.169732 0.497408 -0.958138 1.521518 -1.190398 0.930117 -1.056375 -0.012023 -0.320220 -0.001357 0.078437 -0.434627 -0.040270 -0.078297 -0.630838 -0.094801 -0.033387 0.213309 0.011543 0.043416 -0.066076 0.115925 -0.114811 -0.114430 -0.026159 0.178835 
196.637833 -23.763731 9.368860 -2.069152 5.626957 -1.271574 -4.604860 1.114667 -0.952858 1.149473 0.787381 -1.250273 0.340813 -2.219814 1.331917 -1.257171 1.356735 -1.033288 0.074809 -0.452372 0.230494 -0.151186 -0.663487 -0.092589 0.279372 -1.317375 -1.192176 1.355195 -0.144634 0.606734 0.182532 0.282836 -0.023797 -0.339535 0.019101 0.012476 0.104728 
189.651199 -26.287083 8.989658 -2.202699 6.480193 -1.225400 -4.431194 0.850363 -0.489157 0.690227 0.329661 -1.354910 1.056151 -3.592889 -0.862833 1.519993 0.640849 0.157094 0.353040 0.245452 -0.048950 -0.600633 -0.396425 -0.015318 0.131159 -0.089120 -1.085686 1.635840 -0.472825 0.553459 0.060975 0.278907 -0.223941 -0.107682 0.210830 -0.033684 -0.377216 
174.870361 -30.949509 7.643194 0.970833 6.908654 -0.957386 -3.898779 1.605572 -1.050759 -0.051792 -0.005469 -1.280908 0.603130 -2.398055 -0.839455 2.014508 0.411086 0.073630 0.196759 0.105441 -0.217388 -0.366549 -0.241827 -0.159956 -0.475061 2.827219 0.858532 -1.356382 -0.765247 -0.433702 -0.355207 -0.054789 0.298209 0.667481 0.475513 -0.060492 -0.038233 
156.842331 -31.083193 7.310749 1.826318 7.302364 -1.078139 -4.037677 1.061244 -0.923933 -0.042871 -0.153993 -1.674823 0.106029 2.061548 0.854231 -1.192772 -0.889645 -0.710310 -0.357374 0.135874 0.547468 0.734330 0.554601 -0.136301 0.054692 3.154750 0.667660 -3.106316 -1.298221 -0.057194 0.408016 0.569189 0.320334 0.450742 0.346401 0.100812 0.199828 
150.087875 -26.826412 9.351656 -1.414710 5.129364 -2.378005 -4.613528 1.877319 0.044177 1.416868 1.103733 -1.553511 0.712515 3.911446 0.495865 -4.198123 -2.185356 -0.040757 1.012791 1.243819 0.423281 0.534935 0.450975 0.041667 -0.075404 -0.858731 -2.227799 -0.076559 -0.261394 1.197954 1.432072 0.037970 -0.167749 -0.710613 -0.396310 0.322287 0.062070 
144.725800 -23.260302 8.302478 -6.569928 2.931652 -1.159652 -2.012095 3.548883 -0.077370 1.027000 0.747956 -1.591488 -0.044779 0.344087 -3.601367 -1.345891 -1.412433 1.685598 2.506769 0.211814 0.211969 -0.686897 -0.238020 0.508274 0.178832 -2.231934 -4.163989 3.826597 1.001265 0.457250 0.098074 -1.201955 0.109449 -0.563022 -0.233312 0.072156 0.320622 
144.251129 -26.138238 2.148922 -4.106491 2.304498 0.993192 0.400009 2.300947 0.468114 0.043074 0.627693 -0.536963 1.070179 -0.552423 -7.832113 3.455071 -0.182826 0.873744 1.208938 -1.160090 0.642178 -0.591110 -0.015650 0.185979 0.565839 1.519923 1.569835 1.277934 0.256841 -1.034633 -1.405477 -0.199426 0.151622 0.142371 0.010759 -0.323657 -0.076983 
143.164764 -24.365148 -7.361747 0.340214 2.566001 0.587835 0.405780 1.228703 1.206986 -0.155219 0.716656 -1.219530 1.086899 3.383934 -0.461698 1.209978 -0.898751 -0.383668 -0.304184 -0.187038 0.515213 -0.402154 -0.216502 -0.139039 0.024866 1.723940 6.535140 -2.743568 0.047619 -0.769777 -1.334191 0.758962 -0.117711 0.549810 -0.087432 -0.231857 -0.358300 
170.496002 -19.370370 1.225527 -1.686535 0.506995 0.225857 -0.208360 1.926871 1.498540 -0.761235 0.194689 -0.815042 1.119911 2.895456 5.238166 -2.032064 -0.087587 -0.665810 -1.459444 0.357834 0.406756 0.508510 -0.190513 -0.277735 -0.150761 -1.075871 -1.442746 0.102668 0.830305 -0.261798 -0.119586 -0.049414 -0.312656 0.626987 0.184041 -0.150700 -0.308782 
172.783356 -18.574236 3.114586 -3.723915 2.390826 -0.743784 -2.513108 1.944371 2.020499 0.861801 0.335630 -1.775000 0.785378 1.232191 -3.347190 1.415314 0.761858 -0.907264 -0.543356 -0.285866 -0.110099 0.851821 0.151580 -0.440440 -0.592698 -2.096539 -6.364871 2.440805 0.226688 0.090279 1.377211 -0.263089 -0.641298 -0.394869 0.167061 0.204710 -0.122561 
167.283966 -16.905988 -5.468852 1.144093 2.030711 -1.588671 -1.295072 1.355139 1.278343 0.942407 0.497849 -1.695922 -0.065484 -1.297621 -7.491576 2.849545 0.365789 -0.485252 1.294978 -0.168345 -0.875840 -0.281228 0.143609 0.131685 -0.395883 -0.850365 1.935929 -0.514192 -0.520782 0.457655 0.210884 -0.173536 0.106569 -0.416503 0.011591 0.382013 0.419351 
171.882553 -21.169478 -11.868567 1.975175 3.122404 -1.714289 0.076848 1.607681 0.268819 0.299345 0.622848 -1.511631 -0.006388 -0.468539 0.524669 0.386931 -0.279706 0.008046 -0.121588 -0.632938 0.103039 0.018815 0.174762 0.323586 0.246005 0.459175 8.118451 -2.181817 -0.321694 0.281184 -1.469895 -0.259918 1.175493 0.357110 -0.220294 0.136618 0.169996 
177.924118 -17.843065 -4.419515 1.917955 1.471299 -1.572579 -1.538248 0.089263 1.484421 0.980037 0.847373 -1.048749 0.426526 -0.379271 8.745325 -1.514089 -0.277599 0.077115 -1.644812 -0.688181 1.475145 0.432992 -0.296980 0.404921 -0.055890 -1.959005 3.019096 -0.770731 0.544928 0.137620 -0.503933 0.316675 0.201658 -0.202998 -0.206696 -0.045758 -0.167447 
191.724915 -21.928020 5.622083 -1.053003 2.567206 -1.560060 -3.212776 0.231319 3.219108 1.165329 0.028889 -0.701789 -0.118169 -4.386549 6.562860 -1.154530 0.810150 0.283286 -1.129455 0.000411 0.506355 -0.387181 -0.238630 0.232071 -0.088890 -2.070167 -3.141852 1.374886 0.627787 0.215241 0.546454 0.404039 -1.273062 -0.587341 0.242373 -0.046291 0.156330 
188.817215 -26.616162 8.706204 -0.391106 3.091600 -1.006006 -3.797157 0.090085 2.497132 0.205674 0.370114 -0.584607 0.248747 -4.519604 2.461621 1.235683 0.977975 0.507596 -0.551903 0.119897 -1.070980 -0.741691 0.187765 0.312340 0.256770 2.038427 -2.644111 0.424663 -0.408108 -0.106237 0.394053 0.212657 -0.539432 0.252069 0.204125 -0.201604 -0.050633 
180.237350 -30.967229 10.545326 1.418363 4.523157 -0.544868 -4.316582 0.471113 1.077149 -0.318052 0.404419 -0.077109 0.395372 -0.309696 1.274637 -0.305204 -0.006065 0.070813 -0.341349 0.425726 -0.572509 0.116957 0.169620 -0.171136 -0.190155 4.418644 -1.437415 -2.028519 -0.968709 -0.454887 0.750650 0.544051 0.360453 0.526283 0.040201 -0.714144 -0.187208 
166.204254 -27.235553 11.255478 -1.001514 3.079469 -0.864380 -4.479855 0.941537 1.352114 0.439588 0.709354 -0.926880 -0.131563 4.317684 -0.413208 -2.821354 -0.959444 -0.402179 0.949396 1.207999 -0.350075 0.310876 0.268167 -1.115949 -0.117647 0.714041 -1.712582 -0.999428 0.142744 0.148380 1.046334 0.441873 -0.298783 -0.220705 -0.160340 -0.177753 0.257968 
0.000000 -22.331862 9.718910 -4.224346 2.604269 -1.349226 -2.417789 2.887112 0.377000 0.303699 0.940752 -2.309007 0.160078 1.118387 -2.150527 -2.304061 0.279422 0.367572 1.751320 1.309471 -1.170076 -0.324452 -0.151060 -0.526643 0.325781 -2.220975 -3.007958 1.997026 0.474563 0.418102 0.450489 -1.252088 0.229527 -0.177491 -0.549140 0.980960 0.140067 
127.595116 -24.998780 6.954424 -5.609636 3.638314 -0.129235 -0.977216 3.560479 -0.988037 -0.209316 0.407234 -1.980165 0.519998 -0.124267 -6.429124 1.172697 -0.010317 0.434025 1.850375 -1.296176 0.108980 -0.044107 -0.830114 0.845971 0.162488 0.500777 -2.893538 1.741124 -0.719247 -0.146916 -0.475165 -1.631467 1.073728 0.237074 -0.113980 0.686921 -0.130913 
57.222839 -22.580396 -3.139338 -1.878951 2.583635 -0.481176 1.282960 0.294760 0.594960 0.215486 -0.719476 -0.617064 0.485054 2.119940 -7.937604 1.178188 -1.159072 0.073740 0.800989 -1.953462 0.977380 0.149697 -0.379019 0.847198 0.063955 -0.449563 2.319081 -1.520646 -0.965392 -0.305805 -0.883391 0.637187 0.020381 -0.446453 0.489422 -0.246790 0.068753 
58.520576 -20.758901 -8.920783 -3.253260 1.320170 0.018244 0.624762 -0.346444 0.966723 0.090077 -0.350804 -0.285769 0.647909 -1.023393 -1.790963 -1.868595 -1.941102 -0.177584 0.083592 -0.021801 0.149743 -0.937013 0.148730 0.352392 0.299994 -1.197911 7.320671 -0.268027 -0.324263 -0.468869 -1.058437 0.720277 -0.405202 -0.459117 0.449263 -0.732484 -0.282720 
0.000000 -24.627183 -6.721263 -5.616142 -1.298569 -0.836344 1.450144 0.251158 0.894445 -1.658541 -0.422015 0.087720 1.085041 -0.275883 6.703738 0.642134 -1.807598 -0.863999 -1.315886 -0.512909 0.166977 -0.768538 0.519508 -0.617770 -0.501485 1.551999 4.676271 1.556906 1.031028 -0.170917 -1.427849 -0.262193 0.144499 0.565768 0.461389 -0.601543 -0.653648 
208.823776 -21.310667 4.486692 -1.968992 -2.295025 -1.709753 -2.007010 -1.372261 1.300677 -1.447000 0.688212 -1.521308 -0.355061 2.080605 7.561580 1.245216 0.120955 -0.519419 -2.772105 -0.546188 0.438740 0.194522 1.071508 -0.850694 -1.007303 -0.535870 -1.778014 -0.535988 1.582939 0.470637 0.092674 0.337140 -0.344586 0.697981 -0.068815 0.351795 0.132240 
187.738358 -20.465972 8.401896 -3.125709 -1.056659 -1.875182 -4.094067 -0.841218 1.771925 -1.269497 1.721001 -1.613668 -0.929565 -1.347624 3.147709 -0.429843 1.358281 0.077274 -1.130537 0.161371 -0.522194 0.627424 0.381877 0.085821 -0.237006 -3.939306 -3.265062 0.235030 0.301921 0.408901 1.535291 0.006487 -0.780408 0.272584 -0.875239 0.609447 0.660584 
0.000000 -24.005914 10.782111 -2.828678 0.421536 -1.555205 -4.268084 -1.049519 0.256289 -0.192151 1.451966 -1.349667 -0.829073 -5.798007 1.031456 1.715276 0.724796 0.298382 0.298476 -0.533214 -1.122076 0.739690 -0.678969 0.368201 0.313865 -2.378524 -1.582113 1.612281 -0.490396 -0.082071 0.901029 -0.108537 -0.113927 0.072365 -0.073640 0.053468 0.268348 
147.993103 -32.061985 10.464808 0.304842 0.392934 -1.278418 -3.497115 -1.907646 -0.472228 0.209882 0.363063 -0.877267 -0.301836 -6.104672 -0.016517 2.794719 0.377489 -0.086868 0.671521 -0.055703 -0.750049 0.772155 0.234596 0.192756 0.299690 4.427466 -0.505761 -1.299743 0.102375 -0.544243 -0.085532 0.963987 -0.004382 -0.130529 0.981670 -0.803916 -0.453049 
197.889725 -36.215259 10.749078 2.760761 1.176515 -1.728941 -2.925041 -1.160926 -1.243810 1.352159 1.921159 -0.964154 -0.229693 3.056925 0.019933 -0.884211 0.929546 -0.790104 0.127413 1.394760 -1.130839 0.478632 1.284370 -1.239630 -0.592233 5.012008 0.007267 -2.842032 -0.527541 -0.035661 -0.294187 0.423873 0.286832 -0.415801 -0.147561 -0.640157 -0.464387 
121.423210 -25.948136 10.504675 -1.463581 2.252026 -2.858626 -3.242289 0.881874 -2.733906 1.167146 2.931804 -3.356527 -1.486301 3.919345 -0.001983 -2.889345 -0.677592 -0.158190 0.083147 0.792043 -0.176385 -0.059448 -0.060526 -1.087558 -0.629083 -3.222225 -0.055840 -0.100016 -1.205653 1.130543 -0.211546 -1.443868 1.450572 -0.262907 -1.442301 1.097958 0.434212 
114.740044 -28.376570 10.745111 -3.017930 -0.178669 -2.045321 -2.758747 0.423159 -1.596579 1.233263 1.800106 -3.139271 -1.487860 -3.387526 -0.091748 -1.084242 -1.481761 1.470983 -0.295680 -1.492976 1.770304 -0.047183 -1.600232 0.956285 0.276191 -4.341402 -0.615391 1.629085 0.254955 0.988840 -0.219000 -1.192103 0.909179 0.009237 -0.621787 1.178294 0.629317 
114.251831 -32.723188 10.321179 -3.632065 -0.711496 0.083340 -3.833648 -2.104078 0.806701 1.072781 -0.268660 -1.443957 -0.933918 -4.763459 -1.232765 0.368824 -0.167681 1.819490 -0.354854 -1.592164 1.641974 -0.040973 -1.304101 1.269030 0.629550 -3.768451 -1.790470 2.009016 1.016496 -0.619209 0.819855 0.981707 -1.046039 -0.093580 0.898133 -0.137401 0.135849 
115.319168 -37.903488 8.279581 -2.280282 -0.514031 1.593660 -3.468455 -2.761169 1.687368 1.151316 -0.808095 -0.601210 -0.228759 -10.924427 -3.672688 2.933789 0.551232 0.232565 1.344031 0.470439 -0.321773 -0.234342 0.196034 0.681483 0.547888 1.236138 1.052697 1.509289 0.437250 -1.586842 0.515356 1.113374 -1.230165 0.063433 1.208228 -0.378002 -0.253010 
112.366562 -54.572043 2.975804 2.235513 0.390969 0.548469 -1.145586 -1.163201 0.163154 0.604096 0.123409 -0.080991 0.161858 -2.291183 0.872629 3.387402 0.706819 -1.354194 0.675858 0.634584 -0.818357 0.085893 1.112356 0.513026 0.123529 11.977359 3.915306 -2.447043 -0.421095 -0.039295 -1.268925 0.250525 0.581737 0.101462 0.204427 -0.429273 -0.556519 
133.177704 -42.485854 10.024840 4.494523 0.899607 -1.114728 -2.116739 -1.492001 0.050655 1.323103 1.416617 0.424841 0.018300 13.030292 4.157924 -1.960297 -0.290957 0.153976 -1.193820 0.971489 0.841701 -0.031419 0.604889 -0.177063 -0.565149 5.048081 -0.437656 -3.674829 -0.821415 1.670624 -0.217049 0.674303 0.795304 -0.506550 -0.735590 -0.673245 -0.149502 
139.405716 -28.511460 11.291652 -1.685082 -0.190946 0.856421 -3.533226 0.779777 1.846557 0.541258 1.333186 -0.435118 -0.968440 7.804980 -0.002682 -3.962257 -0.936011 1.987054 0.241761 1.983190 0.772251 -0.927206 -0.358824 -0.833465 -0.175474 -6.847464 -4.906005 0.837596 0.781936 -0.005082 1.866407 0.215438 -0.869524 -0.010289 -0.740610 -0.058258 0.865219 
135.918274 -26.875894 10.019476 -3.429991 -0.972414 2.859381 -1.633217 2.474380 1.595156 -0.531310 0.698968 -1.242088 -0.332648 -0.664637 -5.654085 -0.285105 1.272915 0.143811 2.538995 1.402366 -0.897347 -0.051996 -0.876332 -0.293579 1.165290 -6.298783 -5.470262 3.570084 1.595813 -2.084625 0.877667 -0.824561 -0.663757 0.537105 -0.141055 0.403148 0.341488 
123.874550 -29.840733 -0.016518 -2.255293 2.354884 1.144043 1.544764 3.584508 0.051863 0.437266 -0.419478 -1.022275 1.362139 -4.792585 -10.943206 3.177912 2.255616 -2.182196 1.997095 0.334069 -0.555264 0.147004 -0.640935 -0.027170 0.507502 -1.943349 -3.221776 0.866636 -0.216124 -0.497972 -1.642605 -1.471193 0.475768 -0.039289 0.703593 0.164585 -0.822989 
128.838150 -36.461064 -11.866937 2.925833 3.538819 -1.505012 2.360972 3.142518 0.484628 -0.237302 -0.582902 -1.296427 0.682355 -4.551334 -12.097638 1.448167 0.840667 -0.852133 -0.746214 -1.540020 0.054189 -0.130575 0.530854 0.035592 -0.480689 5.228617 6.296382 -1.797460 -1.539592 1.421416 -0.851986 -0.379302 0.396643 0.106795 0.424236 0.353879 -0.156040 
0.000000 -38.943401 -24.211793 0.641041 4.036218 -0.560224 0.052335 0.504468 0.160240 0.176116 0.642230 -0.951092 0.400762 5.664650 1.649557 -0.417009 -0.823569 0.660635 0.293124 -0.424534 0.238022 0.360593 0.207537 0.680589 0.195421 4.563325 12.622099 -0.846529 -1.229661 0.974163 0.741472 0.979037 0.518688 0.060828 -0.771355 0.267974 0.365278 
0.000000 -25.131765 -8.567823 2.091816 1.891681 -0.183741 2.947220 2.293449 0.960672 0.483884 -0.167828 0.064752 1.073198 4.575315 13.146560 -0.244891 -1.618656 1.096194 0.736731 0.418054 1.091566 -0.008918 -1.011856 0.571540 0.249867 -5.749952 2.162806 -0.743808 0.078362 0.128197 -0.032615 0.016592 -0.031595 -0.444347 -0.077450 -0.389170 -0.329517 
127.378693 -29.792770 2.081328 0.151259 0.798906 1.632163 1.525797 1.340576 2.343372 0.158279 -1.381481 0.191988 0.900495 -5.835255 5.975169 -1.904624 -0.666845 0.917029 0.227894 -0.391351 0.174832 -0.528100 0.052636 -0.097751 -0.463612 -1.617685 -5.020089 -1.049346 1.002466 -0.561465 -0.320715 0.030881 -0.818074 -0.584746 0.634523 -0.315518 -0.154787 
118.219757 -36.802274 3.382516 -1.717432 0.557991 1.650317 3.403008 1.510746 1.310335 -0.572316 -0.062556 -0.130751 0.145973 1.339945 3.106382 -2.343583 0.386276 -0.026737 0.095301 0.479816 -0.544583 -1.178411 0.257190 -0.059496 -0.059708 5.854682 -1.858716 -0.411214 0.746913 -0.146118 -0.731861 0.372704 -0.227696 -0.108495 -0.252553 0.074830 0.445469 
120.931679 -27.112881 8.294092 -4.535908 1.571458 1.578689 1.716399 2.300208 1.254207 -2.198543 -0.867101 0.072995 0.781080 5.874109 2.257736 -2.727052 0.826980 0.624793 -1.235828 0.354057 -0.280560 -0.745091 -0.452469 0.051909 0.427326 0.004785 -4.716261 2.291122 -0.487874 0.046901 -0.028481 -0.848547 0.289423 0.823932 -0.144177 0.044836 0.106237 
118.849609 -25.054056 7.897989 -7.171535 2.211950 2.899902 0.931351 2.218861 0.749216 -2.062498 -0.967494 -0.026933 1.000625 1.349515 -6.326141 2.238660 -0.589472 0.067064 0.038340 -1.217277 0.034263 0.469453 -0.031164 0.030176 0.152766 -3.376635 -7.280035 3.431041 -0.005714 -0.752914 0.775337 -0.565706 0.247607 0.974733 0.592323 -0.058625 -0.181500 
113.268074 -24.413850 -4.358190 -0.058588 0.392515 1.712817 1.793079 -0.134346 1.322733 -1.259637 -0.929430 0.133346 1.086611 -0.879161 -12.302333 4.135030 0.815552 -0.881034 0.314847 -0.777355 0.214654 1.204376 0.732177 -0.065341 0.064326 -1.522297 -0.589953 -1.606048 1.443328 -0.011821 -0.168623 0.768434 -0.309556 0.251918 0.579290 -0.157567 -0.075735 
112.654198 -26.812378 -16.706678 1.098525 3.843054 1.137833 1.561044 0.664150 1.178524 0.346253 0.496860 -0.157615 1.129277 -1.695078 -7.506046 -0.973437 2.297184 0.043422 -0.298905 0.319591 -0.584848 0.973290 1.127415 -0.284959 0.001295 0.012339 8.936331 -2.656151 -0.514775 0.798201 -0.023514 -0.024345 -0.451695 -0.541225 -0.154786 0.109679 -0.180294 
0.000000 -27.804006 -19.370282 -2.005462 4.986883 1.799662 1.195269 0.504837 0.153037 0.686942 1.325400 -0.436572 1.089201 -0.854483 5.570330 -1.177273 -0.213998 0.715368 0.267818 -0.826046 -0.688736 0.121927 0.422605 0.154017 -0.296262 0.317924 9.572242 -0.069697 -2.507327 -0.147881 0.161464 -1.053029 0.268363 -0.626354 -0.621612 0.093155 -0.396447 
116.923264 -28.521344 -5.566019 -1.256020 3.415059 2.568570 2.096680 -0.987941 -0.198949 0.590107 1.342069 0.150419 0.536754 -1.059229 11.638437 -1.112831 -2.717469 -0.252340 0.024024 -1.786468 -0.048121 -0.279419 -0.115809 -0.098650 -0.791599 -0.951948 0.861484 -0.132526 -1.557042 -1.172223 -0.584076 0.467081 0.484433 -0.120025 -0.425828 -0.230362 -0.125327 
109.200584 -29.922465 3.906592 -4.231124 -0.448056 1.294982 1.243317 -3.068098 0.056795 0.128105 1.093782 -0.633872 -0.493997 -2.758379 7.293298 -1.442325 -3.328081 -1.629078 -0.900333 0.108116 0.280131 -0.118123 -0.429052 -0.306708 -0.546916 -0.308332 -4.179924 0.607900 0.909028 -0.451526 -0.848351 1.370477 0.630982 0.285779 -0.348055 -0.042909 0.304945 
108.391273 -34.038101 9.020577 -4.140670 -3.241102 -0.689587 0.296013 -0.771708 0.361312 0.353860 0.483966 -0.462996 -0.557078 -1.675893 3.278589 0.102970 -0.899413 -1.155392 -1.672679 0.954487 1.213842 0.292140 -0.811919 -0.184468 -0.181708 3.327212 -3.230492 0.804097 2.166997 0.313809 -0.255194 0.108826 0.131083 -0.296865 -0.176229 0.102847 0.022852 
112.064384 -33.274251 10.463770 -4.025185 -2.246882 -1.015802 -2.102041 -1.159123 2.484479 0.712384 -0.530057 -1.002809 -0.857413 3.896045 0.832314 0.165869 1.005913 -1.001461 -1.410722 0.325769 0.542296 -0.711854 -0.781509 -0.101015 -0.501211 1.957541 -1.568775 0.665912 1.311724 0.302358 0.613074 -0.185883 -0.825215 -0.426526 0.317934 0.088804 0.016374 
115.464424 -26.246011 10.685205 -3.808932 -1.229277 -2.692510 -2.525432 -0.120171 1.445905 -1.069847 -1.079051 -0.665026 -1.559500 2.239188 0.141039 1.434793 1.724034 -0.550676 -0.446532 0.582722 -0.436588 -0.560912 -0.176051 -0.006861 -0.148960 -5.498522 -0.781583 1.370564 -0.014273 0.957367 0.921275 -0.231570 -0.308527 0.696042 0.568929 0.080793 0.605479 
118.572647 -28.795875 10.745848 -1.155599 1.201186 -2.117154 -2.995104 0.006320 1.611304 -0.409441 -0.882158 -1.016532 -1.155333 -7.100998 -0.730851 2.906997 0.977367 0.913273 0.431828 -0.137371 -0.074758 0.680230 0.356349 0.060570 0.709747 -1.888952 0.156112 -0.076019 -1.370229 0.200583 -0.004697 -0.496052 0.357761 0.333813 0.163843 0.214833 0.037529 
117.887093 -40.448008 9.223503 2.005061 0.725458 -0.865963 -1.661775 -0.394913 1.296390 0.290612 -0.366353 -0.543885 -0.140007 -1.538716 0.453263 1.282755 -1.016424 -0.149511 -0.455925 -0.409383 0.278934 0.106713 0.151635 0.422805 -0.073901 6.885176 0.460347 -2.489030 -1.229246 -1.197001 -0.766660 -0.382964 0.224200 -0.711397 -0.379958 0.066888 -0.520142 
113.586899 -31.873306 11.652373 1.409912 -0.831662 -2.416176 -3.906955 -0.812446 2.169172 -0.196015 -0.578888 -0.170921 -1.303135 6.669353 0.189843 -2.071064 -1.481125 -1.480729 -1.101491 -0.903300 0.373643 -0.742565 -0.403567 0.194347 -0.330538 2.294082 -1.298618 -1.722804 0.061297 -0.652642 0.894866 -0.113725 -0.271113 -0.090439 -0.126665 -0.193739 0.142589 
107.948799 -27.109303 9.603188 -2.137067 -2.236792 -3.827422 -3.864757 -2.201513 2.043675 -1.194517 -1.173486 -0.155191 -0.801082 3.049449 -2.143973 -2.162853 -0.893831 -1.454795 1.333806 -0.636833 -0.263291 -0.074164 -0.101694 0.035327 0.211276 -3.023724 -0.892421 0.575145 0.577369 0.495591 1.427327 0.434657 -0.213137 0.482867 0.413699 -0.166467 0.343691 
103.859695 -25.774409 7.364427 -2.915794 -2.619323 -5.325767 -1.239343 -2.086112 1.642590 -0.344343 -0.782277 -0.100267 -0.880582 0.621905 -1.594999 -0.920773 -0.326386 -0.489546 1.753163 -0.033987 -0.052631 0.223170 0.423831 -0.138588 0.356843 -2.166312 0.965830 0.842416 0.561318 0.943984 -0.606295 0.166814 0.133044 -0.102191 0.035461 -0.159989 0.191480 
103.825256 -25.865493 6.413190 -3.978614 -2.889563 -4.806515 -0.358431 -2.269487 1.938414 -0.748178 -0.325824 -0.432367 -0.087395 -1.283175 -0.212312 -0.478020 0.228806 0.433173 0.121215 -0.303204 0.002797 -0.278546 -0.030773 -0.284652 0.594237 -2.646491 0.643261 0.593528 0.319992 0.637865 -1.238502 -0.235806 -0.186378 -0.077248 -0.167693 0.124888 -0.047820 
101.955200 -28.340758 6.939803 -3.871835 -2.161711 -4.459422 -0.996913 -2.692521 1.648185 -0.901435 -0.843823 -0.669570 0.307892 -4.671078 -0.308477 0.266282 0.313599 0.786183 -0.723842 -0.505598 -0.425387 0.068674 0.088445 0.111188 0.261204 -5.061803 -1.329147 1.078112 -0.560432 0.034913 0.413004 0.219506 -0.029550 0.199011 0.085017 0.536557 -0.410486 
0.000000 -35.207648 5.796236 -3.446049 -2.262365 -3.234150 -1.806115 -3.280683 1.087640 -0.610830 -0.148934 -0.209992 0.435013 -11.406780 -2.870607 1.678203 -0.892058 0.502999 0.947224 0.135808 -0.056303 0.119475 0.139262 0.788461 -0.226736 -1.651129 -0.995173 0.599514 -0.577665 -0.447910 1.037833 0.467744 0.324678 -0.047251 -0.148314 0.223742 -0.275750 
0.000000 -51.154318 1.198589 -0.515428 -3.945827 -3.453423 0.897534 -2.420904 1.535578 -0.662485 -0.565299 0.907353 -0.145579 -7.973335 -2.298823 1.465311 -0.841731 -0.109637 1.351825 0.429889 0.223969 -0.025827 -0.208183 0.558672 -0.290296 1.716722 0.285892 -0.106446 0.025164 -0.306318 0.202301 0.147041 0.140136 -0.072651 -0.173722 -0.114895 -0.031780 
