102.754868 -41.331417 -1.353242 0.499778 5.424480 -3.958778 1.490801 5.242495 -0.085356 -0.126358 1.289783 -0.986819 -0.525567 2.068466 -4.401977 2.022145 0.970985 -0.336825 -2.440778 -2.260477 -0.944837 -1.673220 -0.890425 0.190441 -0.439493 -0.665601 0.248990 -0.465066 0.051431 -0.065311 -0.166731 0.032869 0.126239 0.095879 0.251661 0.180733 0.118237 
0.000000 -37.194484 -10.157195 4.544068 7.366450 -4.632428 -3.390755 0.721541 -1.975030 -3.472798 -0.491068 -0.605938 -1.404553 0.737264 -3.903998 1.092014 1.073846 -0.467448 -2.774240 -2.194738 -0.692360 -1.481461 -0.387102 0.551908 -0.203018 -4.544364 4.681450 -1.779694 -1.655345 0.338196 1.309531 0.728476 0.814562 1.538614 0.782109 0.233973 0.675334 
0.000000 -39.856889 -9.161237 2.683806 7.572173 -4.893673 -4.057680 0.853019 -1.470075 -3.089281 0.515578 0.116996 -0.931604 -7.020261 4.960923 -1.537243 -2.339704 0.339568 0.178284 -0.803525 0.684287 1.404008 0.673793 0.658387 0.911174 2.109869 4.364485 -0.178737 -0.993819 0.621729 3.051649 0.694666 -0.425162 1.935805 0.426719 0.046353 0.369116 
0.000000 -51.235007 -0.235349 1.469582 2.687041 -3.953293 -3.034186 -0.885508 -0.606457 -0.664782 0.856519 0.710836 0.417795 4.957003 4.824972 0.734539 -0.913791 0.776010 3.329059 -0.805407 -1.542684 2.390148 0.466335 0.644614 0.535213 11.063475 -2.944634 1.352923 1.949689 -0.181325 0.521616 0.525151 -0.677584 -0.182909 0.132706 -0.275712 -0.443810 
0.000000 -29.942884 0.488707 4.152884 5.744590 -3.341654 2.600438 -0.757795 -4.555444 1.691014 1.448249 1.406224 0.138822 15.106688 -0.928346 1.168602 1.559674 -0.023083 1.221517 0.246778 -0.670881 1.038191 0.939205 0.106963 0.023553 -0.030076 -3.105028 -0.813703 0.390455 -0.745460 -2.811025 1.057892 2.178653 -1.188023 -0.234810 -0.747540 -0.428041 
111.845482 -21.021630 -2.092040 3.806787 5.806389 -3.999458 -0.591152 -0.391953 -1.948220 1.411600 2.734929 0.924762 0.464902 4.896852 -1.385085 -0.892868 -0.132881 -0.714911 -2.292991 1.310378 2.814622 0.014103 -0.003286 -0.850466 -0.320870 -7.433055 0.468246 -1.518155 -1.197149 -0.168096 -0.607468 0.567777 1.180476 -0.264609 -1.334965 -0.439534 -0.016919 
0.000000 -20.149181 -2.281463 2.367149 5.478829 -4.771475 -1.985545 1.862960 1.073801 1.719220 1.441678 -0.294708 -0.502917 0.240578 0.008146 -1.867707 -0.834624 -0.359274 0.006580 1.382332 1.690072 0.508972 -1.730725 -0.772106 -0.010285 -3.924928 -1.006673 0.153673 -0.379098 0.730776 2.041780 -0.324721 -1.450950 -0.160352 -0.294554 0.281626 0.296842 
0.000000 -20.540475 -2.075748 0.071373 4.137142 -4.718006 -0.577993 2.372711 1.431923 2.429545 -0.726521 -0.619449 0.444332 -2.953004 -3.398431 -0.585523 -0.891077 0.746641 1.790569 0.660936 -0.087278 -0.306601 -0.592393 -0.287213 0.272815 -2.498817 -4.637473 1.106585 0.950798 0.758086 0.184622 -0.807297 -1.153895 -0.704544 1.291783 0.497677 0.041880 
108.071640 -26.055190 -9.078324 1.196103 3.696675 -3.278193 1.595594 3.184833 0.899245 1.106017 0.256891 -0.869135 0.042713 -4.757056 -9.266800 0.345463 1.066973 1.156897 0.375825 -0.232262 -0.617719 -0.900117 0.852841 0.223249 0.073476 0.856497 -1.067338 0.172308 0.957521 -0.382911 -1.442656 -0.839160 -0.275578 -0.168830 0.268376 0.260862 -0.039512 
0.000000 -30.054586 -20.609349 0.762299 6.271089 -2.404213 0.173657 1.908187 0.196485 0.629312 0.979160 -0.172951 0.591283 -1.240011 -5.533107 -0.240907 1.023965 -0.019182 -1.094742 -1.017384 -0.638433 -0.644262 -0.055642 0.234510 0.193791 2.462644 3.807199 -0.710885 -0.552448 -0.687390 -0.331626 -0.167862 0.055712 0.469139 -0.596178 -0.252438 -0.140746 
0.000000 -28.535211 -20.144538 0.714290 5.744605 -3.316556 -0.593890 1.150064 -0.377620 -0.182506 0.145607 -0.400115 0.430294 0.168231 -1.652403 -1.076307 -0.037922 -0.217883 -0.287427 -0.567986 -0.506296 0.038162 -0.339515 -0.281628 -0.208017 1.488226 2.980010 0.051576 -0.606207 0.125520 0.539655 0.545445 0.197682 0.466998 -0.010219 -0.118941 -0.093838 
0.000000 -29.718123 -23.914154 -1.390315 6.195245 -2.839980 -0.401197 0.772214 -0.816108 0.705636 0.300130 -0.736207 0.175248 1.736442 0.426914 -0.137756 -0.188449 0.231858 -0.015431 0.073506 -0.243069 0.289734 -0.076081 -0.003372 0.006115 -0.043818 1.823357 0.630634 0.086394 0.459254 -0.020691 0.420651 0.415943 -0.052588 0.150916 0.236315 0.356874 
0.000000 -25.062327 -19.290710 0.438779 5.367707 -2.852840 -0.624752 1.297076 -0.863758 0.396962 -0.006555 -0.406859 0.442524 0.080595 1.994312 0.184962 0.134866 0.700624 -0.328809 0.273316 0.325590 -0.067014 -0.037684 0.191002 0.505731 -1.847583 2.466019 0.058820 0.451085 0.670590 0.222151 0.189413 0.585363 -0.323197 -0.169921 0.083353 -0.052608 
0.000000 -29.556933 -19.925530 -1.020392 6.464976 -1.438733 -1.058814 1.318846 -0.164927 0.571608 0.224763 -0.354202 1.186711 -1.958725 5.358952 -0.020115 0.713721 1.573038 0.428870 0.452333 0.927657 -0.356661 -0.415922 0.163334 -0.099100 0.925368 3.567433 -0.160380 -0.370534 0.015639 0.247623 -0.006002 0.029976 -0.225856 -0.140484 0.097933 -0.498026 
0.000000 -28.979777 -8.572806 0.398549 6.795149 0.293236 0.232989 2.201742 0.991557 -0.316359 -0.838400 -0.080191 0.244323 1.931331 9.129178 -0.135798 -0.606202 0.731902 0.166437 0.261312 0.385542 -0.518726 -0.318651 0.386869 -0.490321 1.931737 -0.708267 -0.719240 -1.068909 -0.878923 -0.319275 -0.035093 -0.974595 0.163430 0.199305 0.202552 0.126476 
178.245636 -25.694271 -1.667174 -1.291988 5.252573 0.025071 -0.725940 1.841471 0.606158 -0.465845 -0.412540 0.419536 0.206068 1.904750 3.942418 -1.458596 -1.424097 -0.184809 -0.209680 0.382146 -1.021534 -0.029800 -0.017313 0.568437 0.153852 -0.590901 -4.305757 -0.234997 0.027439 -0.419805 0.266006 0.177103 -0.740911 0.432746 0.021163 -0.123281 0.312566 
175.474091 -25.170278 -0.687969 -2.518642 3.946955 -0.076381 -0.186370 2.966034 -1.051511 -0.375959 -0.873026 1.056684 0.552028 0.749528 0.517664 -0.605792 -0.551324 -0.107708 0.698450 0.615519 -1.096279 0.346767 -0.276325 0.140307 0.134810 -0.976601 -1.636989 0.355567 0.968074 -0.020195 0.372746 -0.145546 0.691053 0.223470 0.221900 -0.406041 -0.073630 
161.704010 -24.195214 -0.631846 -2.503573 4.149925 -0.190345 0.670960 3.072509 -1.586401 0.227688 -0.965190 0.700151 0.475689 -0.048453 0.668441 -0.747462 0.512050 -0.225198 0.535813 0.091053 0.360572 0.417140 0.426486 -0.243645 0.006593 -1.007218 0.265193 -0.181757 0.446472 -0.011752 -0.488963 -0.219491 0.870589 -0.112672 0.551119 -0.013975 0.199293 
149.667007 -25.267183 0.648913 -4.013566 4.971055 -0.526777 0.885256 3.148140 -0.330366 0.458321 -0.020053 0.569393 0.565215 -1.264907 1.048049 -0.969306 0.341620 -0.131213 -0.279476 0.176537 0.644898 0.121422 0.825913 0.112357 0.533397 -0.504994 0.036740 0.157869 -0.337574 0.394715 -0.676217 -0.383313 0.097940 -0.376121 -0.188692 0.341291 0.273436 
143.573044 -26.725027 1.464252 -4.442184 4.833165 -0.452771 0.112007 3.425584 -0.296604 0.470533 0.686637 0.924865 1.542484 -1.058441 0.741921 -0.431724 -0.163097 0.564232 -0.816621 -0.675573 0.556452 -0.335101 0.049102 0.438937 0.553465 -0.174161 -0.210051 0.385387 -0.026297 0.313261 -0.012133 -0.526474 0.014952 -0.366787 -0.456851 0.036382 -0.198535 
139.976257 -27.384066 2.132754 -4.877015 4.644861 0.601688 -0.747986 1.796994 0.782539 -0.211881 0.078150 1.447267 1.672145 -1.613230 0.627946 -0.198532 0.289025 0.495308 -0.303743 -0.876411 0.674802 -0.612152 -0.087788 0.185121 0.136327 -2.912262 -0.408676 0.071081 0.322154 0.317179 0.501415 0.427816 -0.365051 0.252333 -0.011504 -0.338121 -0.463117 
138.437515 -29.951486 2.720145 -4.839248 5.411215 0.537846 -0.495479 1.672761 1.053000 -0.753771 0.511060 1.295108 1.815138 -6.882966 -0.075431 -0.289563 0.481210 1.198590 0.186208 0.180060 -0.173650 0.169565 0.026094 -0.237306 -0.372769 -3.564595 -0.480133 -0.804887 -0.747209 1.188281 -0.051959 -0.033569 0.223935 0.303999 0.007112 -0.312393 -0.592703 
129.833008 -41.149998 1.981892 -5.456140 5.607280 2.998867 -0.375570 2.157114 0.435240 0.127248 0.130338 0.972656 0.926608 -8.742419 -0.332320 -1.808306 -1.205392 2.871870 -0.407661 -0.943550 1.122672 -0.004154 -0.073564 -0.439665 -1.049079 5.753649 -2.944081 0.216030 -0.830299 -0.388169 -0.047601 -0.536833 0.368018 0.138041 -0.172552 -0.229214 -0.013686 
246.926682 -47.436324 2.055505 -8.455860 3.000431 6.281586 -1.310801 -0.214339 3.298344 -0.762079 0.363933 0.415778 -0.283020 4.624332 -5.963594 0.142497 -1.179389 0.422252 0.091007 -0.893607 0.562386 0.445647 -0.319010 -0.695735 -0.400140 9.875304 -3.932914 1.676346 0.616058 -2.246799 0.433315 0.716299 -1.079163 0.351325 -0.018979 -0.057141 0.752294 
0.000000 -31.901335 -9.945295 -5.171146 3.248503 3.843372 -0.193555 0.369900 1.560012 1.018542 -0.507681 -0.418814 0.126329 11.008190 -8.198147 1.544387 0.026724 -1.621728 0.458968 0.489049 -1.035654 0.698496 -0.111521 -0.553947 0.455509 0.434438 2.060385 -0.001683 0.716549 -0.143045 0.072888 0.414454 -0.758798 -0.418498 0.351668 0.452566 0.229193 
0.000000 -25.419944 -14.340790 -5.367086 3.053878 3.038131 -0.392865 0.763758 1.227037 0.634914 0.140890 -0.692116 0.627998 5.493208 -1.842823 0.139130 0.253709 0.136163 0.236784 -0.064698 -0.955211 -0.391350 0.384327 0.209397 0.058245 -4.404871 4.662915 -1.058030 -0.291485 1.115516 -0.041401 -0.544578 0.021920 -0.373828 0.125293 0.478964 -0.278554 
0.000000 -20.914918 -13.630941 -4.892885 3.755921 4.115697 0.280012 0.240503 -0.350410 0.235842 0.260973 -0.000019 0.242820 2.198447 1.127683 -0.571672 -0.556246 0.609305 0.376166 -0.600106 -0.991814 -0.049161 0.139064 0.403980 -0.101599 -4.214486 1.407644 -0.289836 -0.360076 0.006899 0.311751 -0.009799 0.236398 0.285790 -0.030990 0.054750 -0.016283 
0.000000 -21.023050 -12.085425 -6.510431 1.941386 4.256741 0.359467 -0.436455 -0.756590 0.536592 0.419019 0.115844 0.424800 -2.935764 0.972465 -0.440541 -0.466442 0.149960 0.860285 -0.084296 -0.482415 0.180230 0.322348 0.318898 0.025680 -2.974958 1.946555 0.545814 0.760329 -0.134568 -0.270146 0.400300 0.451815 0.111569 0.459028 -0.131433 -0.024773 
0.000000 -26.786447 -11.686011 -5.773968 2.823037 4.415617 2.000582 0.071911 -1.315240 0.596302 0.905669 0.637777 0.294180 -3.751469 5.020793 0.519956 0.964412 0.340169 -0.164125 0.200494 -0.088185 0.173978 1.057121 0.141114 -0.151145 1.335162 2.726162 0.256809 0.543553 -0.347478 -1.016482 0.101802 0.082823 -0.173138 0.186883 -0.214645 -0.043784 
330.454865 -28.525987 -2.043840 -5.470520 3.870210 4.937080 0.031216 -0.035467 -0.932959 0.884548 2.533260 0.398072 0.122510 -0.265440 6.424789 0.073077 0.620664 -0.544997 -1.172679 0.119308 -0.316770 -0.166045 0.696113 -0.110393 -0.061889 2.825340 -1.243653 -0.550361 -0.279660 -0.960233 -0.141416 -0.177746 -0.362659 -0.078558 -0.738968 -0.319060 0.203975 
155.364578 -27.317328 1.163566 -5.627813 4.064365 3.325623 -0.344776 0.310528 -1.948780 0.264213 2.297895 0.416991 0.170402 1.899211 2.533487 -0.580766 0.405092 -1.580297 -0.446957 -0.154999 -0.813503 0.016863 -0.420816 -0.497006 0.256804 1.257828 -3.570308 -0.006401 0.074748 -0.156935 0.762118 -0.077185 -0.107493 0.388442 -0.566679 -0.052765 0.267530 
147.152512 -24.727564 3.023135 -6.632053 4.680393 1.776486 -0.862698 -0.345464 -2.559965 0.918274 1.691627 -0.595940 0.636119 2.250216 -0.715827 0.060276 0.770159 -0.858867 0.351557 -0.035062 -0.531756 0.610840 -0.437245 -0.215924 0.473171 -3.785092 -3.199336 1.119914 0.263713 0.414460 0.528445 0.244770 0.510364 0.208469 -0.007132 0.439543 0.083175 
142.587708 -22.816895 -0.268088 -5.507262 5.604684 1.607890 0.358339 0.240405 -3.012293 1.485892 1.423404 -0.014856 1.116745 -5.670972 -3.865185 1.659062 0.932518 -0.751376 0.609933 0.334541 0.207226 0.433800 -0.435080 0.382080 0.423154 -8.775473 -0.842857 1.113636 -1.939400 -0.792969 0.522778 0.138337 1.039680 -0.608929 -0.606137 0.094145 -0.251138 
141.823105 -36.069509 -4.707234 -3.313928 6.545428 0.273733 0.357167 0.323618 -2.145513 1.785875 0.821466 0.168221 1.482427 -15.300731 -2.401541 2.287548 -3.108640 -2.444805 1.397114 0.241613 1.547604 -0.607017 -1.649519 -0.027634 -0.029105 3.619339 -0.039669 -1.652370 -2.490365 -1.016426 0.221921 0.392602 0.658050 -0.662722 -0.451857 0.056902 -0.337470 
242.987671 -53.418357 -5.071170 -0.932165 -0.612597 -3.281720 3.152568 0.723631 0.082915 0.271858 -1.875634 -0.070124 1.058535 1.567705 -3.944522 -1.645678 -4.048212 -2.784229 1.053774 1.119746 1.523326 -0.891643 -1.338795 0.495884 -0.251786 14.863335 -0.260558 -2.364615 2.092112 1.223707 -1.468271 -0.312653 -0.589830 0.139598 1.061679 -0.142454 -0.066493 
0.000000 -32.934099 -12.596278 -6.605285 -1.550997 -5.294726 2.464715 2.563110 0.901139 0.002588 -1.856123 1.159989 0.978854 14.425939 -2.922657 -2.441682 1.075583 0.002609 -1.539428 -0.383693 0.367944 -0.327820 0.473838 -0.312542 -0.162092 2.088213 3.020737 1.071188 3.073093 1.917994 -1.254387 -1.686007 -0.787675 0.426400 0.837725 -1.028776 0.108479 
0.000000 -24.566478 -10.916483 -5.815530 1.538569 -3.276502 0.073712 -0.043755 0.818803 -0.383783 -0.927957 -0.695209 0.734351 5.744131 2.096952 0.496697 2.097974 1.051759 -1.455000 -2.252269 -0.052024 -0.038843 0.336655 -1.561668 -0.034829 -6.451985 3.325437 1.574315 -0.568694 -0.097194 0.295669 -0.090528 -0.129677 0.270578 -0.152302 0.138108 0.022561 
0.000000 -21.445837 -8.402374 -5.611891 2.644952 -3.191207 -0.445284 -1.941428 0.797090 -0.075098 -1.182813 -1.963348 0.909197 1.521969 3.728217 0.706948 -0.061806 -0.191778 -0.948091 -0.564750 0.108590 0.213335 0.169234 -0.036326 -0.116970 -2.090696 2.235248 -0.323666 -1.713567 -0.643608 0.237225 1.392570 -0.062518 0.167022 -0.209147 0.944568 0.045236 
0.000000 -21.522541 -3.460049 -4.401635 1.414958 -3.660059 -1.822470 -1.173255 1.035984 0.042888 -0.589488 -0.767861 0.500412 1.562739 6.567448 -0.150635 -1.329159 -0.235457 -0.980549 0.532872 -0.177061 0.295201 -0.081640 0.327468 0.055643 0.309575 -0.366056 -0.791063 -0.199091 0.149711 0.326903 0.431433 -0.538846 0.005362 -0.361268 -0.004201 0.304567 
101.957649 -18.320359 4.732522 -5.913162 -0.013366 -3.662121 -2.406383 -0.875684 0.442968 0.515304 -1.346093 -1.308411 1.020483 2.141119 2.996105 -0.875178 -0.459988 0.107643 -0.294285 0.298116 -0.969102 0.224059 -0.553302 -0.044729 0.492164 -2.375215 -4.289434 0.827673 0.771581 0.574751 0.990619 -0.212786 -0.163494 -0.256035 -0.103809 0.161507 -0.007786 
92.704659 -17.240302 2.532162 -6.151991 0.494981 -3.444772 -2.411039 -0.577023 -0.902221 0.491005 -1.696092 -0.857319 1.484739 -3.187692 -2.011421 1.504710 0.214002 0.914045 1.000689 0.107300 -0.504048 -0.216869 -0.289257 0.650482 0.040071 -7.393965 -2.279973 1.403362 0.040105 0.355001 0.865186 -0.361402 0.985570 -0.230231 0.338277 0.267426 -0.236211 
81.897324 -24.695743 0.709681 -2.903742 0.414639 -1.834031 -0.405004 -0.661084 -0.565128 0.081565 -1.924607 -0.007447 1.100625 -12.646810 -1.563841 1.931545 -0.379778 0.817645 1.436088 -0.424687 1.002039 -0.236404 0.123251 0.490123 0.019741 -6.229434 0.841128 -0.549096 -0.176146 0.100706 -0.908335 -0.453078 0.834410 -0.167189 0.196034 -0.217873 0.059224 
81.937355 -42.533923 -0.595521 -2.288900 -0.264576 -1.809482 0.461137 -1.426398 1.101857 0.018197 -1.449589 0.122928 1.524222 -15.646560 -0.329164 0.406518 -0.138290 1.115456 -0.815981 -0.798856 1.164771 -0.551247 0.102811 0.214736 0.158520 7.750149 -2.471416 -1.087028 1.383259 0.132692 -1.193351 0.274331 -0.678889 0.274818 0.254517 -0.182960 -0.230157 
163.478043 -55.988863 0.051352 -2.090706 0.138060 0.396882 -2.036967 -2.258796 1.764415 -1.020928 -1.718986 0.422025 1.417664 2.853487 -6.506674 -0.242510 2.386740 1.083030 -0.950615 0.123975 -0.355740 0.313232 0.632285 0.124204 -0.440572 14.842030 -1.946462 -0.306266 1.899515 -0.494024 0.718877 0.906117 -1.214180 1.006134 0.405523 -0.239973 -0.241883 
0.000000 -36.826948 -13.608869 -2.773921 4.508904 0.356578 -1.440093 -1.178448 0.390377 0.644660 -0.185020 0.371336 0.643077 14.037500 -4.222088 -0.206014 3.660741 0.127409 0.621772 1.013379 -1.263588 1.461022 0.913857 -0.265211 -0.325247 0.077285 4.879658 -0.466431 0.159315 -0.957401 0.663279 -0.001772 -0.324644 0.518685 -0.246327 -0.131815 0.261879 
0.000000 -27.913863 -8.392824 -2.502735 7.459543 0.651701 -0.793423 -0.232038 -0.762761 1.901116 0.108728 -0.108396 0.767169 3.008057 3.252641 -1.175372 2.705369 -0.831773 0.375943 0.120431 -1.005027 1.350601 0.139631 -0.139425 0.083186 -9.841026 0.864136 0.543112 -1.058221 -0.284739 0.159573 -0.148702 0.631337 -0.756978 -0.452005 -0.120960 -0.043269 
146.760803 -30.810834 -7.103587 -5.124664 9.919643 -1.306967 -0.688206 -0.937586 -1.619676 3.345861 0.094242 0.092485 0.809450 -5.644553 -2.493816 0.880210 1.544300 -0.442069 0.940918 0.715975 -0.000914 -0.052935 0.009846 -0.507130 -0.411786 -3.205756 -1.302637 1.953274 -0.138254 -0.294561 -0.002356 0.948419 0.485793 -1.083895 -0.231224 0.177712 -0.048336 
0.000000 -39.202969 -13.380456 -0.742314 10.548142 -0.232437 1.088414 1.199911 -0.764589 1.795247 0.128421 -1.122657 -0.056402 -3.403456 0.647367 2.731175 2.428862 -1.420894 0.371232 2.017270 -0.033440 -0.817189 -0.322816 0.215998 -0.013485 4.264371 4.935898 -0.216103 -0.377930 -1.107727 -1.411679 -0.316842 -0.129509 0.184514 -0.035371 0.714184 0.461316 
0.000000 -37.617746 -5.808852 0.337686 14.777367 -4.148756 0.054258 3.096954 -1.686557 1.711483 -0.551391 0.524481 0.782481 2.884190 7.377981 0.448004 0.788440 -2.657523 -1.882439 0.082291 -0.259932 0.316094 -0.060896 0.921238 0.510846 3.293190 2.518892 -2.860405 -3.193529 0.959488 -0.236879 -1.322111 0.263756 0.239572 0.037314 0.127350 0.271778 
0.000000 -33.434590 1.375506 0.153694 12.125023 -5.547483 -2.676464 1.364493 -1.284453 2.427435 0.006629 0.719818 0.965291 3.182925 5.685151 -2.989635 -3.958195 0.498081 -0.102525 -0.626953 0.494072 -0.338045 -0.248189 0.470699 0.530070 0.273886 -3.593222 -0.727533 -2.880219 2.437525 1.288932 -0.044303 0.381330 -0.792235 -0.158303 -0.510494 -0.238402 
142.819061 -31.251896 5.561450 -5.641583 6.860976 -3.152595 -0.150792 1.843048 -0.698413 1.035394 -1.047770 1.465878 1.842621 3.431961 0.191537 -1.007062 -4.971998 2.217527 0.695426 -0.006315 0.502728 -1.268376 -0.377502 -0.099751 0.034042 1.510828 -4.674907 2.576027 0.554619 0.566236 0.070247 -0.320197 -0.096415 -0.013859 0.136768 -0.581471 -0.500926 
131.624115 -26.570667 1.758580 -1.860430 2.181027 -1.112429 -1.285612 1.351862 -0.278998 -0.109317 -0.748375 0.520317 1.033375 6.204581 -3.664662 2.162420 -2.848958 1.630553 0.037969 -1.267347 0.301242 -0.365762 0.025346 -0.692244 -0.471781 -1.416847 -0.515386 0.837749 2.401989 -1.227499 0.241767 0.048344 -0.391520 1.007025 -0.048686 -0.066652 0.069996 
115.002335 -18.842735 -1.767873 -1.316743 1.163059 0.108511 -0.074854 -0.691646 -0.095929 0.303870 -0.997079 0.081391 0.899060 0.598268 -0.839235 0.668435 -0.168020 -0.237472 1.178961 0.090373 -0.280312 0.745673 -0.474874 -0.233054 0.174034 -7.260209 1.664328 -0.916363 1.604794 -1.099224 0.125437 1.199447 -0.279198 0.257881 -0.197204 0.250299 0.219210 
105.832924 -25.374131 0.080110 -0.523560 1.844988 -1.587372 1.072310 1.532609 -0.839621 1.382030 -1.698123 0.054209 1.381443 -8.315837 -0.336005 0.329694 0.360630 -0.567895 0.288843 1.131548 -0.257154 0.150000 -0.369063 -0.191647 -0.033360 -2.034073 -1.538677 -0.557787 0.596649 0.160795 -0.747232 -0.217387 0.625703 -0.773298 0.213136 -0.062708 -0.194189 
98.709175 -35.474409 -2.439884 -0.657354 1.884320 -1.027280 0.502832 1.571450 -0.610237 0.603871 -1.735204 -0.301902 0.832339 -3.469877 -3.916588 -0.447138 1.025278 0.084119 -0.315504 -0.344401 0.971094 -0.800923 -0.048603 -0.358471 -0.214344 6.136292 0.210229 -0.029675 0.106898 0.085047 -0.177455 -0.237776 0.303332 -0.266851 0.365663 -0.226016 -0.004125 
294.879089 -32.313886 -7.753067 -1.417836 3.895544 -1.419134 0.441302 0.843807 1.102566 -0.219817 -1.795329 -0.662733 0.952755 3.956747 0.084453 0.270345 0.574426 -0.397801 -0.066066 0.655996 0.349510 -0.383701 0.362263 -0.643679 -0.041610 0.832603 3.633859 0.692325 -0.896748 -0.368123 -0.185444 0.852567 -0.701427 0.252019 0.269277 0.008370 -0.030768 
0.000000 -27.560914 -2.270978 -0.116664 3.033172 -1.822883 0.370699 2.883443 0.088784 -0.163531 -1.010677 -1.589260 0.749118 -1.804672 3.351130 0.937512 -0.768218 -0.652128 -0.686392 1.360734 -0.431761 -0.296885 0.489952 -0.341731 -0.275881 -5.580065 0.492849 -0.327238 -0.845114 0.264814 -0.304334 -0.654558 0.174326 0.008710 -0.358094 0.330305 -0.136709 
97.706902 -35.923230 -1.050806 0.457187 2.359107 -2.723389 -0.931481 3.565274 0.239045 -0.813586 -0.815424 -1.346196 0.400993 -7.203383 1.070151 -0.384131 -1.115802 0.131826 -0.674735 -0.653120 0.698163 -0.366282 -0.353925 0.016930 -0.315028 0.942453 -4.588793 -0.171929 0.680663 0.188976 0.842467 -1.217050 0.112814 0.408489 -0.368485 -0.008830 -0.052309 
0.000000 -41.967680 -0.130675 -0.884927 0.801568 -1.559231 -0.978771 1.577202 1.485110 -0.896095 -1.718526 -1.555399 0.119062 0.080233 -5.826456 0.593653 0.593107 -0.274176 0.998542 -1.073367 -0.206132 0.520093 -0.247017 -0.359392 -0.380499 6.136496 -3.749453 0.321620 1.011207 -0.063282 0.933642 0.256083 -0.908633 0.179521 0.610042 0.196008 0.153357 
0.000000 -35.762764 -12.703717 1.644493 3.545321 -3.271741 1.065603 1.418541 -0.173220 0.226599 -1.309458 -2.064979 -0.360005 5.069609 -6.428754 0.259109 0.906611 0.005261 1.192550 -0.140954 -1.119104 -0.007240 0.866159 0.408946 -0.008314 0.943459 2.842111 -0.799627 -0.529186 0.567846 -0.414089 0.505872 -0.041903 -0.544340 0.454321 0.511564 0.305859 
0.000000 -31.828461 -12.988183 -0.366710 2.614791 -1.548710 1.406329 1.295294 -0.753097 -0.910576 0.013793 -0.737506 0.102435 1.967151 -0.142233 -1.005601 -0.465265 0.861516 0.170363 -0.061623 -0.289939 -0.568587 0.661625 0.663737 0.231220 -1.551229 3.143261 -0.632355 -0.685938 0.428127 -0.511093 0.039665 0.414582 -0.280674 -0.102267 0.127395 0.119767 
