115.439842 -34.478911 4.485286 -3.152521 3.693614 3.100107 -1.975468 0.194636 -1.347384 1.910507 2.309543 -1.842507 0.856728 -3.924885 0.578823 0.367100 -0.487656 0.323068 0.300473 -0.600383 0.387615 0.488459 0.020176 0.725467 0.060479 0.094449 0.210706 -0.187517 0.176892 0.270769 0.096459 -0.401189 -0.023553 0.115917 -0.200670 0.203135 0.014167 
113.743576 -42.328682 5.642933 -2.418321 2.718302 3.746243 -1.374523 -1.006129 -0.572155 2.887426 2.349895 -0.391573 0.977685 -3.735987 1.000235 -0.007933 -0.133872 0.864606 0.493391 -1.402760 0.340509 0.720293 -0.381164 1.131737 0.088813 3.511564 -0.160338 -0.180372 0.740410 0.069838 -0.298601 -0.030915 -0.467759 -0.140224 -0.045960 -0.454960 -0.076401 
114.109879 -41.950885 6.485756 -3.168388 3.425870 4.829319 -0.988686 -2.610884 -0.666365 3.351093 1.547214 0.420966 1.034354 3.098243 0.258148 0.006355 0.993165 0.462743 -0.296729 -0.662212 -0.547903 0.208012 -0.071744 -0.184453 -0.092322 4.189969 -0.096795 0.466444 0.141255 -0.764292 -0.571239 0.955748 -0.280988 -0.265976 0.207398 -1.172945 -0.323453 
117.090843 -36.132196 6.159228 -2.405612 4.704632 4.671729 -1.967980 -2.330553 -1.667961 3.303450 2.206407 -0.760478 0.793041 4.643951 0.806645 0.924955 0.148638 -0.663979 -0.649087 0.508736 -0.221467 0.188341 0.033631 -1.214153 -0.558092 -0.940360 0.809578 0.767883 -0.904193 -0.794367 -0.024407 0.710422 0.725413 -0.001861 -0.143522 -0.249920 -0.190055 
129.268234 -32.662983 8.099046 -1.318479 3.723146 3.501361 -2.286859 -1.593411 -1.109299 3.727775 1.614476 -2.007339 -0.081831 1.217523 1.877304 1.542121 -0.815221 -1.125990 -0.345543 0.758631 0.902923 0.204289 -0.358788 -0.684293 -0.472431 -3.331872 0.000199 0.461141 -0.140300 0.218757 0.271427 -0.150316 0.382761 -0.295648 -0.086377 0.674677 0.404444 
141.120468 -33.697150 9.913835 0.678631 3.074189 2.419748 -2.659066 -0.813291 0.137884 3.712028 1.488830 -2.129064 -0.151822 -2.019792 0.807043 1.847237 -0.131962 -0.226466 -0.106233 0.208104 0.544055 -0.402955 -0.139123 0.135201 0.250797 -2.482930 -1.060520 -0.005527 0.623434 0.558003 0.394074 -0.687624 -0.295738 -0.445560 -0.131078 0.725403 0.439582 
151.135605 -36.702566 9.713133 2.375995 3.459223 3.048430 -2.499325 -1.177203 -0.021189 2.921866 1.336230 -1.736937 0.419762 -3.748336 -0.243737 1.531066 0.431648 -0.009985 0.442605 -0.616617 0.311446 -0.686831 -0.620945 0.766512 0.406732 -1.112198 -0.489870 -0.200720 -0.013081 -0.349009 0.417243 -0.176486 0.005821 -0.010257 -0.200640 0.207801 -0.259817 
153.020126 -41.193822 9.426361 3.740764 3.937485 2.399778 -1.773856 -2.046524 0.760777 2.338366 0.246940 -0.596040 0.661643 -4.244187 -0.172696 1.445797 -0.158123 -0.924483 0.728252 -0.144869 0.555698 -0.423470 -0.540402 0.550802 -0.268837 1.439786 0.209446 0.178119 -0.065003 -0.754563 -0.175940 0.449657 -0.291988 0.001791 0.360513 -0.267297 -0.169338 
149.453644 -45.190940 9.367741 5.267589 3.142977 1.199463 -1.042821 -1.466940 1.090207 2.074926 0.255425 -0.635333 -0.117913 -0.868764 0.175154 1.887305 0.301642 -1.519112 0.090725 0.282698 -0.272530 -0.683249 0.100081 0.231919 0.068056 4.610939 -0.342050 -0.299705 0.102833 -0.045547 -0.350682 -0.346642 0.092861 0.116730 0.176975 -0.294627 0.296866 
151.904633 -42.931350 9.776670 7.515374 4.540768 -0.638446 -1.592406 -1.481128 0.215716 0.971868 0.447102 -0.132202 0.797754 4.977690 -0.856796 0.846388 0.047543 -1.015577 0.026888 -0.838152 0.741421 -0.190010 -0.186453 -0.038452 0.324894 5.020284 -1.586032 -2.106678 -0.344914 0.448161 0.779699 -0.405568 0.961500 0.468192 -0.104776 -0.668801 -0.118166 
161.733170 -35.235559 7.654149 6.960364 3.238064 -0.831692 -0.989044 -3.143245 2.573048 1.694907 -0.117481 -0.712236 0.531876 9.171803 -2.996910 -2.326051 -0.388186 -0.622790 1.650123 -0.528438 1.650470 0.253135 -0.109471 -1.105683 -0.168277 0.770225 -0.977990 -2.068696 0.376494 0.062269 0.793807 1.583604 -0.979934 0.157452 0.055478 -0.364915 -0.360104 
173.758575 -24.587743 3.782851 2.863271 3.764395 -1.884026 1.707840 -2.538004 3.516655 1.478138 0.228160 -2.343567 0.461199 6.518140 -2.812777 -3.291005 0.800532 -0.891039 1.614502 2.329055 -1.218448 0.124895 -0.075498 -0.768283 -0.395313 -4.665074 0.408562 1.068379 0.246537 0.265934 -0.804963 1.141810 -1.342812 -0.058536 -0.136808 0.684544 0.059493 
177.557892 -22.199280 2.028595 0.378354 4.839128 -2.613770 2.239959 1.514865 0.136153 1.944697 -0.268476 -2.248801 -0.258751 -0.158344 -2.179786 -0.189294 0.104887 -0.090922 0.040198 1.755183 -1.035154 0.136063 -0.383087 0.263406 -0.049291 -3.073196 1.195495 1.996568 -0.421885 0.675692 -0.813050 -1.262836 0.865613 -0.262241 0.131413 0.652180 0.262707 
164.062653 -24.904430 -0.576720 2.484684 3.974169 -2.065869 1.788235 0.972362 1.446348 1.750264 -0.538014 -1.816755 0.362617 0.371748 -0.421787 0.702131 -0.043238 0.460344 -0.011599 -0.196617 0.512778 -0.399587 0.187329 0.536077 0.130102 -0.253703 2.251392 -0.642747 -0.028051 0.201669 -0.256868 -0.910727 0.011784 -0.150623 0.681964 0.155660 -0.378715 
151.132065 -21.455785 1.185021 1.782617 4.752652 -1.693081 2.216762 1.121632 1.161709 1.145522 0.106182 -1.176648 0.001453 -0.665749 2.322998 -1.474789 0.048785 0.312417 -0.473538 -0.066271 -1.011585 -0.165183 0.980841 0.574725 -0.806722 -3.211013 1.331328 -1.210420 -0.547905 0.475188 -0.578684 -0.413901 -0.761707 0.429242 0.296949 -0.080034 -0.225033 
138.323486 -26.235929 4.069275 -0.464893 4.071740 -1.441036 0.841160 0.839821 -0.576822 1.419897 1.423668 -0.667304 -1.250826 -6.050277 2.240870 -1.718709 -1.139048 1.410720 -1.168966 -1.024419 -1.010637 0.458897 0.781227 0.376009 -0.319964 -1.118620 -0.529491 1.047298 -0.645558 0.557424 -0.110637 -0.765680 0.714287 0.105590 0.087731 -0.830247 0.731620 
126.422668 -33.556340 5.666761 -1.654802 2.474555 1.128358 -0.121170 -0.927206 -0.859565 2.063316 1.668636 -0.424631 -0.638475 -2.902990 1.264016 0.619807 -1.242331 1.427265 -0.694812 -1.597630 0.416988 0.045996 1.156304 -1.085768 0.656518 4.785663 -1.172435 1.395969 0.242850 -0.845159 1.086209 0.509358 0.595753 -0.359992 -0.136785 -0.363582 0.119996 
126.902252 -32.041909 6.597307 0.774720 1.587078 1.413494 -0.548463 -2.355439 0.257154 1.511889 3.736275 -2.838840 0.062211 3.521048 -0.104000 1.073230 -0.653348 -0.279598 1.003452 -0.005702 0.180868 -0.261087 0.507658 -0.351155 -0.079972 3.363232 -1.568924 -0.767848 0.732631 -0.946217 1.706002 1.593588 -0.663747 -0.070456 -1.092077 1.287758 -0.509489 
132.069061 -26.514244 5.458762 0.491657 1.167859 0.569162 1.885735 -0.938611 -0.497828 1.541142 2.683951 -1.126942 -0.798419 3.823474 -1.873833 -0.915889 0.222931 -0.465170 2.717192 1.589546 -0.910505 -0.094916 -1.027851 1.489749 -0.362459 -3.181104 -1.647274 -0.807620 0.252391 0.462094 0.482890 0.405704 -0.256096 -0.314129 -0.624014 0.453802 0.203829 
137.715622 -24.394962 2.849642 -1.057058 2.032941 0.483155 4.885921 0.823653 -1.563856 1.322056 1.680573 0.140658 -0.662707 -2.841160 -3.398548 -0.542011 -0.148566 0.644589 1.969232 0.805706 -0.331323 -0.889345 -0.740369 0.556448 0.327686 -3.646891 -1.313550 -0.147777 -0.297517 0.780688 -1.596002 -1.007545 0.531448 -0.277358 0.421179 -0.689071 0.236456 
136.488998 -32.196564 -1.338335 -0.592365 0.870726 1.858339 5.824198 0.672802 -1.160473 -0.237548 1.203212 -0.014046 -0.143048 -3.470309 -4.500933 -1.211443 -0.372103 1.096207 -0.474812 -0.425545 0.152392 -0.649633 -0.185493 0.111606 0.110453 2.362707 0.717048 -1.674990 -0.412615 -0.827364 -2.210355 -0.664133 0.063538 0.727637 0.227058 -0.032258 -0.349222 
131.972153 -31.335580 -6.152225 -3.479944 1.288735 2.675568 3.936297 -0.027437 -1.259073 0.022790 1.309588 0.363869 -0.441801 1.884253 -1.964453 -3.891991 -0.973796 -1.010139 -2.451479 -0.522559 -0.204246 0.565930 -0.286253 0.491931 -0.370759 4.187775 4.411582 0.792431 0.303142 -0.710572 -0.729455 0.042530 -0.270317 0.412100 -0.388072 -0.175296 -0.215828 
0.000000 -28.428058 -5.267241 -8.376346 -1.076865 -0.161939 0.921240 -0.372316 -1.568966 0.894311 0.630706 0.969816 -0.884566 4.905242 4.322231 0.373418 0.234181 -0.324937 -1.933721 -0.340485 -0.388242 0.174567 -0.961637 -0.238987 -0.321202 2.099393 3.062495 3.545486 1.346186 0.974061 1.196834 0.158954 0.048316 -0.365661 -0.148776 -0.632561 0.304120 
0.000000 -21.525097 2.492237 -2.733108 1.757097 2.025694 0.068855 -0.708406 -2.035556 0.371923 -0.613686 -0.114104 -1.084205 6.083039 4.160537 3.198982 1.718577 0.937983 -0.057810 -0.204651 -0.107615 -0.165392 -0.583805 -0.773191 0.237481 -1.650193 -2.124329 0.308923 -0.006730 0.393822 1.333319 0.305835 0.187285 -0.057062 0.454436 0.136798 0.484630 
190.183685 -16.261980 3.053833 -1.978383 2.360289 1.714026 0.805620 -0.781618 -1.784196 0.563528 -0.536905 -0.576566 -0.409604 1.604855 0.073573 0.991264 0.220721 0.462708 0.732917 0.271186 -0.013671 0.060442 -0.052764 0.034609 0.648058 -6.697608 -2.629552 -0.803545 -0.945814 -0.422154 0.416758 0.477946 -0.006469 0.146690 0.194272 0.553792 0.216693 
179.255692 -18.315387 2.639384 -0.750579 2.198539 2.951109 1.534688 -0.166034 -2.062897 0.492806 -0.719214 -0.044885 0.211910 -7.312178 -1.098568 1.591891 -0.173052 0.093674 0.775706 0.751241 -0.120553 0.127988 -0.195262 0.334393 0.670868 -5.852829 -1.101178 0.277098 -0.184974 -0.872670 0.310478 0.229685 0.104570 -0.346770 -0.042711 0.147475 -0.360435 
170.249924 -30.886337 0.856697 1.205400 2.014186 1.901374 2.357033 0.720864 -2.025301 0.819504 -0.927430 0.092220 0.932132 -10.100804 -2.128783 1.545461 -0.149228 -1.282633 1.353872 0.730555 0.195469 -0.633099 -0.138185 0.329560 -0.072813 3.535863 -0.997798 -0.689439 1.126426 -0.290821 0.208423 -0.309489 0.438763 -0.368767 0.405614 0.054048 -0.646961 
168.116470 -38.516995 -1.618181 2.340342 1.900083 0.385844 4.242432 1.295076 -1.671960 -0.773391 -0.995584 0.614234 0.066284 -0.240453 -3.094164 0.213013 2.079799 -0.487968 1.192552 0.132263 0.756973 -0.609545 0.615965 0.442489 -0.623054 9.008786 0.946982 -1.492471 1.259210 0.841319 -0.726851 -0.315990 0.025779 0.350247 0.392327 -0.280720 0.038484 
162.045792 -31.367243 -5.331630 1.631427 6.173784 0.925437 4.742136 0.985390 -0.511355 -0.399587 0.304501 0.977197 -0.313977 7.916768 -0.234818 -1.439481 2.369193 0.400006 -0.099831 0.098575 0.247026 0.067395 0.646468 -0.231881 0.004154 2.970913 2.411074 -0.502160 -1.236085 0.122364 -0.946337 -0.051998 -0.361411 0.472127 -0.542157 -0.548276 0.421690 
175.882370 -22.683459 -2.087818 -0.538619 6.638469 1.185856 4.042770 1.492226 -1.177909 -0.638601 0.297352 0.150472 0.074593 5.701374 1.727985 -0.791307 -0.392371 -0.243241 -0.700123 0.028268 0.034151 0.334708 -0.468348 -0.654064 0.220325 -4.983354 -0.510405 1.428410 -2.096711 -0.201535 -0.003003 -0.302367 0.087846 0.222053 -0.625747 0.023418 0.090628 
175.465561 -19.964495 -1.875661 0.048813 5.389042 0.438955 3.341890 1.041925 -0.443053 0.269830 -0.632195 -0.330930 0.126674 -2.049939 -1.255629 1.417340 -1.824230 -0.003065 -0.105837 -0.506160 0.422718 0.511500 -0.605027 -0.185044 0.185409 -5.345976 -2.827213 0.949778 -0.129056 0.387779 0.146118 -0.248350 -0.106188 0.119017 0.320026 0.134821 -0.074131 
171.731720 -26.783337 -4.599075 2.296061 2.990009 1.179727 3.831097 0.479906 -0.332472 0.384399 -0.912702 -0.219616 0.445411 -4.990578 -3.926441 1.108248 -0.650484 0.532318 -0.407887 -0.468432 -0.178226 0.572742 0.171705 -0.384421 0.072063 0.887386 0.629922 -0.248593 1.324592 0.007272 -0.269690 0.351440 -0.081571 -0.094966 0.271760 -0.053553 -0.094243 
168.129456 -29.945652 -9.728542 2.265309 4.088073 1.503590 2.526116 0.105061 -0.799504 1.415315 -0.288785 -1.099773 0.270801 -0.275168 0.004215 0.920154 0.824954 0.011479 -0.645216 0.196719 0.259577 0.321569 -0.061506 -0.292150 -0.003076 3.611936 3.583495 -0.599773 0.423723 -0.413270 0.335804 0.675134 0.252511 -0.562198 -0.280817 0.362410 0.097775 
175.980713 -27.333672 -4.590645 4.136370 4.639917 1.202684 2.540665 0.873345 0.186682 1.027536 -1.035713 -0.803915 0.439259 2.233294 3.240548 -0.091298 0.196962 -0.294222 0.263721 0.881836 0.326796 -0.551654 -0.389929 0.340398 0.267613 -0.325858 -0.430509 -1.629759 -0.463080 0.374915 1.100971 0.417192 -0.652778 -0.325913 0.558511 0.251598 -0.295359 
172.938004 -25.479065 -3.247446 2.082714 4.481998 0.915147 3.053558 1.868732 -0.145912 0.312007 -1.068644 -0.418976 0.806027 -0.926883 -0.856803 -2.339365 -0.101207 0.761309 1.556727 1.031103 -1.045978 -0.330258 1.055516 0.211046 -0.593794 -2.626357 -2.110698 -1.354776 0.219776 0.876325 0.673445 -0.523558 -0.714051 0.850724 1.304653 -0.030844 -0.549945 
169.751038 -29.187439 -6.304251 -0.542359 4.437504 2.725303 5.654118 2.935551 -1.905275 0.367020 1.075318 -0.381822 -0.748329 -3.019421 -0.980847 -2.800850 0.636513 1.458428 1.610610 -0.165281 -1.101306 1.149794 2.219377 0.278710 -0.832276 1.851408 1.541121 0.348115 0.417507 -0.543531 -0.366781 -1.280519 0.669640 0.354283 -0.443902 -0.115504 0.380507 
177.161942 -31.517906 -5.209139 -3.518986 5.755025 3.832004 6.274778 1.538170 -2.348525 2.611595 3.370110 0.138443 -0.858525 2.775933 2.225439 -1.643134 0.733807 -0.325753 0.823164 -1.529935 0.293303 0.378307 0.167712 -0.019962 0.167220 5.276488 1.248991 1.903307 -0.560821 -1.340530 -1.259397 -0.517998 0.902363 -0.953403 -1.770092 -0.328253 0.527373 
173.851791 -23.635572 -1.853373 -3.828628 5.905118 2.073796 7.300447 -0.124319 -1.318670 1.123634 1.410742 -0.421746 -0.413889 7.533556 1.517135 1.005764 -0.485130 -1.222632 -0.908184 -1.201277 0.703419 -0.757012 -1.320808 -0.377797 0.222471 0.235431 -1.138757 1.424377 -0.518770 -0.311204 -1.317358 0.770641 -0.030292 -0.120066 -0.263117 -0.318841 -0.067839 
185.090744 -16.450793 -2.174869 -1.507458 4.784766 1.386740 4.458411 -0.864383 -0.941687 1.097572 0.728494 -0.617151 -0.413583 3.246796 -0.052075 1.205619 -0.303733 -0.948162 -1.811552 0.011346 0.232719 0.138175 -0.358522 -0.657644 0.031541 -6.021015 0.094996 -0.280578 -0.109351 0.671143 -0.173944 1.065057 0.769920 0.488936 0.472991 -0.001127 0.271203 
182.463211 -17.141980 -1.957523 -1.417390 5.297652 0.177473 3.677342 -0.101626 -0.853231 1.399985 0.693699 -1.737034 -0.350806 -4.508473 1.707127 0.444609 -0.703832 0.119655 -1.256072 0.928837 2.243259 0.220861 -0.374825 -0.380051 0.764877 -4.881066 0.444295 -0.418186 -0.449528 0.615376 0.532987 0.268423 0.921709 -0.269495 0.212408 0.448169 0.594777 
180.935104 -25.467740 1.239384 -0.618239 3.377101 1.626049 1.946267 0.993292 3.544832 1.539293 -0.021157 -1.377253 1.116171 -6.515336 0.836516 0.369248 -1.202789 0.282590 -0.745578 0.548193 2.076138 -0.400815 0.066294 0.238694 1.221095 1.610888 -2.643869 -0.959034 1.033897 -0.281800 1.053540 -0.241384 -2.191958 -0.014807 0.422058 0.432721 -0.655607 
193.268738 -30.172652 -0.284492 -0.678894 2.892074 0.742654 2.186185 0.994760 3.299045 0.598354 0.826287 -1.259647 2.091384 -1.286697 -3.580611 -1.473459 1.363961 -0.443946 0.851009 0.446068 -2.140657 0.191247 0.469291 0.485391 -0.546336 4.663059 -1.591002 -0.976574 1.823992 0.161658 0.808747 -0.361553 -2.482289 0.226725 -0.134871 0.029542 -1.319139 
200.029434 -28.041134 -5.921837 -3.565157 6.105024 0.738157 3.648285 1.885429 -0.736481 1.921787 0.917425 -0.406471 0.023498 2.810781 -2.345488 -1.583901 2.445195 0.605907 0.871916 -0.174914 -2.888439 0.052634 -0.203449 0.297778 -1.417183 0.890418 2.817139 0.667953 -0.554217 0.261055 -0.457360 -0.392356 0.389088 -0.391057 -0.460338 -0.265851 0.207314 
228.807236 -24.551089 -4.975467 -3.846696 7.782465 1.954468 3.930017 0.644933 -2.477832 0.703623 0.419390 -0.664090 -0.742981 0.494139 2.053668 -0.137552 0.255528 0.078165 -0.063711 -0.338644 -1.362481 -0.590866 -0.451386 -0.046311 -0.131708 -2.227171 1.992870 0.678249 -1.334904 -0.498031 -0.141185 0.195053 1.310428 0.122406 -0.037040 -0.277715 0.912784 
236.759552 -27.052856 -1.814502 -3.840262 6.616080 0.894486 3.520862 1.208141 -3.461443 0.740055 0.014653 -0.499093 -0.239917 -1.643560 1.640253 -0.227403 -0.224613 -0.390155 0.589546 0.215192 -0.267583 0.297447 -0.277529 -0.257652 0.408385 -1.572457 -2.145513 0.292592 0.024999 0.115441 0.229299 0.178879 0.908590 0.411961 0.374343 0.214195 0.055002 
227.611893 -27.838209 -1.694961 -4.301503 7.333239 1.174158 5.109109 1.075316 -3.012998 1.298518 -0.135668 -1.179395 0.073788 -2.650775 -2.237358 0.447631 0.305525 0.309047 0.394886 0.019114 0.454699 0.233057 0.297301 0.382080 -0.021703 -1.307357 -3.402358 1.496794 1.442479 -0.502479 -1.067435 0.248091 1.436257 -0.183207 0.460551 0.619385 -0.039971 
221.198990 -32.354406 -6.289218 -2.944999 7.227131 1.512579 4.310634 1.246369 -2.552046 1.206168 0.609255 0.265068 -0.283323 -4.258274 -5.164463 2.766185 2.660346 -1.395113 -1.545325 0.711374 2.604932 -0.068967 0.643572 0.981117 0.328444 1.312296 0.380356 1.632462 0.067627 -0.439933 -0.738496 0.358758 0.259827 -0.334893 -0.360916 -0.063970 0.077597 
201.031448 -36.354757 -12.023887 1.230867 12.653930 -1.616068 2.018460 2.498065 2.196865 1.160583 1.151477 0.782839 0.730676 -0.026183 -1.476646 3.712555 0.440780 -0.570820 -1.082105 0.736630 0.974353 -0.436729 -0.424531 0.254139 0.133491 3.311530 2.119967 -0.914229 -3.283212 1.519483 0.781347 -0.558218 -1.893449 0.010639 -0.616781 -0.555347 -0.186632 
178.102722 -32.406771 -9.242511 4.480111 8.108691 0.370940 2.146423 2.719628 -0.603339 0.332711 -0.239808 0.773346 -0.016341 2.364787 -0.924530 0.937727 -3.906077 1.643852 0.017369 -0.405061 -1.181967 -0.047690 -0.589990 -0.129576 -0.044820 -0.423314 -0.698657 -2.658556 -1.775620 0.593364 0.788025 -0.524686 -0.600476 0.505943 0.291022 -0.161644 0.102833 
173.178223 -31.625184 -13.872946 3.106321 4.841776 1.671637 2.053199 1.687943 -0.167069 1.065203 -0.028502 0.523686 0.641036 -0.872810 -2.873960 -1.604558 -3.110461 0.615908 0.493944 -0.312742 -0.226599 0.575158 0.157512 -0.069149 0.339157 -0.892916 1.954212 -0.644756 2.093180 -0.750644 0.490316 0.395817 0.852275 0.042617 0.073924 -0.392895 -0.086381 
173.880829 -34.152390 -14.990431 1.270995 1.887770 1.602756 3.134311 2.094144 -1.056537 1.483027 0.075217 0.635049 0.661974 0.578955 2.983895 -0.351786 0.280283 0.142564 0.998002 0.386572 0.522583 0.037544 -0.442141 -0.915366 -0.217582 -0.815604 2.509435 1.303985 3.185374 -1.179109 -0.061900 0.016099 0.469217 -0.555985 -0.006307 -0.537816 -0.228517 
0.000000 -30.467274 -7.905157 2.402750 5.402342 1.956766 4.049203 2.461086 0.878097 1.140291 -0.912785 -1.307047 0.205872 -2.504019 2.144909 1.003413 3.260287 -1.742309 0.370144 -0.280545 0.711836 -0.536812 0.144898 -1.144780 -0.117876 -6.220326 -0.748383 -0.224545 -0.369020 -1.037761 -1.263792 -0.551436 -0.583303 -0.259478 0.480436 0.660768 0.055971 
159.870804 -39.160428 -10.700613 3.277822 8.408344 -1.881862 3.874599 1.533054 0.367134 0.409402 0.365012 -1.654510 0.426222 -11.861697 1.487128 -0.800875 -0.457756 -1.932958 -1.529583 -0.716300 -0.644024 -0.481412 0.518730 0.406169 -0.105639 -0.645292 0.030049 -0.461657 -0.694362 1.050542 -1.110580 0.789175 -0.513585 -0.175378 -0.257041 1.344717 -0.740576 
68.201477 -54.190667 -4.930900 0.800999 4.486831 -1.909151 0.990037 1.028485 -0.409950 0.177466 0.124676 -0.494708 -0.005407 -3.794602 2.205007 0.080100 1.871563 0.358774 -1.851017 1.297805 -0.315334 -0.887568 -0.369183 1.544654 -1.599029 7.012163 -0.678672 1.225008 1.800555 1.195552 0.414944 1.130756 0.292567 -0.014778 -0.151892 0.160317 -0.385092 
135.355728 -46.749632 -6.290599 3.438022 12.151470 -1.164314 0.172566 4.128664 -0.263534 -1.365734 -0.373355 1.434798 -2.771835 2.162630 0.129784 1.649141 3.143355 0.458145 -0.699695 1.545212 -0.058890 -0.510969 0.214947 0.726803 -0.875823 -1.135583 0.076411 0.247474 -2.750904 0.551758 0.670989 -1.233396 0.144587 0.635044 0.367064 -1.260499 1.295181 
130.305984 -49.865407 -4.671331 4.099282 10.773540 -0.992861 -0.409353 4.118908 -0.527729 -0.844471 0.554570 0.958898 -1.757052 -6.065769 2.357829 0.575047 -3.630246 1.462290 -0.509040 -1.168988 -0.026160 0.382520 0.364945 -0.976344 0.991334 1.899179 1.078627 -1.534776 -3.134246 1.156322 1.514828 -2.048440 0.152920 0.579639 0.026077 -0.833109 0.712167 
120.692619 -58.881169 -1.574941 4.588115 4.890978 1.760266 -0.845514 1.790689 -0.315855 -0.600694 0.356535 -0.517890 -0.789168 5.960988 2.287039 -1.420410 -3.125138 2.770788 2.329961 -2.551668 0.246951 0.648310 0.267101 -0.939415 0.548512 11.013066 -0.377849 -2.159058 1.532323 -0.027360 1.670158 0.042368 -0.131073 0.112002 0.332061 0.546054 -0.100530 
133.377670 -37.943431 -0.097252 1.258461 4.523265 4.548716 4.250568 -0.984427 -0.033828 0.452148 1.088772 -0.919932 -0.660029 15.960362 1.602131 -3.743069 -0.565600 1.407570 2.831276 -1.084252 -0.288306 0.606525 1.029066 0.115765 0.790274 -0.205044 -1.131767 -0.450479 1.545687 -1.342075 -1.392558 1.556534 -0.813703 -0.114792 0.093614 0.852666 -0.151305 
143.405838 -26.960445 1.629321 -2.898023 3.759779 4.575407 4.817038 -0.377815 -0.892467 0.612356 2.414667 -0.286360 0.791379 5.550900 0.023506 -2.321368 -0.033764 0.086639 -0.455155 0.561400 -1.380456 0.418725 0.454329 0.765918 0.245901 -8.175560 -1.832433 2.020074 0.456345 -0.599128 -1.663391 0.892451 -0.077747 -0.205908 -0.726397 0.212467 -0.800188 
139.211899 -26.841632 -0.050241 -3.384274 4.455737 4.721993 3.340258 0.138373 -2.794741 1.289598 1.997431 0.611904 -0.168228 -0.390758 -2.062735 0.297079 0.347090 0.209314 -0.495507 0.700650 -0.443800 0.194709 -0.423728 0.540699 -0.810103 -3.000532 -0.623230 1.430786 0.016437 0.024691 0.349019 -0.059422 0.943896 -0.281319 -0.334719 -0.337175 -0.288100 
131.741135 -27.741961 -2.496150 -2.303866 4.453959 4.994035 3.826025 1.023484 -1.780068 1.001773 1.567211 0.795039 -0.828827 -0.450165 -1.222954 0.540204 -0.000889 0.136021 0.242883 0.442556 0.507336 -0.143912 -0.215110 0.091567 -0.330300 -0.029703 0.419890 0.121563 -0.173989 -0.036647 0.369195 -0.129047 0.475568 -0.169311 0.104309 -0.224566 0.239902 
