181.728989 -20.652135 2.924788 1.745355 2.405312 -1.664061 -0.310370 3.256138 0.621558 -1.238992 0.153108 -1.413194 -0.137635 -2.249755 -0.361797 0.099279 -0.075220 0.019539 -0.312983 -0.517070 0.214657 0.044659 0.016978 -0.089786 0.156626 0.005111 0.605627 0.004320 -0.105766 0.417857 0.561425 0.022664 -0.009249 0.137036 -0.052813 0.303395 0.156286 
179.718628 -25.151645 2.201194 1.943914 2.254873 -1.624984 -0.936336 2.221999 1.050873 -1.149674 0.187064 -1.592765 0.175617 -2.239534 0.849456 0.107919 -0.286751 0.855254 0.809868 -0.471741 0.196159 0.318731 -0.088648 0.517005 0.469197 1.676788 1.679238 -0.430969 -0.339854 0.572746 0.860746 0.344965 -0.319015 -0.014855 -0.063852 0.286696 0.079079 
178.143723 -25.131202 4.623700 1.961192 1.831811 0.046446 1.309365 2.312656 1.013876 -0.601530 -0.024189 -0.379184 0.800760 1.103821 2.996680 -0.762659 -0.754927 1.165031 1.408510 0.172860 -0.423372 0.014948 -0.110726 0.483607 0.314783 3.632134 -0.314390 -1.026617 -0.065902 -0.072907 -0.029887 0.129135 -0.481435 -0.256834 -0.055714 -0.246263 -0.333025 
180.309692 -22.944004 8.194554 0.418595 0.745019 0.705078 1.880684 2.567719 0.204129 -1.119777 -0.034389 -0.625551 0.805184 5.024734 0.220676 -1.945316 -0.418554 0.709440 0.750094 -0.213471 -0.766712 -0.194937 -0.200076 0.024479 -0.196852 2.387959 -2.661272 -0.149100 0.515502 -0.146071 -0.752225 -0.557400 0.063096 0.082017 0.111168 -0.101496 -0.402131 
179.071609 -15.081733 5.065053 -1.929440 0.994703 1.465326 2.809554 1.885714 -0.519548 -0.991403 -0.424341 -0.330226 0.407057 5.879739 -2.325864 -1.060859 0.276078 0.872889 -0.095941 -0.941939 -0.297179 0.178982 0.111610 0.280615 -0.489478 -0.505824 -0.921937 1.326960 0.511843 -0.220119 -0.662333 -0.225781 0.410771 -0.185373 -0.129033 0.204932 0.357958 
175.478897 -11.184525 3.542827 -1.703123 1.297175 2.450855 1.688802 0.683841 -0.390230 -0.761814 0.188830 -0.064321 -0.173773 4.013086 -1.623198 0.708604 0.605132 0.269201 -0.574572 -0.665034 0.054829 -0.565683 -0.458142 0.434343 0.519064 -1.627363 0.649655 0.545656 -0.298547 -0.871935 -0.180100 0.326636 -0.057745 -0.787452 -0.546841 -0.211567 0.455709 
171.634186 -7.055560 1.818657 -0.512231 2.204967 2.003729 1.660410 0.555646 -0.409890 -2.122770 -1.340625 0.538460 1.445185 2.625014 -1.026553 0.030452 -0.321016 -0.870982 -0.456140 -0.288666 -0.412670 -1.395923 -0.982072 -0.142520 0.421940 -1.802206 0.624965 -0.537134 -0.650838 -0.625328 0.338734 0.542399 0.137511 0.025166 0.396632 -0.461034 -0.229479 
162.321808 -5.934497 1.489722 -1.642219 0.655143 0.708892 0.776522 0.106508 -1.215569 -3.553660 -1.775313 -0.349360 0.670107 0.408674 -0.373268 -0.365663 -0.696544 -0.981454 0.102895 0.419764 0.329852 -0.515352 0.335122 -0.487724 0.060107 -2.707718 0.362152 0.333291 0.437360 0.079334 0.502440 0.506402 0.728307 0.980211 0.799726 -0.236753 0.032498 
160.126511 -6.238213 1.072121 -1.243556 0.811879 0.040821 1.866200 1.395174 0.249813 -3.153474 -0.670382 -0.436989 1.565399 -2.790421 -0.302249 0.697035 0.553704 -0.712313 0.548739 0.724137 1.043944 0.564500 0.617380 -0.616025 0.486937 -1.505795 0.864114 0.745937 0.357406 0.566324 -0.428921 -0.634726 -0.003125 0.755768 -0.200382 -0.011244 -0.260504 
158.748169 -11.515340 0.885224 -0.248148 1.762550 -0.715734 1.874001 1.554783 0.872319 -2.424660 -0.540553 -1.581409 1.643981 -2.602916 1.354960 1.126212 0.018267 0.151195 -0.754948 -0.849689 0.323601 0.996184 -0.065641 -0.510213 -0.460902 2.403375 0.806139 -0.365592 -0.665097 0.456461 -1.012555 -1.227459 -0.733012 0.068857 -0.295825 0.239883 -0.582805 
170.066544 -11.444045 3.782041 1.008868 0.848412 0.343210 0.356305 -0.304205 0.897016 -1.161105 -0.801665 -1.457415 0.643595 2.016328 1.310030 -0.034149 -0.776490 0.200608 -1.476370 -1.730780 -0.422081 0.702214 0.025730 -0.136260 -0.678673 2.142931 -0.853712 -0.595864 -0.252729 -0.092673 0.126276 0.265392 -0.227343 -0.456058 0.378079 0.132574 -0.069339 
175.054367 -7.482683 3.505283 -0.316447 0.209571 -0.314517 -1.078739 -1.906777 0.028157 -1.020231 -0.489094 -1.853929 0.286635 1.682947 -0.352463 -0.065517 -0.487192 -0.034151 -0.502396 -0.318904 -0.131086 0.084069 0.690516 -0.245065 -0.599580 -1.930079 -0.766978 0.682251 0.305578 -0.170602 1.029267 1.525134 0.218644 -0.250454 0.322682 0.221538 0.234607 
172.244904 -8.078152 3.077116 0.877835 -0.125971 0.274908 -0.648488 -0.942013 0.634844 -0.992967 0.579368 -1.947546 -0.555565 -1.843830 -0.223926 1.330353 -0.165333 -0.140596 0.582164 1.319489 0.015208 0.201307 0.671094 0.306816 -0.209458 -3.413640 -0.315544 1.128988 0.705245 -0.547574 -0.045118 1.023217 0.073890 -0.238719 -0.108679 0.260075 0.457428 
169.658890 -11.170343 3.057431 2.344259 -0.121095 -0.595709 0.085588 0.732201 0.058573 -0.617618 0.853094 -1.240297 -0.132282 -5.144334 -0.983550 2.192459 0.923299 -1.129298 -0.592632 1.727530 0.016693 -0.393369 0.473158 0.275085 0.315276 -3.014469 -0.607564 0.202890 0.425257 -0.834403 -1.142002 -0.125594 0.158969 -0.626489 -0.280638 -0.222913 0.080911 
162.113556 -18.366820 1.110016 5.262752 1.720626 -1.983689 -1.833753 2.513046 0.668231 -1.779706 1.525683 -1.397375 0.074987 -7.872767 -1.439055 1.736133 0.685181 -1.809402 -1.701840 1.068300 0.333146 -1.051672 0.109819 -0.139010 -0.047636 -1.812699 1.507889 -0.468686 -0.077769 0.864767 0.247413 -0.937917 0.014981 0.372766 -0.354115 -0.207562 -0.283953 
169.834137 -26.915877 0.179322 5.816525 1.249267 -4.214513 -3.318091 2.868802 0.724864 -2.720963 1.072731 -1.518317 -0.227553 -8.769733 2.032229 1.255086 0.767760 0.600235 -0.097806 -0.148305 0.046655 0.352163 -0.235072 -0.140039 -0.252631 0.351278 3.739554 -1.121213 -0.869282 1.425629 1.597197 -0.643497 0.154225 1.289117 -0.607414 0.269436 -0.022138 
0.000000 -35.906286 5.174474 7.772924 3.256146 -0.783218 -2.029365 2.216436 0.761542 -1.075379 1.055540 -1.677454 -0.430276 -7.170210 6.040054 -0.506294 -1.053383 1.041856 1.492555 -0.218693 0.641596 1.526562 -1.105010 0.399863 -0.091911 4.429992 0.968477 -1.874464 -1.489347 -0.003271 1.076363 -0.106907 -0.242573 -0.035929 -0.221204 0.361007 -0.053923 
210.263885 -41.256297 12.259431 4.803937 -0.857499 -2.130802 -0.332982 2.431415 2.008057 0.332161 -1.137288 -0.718591 -0.411376 0.090251 3.969183 -2.493842 -2.210934 0.593694 2.054920 -0.362120 -0.438491 0.280306 -0.677480 0.581974 -0.360478 5.991369 -2.804371 -0.959334 -0.058029 0.729526 0.159287 -0.494752 -1.091782 -0.728744 0.995636 -0.198184 -0.101106 
134.609085 -35.725784 13.112841 2.785241 -1.165722 0.404169 2.080475 1.492197 -0.115439 -0.514766 -0.299421 -0.513505 -1.151232 4.812528 0.431312 -2.424962 -1.169442 2.500908 1.811128 -1.208197 -1.541967 0.069073 0.886262 0.003496 -0.294122 1.097915 -3.043005 0.398499 0.839594 -0.335273 -0.191847 -0.459405 0.411870 0.384469 0.305214 -0.361125 0.362644 
0.000000 -31.631241 13.122055 -0.045987 -3.196382 2.871015 3.289274 0.015022 -1.075877 0.470308 0.635235 -0.711600 -0.999621 2.286080 -2.116826 -1.696844 -0.531745 -0.076852 1.671226 -1.280929 0.385250 1.049244 -0.067052 -0.140276 0.364809 -0.205858 -3.671776 2.137073 1.211114 -2.291181 -0.351775 0.619981 1.551400 0.284132 -0.416288 -0.054688 0.391623 
127.660400 -31.153624 8.879189 -0.608447 -2.229212 0.250464 5.422927 -1.069660 0.655060 1.583723 -0.433525 -0.794056 -0.421613 4.400813 -6.912240 1.849183 1.252786 -2.081455 1.107577 0.031765 1.560833 0.637337 0.053686 -0.105880 0.489124 0.367407 -3.253443 2.406257 1.440694 -0.415699 -1.252608 1.321598 0.052183 -0.837628 0.409654 0.275275 -0.171656 
124.419922 -22.829614 -0.702425 3.652380 -0.690811 -1.291895 5.504428 0.078552 2.045789 1.744981 0.742607 -0.923360 -0.021373 3.020895 -8.623711 3.115670 2.349642 -0.908249 -0.833991 1.362267 0.489616 -0.626011 0.752256 0.410274 0.021498 -4.788802 -0.544977 -0.582134 0.140035 0.670822 -1.540089 0.629724 -0.931284 -0.591563 -0.017227 0.243250 -0.272612 
124.151909 -25.111834 -8.368233 5.622893 2.470072 -1.566035 3.754946 1.654873 1.634291 0.331701 1.070987 0.026491 -0.378617 -5.176790 -8.002194 0.684916 1.532855 -0.739811 -1.972601 1.291213 -0.301736 -0.545790 0.019232 0.380620 -0.056099 -1.450963 5.340312 -0.907675 -1.639809 0.275120 -0.233166 -0.404830 -0.285916 -0.152997 -0.978193 -0.312588 -0.056375 
0.000000 -33.183193 -16.706814 5.022211 2.374898 -2.771517 1.559225 2.660978 1.442317 0.653402 0.781071 -0.162120 -0.133570 0.118968 2.056912 1.300320 -0.929976 -0.358010 -1.300323 0.552607 -0.082216 -0.932005 -1.204129 -0.214903 -0.091252 7.767439 8.728426 -1.046910 -1.123900 0.368733 0.433496 -0.643794 -0.138210 -0.508702 -0.321895 -0.471703 0.109567 
0.000000 -24.873898 -4.254408 8.223533 0.610120 -2.282055 1.154301 2.760088 1.469859 -1.532309 -1.337272 -0.403314 -0.561120 10.358087 9.454658 -1.408903 -0.714946 -0.002345 -1.105609 0.003624 -0.578157 -1.563193 -0.624558 -0.562786 0.163035 3.020881 0.691855 -2.144035 0.407905 0.278043 0.119118 -0.657429 -0.532503 0.328461 0.707026 -0.353252 0.168648 
0.000000 -12.467018 2.202501 2.204405 0.945007 -2.776208 -0.651993 2.668227 0.286003 -2.472984 -0.468044 -1.287691 0.192501 6.160731 3.440623 -2.987749 -0.114166 0.198076 -1.062088 -0.762251 -1.147223 -0.275084 0.209923 -0.921407 0.246045 -8.105136 -4.309153 1.339505 0.248400 0.588620 0.311751 -0.428442 0.260127 1.117864 0.160028 0.092275 -0.098170 
152.966400 -12.552437 2.626838 2.248035 0.381788 -1.885904 -0.969875 1.235586 -0.824586 -2.082476 -0.917425 -2.246128 -0.069030 -5.852184 0.836351 1.270106 -0.218147 1.174895 -0.482106 -0.853260 -0.057903 0.672536 -0.304502 -0.378236 -0.033305 -6.694328 -3.118134 2.300365 0.488081 0.538871 0.648783 0.204658 0.996436 0.437049 -0.053263 0.772824 0.099950 
0.000000 -24.171386 3.875203 4.744617 0.508713 -0.426418 -1.616206 0.961706 0.170197 -1.127912 -1.077047 -2.044163 0.125891 -7.227924 -2.795645 1.612980 0.861995 1.275818 0.235478 -0.352935 0.845650 0.599014 0.103397 0.624241 0.445945 4.568600 -1.932646 -1.998796 -0.193967 -1.207386 -0.008754 -0.031803 0.035765 -0.296652 0.355883 0.388110 0.100522 
116.241570 -27.008286 -2.964452 5.473995 2.105778 0.665733 -0.498918 0.529717 0.866714 -0.884447 -0.710632 -0.997646 0.822861 3.285016 -3.028940 -2.727486 -0.606081 -1.239876 -0.499615 -0.916867 0.013628 0.079232 0.407264 0.397984 0.167740 7.508614 2.712659 -2.385467 -1.294150 -1.572270 -0.634840 -0.207588 -0.422612 -0.424735 -0.183538 -0.256189 -0.417196 
156.169968 -17.601354 -2.182678 -0.710355 -0.703449 -2.906171 -2.615436 -0.872027 0.197453 -0.969448 -0.262520 -1.248196 0.461370 7.789304 2.629674 -3.157954 -1.726305 -1.868723 -1.034201 -0.768110 0.000426 -0.250456 -0.263680 0.111863 -0.388448 1.067996 2.100098 1.011021 0.081052 0.526953 0.396427 0.164759 -0.112939 -0.241991 -0.494671 -0.079130 -0.012540 
157.993759 -11.429679 2.294896 -0.841913 -1.346832 -3.071713 -2.567321 -1.006503 0.867565 -1.385359 -1.237991 -0.773920 0.045965 5.421009 1.171255 -0.705444 -0.443978 -0.185971 0.293240 -0.587349 -0.212250 -0.404751 -0.582079 0.239724 0.142659 -3.107252 -1.533611 1.776342 1.118060 1.437491 1.063991 0.368517 -0.219193 -0.104836 0.240575 -0.097037 0.335509 
157.500366 -6.759337 0.159832 -2.121243 -1.591405 -3.278113 -2.028957 -2.046724 -0.227047 -1.778950 -1.426678 -0.768748 0.746687 1.574799 -0.437549 0.394729 0.509816 1.006258 1.093781 -0.031077 -0.437959 -0.460128 0.217471 -0.082212 0.282570 -4.969844 -0.441096 0.949175 0.601575 0.417950 0.367879 0.401318 0.194862 0.142906 0.758887 -0.036723 -0.030859 
155.289108 -8.280081 1.419799 -0.052454 -0.327201 -1.059196 -0.379758 -1.068656 -0.008353 -2.305615 -0.803048 -0.938343 0.611106 -4.518680 0.289063 1.192906 0.759171 0.649928 1.028997 0.215287 0.177474 -0.118938 0.935694 0.166279 0.080941 -3.926916 -0.130678 0.399368 -0.286646 -0.672472 -0.304908 -0.052863 0.356920 0.370617 -0.238296 0.172271 -0.041934 
155.537048 -15.796697 0.737959 0.264569 -0.073062 -1.978257 0.029038 -1.616150 0.127902 -2.016827 0.444711 -0.436191 0.908569 -6.279034 -0.698904 1.193466 -0.063477 -0.338686 0.483965 -0.136802 0.275881 0.281107 -0.259120 0.262331 0.198703 0.104490 -1.854205 0.037121 -0.754007 -0.507961 -0.514865 -0.126380 -0.200501 -0.152595 -1.060393 0.033795 -0.084466 
154.476624 -20.838149 0.021990 2.334478 -0.454154 -1.736568 0.588171 -1.342261 0.543408 -1.743402 -1.321289 -0.413681 1.008512 -4.309700 -3.419346 1.267148 -0.748844 -0.365994 -0.000733 -0.037474 -0.223528 -0.424129 -1.185092 0.233869 -0.087991 0.929188 -3.506271 -0.394629 0.262730 -0.250685 -0.820794 0.207787 -0.375217 -0.380989 0.003843 -0.108136 -0.423337 
0.000000 -24.416097 -6.100734 2.798865 -1.570750 -2.710245 0.027573 -1.691098 -0.319154 -2.865084 -1.925472 0.031547 0.732587 -4.420657 -7.711446 0.404209 0.461983 -0.840057 -1.157623 0.278772 -0.474554 -0.480872 -0.251433 0.046060 -0.647971 0.397336 -0.509817 0.202462 2.553058 1.079558 0.086689 0.899773 0.769931 0.921819 1.265379 0.205731 -0.001922 
0.000000 -29.679464 -15.400902 3.142896 0.469813 -3.416682 -1.727074 -0.784717 -0.405700 -2.705145 -1.824156 -0.321562 -0.287429 -3.515028 -4.438980 1.672073 4.357273 1.793123 0.172646 1.762073 1.316334 1.419509 1.345666 0.645331 -0.091835 3.573716 5.442661 -0.028731 1.380665 1.928987 1.180923 0.499355 1.245203 1.304016 0.844471 0.030504 0.665710 
0.000000 -31.446153 -14.978694 6.143011 7.143797 0.876001 0.372865 1.833049 2.313515 -0.026066 0.765860 1.322210 0.548917 2.726774 3.173875 0.346748 3.223313 3.017918 1.204222 1.277482 2.015851 2.127160 1.437509 0.107067 0.683449 2.867158 6.460356 -0.844285 -3.361017 -0.995603 -0.137784 -1.080655 -0.744079 -0.409536 -0.718630 -0.639453 0.207223 
352.576843 -24.225916 -9.053152 3.836391 6.916439 2.619154 0.681370 1.770247 3.626003 1.549174 1.050863 -0.107428 1.079468 2.219287 8.481732 -0.016498 -2.364761 -0.198083 -0.102921 -0.399238 -0.171823 0.600437 -0.091593 -0.633574 0.322612 -3.322367 2.459223 0.755458 -2.888117 -2.300625 -0.859231 -1.086335 -1.706657 -1.496611 -0.814904 0.058284 -0.355830 
183.663712 -27.007579 1.984769 6.110015 2.414275 0.479836 0.167022 1.034573 1.969868 1.174808 0.582675 0.055062 1.194141 -3.917960 8.092322 1.857664 -2.552920 -1.583331 -0.514239 -0.895189 -1.397463 -0.866062 -0.192299 0.223635 -0.028211 -3.827757 -2.419836 0.181358 1.046030 -0.311264 -0.162638 0.136325 -0.322280 -0.546966 -0.087725 0.320670 -0.442002 
360.049164 -32.061837 7.131492 7.551719 1.810598 -0.547509 -0.347108 -0.020130 0.831077 -0.182950 0.666264 0.339842 1.023047 -5.436226 3.642060 0.346219 -0.272701 -0.820611 -0.428197 -0.126587 -0.816383 -0.493496 -0.267042 0.007766 -0.561392 4.032521 -3.463729 -2.060683 1.256528 0.897218 -0.392242 0.014817 0.682453 0.543263 -0.059262 -0.324985 -0.339211 
179.607666 -37.880031 9.268890 6.802452 1.868872 -1.161385 -0.689372 0.781399 0.337102 0.187817 0.048591 0.070594 0.071356 4.147082 1.164864 -2.263703 -0.039865 0.211104 -1.298722 -0.865555 -0.032556 0.220463 -0.310823 -0.426335 -0.706632 9.590272 -3.235665 -1.810742 -0.223792 0.143033 -0.223480 -0.334668 0.281301 0.010777 0.014378 -0.441586 0.115073 
167.570892 -23.767673 9.461220 3.024313 1.730868 -0.125302 -2.944553 -1.751241 0.765965 0.257977 0.044618 -0.512828 -0.390216 13.744317 -2.829270 -3.275266 -0.720285 -0.534545 -0.875157 -0.795924 -0.253781 -0.471942 -0.238287 -0.875406 -0.331247 0.940306 -1.887330 0.043581 -0.344483 -0.600756 1.010657 0.776883 -0.366568 -0.688406 0.008362 -0.066294 0.570679 
0.000000 -10.391396 3.610350 0.251921 0.428302 -2.230474 -2.439686 -0.810449 -0.170460 -0.756068 -0.427983 -1.680217 -0.591137 6.027694 -2.609797 -2.176541 -0.728830 -0.990408 0.722592 0.688211 -0.765692 -1.156350 -0.294099 -0.558923 0.434725 -8.019526 2.148724 1.149122 0.413106 0.605641 0.961952 0.790288 0.161982 -0.040547 0.124853 0.763582 0.472855 
0.000000 -11.712286 4.241626 -1.328768 0.273207 -2.106119 -1.499369 -0.374820 -0.765420 -2.054723 -0.543579 -1.630675 0.479234 -2.294735 1.468177 -0.977022 0.105928 0.676738 1.048747 0.784653 0.070183 -0.553037 0.011419 0.651759 0.614464 -5.198159 1.377504 1.271931 0.802453 0.976152 0.086439 0.058944 0.748206 0.800301 0.338808 0.564502 -0.061375 
115.411942 -14.980866 6.546705 -1.702123 0.640157 -0.876998 -0.342192 0.758857 -0.030095 -1.862141 -0.405144 -0.376699 0.637791 -4.368625 0.145210 0.367320 0.876076 0.961897 0.895471 0.806099 0.730720 0.444252 0.383518 0.570081 0.311975 -2.091504 -2.760946 1.464219 -0.380795 -0.096169 -0.358308 -0.522231 0.064246 0.349396 -0.072877 -0.233471 -0.238709 
113.159981 -20.449536 4.532047 -0.594128 2.025359 -0.182326 0.291573 1.237377 0.696020 -1.166220 0.223457 -0.490514 1.103184 -6.477743 -4.053714 1.951416 -0.655662 0.484400 0.332130 -0.259809 0.198675 0.145756 -0.134335 0.184817 0.137045 1.794010 -0.441719 0.794990 -1.720356 -0.738471 -0.899057 -0.641597 -0.470520 -0.539317 -0.615311 0.034329 -0.472067 
118.147026 -27.936352 -1.560722 2.200710 -0.671166 0.091802 0.322068 0.239239 0.367255 -1.570629 -0.673814 -0.007066 0.911881 -0.780604 -0.738228 1.957301 -2.564636 -0.515046 -0.902643 -0.477096 -0.210321 -0.634382 -0.847104 0.638738 -0.632158 6.440148 3.687954 -1.281581 0.439905 -0.586114 -0.767087 0.056924 0.007188 -0.284531 0.242697 -0.334084 -0.270678 
130.705856 -22.010743 3.055592 3.320475 -3.103913 -1.212418 -1.513712 0.283186 0.275379 -2.434983 -1.470751 0.786963 -0.161132 6.402552 3.322194 -0.611746 0.224149 -0.687827 -1.202044 -0.145960 0.213051 -0.423306 0.351058 -0.483351 -0.404311 1.954778 0.577208 -1.652793 2.125241 0.193825 0.678481 0.521109 0.291593 0.470681 0.951107 -0.986603 0.651273 
145.802917 -15.131248 5.083666 0.977217 -0.222869 -1.283852 -2.082020 -0.052682 0.793357 -2.417242 0.028302 -0.973768 0.103260 3.128952 0.416189 -1.348285 1.685846 -0.127395 0.454320 0.565121 0.372865 0.306980 1.055111 -1.334467 0.670388 -3.209079 -2.228656 -0.152296 0.416651 0.793352 1.353492 0.194368 -0.207695 0.601219 0.113529 0.314243 0.261562 
143.364441 -15.752840 3.887970 0.623904 0.267779 -1.467208 -0.605073 1.413429 1.021109 -1.821023 0.639470 -1.881971 1.179645 -0.015607 -1.135118 -0.916338 1.057452 0.898877 1.504940 0.242775 -0.202339 0.779132 0.578116 0.145135 0.118812 -3.695294 -1.452804 0.546225 -0.243004 0.679619 0.148484 -0.671223 -0.340448 0.292939 -0.279209 0.963398 -0.762931 
139.101135 -15.162462 2.813431 -0.855459 1.892035 0.513902 0.927859 0.432869 0.388680 -0.858977 1.184533 -0.683498 0.340885 -4.261637 -2.489420 -0.255835 1.199837 1.231843 0.751287 -0.777325 -0.308031 0.892859 0.496693 0.592329 -0.855473 -5.189523 -1.543719 0.505688 -0.146953 -0.047966 -0.602287 -0.099764 -0.061278 -0.288233 -0.320497 -0.092004 -0.291851 
131.069458 -24.276115 -1.090869 0.112235 2.667453 0.996477 0.897502 -0.141222 0.405047 -0.035306 1.632855 -0.697314 -0.531301 -10.394653 -4.222556 0.095037 0.763546 0.802945 0.300365 0.043247 -0.324894 0.202667 -0.062878 -0.038873 -0.464889 -2.356231 -3.188713 0.948230 -0.286683 -0.656124 -0.159679 0.485294 -0.092590 -0.825624 -0.594095 -0.114274 0.358235 
108.185738 -35.951768 -5.631680 -0.665384 3.419126 2.119791 1.528590 0.519362 -0.261108 -0.453643 1.058778 -0.761245 -0.588894 -8.974099 -8.866845 1.640626 0.626471 -0.080405 0.431930 0.193262 -0.493211 -0.758390 -0.691496 0.363781 -0.139003 9.668174 2.870692 0.111593 -0.903995 -0.474448 0.015698 0.075094 -0.029844 -0.821335 -0.156289 0.181409 0.475757 
0.000000 -42.224313 -18.824559 3.393486 3.920395 0.835666 1.761362 0.245302 -0.581375 -1.552086 0.249862 0.030248 -0.809308 8.941696 1.518828 0.318223 -1.044445 -0.145952 0.331760 0.193435 -0.384583 -1.440002 -0.375455 0.323944 0.486625 11.861047 10.111191 -2.180451 -1.240298 -0.292915 -0.712079 -0.000622 0.033828 0.053145 0.056645 -0.150599 0.335715 
0.000000 -18.068376 -2.594024 -0.028938 1.330235 1.827887 2.192110 0.906232 -1.030274 -3.333648 0.307868 -0.113357 0.384356 14.747994 11.355536 -2.720275 -1.854125 -0.666236 -0.992227 0.192019 -0.425556 -0.652099 -0.578206 0.062584 0.532427 -3.972035 1.210557 -0.765417 0.342404 -0.601700 -1.018168 -0.273411 0.300210 1.047469 -0.121638 -0.410002 -0.227054 
0.000000 -12.728326 3.886513 -2.047065 0.212144 -0.496806 -0.223092 0.629340 -1.432486 -2.856284 -0.906551 0.155416 0.255545 0.997625 3.939942 -1.212611 -0.359638 -1.349352 -1.704576 -0.353387 0.215838 0.654936 -0.618730 -0.496060 0.032517 -9.640113 -5.131184 1.728010 1.138983 0.399346 0.216356 0.084715 0.614426 0.807035 0.548616 -0.312094 -0.032569 
105.360687 -16.073126 5.285860 -2.454161 0.610960 -0.870817 -1.217043 0.199459 -0.598597 -2.023777 -0.929593 -1.105476 0.449390 -4.532232 1.093169 0.735745 0.423840 0.132455 -0.559516 0.361448 0.803297 0.961972 0.519026 -0.561604 0.467289 -3.201307 -1.505086 1.085141 -0.231924 1.233862 1.192098 0.513683 0.570211 0.041654 0.575798 0.430349 0.297404 
103.685867 -21.792789 6.072850 -0.575575 1.059824 -0.231895 -1.342123 1.352236 0.174109 -0.932341 0.131502 -0.967793 1.190122 -5.404989 0.929770 0.957670 -0.823487 1.118372 0.679619 0.673980 1.356260 0.738243 0.532866 0.364638 0.627325 -0.163400 -0.280415 -0.762288 -0.593324 0.754347 0.768368 -0.192847 0.381366 -0.034792 -0.402767 0.416509 -0.471872 
107.117554 -26.883105 7.145401 -0.538821 -1.036014 1.365928 0.142196 1.547419 2.113922 -0.547291 0.136139 -0.376199 1.704040 -4.859032 0.532339 -0.788832 -0.762808 1.641149 0.977219 -0.024245 1.566029 0.892388 -0.286507 0.271413 -0.476455 1.545557 -0.466853 -0.882439 0.554299 -0.138067 -0.222280 -0.397908 -0.380069 -0.019190 -0.410846 -0.194511 -0.680369 
111.477005 -31.510854 7.137529 -2.153239 -0.465792 3.050404 0.612316 1.303746 3.306167 0.852435 -0.441513 -0.424966 0.237213 -2.313875 -0.003936 -0.807209 0.285111 0.842238 0.235060 -0.121836 0.596122 0.699863 -0.288826 -0.024383 -0.733414 1.272579 -0.268138 -0.009188 0.523960 -0.399456 -0.371080 -0.048796 -0.484953 -0.096262 -0.001159 -0.147898 -0.128479 
