193.341675 -38.157633 -1.860176 7.438484 0.804787 3.863081 1.065998 0.008165 3.446650 -0.700727 -0.483499 -0.713408 0.143350 1.409504 -1.389653 -0.092947 -1.680910 -0.894754 1.595494 -0.074431 -0.516817 -0.486195 -0.375829 0.348999 0.302043 1.146292 1.896001 -0.285045 0.963074 -0.589762 -0.660539 0.440457 -0.161470 -0.028086 0.285012 0.195242 -0.075122 
180.818771 -35.338624 -4.639481 7.252591 -2.557032 2.073574 4.256986 -0.140697 2.413017 -1.673117 -1.235156 -0.015410 0.747436 3.702088 2.402350 -0.663037 0.245239 -2.074278 0.274416 0.806482 -0.839757 -0.542368 0.194195 0.739483 0.151800 1.064649 3.679159 -0.799819 2.572885 -1.247290 -1.779153 0.554829 0.030279 0.246341 0.270991 0.032407 -0.671953 
202.744766 -30.753458 2.944525 6.112411 1.295266 -0.285474 1.614831 1.621129 1.767137 -1.785462 -0.095109 0.765558 0.446950 3.538802 5.968666 -1.692585 3.464860 -3.389333 -1.962812 1.035226 -0.456260 0.006487 0.166154 0.413814 -1.041864 -1.182057 0.122524 -0.013817 0.851184 -0.107230 -0.779181 -0.350306 0.304167 0.383136 -0.334294 -0.557546 -0.651249 
205.477234 -28.261021 7.297851 3.867422 4.372688 -4.705092 0.331363 1.929755 1.500498 -1.660143 -0.902848 0.812218 -1.336291 1.337974 2.647399 -0.690671 1.947608 -2.288737 -1.283946 0.105870 -0.231422 0.223904 -0.474394 -0.375610 -1.150698 -2.903833 -2.392517 1.212245 -1.540752 1.867575 0.574256 -0.492026 -0.022117 0.423900 -0.048628 -0.516024 0.717390 
194.001511 -28.077509 8.239323 4.731069 5.190482 -4.862949 -0.953061 1.832869 1.304293 -1.337654 -1.043896 0.014337 -1.854445 -2.268864 1.183632 0.731905 0.383355 0.345817 -0.814300 0.051174 -0.500493 0.854286 0.068897 -0.618234 0.392915 -4.668123 -1.045584 0.703693 -1.726532 2.075393 0.718954 -0.377147 0.061602 0.509810 0.528778 0.109251 0.785929 
182.623932 -32.798750 9.665115 5.331232 5.139398 -4.013459 -1.297237 2.032103 0.499511 0.048429 -0.765054 -0.424249 -0.550460 -7.998271 0.556231 0.716715 -1.505455 1.862049 0.153962 -0.648425 -0.108219 1.243523 0.583163 -0.157108 0.421160 -0.581356 -0.320066 0.236061 -0.912949 0.314167 0.425713 -0.400098 0.111888 -0.332205 0.213386 0.143019 -0.181094 
164.100876 -44.074052 9.351785 6.164500 2.179573 -1.138852 -0.645137 0.536018 1.087856 1.149391 0.122429 -0.299879 -1.012125 -3.431577 0.543500 1.204027 -1.442542 0.974152 0.037127 -0.749022 -0.276717 0.189876 0.495669 -0.332196 0.030727 6.382094 0.335559 -0.357177 0.550798 -1.366973 -0.469721 0.256797 -0.206608 -0.934627 -0.591510 -0.233893 -0.037959 
145.727402 -39.661904 10.752115 7.739286 2.254314 -2.065155 -1.222983 0.534059 -0.053923 0.428181 0.226285 -1.088641 -0.489006 4.765916 1.227348 0.002362 -0.403858 -0.871898 -0.785479 -0.134830 -0.521435 -0.625732 -0.599857 -0.624894 0.345242 2.638295 -0.019531 -1.128797 0.138536 -0.924160 -0.371314 0.141196 0.146877 -0.379715 -0.729869 0.018570 0.001918 
134.257462 -34.542221 11.806481 6.169224 1.371856 -2.882648 -2.216096 0.266358 0.044986 -0.102072 -1.077285 -1.549667 -0.321641 1.845014 0.504437 -1.053567 -1.165470 -0.874168 -0.705502 -0.466631 0.017036 -0.569553 -0.964068 -0.295057 0.034563 -2.894974 -0.531698 -0.603320 -0.182480 0.425979 0.328726 0.166026 0.305444 0.135199 0.029089 0.172722 0.102587 
0.000000 -35.971876 11.760990 5.632151 -0.076625 -3.813491 -2.633987 -0.399204 -0.019851 -0.710924 -1.701851 -1.678755 -0.419880 -1.024033 0.163952 -1.204278 -0.768819 -0.019940 -0.128027 0.197222 0.089453 -0.355334 -0.541680 -0.279450 0.550416 -2.114941 -0.245302 0.316019 0.684628 1.211935 0.599975 0.537801 0.066904 0.132856 0.306026 0.334202 0.354007 
0.000000 -36.590287 12.134384 3.760668 -0.165782 -2.922528 -2.472149 0.660801 0.223892 -0.812740 -2.160644 -2.108568 0.779191 -2.384869 0.013833 -0.421529 0.203787 1.549703 0.494448 0.608971 0.150845 -0.303841 -0.352015 0.373347 0.742577 -3.739276 -1.223022 0.924392 0.079336 0.448512 0.678828 -0.004803 -0.078402 0.299595 0.514986 0.494976 -0.496158 
0.000000 -40.741614 11.788657 4.789093 0.330949 -0.714086 -1.645090 0.818739 0.281838 -1.318607 -2.405882 -0.932061 1.065273 -8.502586 -2.282092 0.644506 -0.610147 0.877084 1.229630 0.187616 -0.067351 0.243857 0.488293 0.710501 -0.441900 -3.879181 -2.292240 -0.020532 -0.651484 -1.267584 -0.169688 -0.239567 -0.157613 0.206707 0.165201 -0.484964 -0.642051 
169.967026 -53.595459 7.570201 5.049680 -1.386076 -1.168360 -0.012890 1.036033 0.089190 -0.325026 -1.184058 -0.687565 -0.104609 -10.143231 -4.570647 -0.462593 -1.099181 -0.985466 0.155072 0.129838 -0.164382 0.109572 -0.021613 -0.596581 -0.541526 8.855429 0.710830 -0.745894 1.118978 -0.248068 -1.105144 -0.655460 0.480721 -0.127498 -0.618803 -0.369578 0.365862 
162.724167 -61.028076 2.647363 3.863906 -1.867414 -2.685018 -1.334946 1.078415 -0.046925 -1.099462 -2.449108 -2.125224 -0.017779 9.208272 -0.860432 -0.847282 1.627809 0.380948 -0.980659 -1.123303 0.894090 -0.011139 -0.749312 -0.028656 0.289824 13.246339 3.434789 0.009153 1.514754 0.483906 0.259494 -1.177277 0.918954 0.005108 0.130142 0.871916 0.230169 
0.000000 -35.178915 5.849336 3.355116 1.869541 -0.406463 -1.974208 -1.210573 1.877371 -0.347305 -2.682682 -0.744876 0.475039 16.349447 2.298930 -0.444287 1.930326 -0.017654 0.674059 -2.224716 1.673526 0.119788 0.238671 1.147250 -0.081187 -3.812837 1.131989 0.101627 -0.469104 -0.548553 0.732878 0.010712 -0.267265 -0.077977 0.907066 0.178273 -0.379172 
180.663788 -28.329182 7.245224 2.975332 1.993238 -2.720326 0.013171 -3.371017 3.300127 -0.859886 -1.971766 0.169276 -0.180154 1.582599 1.403546 -0.644027 0.689600 -0.716157 0.485098 -1.101879 0.359561 -0.167093 1.064820 0.327891 -0.468520 -9.617724 -0.936595 0.051971 -0.318610 0.640971 -0.745816 1.276940 -1.137605 -0.076377 0.403962 -0.605429 -0.111366 
180.404984 -32.013717 8.656429 2.067062 3.248741 -1.838776 -1.004012 -3.414331 2.596492 -0.681490 -0.553042 -0.089095 -0.462001 -2.886002 0.425740 -0.340345 1.293105 1.264287 -0.817573 0.329165 -0.601685 -0.032967 1.046596 -0.063608 -0.303920 -1.688776 -0.497410 0.022239 0.083753 1.025117 -0.532868 0.926069 -0.230294 0.114371 -0.485513 -0.113063 0.268184 
183.816360 -34.101187 8.096703 2.294642 4.579448 -0.191751 -1.621975 -2.712687 2.096758 -0.925819 0.121426 0.042060 -0.787993 -1.794953 0.408726 -0.599549 0.857107 1.334077 -0.580639 0.750259 -0.101028 0.061650 0.093794 0.101764 0.067848 0.229768 -0.904380 0.198509 -0.323846 -0.825229 0.502941 0.836577 -0.072744 0.121325 -0.515824 -0.350507 0.396815 
186.768234 -35.603624 9.473880 0.867964 4.962956 0.829377 -2.165289 -1.913814 2.394437 -0.558189 -0.365455 0.114434 -0.326306 -2.426467 -1.383021 0.056673 0.645412 -0.386172 0.188309 2.002319 -0.747173 0.209684 0.014948 -0.764623 0.489709 -2.025748 -4.292978 1.022803 -0.494880 -1.489841 0.868881 0.489121 -0.673866 0.024656 0.377637 -0.441527 -0.024468 
186.247116 -38.954121 5.330661 2.407988 5.870273 -0.964095 -1.245356 1.291952 0.602411 -0.506451 0.151321 -1.487186 0.191426 -5.846450 -8.177229 1.446057 -0.132653 -1.645605 1.157123 1.728500 -1.448759 0.110963 0.849068 -0.781290 0.018913 -2.107529 -5.304582 -0.643502 -0.894613 -0.158231 0.489508 -0.842673 -0.171208 -0.039855 0.343670 0.380688 -0.431845 
175.956436 -47.296525 -6.880579 3.760077 4.697649 -2.461834 0.148958 1.543187 -0.503080 -0.336263 1.332681 -1.448147 -0.288481 -6.641525 -11.992186 -1.230331 -1.143814 -0.702634 1.167324 0.316974 -1.089589 0.129975 0.702287 -0.003246 -0.373981 2.007618 2.270192 -0.670945 0.627087 1.519487 0.062223 -0.735577 0.708896 0.099944 -0.226650 0.663858 0.047153 
0.000000 -52.237170 -18.653711 -0.052674 3.582645 -2.369362 1.089293 1.925899 -1.576767 -0.246502 1.555895 -1.493677 -0.556537 -1.831215 -3.636845 0.104166 1.121522 1.393369 1.281570 0.257346 -0.030966 0.310852 0.395768 0.546426 0.113219 5.104518 10.352452 2.445398 1.188277 1.003541 -0.338574 -0.038415 1.205874 -0.402846 -0.789685 -0.013511 0.353610 
0.000000 -50.958954 -14.154270 3.968409 6.940693 0.324904 2.712098 2.057879 -0.565011 0.285441 2.124217 -0.355294 -0.062043 3.567511 8.712718 3.660465 1.232739 1.304448 0.490177 0.240143 1.322158 -0.675717 -0.877084 -0.030268 0.333238 3.627266 6.522068 -0.072512 -1.134467 -1.030605 -0.896196 0.201878 0.843839 -0.763023 -1.258471 -0.217658 -0.290778 
158.232971 -45.102149 -1.228275 7.268255 6.048124 0.239535 2.069646 2.406185 1.067549 -1.597936 -0.198272 -1.554213 0.109939 5.423316 9.407291 -0.040857 -1.147412 -0.667841 -0.510823 0.661101 1.656713 -1.215194 -2.121175 0.111111 -0.468336 0.284469 -2.211591 -3.293545 -0.763194 -1.066761 -0.530031 0.054583 -0.273381 0.396828 -0.198923 0.551128 -0.470285 
152.715576 -40.112322 4.660313 3.886695 4.645870 -1.010779 1.690452 3.380081 2.748414 -2.144947 -2.118133 -0.133072 -0.998715 4.136449 4.289536 -2.926626 -0.293650 -0.829074 -0.569886 0.349310 0.775396 0.117938 -1.274931 1.071988 -0.607332 -1.521706 -3.817720 -0.483184 0.520599 0.425525 0.068957 -0.454248 -0.998318 0.780896 0.946797 0.115537 0.321858 
150.403061 -36.829252 7.350797 1.415003 5.460824 -1.418614 0.929875 3.104805 2.618341 -1.362060 -2.748133 0.589764 -1.104724 2.379904 1.771852 -1.007226 -0.106213 0.183209 -0.372909 -0.247395 -0.339924 0.346598 -0.227581 0.342185 0.175381 -0.900161 -2.051051 1.548270 0.042753 0.274399 0.319171 -0.431513 -0.493784 -0.144092 0.707442 -0.371335 0.487659 
152.068222 -35.352513 8.204016 1.872244 4.433443 -0.644360 0.944633 2.885290 2.068566 -1.451750 -2.573295 0.551298 -0.647953 2.336127 0.187433 0.169913 -0.208144 -0.280276 0.068456 -0.513717 -0.212173 -0.170245 0.139954 0.329319 0.367987 -0.112973 -1.098155 0.666758 0.233029 -0.521731 0.412141 -0.265854 0.273414 -0.299814 0.068910 0.167679 -0.131452 
155.870804 -32.156998 7.725663 1.754829 5.044536 -1.979166 1.066786 2.077372 2.193996 -1.702550 -2.468226 1.248401 -0.368751 2.153959 -0.424459 0.326291 0.359845 -0.860252 0.451373 -0.779103 0.206904 -0.253029 -0.089761 0.677543 -0.087523 -0.880291 -0.080664 -0.101860 0.115199 0.108968 0.114790 0.077370 0.141885 0.059911 -0.075937 -0.205917 -0.317236 
161.185471 -31.044596 7.355098 2.524826 5.153134 -2.364864 1.847380 1.327084 2.482374 -1.957808 -2.752817 1.906385 -0.822999 0.575546 0.026105 -0.033807 0.022253 -0.062340 0.298036 -0.358977 0.071597 -0.050423 -0.011920 -0.082515 -0.266485 -0.679083 0.166320 -0.560134 -0.124591 0.350199 -0.024363 0.272797 -0.279590 0.212713 0.119637 -0.521512 -0.015448 
163.026077 -31.005906 7.777874 1.687215 5.089042 -2.103845 1.662858 1.359417 2.337191 -1.803396 -2.492065 1.083372 -0.901722 0.795792 -0.091820 -0.793977 0.110663 -0.159854 0.402647 -0.233509 -0.352276 0.172397 0.149513 -0.365480 -0.118418 -0.044612 -0.006775 -0.261806 0.029608 -0.055822 0.177444 0.064524 -0.219488 0.042620 -0.060265 0.094665 0.118273 
165.353577 -29.453012 7.171459 0.936872 5.374460 -2.684572 2.652675 0.860067 1.777821 -1.613014 -2.453790 1.175424 -1.059835 0.486322 0.012556 -0.557419 0.081468 -0.173983 0.652925 -0.229930 -0.367379 0.034817 -0.132451 0.106815 -0.029940 -0.790849 0.221399 0.614093 -0.239852 0.260700 -0.212989 0.230247 0.072937 -0.018221 -0.053626 0.194040 0.095937 
168.208313 -30.033263 7.802986 0.572377 5.251978 -2.451811 2.968707 0.899556 1.602433 -1.733763 -2.756966 1.297002 -0.961602 -0.785906 0.350979 0.434210 -0.369041 0.361546 -0.023331 0.226985 -0.206403 0.135954 0.042262 0.022600 0.073456 -2.963296 0.491572 1.341489 -0.845684 0.299393 -0.815186 0.167025 0.176034 0.412830 0.400938 -0.449993 0.058520 
168.032028 -31.024825 7.873417 1.805292 4.636377 -1.961481 2.606012 1.314036 1.365016 -1.341105 -2.369267 1.220625 -0.912923 -5.440269 0.995700 2.125558 -1.609899 0.424802 -0.977448 0.104121 -0.015310 0.860476 0.669425 -0.793170 0.087099 -4.199963 -0.060791 0.868111 -0.344946 0.364226 -0.637420 -0.317054 0.114217 0.194639 0.314409 -0.450618 0.057349 
159.060349 -40.913802 9.794385 4.823494 2.032179 -1.602207 1.013811 1.107797 1.571813 -0.012811 -1.418116 -0.289339 -0.787404 -9.185833 0.229397 2.170432 -1.058934 1.089998 -1.298172 -0.407124 0.022032 0.525233 0.671079 -0.878635 0.188155 0.236208 -1.108342 -0.510519 1.526526 0.812141 0.260500 -0.501761 -0.456996 -0.628008 -0.090468 0.470788 0.200799 
0.000000 -49.396490 8.332211 6.146155 2.518508 0.218514 0.009668 0.499788 1.409079 -0.290639 -1.027109 -0.536646 -0.536613 -4.967854 -1.220984 1.104521 1.443153 2.049084 -0.456448 -0.899401 -0.929303 -0.395540 0.488490 0.148406 0.488697 4.510323 -0.389914 -0.891046 1.327701 0.218285 0.641440 -0.083736 -0.425892 -0.440387 -0.374759 0.551273 0.164038 
0.000000 -50.849510 7.352418 7.032536 4.918485 2.495962 0.100915 -0.691006 -0.286794 -0.803892 -0.441135 0.007472 0.189991 -0.165186 -0.550430 0.388340 1.596468 1.526567 -0.015292 -0.574597 -0.829753 -0.355541 -0.078439 0.223911 0.516232 1.983749 0.369028 -0.500163 -0.663697 -0.983940 0.422585 0.482539 0.475533 0.160044 -0.389410 -0.039812 -0.201311 
122.421799 -49.726863 7.231351 6.922836 5.711445 3.271648 -0.020916 -0.649406 -0.250426 -1.001722 -1.183986 -0.088824 0.495850 -1.000356 -0.482927 0.104196 0.115760 0.081205 0.388723 0.065677 0.021763 -0.075452 -0.290331 0.068781 0.086076 -4.200229 -1.627825 -0.980123 -1.293825 -1.273529 0.352834 0.446893 0.428725 0.396571 0.307392 0.050738 -0.378341 
0.000000 -52.850221 6.386563 7.240927 5.150005 2.658372 0.878361 -0.559652 -0.243267 -0.954796 -1.021796 0.145035 0.362142 -8.565644 -3.806080 -1.571907 -0.991183 -1.020491 0.690376 0.319189 0.027697 0.437602 0.536346 0.325387 -0.240449 -5.429693 -2.528933 -1.582937 -1.198677 -0.545643 -0.298931 0.201757 0.039016 0.332471 0.440799 -0.051655 -0.168174 
0.000000 -66.858150 -0.380809 3.779022 3.729079 1.230667 1.359836 -0.011027 -0.195032 -0.126519 -0.111294 0.561950 0.014951 -11.859742 -5.540793 -3.061678 -2.281593 -1.010081 -0.209139 0.469191 0.099796 0.589490 0.591267 -0.034528 -0.250272 9.215101 4.608691 1.010340 -0.481207 -0.286745 -0.996707 -0.030558 0.323458 -0.156718 -0.552161 -0.464825 0.180427 
0.000000 -76.569706 -4.695023 1.117571 0.586819 0.638210 0.460082 0.378730 -0.043676 0.224184 0.160739 0.075979 -0.138402 9.864559 5.411303 0.448774 -1.953597 -1.593982 -1.303037 0.258073 0.674613 0.124166 -0.567976 -0.604262 0.120405 15.795166 6.936657 2.194259 1.123366 -0.091631 -0.444631 -0.543523 0.560929 -0.297515 -0.745140 -0.067323 0.216687 
388.877716 -47.129032 10.441796 4.676571 -0.178115 -1.957297 -1.246238 0.505118 1.154193 0.121814 -1.247247 -0.646575 0.255761 19.730589 8.332522 1.326839 -0.034861 -1.193344 -1.098401 -0.617855 1.221653 -0.005539 -0.899013 -0.169173 0.183101 -2.315937 -2.478925 -0.720316 1.265098 1.087656 0.432946 -0.647202 -0.027167 0.241774 0.429823 0.309888 -0.095538 
194.920197 -37.108527 11.970021 3.771250 0.517096 -1.748478 -1.736721 -0.856980 2.399631 0.213105 -1.637287 -0.262368 0.227801 5.232686 0.453452 -0.991858 0.576599 0.581330 -0.437146 -1.036331 0.620278 0.607715 0.291670 0.015514 -0.070671 -9.931239 -4.532543 -0.961555 0.424268 0.881459 0.257704 0.420631 -0.501662 0.021532 0.737173 0.050967 -0.127877 
193.616776 -36.663661 11.348701 2.692855 0.975082 -0.794636 -2.120530 -1.567544 2.394749 1.337244 -0.663906 -0.615547 0.114419 -0.131888 -0.732564 -0.596271 0.813675 0.569575 -0.582993 0.223406 0.218329 0.037524 0.575334 -0.067238 -0.072653 -2.449664 -0.650349 0.298242 0.520300 -0.279128 -0.091844 1.038187 -0.443411 -0.669686 -0.013591 -0.026343 -0.197999 
195.711823 -37.372303 10.504893 2.578709 2.144445 -0.609329 -2.902707 -0.410167 2.836288 0.288153 -0.486619 -0.396844 0.082495 0.333358 -0.847247 -0.395374 1.617198 0.023074 -0.620833 1.040043 -0.266543 -0.731657 0.264488 -0.037173 -0.466669 -0.726782 -0.119706 0.173240 -0.086885 -0.177966 0.430506 0.055886 -0.267124 0.172440 -0.166361 -0.024962 -0.197321 
194.308884 -35.996945 9.654208 1.902107 4.209478 -0.748488 -3.362196 0.512543 1.861662 -0.126069 -0.134929 -0.689893 -0.818920 -1.585452 -0.971977 -0.249790 0.639905 0.213642 0.278018 0.335179 -0.315919 0.382403 0.242613 -0.117162 -0.467295 -3.220733 -0.758695 0.461464 -0.760780 0.679505 0.832269 -0.611934 0.161587 0.478146 -0.280258 0.145028 0.387063 
92.002060 -40.543207 8.560940 2.079128 3.424255 -0.182045 -2.346671 0.260191 2.204450 1.052959 -0.001394 -0.631167 -0.852095 -6.108108 -2.364637 0.527554 0.095638 1.382084 1.043705 -0.183825 0.056630 0.224635 -0.296027 0.252883 0.307457 -2.718283 -1.612788 0.217189 -0.537347 0.348709 0.442715 -0.270863 -0.152348 -0.272407 -0.183208 0.122206 0.352035 
0.000000 -48.213161 4.924934 2.957215 4.400754 2.015680 -1.274786 0.144893 1.974922 0.323200 -0.726984 -0.184126 -0.204005 -7.022019 -4.197554 0.184588 -0.434789 0.911061 1.163448 -0.206546 -0.620615 -0.162412 -0.123803 0.127250 0.236776 2.931862 1.276827 -0.011898 -0.771779 -1.429875 -0.035877 0.114099 -0.384054 -0.377324 0.108761 -0.175264 -0.306237 
149.703674 -54.587245 0.165833 2.448304 2.554677 1.640077 -0.019774 -0.152902 0.963219 0.728136 -0.249000 -0.376666 -0.378543 -0.244385 0.189018 0.503758 -1.447920 -1.477666 0.971950 0.044373 -0.711478 -0.530014 -0.078506 -0.097644 -0.305017 9.042127 4.285386 0.467312 0.153916 -1.587091 -0.353820 -0.294721 0.689236 -0.254117 -0.450927 0.110742 -0.137714 
157.526550 -48.701930 5.302970 3.964731 1.504913 -0.939652 0.669115 0.233639 0.551965 -0.736828 -0.883996 -0.379415 -0.814038 11.062236 4.373218 1.119212 -0.126957 -2.263122 0.455809 -0.795989 0.757856 -0.670646 -1.025657 0.348734 -0.038652 4.851205 0.494289 -0.219183 1.194622 0.243726 -0.751447 -1.092981 0.992869 0.393868 -0.105510 0.201678 0.216399 
184.741806 -32.462772 8.912268 4.686727 2.300763 -2.886167 0.891844 -1.744880 2.478931 -0.613155 -2.300314 0.320802 -0.455848 9.458025 1.177597 0.065391 0.941323 -0.990215 -0.530944 -2.141589 1.274260 0.257723 -0.289526 0.305712 0.127781 -4.909300 -2.722729 -1.052661 0.760946 1.182593 -0.912322 -0.024546 -0.396652 0.364543 1.293973 -0.241664 -0.054175 
189.234650 -29.785881 7.658163 4.095513 3.387559 -2.920082 -0.392772 -4.049539 3.100485 -0.221382 -1.463048 0.232009 -0.558476 1.243636 -1.072241 -0.986111 1.394936 0.102065 -1.368836 -0.845082 -0.035449 0.058440 1.562289 -0.134594 -0.147003 -5.328352 -0.484066 -0.771891 -0.021102 0.881962 -0.279476 1.656232 -1.056383 -0.144851 0.642616 -0.091773 -0.089321 
192.374008 -29.975500 6.767786 2.714505 5.090635 -2.682038 -1.845828 -3.435044 2.408032 -0.496275 0.824265 0.051614 -0.749854 -1.198679 0.209465 -1.478390 0.899119 0.773710 -1.089895 1.170875 -0.838506 -0.031979 0.995706 0.122167 -0.050862 -2.243016 0.386254 0.392093 -0.550937 0.222835 0.256460 1.356881 -0.444230 0.359847 -0.880580 -0.265545 0.289210 
194.849350 -32.183238 8.077093 1.138734 5.185798 -1.372663 -2.572562 -1.707790 1.423473 -0.285339 0.528365 0.476343 -0.660199 -3.242396 -0.299734 -0.201925 0.293061 0.547736 -0.855915 1.868681 -0.923909 0.778135 -0.198871 -0.665685 0.431417 -1.012941 -2.988221 1.589973 -0.387379 -1.021043 0.924802 -0.080125 -0.114785 0.081028 -0.236845 -0.548298 0.021057 
195.707932 -36.460293 6.168318 2.310655 5.676757 -1.586567 -3.557658 0.302317 0.560214 1.059995 0.426522 -1.279755 0.112980 -3.224561 -5.766977 1.701556 0.124362 -1.268376 0.759709 1.010625 -1.068077 0.130078 0.522017 -0.974429 -0.008747 0.969825 -3.376954 0.285929 -0.674170 -0.495429 1.359200 -1.342339 0.234831 -0.626227 -0.038115 0.637851 -0.468766 
184.086182 -38.632361 -3.456860 4.541847 5.434523 -3.909416 -1.053143 0.313459 -0.712681 -0.025182 1.572399 -1.472514 -0.677694 -1.302746 -7.053643 0.369932 -1.055278 -0.443122 1.862484 -0.815997 -0.454247 -0.474318 -0.275102 0.610018 -0.506115 0.548500 1.207216 -1.232035 -0.343115 1.244397 -0.184231 -0.955079 0.761956 -0.188238 -0.698670 0.761923 0.122389 
197.210907 -39.065785 -7.938967 3.050519 3.566201 -2.472811 0.167310 -1.329676 -0.348279 0.111358 -0.123681 -0.059719 -0.899250 -2.127562 -3.352546 -0.762513 -0.561867 1.220418 0.391247 -0.899534 0.455835 -0.246398 -0.875323 0.549417 0.236031 0.546950 4.777730 0.168181 1.311171 1.033261 -0.725786 0.788679 0.494312 -0.173987 0.064978 -0.311452 0.416005 
0.000000 -42.887484 -10.161952 3.016820 4.310788 -1.468579 -0.270649 -1.485609 0.198990 -0.517979 -0.178247 -0.373679 -0.205632 -0.208846 2.501817 0.706294 1.567064 1.623399 0.410911 0.761361 0.534377 -0.822292 -0.145146 -0.012886 0.325895 2.447753 5.293109 0.060867 0.588997 -0.515788 0.099332 1.509440 0.184994 -0.422172 0.213894 -0.030588 -0.034437 
232.884949 -39.483476 -2.935333 4.463107 6.700328 0.773988 0.989133 0.193046 0.720474 -1.533226 -0.413972 -0.085491 -0.247460 2.767944 7.233673 -0.640780 0.616126 0.188842 0.589911 2.119346 0.825824 -1.090742 -0.447535 0.488241 0.167157 1.045037 1.321525 -1.362816 -1.222530 -1.269015 -0.461584 0.360651 0.129515 0.071547 -0.166766 0.268277 -0.176774 
156.975204 -37.351596 4.305394 1.735261 5.543041 -1.090895 0.909174 2.753083 1.850638 -2.699463 -1.073317 0.602803 0.128681 1.881229 5.144867 -2.019338 -0.877995 -0.914631 -0.512256 1.482664 0.793407 -0.679198 -0.478679 0.523668 -0.027653 -0.449077 -2.611606 -0.058156 -0.540718 0.051673 -0.720523 -0.901522 -0.320961 0.448410 0.159074 -0.264398 -0.016664 
155.225815 -35.721019 7.354401 0.424431 4.944338 -1.055275 -0.035379 3.158373 2.307288 -2.891623 -1.371329 0.961845 -0.302766 1.869790 2.010460 -0.757091 -0.465310 0.292189 -0.851135 0.316301 0.183903 -0.193923 -0.129386 -0.040554 0.133828 -0.413364 -2.329455 0.958831 0.356018 0.594505 0.066699 -0.684504 -0.418915 0.290677 0.249149 -0.371872 0.188602 
159.436966 -33.612015 8.326314 0.221079 4.612420 -0.506517 -0.793095 3.385685 2.218444 -3.087309 -1.332089 0.521695 0.396337 1.054502 0.485957 -0.101676 -0.165959 0.274379 -0.378858 0.113656 -0.044422 -0.097843 0.019620 -0.220075 0.349551 -0.407644 -0.762252 0.327707 0.149676 -0.008905 0.236138 -0.101322 -0.114162 0.048040 0.074503 -0.089761 0.107862 
