0.000000 -31.161458 7.164908 -2.501608 0.490670 -4.846428 -3.184974 1.231317 -1.086861 0.960021 1.075945 -1.239183 -0.288423 3.650637 -3.375842 -1.059906 -0.603120 1.872973 0.101361 -0.231025 0.545349 -0.647476 -0.315015 0.292450 0.873007 0.513405 1.046183 0.336582 0.096869 -0.187155 0.157379 0.081584 -0.364085 -0.261794 -0.279667 -0.188632 0.035768 
0.000000 -23.860184 0.413224 -4.621420 -0.715570 -1.100482 -2.982252 0.769268 0.003837 -0.334932 0.445915 -0.654283 1.457591 4.677447 -1.283477 -0.386742 -0.409381 1.498663 0.416119 -0.067856 -0.182821 -1.171065 -0.874348 -0.084814 0.944542 -3.212153 3.290024 0.813832 0.136932 -1.023176 0.407086 0.196121 -0.789422 0.255932 -0.087852 -0.434409 -0.505268 
139.345078 -21.806564 4.597955 -3.275092 -0.328093 -1.849102 -2.352737 1.095604 -1.452503 -1.382110 -0.672752 -1.408812 1.600661 -2.773670 3.204206 0.567757 -0.329255 -0.173379 0.915532 0.161217 -1.033495 -0.135612 -0.490718 -0.576369 -0.137529 -13.160396 -0.755177 0.858183 -0.487173 -0.774587 0.555987 -0.100746 0.185158 0.585682 0.352918 0.356452 -0.813690 
140.765091 -29.407524 6.821636 -3.485905 -1.374081 -1.447240 -1.151188 1.091703 -2.063153 -0.606156 -0.535520 -1.807021 1.182533 -21.643346 -2.793831 1.329623 -1.383728 -0.050512 1.528093 -0.269348 0.187494 0.000299 -0.168513 0.628089 -0.682839 -0.737274 -1.912850 -0.001717 0.494129 0.091023 -0.701797 -0.003167 0.680197 0.148289 0.463332 0.512746 -0.149110 
0.000000 -65.093255 -0.989707 -0.615846 -3.095548 -1.950125 0.703449 0.556907 -1.077515 -1.381512 -1.009778 -0.152633 0.234984 -4.248218 -0.621493 0.564323 0.659003 0.008666 -0.488062 0.154884 0.326900 0.160966 0.435946 0.449124 -0.435748 22.674960 2.804763 -1.160605 1.467127 0.023144 -1.657024 0.216771 -0.230629 0.142507 0.265361 -0.615903 0.324068 
146.500214 -37.903960 5.578649 -2.357260 -0.056074 -1.429908 -2.127313 1.401470 -1.409354 -0.284224 0.336371 -0.908773 0.311036 23.706575 2.815695 -0.991588 1.550526 -0.004224 -1.785955 0.164193 -0.273764 0.285313 0.362209 -0.603718 -0.034702 5.496395 -0.226240 -0.635725 0.029686 -0.022475 -0.280984 -0.240860 0.323823 -0.240092 -0.246369 0.000200 0.480288 
0.000000 -17.680106 4.641684 -2.599022 0.005505 -1.958574 -2.868461 0.885293 -1.625042 -0.810885 -0.285360 -1.360069 0.165580 6.744573 -1.073973 -0.707126 0.718375 -0.036283 -1.050030 -0.326836 0.974547 -0.319219 -0.056792 0.449524 0.524828 -13.098599 -1.134812 0.044494 0.132146 0.375535 0.476911 0.123717 0.600219 -0.141323 -0.153131 0.450783 0.131837 
160.283295 -24.414815 3.430703 -3.771513 1.380676 -1.502474 -4.227373 0.747799 0.539740 -0.922661 0.222786 -0.009725 1.360691 -2.490623 0.546072 -0.902601 1.814819 0.746846 -0.832134 0.411626 0.926674 0.002668 0.055948 0.297848 0.228972 -3.948104 1.248202 0.169099 0.244471 -0.007127 0.179945 0.332044 -0.629396 0.171057 -0.106445 -0.506569 -0.407214 
148.415863 -22.661352 5.733827 -4.404223 3.635144 -0.464881 -4.532728 1.708546 0.228305 -0.805548 -0.173465 -0.764372 0.623525 -1.151635 1.422432 -0.368928 1.207316 -0.050537 -0.690140 0.337253 -0.284245 0.022896 -0.269683 -0.563613 -0.289600 -0.495025 0.418506 0.862527 -0.980262 -0.780996 0.332882 -0.104594 -0.463593 -0.145579 -0.178320 -0.125673 -0.275719 
145.227829 -26.718085 6.275567 -4.509368 3.795308 -1.603547 -5.607653 1.422306 -0.028750 -0.876869 -0.316580 -1.136951 0.781491 -3.480673 1.383084 0.822453 -0.145705 -0.815146 -0.166370 0.202439 -0.000513 -0.288490 -0.300693 0.046502 -0.322466 -2.172294 -0.718505 1.093107 -0.606161 0.164412 0.877002 -0.066038 0.148628 -0.154610 0.069850 0.507661 0.125029 
142.788574 -29.622699 8.499996 -2.759317 3.343733 -2.095174 -4.865469 2.113424 0.227280 -1.382528 -0.774851 -0.671369 -0.021408 -5.496223 -0.014577 1.817287 -0.005007 0.278287 1.063864 0.205177 0.013012 -0.286323 -0.129984 0.451708 -0.039542 -0.404945 -3.855335 1.076896 -1.256590 1.316386 0.741251 -0.672672 0.305520 0.086928 0.259826 0.091354 0.262209 
144.105057 -37.710531 6.246412 -0.874794 3.785295 -1.046972 -3.479925 1.832659 -0.002725 -1.449516 -0.576548 -0.233535 0.702408 -4.290564 -6.327585 2.976245 -2.658886 1.817625 1.316132 -1.142905 0.610528 -0.114633 0.218959 0.229209 0.201952 5.108602 -4.192887 -0.534943 -1.544088 0.133992 -0.100482 -0.552581 0.463158 0.260096 0.184283 -0.031706 -0.098500 
237.513443 -38.203826 -4.155175 3.193173 -1.974039 1.540076 -2.233204 -0.172387 1.448336 -1.611795 -0.336932 -0.212951 0.382497 4.720982 -8.400351 0.747401 -3.093182 0.546272 0.862901 -0.899985 0.939328 0.233868 0.238581 0.388296 -0.236541 5.724761 1.611163 -2.283496 1.173461 -1.997402 -1.222227 0.623533 0.050486 0.410432 0.053161 -0.051796 0.000210 
0.000000 -28.268566 -10.554290 0.620009 -2.401069 0.045572 -1.754123 0.032689 1.875930 -0.981780 -0.099385 0.543056 0.229326 7.158957 -3.105258 -1.590746 -0.311963 -2.177180 -1.128321 0.104160 0.711501 0.706231 0.325280 0.125618 0.202372 -5.271393 4.744255 -0.729650 1.807775 -0.905493 -1.296264 0.457300 -0.244962 0.153649 -0.004278 -0.417114 0.178163 
0.000000 -23.885912 -10.365691 0.011680 -2.597965 -2.814284 -4.489847 0.035933 2.871337 -0.199333 0.313628 0.038284 0.787240 -5.821804 1.088159 -0.711899 0.522368 -1.264714 -1.729627 0.014614 0.449404 0.541165 0.230026 -0.445931 0.119785 -15.733094 2.654803 0.807686 0.722875 1.664851 1.591426 -0.191253 -1.202135 -0.324700 -0.378877 -0.155246 -0.278975 
0.000000 -39.912174 -8.377972 -0.803789 -1.356332 -2.483856 -5.213376 0.061918 2.774738 0.100550 0.360667 -0.348807 0.468896 -24.307231 2.204349 0.024625 1.133787 1.152521 2.054532 -0.278346 -1.692770 0.056830 -0.432474 -0.184875 -0.355579 1.256674 -0.323518 -0.854379 1.414941 1.501605 2.131690 0.267617 -1.278859 -0.355225 -0.089531 0.077353 0.033166 
98.663818 -72.500375 -5.956994 0.060931 -0.330392 -0.509241 -0.380784 -0.520758 -0.514202 -0.085672 -0.551320 -0.331465 0.076083 -3.308457 0.441123 -2.420656 3.352249 1.738495 2.533753 0.549849 -2.108313 -0.169284 0.050964 -0.291225 0.186118 25.474645 -2.124545 -1.290415 0.922434 -0.046345 -1.051722 0.857166 0.810419 -0.085075 0.475325 -0.476603 0.538759 
186.112244 -46.529087 -7.495727 -5.645102 5.348167 0.993135 -0.145870 1.161615 -1.441888 -0.238018 0.462595 -0.931256 0.841131 26.642058 -2.044741 -2.556205 2.978656 1.059832 -0.048912 1.435987 -0.071931 -0.113320 0.518176 -1.138081 0.721940 9.235725 -0.815980 2.014083 -1.863589 -0.509810 -0.979701 0.077651 1.037578 -0.072063 0.012645 -0.130878 0.084779 
0.000000 -19.216259 -10.046476 -5.051478 5.626920 1.610423 -0.478607 2.351215 -0.658065 -0.312312 0.485033 -2.607627 1.519963 15.162993 -1.190837 1.607509 -0.374929 0.718876 0.574352 0.705150 -0.033158 -0.313410 0.076254 -0.552980 0.355675 -14.629313 1.979377 2.122216 -2.035771 -0.506246 0.443482 -0.403328 -0.165540 -0.034708 -0.187838 0.756182 -0.498013 
0.000000 -16.203100 -9.877401 -2.430084 4.598309 2.430886 1.002834 2.571916 -1.508204 -0.864838 0.615102 -2.037216 1.552481 -2.616569 1.914013 1.688227 -1.092887 0.047340 0.838053 0.629331 -0.403011 -0.182736 0.142501 0.374283 -0.274086 -11.295175 1.817916 -0.478108 -0.192648 -0.349100 -0.474135 -0.554130 0.403327 0.360861 -0.047783 0.523598 -0.349789 
0.000000 -24.449397 -6.218450 -1.675025 3.441146 1.705104 1.197498 3.609877 -1.464087 -0.677784 0.770035 -1.859062 0.971791 -7.427356 2.444995 0.651293 -0.760224 0.020675 -0.373918 -0.403109 0.773495 0.408311 -0.019312 0.494216 -0.343903 0.985305 0.927366 -0.983394 -0.171282 -0.944487 -0.971732 -0.390190 0.666918 0.183588 -0.281291 -0.082039 0.367068 
242.974777 -31.057812 -4.987410 -1.127497 3.077861 2.472236 0.254998 1.765697 0.038787 -0.048216 0.576479 -1.048784 0.864675 -0.645959 3.768745 -0.278562 -1.435451 -1.841633 -1.105411 -0.151049 0.930824 0.184441 -0.420082 0.210204 0.460049 5.588159 1.017747 -1.657472 -0.545938 -1.245541 -0.771181 0.061187 -0.139967 -0.517244 -0.404549 -0.006579 0.393993 
0.000000 -25.741315 1.319040 -2.232149 0.570244 -1.978162 -1.013324 3.307778 0.397561 -0.308902 -0.070129 -1.438653 1.891888 3.748961 4.480488 -2.663650 -1.852101 -2.470407 -1.916280 -0.280734 0.493562 -0.626177 -0.828410 0.481057 0.444083 2.449852 -2.056502 -1.133418 0.051962 1.243420 -0.231110 -0.464243 -0.079049 -0.514872 0.224419 0.134200 -0.211969 
199.749771 -23.559890 3.973567 -6.454797 -0.626340 -2.468578 -3.577562 1.204228 1.025911 -1.300571 -1.080340 -0.086670 1.752841 4.253745 -0.344260 -2.545398 -1.331528 0.645208 -1.567631 -1.079536 0.772725 -0.845304 0.028757 0.478604 0.036111 -0.144263 -3.611010 1.392281 0.407241 1.527998 0.597367 -0.099153 0.064030 0.007192 0.511990 -0.399016 -0.339419 
186.397644 -17.233825 0.630520 -7.322946 -2.092812 -0.687746 -4.148586 1.148706 1.943012 -1.999511 -0.012615 -0.481445 1.964110 3.460434 -2.741533 0.120912 -1.037618 0.585590 -0.721547 -0.479040 0.621622 -0.611793 0.195570 -0.316975 -0.234756 -2.028515 0.691856 2.123576 1.298819 -0.343205 1.249614 0.789885 -0.710779 0.311251 -0.063464 -0.172299 -0.057098 
0.000000 -16.639021 -1.509498 -6.212973 -2.701575 -1.297398 -5.020655 0.246148 2.269156 -2.524157 -0.689200 -0.720619 1.283329 0.196716 1.039452 1.701753 1.266110 -0.041202 0.931597 0.500235 -0.648833 -0.222803 -0.098171 0.134007 -0.078086 -1.922092 2.700870 0.414169 1.636276 0.375027 1.580087 0.646758 -1.331549 0.674089 0.332155 0.308347 0.053617 
0.000000 -16.840393 2.709424 -3.919440 0.439408 -0.770149 -2.285392 2.149176 0.645345 -2.445117 -0.208956 -0.213430 1.807938 -0.383750 2.660208 0.949249 2.234934 1.335644 2.438627 0.814476 -2.041476 0.736386 0.859881 0.299720 -0.127521 -0.662111 0.394548 -0.809725 -0.254345 0.765177 -0.129765 -0.634572 -0.130064 0.580198 0.177040 -0.020210 -0.018989 
227.984070 -17.406521 3.810918 -4.314476 1.768293 1.373890 -0.143402 1.875101 -1.813795 -1.051385 1.030562 -0.121179 1.028288 -1.127507 1.828548 0.082303 0.757420 1.489152 0.672068 -0.768910 -0.908962 0.937592 0.255909 0.093587 -0.116063 -0.740649 0.047457 0.030521 -0.946759 -0.800464 -1.507934 -0.840616 1.217971 0.114793 -0.508154 -0.023198 -0.033609 
133.030792 -19.095407 6.366520 -3.754834 1.954247 2.208154 -0.941257 0.611357 -1.172578 -0.569932 0.302862 -0.026257 1.575811 -1.865047 2.755121 1.010292 0.341417 -0.265284 -0.577240 -0.866756 0.394466 0.965972 -0.156427 0.253325 -0.194739 0.315906 -0.703291 0.491977 -0.472533 -1.100424 -0.645141 0.231685 0.535872 -0.087400 0.172305 -0.016796 -0.206049 
135.140381 -21.136615 9.321160 -2.293892 2.451128 0.843323 -1.297882 0.141588 -1.024864 0.880558 0.717707 0.385470 0.638809 -0.495694 0.421966 1.066257 -0.187646 -0.711697 -0.618215 -0.305541 0.162782 0.762792 0.600520 0.059996 -0.528161 0.401800 -2.968289 0.272712 -0.452253 0.302858 0.430996 0.406685 -0.027961 -0.623439 0.100334 -0.199077 0.111566 
134.990311 -20.086795 7.210452 -1.622319 1.578955 0.784760 -2.177687 0.000276 -0.847013 0.955653 1.503901 0.093734 0.519488 -1.061447 -3.181456 1.555716 -0.563088 0.340432 0.284753 -0.053386 0.338543 -0.280907 0.044240 -0.144829 0.028392 -2.470533 -1.575530 -0.205991 -0.384585 0.866981 1.120377 0.722231 0.358075 -0.570672 -0.565135 -0.191351 0.423886 
131.503555 -23.259510 2.958247 0.817539 1.324952 1.524187 -0.728377 0.034817 -0.347778 0.318745 0.806187 0.095813 0.695593 -5.436761 -2.729094 0.654276 -0.956815 1.022265 1.622540 1.138921 0.878932 -0.378552 -0.529750 -0.322707 0.319610 0.074245 1.870316 -1.416598 -0.899037 -0.451317 0.015777 0.313114 0.228816 -0.038685 -0.395657 -0.099667 -0.149497 
109.347153 -30.960317 1.752264 -0.313768 -0.334675 2.829290 1.067393 2.278117 0.910852 0.198549 0.444401 -0.551680 1.158708 -0.912957 0.559175 -1.277480 -2.361161 -0.562201 0.316306 0.572842 0.796175 -0.358277 -0.747073 -0.344163 -0.270602 6.416001 2.005744 -0.390126 0.381754 -1.503545 -1.493232 -0.978006 -0.586388 -0.035347 -0.069465 -0.000030 -0.081436 
144.794556 -25.085424 4.076597 -1.737421 -3.397370 0.399785 -0.095765 1.180501 1.244573 -0.397809 -0.687959 -0.592513 0.154389 7.395241 1.282393 -0.125976 -0.193308 -1.984825 -1.363925 -0.817090 -0.293844 -0.449247 -0.668680 -0.322768 0.156739 2.601469 -0.443496 0.935900 1.649132 -0.399560 -0.757886 -0.408026 -0.785797 0.070508 0.309195 0.131362 0.649754 
166.733337 -16.169836 4.317051 -0.565720 -0.721290 -1.140360 -1.660456 0.643937 0.323164 -0.699945 -0.892958 -1.197217 1.472185 4.289981 -0.327816 0.594320 0.937102 -1.361321 -1.199467 -0.243211 -0.775419 -0.217262 -0.128684 -0.081439 1.028906 -4.911511 -1.471589 0.406548 0.065166 1.348572 1.010604 0.606837 0.039834 0.366523 0.637870 0.135455 -0.110965 
160.927704 -16.505463 3.420965 -0.548781 -1.523166 -2.322858 -2.494699 0.694079 -0.306264 -0.832333 -0.945327 -0.755392 2.212202 -2.427782 -1.660785 0.687120 -0.062975 0.712319 0.657283 0.396584 -0.214175 0.283799 0.607060 -0.051858 -0.065191 -3.749229 -0.395797 0.002609 -0.141503 1.499722 1.519977 0.329722 0.318595 0.090272 0.197823 0.140503 -0.783696 
157.636551 -21.025399 0.995482 0.808520 -0.847240 0.284279 -0.345890 1.437104 -0.105186 -0.132347 0.321162 -1.300932 1.341803 -3.208477 -1.119410 0.599538 0.654097 1.638123 1.840487 0.416233 -0.138228 -0.036718 0.266962 0.199567 -0.538485 2.770651 1.268866 -0.789533 0.091983 -0.426239 -0.277303 -0.601862 -0.244620 -0.467173 -0.632959 0.405282 0.005775 
156.509171 -22.922416 1.182144 0.650295 -0.214972 0.953388 1.186275 1.526545 -0.582721 -0.905769 -0.411403 -0.356258 1.135231 3.113521 0.876948 -0.891945 0.120991 -0.140159 0.102678 -0.807140 -0.703416 -0.650548 -0.658857 0.758706 -0.053641 3.759523 0.726115 -0.658121 -0.429534 -0.665063 -1.232327 -0.658977 -0.105355 -0.117639 -0.182346 0.001783 0.354500 
150.483185 -14.798358 2.749378 -0.975371 -0.605258 0.003961 -0.140535 -0.177176 -1.512017 -1.433443 -0.996552 0.216481 1.234520 4.310569 0.332820 -0.716703 -0.204971 0.307998 -0.624167 -0.901720 -0.348937 -0.271995 -0.097730 0.203132 0.170515 -2.022231 -0.595223 0.663044 0.042978 0.399826 0.145359 0.545658 0.518457 0.403136 0.429192 -0.383399 0.100270 
148.094955 -14.301279 1.847785 -0.783112 -0.624914 1.569384 -0.062058 -0.276895 -1.280595 -1.449759 -0.606862 0.050006 1.476260 -0.930942 -0.313497 0.434143 0.206946 0.659494 0.393395 0.284176 0.333498 0.155724 0.199526 -0.008091 0.146898 -2.506358 0.065603 0.318386 0.308026 -0.066906 0.473801 0.542924 0.298254 0.179389 0.048001 -0.005151 -0.134415 
147.296692 -16.660241 2.122383 -0.107084 -0.191365 1.322948 0.646254 0.391176 -0.845020 -1.121994 -0.597499 0.200299 1.528317 -0.702147 0.464027 -0.079931 0.411081 0.174185 0.323436 0.184127 0.247572 0.086783 -0.001728 0.192829 -0.098316 1.007397 0.583753 -0.927941 0.230446 -0.387116 -0.280757 -0.427219 -0.219243 -0.092197 -0.099181 0.026159 -0.307681 
151.965042 -15.705574 2.775838 -0.942974 0.197247 1.917754 0.584814 0.091359 -0.785452 -1.276192 -0.610318 0.435664 1.279629 1.083853 0.854009 -1.421739 0.667839 -0.114739 -0.168120 -0.570263 -0.104988 -0.028669 0.001163 0.044228 -0.468464 0.560479 0.065854 -0.514447 0.181578 -0.384090 -0.152721 -0.335494 -0.229195 0.161267 -0.148683 -0.014817 -0.143501 
155.360596 -14.492536 3.830401 -2.950563 1.144312 1.093470 0.310013 -0.749350 -1.054997 -1.179332 -0.595173 0.288754 0.591389 0.418811 0.595734 -1.108825 0.774237 -0.593994 0.017993 -0.486861 -0.210817 0.409318 -0.299093 0.163196 -0.385318 -1.889023 -0.392105 0.860587 -0.205850 0.035392 0.295443 0.418974 0.068521 0.144755 -0.076538 0.078530 0.294057 
154.300156 -14.867952 3.967307 -3.160624 1.745721 0.729766 0.620800 -0.882363 -1.207087 -0.457556 -1.208505 0.762056 0.508992 -2.694194 0.069799 0.299434 0.256138 -0.043956 0.422765 0.267684 0.032054 0.260840 -0.151914 0.201287 0.119651 -4.213802 -2.758519 2.143290 -0.915464 0.125898 0.299114 0.656509 0.349068 -0.376602 0.613207 -0.247373 0.281689 
148.493729 -19.880924 3.969998 -2.351695 1.656589 1.005559 1.155544 -0.213981 -0.990888 -0.657652 -0.899000 0.691329 0.830690 -8.008792 -4.921304 3.177755 -1.056691 -0.342197 0.616220 0.826157 0.487319 -0.343886 0.927321 -0.331550 0.178060 -1.326922 -3.030161 1.215775 -1.025585 -0.031721 0.373057 -0.316717 0.127304 -0.229765 0.326061 0.053751 -0.005549 
140.034531 -30.885536 -5.875300 3.194887 -0.367662 0.045371 1.853241 0.769950 -0.232449 -1.145329 0.646136 0.098956 0.865113 -5.348037 -5.990523 2.730983 -1.795032 -0.107398 1.168880 -0.365750 0.286662 -0.198691 0.500208 0.308789 0.108553 4.837376 3.554284 -1.665165 -0.089777 -0.532987 -0.328946 -0.896959 -0.048586 0.132549 -0.500622 0.615203 -0.217270 
0.000000 -30.576998 -8.011048 3.110271 -1.933476 0.790763 3.493304 -0.945480 -0.417565 -1.055033 0.101415 1.308907 1.047796 1.665960 2.187264 -0.152576 -1.236245 -1.408171 -0.041671 -0.967762 0.390146 -0.078789 -0.073922 0.898855 -0.256479 4.837304 5.942102 -1.745990 0.410957 -1.371534 -1.343334 0.206801 0.054717 0.356646 -0.339397 -0.672008 -0.316148 
153.582962 -27.553616 -1.500773 2.889736 -2.840152 -2.770972 1.769898 -1.165573 0.547843 -1.302906 0.498292 1.896666 0.352154 4.326572 5.893682 -0.760998 -0.973118 -2.850466 -1.517788 0.047852 0.396096 0.514602 -0.178586 -1.035228 -0.523743 0.779758 0.386349 -0.953661 0.682536 0.845523 -0.744602 0.669469 -0.464856 0.218131 0.149214 -1.306061 0.147502 
155.286560 -21.923854 3.776315 1.588276 -3.879711 -4.910168 0.457728 -0.849776 0.374626 -0.025829 -0.255756 -0.761548 0.000310 3.225477 2.959962 -2.059897 0.128826 0.282875 -1.530875 0.371176 -0.539567 0.357473 0.224506 -1.713266 0.038525 -2.245009 -3.455605 -0.060889 1.085234 2.573863 0.162623 0.127092 -0.099725 -0.822064 0.397870 0.508106 0.650139 
152.421295 -21.102662 4.419151 -1.230058 -2.582499 -2.205223 -1.291851 -0.423221 -0.531291 -0.587961 0.947303 -1.529865 0.429204 -0.163446 -1.017528 -0.882775 1.197351 2.297261 -1.192542 0.302036 0.196646 -1.129526 0.617155 -0.019016 0.776534 -2.106194 -1.962651 1.111440 0.384248 0.341283 0.914402 0.070373 0.454512 -0.739180 -0.071839 1.258063 0.410222 
154.810211 -22.250745 1.741260 -0.177274 -1.485010 -0.315646 -1.927356 -0.245704 0.767918 -2.284881 0.978554 -0.799581 1.553379 -0.986911 -0.965341 0.162983 0.897322 0.965441 0.297928 0.511922 0.369458 -1.120888 0.080828 0.802860 0.858970 -0.417724 1.256935 0.548279 0.134008 -1.762863 1.100705 0.256328 -0.561635 0.606661 0.008169 0.094495 -0.071886 
158.825485 -23.076485 2.488469 -0.904092 -0.787856 -0.274341 -0.695995 0.600624 0.207626 -2.829736 1.108959 0.075855 2.147143 -0.998893 1.496341 0.213784 1.465367 -1.228466 1.008867 0.814692 -0.926624 0.083796 0.633492 0.169974 0.632762 -1.398996 2.069738 0.941993 0.714026 -2.014705 -0.060565 0.153728 -0.851482 1.207710 0.223075 -0.505639 -0.575930 
157.267715 -24.248531 4.733943 0.250293 1.445723 -2.772577 0.090379 1.383680 -1.085329 -2.117288 2.245538 -0.459633 2.818903 -3.784903 3.174136 2.046968 2.325374 -3.063970 0.176798 0.819378 -1.333505 1.294532 0.526979 -0.208417 -0.292891 -1.265099 0.275080 0.812826 0.410723 -0.542476 -0.723862 -0.221337 0.120084 0.975504 -0.628894 -0.062936 -0.851344 
148.099777 -30.646291 8.836740 3.189844 3.862893 -6.402281 -0.342399 2.239380 -2.459385 -0.240672 2.162916 -0.340980 1.561361 -3.529091 2.046501 1.839435 2.286813 -2.313417 -0.438857 0.372017 -0.686455 2.034804 -0.624296 0.044103 -1.069925 1.947431 -1.746718 -0.965830 -0.211673 1.627685 -0.685690 -0.562567 0.562597 0.092637 -0.430758 -0.042659 -0.189152 
142.195969 -31.306712 8.826945 3.929164 6.019349 -7.399412 -0.787336 2.127714 -2.458239 1.952319 0.996947 -0.371428 0.679052 0.109959 -0.319301 0.115309 1.902029 0.191400 -1.194582 -0.305756 -0.208310 1.479805 -0.334537 -0.293734 -0.671194 2.674647 -2.289105 -0.505568 -0.827418 1.398772 -0.306136 -0.137763 0.248043 -1.055491 0.818884 -0.557972 0.422081 
134.665817 -30.426373 8.198139 3.420462 7.666951 -6.019480 -2.731562 1.627869 -2.876006 2.718939 1.493842 -0.928448 0.218973 1.820203 -2.531709 0.828299 0.631976 0.484127 -1.051129 0.096491 -0.190369 -0.076178 1.013472 -1.071842 -0.225764 0.959407 -1.220966 0.598058 -1.643411 0.048014 0.414276 0.172367 0.465852 -1.134615 0.591307 -0.334881 0.288336 
128.694412 -27.666306 3.763526 5.585762 7.283301 -6.431159 -2.889594 2.320697 -2.838978 1.799963 3.023890 -2.515111 0.227524 2.028773 -2.761232 1.311425 -1.384793 0.287429 -0.366030 0.038978 0.723393 -0.789425 0.848078 -0.963497 -0.094522 -0.168435 0.549328 0.101196 -1.086919 -0.052642 0.245595 -0.173568 0.491617 -0.380959 -0.443695 0.391184 -0.009013 
125.063484 -26.368826 2.675675 6.043312 4.897364 -5.444622 -3.463623 1.705825 -1.429219 1.140089 3.189998 -2.855442 0.029928 1.483333 -1.433054 1.030691 -1.541861 0.378842 -0.559938 -0.250644 0.792864 -0.838095 0.126082 -0.289475 -0.243791 0.238830 0.347893 -0.816630 0.350462 0.197551 0.115365 -0.292785 -0.139057 0.304990 -0.574369 0.324013 -0.077618 
122.205475 -24.699639 0.897417 7.647144 4.199579 -5.673475 -4.009470 1.819409 -1.253250 0.123772 3.276053 -3.094061 -0.260057 2.506432 -2.065445 -0.321834 -0.683869 0.682530 -0.135300 -0.546593 0.445279 -0.179444 -0.300660 -0.315472 -0.249759 -0.059743 0.073173 -1.217937 0.441635 0.731678 0.420712 -0.314286 -0.152986 0.667526 -0.601593 0.367233 -0.041020 
121.111069 -21.355961 -1.455215 5.399644 3.529626 -4.079563 -3.734223 0.612639 -0.538662 0.781200 2.588678 -3.486387 -0.469591 1.363848 -1.286709 -1.405182 -0.658592 1.842198 0.281485 -0.879217 0.486891 0.496957 -1.077104 0.444992 -0.325831 -1.407212 0.977526 0.020201 0.180127 0.181356 0.139581 0.135381 -0.157841 0.173844 -0.216378 0.478314 0.014348 
117.854950 -21.971943 -1.676001 4.836780 2.882396 -1.989079 -3.446501 0.060976 -0.279467 1.117687 1.121845 -2.204077 -0.911719 -0.307991 -0.110393 -0.281432 -0.323615 1.045242 0.143861 -0.275832 0.129597 0.168243 -0.733417 0.641155 -0.221064 -0.835920 0.588158 0.561875 0.167488 -0.398478 -0.068812 0.301693 -0.178647 -0.164357 0.171844 0.098081 0.052383 
