162.035568 -21.596594 4.555717 -0.497955 0.627988 -0.688257 1.191942 -0.634288 1.848278 0.980975 0.524513 -0.661652 -0.134821 -3.412468 1.058561 1.778599 1.116637 -0.172992 -0.903943 -0.367804 -0.252577 -0.197833 0.045799 0.279722 0.275705 -1.415834 0.161375 0.530371 0.222301 0.137854 -0.069687 -0.113136 -0.048329 -0.064612 0.178100 0.138572 0.139731 
155.790359 -28.421530 6.672839 3.059243 2.861262 -1.034241 -0.615945 -1.369897 1.343124 0.585310 0.616110 -0.102207 0.416590 -6.244136 1.381311 2.839340 1.561239 0.102716 -1.043317 -0.594075 -0.349234 -0.327057 0.401998 0.556865 0.555168 -3.057955 -0.262935 -0.365096 -0.549944 0.445114 0.343029 0.353136 -0.252123 -0.083673 -0.007165 0.106014 0.002035 
145.492767 -34.084865 7.318339 5.180726 3.750466 -0.482824 -0.894692 -1.822439 1.149810 0.326860 1.328510 0.452079 0.975516 -9.528378 0.532690 1.048407 0.016749 0.717236 -0.217886 0.338469 -0.756824 -0.365178 0.031469 0.491751 0.279776 0.165410 -0.402108 -0.820636 -1.013166 -0.169717 0.294550 0.248269 -0.223874 0.086912 -0.273484 -0.089335 -0.245115 
134.146103 -47.478286 7.738219 5.156056 2.894759 0.400231 -1.051717 -0.692959 -0.170523 -0.145046 0.679047 0.881295 0.976143 -5.913315 0.577094 1.198069 -0.465094 -0.236717 -0.454218 -0.097537 -0.796982 -0.153233 -0.144969 0.378196 0.064939 5.127331 0.059229 -0.653249 -0.579725 -0.735367 0.153520 0.042244 0.525850 0.154743 -0.048393 -0.357629 -0.245124 
111.982452 -45.911496 8.472527 7.576864 2.820278 -0.956258 -1.803128 -2.017513 -0.444153 0.020395 1.038572 1.208471 1.105393 0.726284 0.651149 -0.258091 -1.142701 -0.753499 0.089154 0.422957 0.294877 -0.055693 -0.065317 -0.223507 -0.210471 4.627817 -0.437669 -2.260839 -0.361814 0.360424 1.003372 0.375823 0.560319 0.344409 -0.104850 -0.457292 -0.406441 
93.712875 -46.025717 9.040517 4.639875 0.609357 -1.106767 -0.873409 0.152954 0.419230 -0.256432 0.548412 0.434282 0.555202 3.342319 -0.298244 -3.323609 -1.188723 0.484132 1.552526 0.654109 0.323657 0.535585 -0.354669 -0.536389 -0.747943 2.336288 -1.148737 -0.848701 1.015812 0.818944 0.684090 -0.347880 -0.089696 0.023487 -0.092661 0.161361 -0.109793 
97.774132 -39.226858 7.876038 0.929645 0.442832 0.012006 1.301925 -0.709295 0.203160 1.091565 0.329234 0.135693 -0.390492 5.398861 -1.646326 -1.955492 0.888923 0.884390 1.457333 -0.272803 0.115484 -0.008718 -0.250640 0.099216 -0.430057 -2.773596 -0.594677 1.726729 0.460820 -0.725265 -1.144840 0.096314 0.395655 -0.179127 0.212969 0.236908 0.260176 
95.007729 -35.227994 5.747866 0.728891 2.387203 0.662012 2.041257 -0.392652 0.650198 -0.273869 0.047133 0.632713 -0.304912 -2.204873 -1.487598 0.129849 -0.267084 -0.966399 -0.737153 0.846736 1.114967 0.177331 0.071269 -0.062573 -0.227590 -7.315663 -0.015117 1.358685 -1.515942 -1.163461 -1.262789 0.835637 0.340026 0.342889 0.166661 -0.253672 0.198130 
93.463348 -43.636604 4.900843 1.189344 -0.091336 -1.920791 -0.172381 0.984176 2.433095 1.446226 0.471771 0.010547 -0.845672 -9.232465 -1.676559 0.761879 -2.142962 -1.442532 -1.068244 1.398470 0.795535 0.677060 0.082681 -0.408128 -0.033796 -1.070745 0.410114 0.738203 0.271964 1.037052 0.874630 -0.203774 -1.134654 -0.547292 -0.221708 0.087547 0.265276 
89.943779 -53.692923 2.394748 2.252649 -1.898721 -2.223052 -0.095232 2.404287 2.241269 1.080252 0.212495 -0.183542 -0.372504 -4.346364 -0.667369 1.606255 0.276844 1.107705 1.012107 0.439188 -1.154341 -0.917253 -0.372147 0.112522 0.302962 4.912347 1.220613 0.135560 1.474992 1.312786 1.048675 -1.097879 -1.204981 -1.232049 -0.373860 0.332266 0.119582 
178.754440 -52.329332 3.566106 4.401853 0.462352 0.294618 1.851834 1.862552 0.124413 -0.388280 -0.272522 0.235591 -0.239748 0.592230 0.764667 1.032998 0.807022 1.183041 1.029106 -0.797288 -1.614426 -1.787038 -0.665039 0.256405 0.205369 2.247016 0.168623 -1.664741 -0.319374 -0.284486 -0.782680 -0.923885 0.305663 0.030518 -0.122918 -0.007691 0.055883 
0.000000 -52.508464 3.924082 4.318645 -0.284678 0.143030 1.962980 0.809711 -0.987584 -2.493823 -1.117584 0.329268 0.038234 0.147668 -0.330122 -1.723227 -0.361903 0.538732 -0.553252 -1.408582 -0.543015 -0.856217 -0.617983 0.097141 0.414729 -0.486647 -0.706051 -1.374339 -0.484581 -0.768508 -1.049336 0.008071 1.015605 1.293182 0.263060 -0.160521 -0.088097 
187.377213 -52.033996 2.905861 0.955400 -0.261455 1.372082 0.745330 -0.954612 -0.961618 -2.100714 -1.508488 0.429873 0.589710 -0.381064 -0.647435 -1.715680 -0.162141 -0.353976 -1.069566 -0.781146 0.416783 0.799326 -0.138919 -0.064637 0.029174 0.289101 -0.143439 1.225482 0.413967 -0.882908 0.116926 0.555245 0.640198 0.850972 0.593767 -0.268373 -0.399392 
168.208923 -53.270593 2.629212 0.887285 -0.608959 -0.564922 -0.176152 -0.752581 -0.154017 -0.895170 -1.395422 0.199993 0.096582 0.725871 -0.616999 0.727737 0.466030 -1.227084 -0.319400 -0.298093 0.737381 0.845726 0.569551 -0.439605 -0.384055 0.262896 -0.391813 1.511698 0.406278 0.055882 0.478041 0.149746 -0.031074 -0.434581 0.336858 -0.107993 0.063422 
184.613861 -50.582254 1.671863 2.410873 0.670606 -1.082087 0.106531 -1.550798 0.513144 -0.409262 -0.369385 -0.449337 -0.178399 0.144727 -1.431061 1.307716 0.650416 -0.242213 -0.113483 -0.481654 0.354635 -0.069835 0.534797 -0.280622 0.156019 -1.823744 -0.923546 -0.248900 -0.260841 0.542971 -0.238123 0.123723 -0.638491 -0.798931 -0.451474 0.221788 0.220212 
189.483368 -52.981138 -0.232910 3.502717 0.691874 -1.049348 -0.403118 -1.715889 0.555252 -1.034840 -0.325828 -0.361252 0.408619 -2.921617 -2.464091 0.229936 -0.055651 -0.141143 -0.795646 -0.050647 -0.539601 -0.752135 -0.333397 0.003971 0.056370 -1.635552 -0.239307 -1.317649 -0.565579 0.066472 0.081240 0.752127 0.098988 0.266390 -0.300808 0.108517 -0.178428 
105.207222 -56.425488 -3.256318 2.870745 0.559304 -1.364372 -1.484762 -1.652091 -0.566057 -1.913531 -1.036179 -0.441395 -0.065658 -3.126378 -1.909676 -1.327583 -0.480741 -0.109269 0.048997 1.022600 0.552611 0.462945 -0.066820 -0.063589 -0.200838 0.506783 1.261024 -0.333158 -0.239218 -0.112200 0.323893 0.212985 0.763885 0.781591 0.479338 0.001274 -0.004171 
156.216660 -59.233893 -4.052262 0.847550 -0.269608 -1.267887 -0.305124 0.329311 1.660474 -0.108950 -0.459468 -0.488430 0.006944 -1.908050 0.057958 -0.436381 -0.534087 -0.365543 -0.147861 0.375324 0.988169 0.811048 0.625280 0.006518 0.048029 7.178930 1.951532 0.402115 0.426441 0.457262 -0.221736 -0.733343 -0.465361 -0.286664 -0.156086 -0.060654 0.054570 
186.052719 -60.241589 -3.140401 1.997984 -0.508871 -2.095457 -1.780485 -0.901443 1.410282 -0.291436 0.214382 -0.428358 0.030399 11.231483 1.993387 -0.523354 0.372141 0.805254 -0.394475 -0.444085 -0.378111 -0.110384 -0.378993 -0.184897 -0.091697 9.829080 1.833950 -0.297696 0.607013 1.007582 0.179598 -0.368157 -0.477380 -0.108483 -0.584836 -0.270368 -0.081096 
179.218552 -36.770927 -0.065488 -0.199158 0.474675 0.342621 -1.094075 -0.558859 0.904252 -0.329718 -1.217454 -0.858223 -0.176451 17.750109 3.725858 -1.031772 0.679940 1.649622 0.211334 -0.360990 0.033409 0.594081 -0.544391 -0.534217 -0.114164 -2.592475 0.345989 0.567601 0.179170 -0.169431 0.258026 -0.092662 0.500054 0.733643 0.221061 -0.138114 -0.152877 
115.591125 -24.741372 4.311314 -0.065560 0.851009 1.203786 -1.357817 -1.623422 1.477099 0.896726 -0.874400 -1.496792 -0.197929 6.046533 2.685365 0.611849 0.730482 0.466392 0.121578 -0.629409 0.621997 1.356903 0.063129 -0.461124 -0.397452 -8.564910 -1.542615 0.888383 -0.004580 -0.993275 0.230864 0.005897 0.144995 -0.003229 0.263809 0.331110 -0.226857 
116.808670 -24.677861 5.305243 1.024540 1.935638 1.275405 -0.850920 -1.817677 2.148245 2.384088 -1.091195 -1.780471 -0.971355 0.620289 0.640627 0.744994 0.670780 -0.336929 0.673062 -0.349195 0.323398 0.587622 -0.016773 0.128004 -0.567879 -3.038246 -0.984081 -0.260452 -0.280928 -0.533520 0.335232 0.149248 -0.186061 -0.775808 -0.057522 0.600807 0.102792 
117.506226 -23.500794 5.592569 1.424427 2.192569 0.529929 -0.011693 -2.321813 2.123895 2.071970 -0.907946 -1.240784 -1.333686 -0.029960 0.717203 0.090945 0.168625 -0.600648 0.792041 -0.330913 0.249874 -0.194714 -0.051915 0.740491 -0.191868 -1.359396 -0.428930 -0.249421 -0.000485 0.087313 0.002542 0.237800 -0.126006 -0.239274 -0.014964 0.065427 0.270138 
117.045021 -24.737780 6.739649 1.206430 2.272888 0.074108 0.733163 -2.479502 2.647994 1.994660 -1.195024 -0.299489 -1.355091 -2.098502 -0.217234 0.246151 0.669811 -0.162303 0.678146 0.126404 0.071387 0.109073 -0.046701 0.258857 -0.027603 -0.872788 -1.196135 0.318431 0.441954 0.427638 -0.247506 0.271900 -0.280977 0.155071 -0.014161 -0.524461 0.190723 
116.497429 -27.697798 5.158102 1.916730 3.532190 0.205322 1.344599 -2.069004 2.266669 2.290116 -1.001348 -0.723070 -1.388893 -1.775535 -1.675068 0.727807 1.052533 0.254629 0.297030 0.212888 -0.312080 0.115428 -0.080237 -0.308431 0.189578 0.896603 -0.296765 -0.116711 -0.255519 0.143087 -0.426443 -0.091778 0.088755 -0.178136 -0.268509 -0.267284 0.088306 
115.755722 -28.288850 3.389513 2.662044 4.377953 0.583366 1.327222 -2.053727 2.023834 2.225515 -1.355499 -0.916350 -0.975936 -0.305296 -0.810764 0.012729 0.158772 0.123871 -0.174739 -0.057152 0.248896 -0.247199 -0.583719 -0.275710 0.149009 1.254637 0.938191 -0.719800 -0.735218 -0.288403 -0.387182 -0.069011 0.190030 -0.296944 -0.046515 0.151400 -0.119966 
113.278206 -28.308391 3.536575 1.942189 3.849734 0.453065 0.995121 -2.183308 2.764461 1.795717 -2.168787 -1.274491 -1.090876 0.733740 0.201314 -0.711793 -0.417903 -0.322177 -0.477335 0.074866 0.067981 -0.478460 -0.173267 -0.005630 -0.050355 2.015398 0.969296 -0.612195 -0.775092 -0.460956 -0.385990 0.159713 -0.549803 -0.328612 0.362327 0.140037 -0.005980 
109.654190 -26.821371 3.792141 1.238458 3.542147 -0.060989 0.372553 -1.903995 2.159797 1.268595 -1.702034 -0.927610 -1.076646 3.725499 1.127829 -1.211661 -1.391411 -0.798042 -0.946720 0.262274 -0.850709 -0.904422 0.140935 0.004364 0.137048 1.362503 0.505398 -0.523529 -0.571365 -0.154721 -0.257474 -0.069137 -0.227849 -0.357842 0.114426 0.100550 0.265106 
102.270332 -20.857393 5.792232 -0.481134 1.066912 -1.143019 -0.898320 -1.658760 1.063044 -0.013127 -1.886917 -1.265764 -0.816779 3.458746 1.212110 -1.758851 -1.560633 -0.631620 -0.992282 -0.063408 -0.387716 -1.194145 0.055585 0.195471 0.479856 -2.024010 -0.450820 -0.430719 0.457850 0.523584 0.134638 -0.456972 0.385051 0.342323 0.113674 0.029622 0.344976 
0.000000 -19.903879 6.216360 -2.279244 0.420880 -1.324229 -1.612012 -2.030812 1.384365 -1.119694 -1.590864 -0.536667 -0.116934 -0.322521 0.226189 -2.073100 -0.475711 0.249126 -0.677445 -0.651670 -0.080608 -0.219776 0.368283 0.063607 0.827000 -1.254226 -1.735483 -0.100397 0.760242 0.036727 0.999731 -0.228130 0.032920 0.792396 0.359366 -0.030868 -0.117621 
0.000000 -21.502434 6.244611 -4.627334 0.115489 -0.644767 -2.253209 -2.962101 0.901828 -0.452679 -1.150350 -1.138549 0.837221 0.950294 -2.258857 -1.959644 -0.040150 -0.558166 1.007180 -0.519668 -0.321875 0.390647 0.774317 0.133735 0.244613 1.522209 -1.771201 0.362445 0.481491 -0.895990 0.635046 0.470275 -0.320120 0.159408 0.444219 0.012537 -0.505604 
0.000000 -18.003291 1.698647 -6.198531 0.340579 -2.440561 0.402349 -3.070148 0.740614 -0.338401 -0.042230 -0.269197 0.372291 2.721897 -3.316212 -1.348209 0.487270 -1.542853 0.592647 0.288880 -0.720847 0.099041 1.256722 0.088680 -0.184207 -0.040503 0.605041 0.346154 0.219805 -0.174341 -0.935412 0.268018 -0.104241 -0.211150 -0.072306 -0.198881 -0.088060 
195.847733 -16.058639 -0.387814 -7.323752 1.090030 -3.730473 -1.067916 -2.384341 -0.539867 -0.254598 1.363093 -0.961188 0.468808 0.869288 -1.048775 -1.267335 0.399459 -0.906848 -0.863644 0.016368 -0.530356 -0.031653 0.629706 -0.264027 0.068493 -1.664676 1.603289 0.383519 0.026945 0.662709 -0.240698 -0.299428 0.419867 -0.066819 -0.648277 0.003253 0.095645 
0.000000 -16.264716 -0.398903 -8.733201 1.139496 -4.254257 -1.324939 -3.037412 -0.320098 -0.401707 1.217183 -0.797251 0.509277 -0.607455 -0.109634 -0.581172 0.541161 -0.217435 0.111250 -0.309977 0.118886 -0.034597 -0.039832 0.095187 0.007083 -1.331804 0.225955 0.603101 0.034232 0.478329 0.456411 -0.025567 0.054597 0.195016 -0.515331 0.238434 -0.041966 
0.000000 -17.273550 -0.607082 -8.486096 2.172352 -4.165342 -0.845416 -3.004294 -0.302094 -0.323791 1.283429 -0.770814 0.482974 -1.794320 -0.596865 -0.061134 0.467923 0.049809 0.049178 -0.034766 -0.421162 0.358378 -0.400956 0.212840 -0.015440 -0.700256 -0.528522 0.240046 -0.027722 0.180214 0.090030 0.000730 -0.424223 0.265159 -0.066232 -0.128599 -0.135312 
0.000000 -19.853356 -1.592633 -8.855469 2.075343 -4.154638 -1.226583 -3.106945 -1.162422 0.315049 0.415271 -0.371571 0.478398 -2.007968 -1.166678 -0.101079 0.485717 0.142993 0.291309 -0.308517 -0.729560 0.495722 -0.172295 -0.162010 -0.263541 -0.311023 -0.097096 0.183316 0.357224 0.028544 0.266263 -0.136605 0.198163 -0.050535 0.618614 -0.265907 -0.050240 
0.000000 -21.289486 -2.940439 -8.688254 3.143786 -3.879356 -0.262798 -3.621329 -1.761215 0.667652 0.938839 -1.094834 -0.044109 -2.416366 -0.791057 0.305498 1.182371 0.106897 0.581703 -0.307976 -0.024837 0.257309 0.836272 -0.318974 -0.115920 -0.221209 -0.207405 1.107573 -0.224915 0.270605 0.123504 0.035856 0.523721 -0.281953 0.094084 -0.094630 0.086303 
0.000000 -24.686088 -3.174747 -8.244472 4.440084 -3.940843 -0.063176 -3.722896 -1.212096 0.829667 2.087814 -1.009520 0.246557 -2.450386 -1.581488 2.114068 0.035888 0.684203 0.538318 -0.236805 0.317881 -0.068185 0.015872 -0.351270 -0.090935 -2.140108 -0.466703 1.047232 -1.156813 0.687633 0.121173 0.103996 0.233373 -0.223904 -0.858640 0.076970 -0.084087 
0.000000 -26.190258 -6.103416 -4.460118 3.215562 -2.510949 0.813838 -4.094939 -1.125453 0.531282 0.970584 -1.797375 -0.225979 -6.696582 -1.724463 2.399962 -1.131255 1.482164 0.824049 -0.099984 0.441910 -0.190500 -0.881008 -0.165033 -0.284094 -7.153190 1.166315 -0.241235 -0.557410 0.521699 -0.220023 0.345629 0.028709 0.171267 -0.248259 0.540551 0.035902 
0.000000 -38.079253 -6.623672 -3.444549 2.177574 -0.976515 1.584921 -3.922865 -0.328276 0.448668 0.325798 -1.339586 -0.321631 -16.756765 0.751141 1.631599 -1.078933 1.727602 0.098272 0.454454 0.375298 0.274350 -0.480646 0.729832 -0.019132 -4.867879 1.501638 0.329837 0.112208 -0.128998 -0.706092 0.787500 -0.170699 0.120013 0.241889 0.466098 0.108540 
142.910065 -59.703788 -4.601133 -1.196921 1.057695 0.944254 1.010383 -3.186031 -0.374856 1.079982 0.009291 -0.337712 -0.264243 -16.432340 1.278814 3.059635 -0.906840 1.224168 -0.588135 1.475016 0.100512 0.049527 -0.397231 0.767162 -0.067014 14.296154 1.538255 -0.455213 -0.741457 -1.787815 0.385844 0.929693 0.309867 -1.081810 0.142952 -0.209963 0.092838 
120.856819 -70.943932 -4.066045 2.674721 0.363895 1.471821 0.408652 -0.972834 -0.127253 0.547721 -0.468663 0.194739 -0.455659 11.835543 3.827652 0.721172 -2.561847 -1.848028 0.869961 2.313840 0.995033 -1.889270 -0.194743 0.309905 0.166544 20.126209 0.980134 -2.440200 -0.336259 -1.247840 0.486518 -0.666970 0.369200 -0.473187 0.265802 -0.513701 0.272812 
0.000000 -36.032702 3.054170 0.245423 -4.065998 -2.751801 2.750305 1.441649 1.615209 -2.698558 -0.380195 0.282098 0.068845 23.820078 3.239082 -1.820765 -1.579357 -1.271511 0.384901 0.141076 0.838913 -0.896848 0.134373 -0.260240 0.478611 -2.489761 -2.992743 -1.238030 1.975167 1.403494 -0.730914 -1.560463 -0.587753 1.407460 0.036373 -0.367710 0.089947 
0.000000 -23.303777 2.412119 -0.966809 -2.794819 -1.071202 1.178454 -0.690682 1.550573 -1.245974 -0.199918 -0.325742 0.501562 6.856021 -2.157835 -1.754889 1.388487 0.958961 -0.591868 -0.807085 -0.180474 0.925650 -0.121997 -0.425516 0.346438 -11.607979 -2.406553 0.069711 1.218602 0.909964 0.108963 0.317554 -0.305120 0.543786 -0.377956 0.115404 -0.105667 
0.000000 -22.320661 -1.261500 -3.264355 -1.289024 -0.833879 1.566569 -0.172521 1.254262 -0.847258 -0.624188 -0.568933 0.761722 0.604119 -1.574024 -1.681343 0.857847 0.548416 0.602826 0.776183 0.228672 0.190723 -0.621538 -0.029433 0.267277 -4.592318 2.614725 1.572556 -0.411192 -0.090939 0.636328 0.518667 -0.108100 -0.445827 0.243966 0.178692 -0.384563 
0.000000 -22.095538 -0.735930 -4.329495 -1.079124 0.025630 2.384106 0.861685 2.007916 -0.864527 -1.442994 -0.384608 1.036117 -2.328615 3.071615 1.390223 0.566102 0.777083 0.680788 0.230249 -0.396674 0.033996 0.365936 -0.068131 -0.422688 -2.492202 2.361268 2.036663 -0.212869 -0.464446 -0.095728 -0.094202 -1.106255 -0.045090 1.209829 -0.441858 -0.593299 
130.561020 -26.977892 4.881730 -0.483909 -0.156819 0.720287 2.928146 0.287978 0.460914 -0.779265 0.107684 -0.705195 -0.083654 -4.380285 3.148512 2.391984 0.432109 -0.380477 0.411369 0.587780 -1.983839 0.100544 1.798119 -0.913150 -0.919321 -1.157671 -1.121262 -0.106479 -0.522438 -0.722545 -0.404788 0.626272 -0.197624 0.102461 0.107727 -0.453147 0.155778 
131.422684 -30.856108 5.561095 0.454473 -0.214906 -0.735323 3.206845 2.037244 -1.959762 -0.663440 2.153244 -2.210908 -0.802525 -4.643957 0.829090 1.177265 -0.478774 -0.668006 -0.128788 1.482792 -0.791922 0.238918 0.581390 -0.974425 -0.111132 0.181897 -1.673177 -1.170014 -0.306156 0.375053 -0.310717 0.075501 1.101276 0.082922 -1.113740 0.399950 0.560997 
126.901909 -36.265806 6.539911 1.870621 -1.114367 -0.615725 2.670569 3.253562 -1.122930 -0.301430 1.270465 -2.654045 -0.305918 -4.016490 -0.197842 0.051955 -0.180203 0.369629 -0.210065 0.738781 0.218714 0.266388 -0.429360 -0.113251 0.202672 0.936023 -0.929717 -0.569887 -0.310373 0.992721 0.699667 -0.899323 0.653030 -0.380357 -0.585403 1.177213 0.220511 
120.148903 -38.889088 5.165412 0.558383 -0.575312 0.003934 2.786716 3.514805 -1.522334 -0.130664 1.294525 -2.437410 -0.397182 -2.771911 -1.030344 0.037491 -1.099520 1.317436 1.270546 -0.315853 0.514137 -0.521796 -0.589415 1.380000 0.329890 2.135041 0.135334 0.631623 -0.598372 0.015107 0.762591 -1.118083 0.816706 -1.009034 -0.272031 0.517609 -0.230463 
104.343056 -41.809629 4.479223 1.945604 -3.313406 2.019146 5.211661 2.621856 -0.094655 -1.345022 0.091634 0.105954 0.353861 0.253591 0.072826 1.315200 -1.376948 0.399843 1.315117 -1.497386 1.852125 -1.751680 -0.973421 0.921968 -0.258255 5.861095 -0.290100 -2.038779 2.053909 -1.177538 -1.712201 -1.485627 -0.164916 0.308466 0.408413 -1.116953 -0.151316 
122.933189 -38.381905 5.311065 3.188783 -3.329208 0.803620 5.416949 0.520034 2.181915 -3.634024 -0.652318 -0.593474 -0.913692 8.950279 -1.610545 -4.040066 3.008299 -1.037641 -2.153856 -3.287107 0.184306 0.095136 0.227411 -0.853905 0.027257 4.596858 -2.055533 -3.138853 2.271094 -1.029740 -2.194259 -0.270635 -1.546428 1.597398 0.845551 -0.840077 0.491162 
266.898468 -23.909070 1.258134 -6.134528 2.703191 -0.056136 0.903949 -3.952358 0.273956 -1.154749 0.546455 -1.601856 0.408375 9.447308 -4.038240 -4.962506 3.165240 -1.659637 -3.073401 -2.038656 -1.240732 1.443116 0.717681 -0.758186 0.724070 -2.853195 -0.343887 1.635518 -1.608449 -0.002655 0.824277 1.682933 -0.196723 0.106110 -0.105076 0.353261 0.179710 
0.000000 -19.487289 -2.765416 -6.736228 3.001273 -2.515655 -0.729853 -3.557279 -0.299549 -0.747792 0.783043 -2.109846 0.534448 3.243889 -2.298318 -0.769030 -0.208599 -1.042951 -0.505302 0.078759 -0.209140 0.307357 0.017260 -0.147383 0.386678 -3.886054 1.987328 2.212120 -1.857580 0.720452 1.601824 1.019150 0.722973 -0.706119 -0.307449 0.473163 -0.247061 
0.000000 -17.421293 -3.338502 -7.672588 2.285993 -2.142037 -0.106655 -3.794839 -0.144323 -0.540035 0.580975 -1.896622 1.181731 1.675201 -0.063585 -0.538265 -0.549919 -0.218733 0.130247 -0.000355 0.205214 0.030878 0.102782 0.188139 0.229949 -4.278216 0.926482 -0.239430 -0.067367 1.018444 0.242046 -0.225193 0.133290 -0.116981 -0.005407 0.324569 -0.134444 
0.000000 -16.136888 -2.892586 -7.812759 1.901434 -2.953120 -0.469359 -3.557990 0.110878 -0.686036 0.988608 -1.733567 0.994345 -5.312543 -0.445355 -1.247891 -0.343334 0.993938 -0.021210 -0.371626 0.057440 0.073395 0.006445 0.501755 0.117789 -4.393542 2.207357 -0.159694 -0.533800 2.104266 -0.271496 -0.212948 0.206625 -0.365153 -0.124014 0.692138 0.037732 
0.000000 -28.046379 -4.229212 -10.168370 1.599326 -0.154162 -0.149076 -4.538092 -0.029443 -0.393246 0.593865 -0.893113 1.417309 -7.111883 4.351129 -0.857653 -1.617520 3.989800 -0.412745 -0.426251 0.618464 -0.699428 -0.145245 1.572415 0.305413 5.056083 1.931934 1.439650 -0.277385 -0.646202 -0.058941 0.389307 0.261763 -0.575754 0.166921 -0.245720 0.009389 
0.000000 -30.360653 5.809672 -9.528064 -1.333606 5.026481 -1.294850 -4.410492 1.347805 -2.084892 0.698118 1.411262 1.605171 4.799622 3.418514 1.631408 -0.898103 -0.298466 -0.139093 0.406987 0.580967 -1.078114 0.340287 0.010315 0.136567 7.019722 -3.797436 0.795171 1.437151 -3.689832 0.495165 0.600122 -0.495339 0.531554 0.172002 -1.411217 -0.326799 
0.000000 -18.447136 2.607816 -6.905553 -0.196880 -0.751094 -0.427261 -3.724117 1.132490 -2.549473 1.274440 -0.872482 1.690443 6.927562 -3.243743 0.732690 1.256783 -3.389863 0.577584 0.773993 -0.372214 0.363681 0.198758 -1.250020 -0.348185 -1.968222 -3.330493 -1.226455 0.855677 -0.442755 -0.094548 0.061788 -0.539599 1.063267 -0.319488 -0.177085 -0.380342 
196.508057 -16.505529 -0.677813 -8.062684 1.179959 -1.753246 -0.139681 -2.862505 0.603378 -1.357531 1.095635 -1.088777 0.908802 0.863179 -3.242471 -0.821501 0.813251 -1.183977 -0.328188 0.530563 -0.498232 1.048421 -0.298688 -0.343854 -0.624117 -3.517593 0.822043 -0.487813 -0.565976 1.353481 -0.524781 -0.337118 0.069269 0.044385 -0.204022 0.507157 0.057444 
179.318970 -16.720779 -3.877127 -8.548556 1.429621 -3.119049 -1.083638 -2.662991 0.136027 -0.452631 0.677063 -1.560190 0.442210 -0.107625 -1.599657 -0.242936 0.124831 -0.682902 -0.471978 0.099757 -0.233675 0.452450 -0.209286 -0.235706 -0.233296 -0.485402 0.821407 0.289283 -0.344210 0.250538 -0.071895 -0.215403 0.132278 -0.297986 0.044701 0.054074 0.195410 
