169.426422 -28.101342 6.905854 -2.826798 1.524378 -1.131364 -3.492123 2.122048 0.621115 0.312653 -1.126897 -1.311184 1.287929 0.850705 0.476848 -0.199156 0.019784 -0.126803 -0.259749 -0.209336 -0.209414 -0.238050 0.344195 0.083834 0.140263 0.293376 0.079462 0.036093 -0.136950 0.223982 -0.068372 -0.110964 0.018833 0.057409 -0.042546 -0.003258 -0.045794 
172.633362 -26.399932 7.859550 -3.225109 1.563946 -1.384971 -4.011620 1.703377 0.202287 -0.163447 -0.438508 -1.143517 1.568455 1.437457 0.635771 -0.126969 -0.254116 0.321161 -0.396492 -0.431264 -0.171748 -0.123232 0.259103 0.077317 0.048675 0.230150 -0.390598 0.136113 -0.069652 0.295121 0.061380 0.037196 -0.036861 0.165930 -0.179180 -0.062986 -0.037226 
172.363403 -25.226428 8.177396 -3.080737 1.016146 -0.489042 -4.285107 1.259520 0.277619 0.066190 -0.608690 -1.156550 1.385280 1.311005 -0.304349 0.073070 -0.119520 0.463438 -0.136989 -0.134944 -0.283135 0.093810 -0.014166 -0.042138 0.065810 -0.106739 -0.556444 0.064166 0.210150 -0.328683 0.305797 0.243847 -0.059826 -0.017044 0.002890 -0.035439 0.067272 
174.622101 -23.777921 7.250851 -3.078969 1.324906 -0.458096 -4.285599 1.433489 -0.363984 0.024173 -0.466839 -1.227794 1.700075 1.223979 -0.477117 0.001362 0.166184 -0.336204 0.215103 0.056430 -0.291400 -0.157320 0.264884 0.006440 0.183220 -0.170754 0.194728 -0.013519 -0.094406 -0.199707 0.020701 0.063560 0.153480 -0.137671 0.106922 0.035208 0.016531 
176.261887 -22.778471 7.223161 -3.078013 1.348513 -1.161450 -3.854902 1.372381 -0.305180 -0.248451 -0.078923 -1.143671 1.751720 0.969496 0.085107 0.046032 -0.308332 0.064024 -0.095587 -0.007824 0.023825 -0.181532 0.199679 0.028277 0.098872 -0.285337 0.411157 -0.015299 -0.302600 0.372268 -0.250236 -0.041176 0.177532 0.011239 -0.081514 -0.046204 -0.044461 
176.650421 -21.838928 7.421065 -2.986905 0.708241 -0.330048 -4.476773 1.417841 -0.316334 -0.338891 -0.067481 -1.171240 1.897818 0.653305 0.345198 -0.029236 -0.439017 0.408332 -0.285369 -0.025921 0.063663 -0.134842 0.101855 -0.085969 0.094299 -0.309012 0.107157 -0.055020 0.163394 -0.149426 0.099974 -0.102407 0.047001 0.039669 -0.021258 -0.028461 -0.024680 
176.643417 -21.471861 7.913556 -3.136484 0.470480 -0.344786 -4.425640 1.320539 -0.177854 -0.518135 0.124787 -1.315608 1.940318 0.351472 0.299421 -0.064008 0.018456 -0.234829 0.104362 -0.212639 0.117827 -0.102194 0.157164 -0.028644 0.049512 -0.747057 0.102632 0.069905 0.371371 -0.304521 0.048203 -0.056272 0.026301 0.049797 -0.061743 0.071576 0.024735 
176.258392 -21.135984 8.019908 -3.114921 0.745153 -0.799706 -4.268049 0.992563 -0.080680 -0.543279 0.246847 -1.228528 1.996842 -0.840808 0.550462 0.110575 0.303726 -0.200710 -0.188962 -0.138466 0.116265 -0.035248 -0.021630 0.057183 0.143768 -4.644931 0.576147 0.671161 0.379908 -0.075889 -0.057842 -0.105398 0.189573 0.063690 -0.318126 0.216102 -0.014502 
175.930664 -23.153477 9.014480 -2.915335 1.077931 -0.746205 -4.803564 1.043607 0.054676 -0.588630 0.081526 -1.201242 2.227854 -8.938389 1.451716 1.278315 0.778271 -0.386606 -0.011322 -0.423435 0.496974 0.025187 -0.479089 0.403559 0.020509 -9.199441 -1.440294 2.149705 0.027119 0.078332 0.789791 -0.528487 -0.224426 0.206113 0.169080 0.477222 -0.554869 
175.417831 -39.012762 10.923339 -0.558292 2.301694 -1.572919 -4.290692 0.145693 0.913267 -0.492906 -0.711330 -0.421410 2.037861 -19.239690 -2.330127 4.409985 0.357964 -0.044046 1.390619 -1.195439 -0.332587 0.376978 0.316530 1.011628 -0.965969 -3.695379 -4.099592 0.235164 -0.583141 0.679755 1.068073 0.191621 -0.472538 0.085947 0.381023 -0.144240 -0.581564 
174.700867 -61.632856 4.354226 5.904636 1.793860 -0.834296 -2.022326 -1.347270 -0.610499 0.165327 0.714586 0.822013 0.295916 -16.329147 -6.747468 1.748644 -0.388011 0.972904 2.124825 -0.040193 -0.448102 0.197080 0.282957 0.115079 -1.142618 13.016306 1.586191 -2.547236 -0.084726 0.452636 -0.290160 0.806928 0.243149 -0.293618 -0.437356 -0.760946 0.401663 
173.181488 -71.671056 -2.571596 2.938995 1.525673 0.372889 -0.041043 0.065308 0.017063 -0.098745 -0.145417 -0.191253 -0.247376 6.792922 0.842255 -0.684486 0.188513 0.861226 0.810300 0.418418 0.153712 -0.210258 -0.558182 -0.510264 -0.162643 13.240149 5.925735 -0.674410 0.660692 0.314336 -1.517048 -0.607638 0.828253 0.544198 -0.149494 -0.114061 0.920133 
0.000000 -48.047013 6.038736 4.535663 2.170885 0.888157 -0.401727 -0.510435 -0.303075 -0.255190 -0.401778 -0.198516 -0.029370 10.151152 5.104001 0.399824 0.933373 1.601576 -0.909271 -1.255469 1.208405 1.285475 -0.016030 -0.113043 0.697648 -1.479682 0.598614 -1.140342 0.227496 1.135863 -0.527937 -0.887388 0.307693 0.358166 0.366090 0.570242 0.250877 
194.154709 -51.368751 7.636406 3.738644 3.392418 3.576040 -1.859586 -2.445630 2.433873 2.472205 -0.177477 -0.417339 1.147919 3.833558 2.039484 -2.965170 0.643504 3.132953 -0.245575 -1.356358 0.769098 0.506073 0.173998 0.630220 0.339111 -0.912239 -1.681799 -2.223041 -0.436979 0.395759 0.606012 0.137570 -1.151610 -1.271330 0.068472 0.475263 -0.618494 
208.472748 -40.379896 10.117703 -1.394677 3.457892 7.154062 -0.892877 -3.223152 1.235120 0.756956 -0.053783 1.061924 0.648853 8.326674 1.740404 -4.046258 0.059414 2.393093 0.302753 -0.980330 -1.094816 -1.257185 0.120914 0.837483 -0.539341 -0.252549 -0.572680 0.395521 -0.241849 -1.338496 -0.122053 0.397910 -0.697549 -0.525796 -0.143418 -0.363489 -0.506583 
213.226837 -34.715404 11.117213 -4.353872 3.511247 8.362225 -1.254080 -4.406290 0.244240 -0.042165 0.064350 1.257627 0.069237 3.328460 0.894124 -2.174129 0.159806 0.455960 -0.489682 -0.560538 -0.625999 -0.545519 -0.112839 -0.096758 -0.674055 -3.137593 -0.477616 1.337961 -0.284269 -1.628439 -0.211820 0.940000 0.523339 0.318992 -0.117621 -0.531890 0.149034 
213.241364 -33.722975 11.905952 -5.742935 3.777505 8.065983 -1.872241 -4.344229 -0.016879 -0.334082 -0.279461 0.868408 -0.699258 2.051487 0.785172 -1.370336 -0.509123 -0.863786 -0.120888 0.899670 -0.048138 -0.619201 -0.114328 -0.226297 -0.241272 -0.099987 -0.427511 1.012711 -0.476628 -1.312303 0.469579 1.013157 0.459953 -0.127353 0.349836 0.076138 0.381628 
211.382309 -30.612430 12.687558 -7.094544 2.493001 6.634654 -1.495856 -2.606949 0.147965 -1.280567 -0.164305 0.805033 -0.413308 3.128486 0.039102 -0.148708 -0.793449 -2.168646 0.449476 1.465775 0.293906 -0.800226 0.586832 0.055518 0.089201 -0.644395 -0.666134 1.719522 0.032010 -0.541292 0.130638 0.048313 0.168788 0.156094 0.043784 0.053287 0.141566 
209.945999 -27.466003 11.984155 -6.040351 2.190607 3.728691 -0.973288 -1.412679 0.570933 -1.934535 0.894204 0.979443 -0.520855 0.762697 -0.547096 2.068708 -0.445102 -1.946370 0.140388 0.996297 0.289438 -0.307012 -0.026760 -0.119723 0.041859 -0.858669 -0.365378 0.716605 0.457343 0.506334 -0.764209 -0.198383 -0.073445 0.511569 -0.892093 -0.229678 -0.129604 
203.818344 -29.087037 11.593366 -2.957127 1.602796 2.741915 -1.215079 -0.614356 0.726841 -1.894591 -0.217824 0.565587 -0.329589 1.411148 -0.691654 1.284503 0.121237 -1.155978 -1.078942 1.069010 0.147016 0.222911 -1.197355 -0.403838 -0.170006 2.144513 -0.399487 -1.407616 0.206552 0.650219 -0.494565 -0.311963 -0.240526 0.341325 -0.389370 0.061241 0.244878 
195.462341 -24.643706 10.600848 -3.471346 2.433082 1.416735 -3.131172 0.725341 0.864966 -1.488713 -1.500505 0.171768 -0.860868 5.051723 -1.346070 -0.746523 -0.031998 -0.645932 -0.848742 0.372370 -0.191615 0.375638 -0.805500 0.002758 0.531616 0.797921 -0.329022 -1.095960 -0.303581 0.942151 1.012450 -1.164463 -0.384104 -0.004002 0.762597 0.379339 0.411940 
184.113785 -18.983592 8.901225 -4.450174 1.538800 1.450050 -2.912564 0.130384 0.343611 -1.143314 -1.828824 0.571103 0.733644 3.006990 -1.349697 -0.907417 -0.485924 0.728323 0.945958 -1.259916 -0.621191 0.214908 0.327839 0.354840 0.653874 -2.917392 0.152927 0.008675 0.689043 1.119733 1.230894 -0.704159 0.048799 0.000563 0.933380 -0.215115 -0.539166 
178.324875 -18.629725 7.901453 -5.286181 1.461234 2.873381 -1.239256 -1.794492 -0.377417 -1.058897 -0.844828 0.881449 0.446880 -0.783062 -1.040216 -0.729174 1.346088 1.593533 1.613045 -1.035948 -0.094016 0.376764 1.061259 -0.427472 -0.546715 -2.907130 0.330943 0.343848 1.323947 0.148590 -0.186928 0.702042 0.391996 0.083827 0.035661 -0.668774 -0.575080 
176.544678 -20.549716 6.820793 -5.908522 4.230977 4.637117 0.313526 -1.941512 0.155579 -0.389787 0.293693 -0.283840 -0.359785 -2.807269 -0.687811 -0.219722 2.161969 1.025504 0.572101 0.144168 0.162801 0.382562 0.399161 -0.982707 -0.496286 -0.654246 -0.011040 0.561105 -0.014447 -0.568404 -0.940557 0.595322 0.041971 -0.196273 -0.749589 0.193070 0.117493 
179.161362 -24.244263 6.525832 -5.725624 5.785172 4.924388 -0.095053 -1.506156 -0.051815 -0.293773 -0.046506 -1.083966 -0.545693 -2.091554 -1.062297 0.393036 1.317195 0.456726 -0.268069 0.154697 -0.010074 -0.015783 -0.437918 -0.041332 -0.311729 0.925811 -0.590954 0.518554 -0.881844 -0.243416 -0.073275 -0.313238 -0.108572 -0.292158 -0.266357 1.023983 0.056452 
181.175888 -24.732824 4.696199 -5.122450 6.865367 5.550568 -0.222611 -1.632119 0.135432 -0.421353 -0.582144 -0.366504 -0.983243 -0.955647 -1.869719 0.817387 0.398281 0.538671 0.425551 -0.482308 -0.054344 -0.201753 -0.133553 1.065259 -0.383382 -1.453997 -1.348410 1.026598 -1.240818 0.204805 0.617664 0.083417 0.071950 -0.166715 0.422690 0.242372 -0.027695 
179.398193 -26.155556 2.786393 -4.090851 6.581734 6.001730 0.756049 -2.470772 -0.160502 -0.697279 -0.313612 1.046553 -1.312457 -4.999549 -3.759116 2.446233 -1.164441 0.866336 0.967259 0.321530 0.133826 -0.349213 0.407462 0.443411 -0.367118 -4.524348 -1.916964 0.562444 -0.978536 -0.282127 0.075258 0.676885 0.105190 -0.156979 0.452085 -0.765885 0.024120 
172.280579 -34.731921 -2.822033 -0.229985 4.536484 7.283240 1.711906 -0.989059 0.403083 -1.119779 0.232781 0.520319 -1.717479 -10.004343 -5.703648 1.942274 -1.558791 -0.025582 0.576068 0.871462 0.156037 -0.515711 0.770617 -0.466511 -0.335142 -7.138212 0.594125 -2.722915 -0.289244 -1.576141 -1.027429 0.178170 -0.259986 0.182710 0.081226 -0.156553 0.316381 
167.309677 -46.164243 -8.620902 -0.206302 3.464152 5.950566 1.908184 -0.727848 0.151571 -1.728700 1.227623 0.113531 -1.982741 -19.275972 -2.570866 -2.999598 -1.742930 -2.285945 -1.087600 0.677871 -0.386146 0.016207 0.569915 0.130306 0.265645 -0.516815 4.052095 -0.796920 -0.408228 -1.892696 -1.110534 -0.312183 -0.088996 0.751579 -0.671583 0.316990 0.644578 
0.000000 -73.283865 -7.963766 -6.229180 1.050624 2.711349 -0.463294 0.366683 -0.369209 -1.087366 1.372611 0.780930 -1.186189 -11.037974 2.400543 0.348434 -2.375248 -3.810973 -1.645001 0.247097 -0.021956 0.987448 -0.572549 0.167468 0.954014 16.517411 6.356990 2.255489 0.605523 0.305185 -1.189336 -0.734700 1.328671 0.067687 -1.194510 -0.023774 0.679806 
0.000000 -68.240190 -3.819816 0.490567 -1.286343 -1.671381 -1.381818 -0.233655 0.107660 0.246197 0.082524 0.448468 -0.074714 13.758851 10.143114 1.511381 -0.531884 -1.675575 -3.466271 -0.791530 2.271197 0.151581 -1.819105 0.082757 1.625256 14.046456 2.986110 -1.413019 1.731680 2.258829 -0.663382 -0.300264 0.818707 -0.639965 -0.309227 -0.086947 -0.025585 
0.000000 -45.766164 12.322462 -3.206417 -0.013143 -0.639801 -7.395836 -1.216377 4.173185 -0.784203 -2.265600 0.946444 2.064323 17.054938 8.372763 -2.477603 1.088112 0.706684 -2.971765 -0.353432 1.615458 -0.292482 -1.191003 -0.006425 0.902844 -2.495591 -4.791573 -1.541404 0.687947 1.437822 2.158284 0.085258 -2.010198 0.015327 1.346395 -0.128045 -1.121529 
177.340576 -34.130313 12.925710 -4.464638 0.889881 -0.258013 -7.325347 -0.940519 3.338576 -0.338767 -2.299483 0.435618 1.730973 8.767668 0.559968 -1.571427 0.844011 1.200069 0.850297 -0.621013 -1.749199 0.182236 0.873684 -0.173334 -0.617801 -7.154527 -3.849672 0.952919 -0.623916 0.558012 2.574977 -0.313188 -1.824693 0.117917 0.969518 -0.017583 -0.797742 
180.566437 -28.230829 13.442397 -6.349271 1.674879 1.760336 -5.695243 -2.458403 0.674788 -0.419731 -0.518232 0.599776 0.828721 2.745885 0.673420 -0.571765 -0.159721 1.822708 2.178188 -0.979808 -2.033928 -0.056648 0.748032 -0.041591 -0.692640 -5.418546 0.046894 1.636617 -0.992651 -0.111673 0.787731 0.479604 0.773075 0.101663 -0.573593 -0.064794 0.210209 
182.937332 -28.638544 14.272550 -5.608168 0.570439 3.387404 -2.968970 -2.900135 -0.729280 -0.452063 -0.803419 0.352435 0.345694 -2.069424 0.653755 1.701808 -1.141292 0.976722 2.425759 0.338195 -0.203049 0.385561 -0.273502 -0.302923 -0.197383 -3.506104 -0.406217 2.584375 -0.062984 -1.651725 -0.538434 0.758649 0.981843 0.249382 0.061872 0.043440 0.274521 
182.936722 -32.369677 14.749907 -2.945656 -0.607704 3.713780 -0.843725 -1.782014 0.268691 0.351391 -1.065236 -0.006069 0.433956 -4.266324 -0.139014 4.596986 -0.285689 -1.480741 1.101321 0.537489 -0.070242 0.442115 0.871776 0.045288 -0.143598 0.298839 -0.491029 0.683613 1.355815 -1.672472 -2.121882 0.024146 0.754222 -0.088809 0.133233 0.316887 0.212082 
177.510895 -37.171192 13.994522 3.585803 -0.000939 0.425923 -0.766329 -1.825156 -0.869763 0.432167 0.940133 0.443011 0.058498 -1.471747 -0.328302 3.069033 1.570338 -2.368221 -1.818005 0.386487 1.305395 0.207943 -0.007036 0.330851 0.226781 3.426882 -0.169204 -3.009616 1.339092 0.190120 -1.758135 -0.167364 1.045231 0.030692 -1.177762 -0.023228 0.279402 
170.033478 -35.313171 14.093303 3.192409 2.532971 -1.022662 -4.479735 -1.009039 2.879480 0.767277 -1.079308 0.655634 0.887517 2.587440 -0.477421 -1.422247 2.392495 -1.100500 -2.414950 0.202762 2.020220 0.503500 -1.483749 -0.001169 0.415206 1.563055 -0.391720 -1.983600 -0.203491 0.848229 0.699468 -0.502289 -0.633782 -0.030886 -0.241237 -0.195009 -0.389338 
160.840530 -31.996312 13.039680 0.741308 4.784051 -1.775078 -5.596228 -1.419632 3.170677 1.439167 -2.027365 0.440673 0.888909 1.654362 -1.111743 -0.898167 1.163356 -0.671763 -0.419068 -0.618091 0.037830 0.146170 -0.489510 -0.059166 -0.551895 -1.342261 -0.014720 1.073728 -0.982204 0.393678 1.343015 -0.415971 -1.016859 -0.383448 0.799710 0.066193 -0.489217 
152.455963 -32.004446 11.869817 1.396076 4.859684 -2.366188 -5.317871 -2.245221 2.955140 1.059618 -2.058329 0.537303 -0.216273 -0.097082 -0.506862 0.725208 0.428087 -0.313143 0.271080 -0.629180 -0.013499 -0.263396 0.115671 0.131217 -0.563228 -1.592069 0.715029 1.211168 -0.631363 0.785246 0.116874 0.322734 -0.185076 -0.213204 0.460419 0.052254 0.424559 
145.624603 -32.190476 12.025956 2.191725 5.640224 -2.401364 -5.054067 -2.677993 3.143680 0.912376 -1.796022 0.703107 -0.237547 -1.529776 0.318315 1.524169 -0.099369 0.898730 -0.185320 0.027377 -0.332322 -0.280237 0.431327 0.045342 0.297223 -1.499374 0.268009 0.977390 -0.939422 0.528556 -0.040689 0.501556 -0.387830 -0.076502 0.301098 -0.034404 0.334910 
141.974976 -35.063998 12.506447 4.444415 4.660946 -0.568728 -5.688511 -2.190467 2.290497 0.499143 -1.195674 0.627987 0.378173 -3.095830 0.029156 2.679988 -1.450757 0.743970 0.189703 0.373932 -0.789158 -0.416399 0.717868 0.062410 0.106592 0.984180 -0.387117 -0.751405 -0.215146 -0.672703 -0.125624 0.516603 0.009497 0.069286 0.029723 -0.047041 -0.216541 
142.527466 -38.382135 12.084267 7.551701 2.738709 -0.913425 -4.674662 -1.930129 1.565364 0.079578 -0.360287 0.827927 -0.024362 0.438584 -0.455918 0.021360 -0.529661 -0.446676 -0.436569 1.060583 -0.313328 -0.141665 0.490774 -0.048740 -0.135860 3.816630 -0.278085 -3.261994 1.044262 -0.453151 -0.682747 0.814520 0.572095 0.253346 -0.582953 -0.274135 0.087648 
147.854080 -34.186831 11.594610 4.487134 3.601625 -1.462081 -6.561648 -0.069300 1.663840 0.215813 -0.214125 0.530506 0.106453 4.537431 -0.527015 -3.844000 0.637766 -0.162333 -1.175791 2.002972 0.355032 0.090293 -0.448037 -0.485860 0.281888 1.384501 -0.567542 -1.489891 0.341787 0.177384 0.864998 -0.083786 0.404625 -0.118601 -0.524444 -0.181046 0.321696 
156.024124 -29.307273 11.030236 -0.136299 4.014241 -1.238091 -7.026243 2.075815 2.275428 0.260163 -1.256361 -0.143794 0.539414 3.207585 -1.591003 -2.958422 0.153914 -0.091909 1.293428 0.893011 0.495922 -0.378868 -0.558114 -0.410833 0.507533 -3.965766 -3.000892 3.359255 -1.139587 -0.086014 1.951521 -1.504906 0.241030 -0.356082 0.375011 0.373608 -0.248591 
164.584824 -27.771661 8.412605 -1.429709 3.909454 -1.645898 -3.974792 1.716722 2.655683 -0.541922 -1.330353 -0.291160 1.121520 -3.394101 -6.528800 2.874511 -1.641408 -0.334361 2.727251 -1.006840 0.837092 -0.621872 0.301985 0.261355 -0.215293 -6.871791 -4.668741 2.912240 -0.415863 0.404900 0.104597 -1.152281 -0.632259 0.162009 0.712005 0.587503 -0.493439 
162.623962 -36.095476 -2.027364 5.612723 0.731425 -1.906812 -1.571741 0.062136 3.949612 -0.983580 -0.652392 0.378916 0.108829 -10.535997 -10.928485 2.866058 -0.677811 0.717891 1.502623 -1.411552 -0.768596 -0.054849 0.865896 0.764172 -0.479346 2.202378 4.271559 -3.198736 0.191925 0.518007 -1.594989 0.504717 -1.110461 0.194303 -0.148204 0.009103 0.140741 
0.000000 -48.843655 -13.444365 4.302406 2.553831 -0.210115 -0.969547 -1.106381 1.118491 -0.651620 0.401438 1.237184 0.162828 1.010654 2.014318 -3.522961 -1.257558 0.701653 -0.462727 0.002595 -1.383831 -0.233266 0.005577 0.279561 0.066190 11.081173 10.652136 -3.580117 -0.386693 -0.348216 -1.527770 0.932011 0.522984 0.013098 -0.635679 -0.557204 0.445300 
0.000000 -34.074168 2.001272 -1.433198 -1.783692 -0.503507 -2.497195 0.067327 1.181950 -1.450111 -0.641239 0.938039 0.241209 11.626350 10.375787 -4.294177 -1.451197 0.021459 -1.552917 0.452470 0.277371 -0.028652 -0.405461 -0.350237 0.411254 1.434136 0.700900 0.672026 0.724432 -0.132101 -0.399291 0.057255 0.642616 0.263730 0.110729 -0.503240 0.163676 
159.602341 -25.590954 7.307208 -4.285947 -0.348563 -0.167198 -4.075380 -0.201442 1.673233 -0.708925 -0.409484 0.536710 0.985336 3.878927 3.416118 -2.178909 0.191306 0.437450 -1.261308 0.117105 -0.098599 0.294193 0.227035 -0.726918 0.393542 -5.895334 -4.914443 1.647403 0.531344 0.080580 0.568288 0.071036 -0.471169 0.143230 0.184862 -0.216299 -0.106633 
150.635818 -26.316315 8.833509 -5.791017 -1.401079 0.371393 -5.019811 0.301536 0.984752 -0.861725 -0.187168 -0.515796 1.028292 -0.164317 0.546901 -0.999370 -0.388509 0.182619 -0.416341 0.594542 -0.664966 0.257807 -0.035736 -0.782835 0.197987 -2.576944 -1.763438 0.818767 0.447437 -0.155430 1.083987 0.466684 -0.237772 0.056581 -0.065623 0.275866 -0.157449 
143.880051 -25.919589 8.401011 -6.284687 -1.125581 0.198039 -4.908062 0.987643 0.343301 -0.193311 -0.480956 -1.028961 1.381311 -1.274961 -0.110757 -0.541375 1.086181 0.126589 0.906666 1.050473 -0.574144 0.407356 0.095789 -0.175185 0.078644 -1.181406 -0.932887 0.460662 0.972799 0.447015 1.358430 -0.303833 0.230134 -0.360646 0.077058 0.775616 -0.356775 
136.627701 -28.866238 8.611995 -6.873767 0.771282 0.624572 -3.206479 2.402482 -0.163535 -0.047013 0.004410 -0.866166 1.185580 -2.527130 -1.318872 -0.078047 1.557089 1.076648 2.300519 -0.013124 -0.204698 -0.463486 0.118381 0.768396 -0.515563 -2.222589 -1.166577 0.667546 0.211386 0.992618 0.776858 -1.226210 0.225984 -0.569107 -0.127719 0.594255 -0.215891 
131.732574 -30.973849 5.763266 -6.440780 1.988597 2.351335 -0.307025 0.961394 -0.066094 -1.120282 -0.244195 0.507832 0.350185 -5.720138 -2.443910 0.793717 1.508953 2.111826 2.460383 -1.401947 -0.122175 -0.730858 -0.159650 1.013325 -0.353138 -5.186606 -0.938602 1.403820 -0.221012 -0.620623 0.102313 -0.054540 0.452948 0.095117 0.222852 -0.235853 0.274070 
132.016754 -40.306515 3.724174 -5.286333 3.789188 4.848224 1.714286 -0.401413 -0.407885 -1.508730 -0.314889 1.160485 0.479305 -12.900343 -3.196076 2.729593 1.115065 -0.164599 2.505144 -0.122204 0.701198 -0.273251 0.564085 0.296691 0.032578 -3.292257 -3.257470 1.244872 -0.097909 -2.443581 -1.125530 1.023805 0.700193 0.263475 0.533483 -0.545382 -0.106756 
132.308487 -56.774534 -0.628887 -0.981593 4.218727 2.022137 4.703262 0.716986 1.336303 -1.666785 0.883976 1.101214 0.415341 -12.304653 -8.958850 3.283460 1.313135 -2.775336 0.209323 0.645662 1.278212 -0.203909 0.907316 -0.077438 -0.566649 10.219671 1.505211 -1.261222 -1.400059 -0.075266 -2.328056 -0.426010 -1.107304 0.551655 -0.431009 -0.439924 0.010188 
236.614746 -64.915821 -14.193526 1.280587 6.415458 -0.702448 2.132932 0.889910 2.148539 -1.916548 1.499744 1.005610 -0.653993 7.538999 -0.185655 0.207149 -1.685053 -0.315132 -2.150968 -0.974223 -1.513410 0.830058 -0.297933 -0.583156 0.052954 13.960062 7.764187 -2.059405 -2.091198 1.906539 -0.540742 -0.845220 -1.615935 0.599408 -0.771857 -0.243895 0.581383 
0.000000 -41.696535 -1.000196 -0.567295 0.848621 1.391873 0.401326 -1.231461 -1.690517 -0.006669 0.288109 -0.065099 0.521248 15.615471 6.569523 -0.835350 -2.869260 1.037743 -0.872162 -1.044778 -1.953657 0.994908 -0.636398 -0.565227 0.596117 -10.046858 -1.497061 -0.261465 0.363605 -0.248511 0.905376 0.756635 1.101937 -0.543650 0.022138 0.333747 -0.165772 
0.000000 -33.684880 -1.054480 -0.390113 0.676937 1.373037 0.388608 -1.199645 -1.758775 0.073268 0.226948 -0.124845 0.538242 -12.554717 -3.179777 -0.315780 -0.957844 -0.812154 -0.340217 0.539047 0.690464 -0.257242 -0.253657 0.084337 -0.278590 -13.007913 -1.048729 2.767987 2.162126 -0.946031 -0.048416 0.674619 1.155475 -0.480569 0.423373 0.596678 -0.145369 
103.879776 -66.805969 -7.359750 -1.198856 -1.067066 -0.232435 -0.279107 -0.153366 -0.309590 -0.521152 -0.219206 0.103575 -0.035933 -10.400355 4.472065 4.700624 1.454992 -0.854319 -0.968993 0.304460 0.357293 0.033770 0.210349 0.628129 0.305379 9.357453 5.402238 2.710388 1.642419 0.380286 -0.147460 -0.378863 -0.528881 0.294111 0.343542 0.214791 0.435528 
381.105377 -54.485590 7.889650 9.011135 3.586921 -0.335602 -1.549379 -0.590725 -1.044189 0.140807 0.647645 1.131414 1.149000 6.160189 7.624700 5.104995 2.326994 -0.051583 -0.635136 -0.218680 -0.367299 0.330980 0.433426 0.513919 0.592466 8.280272 1.576317 0.202186 0.436001 0.401368 0.166929 -0.261570 -0.362296 0.148605 0.111538 -0.057105 0.143544 
