162.091827 -20.133897 2.513112 0.783819 0.949399 1.153618 1.551667 -0.993171 1.712677 0.153464 -2.445305 0.782274 0.889844 -3.575697 0.579948 0.012266 -0.298427 -0.329237 -0.397533 0.466192 -0.219604 0.084682 0.299797 0.155208 -0.441605 -2.205400 -0.660296 -0.324656 -0.288330 -0.016218 -0.183722 0.209021 -0.001182 0.132472 0.044504 -0.177889 0.214908 
156.926971 -27.285292 3.673008 0.808352 0.352544 0.495143 0.756602 -0.060786 1.273470 0.322827 -1.845710 1.092691 0.006635 -7.986498 -0.740644 -0.637046 -0.875088 -0.361673 -0.764977 0.884235 -0.221968 0.349626 0.388806 -0.200570 -0.011790 0.820623 -1.768064 0.209596 -0.115778 0.253141 0.004252 0.089583 -0.050547 -0.106746 -0.043690 -0.363189 0.348419 
148.256683 -36.106893 1.031824 -0.490272 -0.800777 0.430273 0.021713 0.775299 1.268742 0.852715 -1.667693 0.381135 0.866265 -1.934451 -2.956179 0.431459 -0.529983 0.177045 -0.389028 0.645359 -0.320698 -0.128811 0.212417 -0.571170 0.255234 8.558477 0.354390 0.767500 0.400690 0.532405 0.617734 -0.661332 0.198514 -0.485444 -0.164014 0.137918 -0.207156 
145.340378 -31.154194 -2.239351 1.671269 -0.707422 0.849234 -0.021454 1.229931 0.632075 0.065205 -1.420877 -0.049650 0.517103 9.130455 -0.031864 0.897954 -0.073707 0.703137 0.470491 -0.438429 0.175061 -0.621261 0.060778 0.075267 -0.426102 4.036507 2.886017 -0.461349 0.084739 0.182698 0.454807 -0.811839 0.534933 -0.219321 0.053278 0.269680 -0.139820 
169.386459 -17.845983 0.968095 1.305635 -0.948192 1.836548 0.962695 -0.101559 1.618864 -0.389808 -1.546138 0.531670 0.014060 6.138563 2.815855 -0.491238 -0.360505 0.542441 0.520587 -0.978319 0.749168 -0.567452 0.318972 -0.031811 -0.024405 -7.099475 0.735743 -0.579084 -0.311461 -0.278305 -0.085436 -0.387205 0.253295 0.335263 0.117065 -0.228478 0.316899 
168.437225 -18.877068 3.392359 0.688792 -1.428433 1.934116 1.019719 -0.726707 2.130411 -1.069700 -0.782932 -0.113272 0.468292 -5.068494 1.439621 -0.260214 -0.696630 0.146527 0.299619 -1.212838 0.681651 0.049265 0.294908 -0.381689 0.207696 -7.305184 -1.924760 0.206640 -0.410506 -0.243376 0.352428 0.172109 -0.148158 0.951480 -0.254000 -0.027209 -0.083407 
162.149246 -27.982971 3.847338 0.785208 -2.341452 2.129603 1.561934 -2.527236 2.982165 -0.291278 -0.956323 -0.231708 0.429453 -8.471804 -1.033665 -0.077959 -1.181518 0.055690 1.225442 -0.634102 0.452852 1.335508 -0.189028 -0.086229 -0.191219 -0.663720 -1.130006 0.551342 -0.074099 -0.178743 0.044192 1.147689 -0.359564 0.574747 -0.083115 0.165516 -0.139116 
155.588226 -35.820676 1.325030 0.532875 -3.791469 2.045497 3.470602 -1.994911 3.036115 1.601316 -1.160989 -0.285731 0.085854 -6.395933 -0.820391 0.842471 -0.844828 -0.210959 0.388004 1.082539 -0.037477 1.198759 0.128677 -0.050657 -0.070535 4.189687 2.325736 0.668692 1.076172 -0.288576 -1.615280 -0.078789 -0.516286 -0.887408 0.149983 -0.343798 0.182865 
142.172409 -40.774837 2.206556 2.470149 -4.031107 1.707686 2.337943 -0.362157 2.907211 2.106239 -0.698968 -0.333022 0.288383 -0.092430 3.617807 1.259425 0.970825 -0.521462 -2.005119 -0.791680 -0.579720 -0.439309 0.110938 -0.773825 0.174511 5.926264 1.327158 -0.229922 0.838603 -0.498689 -0.911182 -1.628372 -0.176566 -1.248093 0.028021 -0.191608 0.160403 
130.449738 -36.005537 8.560644 3.051726 -1.849818 1.002572 -0.539636 -3.578271 1.876676 0.722699 -0.939112 -1.833381 0.434876 5.456594 1.833925 0.382627 0.832379 -1.208338 -1.434360 -2.174205 -0.390608 -1.297427 0.184720 -0.433872 0.250271 1.657143 -2.965292 -0.669315 -0.324867 -0.711586 0.746473 0.607817 0.326991 -0.076218 -0.039969 0.615278 0.162950 
119.086845 -29.861648 5.874406 3.235403 -2.366349 -0.708989 -0.530776 -4.710568 2.125995 -0.488614 -0.329527 -1.200766 0.788926 3.221856 -2.312777 -0.079205 0.321092 -1.944633 -0.512172 0.423954 0.074263 -0.591745 0.031000 0.456730 0.500412 -2.801937 -1.940700 -0.543424 -0.270627 0.040040 0.473264 1.655270 -0.069944 0.771610 -0.430011 0.479166 0.036797 
113.286156 -29.561825 3.935090 2.893315 -1.207634 -2.886694 -1.563979 -2.730363 2.025201 -0.460791 -0.877113 -0.919920 1.435700 -0.147280 -2.047475 -0.704222 0.291126 -1.128257 -0.487831 1.136334 -0.530495 0.245793 -0.675301 0.524459 0.323865 -2.868843 0.465957 -0.493064 -0.518119 1.118255 0.227038 0.060345 -0.506048 0.517271 -0.296916 0.092717 -0.361225 
109.987343 -30.156209 1.779455 1.826960 -1.784097 -2.965503 -1.506439 -2.437900 1.065004 0.002972 -1.680130 -0.151848 1.436655 -2.515831 -1.380863 -1.065333 -0.715147 0.291878 -0.058097 0.544643 -0.937833 0.442797 -0.562832 0.642164 -0.222038 -2.906300 0.752837 -0.037579 -0.679148 0.936104 0.041914 -0.197586 0.414956 -0.223929 0.523782 0.004097 -0.489610 
0.000000 -34.593486 1.173364 0.762648 -2.637928 -2.302939 -1.680173 -1.641076 0.149536 0.424804 -2.002777 0.364408 0.991623 -5.959880 -0.541801 -0.779379 -1.067170 0.743951 -0.404003 0.741162 0.299418 -0.202065 0.372262 0.532653 -0.655354 -3.129067 1.177035 -0.093488 0.210881 0.115226 0.236457 -0.009717 0.862107 -0.540073 0.689927 -0.053933 -0.049242 
65.636360 -42.075970 0.695853 0.268202 -3.918437 -1.477600 -2.314445 -0.955575 1.663839 -0.401158 -0.935605 0.913458 0.125947 -8.773965 0.973208 -1.252309 -0.293385 0.522330 0.414816 0.525210 0.786381 -0.637349 0.817023 0.534298 -0.320522 -0.960711 0.454887 -0.139243 0.556260 -0.404930 0.274655 -0.160750 -0.483877 0.193994 0.179855 -0.061291 0.513143 
140.656418 -52.141417 3.119780 -1.741969 -3.224699 -1.258279 -0.850540 -0.590657 1.722297 -0.849895 -0.368732 1.433003 0.350579 -7.881303 0.367972 -1.057866 0.045349 -0.065908 0.145308 0.419662 -0.668336 0.185924 0.731972 0.410071 0.370931 0.928254 -1.927854 1.278615 -0.046285 -0.489244 -0.649365 -0.166163 -1.001094 0.545331 -0.143039 -0.260988 0.278584 
151.058945 -57.838575 1.431798 -1.847529 -3.827738 -1.609417 -2.023829 -0.116251 0.327167 -0.029310 0.528339 1.733601 0.867809 -6.917458 -2.882500 1.304922 -0.385956 -0.456158 -0.883914 0.192885 -1.215807 0.453312 0.530944 0.012322 0.236645 7.062932 0.746133 1.841850 0.696637 -1.044576 0.017167 -0.428176 0.151702 -0.281514 -1.105125 -0.819253 -0.270266 
135.238159 -65.976333 -2.645219 0.867874 -3.996610 -2.170596 -2.618368 -0.204888 -0.709318 0.056729 0.693157 1.457648 0.823870 6.244560 1.860238 2.625834 1.438623 -2.155060 0.179642 -0.436690 -0.364933 -0.377105 -1.478279 -1.228434 -0.169602 14.156111 2.618747 -0.019021 1.304207 -0.054462 0.637465 -0.770898 1.337520 -0.520200 -1.000800 -0.757909 -0.036859 
161.551346 -45.349454 5.152274 3.404139 -0.950493 -5.919536 -1.664545 -0.989630 -0.402700 -0.783521 -2.428219 -0.723267 0.528606 21.394764 2.354995 1.266879 2.222459 -0.565081 0.391017 -1.348911 1.459232 -0.587088 -1.470656 -1.503496 0.162928 2.873556 -1.772782 -1.083194 -0.324631 2.491458 0.041640 -0.195794 0.626113 0.370313 0.954434 0.470228 0.066063 
128.101379 -23.186804 2.064770 3.401633 0.448308 -3.300759 -1.836335 -2.902710 2.209146 -1.117447 -2.248156 -1.549344 1.149725 11.991673 -1.685326 0.459446 0.789361 2.827856 0.262922 -0.828278 0.887293 0.363520 0.430588 -0.287978 -0.037476 -14.058422 -1.580226 -0.199600 -1.199078 1.582912 0.304710 1.191149 -1.205702 0.646277 1.035786 0.962498 -0.368084 
129.317108 -21.366107 1.781622 4.323031 0.628229 -0.263825 -1.138702 -2.646187 1.371887 -0.056480 -1.567042 -1.299222 0.453654 -6.722080 -0.805457 0.867679 -0.175697 2.600743 1.000437 1.033386 -0.952173 0.705465 0.600915 0.421500 -0.573240 -7.609105 -2.502478 -0.925342 -0.725948 -0.990036 0.362532 1.233447 -0.807851 -0.094174 -0.007536 0.486574 -0.063112 
139.841293 -36.630963 0.453856 5.136991 0.096914 1.900726 0.164540 -0.835937 0.304801 0.293483 -1.046326 -0.706344 0.003245 -3.226537 -6.690282 -1.391237 -0.662534 0.847785 0.987986 1.638616 -0.728409 0.175173 0.415516 0.685171 -0.163701 6.627495 -1.791873 -0.623044 0.307976 -1.462749 -0.346765 -0.106816 0.690292 -0.183967 -0.193067 -0.021797 0.197623 
141.101273 -27.819181 -11.598942 1.540556 -0.696838 1.431745 0.837271 0.631046 -0.084931 0.293866 -0.736010 0.071120 0.126253 6.532910 -4.389202 -0.378410 0.440256 -0.324756 0.306908 0.819755 0.428411 0.337531 0.214781 0.377906 -0.177994 2.841674 3.755588 1.776963 0.644792 -0.551080 -0.738607 -0.796431 0.798902 0.092467 -0.334619 -0.423957 0.070670 
158.611298 -23.565143 -8.324549 4.380171 0.977426 1.251215 0.778355 0.803573 1.161623 0.968546 -0.616764 0.049468 -0.352744 2.456812 0.820894 2.162688 0.627050 -0.254376 -0.489227 0.045755 0.869395 0.360106 -0.253723 -0.162743 -0.022360 -4.506215 -0.608427 -0.189796 -0.473851 0.438114 -0.379559 -0.420502 -0.609842 -0.105201 -0.114403 -0.128406 0.167837 
168.167709 -22.905558 -9.957155 5.865933 0.557263 0.922993 -0.141184 0.722555 1.653859 1.014078 -1.243455 -0.254365 0.081532 -2.479519 -5.606057 -0.758002 -0.507447 0.551473 -0.452211 -0.021248 -0.791272 0.127130 -0.014025 0.121094 0.157680 -0.632290 -0.700755 -1.351039 -0.491146 0.037361 0.150487 -0.144386 -0.958923 -0.212888 0.162309 0.275656 -0.032365 
0.000000 -28.524182 -19.536662 2.864168 -0.037467 2.354161 -0.126066 0.761076 -0.420921 1.222806 -0.644813 0.291656 -0.037384 1.192232 -0.580617 -0.539390 -0.355242 -0.179653 -0.188252 -0.243018 -1.048452 -0.065671 0.070895 0.388570 -0.087089 3.613105 7.371142 1.311899 0.513022 -1.112941 0.146883 -0.170052 0.621794 -0.132236 -0.060392 -0.090703 -0.138180 
0.000000 -20.521094 -11.118388 4.787153 -0.153222 0.563687 -0.517689 0.236518 -0.443045 0.882737 -1.101665 0.522775 -0.092647 4.746690 9.136227 1.865796 0.518598 -1.674408 -0.158445 -0.361352 0.452316 -0.137342 -0.134810 -0.060312 -0.118679 -1.115311 3.243295 0.874145 0.411568 0.322558 -0.531294 -0.274682 1.024474 0.374702 -0.036499 -0.380787 -0.031659 
166.125839 -19.030801 -1.264208 6.595759 0.999729 -0.994656 -0.442957 0.038373 0.483710 0.948121 -0.914432 0.171033 -0.274743 -1.038391 5.905974 1.208899 0.467894 0.465464 -1.250840 -0.792383 1.000496 0.683734 -0.002103 -0.373003 -0.150407 -5.253652 -3.773586 -0.130155 -0.266227 1.803494 -0.396821 -0.540594 -0.229473 0.143594 0.426230 -0.178842 0.314940 
141.804947 -22.597876 0.693561 7.204952 0.782566 1.494614 -3.019369 -1.348247 1.557947 2.250204 -1.105870 -0.223232 -0.393460 -5.760614 1.589056 1.605486 -0.013856 1.932580 -0.952087 -1.442540 -0.006630 0.149846 0.717651 -0.417996 0.511201 -3.717312 -2.463712 0.656692 0.252504 0.049833 1.078840 0.273592 -0.986108 -1.068995 0.287971 0.280158 0.432166 
130.906982 -30.552029 1.913903 9.806731 0.972017 2.870504 -2.347130 -2.846708 0.470450 1.247814 0.520870 -0.664958 0.747659 -8.473015 0.978551 2.522283 0.972902 0.565129 0.906840 -0.245199 -0.971720 -1.454257 0.573839 0.187313 0.713925 1.037762 -0.257546 -0.289786 -0.103346 -1.457917 0.844430 0.830150 -0.023021 -0.029531 -0.469416 0.643692 -0.224218 
125.221176 -39.543906 2.650662 12.249517 2.728370 2.624872 -1.205690 -1.838645 -0.385493 -0.658311 0.041808 0.151395 1.034390 -3.685090 1.073963 1.025915 -0.220548 -0.983255 0.736773 0.217759 -0.052672 0.090785 -0.221181 0.869389 0.062764 8.484591 -0.283690 -3.071988 -1.433072 -0.468553 0.063048 -0.115247 0.837337 1.528991 -0.675833 -0.217119 -0.696228 
128.784348 -37.922208 4.061829 11.858560 0.530921 0.903995 -0.873584 -2.411190 0.365106 1.429384 0.078508 1.073820 0.873188 8.496167 0.411171 -3.621693 -1.893242 -0.371977 1.032937 -0.475693 0.702953 1.603724 -0.777827 -0.246925 -0.678532 6.690286 -0.963579 -2.937625 -0.097330 1.174082 0.231719 -0.284803 -0.015260 -0.167739 -0.344717 -0.656350 -0.369186 
147.205978 -22.551571 3.473004 5.006131 -1.058113 1.880919 0.860184 -2.790031 1.020414 2.549138 -1.513845 -0.342456 -0.322674 9.695483 -0.853195 -4.849334 -0.415208 1.364910 1.200211 -0.351846 -0.083192 -0.244693 -0.910615 -0.443311 -0.675607 -2.887391 -0.928655 0.843770 1.442862 1.077551 -0.230692 -0.093873 -0.786952 -1.252666 0.531795 0.449661 0.278762 
154.676010 -18.531242 2.355440 2.159891 -0.299495 3.633814 1.526838 -3.114882 0.198722 0.939999 -1.742722 0.187198 -0.478027 2.721386 -1.446139 -1.934154 0.992483 1.783125 0.571553 -0.663439 -0.870950 -0.901607 0.285764 0.652397 -0.121007 -4.993641 -0.270435 1.954583 0.583574 -0.132030 -0.323347 -0.113738 -0.112287 0.223725 0.739460 0.358073 0.303040 
155.591309 -17.108799 0.580725 1.137824 0.926852 5.447170 2.003289 -4.116909 -0.721486 0.745923 -0.942316 0.962337 -0.564689 -0.291799 -1.394064 -0.940168 0.751940 1.100849 0.553517 -0.579322 -0.307767 0.202758 0.568304 0.272834 -0.069528 -2.427220 0.207309 0.927605 -0.575997 -0.562830 -0.372124 0.426606 0.552033 0.591200 0.000830 -0.427070 -0.087376 
150.498749 -19.114839 -0.432688 0.279554 1.204386 5.835512 2.633872 -4.273526 -0.416812 1.345514 -0.606114 0.732866 -0.617083 -2.133054 -1.031522 -0.078944 -0.159512 0.657465 -0.172696 0.189772 0.233115 0.280792 0.287424 -0.201743 -0.295758 -1.343406 0.206167 1.086848 -0.350846 -0.390045 -0.679041 0.572845 0.140648 -0.253959 -0.163983 -0.093393 -0.069587 
139.545837 -21.374908 -1.482318 0.979936 0.607829 6.762099 1.657897 -3.737364 -0.255257 1.307508 -0.367467 0.558850 -1.156206 -2.978611 -0.981730 1.233527 0.050249 0.320759 -0.804566 0.566367 -0.026470 -0.305160 0.240338 0.086048 -0.208703 -1.591753 -0.135340 0.158278 0.343671 -0.343407 -0.348791 0.314798 -0.239553 -0.250492 0.074322 0.156269 0.147935 
129.922150 -25.072061 -2.396147 2.746608 1.304883 6.477029 1.024741 -3.140792 -0.469752 0.735194 -0.125438 0.904963 -1.034489 -5.316560 -1.302202 0.237611 0.527830 -0.029349 -0.870277 0.819368 -0.245991 -0.220193 0.436069 0.110795 0.000111 -2.090296 -0.490355 -1.468065 -0.021695 -0.316342 -0.139606 -0.020815 0.011944 0.060558 -0.131040 0.006193 0.154382 
121.011780 -32.008028 -4.086723 1.455158 1.663489 6.703401 -0.082656 -2.098628 -0.747239 0.867122 0.504671 0.780441 -1.155983 -7.159202 -1.962440 -1.702603 0.006858 -0.311925 -1.083777 0.524736 -0.002582 -0.184043 -0.021742 0.098433 0.100060 -1.893369 -0.466296 -1.311136 -0.228941 -0.080052 0.414913 -0.316984 0.438934 -0.151649 -0.214020 -0.072168 -0.004409 
132.714783 -39.390465 -6.321028 -0.658599 1.318599 5.853179 -1.142813 -2.091319 -0.474916 0.367108 -0.168921 1.101830 -0.834368 -9.103298 -2.234795 -2.384660 0.069947 -0.189454 -0.040452 0.185400 0.631876 -0.523491 0.008028 -0.033540 -0.008706 -1.097116 0.644260 -0.557563 0.105878 0.610616 0.863590 -0.014773 0.202290 0.126714 0.195145 0.205200 -0.125971 
135.787613 -50.214623 -8.556312 -3.314162 1.803384 6.324494 -0.163559 -1.727828 0.516513 -0.179859 0.520728 0.713360 -1.173396 -9.353435 -0.673921 -2.817730 0.218615 0.909306 0.643403 0.495190 0.401999 0.069384 0.368548 0.508834 -0.151882 -0.441368 1.585585 0.943013 -0.387359 -0.440354 -0.183447 0.124545 -0.359445 0.447131 -0.295609 -0.033873 0.294023 
150.893616 -58.097335 -7.668870 -6.294060 1.755829 7.671790 0.143992 -1.100939 0.329081 0.505876 0.568174 2.119497 -1.138133 -9.986033 0.936376 -0.498635 -0.704770 -1.070162 -0.407346 0.434490 -0.087014 0.370772 -0.583189 -0.101287 0.579339 5.315682 2.289207 3.343628 -0.954317 -2.627664 -0.694615 -0.584328 -0.358592 -0.206256 -0.374668 -0.688644 0.440411 
129.785004 -70.186689 -6.683560 -4.311431 0.393844 4.184170 -0.978252 -0.858847 0.342485 0.561685 -0.645650 0.510787 -0.014719 1.277928 3.904493 3.869525 -1.690020 -4.346022 -0.745828 -0.673466 -0.315185 -0.343128 -0.380788 -0.868454 0.728940 16.608378 1.796208 1.565795 -0.065892 -0.476525 0.168955 -0.886882 0.222694 -0.599888 0.238205 -0.177807 -0.037572 
133.896805 -55.541478 0.140115 1.444989 -1.624210 -1.020254 -1.347663 -2.447872 -0.301289 -0.180379 -0.193402 0.382589 0.319748 23.230724 4.528792 2.632956 -0.836554 -2.023213 -0.069437 -1.339274 0.358374 -0.829005 -0.106778 -0.456902 0.504195 8.208335 -1.449529 -2.152319 1.088338 2.654948 0.464013 -0.134252 0.239319 -0.050128 -0.043929 0.458569 -0.389365 
0.000000 -23.725242 2.374025 0.954480 -1.279264 0.137745 -1.117126 -3.537395 1.059234 -1.096325 -0.859207 -0.403016 0.993672 17.694599 1.005435 -0.435113 0.486656 0.963873 0.182199 -0.941970 0.163454 -0.443384 -0.468646 0.048684 -0.049789 -10.635386 -2.121197 -1.714154 0.511907 1.302040 0.017329 0.526415 -0.414216 0.532896 0.011033 0.387374 -0.252372 
130.370682 -20.152280 2.150986 0.574763 -0.650898 0.907492 -0.983265 -4.331811 0.025619 -1.067147 -1.130693 0.479957 0.220170 1.959952 0.286399 -0.795353 0.187260 0.580868 -0.034780 -0.286445 -0.470058 0.236787 -0.084712 0.317847 -0.000549 -9.027810 -0.546425 0.241034 -0.445363 -0.434898 -0.181058 0.527149 0.138126 0.350210 0.198730 -0.029716 0.087832 
135.870560 -19.805339 2.946823 -0.636225 -0.904744 1.299481 -1.186686 -4.110285 0.119118 -0.622751 -1.028631 0.232677 0.992574 -0.361021 -0.087415 0.046955 -0.404069 0.094078 -0.179918 0.112328 0.439705 0.257035 -0.071186 -0.010748 0.125875 -1.659673 -0.587895 0.711120 -0.070195 -0.395604 -0.159989 0.147008 0.693032 -0.096427 -0.118734 0.010641 -0.248585 
138.741989 -20.874322 1.976157 0.668672 -1.459037 1.095647 -1.343101 -4.107156 0.905030 -0.553076 -1.273066 0.458461 0.471920 -1.359395 -0.889390 0.626887 0.046870 -0.210340 -0.354757 0.007572 0.916006 0.043933 -0.322180 0.339128 -0.497719 -1.312996 -0.560374 -0.410366 0.445407 -0.171634 0.147977 -0.017908 -0.055142 -0.314246 0.181246 0.147091 -0.066693 
140.689194 -22.524128 1.168043 0.617549 -0.811003 0.878800 -1.896199 -4.095142 1.951131 -0.534884 -1.672990 0.910932 -0.002864 -2.987012 -1.208163 -0.773777 0.486745 -0.249190 0.116037 0.076512 0.329420 -0.371457 0.291306 0.283435 -0.007511 -1.548620 -0.397368 -0.857793 0.030153 0.107476 0.457622 0.377720 -0.511257 -0.157470 0.219306 -0.051485 0.177056 
141.826035 -26.848347 -0.440170 -0.878881 -0.485546 0.597267 -1.111026 -3.954131 1.563871 -1.295990 -0.690455 1.025331 0.456897 -4.456635 -1.684126 -1.088699 0.107177 0.004611 0.560487 0.763011 -0.106507 -0.271007 0.116432 0.236157 -0.143608 -1.496549 -0.393106 -0.231021 -0.300920 0.534512 0.089735 0.385554 -0.315015 0.358154 -0.146455 0.041366 -0.135311 
149.668503 -31.437399 -2.200210 -1.559850 -0.596649 0.888023 -0.775225 -2.569119 1.738116 -1.076897 -1.440126 1.383247 -0.290079 -5.980110 -1.994376 -1.235818 -0.115094 0.819833 0.295508 0.847620 -0.300610 0.344850 -0.001604 0.366168 -0.278134 -3.060416 0.463463 0.310078 -0.228283 0.014927 -0.378983 -0.132626 -0.428047 0.333323 0.094146 -0.084625 0.464712 
154.792374 -38.808567 -4.428921 -3.350517 -0.715734 2.236932 -0.520011 -2.258891 0.962651 -0.606290 -0.693662 1.757666 -0.099371 -10.577467 -0.757200 -0.468543 -0.349388 0.034465 -0.197480 0.497759 -0.962602 0.395639 0.304724 0.066908 0.785817 2.973505 -0.637970 2.254001 0.893832 -0.455758 0.163411 -0.239263 0.080906 0.115974 0.096122 -0.621730 0.207071 
176.288742 -52.592333 -3.714610 -2.496936 -1.295425 0.956952 -1.170184 -1.573602 -0.187088 -0.285620 -0.830677 1.517062 1.281554 -0.033100 -3.270316 3.272184 1.672569 -0.091683 0.622329 0.369095 -0.138799 0.576798 0.190640 -0.877293 0.136009 10.799640 -0.707288 1.695399 1.533407 0.933820 0.698039 -0.373278 0.591667 -0.123806 0.036935 -0.293001 -0.833728 
143.793015 -38.874767 -10.969553 3.193850 2.629405 2.053566 0.724648 -1.520701 0.685053 0.547307 -0.312382 0.003080 0.172647 11.021812 -2.171776 2.922254 2.717425 1.902105 1.198599 -0.248798 0.220731 0.148026 0.378594 -0.519095 -0.881638 0.379023 3.639980 -2.119608 -1.925160 0.048739 -0.225701 0.241752 0.200220 -0.257026 -0.116292 0.564977 -0.137127 
168.290771 -30.548708 -8.058163 3.347572 4.139424 4.761162 1.227014 -2.071197 0.254374 0.010432 -0.073489 0.478872 -0.481723 0.724946 4.009644 -0.967032 -2.177751 0.005795 0.170927 0.852599 0.261640 0.062747 -0.041943 0.252661 -0.138245 -2.067765 2.694027 -1.715615 -2.415195 -1.968195 -0.973622 0.567519 -0.106836 -0.125893 -0.500680 -0.078554 0.737424 
158.615036 -37.424874 -2.950265 1.259786 -1.726097 2.065156 1.066501 0.184497 1.208334 0.672800 -0.396269 0.508403 -0.103844 6.886282 3.216279 -0.508975 -2.112965 -2.034285 -0.748645 0.886240 0.007059 -0.103760 -0.622766 -0.676204 0.593210 5.919180 -1.078442 0.707357 1.237653 -0.919321 -0.570634 -0.919742 -0.110000 -0.508739 -0.235265 -0.433582 0.417498 
179.436279 -16.776145 -1.625606 2.329622 -0.086506 0.692593 -0.270277 -0.298716 0.268492 -0.197088 -1.319021 -0.873535 0.704698 12.563307 1.852759 0.447682 0.297556 -1.832846 -0.970341 -0.986885 0.041640 -0.954730 -0.512473 -0.614503 0.696750 -2.792593 -1.006733 0.076434 1.149024 0.422964 -0.216182 -1.104534 0.503693 -0.022781 0.150916 0.330153 -0.259273 
0.000000 -12.298259 0.755254 2.155150 -1.130984 -1.600537 -0.874180 -1.789272 1.291614 -1.236661 -1.421215 -0.720602 1.289657 1.301096 1.202812 -0.356108 0.185084 -1.188356 -1.181009 -1.322828 1.014444 -0.149322 -0.320934 -0.015898 0.074664 -8.586675 -0.837009 0.125154 0.424530 1.337741 0.261328 0.406923 0.084380 0.910857 -0.052045 0.517973 -0.543863 
140.063980 -14.173953 0.780018 1.617406 0.283661 -1.684119 -2.632294 -2.944372 2.297381 -0.495733 -1.960889 -0.905330 0.854026 -4.610042 0.178742 0.697990 1.146617 0.842636 -0.447684 -0.173039 0.210401 0.866984 -0.616562 0.421443 -0.390976 -3.999832 -0.696035 1.005741 0.133324 1.290858 1.465919 1.105741 -0.790875 0.332383 0.394790 0.076846 -0.264360 
136.504333 -21.518343 1.112737 3.551130 1.162250 0.084734 -1.769547 -2.135350 1.712415 0.497308 -2.654340 0.122284 0.507705 -6.698568 -0.189258 1.655373 0.451732 1.393360 1.750830 0.888655 -0.567306 0.515445 0.468646 0.137795 -0.454055 0.791835 -0.267179 -0.004739 -0.567090 -0.166851 0.883570 0.328591 -0.242612 -0.424030 0.715967 -0.398728 0.055041 
134.077698 -27.571089 0.401502 4.928153 1.187126 1.102600 0.869366 -1.167062 1.162769 0.535157 -1.023597 -0.629740 -0.054084 -3.026373 -0.355617 0.688511 0.012438 0.508933 1.319457 0.484144 -0.274823 0.018925 0.815371 -0.376012 -0.280895 1.836097 -0.083180 -0.483431 -0.219647 -0.442213 -0.215687 -0.202255 0.146241 -0.248260 0.173363 -0.256904 0.086580 
