140.250015 -45.627278 5.390932 1.386874 -1.730711 0.994645 2.662820 1.688956 -0.411437 -1.582980 -0.691522 -0.205311 -0.362825 -6.682031 -6.103493 -0.038722 0.666556 -0.195690 -0.977606 -0.650676 0.511351 0.886795 0.454398 0.298030 0.317648 1.102622 -2.499140 0.672325 0.191998 -0.114649 -0.311477 -0.087309 -0.265984 0.013150 -0.021599 -0.024675 0.025464 
154.181961 -58.991341 -6.816055 1.309430 -0.397600 0.603266 0.707608 0.387604 0.611266 0.190611 0.217274 0.390749 0.272470 -4.476787 -11.101774 1.305928 1.050552 -0.424989 -1.600559 -0.825293 -0.020616 0.913096 0.411200 0.248679 0.368576 9.701142 6.403020 -0.618266 -0.517345 -0.328061 0.140365 1.385262 -0.597343 -0.923524 -0.281902 -0.226535 -0.179583 
164.708923 -54.580851 -16.812616 3.998730 0.370392 0.144668 -0.538299 0.038369 -0.452669 0.243212 0.130877 0.292048 0.374326 12.720252 6.702546 -1.275254 -0.368135 -0.851813 -0.696875 2.119847 -0.683334 -0.960252 -0.109405 -0.155040 -0.041517 10.995828 11.851741 -2.642180 0.340376 -0.714749 1.492735 1.888198 -0.181792 -0.739534 -0.644905 0.013314 -0.066594 
0.000000 -33.550837 6.589037 -1.241079 -1.133870 -1.100360 -0.686143 4.627298 -0.755402 -1.729893 -0.001536 0.080669 0.189435 17.514869 12.601709 -3.978432 1.731303 -1.854487 1.384911 2.951104 -0.384199 -0.565972 -0.878610 0.275307 0.235388 -2.754972 -3.238331 -0.241192 1.693614 -0.033737 1.218257 -0.860937 0.117651 0.894684 -0.333782 0.312479 0.082398 
0.000000 -19.551113 8.390802 -3.958134 3.832998 -3.564307 2.231523 5.940577 -1.221067 -0.888732 -1.626343 0.842661 0.845103 7.210309 0.225883 -1.757637 3.019092 -0.919286 1.739638 0.397973 -0.448033 0.829117 -0.776969 0.469918 0.123279 -12.090409 -6.144332 2.408900 -1.173805 1.637703 -0.712503 -1.834014 0.383422 0.078488 0.692360 -0.131227 -0.251271 
0.000000 -19.130218 7.040803 -4.756353 4.904315 -2.938931 2.793133 5.423245 -1.651468 -0.071660 -1.555474 1.020506 0.435993 -6.665948 0.313044 0.839369 -0.616308 1.420919 -0.040094 -0.716924 0.382644 -0.408995 0.506111 0.012853 -0.267154 -12.919731 -1.085251 3.222334 -2.405552 1.644129 -0.967900 -1.187589 0.771962 -0.525019 0.641272 -0.545363 -0.151662 
0.000000 -32.883009 9.016890 -2.279397 2.600383 -0.722468 2.151335 4.506728 -0.455780 -1.706723 -0.614122 0.868366 0.310795 -18.629152 -1.944620 4.687031 -1.792012 2.368972 -0.196162 -1.977205 1.095890 -0.220921 0.505576 -0.620808 -0.180045 -6.242346 -4.171285 0.148185 -0.432908 -0.486268 -0.501259 -0.719661 -0.245352 0.660628 -0.087371 -0.218397 0.071217 
157.007858 -56.388523 3.151563 4.617709 1.320290 1.799013 2.400809 1.468835 0.540313 -0.513502 -0.544323 -0.221110 0.075902 -19.150640 -8.029526 1.135738 -1.482124 0.448383 -1.042612 -2.156247 -0.108060 0.912260 0.331369 -0.423941 -0.124720 9.832296 1.522285 -1.601968 1.693153 -0.849810 0.225975 1.064591 -0.512326 0.072176 -0.301114 0.220113 -0.139546 
138.997604 -71.184289 -7.042161 -0.007920 -0.363864 0.174298 0.066112 0.194234 -0.671899 0.117798 0.048616 0.020485 0.061354 1.035440 1.099951 1.483094 1.594294 0.669353 0.255788 0.151978 0.071238 -0.076569 -0.096652 -0.180582 -0.459138 14.140070 7.121143 1.198988 1.779835 0.312281 1.155476 1.527251 0.577556 -0.591943 -0.345324 0.119140 -0.091105 
0.000000 -54.317643 5.351465 7.583898 4.508878 3.137720 2.912385 1.772791 0.682790 -0.666640 -0.737627 -0.582273 -0.842373 9.129500 6.212760 3.533715 2.077546 1.072946 1.268341 0.898256 1.047051 -0.271626 -0.359278 -0.185661 -0.306931 1.324856 0.333482 -1.540719 -2.208379 -1.054770 -0.040519 0.141838 -0.140543 -0.210593 -0.070060 0.188401 0.383332 
0.000000 -52.925289 5.383358 7.059509 3.791229 2.320190 2.602793 1.990745 1.422204 -0.425455 -0.669940 -0.350837 -0.552507 3.685151 1.766915 -1.598343 -2.822464 -1.440186 0.174750 0.435654 -0.209847 -0.497755 -0.236773 0.196221 0.307527 -1.401235 -1.525531 -2.514350 -2.515443 -0.951023 -0.131522 -0.269573 -1.080417 -0.231708 0.067843 0.099113 0.268401 
142.643753 -46.947341 8.885295 4.387211 -1.136050 0.257347 3.261884 2.644099 0.263096 -1.662150 -1.211173 -0.189831 -0.227320 6.327029 3.161697 -1.494986 -2.953339 -0.829101 1.005297 0.359110 -1.113783 -0.735043 -0.223592 0.012565 0.229872 -0.900046 -1.305384 0.093718 1.593839 1.823576 0.317894 -0.883479 -0.507512 0.434218 0.615960 -0.211892 -0.457053 
134.777786 -40.271230 11.706752 4.069537 -2.115448 0.661989 4.613387 2.708965 -0.805361 -1.895540 -1.117123 -0.325707 -0.092762 1.885059 -0.843853 -1.410908 0.365215 2.206965 0.810539 -1.331304 -1.224870 0.370682 0.995147 -0.227564 -0.606580 -7.306376 -4.551081 0.310602 2.339214 1.331668 -0.749446 -0.824132 0.495382 0.957399 0.845911 0.106977 -0.424187 
131.076050 -43.177223 7.197588 1.565396 -0.405621 4.671277 4.882962 -0.018509 -2.186645 -0.920785 0.779121 -0.644958 -1.440480 -8.285722 -5.940465 -0.873783 1.725090 1.834234 -0.493595 -1.289155 -0.123019 1.179755 1.468230 0.226519 -0.618501 -8.263077 -3.351921 0.291137 -0.245052 -2.279012 -1.583627 0.761638 1.347844 0.054673 -0.706712 0.271512 0.631177 
128.648438 -56.842675 -0.174179 2.321972 1.334732 4.330458 3.626197 0.130656 -1.051398 0.463970 1.819337 0.127332 -1.329765 -14.641095 -7.547695 -0.828634 -0.124889 -2.351059 -2.356716 0.191972 1.470817 0.480029 -0.418277 0.315460 0.655774 0.531035 1.642646 -0.216881 -1.091782 -1.499358 -0.478221 0.484592 0.491450 -0.386115 -1.194215 -0.210995 0.655906 
125.670296 -72.459412 -7.897802 -0.091872 -0.655400 -0.030840 0.169529 0.365436 0.754989 0.039272 -0.057434 -0.014038 -0.128932 -7.223653 -2.655173 -1.307545 -0.458474 -1.164481 -1.450037 -0.319970 0.859882 0.407526 -0.920200 -0.195470 0.693311 13.208272 6.640078 -0.084585 0.746503 3.411955 2.156050 -1.007879 -1.261251 0.186445 0.344451 -0.470964 -0.503538 
0.000000 -71.289981 -5.484526 -0.293118 0.417784 2.001496 0.726124 -0.509285 0.668366 1.279021 -0.021063 -0.263608 0.056857 11.775449 5.732462 -0.997804 1.368117 4.472851 1.955384 -1.823785 -1.051685 0.852919 0.270625 -0.626468 -0.351302 10.239190 4.202889 0.541249 0.796771 2.572132 1.371884 -0.883579 -1.023750 -0.055533 0.591542 -0.322211 -0.669581 
0.000000 -48.908515 3.567122 -2.087479 2.080835 8.914862 4.080296 -3.282133 -1.348382 1.745110 0.483817 -1.266975 -0.831536 13.254727 5.750605 -0.225047 1.135069 3.979784 1.293732 -2.087127 -1.187619 0.296459 0.262885 -0.839892 -0.645852 -7.129493 -4.019241 1.082580 -0.632725 -2.919945 -1.300318 1.100867 0.426608 -0.594116 -0.100045 0.294145 0.179443 
132.800659 -44.780528 6.016685 -0.743213 2.687922 9.961064 3.313588 -4.683540 -1.706871 1.871938 0.504706 -1.943392 -1.234847 -2.483538 -2.306019 1.167356 0.102668 -1.367039 -0.645252 0.377949 -0.198470 -0.335312 0.070536 -0.038179 0.007583 -11.531587 -6.529750 0.557549 -1.163780 -4.359103 -1.359861 2.296186 1.208002 -0.649265 -0.247329 0.875973 0.748463 
129.915939 -53.875591 -1.044917 0.247234 2.286170 6.180784 2.789792 -2.526236 -1.745323 1.074485 0.624889 -1.343333 -0.816369 -9.808447 -7.308894 0.890050 -1.192490 -4.738421 -1.425991 2.505244 1.228385 -1.002071 -0.231774 0.912054 0.851075 -1.756123 -0.810995 -0.219792 -0.276121 -0.634713 -0.266090 0.458237 0.635881 -0.164613 -0.245378 0.332388 0.294421 
116.143280 -64.397423 -8.601104 1.036887 0.302941 0.484222 0.461607 0.326949 0.749899 -0.132205 0.041159 -0.119285 0.467303 -5.995785 -3.928009 0.727772 -0.449574 -2.636464 -1.177432 1.294423 1.073292 -0.664538 -0.420219 0.626596 0.596425 3.974343 2.940335 -0.774105 1.160482 2.470323 0.375453 -1.180849 -0.412454 0.308640 0.004676 -0.153936 -0.514467 
108.402618 -65.867161 -8.900934 1.702777 1.387022 0.907855 0.434928 0.062610 0.401262 -0.254592 -0.215549 -0.090140 0.376481 -1.859762 -1.428225 -0.658160 1.128474 0.202224 -0.675084 0.143546 0.403476 -0.384791 -0.222421 0.604181 -0.177858 6.427486 4.307687 -0.062290 0.348932 1.472203 0.661494 -0.584535 -0.673983 0.288457 0.104034 -0.419672 -0.513263 
108.554138 -68.116947 -11.457554 -0.279434 2.559889 0.888670 -0.888562 0.614041 1.556852 -0.901786 -0.403684 1.089076 0.111587 6.859187 4.687365 0.603193 0.248289 0.307942 0.145557 0.125354 -0.274674 -0.087624 -0.212150 -0.212747 -0.430101 4.025274 4.329871 1.932672 -0.225043 0.236760 0.849971 -0.283828 -0.776027 0.110785 -0.072819 -0.785172 -0.056133 
106.257019 -52.148787 0.473795 2.909163 1.883600 1.523739 0.726041 0.313318 -0.148085 -0.429839 -0.639850 -0.515634 -0.483721 6.190786 7.231517 3.207183 0.678388 0.675745 1.024857 -0.424109 -1.148577 -0.163220 -0.368059 -0.966163 -0.290124 -7.834041 -4.345195 -1.172878 -0.744393 -0.676045 -0.425697 -0.101539 0.050102 -0.002607 0.125854 0.253506 0.283178 
0.000000 -55.735375 3.005481 6.134932 3.916666 2.240159 1.161151 -0.234177 -0.740302 -1.228226 -1.139803 -0.843250 -0.468660 -8.808895 -4.003025 -1.742563 -1.240497 -1.044147 -0.705837 -0.077725 -0.174469 -0.092838 0.039557 0.294265 0.136256 0.503583 -1.676335 -3.487006 -2.607511 -1.229997 -0.324199 0.494089 0.550107 0.350665 0.477016 0.731664 0.470821 
0.000000 -69.766578 -7.532256 -0.575963 -0.597394 -0.564556 -0.685633 0.157869 -0.497023 -0.615515 -0.560736 0.072895 -0.211209 7.197951 3.878848 -3.766830 -4.536634 -1.784250 0.376459 0.564069 -0.048362 0.538111 0.585972 0.497164 0.651519 15.149743 6.361315 -0.528629 0.588714 -0.014030 0.983404 0.267652 -0.344707 0.538686 -0.057035 -0.553874 0.465226 
0.000000 -41.339473 10.763176 -1.398727 -5.156602 -1.328340 1.914068 0.893961 -0.837027 -0.152005 0.032141 0.151078 0.834377 21.490591 8.719604 -2.799821 -0.063068 -1.072208 1.260971 0.457580 -0.863883 0.984533 -0.074513 -0.813483 1.066709 0.844395 -2.521479 0.927225 4.181500 0.113758 -0.332260 -0.101336 -0.296125 0.587318 -0.757016 -0.713479 -0.187373 
130.914825 -26.785396 9.906952 -6.175605 -0.723530 -2.708973 1.836309 1.073029 -2.224788 1.353551 -0.709761 -1.554071 1.922208 8.886740 -1.164110 -1.912379 3.826366 -1.556733 -0.288062 0.361398 -0.640612 1.712746 -0.928060 -0.929793 0.276773 -11.973227 -4.455549 3.401226 0.805712 0.021746 -0.947555 -0.124901 0.893209 -0.010917 0.029093 0.423500 -0.842746 
126.713806 -23.565994 8.434957 -5.223485 2.496130 -4.441806 1.337944 1.616756 -2.118250 3.273486 -1.823979 -1.708509 1.387923 -2.455862 -0.191494 4.002631 1.548356 -1.028717 -0.634140 0.207777 0.922535 0.962700 -0.016326 0.033518 -0.618783 -9.421542 0.670441 4.069237 -1.784471 1.197188 -0.155755 -0.360368 0.623911 -1.364048 0.949531 0.644359 -0.324760 
131.387863 -31.697121 9.523963 1.829657 2.373181 -4.766407 0.568029 1.488583 -0.379718 3.278950 -0.742413 -1.487036 0.684643 -9.956344 0.176773 6.226096 0.257425 0.837642 -0.599572 -0.359339 0.607209 -1.015351 0.971001 0.358924 -0.372747 -2.471888 0.123463 -0.820673 -1.229209 1.198828 -0.177606 -0.540590 -0.141136 -1.043219 0.283738 0.376851 0.191128 
130.227234 -43.478682 8.788503 7.228706 3.010979 -2.766521 0.138799 0.898078 -0.903832 1.242784 0.118023 -0.990660 0.642429 -7.399639 0.055432 2.361285 -0.910062 1.368940 -0.989351 -0.873402 0.640263 -1.123739 0.551150 0.787219 -0.236526 7.068352 0.283783 -5.237961 -0.871003 -0.371648 0.331684 0.760723 -0.053454 0.413742 -0.272268 -0.048452 0.234831 
122.882553 -46.496399 9.634828 6.552227 0.553057 -2.028528 -1.410673 -0.258221 0.900809 1.031473 0.359887 0.087401 0.211590 4.180359 0.744340 -4.249826 -1.484582 0.094345 0.063796 1.162107 0.500301 -0.187866 0.426465 0.262020 0.096915 7.590389 -1.265728 -4.498081 1.388813 -0.146009 1.151655 1.546152 -0.837738 0.389729 -0.247661 -0.384052 0.422222 
112.287521 -35.117964 10.277183 -1.270945 0.041815 -2.577830 0.266390 3.222291 0.096770 0.867052 0.970953 -0.466619 0.836258 7.781138 -2.476024 -6.634877 1.867564 1.076922 1.313959 2.218902 -1.035212 -0.344281 0.055827 0.019115 0.607917 -2.707902 -2.843966 1.038524 2.048085 0.877546 0.090316 -0.220015 -0.482447 -0.323748 -0.391382 0.167938 0.136517 
105.300240 -30.934122 4.682779 -6.717527 4.288185 0.125317 1.217246 4.179583 -1.169615 0.342910 0.471541 0.125630 1.427424 -1.235445 -4.943591 -2.172777 2.611587 1.849438 0.244428 0.722077 -0.464593 -0.835362 -0.356300 0.597896 0.369949 -9.843550 -0.876890 4.890924 -0.718145 -0.133430 -0.987922 -1.257594 1.274281 -0.175748 0.003496 0.183507 -0.408254 
103.789276 -37.588853 0.390000 -5.616499 5.264990 1.121046 0.755247 4.666445 -0.832417 -0.803672 0.258353 0.729173 1.576157 -11.905962 -4.229805 3.146971 0.431274 0.810063 -0.661884 -0.296285 1.513350 -0.695778 0.062820 0.386129 -0.208591 -7.951033 0.365505 2.510003 -2.608354 -1.220162 -0.196208 -1.415086 0.462039 0.615016 0.090726 -0.545685 -0.565798 
103.234627 -54.746047 -3.776831 -0.423585 5.150732 1.745443 -0.106523 3.587012 1.857085 -1.048645 0.597182 0.897889 1.010242 -17.137510 -4.212582 2.847230 -2.605120 -0.590887 -0.147987 -2.108095 0.459485 0.394669 -0.174849 -0.493473 -0.761647 2.043667 1.263511 -1.547968 -1.678904 -0.852706 0.308233 -0.753647 -1.293703 0.652759 -0.244809 -0.413529 -0.183858 
184.495285 -71.863873 -8.035163 0.077962 0.054749 -0.060729 0.459273 0.450255 0.086553 -0.014334 -0.091344 -0.257774 0.052863 -7.818628 -1.702783 0.051035 -2.926534 -0.895350 -0.045417 -1.803579 -1.074055 0.609741 -0.426797 -0.440929 -0.576308 13.727824 6.068203 -0.941756 -0.077766 -1.357136 -1.157355 0.843866 0.302352 0.326161 0.445366 0.343649 0.131360 
0.000000 -70.383302 -7.182396 -0.321515 -0.702336 -0.045257 -0.197357 -0.020146 -0.291025 0.170837 -0.256412 0.016031 -0.142373 10.318139 7.923825 0.963719 -2.760651 -3.305159 -2.462698 -0.420363 1.064189 1.046991 0.715883 0.193824 -0.498928 11.654564 5.326064 1.025974 1.001938 -1.281039 -0.621311 1.474926 0.756063 0.027394 0.470116 -0.226781 0.278781 
0.000000 -51.227595 7.812487 2.005399 -5.466553 -6.671047 -4.466123 -0.390471 2.214930 2.079649 1.340422 0.129874 -0.944993 15.490500 8.949346 2.102983 -0.922658 -3.457429 -1.288040 1.146273 0.438071 0.664530 0.513436 -0.894490 -0.018745 -2.529171 -3.875336 -0.227999 2.320122 1.456090 1.956526 1.096754 -1.015333 -0.706329 -0.506256 -0.654768 0.572465 
0.000000 -39.402301 10.716295 3.884451 -2.547652 -6.960114 -2.773438 2.272400 0.585117 1.499896 0.770460 -1.772950 -0.179863 5.259797 0.173153 0.507721 1.879592 -0.392978 1.450355 1.773145 -0.966476 -0.365667 -0.296629 -1.115713 0.646002 -10.929841 -8.609419 -2.445697 2.584822 2.462963 0.647355 0.141274 -0.472977 -0.773634 0.267286 0.762502 -0.045660 
129.849319 -40.708000 8.158793 3.020841 -1.707370 -7.457004 -1.565413 3.155819 0.281977 1.348316 0.747164 -2.101552 0.347011 -6.369182 -8.269492 -2.788411 4.246987 1.468497 0.006671 1.428820 -0.507884 -0.882738 1.048007 0.630513 -0.110065 -5.256079 -5.366618 -2.675681 1.341537 1.001358 -0.664401 -0.121571 -0.159956 -0.610343 0.449796 1.052885 -0.369911 
130.929306 -52.140665 -5.822688 -1.692371 5.946322 -4.023119 -2.760097 5.130040 -0.430650 -0.265580 2.866474 -0.511924 -0.399993 -5.252362 -10.560083 -4.843641 4.562665 1.609737 0.121553 1.530002 -1.286389 -1.586353 0.602963 0.990057 -0.093821 3.117328 4.463612 1.071414 -3.188723 -0.904228 0.611404 -0.875819 0.178560 0.511525 -0.815722 -0.513604 0.201716 
0.000000 -51.212724 -12.961373 -6.666441 7.417961 -4.237530 -1.322307 6.215824 -2.290800 -1.824391 1.953090 -0.121438 0.159370 -0.134525 0.657733 -0.645583 -2.130459 -0.339959 1.229479 -0.322819 -0.150764 0.140312 -0.583437 -0.396695 0.293367 4.420573 10.642286 5.011608 -4.719196 -1.108863 0.335542 -1.748884 1.150072 1.253216 -0.943385 -0.858421 0.198573 
0.000000 -52.409715 -4.507223 -2.983537 1.685403 -4.703038 -0.301139 4.484403 -0.732179 0.015044 1.699600 -1.305313 0.186741 3.588784 10.724490 5.179576 -4.875726 -0.607990 0.792637 -1.967765 1.013756 0.920079 -1.283807 -0.726785 0.303325 2.381311 3.297942 1.717180 -0.343544 0.636810 -0.257686 -0.614971 0.263488 0.029764 -0.016709 0.381079 -0.197221 
119.467751 -44.035155 8.487606 3.692710 -2.333490 -5.453510 0.262968 2.280293 -0.263289 0.015767 -0.614525 -1.575008 0.766019 4.628097 7.253617 2.788777 -2.817547 0.933661 0.714107 -1.552760 0.376211 0.199840 -0.616855 0.365464 -0.101074 -2.158515 -5.956229 -2.054688 3.666865 1.542342 -0.157620 0.718337 -0.805984 -0.632895 0.677669 0.549519 -0.204380 
115.798180 -43.153521 10.000011 2.594018 -3.949691 -2.835716 1.127075 1.378882 0.020243 0.414724 0.465891 -0.574384 -0.015408 -0.728247 -1.187968 1.070199 2.458004 2.476695 0.477398 -0.531091 -0.598211 -0.345711 0.071530 0.372253 -0.105435 -1.251462 -4.529202 -0.463525 3.766229 -1.428990 -1.223943 1.113050 -0.714800 0.154633 0.570564 -0.580396 0.059203 
116.655624 -45.491649 6.111670 5.833108 2.582517 -0.500119 1.217763 1.218110 -1.459711 -0.675655 -0.471466 -0.830503 0.555149 2.125174 -1.804787 1.861727 4.714911 -1.924318 -1.733779 0.673340 -1.053388 0.509105 0.524273 -0.795328 0.017331 2.500429 1.065360 -0.179207 -0.756207 -2.995722 -1.117270 0.677197 0.316144 0.832458 0.508451 -0.510253 -0.009572 
124.481247 -38.903174 6.390438 6.317471 5.480130 -6.684352 -2.340483 2.725562 -2.086534 1.432934 1.514436 -2.165039 0.019253 4.272611 0.942752 0.711786 0.945590 -3.514748 -1.757142 0.823302 0.034078 1.319206 1.088432 -0.648253 -0.124579 -2.550533 1.327442 -0.485913 -3.118853 2.268547 1.209995 -1.069583 1.019100 -0.338689 -0.477415 0.721299 0.166560 
128.495117 -36.946428 7.997174 7.256679 4.473696 -7.529616 -2.296520 2.864715 -1.391555 1.962757 1.705399 -2.127010 0.305991 -2.975892 0.850097 0.889902 -1.522795 2.612777 0.686211 -1.465826 0.984812 -0.168274 -0.430556 0.647270 0.350450 -6.216234 -2.252616 -0.810320 -0.817524 4.095337 1.907422 -0.952188 0.505549 -0.990640 -0.906483 0.869762 0.087070 
124.553833 -44.854958 8.090632 8.097275 2.434540 -1.458798 -0.968062 -0.206089 -0.116909 1.096386 0.653323 -0.870500 0.720154 -8.159857 -3.562480 -0.908855 -0.689458 4.675926 2.057702 -1.081074 1.045176 -0.662075 -0.724533 1.091271 0.049560 -1.381072 -2.813612 -1.517057 0.834368 -0.281954 0.361596 1.106981 -0.109484 0.070338 0.229565 0.065710 -0.212706 
110.574677 -53.266141 0.872214 5.438969 3.094780 1.822237 1.818884 0.702566 0.698797 0.638607 0.256333 0.055533 0.405112 -5.738035 -4.777127 -2.144212 0.145941 2.048869 1.409402 0.748136 0.765845 -0.027599 0.028573 0.778689 -0.074961 1.489636 0.790059 -0.220188 0.078950 -2.274744 -1.078670 0.531223 -0.312522 0.468536 0.393045 -0.370079 -0.028668 
97.185135 -56.331029 -1.463622 3.808850 2.726422 2.638940 1.850743 1.290184 1.414781 1.041189 0.710469 0.686878 0.570232 -5.180584 -1.982362 -1.349230 -0.531558 0.126438 -0.099637 -0.018629 0.420133 0.274997 0.061556 0.351113 -0.007775 -0.810267 0.859544 0.370154 -0.478690 -1.496602 -0.727382 -0.529839 -0.523755 -0.043421 0.012838 -0.255688 0.116801 
94.133278 -63.627310 -3.092511 2.740508 2.031664 2.075112 1.619610 0.665308 1.539063 1.188600 0.379445 0.757760 0.389563 -7.358568 -3.058038 -1.403905 -0.811440 -0.944334 -0.045362 -0.311542 -0.281664 -0.114440 0.054248 0.267313 0.158640 0.779064 1.512580 0.749826 -0.070113 -0.742714 -0.553789 -0.286438 -0.642992 -0.293307 0.110497 -0.298407 -0.082016 
94.277512 -71.048165 -7.579699 1.001041 1.103542 0.750272 1.760019 0.667099 0.851453 0.812308 0.818966 1.221504 0.887513 -3.622457 1.042797 0.150422 -0.671784 -1.358990 -1.207215 -0.591505 -0.865851 -0.311617 0.282551 -0.245700 -0.171807 8.974108 5.671498 1.756407 -0.102802 -0.461143 -1.226829 -0.293259 0.055824 0.105592 0.007363 -0.343765 -0.421744 
111.049767 -70.872224 -1.006917 3.041351 0.688096 -0.642867 -0.794821 -0.517703 -0.192640 0.565367 0.944546 0.266359 0.045949 10.589647 8.284958 2.108908 -1.017044 -1.866619 -2.499021 -0.898060 -0.170016 0.096744 0.068975 -0.420218 -0.684847 10.022190 2.083755 0.239263 0.917309 -0.805237 -0.389114 0.991967 0.165033 0.262201 0.243990 -0.536144 0.072638 
227.903839 -49.868871 8.990217 5.218858 -0.930545 -2.982966 -3.238022 -1.129021 0.511420 1.005797 0.956915 0.381068 -0.482181 16.421923 5.210306 0.628947 1.162835 -2.969463 -1.985444 1.392428 -0.535786 0.212785 0.770530 -1.317987 -0.026530 -0.454160 -4.196466 -2.476848 2.233694 0.047399 0.726146 1.368651 -0.073320 0.132967 0.027165 -0.532845 0.716483 
99.192902 -38.028377 9.413696 4.299246 3.013766 -6.581794 -4.765708 2.267152 -1.264212 0.990936 2.485605 -2.369616 -0.007111 9.681327 -0.107974 -2.844787 3.450343 -1.771820 -1.046729 1.839242 -0.316655 0.362679 0.123304 -1.485908 0.748120 -5.666971 -2.647678 -2.072179 0.016373 1.770894 0.898245 -0.605911 0.733306 0.094913 -0.957336 0.738187 0.344116 
103.776131 -30.506217 8.774270 -0.470717 5.970142 -6.526607 -5.331480 2.549463 -0.121890 1.731156 1.203524 -2.590747 1.014058 5.087981 -0.085050 -3.515410 1.195580 0.572325 -0.188955 0.180605 0.930826 0.402610 -1.144142 0.158386 0.661701 -4.286433 0.014957 0.836658 -2.070758 1.193289 0.737715 -0.911076 0.025835 -0.194592 -0.401647 0.956313 -0.350229 
107.113747 -27.852415 9.243596 -2.731573 5.404926 -5.437143 -5.143617 2.628363 0.597439 1.796156 0.197322 -2.052843 1.316292 1.108461 -0.078060 -1.171472 -0.691172 0.614757 0.428702 0.017091 -0.264986 -0.026504 -0.679990 0.426718 0.047663 -3.476856 -0.407218 2.294609 -0.814447 -0.665372 0.213179 0.011537 -0.943121 -0.314426 0.782654 -0.253147 -0.614597 
104.451752 -28.289294 8.618149 -2.813661 4.587797 -5.297094 -4.474077 2.583644 -0.651863 1.678147 -0.156455 -1.737311 1.109383 -1.865731 -0.899486 1.073809 -0.433314 -0.758418 0.237403 0.203679 -0.955416 -0.226242 0.421165 -0.347908 -0.567493 -1.377876 -0.254351 1.143162 0.333211 -0.721600 -0.263034 0.104474 -0.032889 -0.070366 0.639022 -0.466196 -0.255851 
0.000000 -31.583877 7.444624 -0.583956 4.538298 -6.953978 -4.668811 3.035721 -1.313392 1.343673 1.039652 -2.748659 0.181307 -1.647291 -0.586762 1.114853 -0.024749 -0.828442 -0.097367 0.226039 -0.330765 -0.167237 0.598054 -0.505674 -0.464038 0.109220 0.156362 0.020522 0.204282 -0.035012 -0.167385 0.011180 0.312325 0.029502 0.088444 -0.078883 0.051727 
