0.000000 -37.773489 -12.877108 -0.818873 6.276527 0.678726 -0.686647 0.607640 -0.796772 -1.210188 -0.449663 -0.490372 0.437082 2.197371 -1.569956 -2.582832 -1.736013 -0.809860 0.799727 0.381734 0.416156 -0.252046 0.055350 0.216466 -0.026654 2.432312 3.297767 1.061168 0.681044 0.160846 -0.302536 0.149955 0.199944 0.251025 0.056576 0.058855 -0.098439 
0.000000 -33.378746 -16.017020 -5.984538 2.804502 -0.940993 0.912807 1.371109 0.035541 -1.714281 -0.338962 -0.057439 0.383774 7.061996 5.025578 -0.460496 -0.373926 -0.488167 0.194655 0.681645 0.816045 0.250004 0.168502 0.334177 -0.223532 0.497297 4.448474 2.015391 1.117037 0.244919 -1.032095 0.125472 0.214329 0.143529 0.286627 -0.195666 -0.164110 
0.000000 -23.649497 -2.825952 -1.739865 5.528676 -0.297609 -0.297336 1.970930 0.835318 -0.710180 -0.112658 0.177982 -0.009982 3.191966 7.326992 1.447950 0.498061 -0.320021 -1.264462 0.632677 0.844815 0.035011 0.628605 -0.174865 -0.354874 -5.137223 -1.772678 -0.101655 -0.189372 -0.223400 -1.027500 -0.700476 -0.599521 -0.396787 0.285309 -0.201274 0.265414 
149.192062 -26.994813 -1.363035 -3.088637 3.800625 -1.581036 -1.616118 2.636463 1.725171 -1.644258 0.918247 -0.407168 -0.325974 -3.212450 1.480222 -0.663805 -0.752669 -0.934968 -1.860345 -0.719307 -0.382997 -0.543569 0.739120 -0.068372 0.307296 -2.714858 -3.084851 -0.171709 0.092297 0.290099 0.463738 -1.009799 -0.388337 0.297959 -0.399186 0.242309 0.168114 
0.000000 -30.074398 0.134492 -3.067476 4.023338 -2.167545 -4.018026 0.532316 0.069324 -1.797318 1.365583 0.041239 0.604610 -2.237750 1.157290 1.104532 0.682654 0.260176 -0.336985 -1.386920 0.068142 0.630930 -0.169766 0.309754 -0.018645 2.507219 0.093246 0.288921 0.121855 1.155869 1.813058 0.477787 0.630697 0.583682 -0.669276 0.022691 -0.427335 
0.000000 -31.470314 0.951545 -0.879573 5.165934 -1.060683 -2.290089 -0.137378 1.861454 -0.382398 0.578715 0.212340 -0.363265 1.801987 1.666714 -0.085963 -0.508960 1.376770 1.765772 0.236267 0.878397 0.623796 -0.599431 -0.022990 -0.547373 1.046281 -1.450545 -1.635273 -0.325099 0.324665 1.283925 1.248801 -0.527787 -0.303260 0.221955 -0.222111 0.056235 
129.318024 -26.470423 3.467919 -3.239401 3.005418 0.585995 -0.486483 1.004851 1.826118 -0.549726 0.166721 -0.004742 -0.490136 -0.145188 -1.743800 -2.166013 0.032456 0.909506 2.230864 1.110682 -0.987433 0.024409 0.274143 -0.134468 0.093825 -2.074371 -4.541126 -0.346763 1.527163 -0.239221 -0.209478 -0.270881 -1.105095 -0.136918 0.402032 0.172517 0.298421 
126.371216 -31.760689 -2.536054 -5.211598 5.230846 0.758330 2.171638 2.083987 -0.113412 -0.333580 1.127000 -0.056595 -0.175615 -2.346755 -7.415539 -0.779488 2.545366 0.898327 1.346815 -0.305495 -1.331793 0.349959 0.204632 0.322044 0.049468 3.111974 1.554484 0.768952 -0.021119 0.187606 -1.124488 -1.013664 0.307116 0.102399 -0.368839 0.236338 0.174838 
0.000000 -31.163934 -11.363160 -4.798378 8.096150 2.382649 2.207148 0.393861 -0.837468 0.150192 0.575985 0.639346 -0.391199 6.078760 1.365169 -0.628108 -0.009781 1.284719 -0.018112 -0.916645 -0.373202 0.229208 -0.463535 0.338209 0.443502 4.498235 7.295515 -0.478883 -1.997564 -0.744016 -0.968874 0.308589 0.599895 -0.273125 -0.509145 -0.215076 0.346459 
0.000000 -19.603170 0.194284 -6.467815 5.211283 3.327767 2.135413 0.250697 -0.859815 0.124837 0.199930 0.619823 0.711388 6.649715 7.175491 -1.737255 -1.449761 -0.589705 -0.590933 0.311682 -0.132004 -0.196291 -0.813658 -0.108108 0.742386 -4.844935 0.553928 0.226630 -0.064298 -1.408446 -0.298042 0.559345 0.261106 0.275649 -0.153519 -0.011557 -0.280490 
140.533325 -17.864503 2.987823 -8.272887 5.196627 1.203239 1.025281 1.017225 -1.101476 -0.242390 -1.051330 0.423130 1.093574 -3.611111 2.473025 -0.174849 -0.138378 -1.532174 -0.614196 0.202045 0.149011 0.780506 -0.770572 0.315094 -0.117477 -7.503526 -3.530071 1.814934 0.158541 0.682748 0.426183 -0.196733 0.119484 0.426159 0.627690 0.242865 -0.688933 
140.433136 -26.825392 5.140333 -6.817514 4.934526 0.263419 0.907021 0.654786 -0.561793 1.685849 -1.341215 1.250011 0.476433 -8.357337 0.115349 1.892613 -1.132679 0.775791 0.261433 -0.081783 0.106963 0.656027 0.441722 0.377621 -0.635479 2.617525 -3.229334 0.198763 -0.721796 1.219121 0.668427 -0.235496 -0.301730 -0.930733 0.628539 -0.373466 -0.077561 
143.904755 -34.579178 3.218521 -4.487662 2.931268 2.754821 1.548147 0.853660 -0.887549 1.069663 -0.167887 1.178373 -0.177384 1.623939 -3.985644 0.222677 -1.581971 0.906068 0.722659 -0.268947 -0.454448 -1.080961 0.486505 -0.431837 -0.272600 6.235710 -2.469131 -2.190800 0.216372 -0.633158 -0.549146 -0.072504 0.285695 -0.851769 -0.234246 -0.382384 0.504490 
0.000000 -23.577513 -2.830955 -6.372160 1.770585 2.075556 2.352338 0.116893 -1.470689 -0.476073 -0.368204 0.386336 -0.068768 4.114082 -4.822913 -2.488987 -0.699936 -0.490525 -0.836860 -0.226790 0.678352 -1.047510 -0.026771 -0.387146 0.373500 -1.852465 -1.055562 -2.157213 1.549260 -0.297190 -0.990324 0.113266 0.396094 0.505694 -0.105868 0.482189 0.137812 
0.000000 -26.351013 -6.427306 -9.465637 1.531397 1.773772 -0.125572 0.400079 0.469155 -1.025358 -0.221429 0.404081 0.569617 -2.080991 -6.096767 -4.091748 1.516548 0.311689 -1.257989 -0.042415 0.337739 -0.069572 0.274770 0.532540 0.003024 -2.096556 2.266032 1.699918 1.549571 0.494060 0.490517 0.142798 -0.509471 0.899342 0.262948 0.412951 -0.433314 
0.000000 -27.739496 -15.024490 -14.555656 4.803681 2.698933 -0.163640 0.032064 -0.795212 -0.615217 0.181336 1.451417 -0.062721 -0.079029 -0.290849 0.910849 2.399207 0.497595 0.144174 0.058806 -0.340589 0.751174 0.499126 0.438757 -0.493127 1.004548 6.503602 4.134835 -0.424201 -0.095506 0.796979 0.262170 -0.007866 0.435123 -0.212372 -0.480123 -0.257495 
0.000000 -26.509071 -7.009005 -7.643939 6.329811 2.768962 0.162775 0.517690 -0.212023 0.476990 0.776823 1.281595 -0.416638 -0.071896 6.910437 4.177922 0.668146 0.120677 0.335968 0.481925 0.322006 0.800674 -0.149975 -0.427706 -0.511967 2.446235 3.068717 0.047349 -1.448723 -1.229070 -0.502455 0.075540 0.556225 -0.382852 -0.773987 -0.453862 0.173569 
145.211990 -27.883288 -1.203616 -6.199811 6.139973 2.940287 0.508297 0.995914 -0.151200 0.986131 -0.118613 0.596004 -1.086655 4.813441 5.846585 1.005548 -0.498238 -1.960545 -0.860737 0.209885 0.771861 -0.014529 -1.048848 -0.468967 -0.145988 3.091062 -2.340069 -1.737714 -0.708546 -1.027511 -0.650571 -0.279338 0.420405 -0.498379 -0.271935 0.185919 0.277945 
140.593475 -16.882189 4.684165 -5.632844 5.333334 -1.152128 -1.558700 0.937461 1.331698 0.447932 -1.320874 0.343661 -0.708614 6.110228 2.230300 0.702495 -0.748946 -1.934344 -0.965175 -0.076752 1.162816 -0.196085 -0.693844 -0.055868 0.043923 -2.415637 -3.571666 -1.175375 -0.241980 1.587863 1.193578 0.263348 -0.477322 0.208695 0.633212 0.167252 0.263905 
138.711517 -15.662831 3.256983 -4.794821 4.642081 -0.928402 -1.422052 0.842410 2.174433 0.593961 -1.506302 0.484268 -0.998810 -0.017833 -1.296748 -1.345202 -0.982198 1.215182 1.526419 0.736581 -0.182784 0.402861 0.217575 -0.134463 0.381822 -6.010933 -2.198125 -1.018005 0.695578 1.810492 1.134559 0.082102 -1.192794 0.065954 0.877775 -0.083672 0.087525 
139.933456 -16.917855 2.090670 -8.323248 3.368937 1.278236 1.494139 2.410623 0.966131 1.253653 -0.885725 0.074735 0.055030 -5.911639 -2.165951 -1.333515 0.642210 1.686640 1.303943 0.087452 -1.222771 -0.064176 1.061705 -0.223213 0.218973 -2.496887 -0.744314 0.287080 1.129045 0.228279 -0.622442 -0.564251 -0.438441 -0.324212 0.244620 -0.288541 -0.176240 
132.050293 -27.486109 -1.074919 -7.461851 5.926502 2.444879 1.185833 1.017314 -0.271109 0.465609 0.617108 0.037843 -0.560864 -5.011606 -2.785376 -0.771042 1.275891 1.671741 0.281535 -0.391921 -1.059665 -0.245563 0.706815 -0.711545 0.029342 3.551739 1.889178 0.727102 -1.160090 -0.959027 -0.095628 0.237115 0.835871 0.379418 -0.723705 -0.294673 0.035618 
0.000000 -26.941067 -3.480082 -9.865333 5.920719 4.621717 2.057209 1.626782 -1.153199 0.762526 0.527906 -1.348355 0.113714 1.191840 1.612405 0.120689 -1.677969 -0.231413 1.112686 0.561681 0.448972 0.694660 -0.385704 -0.812558 0.290210 1.754958 3.934197 1.070499 -1.975516 -1.441843 0.037944 0.297668 1.050080 0.366743 -0.323370 0.362500 -0.071319 
120.416817 -25.102430 2.149892 -7.220472 2.570564 1.982053 3.411205 2.140676 0.626835 1.854928 -0.154301 -1.587274 0.019556 -1.501691 5.083017 1.369956 -2.675141 -1.211945 0.357423 0.203415 1.040495 0.487922 0.060075 0.013456 -0.113297 -2.267465 1.032022 -0.463147 -0.404621 0.871443 -0.695153 -0.442115 -0.218611 -0.726265 0.260439 0.773060 -0.108968 
108.602455 -29.944449 6.685953 -7.125421 0.570437 2.197827 2.772055 2.033613 0.927791 1.738370 0.648056 -1.321442 -0.112879 -3.343091 3.676450 -0.805604 -2.487210 1.511473 -0.277619 -0.322548 0.011750 -0.757871 0.135174 0.733562 0.072273 0.854325 -2.368995 -1.593396 1.637232 1.945260 -0.153183 -0.547034 -0.744423 -0.851267 -0.524540 0.463097 0.219254 
106.036285 -31.788612 9.502791 -8.831681 -2.403856 5.004998 2.855967 1.495580 0.650335 0.339186 0.116046 -0.120151 0.164102 0.206960 0.345027 -1.816836 0.599322 2.678575 0.051056 -0.890654 -0.448352 -1.214611 -0.989005 0.939650 0.325211 4.545342 -3.472989 -0.160074 3.304661 -1.056377 0.140923 -0.146254 -0.369762 0.248864 -0.304152 -0.131388 -0.108725 
0.000000 -29.530530 7.376008 -10.759092 1.769082 7.554976 2.874167 0.252306 0.031087 -0.690852 -1.329954 0.557857 0.537544 5.747592 -3.269528 -1.125752 4.122112 -0.601281 0.004228 -0.615057 -0.727775 -0.260143 -0.473130 0.470786 -0.145176 2.533791 -1.966683 1.400945 0.835067 -2.417788 -0.326287 0.228339 -0.057456 1.107325 0.860408 -0.382234 -0.485068 
112.842934 -20.293427 2.963736 -11.083185 5.840368 3.802437 2.864423 0.265467 -0.805216 -0.181101 -0.830213 0.821421 -0.126250 5.274541 -3.588339 0.985054 2.269457 -2.157002 -0.601518 -0.433977 -0.563264 1.000038 0.731811 0.175182 -0.644924 -3.233407 0.410031 1.617597 -1.982981 0.027689 -0.625272 0.160762 0.401053 0.600148 0.489001 -0.297352 -0.160705 
0.000000 -18.981447 0.199330 -8.788985 6.307997 3.240971 1.671130 -0.615647 -1.095440 1.309225 0.133667 0.908221 -0.752304 -0.719221 -2.449466 2.109441 0.156149 -0.545902 -1.246317 -0.293533 0.074330 0.940152 0.504872 -0.123919 -0.466585 -4.656888 -0.422479 1.000816 -0.949887 1.110902 -0.322145 0.292796 0.857447 -0.713543 -0.210579 -0.303843 0.235837 
60.837223 -21.731869 -1.935195 -6.864303 6.152666 2.710633 0.371789 -0.321599 -0.656555 1.699203 0.179530 0.573583 -1.059421 -4.039234 -4.433297 2.986685 0.369682 0.064802 -1.245808 0.151615 1.151630 -0.427049 0.310652 -0.432505 -0.173250 -0.030894 -2.180639 -0.668305 0.234155 -0.065532 0.276117 -0.000737 0.022529 -1.057507 -0.411124 -0.109705 0.196007 
130.000809 -27.059915 -8.667265 -2.815615 7.047361 3.370576 -0.820486 -0.312418 1.207821 0.455127 0.754971 0.043211 -1.098805 -0.781008 -6.810743 0.772832 0.624459 -0.676966 -0.694083 -0.295007 0.119388 -1.174862 -0.317377 -0.343330 -0.074571 3.068988 0.861722 -1.979920 0.007630 -0.540338 0.367301 -0.551088 -1.094918 -0.160887 -0.443716 0.161774 0.073764 
0.000000 -23.293886 -15.556681 -5.318639 7.401584 1.356701 -1.016377 -0.911613 -0.417780 -0.650521 -0.455225 -0.113077 -1.208563 2.098742 -2.709854 -0.973156 0.384943 -1.015874 -0.511206 -0.950562 -1.038206 -0.748822 -0.576780 -0.108957 -0.025721 -1.118056 3.985468 -0.689028 -0.091012 0.838632 0.954725 0.604372 0.084723 0.628604 0.306594 0.210376 0.319749 
0.000000 -22.862432 -14.086972 -4.761927 7.817246 1.338828 -1.842899 -2.213542 -0.868592 -1.042517 -0.398589 -0.174703 -1.150248 -3.017121 1.160194 -0.605224 0.442436 1.000298 1.215367 0.913737 0.288833 0.082345 0.295810 0.077421 0.564927 -1.186144 4.802670 0.201221 -0.964643 1.375604 1.062670 1.196697 0.763420 0.811213 0.461265 0.048781 0.203300 
0.000000 -29.328127 -13.236294 -6.529088 8.286456 3.357297 1.414357 0.915862 0.159885 -0.485831 0.136395 0.041766 -0.078708 -0.273546 6.895486 -0.570714 -1.544343 1.735335 1.614134 1.442833 0.488633 0.873603 0.345750 -0.011395 0.380879 4.668778 3.819024 -0.004830 -1.395306 -0.536774 -0.771410 -0.532349 -0.138478 -0.062354 -0.388447 -0.085159 -0.109865 
148.899948 -23.409524 -0.296000 -5.903355 4.728560 4.809497 1.385369 0.672124 0.108675 0.704689 0.292911 -0.197493 -0.388490 6.320435 8.798243 -0.614883 -2.348176 -0.073251 -0.327454 -0.150960 0.011877 -0.042363 -0.481084 -0.092897 0.345197 1.727883 -1.904728 -0.241943 0.031431 -2.199011 -1.516635 -0.627375 -0.027424 -0.976587 -0.632449 -0.189730 -0.061678 
152.376923 -16.687257 4.360192 -7.758855 3.590104 3.210795 0.759449 0.613941 0.183640 -0.570556 -0.825774 -0.144029 0.611686 3.182221 3.086030 -1.054601 -1.481482 -2.662687 -1.419136 0.188083 0.433785 -1.079571 -0.919148 -0.390855 0.257523 -3.702440 -3.820033 0.193268 0.771365 -1.197861 -0.621926 0.111511 0.242392 0.003973 0.269394 -0.331760 -0.330349 
0.000000 -17.045083 5.876060 -8.012557 1.765595 -0.515876 -1.452903 1.048289 0.976245 -1.454453 -1.545384 -0.979203 0.126556 -1.084445 1.158177 -0.228347 -0.805445 -2.468974 -1.571305 0.072062 0.496662 -0.034417 0.057704 -0.756418 -0.315500 -3.410135 -1.043713 0.874679 0.458366 1.057220 0.262892 -0.376983 -0.106372 0.793642 0.493781 0.130363 -0.127818 
0.000000 -18.856147 6.676545 -8.215549 1.979213 -1.727152 -2.383162 0.758065 1.176964 -0.639389 -0.710365 -1.656864 -0.019315 -3.638050 0.998605 0.694757 -0.564749 -0.548246 -0.893351 -0.565883 0.221041 0.507713 0.068415 -0.130129 0.001887 -2.541434 -0.247041 1.270162 0.118471 1.790964 0.754419 0.002125 -0.063716 0.124235 -0.251564 0.404041 0.313363 
96.444122 -24.321183 7.873271 -6.623043 0.636096 -1.612369 -3.239606 -0.083476 1.418328 -0.439027 -1.408554 -1.239461 0.130331 -6.167314 0.664095 2.311977 -0.568503 1.112954 -0.062467 0.076311 0.369231 0.214053 -0.445425 0.051664 0.311226 -3.483047 -3.011873 2.024780 -0.161279 0.881987 1.220457 0.156509 0.581201 -0.043754 -0.187675 0.287150 -0.038407 
0.000000 -31.190774 8.004735 -3.591594 0.842207 0.498756 -2.508096 0.910686 1.915425 -0.211283 -1.601214 -1.553537 0.603136 -10.604144 -5.025141 4.744317 -0.887307 1.215728 1.547562 -0.252865 1.383443 0.420206 -0.306935 0.444171 -0.074926 -1.278824 -2.871439 1.793994 1.031372 -0.429182 0.715461 -0.941844 -1.121300 -0.536809 0.251435 0.339510 -0.412261 
152.476959 -45.529471 -2.177012 2.865591 -1.138517 0.819087 -0.144482 -0.589207 4.185213 0.401385 -2.022424 -0.351119 -0.019522 -8.724961 -5.078784 5.899966 1.494240 0.254589 1.368455 -1.807377 -1.873369 -0.859565 0.057445 0.730683 -0.513297 9.187230 3.735687 -4.197253 1.336840 1.075544 -0.010330 -0.400010 -2.368104 -0.594672 0.389665 -0.158230 0.102333 
0.000000 -48.640697 -2.152833 8.208338 3.830687 1.007934 0.228815 -2.704067 -1.831313 -1.930414 -1.486324 -0.092171 -0.423458 7.770315 2.446234 -3.650190 1.786372 3.366817 1.526902 -1.052885 -3.352765 -0.769138 0.472394 0.127712 0.129739 9.237051 3.741047 -6.694301 -0.891604 1.721141 0.074622 1.208431 0.884846 0.985888 0.242054 -0.293048 0.457178 
0.000000 -29.988841 2.715455 -4.434788 2.434227 7.552721 2.909322 -2.694976 -2.520317 -1.136892 -1.077637 -0.095696 0.239956 9.749140 2.403311 -7.488635 -0.288968 3.696870 1.517700 0.609485 -0.103676 1.112212 0.541552 0.144588 0.401060 -4.912313 -1.496632 1.608947 -1.259570 -1.765443 -0.548691 0.948959 2.127294 0.714349 -0.105441 0.005344 0.078086 
0.000000 -29.142416 2.653788 -6.768933 3.252752 8.401674 3.264215 -1.485096 -2.038665 0.294010 -0.403219 0.197004 0.378662 -2.054310 -0.547030 -0.432295 -0.732768 -0.164070 0.429521 0.845033 0.901822 0.659560 0.261511 0.138399 0.285911 -8.889292 -1.143077 5.597434 -1.776827 -3.514411 -0.915233 -0.539811 0.849657 -0.695162 -0.048113 -0.432754 -0.124260 
0.000000 -34.097461 1.621395 -5.299379 0.968690 7.224581 3.768363 -1.004911 -0.716672 0.182228 -0.554614 0.181103 0.811778 -8.029443 0.117156 3.706232 -3.842621 -3.331952 -0.312765 -0.470136 1.595637 -0.278113 0.445326 -0.720920 0.152540 -3.831190 -0.327436 2.056605 -1.132705 -1.895619 -0.669634 -0.534573 0.204997 -0.333446 -0.031722 -0.205442 -0.311394 
295.452972 -45.201302 2.888100 0.643531 -4.432491 1.737770 2.638684 -2.425368 1.152609 -0.262217 0.487433 -1.244836 0.683742 -9.716690 -1.201902 3.680914 -2.998179 -3.955309 -0.909747 -0.224113 1.311817 -0.007332 0.198068 -0.272485 -0.336878 6.424598 -1.212462 -1.252719 3.566535 0.389783 -0.470115 1.421168 -0.958373 0.155529 -0.136957 0.517487 -0.274524 
80.335068 -53.530842 -0.782409 2.062449 -5.027667 -0.686036 1.948870 -1.453136 1.906961 0.167564 -0.158478 -0.363868 0.138023 4.819753 -2.307767 1.200794 3.290449 -2.552386 -1.252996 2.372201 -0.321110 0.032945 0.171413 0.314053 -0.396509 10.948302 1.757770 -1.636059 3.986987 0.888245 0.088082 0.977403 -0.950281 -0.089219 0.016510 0.134417 0.162049 
0.000000 -35.561795 -1.727434 3.045120 2.148407 -3.367001 0.132693 2.319033 0.510389 -0.196327 0.830258 -0.616729 -0.109275 12.179913 2.313638 0.408797 4.975796 -2.178819 -0.733583 1.730693 -0.588745 -0.185770 0.231089 -0.003651 -0.012780 -1.790472 2.805218 -1.588711 -0.570339 1.302249 0.540274 -1.345783 0.465061 0.044167 -0.535404 0.226167 0.308006 
0.000000 -29.171017 3.844868 2.880042 4.923925 -5.043674 0.481704 2.008249 0.729471 -0.203975 0.303700 -0.371169 0.112463 1.238809 3.302668 -1.976627 2.149770 0.052111 -0.172449 -0.319365 0.609012 0.121279 -0.899395 0.766388 0.219503 -7.272363 -0.911374 -1.600368 -1.780170 1.804754 0.327779 -0.861015 0.450711 0.409357 -0.402831 0.185536 0.115484 
141.099258 -33.084178 4.877902 -0.908135 6.447948 -3.262778 -0.212204 1.680302 1.728413 0.046232 -0.968532 0.916048 0.329731 -2.364813 0.490890 -2.791939 1.415456 1.430689 -0.078025 0.008662 0.312678 0.632945 -0.574573 0.367422 0.218187 -0.264440 -2.026167 0.918384 -0.775692 0.396007 0.161589 0.012822 -0.540963 0.565301 0.276683 -0.794233 0.003466 
145.960724 -33.900643 4.826648 -2.703836 7.754837 -2.182297 0.325654 2.025574 1.354826 1.061914 -0.845446 0.363674 0.548838 0.709929 -0.749666 -0.139859 0.598386 0.844126 0.150729 -0.293722 -0.472914 1.251882 -0.346029 -0.822077 0.226434 0.782233 -1.071062 2.777916 -1.339009 -0.591728 0.014821 -0.218999 -0.402045 -0.056515 0.340427 -0.356711 0.009144 
147.960831 -31.664319 3.378569 -1.187854 7.644721 -1.574526 0.089254 1.092858 0.782585 2.549995 -1.660590 -0.728107 0.782600 -0.800346 -1.651234 2.763893 -1.262562 0.247232 -0.048383 -0.429336 -0.491413 0.519915 0.106280 -0.346000 0.236475 -2.917275 -2.135166 1.623324 -1.621189 -1.218437 -0.042851 0.232396 0.092523 -1.251279 0.820371 0.554714 -0.214774 
148.502274 -35.501336 1.524180 2.823950 5.229714 -1.687832 0.228887 1.166903 0.372000 2.101744 -0.632886 -0.328327 1.021788 -5.124620 -5.019998 3.106789 -2.643991 -1.592749 0.065027 0.171069 -0.287868 -1.250676 1.294712 0.287350 -0.203114 -0.579446 -0.221461 -0.583341 -0.388829 -0.682390 0.377903 0.624579 0.589967 -0.730070 -0.025667 -0.012529 -0.411296 
143.884949 -41.913559 -6.661427 5.025724 2.356738 -4.760024 0.219308 1.434996 0.206850 0.048642 0.928835 -0.153406 0.376373 -1.959238 -2.094157 1.597210 -2.040221 -1.117548 0.707422 0.819822 0.688521 -0.940225 0.054947 -0.371058 -0.586117 6.095630 4.736820 -2.220115 1.740303 1.226338 -0.072256 0.414978 0.896037 1.014661 -1.592265 -0.376755 0.485093 
149.767532 -39.419811 -2.664134 6.018370 1.149272 -3.922929 1.643732 2.806547 1.749041 0.221294 -0.522991 -1.070443 -0.150445 7.066639 4.453642 -1.333442 0.836614 0.859928 -0.079484 1.001025 1.504207 0.778645 -1.889817 -0.466160 0.767072 4.925608 2.203418 -2.290448 1.809321 1.021545 -0.450940 -0.267211 -0.062786 0.703137 -0.557817 0.382104 0.779009 
159.716293 -27.780281 2.245858 2.358840 4.029967 -3.040168 0.060339 3.437046 3.215264 1.605933 -2.850800 -1.085726 1.910517 7.891978 2.312679 -2.983687 1.578421 0.925542 -0.194458 0.285399 0.562949 0.466049 -1.060687 0.393151 0.971901 -3.317605 -2.093011 -0.136195 -0.308475 -0.273793 0.317338 -0.575919 -0.891250 -0.732416 0.983358 0.319781 -0.615156 
0.000000 -23.635854 1.961224 0.050997 4.306115 -2.071844 1.254815 3.377345 2.874939 1.153391 -2.644365 -0.284142 1.793356 0.431429 0.267620 -1.605831 0.219665 0.312342 0.555191 -0.150813 -0.278292 -0.686186 0.076899 0.173403 -0.463240 -7.926548 -0.565620 1.893431 -1.105532 -0.638281 -0.060769 -0.270450 -0.260175 -0.390268 0.643275 -0.247074 -0.796733 
0.000000 -26.917422 2.781098 -0.852822 4.469297 -2.415483 1.170722 3.135419 2.658680 0.233562 -2.697001 -0.738921 0.984037 -7.961117 1.181440 0.803175 -0.632643 -0.351019 -0.315996 -0.255501 0.042599 -0.314488 0.225862 -0.100997 -0.621565 -4.569926 0.635015 1.169879 -1.654583 -0.910532 0.018444 0.203116 -0.403579 0.461755 -0.074324 0.068098 0.105565 
118.955627 -39.558089 4.324103 1.657347 3.040828 -2.773882 0.622824 2.866343 2.960138 0.524416 -2.192640 -0.486135 0.550226 -8.708423 1.537650 0.733927 -3.089502 -1.508722 0.592079 0.255419 -1.085449 0.237325 -0.071748 0.309599 -0.252110 1.705387 0.000861 -0.639439 -1.103664 -0.634088 0.855433 0.392006 -0.691610 0.515260 0.088406 0.030727 0.247620 
56.413906 -44.334269 5.856398 0.615033 -1.709706 -5.432926 2.354881 3.646256 0.487782 0.708211 -2.840497 -0.119723 0.479818 -4.550343 1.183161 -0.475703 -2.839972 -1.619195 1.394871 0.528512 -1.340620 0.716032 0.402673 -0.039542 -0.126324 3.273085 -0.560318 -0.344237 1.312398 0.609524 -0.031619 -0.058432 0.490504 0.193405 0.399175 -0.266174 0.080495 
0.000000 -48.658776 6.690424 0.705940 -2.639115 -6.012272 3.412565 3.923366 0.278898 1.956480 -1.387294 -0.565219 0.297578 -2.162253 0.417013 0.045454 -0.464705 -0.289673 0.528842 0.138555 -0.104442 0.624134 0.726602 -0.222748 -0.091120 1.194045 -0.383074 0.260579 1.187634 0.664761 -0.433014 -0.194978 0.618089 -0.045949 0.161964 -0.091603 0.017602 
