158.619507 -13.888872 1.452931 -2.455409 2.063749 -4.932109 5.387789 -0.661052 -1.491181 -0.907239 -2.990547 2.095526 0.907651 -1.372240 0.255737 -0.125550 -0.232420 0.043920 0.136481 -0.081591 0.386404 0.099961 0.020454 0.238581 -0.347178 -2.068996 -1.088053 1.084550 -0.740717 0.647249 -0.598674 0.446716 0.100046 0.027284 0.112870 -0.110693 0.343446 
160.607986 -16.633352 1.964405 -2.706509 1.598908 -4.844268 5.660751 -0.824234 -0.718372 -0.707317 -2.949639 2.572687 0.213295 -5.510232 -1.920370 2.043549 -1.713855 1.338418 -1.060868 0.811841 0.586496 0.154529 0.246195 0.017195 0.339714 -2.495965 -1.617848 1.775513 -0.435118 0.311444 -0.366422 0.671101 0.115355 -0.051138 0.191793 -0.536525 0.245316 
160.113937 -24.909335 -2.387809 1.631690 -1.363961 -2.255273 3.266053 0.962629 -0.318189 -0.598182 -2.498157 2.129915 1.587079 -6.364171 -2.979959 3.425475 -1.102656 0.666809 -0.596363 1.260612 0.617115 -0.002315 0.404041 -0.834469 0.143454 4.232308 1.353319 -1.163319 1.684236 -1.672630 1.002330 -0.417384 -0.170979 0.167894 -0.196016 -0.027006 -0.516501 
149.637756 -29.361694 -3.995514 4.144441 -0.606405 -3.510651 4.468024 1.696990 0.515858 -0.711946 -2.141556 0.903749 0.500203 2.954385 0.786268 -0.283089 1.654618 -2.006841 0.943792 -0.022928 0.244537 0.490317 -0.145837 -0.036817 -0.693287 6.219262 2.202540 -2.567425 1.146286 -0.989136 0.330213 -0.817563 -0.463192 0.315127 -0.388056 0.620287 -0.108717 
155.503937 -19.000565 -0.815273 1.065513 1.945274 -6.268955 5.153637 0.916773 0.170884 0.382452 -2.789831 2.056281 0.200505 6.074354 1.425121 -1.709376 1.189916 -1.311463 0.064062 -0.374513 -0.309270 0.627939 -0.372071 0.406104 -0.073981 -3.000150 -1.643004 1.198682 -1.797052 1.687763 -0.993567 0.006832 -0.012621 -0.454433 0.507319 -0.299734 0.517503 
157.112976 -17.212986 -1.145271 0.725689 1.773427 -6.133576 4.596149 0.947963 -0.102682 0.543932 -2.885699 1.715958 0.352241 -3.045915 -2.499740 2.114275 -1.939486 1.368684 -1.043342 -0.009265 0.219294 -0.418549 0.868800 -0.636284 0.341718 -8.324438 -4.413406 2.994034 -1.262701 1.557889 -0.149520 0.444170 0.320100 -0.348367 0.844536 -0.832802 0.170487 
156.251205 -25.092396 -5.814753 5.294063 -1.933698 -3.531586 3.066953 0.898243 0.609473 -0.454647 -1.052230 0.783713 0.883941 -10.574521 -7.401690 4.278692 -1.335487 1.804314 -0.234978 0.513826 0.330931 -0.068796 1.317000 -1.259499 0.266992 -3.556208 -3.025785 -0.504196 1.269003 -0.579714 0.693061 0.072665 -0.448585 0.426697 -0.260269 -0.063181 -0.101749 
0.000000 -38.362029 -15.948652 9.283073 -0.897547 -2.524948 4.126193 1.975614 0.559180 0.406340 -0.251700 -0.803041 0.886225 -10.158330 -8.551310 1.105884 0.598519 0.209257 0.342780 0.136064 -0.677876 0.434845 0.348261 -0.762647 0.138221 5.695725 4.507923 -3.858089 -0.128836 -1.839669 -0.154766 -0.676040 -0.752884 0.091080 -0.677146 0.882618 0.054526 
0.000000 -45.409057 -22.917373 7.505830 -0.736660 -3.113071 3.752513 1.170372 -0.746280 0.415044 -0.355707 -0.741581 1.160383 0.816929 1.614157 -3.437487 -1.593159 -1.875024 -0.544509 -0.838255 -1.174837 0.113364 -0.037292 0.505737 0.376045 10.365692 10.719640 -2.554373 -1.435547 -0.278943 -0.913202 -0.584441 0.232437 -0.531082 -0.343824 0.651919 -0.138337 
0.000000 -36.728170 -12.720338 2.408100 -4.083864 -6.274997 3.037176 0.299105 -1.790493 0.633068 -0.326284 0.208433 1.638315 10.573054 12.887971 -4.002862 -2.272575 -0.348629 -1.483624 -1.032817 -0.213003 -0.627319 -0.339387 0.541191 -0.138454 3.666244 4.129873 0.234564 1.099284 1.576293 -0.576711 0.131996 0.814550 -0.545848 -0.152093 -0.268771 -0.483878 
0.000000 -24.262949 2.858569 -0.499894 -5.281809 -3.810329 0.785265 -0.895263 -1.172286 -0.839594 -1.034481 0.340801 0.883476 8.149417 9.873903 -2.968358 0.605410 1.277561 -1.697932 -0.574262 0.454262 -0.978332 -0.341478 -0.031805 -0.591712 -4.218428 -5.369021 0.961127 1.940593 0.356493 0.559062 0.537346 -0.058810 0.232513 0.002016 -0.332733 -0.000013 
0.000000 -20.429336 7.027467 -3.528616 -2.873045 -3.719874 -0.358687 -0.849420 -0.881969 -1.323596 -1.009239 0.144823 0.454892 2.136197 2.149928 -2.080607 1.608612 0.364358 -0.365500 0.041874 -0.330624 -0.162292 -0.335356 -0.124275 -0.138480 -3.716137 -5.198625 1.248954 0.011134 -0.294449 0.887386 0.234942 -0.604471 0.599083 -0.083913 -0.059309 0.334656 
118.337425 -19.990554 7.158425 -4.661109 -2.064586 -3.081614 0.054264 -0.811514 -1.833533 -1.164179 -1.705192 0.092250 0.606517 0.717144 -0.523347 -0.470449 0.627677 0.688663 0.076841 -0.104378 -0.754679 0.219835 -0.509303 -0.150424 0.077600 -0.824909 -1.621014 0.847943 -0.156674 -0.200137 0.685929 -0.258712 0.226445 0.058224 -0.175178 0.205473 -0.082783 
117.597382 -18.995049 5.980773 -4.469515 -1.617691 -2.342548 -0.205005 -1.058177 -2.391327 -0.883926 -2.027846 -0.156025 0.610093 0.486379 -1.092101 -0.384722 1.295263 -0.035916 1.006358 -0.475550 0.122266 -0.045843 -0.685711 0.286670 -0.304045 -2.363790 -0.037685 -0.082466 0.826031 -0.253191 0.356467 0.461122 1.170621 -0.243284 0.032546 0.645045 -0.201679 
118.587143 -19.017796 4.974223 -5.430554 0.525941 -3.153447 2.066981 -1.762613 -1.589001 -1.255865 -3.076614 0.665590 -0.001573 -4.010437 -0.598717 -0.635382 2.279738 0.182281 0.789775 0.817866 1.586562 -0.266733 -0.444212 1.139666 -0.325757 -1.278973 0.449581 0.909053 -0.091284 -0.231881 -0.959366 1.162635 0.506884 0.069262 0.626469 0.034598 0.148045 
119.053467 -27.015922 4.783340 -5.740278 2.941785 -1.977985 1.374546 0.577554 0.781798 -1.417393 -2.916270 2.123308 -0.041421 -2.071567 -0.192938 1.433384 1.112695 -0.499679 -0.912374 1.849721 1.136034 0.092681 0.567228 0.355867 -0.007955 0.755787 0.620209 1.948953 -0.733129 -1.054261 -1.118975 -0.122355 -1.103742 0.587205 0.842001 -0.880728 0.428797 
123.928940 -23.160929 4.588346 -2.563786 2.751331 -4.152805 0.242233 1.936829 0.683068 -1.070504 -1.942157 1.377324 -0.017483 -2.498863 0.641702 3.262524 0.813481 -1.926241 -1.448174 0.573156 -0.620921 0.907677 1.239790 -0.621790 0.531837 -1.809961 0.852900 0.597204 0.406254 -0.432300 -0.275299 -0.745051 -1.145614 0.433038 0.468222 -0.475491 0.209575 
123.560715 -32.013647 6.066743 0.784769 4.568747 -5.830467 -1.521803 1.723867 -0.460045 0.397962 -0.436689 0.879727 1.022254 -5.691488 1.512861 2.627793 1.925203 -1.364280 -1.462971 0.359618 -1.155193 0.958756 1.503672 -0.595114 0.411195 3.156760 -0.846193 -1.349961 -0.220941 0.730885 0.923210 -0.107664 0.729723 -0.406702 -0.720595 0.105659 -0.682193 
123.871925 -34.543906 7.614068 2.691800 6.601737 -6.881364 -2.683710 2.656066 -1.627318 0.847009 1.065186 0.187096 0.804907 3.814658 -1.050684 0.562602 0.371599 -0.464472 0.398245 0.357829 0.838525 0.094274 -0.201399 -0.410472 -0.832548 5.791461 -2.610192 -1.412209 -1.886245 1.229386 1.847719 -0.360988 1.349767 -0.732970 -1.530969 0.379005 -0.434937 
128.228729 -24.384331 3.965374 1.909974 5.311945 -6.759410 -0.725312 2.439524 1.217004 0.586511 -0.839488 0.058784 -0.642842 5.891434 -3.707524 -0.196626 -1.847287 1.094493 2.232466 -0.362357 1.544341 -0.507184 -1.558266 0.162896 -0.458680 -4.639194 -2.919803 1.470096 -1.452498 1.262850 0.939425 -0.501979 -0.432650 -0.039621 -0.007397 0.003708 0.716756 
130.780884 -22.761039 0.199020 2.298547 2.907162 -4.692378 1.781222 1.931351 1.461365 -0.167359 -2.051346 0.512887 -0.112452 -5.463729 -6.890291 3.502794 -2.533396 2.061229 2.277096 -0.646128 -0.026775 0.015032 -0.216194 -0.403056 0.600965 -3.331369 -0.025849 -0.587100 0.092135 0.514341 -0.360453 0.226199 -1.153109 -0.044850 0.986028 0.311416 0.684211 
126.791428 -35.311790 -9.815208 8.915563 0.245153 -2.636952 3.828879 1.147267 1.163455 0.616576 -1.271875 -0.747328 0.559087 -0.771305 -3.759222 -1.370826 -1.663017 2.123175 1.511560 0.090040 -0.761877 -0.596883 0.413789 0.785727 0.909743 5.732164 5.724224 -4.729311 1.623625 -0.874325 -1.197904 0.482303 -0.250407 -0.325398 0.222846 1.011078 -0.218001 
0.000000 -24.303649 -7.319423 -0.443106 -0.418871 -0.446028 4.804341 2.111431 -0.062390 -1.361124 -1.223767 2.084342 1.707033 6.000598 4.558157 -5.955828 0.713855 0.312580 -0.118712 0.318478 -0.527589 -0.635763 0.229498 1.619100 0.164962 -2.586479 4.718938 1.026593 1.362072 -0.836007 -1.985577 -0.198866 0.620004 0.689132 0.065765 -1.122046 -0.714105 
151.334412 -23.310593 -0.698894 -2.996092 1.672862 -2.011793 3.591454 1.784223 0.108276 -0.654950 -0.812879 2.490873 0.889011 -5.944262 5.678654 0.682360 1.061128 0.451161 -2.459593 -0.307692 0.478131 0.781382 0.545320 -1.458364 -0.518467 -3.209841 -1.391852 2.366348 0.431490 0.308220 -0.504543 -0.483385 -0.035549 0.848819 -0.075740 -1.245651 -0.232217 
146.763016 -36.192174 4.037885 0.921614 1.703385 0.456295 -0.114845 1.496048 0.893872 0.201639 -0.133127 -0.832386 0.670100 -0.419084 1.774452 -1.223132 1.576835 0.929020 -1.127797 -0.648292 -0.598688 1.061875 0.078018 -0.872202 -0.299473 7.352817 -3.922194 -2.186690 1.034818 -0.570045 1.789474 -0.598571 -0.705690 0.079589 -0.448896 1.198712 0.008931 
151.581970 -24.148760 2.850009 -5.442357 4.826533 -0.153753 1.335860 0.487639 -1.089099 1.468799 -0.656844 0.746468 0.290066 8.761372 -2.165733 -3.691021 3.130764 -0.688929 1.119354 -1.504834 -0.933250 0.940560 -0.352471 0.939061 -0.500605 1.156147 -2.038378 0.750623 -0.236574 -0.751576 0.875921 -0.219602 0.465718 -0.226201 -0.057457 0.541885 -0.010220 
153.484192 -18.669430 -0.293580 -6.460429 7.964913 -0.921564 2.123863 -1.513619 -0.972627 2.082759 -0.838069 1.045736 -0.331109 1.893211 -2.302303 0.278114 1.103687 -0.574132 0.624045 -1.087496 0.332749 0.609473 -0.036897 0.211568 -0.319913 -7.311542 -0.300873 4.134343 -3.151783 0.975555 -0.530908 0.814608 0.866958 -0.651872 0.465733 -0.554614 0.556921 
153.109207 -20.362339 -1.754597 -4.886129 7.033907 -1.302017 2.583950 -1.687354 -0.423602 2.687745 -0.730638 1.169604 -0.349760 -5.861712 -2.767480 4.577665 -3.172801 1.262181 0.057538 0.124383 0.800667 -0.363184 0.578995 -0.170168 0.613238 -2.318361 -0.421127 1.807069 -2.717079 0.193235 -0.226393 0.976558 -0.028067 -1.153774 -0.122520 -0.350571 0.636781 
151.171265 -30.392854 -5.828540 2.694901 1.619311 1.602797 2.238938 -1.264853 0.628706 1.356391 0.319922 0.705400 0.895366 -2.743512 -3.144558 3.892251 -4.330471 -0.187662 0.171259 0.865620 0.276615 -1.698076 -0.281937 -0.489574 0.953648 6.791777 2.871230 -3.473915 1.374509 -1.978772 -0.046026 0.022897 -0.686517 -0.267339 -1.107161 0.107747 -0.347469 
0.000000 -25.849364 -8.043712 2.898373 -1.627035 -1.677341 2.926469 0.043887 0.129629 -0.708406 -1.294512 0.190457 1.557536 7.721842 2.974980 -2.370165 -0.423783 -2.695363 -0.034515 0.170177 -0.572368 -0.897862 -1.635326 0.045325 -0.081701 3.781427 4.519935 -3.591023 2.938072 -0.828625 -0.350458 -0.872319 -0.201659 0.906850 -0.210256 0.395579 -0.801315 
152.443604 -14.949170 0.121419 -2.045429 0.771746 -3.787929 2.169908 -0.924499 -0.516029 -0.439334 -2.950730 0.796051 0.731964 4.819341 5.895313 -3.289794 1.545672 -1.844912 -0.529657 -0.879018 -0.126702 0.115624 -0.702449 0.301585 -0.648982 -5.047990 -0.593769 1.310510 0.034958 1.134549 -0.248439 -0.103948 0.407797 0.634555 0.985619 -0.179518 -0.024832 
149.755234 -16.210681 3.746914 -3.681216 1.464309 -5.367166 1.867154 -1.714150 -0.123776 -0.477157 -2.699410 0.793626 0.259572 -2.374137 1.787442 0.250855 -0.353867 -0.426265 -0.531394 -0.037718 0.243226 0.371248 0.335913 -0.313710 -0.131365 -4.732886 -6.075421 4.261407 -1.130350 0.989454 0.137925 0.862712 0.122745 0.331826 1.024080 -0.453971 0.502761 
150.873001 -19.697444 3.696304 -1.543718 0.064011 -4.640458 1.107119 -0.999936 -0.029577 0.303162 -2.278905 0.168631 0.469234 -4.646431 -6.255528 5.233019 -0.715027 0.133997 -0.253807 0.846405 0.118787 0.779276 1.345712 -0.606357 0.356540 -2.359170 -6.776072 1.669768 0.470718 0.104461 0.435778 0.484650 -0.496826 -0.131657 0.411639 -0.124103 0.196367 
149.194687 -25.503543 -8.764143 6.784822 0.034255 -5.099172 1.359540 -0.021340 0.113798 1.081395 -0.007986 -0.419087 0.972651 -7.092478 -11.764702 3.590391 0.587568 -0.217343 0.340162 0.931583 -0.750425 0.107934 1.159191 -0.561915 0.261368 1.152419 2.257462 -3.310653 0.616083 -0.036388 1.050768 0.323711 -0.570658 -1.014015 -0.744365 0.489598 -0.089699 
0.000000 -33.882400 -19.833100 5.637064 1.239147 -5.075144 1.787443 0.863230 -1.530426 0.519029 0.039477 -0.955199 0.991971 -2.341593 -1.740604 -1.388288 0.517139 0.061221 1.847729 1.493827 -1.022528 -1.248753 -0.143019 0.372839 0.177142 6.230490 11.226033 -3.242613 -0.553837 0.836412 0.166428 -0.400223 0.610466 -0.612543 -0.713578 0.814900 -0.119426 
0.000000 -30.186728 -12.245350 4.008247 1.068533 -4.976731 5.054999 2.966314 -1.931259 -1.416110 -0.294024 0.326591 1.326935 5.368503 10.687365 -2.894836 -0.520107 1.455481 0.673018 0.131137 0.470508 -1.117153 -0.267964 1.067885 0.022517 2.953685 4.603935 -1.076063 0.011181 0.392328 -1.648582 -1.354792 0.916618 0.541999 -0.053234 -0.061929 -0.140302 
131.193146 -23.145394 1.541631 -0.152608 0.198934 -2.164183 3.133479 1.125504 -0.589411 -1.715277 -0.496452 1.180571 1.037006 3.565777 7.467267 -3.540413 0.539501 0.845877 -1.449435 -1.215757 0.810709 -0.164755 -0.249487 0.248981 -0.103462 -4.683025 -4.664041 1.026999 0.830589 -0.585922 -0.917045 0.055670 -0.044259 0.800054 0.102892 -0.565242 -0.022848 
126.078865 -23.055175 2.689183 -3.072579 2.147536 -3.284978 2.156128 0.534800 -0.309842 -1.745620 -0.792997 0.824553 1.120012 -3.997547 1.359282 -0.840838 1.141070 0.283637 -1.161071 0.242477 0.381989 0.482955 -0.062181 -0.062598 -0.023178 -4.735542 -2.831419 2.484018 -0.579823 0.465304 -0.365610 1.241513 0.161839 0.428890 -0.280821 -0.054885 -0.345163 
126.438652 -31.140489 4.260195 -1.834284 2.481075 -1.596909 0.811336 1.610457 0.174568 -0.749367 -0.620813 1.055375 0.990650 -5.905308 1.804430 1.427624 -0.620144 1.776484 -2.180655 1.267268 1.134386 0.693025 -0.811130 0.139212 -0.793787 -0.192731 -0.097065 0.558159 -0.855689 0.256273 0.145749 0.140164 0.513037 -0.126295 -0.359513 -0.064782 -0.293463 
130.529037 -34.865791 6.298042 -0.217331 0.907248 0.267990 -2.205183 3.069337 1.958931 -0.359571 -2.415257 1.102976 -0.467562 -4.383008 1.165153 0.275481 -0.570308 0.796183 -0.869573 0.522805 1.408063 0.230365 -0.781207 -0.192161 -0.610105 3.847584 -2.061958 -1.961472 -0.697689 -1.762179 1.272470 -1.116355 -1.165715 -0.591283 1.225740 -0.115739 1.160606 
132.189713 -39.906505 6.590501 -1.283322 1.340459 -0.004544 -0.927809 2.656067 2.990694 -0.288636 -2.183227 0.671054 -0.229559 1.789860 -2.319486 -2.495320 -2.015521 -1.747874 0.364286 -0.965442 -1.197043 -0.489542 1.640349 -0.092266 1.527425 6.669575 -1.753727 -1.029977 -0.581641 -1.253792 0.408692 -1.093086 -1.565018 -0.456355 0.855171 0.056679 0.819903 
130.125092 -31.286070 1.659071 -5.207971 -3.123793 -3.227757 -1.476611 1.138454 -0.435156 -1.338655 0.865442 0.918445 2.587288 8.956141 -2.342302 -1.784474 -1.733590 -1.711400 -0.052190 -1.663368 -1.721973 -0.682345 0.929136 -0.078803 1.029701 1.627406 2.092800 1.683339 0.950043 0.958249 -0.027668 -0.078352 0.479708 0.320199 -1.418272 0.001895 -1.183630 
125.734512 -21.994223 1.905898 -4.852269 -2.126722 -3.427345 -1.032189 -0.670669 -0.453251 -1.653326 -0.324956 0.513448 1.829843 5.044673 1.866114 0.871359 -0.115435 0.168624 0.308950 -1.122145 -0.237628 0.150856 -1.196194 -0.088476 -0.839834 -4.365947 2.303030 0.438026 0.790072 0.873620 0.072056 0.791364 0.640752 0.481206 -0.962868 0.031422 -0.711593 
0.000000 -21.196725 5.391298 -3.465253 -3.354664 -2.890508 -0.858712 -1.105837 -0.910411 -1.036942 -1.526947 0.741494 0.907620 0.224248 2.263758 -0.908422 -0.153445 0.035840 0.091922 -0.080639 -0.440469 0.280066 -0.996600 -0.015959 -0.393486 -1.755128 -0.936219 -1.161320 0.622847 -0.459514 -0.179499 0.488072 -0.377667 -0.055865 0.212573 0.014638 0.394024 
118.746529 -21.545727 6.433413 -6.669112 -2.433612 -3.355665 -0.848345 -0.831947 -1.334188 -1.093194 -2.318156 0.481530 1.042871 1.534417 -0.006324 -1.451281 1.130259 -0.750403 -0.050048 -0.146001 -0.992961 0.039127 -0.771049 -0.059201 -0.051787 1.183437 -1.664634 0.834993 0.376677 -0.158275 0.119860 -0.175131 -0.148556 -0.173478 0.509405 0.072031 0.019297 
121.562920 -18.127891 5.378650 -6.367815 -1.094146 -4.391314 -0.958807 -1.397839 -2.896334 -0.958689 -3.069046 0.623092 0.804046 2.591122 -1.065510 0.761563 0.599909 -0.280710 0.331642 -0.430902 -0.737580 -0.066890 0.022211 0.128103 -0.354892 -0.476719 -0.265616 1.217913 -0.552201 0.570219 0.273195 -0.034256 0.450749 0.001123 0.732685 0.121232 -0.145949 
122.883316 -16.363483 4.302394 -5.145986 -1.233794 -3.917085 -0.185062 -1.693751 -2.809348 -1.226974 -2.273735 0.737736 0.333087 0.580980 -0.537555 0.984545 0.025858 0.390034 0.496343 -0.214514 -0.091463 0.041373 0.694321 0.183264 -0.343685 -1.715263 0.286668 -0.112675 -0.272577 -0.001712 -0.109362 0.121994 0.397564 0.054786 0.242703 0.119272 -0.006121 
122.358627 -16.965932 4.303539 -4.398725 -1.042430 -3.611246 0.033878 -1.826867 -3.079260 -0.875942 -1.680404 0.989619 0.116676 -0.839405 -0.492173 0.536213 0.054756 -0.284134 0.112918 -0.186914 0.057547 0.042681 0.507617 0.366648 -0.367134 -1.054989 0.332202 -0.738512 0.291678 -0.530786 0.026226 -0.186971 0.361070 -0.057680 -0.036773 0.009828 -0.122245 
122.096848 -18.042293 3.318047 -4.073560 -1.124282 -4.485353 0.040774 -2.067579 -2.694254 -1.141611 -1.258502 1.471032 -0.401180 -1.528999 0.126848 -0.492480 0.609213 -0.671538 0.548795 -0.588456 0.630677 -0.073988 0.620776 0.202920 -0.588174 -2.135698 0.683329 -0.833548 0.457991 0.192537 0.119217 -0.006150 0.413083 0.162891 0.180937 -0.224118 0.119320 
123.056107 -20.023929 4.557236 -5.383684 0.175996 -4.954322 1.131469 -3.003780 -1.817906 -1.023917 -0.438853 1.395459 -1.059672 -5.110801 0.874484 -1.130883 0.970737 0.100940 0.351351 -0.199213 0.883712 0.368464 0.869490 -0.081589 -0.128494 -5.262598 -0.559782 -0.065229 -0.610994 1.042653 -0.813867 0.697789 -0.250369 0.461724 0.087163 -0.401991 0.475024 
127.993134 -28.263895 5.067015 -6.335326 0.817192 -4.283474 0.743475 -2.466006 -0.926829 -0.404683 0.480479 1.307853 -0.658168 -12.054195 -0.992715 -0.622938 -0.612775 1.413769 -1.078938 0.807122 0.129940 0.849460 0.795101 -0.601063 0.361874 -5.357978 -2.042452 0.123264 -1.481946 1.558400 -0.692356 0.246907 -0.669703 -0.142500 -0.168463 -0.359619 0.042992 
133.120895 -44.132320 2.571806 -6.629560 -1.049553 -2.126784 -1.026407 -1.389535 -1.558026 0.675003 1.151350 0.193333 -0.335923 -15.826756 -3.210421 -0.884356 -1.993156 3.217740 -1.033361 0.294601 -0.455693 0.083463 0.532565 -0.800828 -0.042510 3.441184 -0.624633 1.833061 1.080557 -0.054612 0.837275 -0.114344 0.372599 -0.644149 -0.834314 0.288435 -0.312274 
0.000000 -59.917407 -1.353827 -8.104038 -3.169119 2.152006 -1.323247 -1.876803 -1.838214 -0.237757 1.545609 -0.293803 -0.743188 -5.171827 -2.241980 3.043184 1.548340 1.304545 0.595612 0.578434 0.875137 -0.438838 -0.873527 -0.024193 -0.262674 15.457770 0.946953 1.795570 3.201450 -2.054661 0.658755 0.298682 0.877689 0.160723 -0.762799 0.625163 0.090744 
0.000000 -54.475974 -1.912154 -0.543192 2.047128 0.482306 0.164816 -0.232667 0.192249 -0.202674 -0.595705 0.144948 -0.861271 15.088783 -1.316515 2.706784 4.409745 -0.891582 0.284149 0.891964 1.299686 0.404909 -0.993033 0.449498 0.138977 11.139780 0.480517 -2.162954 -0.185159 -0.227729 -0.456566 -0.529083 -0.562461 0.641678 0.496025 0.107443 0.500361 
303.574768 -29.739841 -3.986856 -2.690470 5.650371 0.368841 -0.754949 -0.092875 0.761159 0.572061 -0.440456 0.605194 -0.465233 17.107733 -1.280945 -1.282724 1.178023 0.849087 -0.317520 -0.479733 -0.249785 0.844517 0.118522 0.190692 0.738048 -4.904559 1.049231 -1.175918 -3.070070 0.130319 0.556868 -0.243134 -0.941288 0.052585 0.182711 -0.150857 0.436256 
152.079880 -20.260508 -4.474044 -3.108639 4.403173 2.180479 -0.470224 -1.192132 -0.307321 1.486360 -0.358662 0.526332 0.614826 5.279666 0.781947 0.354948 -1.730395 -0.630945 1.397886 0.405696 -0.582890 0.510079 -0.627610 0.147784 1.011489 -9.161554 2.077830 1.373077 -0.961658 -2.105188 0.976948 0.779125 0.479449 -0.302612 -0.467370 0.002497 -0.227819 
151.301880 -19.180509 -2.422963 -1.980573 2.189582 -0.893048 2.040823 0.718517 -0.404621 1.592219 -1.695676 0.900762 1.557745 -1.215375 2.874715 1.463430 -0.745294 -3.361290 1.636375 1.078517 0.709114 0.239294 -0.816219 0.195686 0.282411 -6.130681 1.389012 0.550846 1.081109 -0.688168 -0.765728 -0.368881 0.552133 0.029870 0.581132 -0.053258 -0.710112 
149.501099 -22.691258 1.275386 -0.181779 2.912586 -4.542102 2.802526 0.964901 1.110907 1.964948 -1.991099 0.917703 1.179647 -6.981697 3.559972 1.456641 0.431824 -2.007281 -0.133570 -0.332066 0.521375 0.569818 0.534654 0.041269 -0.408734 0.056439 -0.775489 -1.721410 0.273116 2.039888 -0.605978 -0.340689 -0.918821 -0.426890 0.679235 -0.101810 -0.283855 
144.469147 -33.143903 4.696981 0.932709 3.053229 -4.907609 1.773684 0.054385 0.638128 2.731856 -0.626368 0.983299 0.740278 -1.102497 1.323738 -1.979390 -0.199063 0.718486 0.424420 0.397139 -1.128528 -0.614487 0.542251 -0.007934 -0.285300 7.644902 -2.353616 -2.127183 0.014752 1.754238 0.361131 0.242439 -0.937231 -0.734852 -0.378706 0.044458 0.079138 
146.716415 -24.896251 3.922862 -4.140558 2.514461 -3.105131 3.651367 1.759180 -1.146149 0.735974 -0.906597 0.901835 0.609048 8.308108 -1.147260 -2.797726 0.461328 1.501195 0.588692 0.152812 -1.353087 -0.899886 -0.222757 0.130185 -0.250458 2.643389 -1.041969 0.859149 0.464887 -0.059265 -0.387285 -0.548362 0.333790 0.356271 -0.312446 0.089425 0.050229 
151.480255 -16.527687 2.402462 -4.662743 3.975885 -1.905220 2.951068 0.360009 -2.068045 0.932084 -1.071882 1.243669 0.239362 4.184282 -0.760200 -0.261092 0.730712 0.599956 -0.350149 -0.699585 -0.460948 0.098055 -0.082642 0.170917 -0.184843 -2.061913 0.193530 1.268317 0.134692 -0.450620 -0.469421 -0.426199 0.446069 0.498970 0.070057 0.020366 0.032808 
