128.517990 -54.948753 5.562450 4.858654 2.121950 0.253320 -0.167021 1.483006 1.495783 1.595237 1.679578 1.065732 0.567699 9.595141 -0.282010 -2.668408 2.453773 -0.733479 -0.201581 2.478872 -0.366449 -1.288850 -1.201587 -0.961914 -0.041176 3.092328 0.447174 -0.268880 -0.372675 -0.879874 0.112893 -0.491162 -0.712902 0.001504 -0.046563 0.283570 -0.167558 
122.432693 -35.758471 4.998429 -0.478162 7.029495 -1.213638 -0.570183 6.440750 0.762886 -0.982464 -0.723596 -0.858096 0.485348 15.779798 0.612338 -3.206167 1.708423 -2.493227 0.024206 1.496549 -1.792254 -1.285842 -1.294714 -0.394775 -0.376291 -1.088819 0.634329 0.861524 -1.985968 -0.425908 0.242816 -2.109593 -0.622103 0.703390 0.487270 0.815237 -0.227499 
122.985924 -23.389157 6.787127 -1.553681 5.538797 -4.733134 -0.118610 4.476103 -2.088724 -0.976447 -0.909849 0.276182 -0.184883 7.417503 0.986648 -0.945360 -1.518163 -1.585295 0.284050 -1.740314 -1.610655 0.117930 -0.227047 0.668560 -0.496174 -7.516365 -0.046088 1.399281 -1.208089 1.187376 0.094662 -1.371294 0.851350 0.743894 0.639576 0.262612 0.077553 
119.260826 -20.923465 6.971725 -2.368882 3.993169 -4.384228 -0.002083 2.960123 -2.458424 -0.746604 -1.177689 0.479024 -0.507000 0.747068 0.520163 -0.407605 -0.707754 -0.118475 0.213530 -1.246039 -0.089553 0.201946 -0.015561 0.130449 -0.221186 -4.480997 -0.079522 0.426972 0.821883 0.805964 -0.183489 0.560176 0.830605 0.055980 0.317565 -0.272555 0.291864 
117.316681 -21.895022 7.827453 -2.368891 4.123288 -4.970084 0.308451 1.984026 -2.267830 -0.572555 -0.940971 0.537080 -0.627254 -1.544491 0.827605 -0.091415 0.125603 0.026633 -0.082929 -0.619962 0.050554 0.229891 0.408084 0.123449 0.087553 -1.658811 0.041216 0.560945 0.215915 0.540379 -0.432928 0.404883 -0.123203 0.145746 0.186363 -0.007778 0.281100 
116.247124 -24.012447 8.626935 -2.551713 4.244374 -4.330962 -0.167940 1.720198 -2.357315 -0.286823 -0.361522 0.725921 -0.331894 -2.570553 0.602596 0.714286 -0.275924 0.962283 -0.652325 -0.436272 -0.335958 0.493438 0.357166 0.114893 0.341015 -0.243093 -0.307353 0.218450 -0.385328 0.483335 0.053531 0.093367 -0.150776 0.144547 -0.232429 -0.218116 0.156357 
117.222382 -27.036128 9.032645 -0.940319 3.571439 -3.045518 -0.996199 1.111483 -2.939747 0.414321 -0.226639 0.766866 0.054776 -2.030678 0.212900 0.345485 -0.645054 0.993303 0.024134 -0.433227 -0.250997 0.518984 -0.056773 -0.312784 0.400267 -0.308199 -0.256561 -0.612706 -0.039538 -0.292739 0.320683 0.290936 0.363809 -0.055141 -0.137859 -0.449650 -0.058385 
117.087585 -28.073802 9.052734 -1.860742 2.954266 -2.344357 -0.119671 0.853743 -2.859308 0.751145 -0.475069 0.100353 0.468639 -3.186951 0.089473 -0.511125 -0.355000 0.376804 -0.010960 0.145601 0.391660 0.383156 0.081449 -0.784407 0.224244 -1.559205 -0.193369 0.129593 0.204087 -0.603979 -0.362385 0.415994 0.479272 -0.130851 0.237383 -0.203244 -0.213702 
115.865250 -33.410030 9.211591 -1.962570 2.861440 -2.291910 -1.018119 1.402686 -2.156428 1.180633 -0.063741 -0.801949 0.503264 -5.149088 -0.173838 0.604672 -0.236881 -0.214655 -0.700635 0.398760 0.707547 0.257282 0.417993 -0.719273 -0.027138 -0.307375 -0.540104 0.158268 -0.005670 -0.408447 -0.152056 0.053731 -0.051256 -0.219002 0.108924 0.073090 -0.100815 
71.417633 -38.371979 8.705058 -0.651398 2.480505 -2.773667 -1.520940 1.651264 -1.444215 1.265709 0.360916 -1.338193 0.414364 -3.801701 -0.990734 -0.194590 -0.366340 -0.440089 -0.315072 0.253064 0.289149 -0.054848 0.299297 -0.638228 0.022613 2.022701 0.112575 -0.596120 -0.266967 0.064638 0.425760 0.054735 -0.664108 -0.528493 -0.280606 0.526963 0.266704 
0.000000 -41.013431 7.230123 -2.351750 2.128760 -3.172088 -1.648262 1.908814 -1.578130 1.070936 0.534853 -2.078405 0.548490 -1.103686 0.051311 -0.587568 -0.770815 -0.085379 0.150886 0.508230 -0.620670 -0.799704 -0.143219 0.334653 0.506270 5.176993 1.056511 0.000367 0.311084 0.335379 0.188320 -0.026540 -0.318761 -0.145631 -0.286855 0.936902 -0.092444 
166.872360 -40.579351 8.807681 -1.826535 0.938874 -2.944425 -1.219169 2.667723 -2.685555 -0.333699 0.074479 -0.668886 1.426904 6.552286 1.122287 -0.193856 0.255827 0.230668 0.061569 0.199984 -0.348374 -0.346111 -0.274413 1.235577 -0.162276 4.788124 0.182374 0.044398 0.787465 -0.029334 0.030557 -0.555421 0.497083 0.737215 -0.001681 0.053444 -0.571489 
0.000000 -27.908859 9.474698 -2.739462 2.640415 -2.710752 -1.525125 2.308781 -2.274879 0.378715 -0.013974 0.392749 0.223939 8.472563 0.416060 -0.498773 0.804115 -0.144047 0.211999 -0.602613 0.373496 0.674726 -0.146580 0.441541 -0.636709 -2.046537 -0.501154 0.102066 -0.201019 -0.237223 0.200971 -0.530337 0.434337 0.279419 -0.020657 -0.466429 -0.109267 
123.031967 -23.634225 9.639801 -2.824080 2.547105 -3.232519 -0.795171 1.462498 -1.938563 1.015754 -0.218681 0.214196 0.153486 2.459212 0.119979 0.010277 -0.146211 -0.243778 0.463511 -0.860691 0.520300 0.212728 -0.315728 0.302718 -0.380810 -3.796994 -0.265777 0.113010 -0.480400 0.178770 -0.100260 0.092949 -0.035281 -0.578544 0.006184 0.030741 0.061639 
122.320946 -22.990435 9.714656 -2.718909 2.347992 -3.198308 -0.598103 0.587399 -1.234278 0.804171 -0.645429 0.998186 -0.537681 0.878574 -0.115494 -0.272753 -0.156685 0.213493 0.011480 -0.416714 0.302935 -0.482362 -0.134213 0.503023 -0.513430 -1.207736 -0.268889 -0.138179 0.285696 0.226014 -0.250953 0.700124 -0.439879 -0.369841 0.287284 -0.098216 0.152141 
120.726562 -21.877076 9.408814 -3.369585 2.233735 -2.805533 -0.772211 0.629069 -1.332693 0.051030 -0.487107 1.220242 -0.873374 0.043740 -0.417798 -0.266082 0.425180 0.208249 -0.038395 0.539557 -0.359457 -0.526955 0.258841 0.106287 -0.076528 -1.253821 -0.518462 0.382434 0.456020 0.167745 0.468414 0.181400 -0.203698 0.413279 0.272362 -0.163377 0.156811 
114.589417 -22.902954 8.879059 -3.251073 3.198353 -2.781810 -0.674892 1.666513 -1.953193 -0.249738 -0.127747 1.210759 -0.690737 -1.629067 -1.152417 0.492115 0.755356 0.548983 0.948308 -0.053914 -0.104461 0.344196 0.410510 0.176269 -0.199807 -1.012868 -1.401856 0.273700 0.455685 0.686636 0.504060 -0.452392 0.321931 0.941181 0.138280 -0.031168 -0.077051 
113.679588 -25.135209 7.103979 -2.385355 3.744446 -1.707568 1.124405 0.521242 -1.541616 0.739422 0.333914 1.572781 -1.272989 -1.981995 -3.221511 0.281317 1.336550 1.581521 0.969726 -0.365227 0.284405 1.355407 0.535401 0.043950 -0.230630 -0.970800 -1.210496 -0.186117 0.982188 0.568955 -1.105695 0.417581 0.512010 0.471818 -0.021298 -0.424823 0.149965 
110.844543 -26.866945 2.436036 -2.688439 5.871452 0.381232 1.264560 0.936060 -1.384382 2.461077 0.943055 1.298659 -1.151997 -3.570666 -3.573409 0.119882 2.719731 1.686893 -1.263082 0.781248 0.919559 1.287831 0.367915 -0.673377 0.100122 0.981418 2.285708 -0.605472 0.073725 -0.479416 -1.304254 0.372220 0.146983 -0.807811 -0.281667 -0.513560 0.373087 
108.943649 -32.276541 -0.042839 -2.145591 9.183908 1.666218 -1.401760 2.083737 0.297503 3.315084 1.069745 0.226027 -1.072744 -0.019160 1.349905 -0.929627 1.483999 0.622689 -1.638783 0.379213 0.578372 -0.260215 -0.027933 -0.983169 0.515543 4.060397 4.263442 -0.913640 -2.262405 -1.279790 0.550585 -0.419018 -0.680754 -1.100512 -0.465292 0.113932 0.297288 
114.588104 -26.905264 5.135845 -4.547693 8.839450 1.626609 -2.013006 1.694485 -0.227639 1.940647 0.887190 -0.667680 -0.120911 4.550128 4.953476 -1.707398 -1.805079 -0.872687 -0.161912 -0.056789 -0.441949 -0.913192 -0.562669 -0.445513 0.694698 -0.280630 0.270399 0.746235 -2.234083 -0.444414 0.993069 -0.159046 0.018111 0.016614 0.007413 0.501596 -0.028715 
120.129494 -23.176285 9.864112 -5.560388 5.573751 -0.079157 -1.725584 1.970159 -0.586395 1.488701 -0.055593 -0.664999 0.316651 -0.580420 1.890703 0.562843 -2.984168 -0.266139 0.347355 0.061121 0.614593 -0.226987 -0.013106 0.020023 0.458113 -4.306478 -3.012682 1.360455 0.500351 1.071367 0.347467 0.036898 1.156870 0.652107 0.326653 0.228424 -0.452980 
120.130196 -28.066105 8.917252 -3.422008 2.871115 1.094332 -1.318297 1.816728 1.001546 1.486672 0.860978 -0.627634 0.795316 -4.062827 -1.071888 1.013513 -0.804377 1.270046 0.533021 0.017007 1.871790 0.391023 0.090636 0.011335 -0.211263 0.901533 -1.341911 -0.551167 1.792724 0.556117 0.101794 0.343274 -0.377451 -0.100862 0.167000 -0.028304 -0.224970 
124.675331 -31.301940 7.720336 -3.533362 3.964997 2.460935 -0.659542 2.004174 3.157184 2.270747 0.125680 -0.642329 -0.105876 1.222646 -0.793119 -0.539492 0.601280 0.846095 0.550943 0.747669 -0.140308 -0.428711 0.320894 -0.036585 0.008172 3.258556 -0.048555 -0.832433 0.967377 -0.439857 0.020976 0.022326 -1.805361 -0.402495 0.528506 0.315266 0.452426 
130.028641 -25.620814 7.331014 -4.500992 4.073675 2.786522 -0.216410 3.312065 0.720929 0.629250 1.502766 -0.700803 0.811661 2.454286 -1.168997 -0.651353 1.130377 0.390331 0.574973 0.061659 -1.738932 -0.413968 1.147648 0.641867 0.693588 -1.024872 0.604448 0.411909 -0.076426 -0.656428 0.265925 -0.852605 -0.106556 0.307520 -0.429250 0.681698 -0.157261 
133.503601 -26.393368 5.382342 -4.836068 6.225750 3.241596 0.490404 2.127492 -0.320680 1.442811 2.420975 0.641405 1.281301 -0.827098 0.415776 0.284326 0.448428 -0.466760 1.082793 -0.957542 -0.353420 0.186329 -0.537606 1.326812 -0.306349 -1.226098 0.607568 0.183124 -0.372770 -0.622493 -0.216889 0.152536 0.812532 0.203409 -0.895043 -0.168576 -0.335156 
139.865402 -27.275009 8.162567 -3.932340 4.970530 1.853001 1.949176 1.396982 0.014088 1.001908 0.427555 1.952821 0.198962 0.002090 0.046139 -0.285106 0.384837 -0.854655 0.141195 0.366730 -0.113867 -0.007149 -0.642438 0.304715 0.023277 -0.849334 -2.186837 -0.969174 1.221593 0.200182 -1.201039 0.571073 0.183818 0.323175 0.444746 -1.003179 0.200962 
137.471176 -26.389189 5.474620 -5.406279 6.995425 1.532287 0.772794 2.860952 -0.548414 1.428514 1.136100 1.250835 1.327856 -2.525766 -3.957897 -1.654022 2.891613 -0.066396 -1.319285 0.184605 0.014215 0.832678 0.351886 -0.679545 0.095575 -4.171692 -2.240386 -0.194138 1.077536 1.272464 -0.512671 -0.422370 0.190397 0.095267 0.443032 -0.600567 -0.386357 
128.332672 -32.326542 0.246773 -7.240385 10.753757 1.720210 -0.689394 1.766193 0.042519 2.667265 1.131327 0.593730 0.390113 -8.341294 -4.434633 -0.673381 2.539909 1.690274 -0.884148 -0.478010 0.266927 0.183385 0.243627 -0.896419 -0.749437 1.808570 2.729482 1.064564 -2.476895 0.052216 1.195458 0.119894 0.036862 -0.602748 -0.133411 0.152231 -0.129255 
127.190208 -43.071778 -3.394646 -6.753041 12.075243 4.912834 -0.995503 1.904932 -0.014561 1.795283 1.623353 -0.542003 -0.171018 1.091373 1.501066 0.475106 -2.062176 0.038036 1.071632 0.424393 0.087940 -0.372818 0.085064 -0.375082 -0.162935 8.487259 4.974106 1.777672 -3.143641 -2.454616 0.443044 0.519097 0.221877 -0.131126 -0.374728 0.598541 0.578311 
134.108215 -30.143795 3.248905 -6.290174 6.629404 1.796282 1.453869 2.614980 0.218399 1.921628 1.301456 -0.156435 0.064242 8.633223 5.513579 2.881963 -3.747372 -3.218959 0.001940 0.560184 0.710680 -0.078868 -0.505829 0.300663 0.407184 -1.021232 0.612354 2.369098 0.357268 -1.042070 -1.441622 -0.478096 0.111409 0.301302 -0.001886 0.418760 0.322876 
141.046204 -25.805331 7.632513 -0.989115 4.580498 -1.525084 -0.991623 3.025300 1.406800 1.637548 0.611695 0.059323 0.643350 -0.951091 2.725775 5.213301 -1.347641 -2.046104 -1.811613 -0.531798 0.310758 0.229786 0.081293 0.462437 0.482817 -8.876211 -2.674702 0.667298 1.427193 1.962285 -0.051621 -1.078524 -0.610144 -0.026927 0.528049 0.193907 -0.139348 
142.064072 -32.045976 8.700456 4.136428 3.934122 -2.295925 -2.169357 1.551383 0.839915 2.381199 1.464043 0.768439 1.029876 -9.119199 0.164176 4.216560 -0.892986 0.705611 -0.101302 -1.596865 -0.509608 -0.132722 0.550268 0.688478 0.128489 -6.986769 -2.344039 -2.344142 0.322140 1.835782 1.671894 0.072963 -0.186328 -0.606828 -0.202775 -0.224998 -0.291961 
137.993225 -44.043729 7.960865 7.444004 2.794527 -0.113861 -1.194227 -0.168429 0.387584 1.372103 1.712231 1.436279 0.900328 -14.924629 -1.962303 0.525018 -0.703361 1.625460 1.532175 -0.385872 -0.061897 -0.983871 -0.324256 0.012442 -0.101105 1.530387 -2.686961 -3.678629 -0.344599 -0.978561 0.144727 0.886617 0.546339 -0.206470 -0.508984 -0.466109 0.016956 
62.195660 -61.895235 4.775850 5.186463 2.527401 0.954994 0.894993 0.779640 0.716122 0.413457 0.815531 0.793323 0.827666 -6.058424 -5.209745 -3.140698 -1.582183 -1.251510 0.188152 0.176368 0.583070 -0.545662 -0.467700 -0.243739 0.162400 11.971334 1.127089 -0.507467 0.369842 -1.027853 -1.593154 -0.073574 0.151740 0.510994 0.036804 0.112505 0.341373 
138.844299 -56.160577 -2.458625 1.162608 -0.369840 -2.616881 -0.817922 0.184308 1.553725 0.280780 0.776832 0.948800 1.225128 9.018038 0.291875 -0.489916 0.036324 -0.430246 -1.654134 -0.533020 0.241583 0.038116 -0.250647 0.237452 0.581641 7.869270 5.382971 2.504681 1.752066 0.552421 -0.468683 0.129114 -0.409200 0.673255 0.348978 -0.084063 -0.245764 
0.000000 -43.859158 5.359599 4.206631 2.600048 0.094502 -2.413274 -0.286400 1.199288 0.489690 0.314237 1.268227 1.990948 9.680117 5.556196 1.868665 1.921948 -0.146668 -0.749215 0.434597 -0.235330 0.800848 0.230257 -0.411866 -0.329127 -1.686238 0.287947 -0.667056 0.487633 -0.681129 1.396159 1.567695 -0.448905 -0.106460 0.301070 -0.423902 -0.626116 
113.382835 -36.800344 8.653767 4.899938 3.474057 -2.910218 -2.316352 1.053502 1.083064 1.882477 1.237346 0.125068 0.566874 5.645562 0.867770 -1.824027 1.011591 -1.792505 1.138184 2.602371 -0.656227 -0.174803 0.351493 -0.610353 -0.670591 -7.240066 -4.556292 -2.317801 -0.790958 0.703396 1.245956 0.238870 -0.034967 -0.972088 -0.287239 0.238032 0.203468 
109.876549 -32.568034 7.095139 0.558576 4.623229 -3.490509 -0.136906 4.918342 -0.113167 0.140084 1.017224 0.047522 0.649766 -4.800015 -3.556387 -2.766938 0.340033 1.260123 1.742696 0.912337 -0.305265 -1.143327 -0.344222 0.064197 0.077810 -3.526242 -4.020522 -0.410637 -0.258429 1.771058 -0.640661 -2.257065 0.476405 0.161847 -0.041166 0.476178 0.191904 
338.858002 -46.400374 1.540992 -0.633937 4.154122 -0.389972 1.169041 2.878175 0.472534 -0.404178 0.548903 0.253462 0.722494 -1.406923 -7.173274 -2.645302 0.494734 1.749612 -0.143138 -1.911759 0.296582 0.148892 0.269161 0.342003 -0.286784 5.056440 -1.216219 0.229301 0.218120 -0.208792 -0.953874 -1.109004 0.299022 0.648387 0.298391 0.042647 -0.251335 
0.000000 -35.381879 -7.251409 -4.732028 5.612697 0.008715 -0.423183 1.094824 0.479997 0.437868 1.555545 0.731527 0.076198 5.312865 -5.988825 -2.308335 0.776273 0.842540 -0.165052 -1.305671 0.292780 0.153446 0.252561 0.149490 -0.424861 1.066532 3.291228 1.364939 -0.316564 -0.199193 0.150096 0.519887 -0.129203 -0.184553 -0.303797 -0.310250 0.126501 
0.000000 -35.774644 -10.436659 -5.250607 5.706669 1.295108 0.838938 0.266833 1.058093 -0.097285 1.054024 0.552443 -0.127229 0.726142 -0.590818 0.084575 -0.138395 1.351226 0.157054 -0.871986 0.038176 -0.220215 -0.338434 -0.278497 -0.033782 0.803818 7.203180 1.669330 -0.653136 -0.805245 -0.145732 0.544130 -0.570571 -0.179278 -0.243770 -0.116885 0.297576 
0.000000 -33.929596 -8.433045 -4.562878 5.335906 2.711166 -0.109075 -0.649148 0.556349 -0.002562 0.878678 0.174533 0.008634 6.920501 8.417535 1.030325 -0.529999 -0.767950 -0.456515 -0.217411 -0.848363 -0.205110 -0.234980 -0.084279 0.170291 4.306790 4.191110 0.247905 -0.590241 -1.623095 -0.168581 0.778603 -0.607219 -0.302997 -0.111801 -0.030768 0.179252 
0.000000 -21.933642 6.398411 -3.189958 4.646671 -0.240791 -0.074093 -0.167989 -0.638633 -0.507506 0.584065 0.383885 0.213353 9.339721 7.791403 0.580385 -1.318877 -1.894964 -0.180108 0.685220 -1.176263 -0.826209 -0.562035 -0.340033 0.324722 -2.860554 -3.693051 -0.813093 0.178199 -0.669475 -0.374601 0.332643 0.617008 0.012071 -0.495268 -0.261541 -0.101656 
124.376900 -15.250155 7.149760 -3.402108 2.698152 -1.078761 -0.469292 0.721292 -1.796176 -1.654981 -0.245392 -0.505534 0.658078 1.199394 1.031433 -0.595861 -0.173601 -2.106899 -1.205717 0.447875 0.385654 -0.180969 -1.225517 -0.607362 -0.033021 -6.154876 -3.484652 -0.288075 1.373085 -0.056895 -0.709507 -0.524772 1.299662 0.821396 0.165325 0.163697 -0.558050 
117.737495 -19.534855 8.461277 -4.381680 4.299468 -4.454590 -2.485526 0.727762 0.132674 -0.869445 -1.866969 -0.830838 0.147312 -2.970032 0.822098 0.004234 1.427292 -2.008753 -1.599122 -0.364325 1.423061 0.816583 -0.231385 -0.012639 -0.791378 -1.854787 -0.581220 0.845985 0.503526 0.884925 0.069541 -0.418038 0.155765 0.388431 0.970922 0.435710 -0.321064 
114.839142 -21.190219 8.793957 -3.393639 5.552735 -5.096268 -3.667536 -0.007357 1.049946 -0.021815 -0.708161 -0.530812 -0.924677 -2.510180 -0.131006 1.096109 0.833451 -0.337050 -1.066634 -0.388200 0.697184 0.595893 0.716328 0.264059 -0.675149 0.124778 -0.578646 0.475805 -0.615784 0.954325 0.715013 0.435674 -0.604715 -0.366557 0.134190 0.174421 0.284107 
0.000000 -24.555215 8.199264 -2.189463 5.966370 -5.128690 -4.618793 -0.048639 1.527043 0.322341 -0.434313 -0.302721 -1.202985 -2.720477 -0.335193 0.955845 0.195724 -0.100103 -0.169097 0.507024 0.213631 0.083469 0.036995 0.336203 -0.223163 -0.787349 0.764044 -0.260547 -0.463633 0.320766 0.636577 0.673491 -0.174626 -0.582675 -0.533747 -0.208064 0.460984 
53.891930 -26.631172 8.123572 -1.481949 5.944183 -5.296475 -4.005730 1.006692 1.477208 0.145123 -0.634171 0.141595 -1.371004 -4.084878 1.397082 0.575014 -0.093815 0.304483 0.206520 0.958781 0.347932 -0.569456 -0.351167 -0.152069 0.246820 -0.145579 1.008320 -0.555350 -0.260082 0.404203 0.145858 0.208067 -0.105643 -0.311333 -0.218295 -0.378221 0.517162 
108.333572 -32.724971 10.993427 -1.039435 5.778740 -4.519723 -4.205753 1.868924 2.222907 -0.816571 -1.136646 -0.606859 -0.709346 -3.011635 1.681448 -0.154855 -0.324439 0.708303 0.122620 0.923158 0.002345 -0.539196 -0.399595 -0.420239 0.811161 3.504655 -1.343696 -0.524138 -0.016173 -0.111567 0.515809 -0.354067 -0.436160 0.315386 -0.029880 0.089202 0.235708 
110.166954 -32.654442 11.486467 -1.791660 5.295304 -3.879869 -3.760490 2.853008 1.481898 -0.933270 -1.433362 -0.698884 0.251317 2.924431 -1.290310 -0.473262 -0.126161 0.081349 1.238138 0.250648 -0.524389 0.061315 -0.410926 0.026334 0.718235 1.425944 -2.158490 0.720029 -0.137217 -0.103484 0.574603 -0.702379 -0.148133 0.280917 0.362038 -0.085044 -0.056330 
110.200867 -26.876108 8.412808 -1.985959 5.526419 -4.357025 -1.729478 2.370221 1.174129 -0.693941 -1.958498 -0.554190 0.727124 -0.159747 -2.635533 1.285204 -0.598873 0.501335 1.271826 -0.481600 -0.293922 0.022638 0.324480 -0.590328 0.698501 -4.975339 -0.128983 0.936008 -0.500296 0.447199 0.199070 -0.367948 -0.262389 0.139768 0.608054 0.010120 -0.231124 
111.069038 -32.973935 6.215401 0.778748 4.097558 -2.877199 -1.216838 1.889808 0.894054 -0.887995 -0.784402 -1.879540 1.648319 -7.026246 -1.548275 1.398755 -1.126752 0.975748 1.636278 -0.485248 -1.049168 0.340851 0.805183 0.046575 0.255987 -2.930172 0.555078 -1.875392 -0.467433 0.029073 -0.138627 -0.072546 -0.339240 0.450181 0.294346 0.961064 -0.507562 
354.402161 -40.928600 5.316258 0.811550 3.272916 -2.405529 1.543077 1.399725 -0.924207 -0.012239 -0.348133 -0.461040 1.239099 -6.020091 -1.525377 -2.465581 -1.533739 0.559481 0.994573 -0.626693 -0.972401 0.922999 0.913173 1.331799 -0.316623 1.240996 -0.287591 -1.772741 -0.188042 -0.702302 -1.319070 -0.006809 -0.099277 -0.187617 0.076537 0.275780 -0.345603 
122.689690 -45.014118 3.164647 -4.152414 1.030080 -1.758236 0.772307 0.636423 -1.050747 0.958004 1.041943 0.784059 1.015072 -4.544254 -2.123457 -2.146728 -1.502836 -0.428857 -1.001862 -0.498865 -1.247721 -0.034382 0.958258 0.598136 -0.435218 1.806263 1.768906 1.665231 -1.556253 -1.109140 -0.794924 0.165865 -0.059869 -1.228715 -0.621649 -0.584356 0.228841 
131.244232 -50.017109 1.069343 -3.481906 0.267243 -3.263243 -0.460647 0.401994 -3.419649 -0.081003 1.568382 0.735231 0.368663 -2.407566 2.012434 0.864882 -4.646245 -1.658798 -0.595275 -0.294962 -1.092138 -1.534430 -0.330125 0.163087 0.141059 2.300803 2.922040 1.710962 -1.378942 -0.107704 0.436546 0.002371 0.874720 -0.447003 -0.721193 -0.076919 0.388827 
130.975784 -49.829250 7.189515 -2.422650 -8.262409 -5.075833 -0.418243 0.046499 -3.235023 -2.110856 0.381694 1.110234 1.297190 0.057351 3.720622 1.275195 -4.260719 -0.644265 -0.128770 -0.494123 0.501719 -0.928389 -0.484128 0.444298 0.342437 -1.029249 -2.700499 0.127121 3.860630 2.026890 0.406087 0.152939 1.162151 1.146937 0.076462 -0.180014 -0.299364 
0.000000 -49.902406 8.510586 -0.931515 -8.254196 -4.551772 -0.718187 -0.586252 -2.416210 -1.937781 0.600127 1.623827 1.053537 -4.466065 -3.388564 1.119123 3.075015 2.394981 0.216899 0.010916 1.232164 0.759443 -0.177201 -0.196940 -0.457669 2.688920 -2.818992 -0.292683 4.661001 1.375524 -0.158157 0.434366 0.111323 0.721471 0.155324 -0.708107 -0.430356 
0.000000 -58.761380 0.412387 -0.184404 -2.112379 -0.285871 0.015555 0.068331 -0.770696 -0.591969 0.027292 0.716354 0.381853 5.435190 -1.917362 0.689830 5.061283 2.106784 -0.445085 0.374610 0.724366 0.514553 -0.173480 -0.971915 -0.518275 10.202361 3.687454 -1.509198 0.077947 -1.719316 -0.530432 0.732694 -0.841202 -0.223899 0.065624 -0.197665 0.286637 
0.000000 -39.032025 4.675862 0.448145 1.868369 -0.338203 -1.608356 0.162967 -0.967479 -0.908674 0.253167 -0.320004 0.016988 15.938657 3.986345 -1.899272 3.230909 -1.043650 -0.843966 1.476305 -0.450240 0.311646 -0.045952 -0.592270 0.115606 0.319395 1.885985 -1.452688 -1.910374 -1.562135 0.206537 0.527189 -0.538107 -0.022278 0.007295 0.448912 0.408156 
148.265152 -26.884066 8.385076 -3.982948 4.349440 -2.373172 -1.672378 3.020941 -1.671177 0.031322 -0.064613 -0.468186 0.613064 6.073980 1.854607 -2.215547 1.240535 -1.017485 -0.032011 1.428987 -0.351849 0.469998 -0.158890 -0.074091 0.298038 -4.932339 -1.065869 -0.158137 -0.995187 0.013083 0.405978 -0.023659 0.049196 0.079176 -0.056469 0.259089 0.091216 
