0.000000 -40.698351 -0.245960 -1.956877 3.277329 0.602981 2.895616 3.838765 -0.577068 -1.985892 -0.940999 0.255777 2.031581 -5.616743 -0.286079 0.793541 -0.975684 0.249111 0.203122 0.026349 0.349754 -0.437887 0.136074 0.086635 0.005626 -2.595759 -0.622104 0.595854 -0.177588 -0.148407 -0.002195 -0.379665 0.003798 0.053451 -0.066240 -0.077471 -0.180337 
381.687531 -51.931837 -0.818119 -0.369796 1.325961 1.101203 3.301860 3.891464 0.122440 -2.861666 -0.668852 0.429047 2.042834 -10.808260 -1.530288 1.985249 -1.330861 -0.047703 0.198733 -0.732980 0.357351 -0.330984 0.003593 -0.068308 -0.355048 4.713011 2.278299 -1.670999 -0.375525 -0.591204 -1.534447 -1.205522 0.030267 0.651292 -0.108190 0.103438 -0.190732 
0.000000 -62.314871 -3.306536 2.013621 0.615607 0.507575 3.293082 2.372805 0.137633 -2.647860 -0.933812 0.119162 1.321486 3.809279 4.270519 -2.548456 -1.726735 -0.933296 -2.865772 -2.384694 0.410289 0.864697 -0.080307 0.293510 -0.375838 17.021879 2.733552 -3.532241 0.718023 -1.285178 -1.236399 -0.397034 -0.289797 0.829794 0.142235 0.054639 0.364884 
223.461044 -44.313279 7.722919 -5.466708 -2.127509 -0.765388 -2.429683 -0.877924 0.943017 -1.132272 -0.829466 1.016067 1.291158 23.235497 3.936815 -5.079232 0.105185 -2.618060 -2.274065 -1.527048 -0.222244 1.328603 0.288063 0.040970 0.374721 6.062417 -3.546544 1.015687 1.950519 -0.595409 1.879279 1.306650 -0.858979 -0.127249 -0.119771 -0.450508 0.260876 
0.000000 -15.843877 4.567094 -8.144843 0.825977 -4.728544 -1.255047 -0.681291 -0.306854 0.009346 -0.357686 0.201102 2.070927 15.934113 -2.822568 -0.517083 2.174303 -2.124114 0.892787 0.228605 -1.307669 0.610199 -0.319849 -0.607506 0.145915 -14.447391 -2.532778 3.372353 0.311456 1.382371 1.491290 0.897647 -0.071341 -0.507980 -0.382534 -0.208131 -0.423664 
133.004425 -12.445053 2.077782 -6.500874 2.221097 -5.013616 -0.644109 -0.420714 -1.672321 0.088126 -1.469165 -0.198946 1.582988 -5.659284 -1.128741 1.665473 0.728097 0.146682 0.708515 0.268246 -0.364926 0.312643 -0.477005 -0.375291 -0.472608 -13.258594 1.577928 0.228254 -1.214619 1.160637 -0.104472 0.122238 0.759884 -0.339852 0.182521 0.493177 0.007801 
131.823120 -27.162446 2.309612 -4.813897 2.282171 -4.435181 0.161983 -0.144799 -1.036705 0.634631 -1.311696 -0.549479 1.125711 -10.583075 0.333287 -0.060575 -0.254935 0.197160 0.683843 0.473081 0.212098 -0.069506 0.045193 0.378848 0.161516 2.208985 -0.276607 -0.235291 -0.916083 0.237249 -0.615438 -0.336793 0.319955 -0.556995 0.520738 0.272370 0.575508 
132.780731 -33.611204 2.744356 -6.622024 1.711227 -4.619295 0.723576 0.525449 -1.248126 -0.050887 -1.378778 0.558751 1.906020 -1.241315 -1.681956 1.194891 -1.104069 0.621180 -0.522361 -0.405341 0.274984 -0.801348 0.564472 0.169450 0.678409 7.649231 -0.901023 1.596657 0.780956 0.145568 -0.496657 0.007799 0.364636 0.697372 0.208695 -0.636098 -0.278901 
133.026001 -29.645076 -1.054301 -2.424115 0.074033 -3.192822 -0.882739 -0.955480 -0.486736 -0.968064 -0.182752 -0.210580 2.482528 4.715387 -1.468759 3.132738 1.306976 0.488296 -0.309470 0.488679 0.941371 1.325238 0.462584 -0.893347 -0.396286 2.318823 1.172853 0.050245 1.781016 -0.451762 0.213187 0.862856 -0.076561 1.395048 -0.288456 -0.172160 -0.844621 
117.851929 -24.180429 -0.193163 -0.356548 4.325180 -3.642704 0.104636 1.502807 0.634616 2.599589 -0.453611 -1.227944 1.113448 3.396332 0.663750 1.295381 2.457964 -0.282344 -0.095987 1.320371 0.121863 1.988747 -0.012439 -0.174870 -1.010834 -2.730552 0.520851 -1.235818 -0.422083 -0.141035 -0.174348 -0.313329 -0.787920 -0.596204 -0.307332 0.777460 0.205513 
0.000000 -22.852413 0.273199 0.166648 4.989961 -3.757510 -1.074714 1.685263 -0.243011 3.009431 -0.207630 -0.560319 0.460860 -0.745717 -0.427058 0.661103 0.462810 0.206225 -0.658166 -0.137978 -0.634470 0.132829 -0.152080 0.661573 0.014740 -4.552704 -0.622675 -0.563503 -1.415348 0.252924 0.354387 -0.691510 -0.115087 -1.125122 -0.091746 0.158612 0.808229 
96.985741 -25.671863 -1.047279 0.965657 5.250799 -3.230254 -1.211697 1.226850 -0.634324 2.865248 -0.757770 0.095203 1.142929 -5.709076 -0.581601 0.168376 -0.372732 0.223504 0.612786 -0.062648 -0.108312 -0.261496 -0.195930 0.142354 0.605624 -2.721084 0.539567 -0.622387 -0.676582 0.233249 0.694071 0.146968 0.549983 -0.295717 0.300252 -0.399886 -0.026582 
94.082092 -34.270565 -0.890003 0.503399 4.244497 -3.310502 0.150859 1.559967 -0.459635 2.486438 -0.599491 -0.275611 1.672109 -6.187885 0.652077 -0.583670 -0.890353 0.672723 0.729976 0.155958 0.465496 -0.458604 0.448425 -0.138198 -0.038425 2.835750 -0.794412 -0.066918 -0.028415 0.416419 -0.142903 0.090976 0.310651 -0.349268 0.477688 -0.181548 -0.547212 
0.000000 -38.047632 0.256875 -0.201683 3.470093 -1.884808 0.248255 1.538767 0.296668 1.948040 0.139080 -0.181193 1.066079 -0.037577 -2.170424 0.034540 -0.429561 1.056343 0.326980 0.119304 0.512990 -0.960032 0.759445 -0.220743 -0.488801 6.256520 -0.731420 -0.933825 0.393625 0.106941 -0.205239 0.417854 0.003975 -0.161245 -0.260812 0.005545 0.244792 
126.689804 -34.345718 -5.230852 0.572480 3.385374 -1.197816 0.804819 1.798576 0.566345 0.566375 0.919400 -0.717097 0.694508 6.325155 -0.810762 -2.451321 -0.103103 0.886605 0.319498 0.991667 0.473445 -0.781095 -0.073198 -0.127108 0.451159 2.889464 2.089884 -2.072467 0.801300 0.257149 0.022853 0.251987 -0.619394 0.801716 -0.586552 0.310832 0.425682 
138.782654 -25.397322 -1.364650 -5.104324 3.263887 -0.111598 0.887251 3.522100 1.243558 0.385851 -0.007317 -0.435408 1.968398 5.741352 2.009343 -4.110393 1.173038 1.570642 0.372685 0.623279 -0.725797 0.643399 -0.413658 0.400921 0.362564 -2.666291 -0.102313 0.744776 1.134303 0.169336 -0.027448 -0.967295 -0.851180 0.959539 0.304531 0.271663 -0.616393 
135.211136 -22.863014 -1.212165 -7.648307 5.731450 1.943468 1.550190 3.045134 -0.885249 1.853174 0.092084 0.084746 1.419635 0.992574 -1.015388 -0.961769 2.165502 1.225277 0.264602 -0.942923 -1.228915 1.137983 0.535864 0.416218 -0.781626 -4.234779 -2.065355 2.559639 -0.336293 -1.041899 -0.012963 -0.604963 0.435426 -0.225111 0.418373 -0.126350 -0.427758 
125.878395 -23.412175 -3.395426 -7.027862 7.594892 2.338955 1.416455 1.636254 -1.214271 2.661817 1.064411 0.397028 0.405146 -2.728205 -2.121366 1.008885 0.500452 -0.513156 0.346759 -0.586646 0.145054 0.193177 0.423087 0.148221 -0.492952 -3.409721 -0.455325 1.885141 -1.833031 -0.863657 -0.030305 0.267265 1.113537 -0.935031 -0.311731 -0.290825 0.527853 
115.912743 -28.319424 -5.454896 -5.630537 6.732354 0.917157 2.243707 1.871842 -0.595141 2.239527 0.938259 0.381189 0.433731 -5.826867 -1.926039 2.808514 -1.500559 -0.502037 0.203991 -0.408393 0.998159 -0.732078 -0.087599 -0.165432 0.274079 0.645578 -0.864663 0.914629 -0.902443 0.436518 0.018559 0.154370 0.250086 -0.375665 -0.149802 0.030343 0.579219 
0.000000 -35.065909 -7.247504 -1.410834 4.593773 1.334880 1.824437 0.819468 0.782048 1.197661 0.889213 0.066165 0.953305 -1.437050 -3.850691 2.838144 -1.304434 0.359881 0.383876 -0.277905 0.645227 -0.558154 0.123483 0.208908 0.665486 3.781541 -1.076743 -1.382189 0.335864 -0.223369 -0.218997 0.274016 -0.666603 0.394736 -0.032017 0.105182 -0.005820 
186.040558 -31.193523 -13.156279 0.045751 4.123487 1.636918 3.011459 1.316031 0.695313 1.123218 1.185225 0.799004 1.764702 1.736215 -4.079525 0.044137 -0.828830 -0.948775 -0.234003 0.139639 -0.335047 0.057394 -0.151632 0.044932 0.262440 0.688524 3.727366 -1.932306 0.496252 -0.209029 -0.650240 -0.287012 -0.323196 0.210520 -0.239406 -0.349764 -0.561508 
0.000000 -31.593478 -15.406553 -1.322560 2.936113 -0.562670 1.356430 1.098746 0.111955 1.312449 0.585948 0.156030 1.478184 -0.060002 3.604040 -1.026468 -0.311930 -0.058178 -0.916604 -0.851930 -0.001165 -0.137114 -0.355328 -0.490621 -0.457530 1.425642 5.918987 -1.218269 1.047487 1.186833 0.011403 -0.097693 0.014162 -0.083615 -0.061936 -0.154762 -0.438304 
0.000000 -31.313527 -5.948199 -2.007185 3.499628 1.520562 1.178250 -0.387829 0.692983 0.848990 0.474569 -0.182239 0.849641 4.587500 7.758450 -2.392402 1.266144 1.424890 -0.211196 -0.055747 -0.306722 -0.109836 -0.275505 -0.264592 -0.614168 2.332884 -0.407204 -0.552119 0.573648 0.196958 0.526032 0.797197 -0.525936 0.148800 0.183686 0.087739 0.017686 
0.000000 -22.418478 0.110347 -6.107364 5.468401 2.287109 0.934037 0.987251 -0.501489 1.092778 0.034938 -0.373154 0.249849 4.605766 2.789631 -2.130705 0.835367 0.335738 0.135459 0.742463 -1.053036 0.160486 0.012043 -0.315143 -0.422159 -4.949881 -3.561617 1.262917 -1.167699 -0.928265 0.422653 0.129631 0.315973 -0.007629 0.188545 0.112044 0.095745 
98.110138 -22.101995 -0.368937 -6.268595 5.170361 2.192038 1.449169 1.097098 -1.413090 1.169962 0.498655 -0.812525 0.005324 -5.312261 0.635216 0.133432 -1.069254 -0.431641 0.634109 0.203515 0.325223 -0.125093 0.101585 -0.040503 -0.422677 -5.103371 0.251315 0.736381 -0.903362 -0.332696 0.114279 -0.109049 0.885563 -0.056944 -0.062245 0.059756 0.141133 
98.717651 -33.042999 1.380779 -5.840499 3.329893 1.423827 2.202255 1.394282 0.148958 0.842592 0.238108 -0.454159 -0.595506 -5.600976 3.292260 -0.657944 -0.971358 -0.329654 0.364017 0.524364 0.718091 0.046597 -0.112447 -0.195631 -0.139892 6.025090 0.283773 -0.887780 1.296978 0.093825 -0.447596 -0.717701 -0.392205 -0.308988 0.132199 -0.057364 0.378640 
111.998642 -33.303947 6.215584 -7.584483 3.227646 1.532730 2.177202 2.145827 0.023091 1.263157 0.273762 -1.203786 -0.274460 6.737918 1.202762 -1.642129 1.524702 -0.243991 -0.261084 -1.231887 -0.459186 -0.743069 0.365983 -0.155231 0.334604 7.113828 -2.792477 0.222992 1.170937 -0.432935 -0.362966 -1.210445 -0.618444 -0.568315 -0.040606 0.200892 0.319216 
119.710190 -19.567163 3.786304 -9.124757 6.379298 0.935846 1.680087 -1.069492 -0.769415 -0.643546 0.970075 -0.764621 0.073702 8.626680 -2.292693 -0.211960 1.370516 -1.195524 -0.361916 -1.896526 -0.518797 -1.090032 -0.193658 0.206154 0.498539 -3.765869 -1.453469 1.537654 -1.113416 -0.423758 0.347989 0.891472 0.275506 0.537811 -0.831661 0.283683 0.184737 
119.014168 -16.050588 1.630198 -8.008403 5.968678 -0.858318 1.453370 -1.647225 -1.014503 -0.916907 -0.113554 -0.791477 0.722618 -0.793819 -1.704177 1.433179 -0.702130 -1.091507 0.434895 0.551058 0.091825 0.332552 -1.297339 0.412136 0.704077 -7.844945 1.407029 0.684636 -1.153415 0.836919 0.508593 1.631130 0.499323 1.015185 -0.060280 -0.057329 -0.289771 
117.113976 -21.154801 0.377951 -6.258398 4.975039 -1.247169 2.549878 0.032624 -0.585765 0.021558 -1.624603 0.059650 1.481857 -7.063211 0.521366 1.157313 -0.936313 0.478314 0.655270 1.365734 0.479848 0.940338 -0.314218 0.091496 -0.081002 1.150710 1.097270 -0.132843 0.135048 0.187656 -0.586237 -0.106628 0.316417 -0.297814 0.464697 -0.509159 -0.551269 
112.737122 -30.177009 2.672929 -5.693778 4.096051 0.098311 2.763910 1.084242 -0.054806 0.963770 -0.741991 -0.608485 0.560613 1.507601 0.490364 1.167494 -0.432033 -0.716196 -0.737579 0.337802 0.724658 -0.263075 -0.367945 -0.606183 -0.398461 5.757348 -0.079039 -0.100315 0.885928 -1.170633 -0.795052 -0.863024 0.128894 -0.693559 0.101486 -0.233589 -0.077043 
106.990631 -18.139599 1.358679 -3.923410 4.110973 -2.679562 1.074719 0.708228 0.863552 -0.504592 -2.360492 -1.152715 0.684934 4.451485 0.363288 0.956683 0.835542 -1.862952 -0.934834 -0.360313 0.737635 -0.446779 -0.111246 -0.375682 -0.235089 -3.925838 0.842530 -0.121505 0.835886 0.450778 -0.124002 -0.395721 -0.519327 0.535755 0.664050 0.646449 0.253969 
286.767853 -21.274039 3.399504 -3.780412 5.767136 -3.627593 0.894242 0.363616 1.420464 0.070212 -0.964484 -1.359849 0.090435 -6.344075 2.175425 0.924485 1.239740 0.185360 -0.985582 -0.453639 -0.313997 0.808435 0.960155 0.686716 0.109477 -4.828652 0.678491 0.029031 0.152501 1.073941 -0.349090 0.405281 -0.705042 0.609658 0.180632 0.693525 0.273682 
88.514343 -30.827750 5.709529 -2.074440 6.590452 -2.308842 -0.896446 -0.199050 0.235559 1.112278 -0.440182 0.220717 0.903887 -5.205819 1.720271 1.014744 1.140544 0.284930 -1.633014 0.450249 -0.672449 0.772536 0.250018 1.011368 0.312276 3.777269 -1.180689 -0.015289 -0.099285 -0.495701 0.020178 0.415642 0.130262 -0.344473 -0.489884 -0.451993 -0.143977 
89.405716 -31.685677 6.840045 -1.750923 8.048224 -3.057734 -2.371786 1.264115 0.075565 1.615284 -0.464448 0.662887 0.714987 1.210463 -0.185952 0.893907 1.041170 -0.806043 -0.945227 0.377644 -0.053473 0.119489 -0.019613 -0.217270 -0.178477 2.996316 -1.456908 -0.010954 -0.597677 -0.716564 0.838264 -0.626180 0.366876 -0.198024 -0.086506 -0.485482 -0.047136 
89.662483 -28.406825 5.337624 -0.286626 8.672793 -3.920929 -2.786900 0.556238 0.128613 1.351257 -0.479408 -0.213822 0.546934 0.786813 -1.193545 0.992837 -0.054811 -1.148198 0.043514 -0.802110 0.061303 0.376488 0.077005 0.040405 0.218003 -4.530017 0.133357 -0.417932 -1.116065 0.567001 0.842835 -0.242778 -0.028989 0.050886 0.018765 0.015059 -0.042391 
91.255356 -30.112051 4.452956 0.234751 7.938603 -5.354130 -2.284757 -0.340106 0.198172 2.368260 -0.310438 0.743696 1.150994 -7.849572 0.080761 0.058044 -1.190960 0.327959 0.740443 -0.107912 -0.111451 0.221262 0.017918 -0.187152 -0.263258 -0.940068 -0.883870 -0.584773 -2.171375 1.135858 1.601791 0.513856 -0.339320 -0.482904 -0.083827 -0.359739 -0.236818 
90.283730 -44.105969 5.499147 -0.170538 6.290874 -3.265012 -1.306014 0.340415 -0.094289 1.793780 -0.443571 -0.588126 0.020417 -1.093323 -2.961284 -0.176709 -4.397561 1.123518 3.247097 0.225601 -0.617337 -0.589321 -0.090648 -0.679074 -0.255632 9.733251 -1.425431 -1.239277 0.242367 0.614671 0.903092 -0.166435 -0.255066 -0.487417 0.243302 -0.116283 0.280942 
184.468277 -32.298697 -1.469613 -0.118667 -0.856519 -3.107094 4.209436 0.111097 -1.036501 1.189618 -0.491734 -0.614451 0.639731 11.616930 -2.770101 -2.420510 -0.706226 1.557301 2.546627 -0.440782 -0.621582 -0.753572 0.504522 -0.419717 0.298627 4.271595 2.077805 -1.497933 3.707587 -0.419618 -1.966463 -0.338972 0.296631 -0.158337 0.051434 0.224113 0.347275 
128.820465 -20.872110 -0.041056 -5.011558 4.878421 -0.150411 3.787240 -0.541150 -1.337454 0.286636 0.565473 -1.427561 0.617671 7.449867 1.194326 -3.172575 3.017613 0.284283 -0.685830 -0.452342 -0.024075 -0.905995 0.012220 -0.230848 0.438917 -6.757257 1.833105 0.977706 0.180309 -1.237299 -1.254313 0.399043 0.782565 0.470665 -0.459672 0.067766 -0.012228 
109.458664 -17.398962 0.919039 -6.463817 5.178707 -2.538529 2.837775 -0.793588 -1.084651 -0.622372 -0.467294 -1.076148 1.517565 -1.897585 0.896109 -0.465098 -0.345608 -0.917298 0.038000 0.357304 0.943547 0.187758 -0.414823 -0.284184 0.274171 -8.236493 -0.325750 1.498689 -2.083135 0.946862 0.289025 0.813802 0.771206 1.268366 -0.092998 0.090220 -0.380028 
109.649673 -24.667280 1.751161 -5.941755 4.187205 -1.985007 3.863240 0.173458 0.549640 0.662152 -0.264172 -1.995930 1.166013 -9.023119 0.542825 -0.175198 -1.148657 2.178006 -0.107781 1.175261 1.518337 1.630737 -0.173775 -0.050408 -0.321138 -8.412277 -0.499780 2.062381 -0.413948 1.732330 -0.599871 -0.104684 -0.377370 0.237060 0.422228 0.692631 -0.251015 
112.082436 -35.445200 2.004690 -6.814213 2.881394 1.817483 2.622214 1.556933 1.952023 2.639102 -0.814845 -1.176964 0.875289 -18.722139 -0.103452 3.659664 -1.173504 2.547362 -1.161742 0.147937 0.188806 0.661877 0.429633 1.101078 -0.227860 1.085915 1.237355 0.621603 -2.367418 -2.813935 -1.072181 -0.924347 -1.157879 -1.243703 0.333992 0.345678 0.250759 
345.213165 -62.111557 1.544257 1.377572 1.840197 3.109717 1.539755 0.469332 0.927252 1.985907 0.595094 0.206226 0.710293 -6.851288 3.017535 1.068007 -5.883492 -3.449863 -2.252144 -0.673433 -0.797421 -0.856670 0.494209 0.640948 0.180379 19.600074 1.458386 -4.705502 -0.304035 -3.355222 -0.891496 0.149581 -0.777758 -0.738045 -0.412322 -1.058319 0.474481 
0.000000 -49.147776 8.039759 -4.678199 -8.885590 -5.082244 -1.882074 0.210067 0.357180 0.925763 0.173574 0.104933 1.236048 20.478009 2.813319 -5.751340 -1.781575 -4.163083 -2.944734 0.447099 -1.366710 -0.814213 -0.395011 -1.015561 0.721102 11.077977 -1.510404 -1.900122 5.376786 1.876810 0.647307 0.705575 -0.377474 0.464276 -0.365878 -0.945932 0.075337 
0.000000 -21.155539 7.170895 -10.125108 -1.722953 -5.216448 -4.349714 1.363530 -1.806168 0.357480 -0.194928 -1.824896 2.152497 15.304666 -0.003273 -2.732238 4.870081 0.303757 -0.957530 0.737716 -1.552370 0.071882 -0.237548 -1.250915 0.331053 -10.816120 -0.823829 3.556919 1.514111 2.146518 1.926403 -0.194748 0.490203 0.667245 0.270781 0.309127 -0.558944 
0.000000 -18.538444 8.033213 -10.142674 0.854572 -4.474729 -3.797133 1.685499 -2.747559 1.069526 -0.301521 -2.396898 1.898153 -1.154230 1.165661 1.362497 1.246648 0.129953 0.908072 0.057603 -0.386304 0.520276 0.146551 -0.397307 -0.396785 -12.218814 0.300101 2.180809 -2.477244 0.006435 0.926541 -0.575118 1.000410 0.158604 0.093247 0.665122 -0.247470 
108.210022 -23.464000 9.502217 -7.400113 0.770342 -4.956542 -2.533569 1.478736 -2.578776 1.398031 0.098175 -2.619509 1.358927 -9.132962 0.596929 1.629380 -0.084406 0.316628 0.895553 -0.412519 0.448450 0.389091 -0.051053 0.079329 -0.163887 -2.070661 -0.376979 0.880497 -0.563569 0.447241 -0.460696 -0.181933 0.658646 -0.428000 -0.009252 0.485012 0.178688 
106.546005 -36.804367 9.227070 -6.883915 0.685760 -3.841473 -2.006026 0.860461 -1.850659 1.847707 -0.403627 -2.238240 1.570380 -5.295553 0.411702 3.123492 0.119510 1.024435 -0.013320 -0.306263 0.930989 -0.335724 0.128048 0.572717 -0.039408 7.105135 -0.300592 0.586644 1.346977 -0.349080 -0.841610 0.549772 -0.642713 -0.350291 0.519182 -0.078508 -0.008700 
0.000000 -34.055107 10.325621 -1.153128 1.009362 -2.907672 -2.560209 0.866209 -0.716798 0.726584 0.354270 -1.474076 1.280111 5.077309 -0.004256 2.802668 2.609548 -0.381533 -0.787667 0.687026 -0.836976 -0.311492 0.987311 -0.077687 -0.181286 4.511760 -0.900281 -1.639148 1.457278 -0.602853 0.066639 0.370747 -1.373594 0.293912 0.381581 -0.528896 0.025571 
298.234558 -26.649748 9.218558 -1.278579 5.904856 -4.604539 -3.581360 2.234513 -3.524612 1.224724 1.570995 -2.393614 1.207808 3.727966 -1.388860 -0.154804 3.034065 -0.181270 0.119959 0.435231 -1.816199 0.252099 0.891210 -0.485075 0.011734 -2.996527 -0.558869 -2.280404 -1.187496 1.301104 0.779033 -0.554228 0.682172 0.227091 -0.753849 0.037762 0.178136 
120.130791 -26.599174 7.547901 -1.462737 7.077492 -3.270213 -2.320291 1.736670 -4.349197 1.230783 2.136690 -2.444226 1.303578 -0.915744 -1.121994 -1.758141 0.234556 2.220675 0.770399 -0.421430 0.527367 0.142690 -0.520387 -0.002164 0.174986 -3.051564 0.116393 -0.788223 -2.662248 1.491297 0.269280 -0.310505 1.828651 -0.025222 -0.763176 0.183675 0.076652 
114.910851 -28.481236 6.974569 -4.794860 6.373969 -0.163190 -2.040562 1.391653 -2.469878 1.510104 0.530222 -2.397943 1.557780 -2.375161 -1.156075 -1.731250 -2.290430 2.801323 0.658518 -0.185779 1.841103 0.201655 -0.635142 -0.117724 0.165037 1.039281 -0.406803 0.369090 -0.674498 -0.698050 0.371959 0.508373 0.042649 -0.198868 0.311267 0.039626 -0.395547 
107.399864 -31.349497 5.235751 -4.925236 2.496632 2.332434 -1.003254 1.365112 -0.666992 1.634093 0.866405 -2.679675 1.633653 1.162819 -1.935600 -1.019960 -1.114440 0.824575 1.514317 0.595316 0.612666 -0.255045 0.102147 0.077089 -0.616109 4.045148 -0.470361 -0.117933 2.546254 -1.710789 0.246405 0.071629 -1.305847 -0.344484 0.165611 0.346110 -0.576175 
104.745239 -26.155599 3.103369 -6.834781 4.145088 1.485960 0.988072 2.582285 -1.244546 1.000013 0.734515 -2.243765 0.325563 5.715135 -2.096797 -1.967116 2.802079 -0.620254 1.151328 -0.042521 -0.770591 -0.487313 -0.303920 0.574497 -0.987314 -0.294062 0.586147 -0.332819 1.782863 -0.379390 -0.752296 -0.873173 -0.933923 -0.257979 -0.439127 0.249852 0.219123 
99.506577 -19.919228 1.042157 -8.859468 8.100790 1.091926 1.299402 1.280071 -2.208174 0.659466 0.258564 -1.530681 -0.340975 0.574695 -0.763306 -1.685599 2.451287 0.065795 0.009725 -1.151030 -1.255180 -0.771003 -0.776108 0.576793 -0.177863 -9.178952 0.382276 0.607146 -1.894836 1.144121 -0.795493 0.029005 0.483358 0.232043 0.252987 -0.112355 0.961520 
0.000000 -25.006209 1.576758 -10.205978 9.047662 1.617549 1.007521 0.280225 -3.754905 -0.541992 -0.817700 -1.090178 -0.030163 -12.642769 -1.332246 -0.752824 -0.987593 1.667989 -0.439659 0.015490 0.196124 -0.023228 0.202054 0.349787 0.935726 -1.923232 1.272134 1.197059 -2.052190 -0.601797 -0.311797 1.359208 0.807752 0.192317 0.182422 -0.408443 0.685819 
0.000000 -45.204766 -1.622334 -10.365117 6.125603 4.427903 0.420084 1.311052 -1.815926 0.613010 0.662672 -0.831108 1.530478 -3.271768 1.780963 0.708519 -1.653093 -1.137800 -0.613870 1.567386 0.360324 -0.386368 -0.411264 -0.240093 1.193774 12.467816 2.460329 0.937447 0.438506 -2.750575 0.329550 0.157767 -0.073774 -0.677111 -0.878170 -0.192756 -0.479078 
92.716446 -31.549745 5.138683 -8.788939 5.741476 -0.658051 -0.220218 3.414997 -3.034257 -1.314729 -1.640227 -1.570363 2.357386 12.292862 3.588412 1.122071 -0.110582 -3.833162 0.219440 0.331024 0.048576 -1.377450 -1.554286 -0.035725 -0.022430 4.265268 -0.869142 0.161478 0.949788 -0.164267 0.745979 -1.393669 0.121745 0.116727 -0.136138 0.245292 -0.977198 
90.161926 -20.619041 5.554490 -8.120976 5.904439 -3.238421 0.858964 1.973100 -1.718773 -2.141890 -2.445900 -0.902559 1.485618 5.258767 0.042678 1.031476 0.246484 -1.466333 0.878088 -1.219952 0.603813 -0.152914 -0.683540 0.250491 -0.760621 -6.249723 -1.876819 -0.212288 0.137792 1.828507 0.059528 -0.415014 -0.051253 0.819059 0.636791 -0.023843 -0.151154 
89.862091 -21.032211 5.224040 -6.725987 6.234444 -3.590717 1.535957 0.975093 -1.826631 -1.620557 -3.007307 -1.069381 0.836145 -0.206585 -0.165225 0.697495 0.165003 -0.176148 0.338497 -0.499004 -0.053929 0.260667 -0.280703 -0.083411 -0.324737 -2.732676 -0.103952 -0.166991 -0.040741 0.645093 -0.269796 0.360474 -0.328871 0.206790 0.201418 -0.166951 0.217942 
