0.000000 -42.592809 3.616794 6.802319 -2.869078 1.646339 0.416807 -0.617531 1.804094 -0.522634 1.251611 -1.447860 -0.468927 5.975383 1.340649 -0.319442 -1.234898 0.093282 0.780932 -0.818369 -0.127431 0.203877 0.056887 -0.138465 0.108579 0.623950 -0.249391 0.116614 -0.228283 -0.023410 0.088319 -0.053309 0.081917 0.005400 -0.076347 0.029139 -0.037137 
100.873962 -30.642043 6.298092 6.163435 -5.338873 1.832902 1.978672 -2.254269 1.549232 -0.114880 1.365385 -1.724789 -0.251769 7.223283 0.841866 -0.086214 -1.691463 0.046461 0.957569 -0.924987 0.036402 0.214678 -0.095806 -0.080188 0.034304 -2.348247 -1.278028 0.454459 0.304274 -0.019532 -0.219798 0.293260 0.226780 -0.331304 -0.110078 0.058948 -0.095723 
108.039894 -28.146244 5.300527 6.629891 -6.252004 1.739261 2.331946 -2.467505 1.876899 -0.093278 1.059998 -1.608235 -0.400319 1.278888 -1.215407 0.589476 -0.626350 0.054218 0.341336 -0.231850 0.326129 -0.458730 -0.163269 -0.020569 -0.082868 -3.740484 -0.820013 0.296950 0.889944 0.058348 -0.389598 0.293886 0.017847 -0.214704 -0.041747 0.071579 0.030024 
107.941803 -28.084267 3.867278 7.342386 -6.591573 1.941338 2.661344 -2.717968 2.201490 -1.032340 1.038848 -1.765927 -0.417505 -0.257686 -0.798159 0.507686 0.088424 0.163156 0.178374 -0.337215 0.072096 -0.214730 -0.179299 0.062971 0.094353 -0.471085 0.327905 -0.042106 0.276579 -0.082470 -0.241473 0.042591 0.005876 0.179265 0.072604 0.110411 0.044337 
104.774765 -28.661615 3.704208 7.645264 -6.075155 2.065574 2.688694 -3.141936 2.021092 -0.522738 0.701400 -1.482293 -0.211613 0.336718 -0.559598 0.505263 -0.073192 -0.110721 -0.141610 -0.146668 0.337881 -0.100200 -0.018061 0.200253 0.005805 0.709873 0.288901 -0.227020 -0.088421 -0.175749 -0.135427 -0.021825 0.238271 -0.025459 0.079561 0.083469 -0.062757 
103.322243 -27.410830 2.748081 8.352913 -6.737957 1.719896 2.378123 -3.011304 2.877251 -1.232741 1.002725 -1.365421 -0.405894 1.162060 -0.220357 0.053647 -0.088417 -0.188341 -0.092481 -0.380866 0.548638 -0.265647 -0.020177 0.229909 -0.031160 0.486577 0.357889 -0.650910 0.241578 0.239427 -0.319424 0.104078 -0.061219 0.035833 -0.047094 0.098757 0.029845 
103.046822 -26.337494 3.263494 7.752557 -6.251990 1.688892 2.503732 -3.903667 3.118368 -1.054032 0.661046 -1.022475 -0.273933 1.309872 0.156180 -0.796557 0.409964 0.368133 -0.780459 0.061488 0.215442 -0.028535 -0.112249 0.397768 0.065496 0.118298 -0.091912 -0.364569 0.244451 0.177545 -0.276508 0.388236 -0.185928 0.081239 -0.001965 -0.009731 0.059260 
102.719284 -24.791085 3.060441 6.759798 -5.918030 2.456162 0.817206 -2.888327 3.308136 -1.289810 0.778227 -0.569885 -0.274902 1.398657 -0.404182 -0.675492 0.400486 0.166748 -0.645497 0.395606 0.176782 -0.103168 -0.024107 0.210447 0.087361 -0.326346 -0.005340 0.207287 -0.165695 -0.317031 0.549600 0.007063 -0.120270 0.111355 0.008461 -0.393958 0.064460 
103.472015 -23.540181 2.455131 6.401573 -5.451019 2.022387 1.212739 -3.112456 3.471933 -1.260369 0.612832 -0.601582 -0.099212 0.657181 0.145501 -0.381983 0.078573 -0.265929 0.318742 0.075614 -0.025097 0.194176 -0.095327 -0.390149 0.194415 -0.478292 0.476896 0.229138 -0.389770 -0.044015 0.399226 -0.125140 -0.106983 0.177567 -0.113756 -0.202711 -0.036270 
104.797981 -23.476724 3.351443 5.995832 -5.760884 1.924304 1.454689 -2.737098 3.257941 -0.901458 0.587573 -1.350183 0.113929 0.442073 0.549611 -0.217216 -0.379054 0.078717 0.152956 0.145326 -0.037183 0.251966 -0.251619 -0.194976 0.014820 0.038576 0.003419 -0.002244 0.018147 0.173166 -0.226418 0.101612 0.002171 -0.084055 -0.113150 0.415552 -0.201694 
104.202576 -22.656035 3.554352 5.967140 -6.209127 2.179821 1.518650 -2.821804 3.397568 -0.756436 0.109595 -0.991533 -0.069573 0.734332 0.152339 -0.386472 0.114868 0.080404 -0.134095 0.278839 -0.020756 0.026065 -0.321627 0.440955 -0.208972 0.528353 -0.540897 -0.238950 0.530823 0.052789 -0.310377 0.167420 -0.038613 -0.246103 0.249758 0.145896 0.009269 
103.707535 -22.008060 3.656122 5.222888 -5.531148 2.085112 1.186500 -2.179421 3.216430 -0.849328 -0.055681 -0.468272 -0.304016 1.498778 -0.532183 -0.695116 0.682592 0.184294 -0.467798 0.480167 -0.114409 -0.240239 0.247897 0.096817 0.033358 -0.290777 0.014460 0.021588 0.179849 -0.103884 0.054310 0.021894 -0.191053 -0.056409 0.380510 -0.360630 0.104023 
103.994629 -19.658479 2.489987 4.576907 -4.843944 2.548410 0.583055 -1.861471 3.168749 -1.236915 0.605389 -0.797899 -0.002856 0.152777 0.181259 -0.343296 0.474566 -0.127365 -0.025474 0.322626 -0.402862 -0.086752 0.439393 -0.280305 -0.000926 -1.240125 0.703976 0.257504 -0.355071 -0.311932 0.313634 -0.069573 -0.208543 0.107335 0.051907 -0.129152 -0.058754 
103.389816 -21.702505 4.018639 4.536297 -4.582016 1.830382 1.135551 -1.534170 2.410706 -1.022832 0.823106 -1.028882 -0.305868 -0.981471 0.875769 -0.180107 -0.027549 -0.439569 0.159471 0.341021 -0.531495 -0.025569 0.351712 -0.161486 -0.084149 -0.275529 0.230140 -0.118382 -0.262970 0.163081 -0.139037 -0.024156 0.113516 -0.083609 -0.050856 0.111665 -0.000243 
104.103783 -21.621422 4.241526 4.216692 -4.899043 1.669272 0.901997 -1.179429 2.105760 -1.288053 1.308812 -1.120872 -0.171154 -0.398281 0.641539 -0.580061 -0.051374 0.198796 -0.303548 0.274314 -0.175830 -0.253970 0.337681 -0.056974 -0.001413 0.375482 -0.259782 0.070257 0.043466 0.326753 -0.208303 -0.160688 0.397012 -0.114961 -0.101985 0.079770 0.022637 
103.897156 -22.499067 5.301718 3.376176 -4.684763 2.227975 0.528455 -0.985542 2.059047 -1.530771 1.498468 -1.142831 -0.308694 -0.230508 0.356206 -0.039594 0.059383 0.213937 -0.257136 0.019645 0.262529 -0.255491 0.147742 -0.001947 -0.038875 0.366295 -0.535181 0.613786 -0.059389 -0.289500 0.120207 -0.046127 0.068900 0.203773 -0.252376 0.054122 0.072460 
103.750732 -22.082439 4.953938 4.137504 -4.780276 2.097147 0.387725 -1.140140 2.630817 -1.799035 1.604296 -1.124766 -0.248903 0.334309 -0.428823 0.647512 -0.170152 -0.380204 -0.063134 0.182059 -0.038029 0.153577 -0.167071 0.051271 0.143507 0.044966 0.003371 -0.120164 -0.158120 -0.027361 0.044014 0.029643 -0.240010 0.353695 -0.316007 0.069116 0.086408 
104.462982 -21.830450 4.444071 4.671200 -5.025068 1.467567 0.402187 -0.621423 1.982990 -1.223618 1.164326 -1.040290 -0.021680 -0.140575 0.362948 -0.279923 -0.256857 0.159216 -0.169108 0.078932 -0.217492 0.451900 -0.484272 0.136284 0.133941 -0.345781 0.437427 -0.757314 0.278973 0.354384 0.020925 -0.043892 -0.088336 0.041232 0.026375 0.086600 -0.111657 
104.753090 -22.363589 5.679834 3.577658 -5.293990 2.415578 0.049509 -0.982276 2.195833 -0.895235 0.635753 -0.852198 0.018979 -0.357253 0.446030 -0.867116 0.387794 0.328564 -0.021283 0.094275 -0.214702 0.236042 -0.114321 0.224470 -0.079807 0.150181 -0.523460 0.136239 0.318478 -0.220252 0.113820 0.119272 -0.107515 -0.179843 0.391625 -0.028026 -0.105437 
104.526520 -22.544957 5.336132 2.936967 -4.249480 2.124695 0.359621 -0.432874 1.553586 -0.751534 0.935683 -0.591350 -0.181294 0.159787 -0.683972 -0.007445 0.380100 -0.281289 0.058532 0.317476 -0.432522 0.092214 0.298978 0.080232 -0.076934 0.082189 -0.482399 0.553583 -0.244514 -0.135622 -0.155563 -0.122045 0.197226 -0.110161 0.010161 -0.119122 0.005728 
104.332466 -22.044014 4.311890 3.562768 -4.533791 1.853000 0.166574 -0.347324 1.330790 -0.710807 1.233709 -0.691734 -0.134888 -0.192876 -0.518767 0.240049 -0.101234 0.057321 -0.332410 -0.149815 0.179750 0.015720 -0.094000 -0.013774 -0.068352 -0.670745 0.405701 -0.188483 0.053387 0.017072 0.152931 -0.242865 0.119892 0.113462 -0.384828 0.046364 -0.024381 
103.390129 -22.930708 4.298599 3.417065 -4.451948 2.239337 -0.305198 -0.732505 1.913086 -0.720094 0.747683 -0.618898 -0.317997 -1.181703 0.127429 -0.384411 0.486874 -0.247144 0.364395 -0.168254 -0.192739 0.319138 -0.470677 0.172959 -0.125695 -0.250310 0.218982 -0.032529 0.134520 -0.159695 0.390628 0.164884 -0.242939 0.034169 0.003578 0.008031 0.024222 
103.060783 -24.407420 4.566749 2.793947 -3.560043 1.358712 0.895364 -0.683832 0.945313 -0.072531 0.292355 -0.345816 -0.386278 -0.693495 -0.080803 0.174990 0.167807 -0.262068 0.448847 0.179952 -0.306128 0.084057 -0.086844 0.002288 -0.019908 0.248260 0.333219 0.150192 -0.498571 0.506734 -0.334620 0.108536 0.099931 -0.310359 0.332234 -0.025279 0.127989 
103.195435 -24.317698 4.136993 3.767046 -4.116334 1.715201 0.592495 -0.372601 1.300830 -0.551980 0.573996 -0.614322 -0.357814 -0.685182 0.793868 -0.084027 -0.510269 0.766324 -0.304844 0.048818 0.007124 -0.301581 0.193790 0.122402 0.130283 0.350892 0.314961 -0.174497 -0.188939 0.212277 -0.122413 -0.243369 0.149396 -0.068164 0.083564 0.063769 0.025980 
103.002441 -25.777783 6.154485 2.625893 -4.580582 2.891359 0.285675 -0.586196 0.959561 -0.675692 0.679936 -0.101012 -0.125712 0.008288 0.549119 -0.174005 -0.210071 0.162486 0.204020 -0.306785 -0.007337 -0.052272 0.080284 0.129827 0.032051 1.187980 -0.775713 0.060878 0.539074 -0.583072 0.318522 -0.055905 0.052651 0.228586 -0.199671 -0.124274 -0.091959 
103.390480 -24.301122 5.235230 3.419036 -4.536476 2.040173 1.000536 -0.986172 1.286156 -0.656523 0.734564 -0.354669 -0.293711 1.690778 -0.757558 0.037729 0.567878 -0.399821 0.332200 -0.062993 0.112426 0.155591 -0.205551 -0.126147 -0.053634 0.415764 -0.214979 0.173994 0.213426 -0.143445 -0.162931 0.233800 -0.011239 0.250199 -0.301175 -0.079152 -0.008289 
105.441544 -22.396227 4.639370 2.701352 -3.444825 2.091718 0.950076 -0.712181 1.184413 -0.364510 0.268834 -0.353307 -0.232980 0.839816 0.119161 0.173983 0.216780 -0.124405 -0.121841 0.160815 -0.029814 0.448127 -0.522067 -0.028478 0.015473 -1.349174 0.849487 0.817118 -0.610505 0.163172 -0.363072 -0.264814 0.036139 0.101268 0.057195 0.173027 -0.018086 
105.739426 -22.621489 5.473553 3.767003 -4.102915 1.791363 0.756854 -0.664541 1.226529 0.239730 -0.309570 -0.411625 -0.262765 -1.007569 0.941415 1.671965 -0.653132 -0.073477 -0.393943 -0.592621 0.184703 0.358127 -0.091161 0.219907 -0.089807 -1.463369 -0.124736 1.139227 0.031171 0.509021 -0.549731 -0.488849 0.032050 -0.308131 0.403090 0.244163 0.273184 
104.211449 -24.411364 6.522201 6.045283 -4.751090 1.944763 0.162189 -1.897424 1.553820 0.351743 0.086511 0.086506 -0.412594 -2.086922 -0.130310 2.452438 0.279122 0.893638 -1.221303 -0.816883 0.034286 -0.168135 0.284113 0.459847 0.561841 -1.132130 -1.135575 0.066731 1.484679 0.782260 -0.697679 -0.037049 -0.167769 -0.277127 0.119972 -0.187214 0.393435 
98.581970 -26.795334 5.212932 8.671878 -3.544670 3.578639 -1.685752 -2.298307 1.295101 -0.096541 0.258657 0.508069 0.860916 -3.271828 -1.329734 1.805426 2.316225 1.491042 -1.789301 -0.666718 -0.150834 -0.196128 0.148783 -0.154521 0.697063 -0.480634 -0.640972 -0.856328 0.775367 0.032008 0.399021 0.176187 -0.261913 0.078585 -0.259711 -0.550024 -0.214821 
94.293533 -30.955021 3.862734 9.656136 -0.118639 4.926847 -3.416413 -3.230861 1.252151 -0.040513 0.384078 -0.222536 0.981532 -3.048191 -1.412255 0.739782 1.829856 0.957654 -0.423262 -0.464508 -0.489541 -0.010965 -0.235309 -0.640200 0.132199 -0.035749 0.143138 0.169237 -1.030030 -1.028912 1.464395 0.327587 0.005729 -0.388186 0.020239 -0.021604 -0.345867 
100.194839 -32.891716 2.388422 10.151442 0.115041 5.493946 -2.532275 -3.227323 0.316020 -0.118470 -0.211961 -0.772332 1.125315 -3.343326 -1.043458 2.143901 0.256166 -0.566782 1.139490 -0.011544 -0.139376 -0.972499 0.189261 -0.197729 0.005329 0.456933 0.968577 0.644902 -0.848264 -1.308823 0.582816 0.348773 0.253723 -0.552936 0.505720 0.466717 -0.162045 
103.048508 -37.641672 1.775817 13.943939 0.393692 3.793283 -1.137433 -3.253949 0.973399 -1.985511 0.762600 -0.617995 0.992189 -2.134324 0.524899 2.029585 0.133327 -1.659993 0.742371 0.233038 0.017905 -1.116836 0.776131 0.293234 -0.191891 1.884080 1.385363 -1.239328 0.358351 -0.266061 -0.494573 -0.006440 -0.193954 0.187492 -0.081522 0.172035 -0.027938 
102.468407 -37.160365 3.438220 14.210612 0.381696 2.173960 -1.047533 -2.761246 0.351829 -2.352142 1.340301 -0.185864 0.741533 0.424833 1.727269 -0.334756 0.972867 -1.098903 0.150343 -0.024425 -0.527284 -0.597515 0.026217 0.146340 -0.050548 0.530299 0.289698 -2.005399 0.530189 0.628971 -0.007682 -0.218404 0.049576 0.234501 -0.432817 -0.347651 0.155568 
99.848412 -36.792006 5.230354 13.274427 2.339427 1.595477 -0.836748 -3.302799 -0.081169 -3.180542 0.815034 -0.325314 0.891093 -1.073727 1.104295 -1.981213 1.193706 -0.402051 0.727007 -0.203770 0.117057 -0.647834 -0.089504 -0.402067 0.119245 -4.455100 -4.125175 -1.315869 -1.516632 0.309463 0.650451 0.091707 1.235801 0.182220 0.603066 -0.514131 0.067241 
97.086769 -39.307818 5.646809 10.248186 2.769108 1.369858 0.406482 -3.168786 0.585943 -3.647810 1.161293 -0.989999 0.980023 -8.485366 -6.523082 -2.966493 -2.060398 -0.479978 1.451244 0.158989 1.944318 -0.233076 1.232348 -0.881922 0.083933 -4.546141 -3.897898 -0.010146 -1.142729 0.115662 -0.235224 0.446054 0.724447 0.429654 0.347758 0.150319 -0.119123 
180.044052 -53.762738 -7.815810 7.341442 -1.781368 0.635522 2.065741 -2.984821 3.807466 -3.646694 3.279730 -2.089157 1.058960 -10.166009 -6.691501 -2.001505 -1.091751 -0.170727 0.256559 0.688339 1.565951 0.211474 0.606012 -0.101429 -0.119001 0.616610 3.610131 -0.203932 1.438689 0.133553 -1.115085 0.882349 -1.847094 1.145700 -1.418715 0.988354 -0.310766 
180.429108 -59.639835 -7.736193 6.245175 0.585605 1.028404 0.919599 -1.792108 3.717845 -3.224862 2.373318 -1.192857 0.742021 -7.252147 0.697180 -3.374357 0.816981 -0.212871 -0.778926 1.923686 -1.749870 2.058325 -1.605081 1.094786 -0.537599 4.446229 5.317642 0.753225 1.061640 0.192046 -0.423116 -0.020241 -1.828898 0.585064 -0.995538 0.254137 -0.081753 
195.918289 -68.267032 -6.421450 0.592729 -0.147405 0.209779 0.507888 0.862552 0.307725 0.469956 0.069567 0.100415 -0.016237 -1.273550 3.943783 -0.495054 1.031530 0.213364 -0.589674 0.647856 -2.091844 1.381602 -1.385064 0.406844 -0.282507 11.764209 1.176142 2.956056 0.856007 1.473477 0.437371 -1.941524 0.264610 -0.866830 0.427775 -1.030394 0.538280 
208.199707 -62.186936 0.151372 5.255066 2.648665 1.455133 -0.259749 -0.496396 -0.465843 -0.461659 -0.396810 -0.379169 0.177007 16.276271 3.049464 2.537756 2.528996 2.734082 0.095816 -1.959362 -1.220651 0.324665 -0.749532 -0.966001 0.538961 8.689266 -1.386653 1.166584 -0.617518 0.297396 0.123863 -1.084272 0.915791 -0.282260 1.018151 -0.277628 0.277404 
209.999039 -35.714490 -0.322522 5.668241 4.910586 5.677944 0.699520 -3.056173 -2.133577 1.119285 -1.429497 -1.831587 1.061686 16.104981 1.170476 1.838113 -0.203506 0.808157 -0.341948 -1.520687 -0.260262 0.817081 0.651239 -0.148412 0.272302 -4.990825 0.666159 -1.390254 -2.761495 -2.625888 -0.249030 0.954716 1.265978 -0.045294 1.140392 0.497974 -0.485870 
199.003403 -29.976974 2.492324 8.931292 2.241652 3.071447 -0.943646 -3.537770 -0.986368 1.172504 0.905668 -0.675994 0.721611 6.294621 4.381783 -0.242751 -2.993994 -2.517693 -0.402245 -0.049931 1.311305 0.234076 1.531252 0.029946 -0.432779 -5.556618 0.888904 -2.634761 -1.138674 -1.059679 0.492199 1.067831 0.720398 -0.529116 -0.366691 -0.214479 -0.538830 
103.671974 -23.125248 8.441043 5.182739 -1.077402 0.642557 -0.104969 -3.156034 0.489032 1.587438 1.633008 -1.771694 0.196129 4.991745 2.948283 -3.431410 -2.480854 -1.311202 0.642450 0.614974 1.180533 -0.241150 -0.082144 -0.577371 -0.805358 -2.633534 -2.399159 -0.870605 1.070560 1.043861 0.373417 0.293161 -0.639193 -0.369104 -1.269719 -0.024704 -0.010950 
102.334053 -19.993484 8.388890 2.068472 -2.720057 0.449043 0.341255 -2.307822 1.374698 0.690204 0.741381 -1.830737 -0.889104 1.027553 -0.416536 -1.983962 -0.852874 -0.429971 0.344590 0.536392 0.032918 -0.504131 -1.008185 -0.019463 -0.454678 -2.649742 -1.615352 1.167517 1.310715 0.420020 -0.207549 -0.384298 -0.730719 0.082636 -0.223652 0.302325 0.441668 
99.861549 -21.070143 7.607971 1.214816 -2.783151 -0.217385 0.584210 -2.083250 0.554869 0.579176 -0.383363 -1.810619 -0.713228 -0.307738 -0.282422 -1.096375 0.140576 -0.471162 0.227352 -0.153622 -0.280906 -0.075878 -0.529447 0.027279 0.077978 -1.080580 0.016581 1.077385 0.345097 0.384256 -0.227212 -0.229251 0.033227 0.453506 0.654392 0.135161 0.292548 
99.717361 -20.608960 7.824047 -0.124277 -2.438904 -0.493281 0.795958 -2.615065 0.812887 0.538449 -0.317513 -1.776178 -0.733148 -1.133608 -0.383374 0.170808 -0.162680 0.338541 -0.109835 0.077890 0.099373 0.402881 0.300599 0.250860 0.130418 -2.103789 -0.687770 1.442640 0.378508 0.453493 -0.207197 0.547993 -0.145803 0.339041 0.645209 0.145527 0.147027 
105.267357 -23.337358 6.841224 1.556432 -3.108511 0.459697 0.364539 -1.927471 0.753615 1.384937 0.217835 -1.308899 -0.452392 -4.515317 -1.657962 1.788906 0.897592 0.435825 -0.187042 0.942364 -0.572512 0.602204 0.760970 0.318334 0.372031 -0.263969 -0.190905 0.331229 0.640728 -0.455439 -0.026924 0.198885 -0.473337 -0.349597 0.206028 -0.099294 -0.145310 
113.234970 -29.639595 4.508122 3.453534 -0.643720 0.378368 0.421874 -0.730337 -0.332136 1.742857 1.204428 -1.139509 0.010914 -1.661547 -0.765183 0.833266 1.118776 -0.572338 -0.163684 0.475659 -0.847302 -0.296312 0.712655 0.052272 -0.160203 4.387221 0.622021 -1.455320 -0.676657 -0.573648 -0.074114 -0.587879 0.042285 -0.677275 -0.227276 -0.402359 -0.393096 
0.000000 -26.660451 5.310859 3.222964 -0.870959 -0.684980 0.037172 -0.976154 -0.940989 0.792313 1.643145 -1.204355 -0.772798 4.259126 -0.413921 -1.121734 -0.455721 -0.711472 -0.335270 -0.233394 -0.487941 -0.752347 0.306418 -0.486384 -0.414160 2.803534 -0.306366 -0.940412 -0.780368 0.744394 0.234708 -0.318001 0.689015 -0.099300 -0.783367 -0.132473 0.328219 
137.757355 -21.121343 3.680280 1.210066 -1.555162 -1.044576 -0.248666 -1.197125 -1.308019 0.238164 1.817264 -2.112278 -0.817405 3.945520 -1.377915 -1.047558 -0.441960 0.916449 0.305732 -0.160344 0.530728 -0.494913 -0.854079 -0.212675 0.496236 -5.836334 -0.355890 0.341210 0.445615 0.999320 0.191481 0.558344 0.647920 0.084613 -0.746290 0.483438 0.362272 
149.204926 -18.769410 2.555029 1.127849 -1.754879 1.147918 0.648636 -1.296841 0.120468 -0.197512 -0.065013 -1.629704 0.219674 -7.413543 -1.125700 -0.439315 0.435509 1.287168 0.047693 0.883293 0.807898 -0.583120 -1.186163 0.480492 0.310385 -5.313758 -2.120953 -0.898836 -0.085341 -0.939680 -0.647329 0.785252 -0.054894 0.427458 0.525320 0.393645 -0.198602 
148.163345 -35.948429 1.428881 0.331436 -0.684145 1.529761 -0.153281 0.569461 0.307777 -0.928076 -0.555062 -1.151293 -0.196635 -6.681996 -5.619821 -2.845229 -0.612642 -0.962911 -0.988926 1.410160 0.420940 0.360004 0.196562 0.574614 0.099031 4.767087 -0.869118 -0.845509 -0.779959 -0.642260 0.095483 -0.207982 0.066425 0.605745 0.538277 -0.010231 0.087005 
0.000000 -32.133403 -8.684613 -4.562610 -2.980163 -0.777905 -1.329217 1.523479 0.962348 0.522495 0.328110 -0.480476 0.417735 2.120631 -2.863937 -2.130333 -1.124409 0.002648 0.238658 0.467328 0.940748 0.628370 -0.109609 0.460030 0.484396 3.605153 6.394330 2.209368 -0.007041 1.238708 0.852806 -0.772212 0.161135 -0.175733 -0.451762 -0.071234 -0.239017 
0.000000 -31.707168 -4.298993 -3.929230 -2.932963 1.535057 0.324036 1.504118 2.189273 0.328663 -0.774279 -0.231233 0.772156 0.528309 7.168839 1.573507 -0.626725 1.514505 0.716686 -0.134263 0.743210 0.008537 -0.706962 0.432146 -0.379004 0.365987 5.245271 1.972785 -0.188474 0.445573 -0.060504 -0.627492 -0.674217 -0.082168 0.157959 -0.257478 -0.527930 
209.861496 -31.076784 5.653065 -1.415596 -4.233613 2.251106 0.104156 1.254952 2.448768 0.539569 -1.085813 0.383816 -0.340272 2.852605 7.626605 1.815237 -1.501357 0.893795 0.117649 -0.787656 -0.407686 0.464033 0.206310 -0.054925 -0.571465 1.449337 -2.645169 -0.390543 -0.441516 -0.186878 -0.216991 -0.559861 -0.879621 0.351398 0.771000 -0.505105 0.217909 
234.990204 -26.001957 10.954217 -0.298756 -5.935677 3.322647 0.559334 -0.071194 1.373902 1.256729 -0.361660 -0.341083 -0.370774 3.426983 1.878501 0.792421 -1.509758 1.140750 0.282704 -1.253985 -1.016032 0.711334 0.835038 -0.578064 0.056815 -3.972725 -4.868860 -0.677823 0.875196 -0.497566 -0.295428 0.242547 -0.003705 -0.187055 0.166025 -0.067522 0.235453 
135.841583 -24.222818 9.410067 0.169247 -7.253128 4.532605 0.669564 -1.253017 0.416705 1.962237 0.584262 -0.772313 -0.226643 -5.092844 -2.111115 0.459591 0.249036 -0.101338 -0.473207 -0.302563 -0.415095 0.089922 0.538361 -0.189969 -0.100558 -5.602762 -3.113668 -1.660714 1.730795 -1.418311 -0.130479 1.420032 0.355629 -0.568250 -0.781562 0.213621 -0.191219 
137.576630 -36.187645 6.731986 0.620426 -5.437605 3.119971 -0.387079 -0.676320 0.543712 1.436574 0.715062 -0.721021 -0.571890 -7.778541 -4.348834 -2.529008 1.951833 -1.695871 0.021745 1.586079 -0.304773 -0.425167 -0.728086 -0.150822 -0.325623 4.754499 -1.775326 -2.095785 -0.150787 -0.641851 0.538441 0.434627 0.004094 -0.325912 -0.599862 0.116596 0.334577 
138.754959 -39.779901 0.712398 -4.888768 -3.349463 1.140863 0.713055 1.919140 -0.192841 1.111903 -0.871909 -1.073958 -0.877889 4.416153 -5.661767 -3.731978 -0.052538 -1.385041 0.603676 0.566692 -0.406908 -0.561902 -0.661364 0.043222 0.568595 8.478389 0.899792 1.231705 -1.778324 0.752977 -0.367769 -1.815270 0.036593 -0.207013 0.419283 0.052319 0.507511 
0.000000 -27.355339 -4.591547 -6.843530 -5.542681 0.349889 0.820273 0.457064 -0.270104 0.312769 -0.607666 -0.634576 0.565301 9.178238 -2.549250 -0.065598 -1.604815 -0.189917 -0.713793 -2.044461 -0.231587 -0.839193 0.110481 -0.046184 0.689398 -0.725098 2.882245 2.321881 -0.227834 0.795305 -0.685539 -0.940058 0.106976 0.061138 0.319861 -0.154549 -0.300396 
0.000000 -21.423425 -4.386101 -5.019964 -6.559092 0.761029 -0.714531 -2.169783 -0.656015 -0.566484 -0.650948 -1.166326 0.500908 2.965957 0.102723 0.911783 -0.508205 0.205570 -0.767402 -1.313423 -0.192956 -0.439626 -0.021641 -0.265875 -0.032197 -3.106140 1.325986 0.488690 0.548305 0.197743 -0.026804 0.365519 0.019316 0.199783 -0.066061 -0.109845 -0.360797 
