114.370544 -33.676310 2.615110 -6.475901 6.906827 2.710506 2.183942 0.840975 -0.457737 0.505793 -0.259029 0.899206 1.256928 0.952106 -0.374003 -0.392939 0.636215 -0.709077 0.201623 -0.007830 -0.564033 0.454809 -0.156705 0.118555 -0.079086 -0.266440 0.115164 0.107208 -0.177209 0.137319 -0.048857 0.055978 -0.003304 -0.015495 0.049206 -0.081284 0.048043 
116.013634 -31.772098 1.867104 -7.261778 8.179256 1.292353 2.587188 0.825314 -1.585802 1.415411 -0.572440 1.136317 1.098757 0.419226 -0.143675 -0.178522 0.281797 -0.434438 0.103909 0.104125 -0.570640 0.423818 -0.058293 -0.044013 0.016999 -0.700777 -0.868509 1.290598 -0.884680 0.705927 -0.099693 -0.164619 0.623730 -0.581536 0.264369 -0.071778 0.137643 
116.234764 -32.837858 2.327761 -6.832945 7.470420 1.841630 2.391761 1.049224 -1.599017 1.353430 -0.375616 0.811181 1.290927 -0.449448 -2.111021 2.188257 -1.133146 0.702777 0.002236 -0.337069 0.683427 -0.708263 0.372032 -0.025000 0.196200 -0.240441 -4.541774 2.291682 -0.333195 0.024470 -0.054444 -0.052940 0.690129 -0.439503 0.262511 -0.020410 -0.003164 
113.774406 -32.670994 -2.354937 -2.885264 5.912964 2.697907 2.591660 0.151176 -0.218949 -0.001114 0.171624 1.086316 1.491158 -0.061657 -9.227222 4.404843 -0.384592 -0.385498 -0.004979 -0.001756 0.809617 -0.455188 0.466729 -0.084833 0.010672 0.396015 -3.544643 -0.137168 0.751838 -1.716112 -0.673438 0.221963 -0.115905 0.601469 -0.365568 -0.373268 -0.037798 
109.327339 -32.961172 -16.126684 1.976742 6.701236 1.070635 2.381803 1.045713 0.020218 0.443055 0.557841 0.641516 1.312272 0.342581 -9.200306 1.913922 0.370530 -2.729447 -1.344640 0.106857 0.451616 0.494675 -0.359104 -0.771537 0.120605 -0.204022 3.870667 -2.977355 0.445192 0.280966 -0.172912 -0.047453 -0.079088 0.472711 -0.412245 0.005289 -0.030358 
0.000000 -31.985832 -20.755549 0.942581 6.654023 -2.760986 -0.097619 0.364890 0.684283 0.988236 -0.546583 -0.456758 1.732367 -0.469702 -1.485889 -1.549866 0.505792 0.176433 -0.350803 -0.096663 0.651442 0.490235 -0.357762 -0.074254 -0.050043 0.507638 9.791084 -1.595251 -1.033709 2.768100 1.589409 -0.121644 -0.636702 -0.436333 0.219702 0.596035 -0.288942 
0.000000 -33.900575 -19.098461 -1.122990 7.712820 1.423501 1.680196 0.852388 1.323103 1.423526 -0.157683 0.493008 1.212185 1.357858 10.381862 -1.276579 -1.696889 2.806753 1.834179 -0.136430 -0.821788 -0.377991 0.080301 0.420532 -0.457280 1.465236 5.813318 1.558157 -1.889065 0.061640 0.490255 -0.030429 -0.740243 -0.343705 0.148332 -0.155777 -0.121949 
383.298370 -29.270117 0.008175 -1.610577 3.260245 2.852520 3.570739 0.092030 -0.959293 0.232255 -0.385981 0.384306 0.817807 2.460771 10.140748 1.566448 -3.272338 0.299713 0.629706 -0.157521 -0.829043 -0.197174 -0.061098 -0.385809 -0.293941 -2.258501 -3.723904 1.150477 0.819684 -1.838947 -1.302074 0.199402 0.678824 0.507645 0.137893 -0.399723 -0.019574 
119.136017 -28.979032 1.183034 2.009906 1.168144 2.022928 2.939607 0.537346 -0.334984 1.029177 -0.279879 -0.278609 0.624302 -3.159145 2.934053 1.024376 -0.057521 -0.871141 -0.769969 0.262374 0.535860 0.637299 0.356087 -0.378913 -0.496427 -4.732341 -4.423691 -0.762039 2.003879 -0.351907 -0.752386 0.228881 0.507502 0.088056 0.350818 0.069311 0.122294 
115.253410 -35.588406 5.876282 0.438174 3.145203 1.110237 2.030801 0.616778 0.112426 1.506853 0.326194 -0.373520 -0.175046 -7.003910 1.293366 0.042370 0.735420 -0.404100 -0.875065 0.300241 0.185960 -0.021063 0.640537 -0.247187 -0.049354 3.042873 -3.168440 -1.178924 0.650576 1.207635 0.229064 -0.141706 -0.506104 -0.607030 -0.158737 0.116743 0.390775 
114.222397 -42.986852 3.769766 2.094647 2.638985 1.214727 1.189476 1.137827 0.036937 0.987051 1.001195 -0.772984 0.525595 2.926602 -3.402827 -1.333471 1.243632 1.544128 -0.311841 -0.021039 -0.476349 -0.576761 0.038614 -0.145428 0.285123 8.896584 -1.322115 -1.490060 0.900527 0.237629 0.557421 -0.651182 -0.330867 -0.172582 -0.484696 0.204432 -0.203405 
132.821793 -29.735201 -0.929373 -2.228768 5.632466 4.198493 1.407119 0.574700 -0.840273 0.353331 0.403421 -0.664376 0.395201 10.789258 -1.350864 -2.937751 2.536475 0.071159 0.239777 -1.002124 -0.475773 -0.366226 -0.328854 0.161677 -0.456163 1.108560 2.019463 0.202172 -0.157091 -1.704065 0.028235 -0.200846 0.084314 0.202273 0.068539 -0.043812 -0.179243 
128.851868 -21.408336 1.068038 -3.780854 7.711934 1.357044 1.669030 -0.866420 -0.914609 0.254598 0.343486 -0.449631 -0.386731 5.143723 0.636099 -0.929127 0.929449 -1.864001 -0.255371 -0.422730 -0.307722 -0.172215 0.175691 -0.233051 -0.073362 -5.058543 0.160586 1.734064 -1.497585 -0.613311 -0.379265 0.912443 -0.104153 0.106421 0.238720 -0.372127 0.522293 
131.696838 -19.447756 0.342826 -4.087022 7.491365 0.470491 0.896378 -0.270760 -1.455717 0.008900 0.754804 -1.130479 0.248476 0.672171 -1.029691 0.530378 -0.458695 -1.155463 -0.518753 0.822762 -0.684079 -0.153385 0.148586 -0.582577 0.588423 -4.269632 0.168203 0.883533 -0.972476 0.348793 0.257213 0.556131 -0.054355 0.157607 -0.222897 -0.098461 0.162104 
132.976456 -20.063993 -0.991344 -2.720099 6.794545 -0.953881 0.631524 0.779104 -2.282767 -0.052171 0.640658 -1.614784 0.790115 -3.395542 0.972505 0.837939 -1.015503 -1.166416 0.259055 0.689533 -0.416433 0.143000 -0.270102 -0.429973 0.250845 -1.396153 0.651215 0.408148 -0.545825 0.520788 0.430763 -0.222320 0.252557 0.089210 -0.147030 0.096563 -0.306922 
131.315231 -26.238840 2.287837 -2.411143 5.460359 -1.862340 1.414488 1.108305 -2.288582 0.294900 0.214599 -1.990426 0.750167 -2.120134 0.272739 1.346674 -1.550344 -0.113886 0.342773 0.378123 -0.178966 0.025034 -0.145473 -0.389451 -0.025421 1.811051 -0.571945 -0.319214 0.406698 0.719010 -0.155409 -0.337044 0.080147 -0.173791 0.057103 0.146190 -0.053946 
124.032944 -24.304261 -0.445866 -0.026750 3.693857 -1.181653 1.317070 1.535349 -2.640699 -0.002102 0.349712 -2.393686 0.739273 0.226561 -0.171385 0.199512 -0.202107 0.271604 -0.051764 0.015445 -0.256138 -0.204583 -0.155897 -0.137594 0.142953 -0.329813 0.253218 -0.954993 0.807776 0.189555 -0.070108 -0.525504 0.388303 -0.052862 -0.039765 0.426249 0.080105 
119.096855 -25.785718 1.945067 -2.012119 5.056144 -1.319133 1.310960 1.139196 -2.800858 -0.114266 -0.097194 -2.265614 1.036073 -2.779760 0.779175 -0.563312 0.065207 0.265225 0.202557 -0.672885 0.597639 -0.080689 -0.225004 0.463046 0.134790 -1.686438 -3.861245 0.390169 0.218433 0.065004 -0.555934 -0.164827 0.758911 -0.066957 0.042333 0.671424 0.042857 
112.469849 -29.863780 1.112484 -1.153374 3.824271 -0.651203 1.722184 0.189579 -1.445420 -0.163481 -0.100297 -1.467593 1.008853 -3.146316 -7.893874 0.979849 0.234758 0.401612 -1.163632 -0.314208 1.261684 -0.338497 -0.071232 1.205253 0.228667 -0.089185 -5.928383 -0.490995 0.647583 0.166163 -1.107516 0.180400 0.256417 0.294289 0.075128 -0.130879 0.011504 
107.390205 -32.078350 -13.842681 -0.052420 5.525660 -0.515909 -1.016305 0.510780 -0.277491 -0.791261 -0.239657 0.144892 1.493407 -2.958130 -11.077590 -1.545301 1.360373 0.597550 -2.012475 -0.312084 1.110474 0.507888 -0.074749 0.201288 0.157799 3.516646 7.597393 -0.675254 -0.447325 -0.017654 0.861762 0.250767 -0.324337 0.532133 -0.126653 -1.000218 -0.303154 
0.000000 -35.780040 -21.042696 -4.243976 6.545018 0.543897 -2.302767 -0.434589 0.775529 0.852295 -0.249795 -1.065017 1.324451 3.886977 7.300912 -0.370658 -0.659893 0.366305 0.559891 0.187326 0.613009 0.725768 -0.324537 -0.795183 -0.377642 4.869658 12.001356 1.572069 -1.072925 -0.458885 1.545437 0.363604 -0.652049 -0.387150 -0.155271 -0.255591 -0.317313 
0.000000 -24.304396 0.759143 -0.793737 4.205875 0.216700 0.103478 0.885431 0.948527 0.660276 -0.888731 -1.445473 0.738124 6.781187 12.925122 1.598836 -0.785477 -0.320221 1.078398 0.415123 -0.193623 -0.266411 -0.385291 -0.309894 -0.476828 -1.803983 -2.446583 0.695784 0.489333 -0.408761 -0.610031 -0.574491 -0.485763 -0.544504 0.453355 0.379535 0.075559 
108.771942 -22.217667 4.807548 -1.046304 4.974064 -0.096545 -0.145971 0.395657 0.388283 0.319473 -1.020378 -1.684805 0.370796 0.279011 2.407747 1.020909 0.318774 -0.451218 -0.660171 -0.961657 -0.358518 -0.363240 0.582173 -0.036112 -0.226524 -4.205860 -5.719699 -0.395748 0.462556 -0.129589 -1.272255 -0.675833 0.153499 0.047340 0.645400 0.168120 0.122587 
106.512505 -23.746374 5.574637 1.248082 4.843423 -0.685736 -1.216864 -1.037883 0.231492 -0.066204 0.275615 -1.517697 0.285076 -1.630534 1.485724 0.807340 0.139635 -0.579398 -1.466112 -0.936543 0.113375 -0.171731 0.905508 0.026346 -0.231654 -1.445996 -0.235171 -0.535136 0.110135 -0.030742 -0.250638 0.452622 0.366739 0.134679 -0.224285 0.075956 0.065942 
106.182320 -25.478734 7.778996 0.568376 5.253333 -1.255341 -3.078194 -1.477429 0.615032 -0.023989 0.790638 -1.632113 -0.092511 -2.612981 1.937404 -0.049362 0.539043 -0.512702 -1.161447 -0.056412 0.374960 -0.093882 0.133603 0.115800 -0.094640 -0.521898 -0.276763 0.013922 0.291156 0.100259 0.594295 0.378547 0.218663 0.078142 -0.617672 0.058725 0.244852 
107.010292 -28.972336 9.449446 1.149358 5.921510 -1.711139 -3.539758 -1.150708 0.981411 -0.253969 0.542821 -1.286096 0.095797 -2.674329 0.932198 0.835184 0.721946 -0.378880 -0.277522 -0.179450 0.550702 -0.015447 -0.329836 0.143795 0.258051 0.844463 -1.023788 0.348431 -0.161742 0.235525 0.550626 -0.167516 0.006283 0.073016 -0.148469 0.013610 0.160549 
107.686935 -30.827392 9.643392 2.238745 6.697224 -2.013100 -3.633239 -1.836328 1.716435 -0.054883 0.130965 -1.344523 0.423591 -0.924055 -0.110172 0.647501 0.215560 -0.041651 -0.060195 -0.391445 0.387526 0.052149 -0.163335 0.143021 0.226459 0.823916 -0.345033 -0.255942 -0.588131 0.481246 0.146161 0.089710 -0.277118 -0.008638 0.182974 0.162239 -0.153839 
106.666351 -30.820446 9.229101 2.444360 6.352629 -1.794442 -3.660148 -1.933597 1.756463 -0.149671 0.216150 -1.000055 0.548715 -1.026496 0.242131 0.323301 -0.454317 0.583612 0.014800 -0.000029 -0.003534 -0.032724 0.036112 0.468273 -0.049627 0.018231 -0.052875 0.061724 -0.451251 0.231357 0.298994 0.198202 -0.067468 -0.178112 0.116025 0.083766 -0.308170 
104.858772 -32.880385 10.127654 2.885347 5.788591 -0.845876 -3.603639 -1.836387 1.709367 -0.120331 0.203189 -0.407977 0.324336 -0.887593 -0.215922 0.770948 -0.686943 0.421062 0.537793 0.004958 0.252590 -0.304076 0.068715 0.310552 -0.389881 0.276789 -0.707285 0.168457 -0.063948 -0.739254 0.516908 -0.021982 -0.027992 -0.191717 -0.081281 -0.166722 -0.251660 
103.951805 -32.595633 8.797257 3.986256 4.978744 -0.952317 -2.584561 -1.923681 2.261644 -0.757822 0.353580 -0.378951 -0.231047 -0.472919 -1.172440 0.660215 -0.582212 -0.894895 1.048616 -0.043994 -0.059519 -0.416157 -0.126451 0.134829 -0.552946 -1.627280 0.013215 -0.038349 0.075226 -0.812435 0.109111 -0.154218 -0.471076 0.226740 -0.296549 -0.034509 -0.003298 
104.049347 -33.826223 7.782775 4.205776 4.624167 -2.635667 -1.506407 -1.924374 1.590329 -0.952646 -0.049713 -0.138318 -0.781557 -4.142153 -0.189491 0.694249 -0.536491 -1.203808 0.756015 -0.303477 -0.689561 0.149404 -0.524383 0.241533 -0.396477 -3.865278 0.338162 0.333086 -0.225568 0.525377 -0.468654 0.120627 -0.517122 0.203370 -0.056861 -0.079379 0.312360 
103.765343 -40.879938 8.418274 5.374754 3.905761 -3.359934 -1.072530 -2.530635 0.882521 -0.459014 -0.695187 0.104116 -1.024002 -8.203475 -0.496116 1.326387 -1.033348 0.155859 0.111308 0.197260 -1.093763 -0.009417 -0.240173 -0.023928 0.071773 -3.868057 -1.358851 -0.276401 -0.322510 1.561113 -0.240414 0.555129 -0.077873 -0.197619 0.443606 -0.172854 0.447961 
104.524925 -50.233173 6.790543 6.858549 2.557471 -2.323948 -1.283792 -1.529854 -0.597198 -0.971480 -0.530059 -0.186175 -0.638011 -11.878267 -2.907193 0.141447 -1.181511 1.918418 0.275186 0.806780 -0.845308 -0.245834 0.362829 -0.104175 0.499445 -2.726814 -2.522599 -1.970126 0.023348 0.610912 0.118886 0.185135 0.571696 0.161650 0.178038 -0.058435 0.037072 
106.270378 -64.636472 2.603887 5.657648 1.542738 0.476902 -0.522158 -0.917075 -0.808095 -0.950681 0.030472 -0.104235 -0.025113 -13.657103 -5.541314 -2.613866 -0.986651 1.377683 0.349081 0.567529 0.049629 0.313884 0.115903 -0.140797 0.145917 2.394846 -1.251706 -1.211132 0.294293 -1.396278 0.202651 -0.368190 0.680060 0.481374 -0.150568 0.041023 -0.225969 
125.224571 -77.547379 -4.292085 1.630818 0.584169 0.431419 -0.585630 -0.394796 -0.497940 -0.343713 -0.298253 -0.467770 -0.346177 -7.088574 -5.410605 -2.280817 -0.592926 -0.874139 0.680488 0.070400 0.514813 0.716915 0.061693 -0.022130 0.047507 14.901605 5.610247 2.049728 2.227614 -1.206557 -1.110622 -0.133127 0.024260 -0.502453 0.168515 0.430801 0.007566 
68.701729 -78.813620 -8.217323 1.096014 0.356887 -1.271376 0.838818 -0.776275 0.221531 0.483148 0.153858 -0.148495 0.069902 16.146107 5.679181 1.485589 3.468577 -1.035430 -1.872163 0.301274 0.098150 -0.691021 0.452932 0.720804 0.161049 14.018738 6.961365 2.099697 2.320406 0.266521 -1.861346 0.098517 -0.421950 -0.783423 0.069490 0.156790 0.049542 
0.000000 -45.255164 7.066278 4.601996 7.521323 -1.639442 -4.329956 0.207752 -0.301640 -1.725756 0.607611 0.973838 -0.024079 20.948902 8.512124 1.918578 4.047886 -0.341096 -3.042205 0.267434 -0.329088 -0.849930 0.200672 0.291450 0.146591 -6.195153 -2.653857 -0.891355 -1.790645 0.268384 1.414680 0.039343 -0.619342 0.551456 -0.138627 -0.792821 -0.038190 
113.886635 -36.915816 8.806925 4.933169 8.452660 -1.953568 -5.245591 -0.241407 -0.436645 -1.216713 0.555203 0.434406 0.363084 3.755802 0.371466 -0.297120 -0.112713 -0.498662 0.957197 0.379961 -1.140534 0.411891 0.175679 -0.864838 0.084669 -10.869489 -4.994024 -1.567391 -2.612651 -0.024773 2.765581 0.412566 -0.129429 0.625447 -0.219159 -0.696605 -0.149310 
111.671600 -37.743560 7.809210 4.007756 7.295896 -2.636766 -2.415561 0.967673 -2.582708 -0.901974 0.958969 -0.755838 0.145259 -0.790075 -1.475923 -1.216204 -1.177416 -0.390641 2.488957 1.092566 -0.587947 0.400963 -0.237645 -1.101759 -0.152028 -2.283665 -0.838339 -0.354331 -0.262779 0.506222 0.237613 0.056417 0.871264 -0.067913 -0.035278 0.219028 -0.233245 
110.751709 -38.495966 5.855079 2.500761 6.097827 -2.734850 -0.267677 1.943725 -1.612538 -0.414787 0.079913 -1.769112 0.059027 -0.811528 -1.305212 -1.005781 -0.638271 0.513781 1.432423 0.492794 0.601994 0.276064 0.105124 -0.426782 -0.381821 0.594540 0.522185 0.290609 0.351009 0.437310 -0.954832 -0.317014 0.400186 -0.294210 0.103709 0.628279 0.066081 
113.661194 -39.366616 5.198786 1.996194 6.019355 -1.609203 0.449285 1.953261 -1.378720 -0.349845 1.169216 -1.609402 -0.618382 0.399004 -0.431553 -0.634987 -0.475399 0.483978 0.579293 0.458537 0.212426 -0.187458 -0.030227 0.154800 -0.019866 1.367014 0.769622 0.020925 -0.280018 0.326722 -0.509146 -0.378531 -0.252100 -0.334812 -0.242062 0.159243 0.340211 
119.439316 -37.697957 4.991973 1.230788 5.147029 -1.766894 0.890909 2.860799 -1.187687 -0.789702 0.019458 -1.459513 0.019295 1.922501 0.234032 -0.963932 -1.198306 1.167225 0.414131 -0.264269 0.097793 -0.393560 -0.379000 -0.108296 0.298601 1.506335 -1.112354 1.184426 -0.697089 0.092640 -0.004285 -0.687356 0.001676 0.316610 0.242422 -0.013942 0.033880 
137.780457 -35.521614 5.666850 0.068330 3.622744 0.725246 1.277547 1.424724 -1.183134 -1.136966 0.411216 -1.825994 -0.021179 3.411674 -2.656260 1.733865 -1.869577 0.669259 0.570722 -0.916175 0.215777 0.445763 0.454617 0.126916 0.047894 -0.845177 -4.805228 2.120810 0.020910 -0.957578 0.040252 -0.022430 0.270454 0.474296 0.072232 0.293698 0.021704 
152.118439 -30.874609 -0.320548 4.698517 1.407876 -0.428377 2.032354 1.028449 -0.756133 0.101824 0.928693 -1.205680 0.115083 0.232147 -9.376425 3.277688 -1.156485 -0.747932 0.494634 -0.309128 0.638701 0.555032 -0.234537 0.479100 0.342010 -2.349415 -2.983483 -1.372307 0.764257 -0.308183 -0.868262 -0.239234 0.145926 -0.217356 -0.306967 0.111605 0.100159 
154.599075 -35.057321 -13.085999 6.623706 1.309773 -0.770618 2.266816 0.806467 0.094269 -0.026902 -0.057858 -0.867794 0.662840 -1.287156 -8.623227 -1.010750 -0.341062 0.052893 -1.165802 -1.394644 0.507630 0.011050 -0.159317 0.350126 0.248213 2.868473 6.870387 -1.860139 1.033600 0.729753 -0.689661 0.084768 -0.065611 -0.340127 0.019177 -0.256012 -0.111852 
0.000000 -33.448921 -17.567002 2.677017 0.725752 -0.322592 -0.299250 -1.760838 0.259127 0.123924 0.610058 -0.505428 0.611509 5.969094 4.364349 -0.442591 0.910714 0.711573 -0.884687 -0.139592 0.507480 -0.125221 -0.196183 -0.032924 0.118305 4.855578 8.458235 0.471319 1.267592 -0.009401 0.441341 1.757847 -0.260520 -0.068229 -0.248544 -0.540972 0.215390 
0.000000 -23.119134 -4.357302 5.738523 3.131201 0.652527 0.497442 0.527283 1.109228 -0.277345 -0.450223 -0.933642 0.899450 8.424001 8.293243 -0.068112 2.194122 0.034090 -0.283120 2.121050 -0.013410 -0.125407 -0.656405 -0.731819 0.678993 -1.747022 -1.227370 -0.773013 0.479199 -0.629107 0.163479 0.550005 -0.414233 0.225718 -0.152679 -0.075524 0.159955 
166.040421 -16.600919 -0.980516 2.540793 5.113997 -0.254412 -0.865491 2.481262 0.232308 -0.126890 -0.702752 -1.969066 1.969496 2.475050 1.909608 -1.988617 1.869112 -0.546642 -0.557730 0.960419 -0.320987 0.326214 -0.501541 -0.183971 0.438214 -4.518646 -3.959542 -0.331317 -0.717756 -0.271934 0.071910 -1.287683 -0.001720 0.191431 0.093127 0.445091 -0.471904 
162.998840 -18.169033 -0.538086 1.761290 6.869424 -0.440757 -0.618018 2.448121 0.467254 0.375083 -1.453305 -1.301585 1.775879 -0.613290 0.374159 -0.730745 0.758609 -0.509779 -0.139301 -0.454316 -0.016850 0.257455 -0.470151 0.158363 -0.264815 -1.556639 -0.249778 0.768787 -1.054571 0.000062 0.452938 -1.155167 0.129880 -0.274326 0.303375 0.084018 -0.560589 
152.468246 -17.827500 -0.232197 1.079302 6.631216 -1.273969 -1.144092 1.572629 0.198608 0.388020 -1.643053 -1.652341 1.439865 -0.638227 1.410051 -0.451043 -0.240030 -0.546518 0.348145 -1.349915 -0.061228 -0.222437 0.105209 -0.015936 -0.682963 -0.451925 0.260347 0.182612 -0.511983 0.038180 0.231162 -0.336595 -0.163522 -0.158874 0.401845 -0.199891 -0.111828 
0.000000 -19.445487 2.282017 0.859204 6.389365 -1.533792 0.078273 -0.251709 0.344798 -0.069792 -1.242887 -1.333457 0.409952 -1.517140 0.894854 -0.365521 -0.265356 -0.433418 0.323023 -1.127507 -0.343893 -0.060293 0.333540 -0.241419 -0.488471 0.182332 -1.087090 0.331945 -0.073718 0.197721 -0.264952 0.726829 -0.099712 0.207652 -0.075010 -0.269358 0.459059 
122.402435 -20.861780 1.557510 0.348261 6.100504 -2.140804 -0.498047 -0.682385 -0.489179 0.267435 -0.975974 -2.135179 0.462924 -0.273563 -0.764129 0.212847 -0.387465 -0.151076 -0.181759 0.103743 -0.260652 0.192867 -0.044811 -0.554653 0.235155 0.782819 -0.869420 0.248545 -0.048514 0.148683 -0.046127 0.890367 0.044174 -0.020207 -0.181705 0.089981 0.296717 
0.000000 -19.992612 0.753758 1.284898 5.614434 -1.835944 -0.285245 -0.044224 -0.176506 0.315943 -1.332509 -2.442763 0.880262 0.048498 -0.843987 0.131569 -0.362383 -0.136051 0.230768 0.653228 -0.255546 -0.100706 -0.029871 -0.061457 0.104963 -0.372152 0.024486 -0.290602 0.147102 0.045982 0.082101 0.248053 0.056770 -0.126880 0.105688 0.440078 -0.025031 
0.000000 -20.764785 -0.130464 0.611399 5.375738 -2.412907 -0.036510 0.624072 -1.000271 0.066022 -1.035716 -2.258093 0.672849 -1.017867 -0.715158 -0.368357 -0.093262 -0.059111 -0.017556 0.599848 -0.147113 -0.060893 0.166564 0.325504 0.185092 -3.076517 0.195489 0.098215 -0.258560 0.491646 -0.056798 -0.124099 0.391009 0.093823 -0.038474 0.259375 0.190811 
107.004448 -22.028347 -0.676557 0.548185 5.427911 -1.954166 -0.320357 1.155473 -0.470731 0.194158 -0.999381 -1.791756 1.250446 -6.104536 -0.453010 0.327999 -0.879503 0.847240 0.117172 0.405030 0.526472 0.086940 -0.106818 0.457292 0.486586 -5.484147 -1.423054 2.093808 -1.184600 0.195531 0.587486 -0.900461 0.206940 -0.035091 -0.130634 0.048703 -0.359838 
97.753563 -32.973856 -1.036484 1.267397 3.616732 -0.718427 0.197834 1.434131 0.052674 0.239902 -1.249352 -1.343508 1.646020 -11.986161 -3.561267 3.819260 -2.462461 0.331951 1.157417 -1.201074 0.266767 -0.131075 -0.094704 0.422910 -0.534583 4.910421 1.105602 -0.345184 0.423492 0.067688 0.307164 -0.458571 -0.403160 -0.274264 -0.010845 -0.285032 -0.339900 
97.157051 -46.000668 -7.799090 8.186704 0.502989 -1.290265 1.994477 -1.246676 0.062803 -0.067991 -1.188789 -0.945936 0.181279 3.716306 1.758194 -0.362369 -0.032518 0.982616 0.731500 -0.512113 -0.279848 -0.461588 -0.128508 -0.112772 -0.193215 12.635503 4.803569 -4.591346 2.564410 -0.169208 -0.608173 0.901909 -0.378302 -0.319149 0.285081 -0.672184 0.721574 
0.000000 -25.541244 2.479905 0.542659 3.551696 1.246805 1.660833 0.409906 -0.507022 -0.683273 -1.506368 -1.569053 1.259590 13.284845 6.045871 -5.363433 2.666359 -0.006465 -0.058929 0.602744 -0.489838 -0.769373 0.475458 -0.921458 0.908565 -0.534649 -0.288861 -0.697182 0.375417 -1.318830 -0.515413 -0.045604 -0.115696 0.056544 0.388798 -0.325660 0.050711 
129.948792 -19.430977 4.292651 -2.540161 5.835708 -1.303195 1.876619 -0.041188 -0.916872 -1.606737 -0.237874 -2.788852 1.998410 2.647008 1.180471 -1.756733 0.718316 -1.655044 -0.299327 -0.603321 -0.511240 -0.348499 0.649088 -0.764093 -0.091792 -7.638395 -2.448843 2.814098 -1.251965 -0.439315 -0.361353 -0.513765 0.401269 0.967760 -0.358055 0.804901 -1.158427 
126.311745 -20.247227 4.840848 -2.970806 4.988328 -2.063282 1.062179 -0.796736 -1.529502 -1.380271 -0.208191 -3.097238 1.076005 -1.991944 1.148185 0.264764 0.162429 -0.885096 -0.781634 -0.424787 0.312700 1.166147 -0.240652 0.688344 -1.408288 -2.115414 -0.153192 1.118410 -0.066098 0.574995 -0.037543 0.278154 0.565127 0.700706 -0.452291 0.803315 -0.427647 
0.000000 -23.414866 6.589021 -2.010633 6.160567 -3.073388 0.313350 -0.890761 -0.291473 0.725557 -0.719179 -1.412164 -0.818167 -1.583819 0.874087 0.480087 0.586119 -0.505053 -0.374414 -0.047013 0.619015 1.052914 -0.255494 0.842537 -0.947086 0.204063 -0.137049 0.107661 0.211845 0.190022 0.203610 0.188887 0.153157 -0.056617 -0.007421 0.077097 0.230601 
