157.436203 -24.461138 -1.351830 0.960150 0.714419 0.726495 -0.004033 0.373369 -0.126620 -0.781082 0.213231 -0.258988 0.401524 -2.247326 -4.526973 -0.921177 -0.706363 0.511740 -0.322361 0.328028 0.169634 0.259726 -0.343304 0.557657 -0.094711 -1.629595 -1.437668 -0.495275 0.247366 -0.258049 -0.311322 0.293792 0.337080 0.061231 -0.127555 -0.315149 0.009333 
157.828232 -28.955791 -10.405776 -0.882203 -0.698306 1.749976 -0.648754 1.029425 0.212649 -0.261630 -0.473378 0.856325 0.212103 -5.506516 -7.402308 -1.911728 -0.211631 -0.004358 -0.945004 0.915612 0.843795 0.382188 -0.598414 -0.072642 -0.076044 0.759142 5.378743 1.663496 0.402082 -1.329099 -0.602750 -0.342094 0.159752 -0.304221 0.009976 -0.453011 0.003546 
0.000000 -35.474170 -16.156447 -2.863305 0.291157 0.717780 -1.894041 2.204593 1.560969 -0.016706 -0.983596 -0.404272 0.249437 -0.729043 6.230513 2.405816 0.097801 -2.146457 -1.527861 -0.356161 0.489139 -0.348715 -0.323353 -0.348366 -0.087619 3.586346 10.384967 2.370247 -0.827960 -0.835234 0.481165 -1.105770 -0.794372 -0.195289 0.227133 0.245602 -0.227401 
0.000000 -30.413877 2.055249 3.929429 -0.502704 -2.542938 -3.704476 0.317104 1.190926 -0.959060 -1.120085 0.159592 0.036866 1.666176 13.367625 2.828767 -1.867552 -1.674826 0.017326 -1.295929 -0.744950 -0.008390 -0.144147 0.418562 -0.530846 -0.606321 -0.286007 -2.570675 -0.495487 1.733453 1.326539 -0.432372 -0.460050 0.465221 0.127264 0.041321 0.044355 
172.412842 -32.141818 10.578803 2.794229 -3.443947 -2.631872 -1.859389 -0.387264 0.071070 -0.033486 -1.271890 0.432852 -0.812255 -1.941685 5.658499 -2.735534 -0.893172 1.320450 1.125218 -1.220904 -0.430962 0.581726 -0.068825 -0.265725 0.001091 -2.416698 -6.423921 -3.106096 1.313528 2.079458 0.478887 0.376806 1.014144 0.559443 0.155670 -0.289215 0.388599 
91.761391 -34.297247 13.372248 -1.541639 -2.289049 0.097962 -1.454040 -2.124704 0.329002 0.204391 -1.257734 -0.371859 0.039048 -3.167220 0.519783 -3.383425 0.759503 2.484091 0.975100 -0.542316 1.283338 1.110496 0.167192 -0.159868 0.246352 2.293876 -3.294814 0.366011 1.191987 -0.010450 -0.556054 0.934514 0.332594 -0.114548 0.073788 -0.013734 0.048794 
92.796753 -38.476258 11.618369 -3.972620 -1.924940 2.336309 0.090811 -1.471897 2.637747 2.187507 -0.937506 0.113117 -0.319552 2.646066 -0.931128 -2.003511 1.490801 1.299551 0.013110 0.648124 0.234226 0.352630 0.078751 -0.293193 0.098679 5.731592 -1.194136 1.729963 0.272216 -0.957110 -1.248775 0.766213 -1.451029 -0.879783 0.061826 -0.300928 0.239253 
187.611679 -29.005114 11.509992 -5.548661 0.692553 2.697063 -1.427819 -0.828455 0.797455 0.909652 -1.100231 -0.958244 0.236406 8.295964 -1.868489 0.076502 1.303936 0.569872 -1.522450 0.990110 -1.618721 -0.649069 0.290844 -0.761723 0.724857 0.497371 -0.461211 1.129888 -0.191011 -0.835490 -0.121218 0.063532 -0.668019 -0.371632 0.161474 0.312432 0.127761 
185.885895 -21.884329 7.881391 -3.819616 0.682931 3.476053 -2.954089 0.508324 -0.599694 0.889369 -0.355817 -1.410330 1.130162 3.640808 -1.853549 0.256265 1.108780 -0.371430 -0.229325 0.775189 -1.101812 -0.390634 0.401699 0.331672 0.354200 -4.008677 1.107961 -0.580733 -0.071141 -1.032363 1.296155 -0.806521 0.797957 -0.243449 -0.182743 1.025216 -0.774908 
179.168503 -21.723498 7.802894 -5.036131 2.910113 1.954202 -1.886469 0.721923 -1.406169 0.128383 -0.296834 -0.294901 0.944805 0.278610 0.347432 -1.084964 1.161654 -1.494855 1.069859 -0.622932 -0.022807 -1.135967 -0.074642 1.288708 -0.824959 -0.971119 0.719507 0.090608 -1.013453 -0.056429 0.245741 -0.687968 0.660848 -0.137013 -0.180996 -0.081465 -0.426397 
165.207306 -21.327109 8.576256 -5.989544 3.006240 0.486342 -0.814370 -0.737540 -0.645309 -1.382566 -0.505102 1.167086 -0.519756 1.698570 -0.414535 0.437482 -0.918125 -0.484288 0.262157 -0.600747 0.219885 -0.664660 0.039707 0.168742 -0.498595 0.566074 -0.578576 1.423231 -1.391591 0.786514 -0.837398 0.437820 -0.014023 0.793820 0.080254 -1.274651 0.725565 
153.462082 -18.326359 6.973824 -4.161168 1.073863 0.985627 -1.362154 -0.479571 -0.966399 -1.200938 -0.217419 0.042583 -0.052384 1.410758 -0.809719 1.761498 -1.621528 0.078173 -0.604936 0.252708 -0.050854 0.451673 0.085866 -1.260594 0.626170 -0.964133 -0.111337 0.417730 0.245423 -0.007369 -0.319505 0.246159 -0.078877 0.600038 0.065695 -0.517220 0.413796 
141.679642 -18.505593 6.956818 -2.466548 -0.236816 0.642688 -2.024242 -0.232123 -0.747018 -0.479219 -0.333369 -1.354102 0.732584 -0.229697 -0.637208 1.272942 -0.427279 -0.499027 -0.376853 -0.108428 0.062131 0.535416 0.171098 -0.865697 0.328997 -1.548171 -0.231665 -0.436540 1.416527 -0.228835 0.429739 -0.674357 0.338057 -0.317765 -0.129089 0.789026 -0.635153 
144.249817 -18.785752 5.699407 -1.615285 0.219306 -0.012427 -2.115860 -0.696427 -0.842137 -0.130106 0.124776 -1.688810 0.605610 -1.685584 -1.273048 0.888417 1.211526 -0.379498 0.254542 -1.096005 0.625259 -0.183857 -0.172312 0.317458 -0.644137 -1.531836 0.185140 -0.299096 0.676653 0.792849 0.067980 -0.468372 0.288569 -0.425558 -0.342448 0.965233 -0.458280 
148.093460 -21.876760 4.410721 -0.689714 2.186236 -0.116307 -1.515159 -2.424134 0.503500 -0.846932 -0.677994 -0.719185 -0.555690 -3.293369 -0.266928 0.674749 0.926027 1.086672 -0.240894 -1.045172 0.639269 -0.315701 -0.513799 1.064768 -0.587562 -0.948235 1.446531 0.546748 -1.768725 0.828141 -0.920801 1.095103 -0.255537 0.284825 -0.141215 -0.033480 0.533561 
153.294006 -25.372489 5.165551 -0.265787 2.071360 2.160917 -2.597648 -2.786771 0.436401 -0.761508 -0.902821 0.440727 -0.569515 -3.582054 1.620013 1.981913 -2.325923 1.276784 -1.587060 1.094201 0.114184 0.385794 -0.454742 0.250499 0.422986 -2.226860 1.098723 1.132678 -1.391047 -1.101292 0.155462 1.963582 -0.370715 0.298695 0.194412 -0.848247 0.578164 
154.458298 -29.040869 7.650747 3.274113 -2.465610 2.437261 -4.689279 -0.235732 0.731869 -0.075344 -1.587479 -0.218187 0.290281 -7.747088 1.930518 2.940105 -1.856066 -1.115912 0.070030 2.881992 -0.102162 0.281689 -0.124976 -0.631725 0.568766 -2.423284 -1.610905 -1.662652 4.041628 -1.950858 1.297205 0.827952 -0.786838 -0.430491 1.032273 -0.387317 -0.405062 
154.006500 -40.866665 9.026588 5.614424 -1.640772 -0.070907 -2.457588 2.977213 0.232078 -0.198130 -1.152772 -0.822724 0.568017 -8.428621 -1.601798 -1.343390 5.757332 -2.624933 1.007351 2.750105 -1.459491 -0.475187 1.609804 -0.524134 -0.387139 4.409499 -1.996700 -3.201604 3.364623 1.591099 1.245403 -2.057086 -1.124596 -0.153340 0.629786 0.196952 -0.756562 
152.570633 -45.898112 4.447152 0.587333 9.049055 -2.812604 -2.674577 5.264479 -2.187113 -1.025718 1.632129 -1.266454 -0.483996 1.071910 -2.062882 -3.463103 4.873179 2.066287 2.560837 -1.232180 -2.351354 -0.024992 1.134596 -0.237821 -0.944358 4.983213 1.147217 0.587035 -3.863410 3.216827 1.081089 -3.034340 0.423003 0.598378 -1.239002 0.394487 0.029734 
173.751434 -38.722844 4.900825 -1.311782 8.105586 4.061667 2.664086 0.512852 -4.470630 -0.248113 1.116420 -1.298365 -1.320698 1.537804 0.692637 -0.169320 -1.969488 3.808722 3.169528 -3.318576 -0.613486 0.721568 -0.868200 0.264840 -0.327670 -2.013652 -3.245599 3.021071 -2.438144 -2.121017 -2.098913 1.395131 2.100356 -0.197038 -0.553226 0.535677 0.418609 
172.477051 -42.822503 5.832425 0.248693 5.110078 4.804841 3.664479 -1.372672 -3.414084 0.417418 -0.104271 -0.736774 -1.139336 -2.955394 -8.554080 2.579040 -0.003109 -2.175747 -1.636990 1.558081 1.849358 -0.419068 0.028143 0.833534 -0.107141 -0.553495 -7.038675 0.161069 1.306269 -3.169234 -2.717040 2.974255 1.135776 -0.593881 0.907879 0.266580 0.363552 
171.718643 -44.633632 -12.207334 3.846298 8.099367 -0.289828 -0.609894 3.629015 -0.771915 -1.086249 1.172706 0.368703 -1.534980 0.430815 -13.384713 0.152818 0.643050 -2.529746 -2.264552 2.629934 1.658067 -0.466193 0.947557 0.798000 0.399434 1.523664 3.662482 -1.462475 -0.189216 1.269108 1.184518 -0.773779 -0.857496 0.326807 0.011851 -0.440814 0.269838 
0.000000 -41.960874 -20.937001 0.554328 6.396178 -0.254651 -0.864624 3.887195 -0.097951 -0.514968 1.790844 0.859225 -0.340468 0.091935 -1.229115 -0.345911 -0.381541 0.362469 0.732046 0.010523 0.134366 0.234546 0.051845 -0.048094 0.432535 -1.667682 10.809289 0.845895 0.329184 1.640036 1.853112 -1.772100 -0.859332 0.457690 -0.744223 -1.031196 -0.157867 
168.138031 -44.449762 -14.665564 3.154477 7.336284 0.435111 0.854198 3.650061 -0.503184 -0.617158 1.276397 0.272515 -0.669910 -2.904549 8.233864 1.844607 1.301418 0.750326 1.441673 -0.914266 -0.060598 0.449187 -0.540889 -1.264393 0.083699 0.415189 6.032572 -0.554321 -0.326364 0.851304 -0.302704 -1.403526 -0.276521 0.325269 -0.128037 -0.066532 -0.045074 
149.293411 -47.769972 -4.469273 4.243543 8.999015 1.246001 2.018722 2.058663 -0.219146 0.383407 0.709067 -1.669561 -0.173071 0.922313 10.836030 -1.454553 -1.034270 2.065078 0.126638 -2.796529 -0.418677 0.885085 -0.204229 -0.181159 0.342387 6.427686 -1.214646 -2.705561 -1.921913 0.325180 -1.599522 -0.244214 -0.545351 0.051540 0.089663 0.953715 0.267524 
153.007339 -42.605137 7.006495 0.245370 5.267745 4.565267 1.107475 -1.942997 -1.340537 1.153011 0.867939 -0.089802 0.014865 9.950824 5.804572 -3.566514 -2.542407 1.400685 -1.757371 -1.402694 -1.151301 0.552267 -0.361562 0.643037 0.618747 2.399403 -5.522387 0.110485 -0.285421 -1.408248 -0.757473 1.968544 0.197705 -0.416840 -0.277048 -0.089609 0.086021 
153.821396 -27.868325 7.139871 -2.889486 3.914201 4.047371 -1.496020 -0.746725 -2.521747 1.487942 -0.014058 -0.383487 1.064423 5.721119 -0.208744 -1.233584 -1.605112 -0.751417 -1.388307 1.140559 -0.023266 0.051405 -0.758326 -0.360376 0.514430 -6.667598 -6.365819 2.828309 1.251258 -1.171889 0.911603 1.311296 1.551822 -0.398014 -0.202016 -0.298364 -0.373364 
153.199936 -31.162899 6.589008 -2.221797 2.057521 3.062433 -1.669140 0.338120 -1.387070 1.255822 -0.648712 -0.810554 1.043725 -3.384372 -6.927065 2.090105 -0.039892 -0.943093 0.065835 1.219899 1.952343 -0.243761 -0.765594 0.046309 -0.127981 -1.274365 -2.434242 0.676325 1.211327 0.265994 0.183836 -0.686777 0.412156 -0.098294 0.314484 0.294545 -0.124398 
149.551590 -34.637068 -6.714260 1.290724 3.834418 2.161185 -1.364349 1.693072 1.382938 1.000420 -1.545246 -0.290869 0.808461 3.172389 -5.077227 0.119066 0.817541 -0.219429 -1.020636 -0.232996 0.801046 -0.145183 -0.129357 0.228713 0.265633 5.709804 5.866043 -1.281051 -0.984129 0.215205 -0.969858 -0.670527 -1.600757 -0.123064 0.624254 -0.269026 0.173972 
0.000000 -24.818121 -3.565447 -1.983665 3.692604 2.623575 -3.710411 -0.127872 0.215022 0.965456 -0.907426 -0.353128 1.574992 8.035236 4.805021 -0.471998 -2.008149 -0.512683 -1.873882 -0.121156 -1.249171 -0.489889 0.482913 -0.491743 0.219964 0.789654 4.686959 0.145946 -1.807675 -0.573179 0.299864 0.583854 -0.720541 -0.277575 0.322001 -0.262888 -0.380670 
172.492279 -18.566597 2.895783 0.346727 -0.181880 1.135819 -5.112113 1.450760 -1.115404 0.020641 -0.579420 -1.274356 1.248389 4.751696 4.296691 0.410958 -2.797809 -1.365787 -0.420909 0.934713 -0.640036 -0.700334 0.514644 -0.297063 -0.495707 -3.194163 -2.056309 -0.294200 0.601926 -0.267185 1.065077 -0.182093 0.886591 0.030894 0.068208 0.102480 -0.273183 
176.666931 -15.314729 5.027936 -1.161749 -1.903014 -0.107998 -4.552229 1.741553 -1.065050 -0.435211 0.121862 -0.947255 0.583579 1.646910 0.692403 -1.060398 -0.804296 -1.047054 0.256273 -0.485342 0.524011 -0.428100 0.619329 -0.286784 -0.326402 -2.746208 -1.882040 -0.380547 1.511608 0.985019 0.516367 -0.780022 0.694565 0.109926 -0.136529 0.175962 0.073225 
92.634598 -15.272778 4.280588 -1.774069 -1.790473 -0.958289 -4.599566 0.480077 -0.067382 -0.835560 0.659238 -1.847923 0.595585 -0.740720 0.532611 -0.350136 0.225407 0.604251 0.611826 -0.625331 0.749094 -0.480482 0.241586 0.054861 -0.349257 -0.988917 -0.364418 0.787822 0.848828 0.645345 0.339217 0.268478 -0.232240 0.154421 -0.217102 0.208439 0.001997 
92.978584 -16.796170 6.093158 -1.862021 -1.452200 1.100503 -3.328577 0.490891 0.433138 -1.396175 0.605033 -0.837532 -0.114935 -0.330924 -0.036434 0.515246 0.893361 0.243635 0.934706 0.051614 0.059531 -0.119258 0.185125 0.130094 -0.322409 1.382326 -1.222856 0.560627 0.201527 -0.977150 -0.236056 0.067695 -0.562131 0.300736 -0.268417 -0.111069 0.211899 
175.285614 -15.934626 4.207720 -0.743578 -0.003751 -0.471018 -2.730154 0.583304 0.051679 -1.074076 1.029489 -1.587735 -0.049233 2.023932 -1.913102 0.771118 0.628460 -1.350049 0.139714 -0.489941 -0.375169 0.120991 -0.295249 -0.167276 0.074541 0.786149 -0.441428 -0.426139 -0.468614 -0.526667 -0.451005 -0.190099 -0.239380 0.174141 -0.502095 0.110044 0.203955 
161.905640 -12.748306 2.266955 -0.319785 -0.195279 -1.599595 -3.049150 -0.488991 -0.317200 -1.154192 0.014536 -1.172084 0.034147 1.241374 -0.919290 -0.337032 -0.043868 -0.809699 0.032696 -0.328584 -0.419228 0.229025 -0.819065 0.350181 0.085501 -1.504225 1.197028 -0.754519 -0.083702 0.497391 -0.163465 0.404160 0.181708 0.053825 -0.034657 0.283859 -0.106022 
151.259964 -13.451879 2.369141 -1.417641 -0.091487 -2.090415 -2.664762 -0.073864 -0.786778 -0.616026 -0.608641 -0.887372 0.121769 -0.984517 0.480955 -0.737920 0.461057 -0.355268 -0.187217 0.318378 -0.011752 0.228641 -0.364563 0.400442 -0.137504 -1.596671 0.871036 0.137379 0.206880 0.303696 -0.096761 0.293342 0.255465 -0.099510 0.406479 0.016055 -0.247700 
149.073441 -14.717340 3.228865 -1.795625 0.726835 -2.310131 -3.423584 0.147765 -0.340705 -0.696911 -0.714591 -0.371200 -0.240861 -1.951969 0.822781 -0.062273 0.369891 -0.202306 -0.160826 0.258100 0.091701 0.030005 -0.006108 0.382291 -0.409900 -1.098400 0.655499 0.506990 -0.139387 -0.024202 0.164176 0.135845 -0.216387 0.332254 0.305513 -0.366421 -0.139934 
146.831772 -17.355817 4.014704 -1.542187 0.648295 -2.495026 -2.986413 0.442336 -0.603376 -0.556017 -0.620858 -0.122791 -0.698032 -3.181317 1.791953 0.276060 0.182283 -0.403672 0.141135 0.590069 -0.444525 0.893148 0.246462 -0.332400 -0.417372 -1.323838 1.023960 0.697404 0.111656 0.220372 0.388237 0.110567 -0.092150 0.288937 0.132667 -0.403053 0.244551 
143.486649 -21.079975 6.812770 -1.243505 1.091401 -3.117476 -3.141314 1.327902 -1.229756 1.089385 -0.221667 -1.036001 -1.075606 -4.599645 2.870702 1.332534 0.593203 0.238439 0.615648 0.479234 -0.092599 0.607878 0.259226 -0.423815 0.079202 -1.124569 0.191732 0.899292 0.151722 -0.028580 0.554722 -0.198609 0.457398 -0.703444 0.069008 0.083216 0.391825 
141.897049 -26.555107 9.756107 1.122881 1.834701 -2.018148 -1.755117 1.400805 -0.788575 0.659740 -0.102405 -0.970422 -0.539629 -5.430455 2.175416 2.074644 0.485727 -0.460833 1.250579 0.192850 0.470271 -0.513740 0.384478 -0.165968 0.366278 -0.479647 -0.803026 0.037238 -1.052250 -0.159822 0.217374 -0.251562 0.499187 -0.445084 0.070379 0.064764 0.103883 
140.551620 -31.940886 11.163603 2.905784 2.062855 -4.039141 -0.640156 1.713603 -0.289214 0.061906 0.547289 -1.367937 -0.343050 -5.558939 1.264650 1.407010 -1.511297 -0.081205 1.050396 -0.023890 0.905774 -0.282290 0.399984 -0.294288 0.286967 1.405909 -1.597245 -2.400761 -0.894530 2.968793 -0.032508 -1.144402 0.465854 0.516627 -0.120439 0.226241 -0.069361 
143.392609 -37.672984 12.285407 3.936901 -1.187893 -2.180558 0.345674 1.353025 1.022973 0.095161 0.697562 -1.558997 0.034306 -2.618638 -1.019073 -2.726877 -1.303332 5.476753 1.185563 -2.095954 1.401979 0.519514 0.143600 0.286514 0.227557 2.354240 -2.082855 -3.172973 1.741546 3.097996 -0.018967 -0.902537 -0.669644 0.103421 -0.544148 0.531304 -0.199147 
144.608017 -37.178161 9.125457 -2.547971 -0.543810 6.914366 1.730970 -2.478305 2.514744 1.100934 0.834488 -0.794908 0.112064 -0.850458 -2.901060 -4.938936 1.971795 6.114787 1.012461 -1.828964 -0.433514 -0.075448 -0.688313 0.768321 -0.111326 0.577078 -0.246339 0.644283 1.520817 -1.853385 -0.479864 1.292153 -1.130268 -0.333495 -0.267679 -0.006771 -0.249168 
155.409225 -39.373901 6.483288 -5.940970 2.755696 10.049017 2.370596 -2.304903 0.155946 -0.055734 -0.679064 -0.022356 -0.188346 -1.464481 -1.511751 -1.438311 1.738302 1.769984 0.225835 0.488351 -0.858556 -0.147475 -0.391757 0.272973 -0.270778 2.716969 0.422488 3.024616 -1.006267 -3.486710 -1.077116 1.505545 0.046450 0.285354 0.681139 -0.681832 0.139252 
170.455536 -40.107124 6.101954 -5.424592 2.932794 10.454333 2.182641 -1.501603 0.797632 0.805985 0.050973 -0.248962 -0.429493 4.583480 -2.056083 1.110297 -0.040739 -0.858633 -1.141772 1.182126 -0.340614 0.495261 0.673965 -0.595344 0.167177 5.217590 -0.327274 1.953980 -1.214987 -2.012644 -1.150715 -0.200790 0.254784 0.054100 0.189363 -0.335238 0.137995 
180.744583 -30.206941 2.371123 -3.720377 2.674219 8.331750 0.087053 0.059348 -0.525283 0.934787 0.668867 -1.213044 0.146009 8.970698 -2.166300 2.469649 -0.691671 -2.255305 -2.075594 0.086771 -0.348988 -0.039274 -0.013031 -0.397502 0.005212 0.292178 0.798308 0.338269 -0.165453 -0.560067 0.113735 -0.906499 0.122745 -0.175029 -0.333532 0.332305 -0.245987 
185.186859 -22.165728 1.769354 -0.485294 1.549452 5.943724 -1.968547 -1.328062 0.099656 0.727436 0.024911 -1.043965 -0.419069 5.167836 -0.459467 1.786835 -0.371646 -1.978767 -0.914302 -0.630872 -0.095124 0.145203 0.006902 0.069266 -0.324796 -4.196522 0.525074 -0.927212 0.458706 0.394603 0.900763 0.102530 0.216077 0.057615 0.124294 0.306529 -0.004332 
176.870926 -19.871268 1.452190 -0.146706 1.930927 4.374216 -1.741551 -1.202396 -0.715530 1.225193 0.682671 -1.074511 -0.503583 0.577654 -1.116152 0.615226 0.225741 -1.466099 -0.274068 0.291830 0.083165 0.075957 0.235557 0.215556 -0.003452 -4.309547 0.378929 -0.101302 0.116686 0.176110 0.436926 0.719157 0.450591 -0.287752 -0.056038 0.208425 0.211252 
165.680405 -21.010419 -0.462950 0.745158 2.000935 3.011527 -2.516684 -0.744401 0.265986 0.879350 0.496025 -0.612854 -0.425973 -3.451258 0.298392 1.584230 -0.138273 -1.626546 -0.040451 0.807443 0.806058 -0.430300 -0.105175 0.486116 0.097708 -5.251913 0.293746 1.102477 0.656279 0.309326 0.918323 0.227244 -0.116158 -0.382744 -0.081149 0.003351 0.075275 
160.115295 -26.773784 2.048974 3.021754 1.654382 1.121123 -1.822452 0.412490 0.896586 0.364593 0.472321 -0.102279 -0.308166 -9.926172 -0.528661 2.820179 1.538300 -0.847446 1.562578 0.746319 -0.149151 -0.689532 0.073258 0.222257 0.147098 -0.279081 -4.482792 -2.167200 1.810865 1.487477 0.526703 -0.649374 -0.530033 0.434247 -0.179078 -0.340282 -0.022032 
157.784943 -40.862763 -1.520272 6.385516 5.077534 1.316635 0.608473 0.748237 -0.032315 -0.499714 0.642542 -0.168340 -0.131776 -4.009421 -8.667192 -2.750171 3.483457 1.348408 1.012956 -0.491305 -0.254007 0.438194 -0.463331 -0.194449 0.053644 9.173914 -0.130845 -3.237834 -0.764484 0.466163 -1.431665 -1.232433 0.097615 0.876854 -0.114839 -0.087082 -0.063598 
158.282211 -34.792626 -15.285409 -2.478587 8.621296 3.817938 0.203461 -0.570121 0.388572 1.240980 -0.454340 -0.491177 -0.200879 8.421657 -0.790351 -3.655490 0.009331 0.084880 -1.300752 -1.718547 0.046079 1.064176 -0.156419 0.048093 0.019902 5.123055 9.312136 2.121571 -3.654927 -1.585840 -1.073592 0.001722 -0.039310 -0.306321 0.066224 0.094867 -0.106619 
0.000000 -24.019449 -3.100973 -0.925464 5.096196 1.486394 -1.993031 -2.688856 0.059843 1.628638 0.329703 -0.072155 -0.091971 6.236689 9.957080 1.492971 -3.826398 -1.823273 -1.134228 -0.487861 -0.332627 -0.174448 -0.330882 -0.004715 -0.159593 -3.984149 3.132915 2.331813 -1.827819 -0.658045 0.190980 1.987044 -0.283991 -1.252232 -0.128471 -0.154685 -0.019047 
159.919159 -22.319247 4.628752 0.507355 0.968500 0.171392 -2.064994 -1.545844 -0.276683 0.892083 -1.116104 -0.500608 -0.520066 0.453359 5.475478 1.008135 -3.646306 -1.231210 -0.918792 2.255540 -0.521904 -1.440288 -0.413361 -0.261277 -0.018191 -2.997604 -4.216739 -0.855632 1.472404 0.292356 0.274561 0.951464 0.235342 -0.609938 0.424333 -0.125872 0.371695 
160.125763 -23.112732 7.849984 1.090807 -2.196417 -0.976026 -3.830615 1.822225 -0.983965 -1.251939 -0.497020 -0.594709 -0.128353 0.241482 1.523602 -0.218294 -0.881589 -1.238561 -0.585106 1.415066 0.138056 -1.394324 0.517783 -0.256460 0.583797 0.228650 -2.903954 -0.434259 1.838351 0.205017 0.805222 -0.929449 0.230739 0.501133 0.371852 -0.002176 0.275487 
160.090347 -21.836283 7.675956 0.070768 -0.794678 -2.305731 -3.235206 1.284289 -0.000571 -1.896564 -0.080538 -1.013527 0.647528 0.910659 -0.332430 0.139617 0.030397 -0.821177 0.691652 0.396642 -0.060427 -0.438023 0.330342 -0.265630 0.532784 -0.677966 -0.901206 0.422446 0.183558 0.918363 0.481212 -0.093564 -0.742269 0.610163 -0.099722 0.109318 -0.281276 
159.871918 -21.291414 7.185124 1.370040 -2.135623 -2.618380 -2.447310 2.615509 -1.104818 -2.127984 0.163665 -1.125969 0.937215 -1.114449 -0.278810 0.626598 -0.514473 0.598164 0.377318 1.227939 -1.346482 -0.173998 0.318339 -0.037823 0.021244 -4.293002 0.184364 -0.770110 0.955705 0.819147 -0.360156 0.458794 -0.186244 -0.221464 -0.083078 0.533682 -0.473484 
161.000381 -24.065182 7.118337 1.323965 -1.823624 -1.109402 -2.480570 3.740167 -2.693535 -2.244560 0.556141 -1.089172 0.690017 -7.675346 0.036299 -1.400604 1.941806 0.817118 -0.028660 1.314231 -0.432914 -0.880951 0.164187 0.801735 -0.414184 -0.757057 0.113844 -0.097316 0.428834 -0.312463 -0.501885 0.247991 0.578790 0.208998 -0.325021 0.217586 -0.026623 
161.389496 -36.642106 7.257721 -1.431168 1.747988 -0.984144 -2.504631 5.243971 -1.970646 -3.889887 0.492039 0.477500 0.108846 -2.628563 -0.051122 0.431966 0.343195 -0.026761 -0.626453 1.723921 -0.188903 0.243998 -0.331702 0.397349 -0.032001 5.667623 -0.078557 1.605068 -1.692209 -0.453254 -0.292881 -0.171106 -0.058717 0.973806 -0.231919 -0.593861 0.336384 
162.826096 -29.322307 7.016092 2.187898 -1.137235 -1.162924 -3.733475 7.188008 -3.071342 -1.756564 -0.107263 -0.294473 0.626015 3.659899 -0.120815 1.809533 -1.442612 -0.089390 -0.614422 0.972019 -0.550348 1.066661 -0.299651 -0.385987 0.258584 3.144231 -0.034846 0.688783 -0.892903 -0.031315 0.006015 -0.375951 -0.180722 0.411332 0.016026 -0.391668 0.145293 
