142.588943 -13.253928 1.730390 1.045462 0.886606 4.123277 -1.884307 1.183506 -1.343059 0.684968 -1.683380 -1.966366 1.184956 -1.965746 0.185327 0.240289 -0.007382 -0.300972 0.138450 0.139126 0.390080 0.174295 0.297438 -0.170241 0.219098 -2.941513 -1.025575 0.245778 -0.016264 -0.273107 0.362544 0.278349 0.190890 -0.230568 0.184990 0.056693 -0.265659 
143.013596 -17.185419 2.101044 1.526039 0.871842 3.521333 -1.607406 1.461758 -0.562900 1.033558 -1.088505 -2.306849 1.623152 -7.848771 -1.865822 0.731844 -0.039911 -0.847186 0.863538 0.695824 0.771859 -0.286840 0.667418 -0.056856 -0.312220 -3.764181 -1.356786 -0.654994 0.142557 -0.789556 0.462381 1.298301 0.117358 -0.673183 0.138221 0.402092 -0.612266 
140.932953 -28.951470 -2.001254 2.509150 0.806784 2.428905 -0.157231 2.575155 0.200659 0.111288 -0.348545 -2.080078 0.560516 -9.494108 -2.528244 -1.069699 0.277733 -1.880085 1.063213 2.735728 0.624796 -1.172071 0.573880 0.633942 -1.005434 3.062681 1.520121 -1.796811 0.662828 -0.017225 -0.389792 0.568395 -0.283380 0.394494 0.027735 -0.016361 -0.199385 
142.924728 -36.173636 -2.955444 -0.613359 1.427307 -0.238836 0.519020 6.933213 0.686693 -1.310583 0.059256 -1.038965 -0.387715 -1.723410 1.174420 -2.861778 1.285744 -0.881635 0.083953 1.832614 0.205098 0.502147 0.722887 -0.089577 -0.710989 7.166404 2.620393 -0.342318 0.811308 1.637960 -0.276948 -2.200908 -0.602450 1.193509 -0.220657 -0.633488 0.411410 
148.637268 -32.398289 0.347586 -3.214406 3.378273 0.665635 0.010676 6.240383 0.610855 1.115582 1.097229 -2.259232 -0.861462 4.838699 2.712542 -1.754336 1.900348 1.395835 0.509318 -1.666089 -0.580104 1.214948 0.132567 -0.633034 -0.182614 3.027388 -0.233471 1.360536 -0.175469 1.274978 0.551802 -1.985428 -0.530927 -0.454874 -0.754241 0.239335 0.562112 
0.000000 -26.496237 2.469640 -4.122031 5.228003 2.552833 1.537655 3.601036 -0.473515 1.119312 0.324389 -2.305033 -0.752942 4.331367 0.707477 -0.140706 0.934807 1.668322 1.187558 -2.138242 -0.856755 -0.407601 -0.785595 0.389093 0.413235 -1.166875 -1.851567 1.231981 -1.128904 -0.289051 0.060654 0.322643 0.168054 -0.938818 -0.366672 0.591481 0.477942 
0.000000 -23.735554 1.762540 -3.495818 5.247886 4.002279 2.385793 1.963898 -1.102655 0.300381 -0.473961 -1.481045 -0.034993 2.504949 -0.990592 0.709626 -0.357460 0.817733 0.630626 -1.020803 -0.243996 -0.662688 -0.600777 0.549928 0.773270 -1.949792 -1.059289 0.489678 -0.881019 -0.975038 -0.440498 1.207529 0.727893 0.219124 0.457277 -0.040867 0.146673 
0.000000 -21.486340 0.488456 -2.702778 4.513084 4.188299 2.798908 1.559430 -0.961506 -0.206063 -0.877164 -1.205177 0.793599 0.431784 -1.411100 0.838650 -0.827231 -0.281755 0.306563 0.276816 0.599030 0.030648 0.128959 0.307359 0.706580 -2.246768 0.619249 0.080749 -0.074555 -1.099200 -0.435690 1.064758 0.772321 0.787003 0.412802 -0.323706 -0.352739 
0.000000 -22.871987 -1.059660 -1.818518 3.593424 3.438769 2.998918 2.517531 0.095406 0.361678 -0.216042 -0.866327 1.378167 -1.988588 0.247906 0.871124 -0.506569 -1.380666 -0.240754 1.108713 1.300646 0.911319 0.224827 -0.097483 0.067793 -1.091270 2.571523 -0.247490 0.727324 -1.578622 -0.870294 0.032519 0.019102 0.317890 0.000116 -0.259428 -0.654966 
0.000000 -25.463516 0.984268 -0.960530 3.499946 1.426967 2.317400 3.776856 1.639785 1.616574 -0.427510 -1.400142 0.929185 -1.750756 3.731946 0.343669 0.627417 -3.438999 -1.434026 0.341855 0.637235 0.666428 0.129192 -0.211498 -0.603352 0.712741 1.730073 0.341207 0.716165 -0.949800 -0.697856 -1.037869 -0.939120 -0.603872 -0.098437 0.143794 -0.376104 
0.000000 -26.373499 6.404232 -1.131180 4.848258 -3.439228 0.130867 3.201241 1.369876 1.694534 0.042343 -1.289323 0.171464 -0.563106 3.708053 1.553539 0.925760 -3.280267 -1.636467 -0.967025 -0.577594 -0.296425 0.027953 0.190105 -0.684414 -0.030648 -0.665568 1.406517 -0.308869 1.208966 0.187691 -0.541320 -0.779441 -0.445045 0.194080 0.209913 0.026889 
134.924072 -26.589728 8.400374 2.146547 5.351466 -5.133567 -0.955533 1.842806 0.484597 1.023724 -0.371603 -1.019933 -0.439644 -1.812053 2.400811 3.156704 0.009678 -1.021066 -1.058644 -0.740786 -0.921647 -0.223662 0.517352 0.208327 -0.549573 -1.784673 -0.983304 0.467835 -0.664888 1.896204 0.453171 0.178593 -0.102688 0.139634 0.434972 -0.094418 0.437719 
129.644897 -29.997605 11.205853 5.182227 4.867615 -5.481360 -1.986421 1.719669 -0.473417 1.247210 1.077046 -0.872669 -0.927681 -4.132452 1.741444 2.489208 -0.404015 0.512140 -0.730126 -0.609840 -0.782969 -0.017158 0.897898 0.001268 0.191023 -1.807092 -1.050202 -1.023842 -0.747775 1.547229 0.582355 -0.319564 0.524010 -0.016692 -0.370608 0.127005 0.403936 
128.967728 -34.854633 11.883263 7.124964 4.543436 -4.109287 -2.415785 0.623126 -1.081341 0.989409 1.424193 -1.017396 -0.057597 -5.426237 0.300406 1.109019 -1.485872 2.073391 0.106066 -1.379914 0.126374 -0.257045 -0.223864 0.462337 0.258300 -2.635147 -1.991885 -1.288166 -0.613037 0.644605 0.663762 0.031170 0.657973 -0.143269 -0.693841 0.320773 -0.179258 
127.920395 -40.850079 11.806665 7.400265 1.895872 -1.334577 -1.774288 -1.040159 -0.220670 0.733121 0.629318 0.052005 -0.411080 -9.402746 -2.242326 -0.087124 -1.630090 1.801350 0.597397 -0.547499 0.532977 -0.303695 -0.489784 0.642815 -0.167493 -1.598131 -2.090419 -1.230667 -0.094089 -1.452943 -0.371665 0.998800 0.362570 0.399647 0.107555 -0.363745 -0.275141 
0.000000 -53.660125 7.398612 6.950715 1.283257 -0.506586 -1.220990 -0.471872 -0.015387 0.382019 0.444626 0.268233 -0.392582 -8.622499 -3.880433 -1.352316 -1.674049 -0.832494 -0.637264 0.617685 0.851514 0.542249 -0.008754 -0.265154 -0.291981 8.219820 0.979767 0.032149 -1.372248 -1.623332 -1.193947 0.488081 -0.397444 0.195076 -0.274050 -0.600776 -0.041347 
0.000000 -58.095077 4.045798 4.695634 -1.452227 -2.999565 -3.048815 0.195212 1.482358 1.817619 0.611810 -0.478302 -0.995042 7.036895 -0.282792 -0.022827 -4.374585 -1.445314 -1.790496 0.428664 -0.261911 0.086456 -1.037883 -0.558736 -0.250187 12.292266 2.174618 0.821081 -0.275010 0.538481 0.127218 -0.731785 -1.000996 -0.342789 -0.730925 -0.534547 0.183695 
0.000000 -39.586336 6.833028 6.905061 -7.465913 -3.397215 -4.801983 0.385455 -0.539208 0.554931 -1.631140 -0.849240 -0.892957 15.962032 0.468803 0.289847 -2.224069 0.244469 -0.382827 -0.845885 -1.150478 -0.143328 -1.470605 -1.334249 0.075410 1.242967 -0.250352 -0.973865 2.798735 1.245520 1.459044 -0.613072 -0.013624 0.170615 0.431558 -0.324558 0.245692 
132.447159 -26.171013 4.983404 5.275328 -5.900365 -2.510627 -3.814468 -1.496557 -0.818597 1.530962 -2.329400 -3.146800 -0.844223 9.522829 -0.783496 -1.970557 1.222885 1.045727 1.127591 -0.797481 -0.289158 0.427686 -0.174768 -1.207853 0.241197 -6.236006 -0.293154 -0.826031 1.330314 0.345330 0.373522 0.544193 0.454599 0.014687 0.748635 0.724706 0.046481 
125.190735 -20.540678 5.266037 2.963947 -5.020142 -1.305761 -2.546800 -1.209507 -1.117525 1.410302 -1.980675 -3.264945 -0.410563 3.490020 -0.117505 -1.362215 0.436559 0.935129 0.364217 0.242501 -0.241280 -0.113955 0.026664 0.115164 0.168371 -4.977049 0.761003 0.717934 -0.747645 -0.320287 -0.719993 0.412903 0.148105 -0.443614 -0.059603 0.801511 -0.154161 
119.429276 -19.190974 4.748394 2.550899 -5.027246 -0.640370 -3.086033 -1.011555 -1.301158 1.303053 -2.276071 -2.916472 -0.507481 -0.431269 0.738511 -0.534688 -0.272405 0.405153 -0.312394 0.028326 0.007051 -0.459543 -0.293975 0.395170 -0.067125 -1.919160 -0.066297 0.892731 -0.399199 -0.049225 -0.353084 0.166449 0.053213 -0.161575 0.110545 0.081170 0.092591 
117.739014 -21.403215 6.743060 1.894570 -5.564951 -0.495455 -3.171589 -1.152855 -1.103423 0.491216 -2.568624 -2.474605 -0.544813 -0.348301 -0.250099 0.423248 -0.361838 0.836680 -0.341950 0.575400 -0.134854 -0.437104 0.247754 0.277505 0.353552 0.690850 -1.172541 0.491907 0.200170 0.167529 0.032339 0.255058 -0.218123 0.256315 0.413617 -0.113175 0.232270 
116.046593 -19.887575 4.248196 3.397394 -5.750923 1.032990 -3.769934 0.139245 -1.570867 0.428845 -1.780563 -2.361462 0.199623 0.950432 -1.606570 0.449125 0.127935 0.740211 -0.247715 0.538441 -0.429195 0.053086 0.533260 0.168820 0.397415 -0.350469 0.072962 -0.548260 0.386716 -0.760301 0.346226 -0.414012 -0.021948 0.265261 0.046091 0.005407 -0.162672 
114.400497 -19.502352 3.529919 2.792821 -5.309082 0.984967 -3.667020 -0.075973 -1.961814 0.597388 -1.502104 -2.136965 0.250016 -1.049240 -0.104175 -0.673272 0.411594 -0.683922 0.350501 -0.252624 -0.178750 0.093418 0.339936 0.288318 0.028208 -2.573647 1.199937 -0.848787 0.009622 -0.673823 0.360894 -0.471317 0.201671 0.171228 -0.176309 -0.006683 -0.213368 
114.184227 -21.986055 4.039846 2.050850 -4.927735 -0.334855 -3.068932 -0.366003 -1.928367 0.615681 -1.100690 -1.784827 0.256040 -4.196862 0.793303 -1.248448 0.147178 -0.607434 0.474073 -0.404192 -0.025854 0.395541 0.180643 0.155454 -0.029322 -3.581546 0.056747 -1.426037 -0.069251 1.166024 -0.140641 -0.333421 0.459319 0.219366 -0.376635 0.283508 -0.199383 
113.705254 -27.896076 5.116526 0.295926 -5.014726 -0.229902 -2.718874 -0.884357 -2.013521 1.388471 -1.140818 -1.826057 0.191372 -8.212332 0.009320 -3.525346 0.273093 1.648126 0.069219 -0.919466 0.739888 0.532149 -0.413334 0.855334 -0.370558 -3.523462 -1.179465 -2.610438 1.018678 2.310732 0.350020 0.230165 1.109988 -0.137522 0.234091 0.825910 -0.046197 
111.074562 -38.410719 4.058485 -4.999842 -4.381549 2.961396 -2.930493 -2.204936 -0.448592 1.679980 -1.927358 -0.074158 -0.485075 -11.243786 -1.565627 -6.469324 2.184534 4.014030 1.174114 0.056137 2.194123 0.120498 0.648825 1.807274 -0.121716 1.938294 -2.394871 1.519242 0.551118 1.328641 0.515604 0.978324 0.050956 -0.597215 1.098079 -0.111852 0.435076 
110.009811 -50.383648 1.985273 -12.642722 -0.645657 7.798158 -0.370645 -0.772083 2.374725 1.629467 0.156833 1.788491 -0.052059 -4.335744 -4.780423 -0.486862 1.375329 4.305409 1.100428 1.037181 0.841801 -0.662280 1.782823 0.631631 0.499595 8.110049 -3.303339 5.367392 -0.741622 -1.635521 -0.724863 0.176974 -1.717994 -0.400688 0.149171 -1.128904 0.041582 
112.486237 -47.082206 -5.502360 -5.973566 -1.630891 11.572213 -0.729638 -0.130573 1.235010 0.355420 1.638288 1.189103 0.514115 4.976311 -8.172305 4.265461 0.701290 0.742988 -0.275613 0.410084 -1.241866 -0.680879 0.947167 -0.450533 -0.038552 3.855599 -0.482313 0.625971 -0.013362 -2.751452 -0.554291 -0.608502 -0.760019 0.438449 -1.035499 -0.421344 -0.264901 
109.550934 -40.431026 -14.359338 -4.111799 0.756923 9.284134 -0.921870 0.048085 -0.109007 0.267709 2.051167 0.887425 -0.129163 3.375454 -5.745048 0.765080 1.348606 -1.197495 -0.008154 -0.179823 -0.678238 0.214618 -0.288175 -0.211057 -0.030206 -2.941029 3.679648 -2.536813 -0.983569 -0.760590 0.627947 -0.550083 0.418021 0.402152 -0.845582 0.244345 0.236021 
0.000000 -40.331298 -16.992456 -4.443406 1.066321 9.177223 -0.745945 -0.490220 -0.121466 0.784655 1.061938 0.766988 0.453703 -0.905747 -0.813009 -0.808165 -1.265848 -0.778191 0.980281 -0.690082 -0.405823 0.123424 -0.743998 0.038156 0.433491 -5.070700 4.791624 -0.803999 -1.313495 -0.283176 0.348714 -0.391074 0.262809 -0.008466 -0.278652 -0.044021 0.106741 
0.000000 -42.242519 -15.985356 -5.728129 -1.774773 7.727751 1.038692 -1.332079 -0.920653 0.514558 0.563172 0.963737 0.737818 -6.765946 3.838200 -0.842919 -1.278385 -1.763847 0.689275 -0.961971 -0.152620 0.197685 -0.845479 -0.299099 0.183276 -6.367336 2.401430 1.602710 0.771248 -1.548390 -0.718294 0.698053 0.442169 -0.101288 0.210998 -0.219470 -0.331787 
0.000000 -53.863190 -9.316056 -6.129244 -1.490449 5.649530 0.632605 -2.414162 -0.426706 1.180026 -0.629020 0.168791 0.820254 -13.640418 3.989851 2.397255 0.276648 -3.874972 -0.456306 0.706024 0.478516 -0.079151 -0.322001 -0.400785 -0.230083 3.066273 -0.707813 -1.378247 0.608916 1.180742 -0.502603 0.271171 0.122463 -0.239230 0.536304 0.421266 -0.314782 
0.000000 -69.523355 -8.005654 -0.933620 -1.221477 -0.022193 0.126079 0.079969 0.036379 0.356257 -0.080831 0.162168 0.277652 -0.633400 2.422574 -3.599413 -0.060553 0.597637 -0.315930 -0.419628 0.092307 -0.280775 0.227129 0.543433 -0.446288 10.129659 -1.599335 -4.834287 -0.404126 4.132283 0.178617 -1.135447 -0.142563 -0.058863 0.191485 0.510586 0.060339 
0.000000 -55.129990 -4.470909 -13.328069 -1.611555 6.844804 0.000745 -3.253419 -0.242093 0.618476 -0.174761 1.255657 -0.072322 6.618900 0.791180 -7.271319 -0.531605 4.389593 -0.099072 -1.564871 0.193391 -0.196877 0.060968 0.620387 -0.109405 -0.576218 -1.284057 1.182630 -0.188945 0.594959 0.088486 0.232356 0.008375 0.152624 -0.275753 -0.253622 0.263818 
0.000000 -56.285554 -6.423294 -15.476259 -2.284686 8.756993 -0.072064 -3.049773 0.423161 -0.037497 0.041106 1.402942 0.058843 -1.785836 -0.145540 -1.234153 -0.438444 1.787555 -0.138958 0.045084 0.109056 0.024474 -0.324377 0.036189 0.081349 -3.772443 0.040876 4.016231 0.250573 -2.070068 0.223917 0.420430 -0.255465 0.543097 -0.187591 -0.408522 0.136271 
0.000000 -58.701661 -4.761988 -15.796375 -2.488443 10.419913 -0.277171 -3.163251 -0.023980 0.667425 -0.823515 1.328035 0.090375 -0.925987 0.872931 0.761142 -0.030459 0.249456 0.348762 -0.724011 -0.317539 0.889317 -0.314213 -0.196656 0.163137 -0.467915 0.077743 1.277157 0.197384 -1.131010 0.534067 -0.371020 -0.252128 0.251114 0.405449 -0.298633 0.040547 
0.000000 -58.137527 -4.677432 -13.953975 -2.345603 9.255905 0.625461 -4.497795 -0.211918 1.741138 -0.587321 1.009629 0.385118 -2.721666 0.009947 1.320161 -0.043676 -0.474465 0.929177 -0.696956 -0.395199 0.526702 0.486521 -0.561077 0.162443 0.369959 2.346806 2.466628 0.542795 -1.410640 -0.478865 0.464985 0.017177 -0.197542 0.612627 -0.302575 -0.304658 
0.000000 -64.144993 -4.742095 -13.156052 -2.575795 9.470982 1.581183 -4.557162 -0.814378 1.720828 0.149528 0.205881 0.415261 -0.186069 5.566544 5.694399 1.055131 -2.571824 -0.608968 0.205959 -0.283185 0.494234 0.911040 -0.801806 -0.446178 4.702402 4.197143 4.117570 0.662579 -2.198204 -1.417292 0.756950 0.296815 0.098448 0.060991 -0.127343 -0.408393 
0.000000 -58.509665 6.455656 -2.565177 -0.235341 4.112256 -0.592475 -4.085878 -0.778288 2.729605 1.234760 -0.593984 -0.507238 6.683137 8.404233 9.555302 1.281482 -4.870873 -1.905407 0.816944 0.198432 0.723598 0.608502 -0.815764 -0.654343 -0.280871 -2.448234 -0.651636 -0.323681 -0.061830 -0.137414 0.596000 0.384565 -0.498858 -0.604822 0.523620 0.264701 
0.000000 -50.778719 12.066372 5.954552 -0.012830 -0.270764 -2.229632 -2.923274 -0.417515 3.168023 1.366532 -1.425646 -0.893426 -0.747810 0.670076 4.391128 0.407769 -2.695484 -0.883797 1.397958 0.485945 -0.503482 -0.298604 0.245434 0.083224 -1.088700 -5.417989 -5.077822 -0.785173 2.370553 0.990484 0.615960 -0.345479 -0.817262 -0.557766 0.435434 0.223879 
129.071167 -60.005285 7.795808 6.217078 0.580198 -1.278711 -2.360068 -1.289962 0.193602 1.722641 0.637553 -0.103115 -0.340790 4.505737 -2.431745 -0.600342 -0.288863 -0.129767 0.075560 2.048864 -0.492527 -0.910927 -0.507030 0.055105 -0.206586 10.177137 -0.643911 -2.798727 -0.809391 1.607715 0.760744 0.043203 -0.673403 0.067693 -0.149603 -0.649082 -0.154576 
294.619751 -41.767246 7.202882 4.753868 -0.590556 -0.530297 -2.078512 1.174454 -1.402569 1.346169 0.352472 -1.315436 -1.306598 19.606464 -0.617745 -1.206326 -1.211012 0.519947 0.637692 1.484364 -0.860862 -0.368097 -0.597809 -1.052731 -0.225928 3.611111 0.685774 -0.188002 -0.362287 0.435015 0.214034 -1.006716 0.193112 0.420972 -0.064525 -0.281740 0.302487 
0.000000 -20.792357 6.560317 3.804425 -1.841827 -0.238816 -1.084685 1.678767 -1.528122 0.986447 -0.558065 -2.208576 -0.792647 11.727959 -1.060196 -0.976346 -1.013438 0.740263 0.503628 0.035432 -0.106304 -0.068983 -0.636080 -0.508374 0.398388 -9.702332 -0.320908 0.158554 0.384560 0.238705 -0.562890 -1.141490 0.581064 0.466248 0.374309 0.711031 0.277160 
142.545151 -18.311328 5.082489 2.801177 -2.617431 0.950230 -1.071255 1.245317 -1.615178 1.208203 -0.919688 -2.332184 -0.509822 0.201799 -1.259561 -0.889219 -0.441893 0.997356 -0.488088 -0.798615 0.301267 0.564398 0.150809 0.369332 0.328392 -6.570275 0.224567 0.262267 1.023392 0.055677 -0.666555 -0.583058 0.146491 0.101965 0.530306 0.981259 -0.108411 
147.090149 -20.388758 4.041195 2.025988 -2.725613 1.755896 -2.060861 0.081537 -0.925588 2.115244 -0.256446 -1.469912 -0.135864 -1.412591 -0.611062 -0.451811 1.033345 0.851618 -0.829481 -1.130683 0.186677 0.134947 0.424533 1.454145 0.181565 -0.832811 0.612600 0.423412 0.900883 0.103896 0.132903 0.018422 -0.340947 -0.669056 -0.115945 0.338879 -0.145444 
152.680679 -21.136510 3.860365 1.897555 -0.550740 2.653466 -2.730218 -1.016050 -1.241823 1.478097 -0.070622 0.576106 -0.146692 -1.463822 -0.034361 -0.042395 1.359873 1.205148 -0.222283 -0.761771 -0.380628 -0.773714 -0.081080 1.047089 0.037503 0.063457 0.394506 0.298574 0.098324 0.193362 0.575651 0.119375 -0.411139 0.045870 -0.492748 -0.684383 0.078744 
148.772156 -23.316402 3.972473 1.941198 -0.005866 4.166192 -2.505426 -1.442004 -1.686844 0.567816 -0.418606 0.624267 -0.060857 -1.285677 0.177950 0.145337 1.229994 1.238341 0.321821 -0.891933 -0.635600 0.226686 -0.560963 0.085380 0.339054 0.649497 0.106475 0.340566 -0.212189 -0.273163 0.267369 -0.202816 -0.111641 0.937140 -0.168048 -0.574169 0.242920 
138.221268 -23.707864 4.216264 2.188229 1.909248 5.130149 -2.086576 -2.799915 -2.513023 1.931470 -1.192547 0.746866 0.531416 -0.164828 0.178589 0.638737 0.935495 0.658823 0.312456 -1.167403 -0.603910 1.100567 -0.417176 -0.101248 0.523343 0.604023 -0.065373 0.477220 -0.839277 -0.999612 -0.113885 0.092728 0.199716 0.400868 0.378813 -0.213704 -0.043815 
129.723969 -23.646059 4.329652 3.218672 1.865123 5.483838 -1.880513 -3.776811 -2.894664 2.768949 -1.252957 0.421772 0.985828 -0.077631 0.047204 1.099778 -0.448559 -0.760882 0.094051 -0.706476 -0.236168 1.028422 0.196663 -0.342029 0.251425 -0.030134 0.025594 0.070808 -0.690926 -1.107070 -0.069815 0.680119 0.433023 -0.090752 0.360404 -0.184379 -0.363909 
121.165466 -23.863127 4.310671 4.387785 1.012130 3.608384 -1.898474 -4.212866 -2.985359 3.988314 -0.799222 0.062809 1.034265 -0.225096 0.229778 0.780354 -0.446358 -1.555317 0.172826 0.192834 0.262136 0.919062 0.303632 -0.470006 -0.204476 -0.262917 0.195695 -0.376399 0.017036 0.090206 -0.003107 0.661264 0.354184 -0.560394 0.021291 -0.065397 -0.307795 
116.113609 -24.096251 4.789208 4.779379 0.972408 2.373204 -1.534861 -3.391143 -2.370392 4.607073 -0.645693 -0.518240 0.576876 -0.603466 0.438594 0.346980 -0.414487 -0.580469 0.087837 0.616053 0.472199 -0.092367 0.239245 -0.472822 -0.364166 -1.257898 0.276252 -0.133893 -0.059027 0.643507 -0.262594 0.007122 0.168154 -0.614266 -0.053964 0.133961 -0.049508 
111.382423 -25.070059 5.187859 5.081744 0.183156 2.447446 -1.722800 -2.980761 -2.040961 3.803581 -0.320733 -0.882836 0.305934 -2.740891 0.782283 0.512569 -0.564412 -0.268303 -0.352361 0.207078 0.598443 -0.309470 0.195705 -0.202084 -0.303491 -2.539338 -0.049768 0.387808 0.093421 0.215472 -0.142234 -0.201846 0.099362 -0.059687 -0.183784 0.104671 0.116364 
105.045105 -29.578034 6.353773 5.804516 -0.156415 1.836599 -2.239584 -2.976987 -1.173506 3.988133 -0.254283 -0.922409 -0.030107 -5.682141 0.339057 1.122596 -0.227645 -0.149526 -0.196631 0.212360 0.670924 -0.211740 -0.128323 -0.263481 -0.131437 -1.458724 -0.734567 0.328155 0.133701 0.247340 0.257613 -0.006261 -0.142716 -0.063701 -0.172751 0.041614 0.152410 
93.324699 -36.434342 5.865973 7.326936 -0.272135 2.148393 -2.116062 -2.556041 -0.699113 3.380101 -0.577378 -1.409797 0.043059 -5.658339 -0.686851 1.168879 -0.297009 0.226377 0.162865 0.194556 0.313011 -0.436871 -0.149798 -0.118856 0.001328 1.451376 -0.308954 0.109543 -0.481254 -0.182297 0.053047 0.187634 0.091986 -0.067375 0.155411 0.167045 -0.098253 
0.000000 -40.894712 4.980070 8.142275 -0.750433 2.289353 -1.913855 -2.587875 -0.547485 3.114390 -0.553879 -1.160121 -0.027451 -2.779389 -0.278850 1.341683 -1.190154 -0.514121 -0.090537 0.587627 0.854895 -0.346490 0.182500 0.070608 -0.327944 1.405401 0.992444 -0.042738 -0.072167 -0.666660 -0.238609 0.366277 0.073065 -0.166424 0.137893 0.129676 -0.037351 
0.000000 -41.993121 5.308272 10.010301 -2.652443 1.120152 -2.297136 -1.380787 1.010678 2.687120 -0.212379 -1.268580 -0.612829 -2.847538 1.298036 1.083403 -0.441344 -1.106943 -0.314353 0.927110 0.459141 -0.769720 0.125989 0.140495 -0.073373 -0.382144 0.733282 -0.663235 0.688104 -0.058933 0.110097 -0.060297 -0.540064 -0.244930 -0.099588 0.052418 0.244795 
0.000000 -46.589788 7.576143 10.309080 -1.633120 0.075467 -2.542561 -0.733654 0.370798 1.574951 -0.301902 -0.879130 -0.174197 -3.543677 1.187714 0.015212 0.186055 -0.631988 0.129658 0.467033 -0.225232 -0.836351 -0.016677 0.175444 0.161645 -1.941572 -0.985578 -0.308247 0.377309 0.413033 0.463016 -0.151277 -0.315291 0.067857 -0.025019 0.001557 -0.074702 
0.000000 -49.080476 7.683701 10.040724 -2.280333 -0.143824 -2.037820 -0.446721 0.560213 1.014418 -0.245733 -0.917691 -0.289538 -6.730683 -0.673120 0.466908 0.313274 -0.280878 0.611678 0.624557 -0.171440 -0.634005 0.075951 0.143610 -0.222777 -3.169910 -3.107053 -0.275266 0.832753 1.070954 0.590343 0.057704 -0.010319 0.195743 -0.027511 -0.001078 -0.152117 
68.270912 -60.051154 6.229903 11.242897 -1.006572 -0.486288 -1.319205 0.515459 0.027917 0.306940 -0.149999 -0.591910 -0.619752 -9.883497 -5.026391 -0.535321 1.851561 1.509919 1.310343 0.582441 -0.245870 -0.444865 -0.071699 0.173289 -0.142588 1.166263 -1.813186 -0.801657 0.450703 0.981015 0.169679 -0.261603 0.095859 0.271440 -0.097758 -0.066606 0.122648 
52.753387 -68.847469 -2.369082 8.970083 1.422789 2.876015 0.582866 0.718161 0.068474 0.124689 -0.389130 -0.571114 -0.574714 -4.398158 -4.299493 -1.136407 1.214681 1.681152 0.951035 0.101351 0.020278 -0.091126 -0.119566 0.010398 0.022519 2.742670 0.363449 -0.300543 -0.318440 0.085616 -0.179654 -0.240545 0.133074 0.176869 -0.023933 -0.081445 0.082553 
