0.000000 -31.326409 3.403647 -8.982764 -1.299016 -2.494775 5.258363 -0.409598 2.268622 0.292509 -1.060304 0.433341 -0.916713 -0.708645 0.894415 0.745224 -0.490741 -1.044921 1.068003 -0.196555 -1.228348 1.198478 -0.107301 -0.127803 0.590911 -0.855123 -0.757920 0.717317 0.389767 -0.170018 0.416231 0.067227 -0.772798 0.275683 0.276048 0.012313 0.127100 
0.000000 -32.743699 5.192477 -7.492316 -2.280499 -4.584617 7.394368 -0.802707 -0.188073 2.689464 -1.274905 0.177734 0.265108 -2.418890 -0.621425 2.179857 0.288793 -1.384956 1.900464 -0.062100 -2.773945 1.749844 0.444794 -0.103178 0.845110 -1.754521 -1.228116 0.409694 1.483602 0.559342 -0.224288 0.179033 -0.768906 -0.030540 0.450605 0.178404 -0.003137 
0.000000 -36.164190 2.160796 -4.623050 -0.721431 -5.264688 9.059290 -0.533799 -3.279267 3.792197 -0.170715 0.226985 0.773506 -4.217687 -1.561817 1.564611 2.476463 0.073763 0.619426 0.161511 -2.766159 1.137398 0.793909 0.229004 0.584637 -0.665041 -0.049002 -0.667067 1.143052 0.895645 -1.242654 0.276019 0.973678 -0.623634 -0.278916 0.171390 -0.299962 
0.000000 -41.179074 2.068843 -4.363094 2.672428 -4.437091 8.633220 -0.479685 -5.720392 4.964260 0.312913 0.635742 1.434382 -3.748973 -0.719430 0.845724 2.574897 0.406334 -0.584844 0.489938 -0.826590 0.502577 -0.113038 0.239602 0.245185 0.811931 0.363314 -0.334214 -0.821057 -0.134225 -0.498496 0.502962 1.864699 -0.499004 -0.962758 -0.342021 -0.303213 
225.628510 -43.662136 0.721935 -2.931602 4.428364 -4.452020 7.889603 0.446077 -4.932446 4.797352 -0.396790 0.706190 1.263876 -2.593825 -0.835189 0.896183 0.834350 -0.194688 -0.377566 1.167436 0.963239 0.139389 -1.131606 -0.455039 -0.021789 0.770317 0.011423 -0.244642 -1.467472 -0.212135 0.566761 0.041995 1.199709 -0.587530 -0.223128 -0.401683 -0.499155 
0.000000 -46.366724 0.398465 -2.570729 4.341128 -4.826466 7.878088 1.855186 -3.793913 5.243039 -1.950300 -0.274337 1.390805 -2.208338 -0.696584 0.356440 -0.360048 -0.017935 0.548678 0.573928 1.572829 -0.672482 -0.559294 -0.563764 -0.753125 -0.291688 0.657465 0.179795 -1.430042 0.926091 0.266593 -0.606080 0.473794 -0.882053 0.540458 0.214007 -0.727789 
0.000000 -48.078813 -0.671233 -2.218722 3.708269 -4.487890 8.986959 1.593932 -1.786788 3.452388 -1.515378 -0.421337 -0.242374 -3.177202 0.479740 1.255773 -2.025734 1.657495 0.155621 -0.044725 1.910827 -1.624717 -0.050691 -0.027024 -1.477367 -0.985609 0.819585 0.334412 0.086500 1.392375 -1.577204 -0.055252 -0.143401 -0.473916 0.277670 0.387494 0.292990 
0.000000 -52.721129 1.357946 -0.059183 0.289660 -1.511477 8.189329 1.765737 0.027742 1.993606 -2.051682 -0.328385 -1.563930 -4.179555 0.942587 1.025263 -0.187048 2.766815 -2.605730 0.463424 1.286027 -1.620314 -0.003954 0.211224 -0.167145 5.803663 -2.730607 -1.945767 1.249603 -1.222476 -2.340927 -0.445936 0.151037 -0.116926 0.598577 -0.359919 1.477307 
0.000000 -56.437923 1.213941 -0.168195 3.334173 1.045741 3.775500 2.520781 0.785266 0.211759 -1.523286 0.001112 -0.576665 8.430124 -4.981474 -2.635762 0.473471 -0.787457 -4.526232 -0.936597 2.212902 -1.858568 1.146462 -0.746863 1.477247 9.873889 -2.297498 -1.519485 -1.257579 -2.515971 0.391015 -1.253828 0.328941 0.254789 0.741519 -0.178335 0.716502 
0.000000 -35.860880 -8.605001 -5.330707 1.236603 -3.086391 -0.863135 -0.107457 4.453547 -1.723530 0.241242 -1.822111 1.390564 15.568222 -3.652410 -2.013707 -2.702206 -2.265127 -1.823700 -2.044232 1.943910 -1.110736 1.479085 -0.145446 1.265859 -1.255285 3.272699 2.204101 -1.330384 0.412061 2.399270 -0.167754 -1.311614 0.907389 -0.249044 1.256236 -0.546461 
0.000000 -25.301479 -6.090879 -4.195610 -2.070238 -3.484514 0.128100 -1.567684 4.673085 -2.009713 1.434884 -0.289780 1.955052 5.919555 1.563924 1.772439 -2.187297 0.036665 0.272309 -1.272106 -0.410326 -0.043790 0.648374 1.765610 0.384324 -10.832214 1.965549 2.454028 1.180236 1.894483 1.076268 0.714001 -1.648525 0.736807 -0.503211 0.804319 -0.702729 
0.000000 -24.021771 -5.477153 -1.785828 -3.137992 -3.013061 -0.318517 -2.651669 3.632894 -1.811110 1.537991 1.709109 2.159213 -6.096206 0.278688 2.894349 -0.341734 1.523840 0.328837 -0.616231 -1.353141 0.362878 0.472663 1.463191 -0.139600 -13.169918 -0.190791 0.895017 1.771434 0.459144 -0.209284 0.513150 -0.359349 0.326191 -0.089163 -0.805515 -0.365890 
0.000000 -37.493890 -5.533503 1.593088 -2.753705 -0.436834 0.785773 -2.800146 1.966803 -1.283956 2.380211 2.636603 1.675853 -20.420282 1.182343 3.562473 1.355570 0.954953 -0.146259 -0.245806 -1.129024 0.608591 0.470048 0.154579 -0.347455 -5.079403 -0.574667 -1.978195 0.640319 -0.762769 -0.440604 0.975767 0.108101 0.018058 -0.857964 -1.291617 -0.280177 
0.000000 -64.862334 -3.112467 5.339118 -0.426852 -1.103154 -0.611036 -3.143280 1.374845 -0.593928 2.478086 2.018267 1.464303 -16.255011 -0.870646 -1.062042 0.938904 -0.001699 -0.552371 1.335302 -1.136938 0.398994 -1.243264 -1.120043 -0.699954 15.669845 0.746048 -4.648147 -0.443961 -1.123833 -0.463564 0.441289 0.677703 -0.019357 -1.298982 -0.583934 -0.358605 
0.000000 -70.003911 -7.274795 -0.530996 -0.875897 -0.440232 -0.318968 -0.129542 -0.307073 -0.485969 -0.106317 0.396518 0.275946 10.919408 2.674439 -5.733821 0.467648 -1.292713 -1.073387 0.636772 0.226382 0.569876 -2.127916 -1.013290 -1.064664 17.455533 3.081560 -0.851760 -0.028967 -0.962928 -0.302997 -1.149232 1.179484 -0.078401 0.058091 0.576721 0.194517 
255.064484 -43.023519 2.236411 -6.128524 0.508445 -3.688581 -2.757809 -1.869736 1.827609 0.545824 -1.777745 -0.008312 -0.665026 18.656055 5.292474 -2.765561 0.880970 -1.927554 -1.158365 -0.963161 1.222030 0.242192 -1.127082 0.033399 -0.310920 -2.605471 -0.719727 3.306511 -0.429319 1.125690 0.125037 0.073093 -0.170397 -0.697392 0.752637 0.712763 0.363501 
112.600807 -32.691801 3.310153 -6.062119 0.886042 -4.295340 -2.635698 -2.055864 2.136987 -0.001584 -2.360481 0.463315 -0.345895 5.708466 1.234986 0.879202 -0.390990 0.958666 -0.823312 0.782959 -0.114413 -0.824907 -0.622642 0.412236 -0.337663 -9.680371 -2.101429 1.915934 -0.882005 2.633589 0.393404 1.079474 -0.573507 -0.616158 0.898828 -0.238729 0.094511 
117.772018 -31.606586 4.706383 -4.370119 -0.273535 -1.771249 -4.404432 -0.303819 1.598784 -1.103990 -3.023028 0.816159 -1.340352 -0.704687 1.089616 1.066306 -0.883039 3.339623 -0.371557 1.195787 0.075016 -0.990124 0.670574 -0.444059 -0.121898 -0.829463 -2.218343 -0.129833 0.669168 0.125172 2.272798 -0.269596 -0.831607 0.407462 1.022772 -0.465048 0.557131 
121.627968 -34.101174 5.489385 -3.929508 -0.880037 2.383906 -3.378812 0.335711 2.287019 -1.981831 -1.019332 -0.424803 -0.589690 4.049540 -3.201700 0.619536 0.947346 1.209010 3.722284 0.243767 -1.777626 -0.009983 1.422902 -0.517860 0.776600 4.245881 -2.917886 -0.220543 1.511093 -1.495790 1.389782 -0.745329 -1.109072 0.783013 0.031323 0.135681 0.072991 
0.000000 -23.507507 -1.697017 -3.131047 1.621156 0.646770 3.040135 0.183714 -1.956468 -1.123955 -0.177225 -0.219560 0.212848 7.787075 -4.746157 0.625220 2.139148 0.348043 2.408008 -0.294871 -2.143128 0.575901 0.733220 -0.172698 0.024084 -1.419790 1.240900 0.058743 0.014654 0.263484 -2.475115 -0.238342 1.003740 0.339085 -0.403966 0.100866 -0.574095 
0.000000 -18.527023 -4.002928 -2.679068 3.398258 3.079992 1.437205 -0.254032 -1.999237 -0.830029 0.447107 -0.770200 -0.541522 1.209960 -0.719899 0.737023 0.976654 1.735978 -1.227946 -0.232917 0.229854 0.668188 0.614969 -0.316128 -0.371590 -5.435721 2.322591 -0.055545 -1.096965 0.057947 -1.535949 0.078917 1.429113 -0.105746 -0.170959 0.004318 0.060144 
0.000000 -21.087587 -3.136815 -1.657001 3.574465 4.118725 0.584243 -0.282119 -1.496759 0.212421 1.052714 -0.851816 -0.530333 -3.084367 -0.100974 0.514130 -0.054783 0.463936 -0.663889 -0.137036 0.715097 0.364409 0.391302 -0.164062 0.144372 -2.237572 0.146501 -0.473176 -0.709031 -0.899988 0.523239 0.009233 0.239947 -0.295103 -0.303234 0.075393 0.190185 
0.000000 -24.695757 -4.204876 -1.650807 3.288693 4.007864 0.109426 -0.528104 -0.569043 -0.101210 1.229711 -1.098323 -0.252777 -3.265183 -0.426897 -0.209330 -0.441408 -0.063998 -0.181469 -0.214451 0.709748 0.077981 0.008502 -0.165343 0.008779 -1.657071 0.698186 0.117306 -0.507670 -0.586627 0.302385 -0.011129 -0.176288 -0.013432 -0.099659 0.324012 0.068578 
0.000000 -27.617952 -3.990608 -2.075662 2.691649 3.990730 0.221306 -0.711022 -0.077263 0.368384 1.069717 -1.182501 -0.512774 -6.398510 1.295398 0.748743 -1.070123 -0.709317 -0.059120 -0.159295 0.362521 0.337546 0.191985 0.483961 0.281528 -3.011641 0.494975 1.094252 -0.551388 -0.232224 -0.071326 -0.063319 -0.690017 0.206645 0.121958 0.797208 0.231350 
0.000000 -37.492777 -1.614080 -0.153321 1.148448 2.589231 -0.008814 -0.846694 0.155998 0.573882 1.613680 -0.130401 0.310279 -9.288465 0.563053 1.979174 -1.544184 -0.528446 -0.324121 -0.341089 -0.670287 0.491272 0.252418 1.429073 0.471480 -1.876060 -1.957012 -0.082866 -0.300344 0.756600 0.138826 0.373672 -0.400126 -0.179474 -0.302820 0.091939 -0.283855 
0.000000 -46.194883 -2.864503 1.882686 -0.396720 2.933839 -0.426936 -1.393200 -1.417836 1.350928 1.574552 1.675645 0.430185 -10.150630 -2.618626 0.583012 -1.670811 0.803883 0.218531 0.588050 -0.437731 -0.021403 -0.413655 0.667840 -0.286181 -0.142582 -1.356642 -1.730087 -0.224857 -0.213168 0.280555 0.598965 0.152670 -0.552786 -0.314796 -0.817875 -0.474258 
0.000000 -57.794036 -6.851332 1.012702 -2.193174 4.196997 0.428249 0.329406 -0.719464 0.531075 0.786369 1.205278 -0.262084 -9.573629 -2.150232 -1.481000 -1.993899 -0.954781 0.236990 0.856842 -0.364948 -0.614301 -0.377175 -0.206678 -0.477037 10.368402 3.137694 -0.042265 1.969595 -2.392473 -0.566878 -1.110871 0.538725 0.122618 -0.040810 -0.862893 -0.068480 
0.000000 -65.342142 -7.164967 -1.079313 -4.384517 1.024277 0.047043 0.320483 -2.147731 0.122325 0.820203 1.262290 -0.523889 10.586175 3.656762 0.498482 2.268379 -3.981062 -0.915224 -1.633692 0.639718 0.223832 -0.495275 -1.057946 -0.423142 13.913848 2.953076 1.264305 2.695977 -0.707642 -0.513841 -1.331339 0.730451 0.373898 -0.117512 -0.261369 0.025442 
0.000000 -36.621687 0.462192 2.009667 2.343585 -3.765128 -1.402198 -2.937979 0.559973 0.978739 -0.204180 -0.910615 -1.108368 18.254066 3.755919 1.047611 3.398056 -2.370065 -0.790692 -1.805836 1.095955 0.133495 -0.612198 -0.729416 -0.426154 -3.389906 -1.793598 -0.602492 -1.005576 2.467211 0.219692 0.741548 -0.547607 -0.388265 0.258482 0.958532 0.080700 
160.222244 -28.834009 0.346872 1.015909 2.411594 -3.715853 -1.534340 -3.291189 0.044178 0.389315 -0.404192 -0.196542 -1.376198 3.806363 0.069566 -0.706502 0.257227 0.953359 -0.475840 -0.150596 -0.455497 -0.552697 0.021689 0.859117 -0.261742 -8.758767 -1.752792 -0.730535 -1.421121 1.895191 0.232060 0.834404 -0.552377 -0.244433 0.442491 0.619819 -0.108397 
158.538956 -29.008960 0.601323 0.596662 2.858039 -1.858411 -2.353878 -3.239172 -0.351020 -0.126655 -0.160802 0.807620 -1.631852 0.736532 0.250336 -0.413458 0.555814 1.420317 -0.326572 -0.137028 -0.008799 -0.355372 0.272784 0.510221 -0.642949 -1.354531 0.261507 0.300518 0.050327 -0.321487 0.537967 -0.094506 0.705723 0.211042 0.020562 -0.675327 -0.006985 
165.459976 -27.360945 0.847545 0.188992 3.523222 -0.875219 -2.187483 -3.565244 0.026579 -0.321428 0.141375 0.823900 -2.662095 1.097300 0.592580 -0.105466 0.357881 0.310385 0.600094 -0.339608 0.955949 -0.130614 0.062812 -0.491536 -0.275712 0.208380 0.214917 0.262672 -0.695955 -0.808022 0.387826 -0.010254 0.814972 0.039248 -0.190819 -0.619671 0.746628 
173.239410 -26.814360 1.786484 0.385731 3.573802 -1.237641 -1.153690 -3.918388 1.560877 -0.387883 -0.035177 -0.175452 -2.183277 1.153293 0.680171 0.111885 -0.836096 -0.195726 0.449081 -0.157536 1.621145 -0.276875 -0.108855 -0.729120 0.850308 0.482729 -0.398344 -0.395524 -0.751227 0.128995 -0.341527 1.256087 -0.307120 -0.438842 -0.012742 0.148875 0.458438 
184.868362 -25.054360 2.207887 0.412762 1.851030 -1.266671 -1.289321 -3.880316 3.268869 -0.875179 -0.076335 -0.634341 -0.961479 2.062759 -0.204107 -0.896513 -1.144573 0.568374 -0.082960 2.172567 0.341708 -1.008299 0.037328 -0.193787 0.641163 -0.970957 -1.510092 -1.057028 0.421658 0.954689 0.158184 1.194724 -1.702689 0.125164 0.314181 0.207522 -0.147539 
190.677917 -22.688842 1.378270 -1.407296 1.284655 -0.100892 -1.319610 0.426745 2.244293 -2.404480 0.039478 -0.563026 -0.900951 -0.788621 -2.340013 -2.002170 0.007221 1.713652 0.765448 2.231912 -1.784234 -0.026548 0.519508 -0.314077 0.555230 -3.641881 -2.206575 0.525861 0.871064 0.383030 0.557081 -1.111175 -0.588679 0.978868 0.512636 -0.243440 -0.253913 
187.225922 -26.631601 -2.472139 -3.591579 1.865471 2.160633 0.241576 0.583507 -0.299598 -0.928275 0.962680 -1.262496 0.148980 -5.221002 -4.617256 0.155209 0.597554 1.334434 1.031202 -0.049784 -0.835651 0.949438 1.062599 -0.680666 0.133338 -2.540815 -0.672358 1.828762 0.365479 -0.769871 -0.061059 -1.184921 1.213345 0.179592 -0.153570 0.140072 -0.092830 
161.469101 -33.130847 -7.856243 -1.096879 2.479763 2.567976 0.742794 0.327178 0.572991 -0.505605 2.164677 -1.924358 -0.634274 -5.870250 -3.684729 1.655354 0.738180 0.173910 0.643331 -0.137930 0.642456 0.332636 0.212368 -0.033933 0.369569 1.698900 1.841898 0.093620 0.145643 -0.728108 -0.340969 -0.099424 0.448783 -0.248743 -0.682474 0.517779 0.298944 
132.266174 -38.372101 -9.841596 -0.280870 3.341830 2.508452 1.528238 0.307647 0.985313 -0.263004 1.387416 -1.330362 0.888118 -1.823202 -0.933461 0.342449 0.888841 -0.121782 0.349264 -0.248632 0.061916 0.451952 -0.302349 0.354893 0.731226 3.844013 2.366125 -1.052729 -0.219963 -0.004822 -0.231117 -0.154090 -0.565734 0.315111 -0.273222 0.051780 -0.075328 
120.177284 -36.777251 -9.723165 -0.411981 4.257445 2.324412 1.441321 -0.170086 0.696822 0.398298 1.559979 -1.214572 0.828178 1.817777 1.047521 -0.450105 0.298254 0.164266 0.181096 -0.446110 -0.489012 0.962857 -0.334076 0.069627 0.218913 1.190952 1.149232 -0.236905 -0.633129 0.172261 0.066321 0.061596 -0.360749 0.195935 -0.076827 -0.137356 -0.155462 
113.674118 -34.736548 -7.746555 -1.181080 3.938337 2.836983 1.890430 -0.584573 0.007290 1.662710 0.719265 -1.191108 1.325944 0.558703 1.365003 -0.131362 -0.377418 0.222741 0.481906 -0.125439 -0.659582 0.843821 -0.456003 0.080181 0.420301 -4.549479 0.029474 0.627408 -0.582302 -0.221351 0.065723 0.572331 0.016552 -0.643081 -0.026505 0.167345 -0.208754 
108.063019 -35.659846 -6.993159 -0.674704 3.502608 2.769893 2.405133 -0.420965 -0.622342 2.085941 0.647973 -1.054210 1.668780 -7.281182 1.106468 0.804711 -0.866350 -0.278436 0.312542 0.698551 -0.455907 -0.323305 -0.387085 0.404316 -0.198596 -8.610156 -0.677095 0.256676 -0.776447 -0.753329 -0.700912 0.216679 0.523480 -0.821725 0.108237 0.232892 -0.599720 
102.362366 -49.298911 -5.533619 0.428343 2.205637 2.280111 2.515513 0.812529 -0.904524 1.016100 -0.054905 -0.382476 0.928752 -16.661610 0.010813 0.381989 -1.930312 -1.283918 -0.919918 0.307919 0.387378 -0.799629 -0.239530 0.545966 -0.779138 -1.649690 -1.137351 -0.710645 -0.372400 -0.527704 -0.879238 -0.562217 0.424721 -0.069218 0.223812 -0.088291 -0.141517 
96.383118 -68.983066 -6.971532 0.089275 -0.358015 0.202057 0.565297 0.194873 0.152413 0.486683 0.168913 0.037723 0.110504 -10.580561 -1.168234 -0.616578 -1.611149 -1.333844 -1.445935 -0.425884 0.393536 -0.461741 0.060539 0.227734 -0.481629 15.818242 2.163018 0.735795 1.189955 0.815553 0.555354 -0.187311 -0.247626 -0.390021 0.338063 -0.905321 0.349161 
0.000000 -70.460034 -7.870087 -0.804814 -1.016661 -0.387578 -0.376356 -0.039238 -0.117452 0.092618 0.066172 0.072993 -0.034506 14.974873 4.336848 1.853580 0.449598 0.347189 0.190789 -0.066704 -0.107875 -1.579670 0.436596 -1.264677 -0.080817 14.884925 3.178237 0.870976 0.702509 0.864759 0.833419 -0.106374 -0.139818 -0.549886 0.193711 -0.772159 0.198644 
0.000000 -39.033319 1.702164 3.796435 0.541181 0.896435 0.946876 0.061465 -0.063337 -2.672657 1.042105 -2.491631 -0.051129 19.189288 5.188240 1.125373 -0.206131 0.395674 0.220903 -0.638631 0.113899 -1.561513 0.447961 -1.316584 -0.084341 -6.469538 -1.381467 -1.959091 -0.571184 -0.443770 -0.028938 -0.590234 0.438942 0.983247 -0.348913 0.439952 0.169151 
104.442688 -32.081457 2.506393 1.445933 -1.428923 0.403771 0.065450 -1.316500 0.110345 -3.030408 0.962094 -2.560175 -0.203187 2.035798 1.573914 -2.064602 -0.692771 -0.540352 0.132913 -1.247172 0.770010 0.386824 -0.261230 -0.384773 0.257485 -12.122020 -2.218142 -0.803533 0.038994 0.191628 0.199165 -0.147875 1.057340 1.194585 0.136692 0.521853 0.125942 
0.000000 -34.961724 4.849992 -0.332770 -0.844362 -0.184270 1.212701 -2.432879 1.476682 -1.899008 0.519645 -3.261177 0.463841 -5.054751 0.751955 -0.481692 -0.128143 0.778931 0.619234 -0.934380 2.228579 0.827657 0.721345 -0.272877 0.167544 -1.044463 -1.544838 1.332754 0.547421 -0.247487 -0.235902 0.628741 -0.119142 -0.091873 0.279944 0.343667 -0.235494 
94.484993 -42.190959 4.010303 0.482549 -1.685208 1.961634 1.303917 -3.185261 4.567503 -1.375095 2.404783 -3.105929 0.131901 -0.053128 -1.515761 0.600906 0.402071 -1.035325 -0.338891 0.010309 0.531726 0.203079 0.298659 0.302562 -0.213503 3.673907 -0.734813 0.225400 1.040720 -1.683835 -0.815505 0.953704 -1.808396 -0.619987 -0.541494 0.510340 -0.311221 
0.000000 -35.067980 1.818469 0.869043 -0.040220 -2.254920 0.534919 -2.412261 2.540135 -1.492851 1.116963 -2.656054 0.036836 2.293063 -0.717671 -0.030892 1.953296 -2.588739 -1.011775 0.973027 -1.388213 -0.412318 -0.361643 0.747802 -0.454898 -3.130973 1.376352 -0.537272 0.786453 0.720438 -0.594189 0.550202 -0.535285 -0.082232 0.280932 0.466066 -0.226907 
96.784180 -37.604832 2.574961 0.420765 2.221385 -3.215845 -0.719633 -1.239207 1.791077 -2.199730 1.681497 -1.610326 -0.777894 -6.315074 1.236943 -0.473638 1.974976 0.405550 -1.527268 1.110714 -0.538844 0.038615 0.860524 1.234694 -0.667317 -5.177629 0.675711 -0.014406 -0.810713 1.937777 -0.203854 -0.184695 0.545126 0.379699 0.407737 0.032328 0.128849 
96.577232 -47.698128 4.292356 -0.078233 3.909732 -1.443820 -2.519616 -0.190833 1.462447 -1.415621 2.838010 -0.186665 -1.297799 -8.062195 0.633751 -0.059703 0.331869 1.286814 -1.419482 0.603638 -0.297962 0.347080 0.453830 0.812457 -0.197199 3.879625 -0.928959 0.394527 -1.237752 -0.158874 0.482712 -0.545290 0.517497 -0.173378 -0.446066 -0.669228 0.090480 
97.271866 -53.729223 3.842462 0.301359 2.885124 -0.642217 -3.558598 -0.031931 1.195153 -1.505570 2.589156 0.014589 -1.172293 1.444176 -0.620975 0.315415 -0.500528 0.087802 -0.561844 0.020133 0.496150 -0.308141 -0.031608 -0.103763 -0.486357 1.234463 -3.304208 0.325085 -1.262771 -0.536314 1.857479 -0.336385 0.087898 0.216309 -0.781437 -0.543200 0.444585 
0.000000 -44.809776 3.050405 0.552598 2.908676 -1.268215 -3.643305 -0.150566 2.454746 -2.031903 2.774793 -0.394191 -2.270513 -5.593269 -5.974665 0.590466 -2.193673 0.214187 2.295475 -0.069133 -0.122165 0.779699 -1.109043 -0.273943 0.691970 0.147696 -2.663692 -0.136843 -1.081255 0.209167 1.077498 -0.459812 -0.801957 0.454339 -0.508295 0.276617 1.107980 
0.000000 -64.915760 -8.106868 1.482290 -1.502222 -0.213843 1.032352 -0.170197 0.950822 0.053827 0.371069 -0.533297 0.211647 1.739568 -5.948360 0.041729 -2.663038 0.506136 1.593152 -0.899490 -1.107765 0.600537 -1.048199 0.449471 1.729603 8.038028 2.293511 -0.494160 0.534928 -0.431213 -1.248404 -0.395267 0.040744 -0.384900 0.493231 0.164803 -0.339587 
0.000000 -41.330640 -8.846315 0.636057 -2.417401 -0.255944 -0.457000 -1.949547 0.239217 -0.830829 0.678395 0.504752 1.188693 10.482788 -1.387643 -0.397854 -1.123817 -0.648240 -0.201334 -0.859667 -0.040677 0.009898 -0.122582 0.055663 0.012797 -0.339499 4.180270 0.402833 1.682950 -0.643705 -0.953325 0.383196 0.547992 -0.143231 0.295777 -0.583712 -1.285752 
0.000000 -43.950185 -10.882154 0.686582 -3.749855 -1.510323 0.629684 -1.889530 0.869468 0.073622 0.125906 -0.421972 0.237241 1.060570 2.412179 0.847396 0.702861 -0.781275 -0.313498 -0.133098 -0.011781 0.314074 -0.456644 -0.717953 -0.841901 -5.232242 3.702742 0.667295 1.544947 0.027566 -0.756330 0.440290 -0.051024 -0.162489 -0.038071 -0.050042 -0.263709 
0.000000 -39.209500 -4.021956 2.330849 -1.011679 -1.818493 -1.083996 -2.215742 0.215654 -0.202680 -0.234893 -0.931154 -0.495109 0.018304 6.017842 0.936736 1.966078 -0.593108 -1.713994 0.020912 -0.142724 -0.315079 -0.198723 -0.044422 -0.514621 -4.384118 1.457587 -0.060059 -0.242958 -0.107413 -0.813304 0.263990 0.411362 -0.173933 0.128041 0.567301 0.189029 
0.000000 -43.913576 1.153531 2.560054 0.182300 -2.696539 -2.798303 -1.847706 0.584020 -0.556537 -0.271540 -0.510817 -0.792002 -7.707667 5.327353 0.727277 0.216945 -0.996102 -1.940106 0.394882 0.810944 -0.033792 -0.200562 0.416650 -0.463842 1.472374 -2.030822 -0.775913 -1.218793 -0.264824 1.000417 0.631588 0.172836 -0.187513 0.084340 -0.250720 0.391823 
56.729160 -54.624834 6.632749 3.785403 -0.577788 -3.810696 -4.964207 -1.425979 1.837542 -0.270264 -0.636018 -0.097855 -1.422792 2.963053 1.956199 -0.615089 -0.471509 -1.122756 0.286841 1.284088 0.202949 -0.690106 -0.030043 -0.545862 0.269025 9.521350 -3.025030 -1.092615 0.019600 -0.135232 1.811300 0.238438 -0.258457 -0.535325 0.386253 -0.758278 0.519268 
0.000000 -37.987470 5.065928 1.329876 -0.760718 -4.942051 -2.224621 0.720469 0.989917 -1.936749 -0.331627 -1.602540 -0.253952 11.335033 -0.722708 -1.457952 0.256146 -1.266566 1.682495 0.871757 0.294029 -1.104442 0.571943 -1.099906 0.574693 0.026649 -0.947748 0.192451 0.409560 0.210934 0.012931 -0.742777 0.257447 0.209454 0.224895 0.099149 -0.139376 
170.116776 -31.954769 5.187333 0.869499 -0.065497 -6.343829 -1.599216 0.317536 2.425601 -2.479147 0.507868 -2.297667 -0.273405 3.016351 0.060702 -0.230188 0.347611 -0.700889 0.312702 -0.201467 0.717842 -0.271199 0.419747 -0.347563 -0.009727 -4.159341 0.391705 0.613882 0.045732 0.282839 -0.684896 -0.536612 0.211906 0.416621 -0.076098 0.376171 -0.292210 
