132.623291 -20.723368 1.017574 -2.091417 -0.335427 -2.663992 0.959542 1.558950 -0.744546 -0.487118 -1.121652 1.261530 0.158236 -0.015187 0.029467 -0.091722 -0.226568 0.106551 0.238462 -0.482719 0.336163 -0.360457 0.220639 -0.267805 0.413802 -0.157096 -0.942065 -0.544052 0.433693 0.163788 -0.040226 -0.276619 -0.195805 0.176123 0.338011 -0.123031 -0.113060 
131.917465 -20.753742 1.076508 -2.274861 -0.788562 -2.450891 1.436466 0.593511 -0.072220 -1.208033 -0.680374 0.725920 0.985840 -0.329379 -1.854663 -1.179827 0.640818 0.434127 0.158010 -1.035958 -0.055448 -0.008212 0.896662 -0.513866 0.187681 0.440775 -2.666759 -0.677663 0.162828 0.545290 0.048404 0.341455 -0.049254 0.157242 0.264096 -0.149595 -0.409366 
132.576187 -21.382126 -2.691751 -4.451071 0.946209 -1.795739 1.275561 -0.512967 -0.855442 -0.503541 0.671671 0.233798 0.533599 0.866362 -5.304050 -1.447047 0.099089 1.197130 0.335271 0.200190 0.237656 -0.045974 0.748830 -0.566994 -0.404929 0.355243 -2.171417 1.010887 -0.240646 0.116699 -0.568913 0.384190 0.484002 -0.236888 -0.266283 0.401183 -0.279436 
132.611679 -19.021018 -9.531593 -5.168955 -0.590384 -0.056630 2.107007 0.993892 0.403092 -1.299981 0.817286 -0.408069 0.175981 0.381107 -6.197497 0.841947 0.159526 0.667526 -0.979817 -0.267578 0.912556 -0.481987 0.364097 0.288500 -0.371190 -1.494407 1.390572 1.344900 0.663430 -0.414091 -0.818067 -0.674934 -0.246240 0.059097 -0.348339 0.609851 -0.028603 
0.000000 -20.619912 -15.086745 -2.767177 1.265261 -0.460688 -0.684074 -1.048122 0.969671 -1.467516 1.399865 0.810798 -0.208782 -2.122452 -2.522906 1.242753 1.425948 0.368949 -1.300863 -1.149677 -0.254825 0.072220 0.052153 0.652707 -0.462136 -0.083516 6.545315 0.080660 -0.461625 0.025316 0.342285 0.136372 -0.866074 0.273686 -0.471983 -0.325608 0.393475 
0.000000 -23.265921 -14.577405 -2.683448 2.261512 0.681268 -0.494718 -1.305462 -0.106558 -1.155541 0.921591 0.897346 -0.748292 0.214075 6.893134 1.003267 -0.763723 0.718158 -0.295248 0.005166 -0.819593 0.065385 -0.579870 -0.362717 0.415760 2.738814 4.755507 -0.021192 -1.521368 -0.653751 0.339970 0.905772 -0.035447 -0.043071 -0.186854 -0.529734 0.666807 
0.000000 -20.191762 -1.300477 -0.760643 -0.262186 0.975629 -1.274569 -1.037789 -0.669514 -1.336746 0.240125 0.085364 0.622739 3.355175 6.988108 1.200369 -1.616787 -0.938553 -0.620923 0.661867 -0.325719 -0.013922 -0.321555 -0.406761 0.871477 -0.053678 -3.163339 -0.651160 0.311371 -1.174350 0.066210 0.247075 0.336509 0.127067 0.257554 0.207354 -0.051004 
144.957489 -16.555571 -0.601189 -0.282711 -0.972062 -1.195838 -1.736564 0.018271 -0.757997 -1.183385 0.278482 0.083823 0.994663 0.106719 0.566456 -0.299052 -0.140980 -1.630542 -0.162829 0.499317 -0.146574 0.319519 -0.064762 0.051992 0.313753 -3.073327 -3.584635 -0.570898 0.907174 0.143437 0.717205 -0.190588 -0.045431 0.161477 0.046472 0.373714 -0.282651 
142.526199 -19.978324 -0.167565 -1.358747 -0.544147 -2.285456 -1.600226 -0.039155 -0.962663 -0.697709 0.110602 0.189348 1.250245 -2.791479 -0.181162 0.058573 0.197561 -0.651679 0.813487 0.280690 -0.416581 0.309032 -0.228610 0.340668 0.306175 -0.708940 -2.271153 0.877874 -0.706844 0.878671 0.624346 -0.397366 0.309406 -0.128466 0.124780 -0.061186 -0.209219 
137.884842 -22.138529 -0.963514 -0.165564 -0.576940 -2.499196 -0.109591 0.579652 -1.591160 -0.565322 -0.178738 0.765158 1.607012 -1.311161 -3.975851 1.456696 -1.554669 0.126799 1.085863 -0.295415 0.472238 0.062588 0.184797 -0.070380 -0.104685 1.440846 -3.203557 0.291987 -0.831799 0.517253 -0.160439 -0.600138 0.595590 -0.076756 0.193814 -0.596313 -0.480228 
137.999237 -22.600646 -8.119266 1.554646 -3.653484 -2.031858 0.571500 -0.629986 -0.018186 -0.572533 0.480196 0.048588 1.040875 0.090213 -6.588276 0.642548 -1.466036 0.382826 0.492609 -0.919585 0.774599 0.155520 0.159019 -0.851958 -0.654281 0.981825 0.680158 -0.977041 1.070428 0.143701 -0.336398 0.071798 -0.335061 0.299823 -0.253621 -0.065825 0.031807 
0.000000 -21.958104 -14.140066 1.119531 -3.509012 -1.733544 0.875628 -1.259518 -0.041962 -0.254281 0.139300 -0.938757 0.298450 0.652489 -2.615535 -0.497385 0.586188 0.414201 0.413068 -0.151819 -0.197883 0.662234 -0.322445 -0.202029 -0.041070 -0.944719 5.067743 0.117704 1.572058 -0.083404 0.019831 0.913640 -0.167099 0.128587 -0.143290 0.633120 0.377983 
0.000000 -21.295668 -13.350335 0.559876 -2.481108 -1.203456 1.397636 -0.933623 -0.413951 0.751935 -0.164695 -0.355469 0.958734 -1.799225 3.547209 0.877955 1.678080 0.216018 0.532270 0.907695 0.440401 0.412695 -0.127561 0.414282 0.101685 -1.791339 4.839863 1.286273 0.832553 -0.963379 -0.920602 1.110432 0.469313 -0.428085 0.007000 0.310819 -0.610419 
0.000000 -25.556554 -7.045647 2.875441 -0.152852 -1.301508 1.940169 0.555873 0.838840 0.571108 -0.115823 -0.110194 0.501821 -2.930188 7.064192 2.075161 2.251294 -1.512557 -1.428136 2.069045 0.740744 -0.193935 -0.308445 0.419609 -1.261907 -0.588243 0.822954 -0.180221 0.713100 -1.134204 -1.670332 -0.100808 -0.051399 -0.421530 0.266314 0.037435 -0.412334 
136.076904 -27.156043 0.778050 4.710198 2.021479 -4.228569 -1.458636 3.204466 1.067537 0.364064 -0.781584 0.483749 -1.565080 -2.975712 5.193117 0.517514 3.104280 -2.052390 -2.808394 0.706079 0.337603 -0.430365 0.405067 0.489152 -0.722983 0.050953 -2.810876 -0.837744 0.528123 0.170250 0.274116 -1.773328 -0.755508 0.111928 0.642105 0.084744 0.896202 
125.111420 -31.507977 3.340587 3.910468 6.055708 -5.406287 -3.676619 1.968031 1.514047 -0.289622 0.694312 0.868111 -0.944145 -2.828283 1.442440 0.399673 3.307539 -1.172057 -0.879903 -1.477612 -0.770272 0.029920 0.975764 0.589097 0.530496 3.248678 -2.684544 0.157137 -1.417235 0.455031 1.507636 -0.581140 -0.292060 0.442661 -0.265212 -0.129070 0.308582 
122.545670 -32.812608 3.662929 5.509544 8.636558 -6.572683 -3.218442 0.249241 -0.473008 0.423904 1.169945 1.661944 -0.504088 3.521643 -0.175971 0.831788 0.269810 -1.142329 0.206878 -0.456201 -0.246517 0.454957 -0.125356 0.231013 -0.105818 4.905803 -1.194671 -0.707932 -2.866736 0.522635 0.530479 0.980154 0.839728 -0.000919 -0.934697 -0.376173 -0.469836 
122.617218 -24.464690 2.988644 5.574044 6.595329 -7.690944 -3.262864 1.055628 1.021013 0.620291 0.443601 1.330137 -1.155782 6.983324 -0.946902 -1.016190 -2.425932 -0.126787 0.181055 0.482697 0.909183 0.028082 -0.893630 -0.163249 -0.409175 0.011546 0.066271 -1.690447 -1.397109 1.219017 0.242855 0.165272 0.362251 -0.433740 -0.617440 -0.169975 0.056301 
120.439720 -18.845961 1.769124 3.477163 3.784695 -6.826257 -2.856331 1.214634 1.345358 0.480069 -0.617315 1.335447 -1.322437 3.544734 -0.043429 -2.549107 -2.524408 1.295705 0.692588 -0.125658 0.477985 -0.412523 -1.360236 -0.108937 0.006783 -3.511409 1.080789 -0.884852 0.840296 0.857716 0.190213 -0.349284 -0.350434 -0.185072 -0.007208 0.077576 0.359049 
116.254135 -17.375221 2.901787 0.475831 1.546513 -5.099534 -1.877688 0.804312 1.976984 -0.204754 -2.276870 1.112262 -1.142216 -0.039494 1.214675 -2.785895 -0.745340 1.588646 0.561481 -0.215872 0.208316 -0.342062 -0.908046 -0.008096 0.308924 -1.237084 -0.154833 1.125290 1.119265 -0.481449 -0.061759 0.040637 -0.630498 -0.016716 0.881125 -0.085014 0.398374 
115.641342 -18.924948 4.198475 -2.094627 2.294015 -3.648966 -1.733370 0.782891 1.761990 -0.204055 -2.433406 1.319254 -0.704590 1.070567 -0.353095 -0.298527 -0.285878 0.332807 0.569070 -0.044384 -0.783011 -0.445954 0.402014 -0.278966 0.803531 0.141557 -1.015256 1.614371 0.020651 -1.112243 -0.100457 0.075869 -0.511288 -0.189891 0.852270 -0.152240 0.062020 
116.882248 -15.234087 2.195597 -0.121223 0.974756 -4.433921 -0.739548 0.715543 0.410962 -1.096663 -1.472843 0.554330 0.464846 0.243621 -0.815837 0.442847 -0.704038 -0.635840 0.360567 -0.064134 -0.814260 -0.721845 0.796493 -0.312576 0.432963 -5.812901 0.630007 -0.036786 -0.156324 0.013052 -0.413841 0.080956 0.442609 -0.047700 0.105421 0.254797 -0.569200 
112.851021 -18.437707 2.566801 -1.208933 0.885939 -4.920647 -1.012236 0.654624 0.133471 -1.647745 -0.840419 0.694102 0.161337 -10.555235 0.906918 -0.372099 -0.598526 0.358910 -0.258612 0.117527 0.102207 -0.541355 0.612855 0.230628 -0.334868 -8.658497 0.831429 -0.485555 -0.115258 1.577355 0.448432 -0.024191 0.517935 0.700410 -0.199272 0.085045 -0.113252 
107.423264 -36.344557 4.009434 -0.865421 -0.222296 -3.716100 -1.256772 0.950596 0.615377 -2.179373 -0.247133 1.015586 -0.204889 -17.073374 0.847021 -0.528262 -0.934553 2.518869 1.257432 -0.112515 0.221610 0.678975 0.397950 -0.142487 0.206460 6.885806 -1.906258 -1.003451 -0.367904 -0.202697 0.665724 -0.668103 0.011946 0.531730 -0.156350 -0.157197 0.304918 
109.660019 -52.584455 4.260843 -2.265457 -0.983167 0.117092 1.502628 0.429594 0.576691 -0.289794 -0.044520 0.409129 0.574258 3.216376 -2.905598 -2.379001 -1.334335 -0.046483 1.072835 -1.218679 0.126100 0.522104 0.300154 -0.083766 0.274968 16.183110 -2.894003 -0.404492 -0.181566 -2.215828 -1.028061 -0.302763 -0.149381 -0.492902 -0.193906 -0.019645 0.087353 
188.641205 -29.911804 -1.801763 -5.623424 -2.890966 -3.809067 0.888899 -1.486762 0.867576 -1.135164 0.353176 0.848053 0.345046 15.292847 -4.940985 -1.337247 -1.297684 -1.912786 -0.798690 -0.718041 -0.077151 -0.306829 0.010138 -0.181777 0.381166 0.562602 -0.383163 1.633539 0.639975 0.438733 -0.623019 0.828771 -0.268524 -0.211129 -0.289213 -0.183734 -0.117025 
0.000000 -21.998761 -5.621126 -4.939950 -3.578535 -3.708479 -0.094753 -1.006487 0.422389 -0.903451 -0.024245 0.045574 1.336589 4.341581 -3.671925 0.888076 -0.054385 0.830982 -0.173202 0.438862 -0.410949 0.099846 -0.278272 -0.451235 0.040918 -7.009185 1.542140 1.116024 0.757760 1.127989 0.688064 0.551122 -0.062567 0.268384 0.058440 0.017423 -0.416281 
0.000000 -21.228641 -9.145613 -3.847272 -2.999736 -2.147103 0.542495 -0.609039 0.045679 -0.935472 -0.203369 -0.054416 0.426883 1.274477 -1.856705 0.894802 0.217837 0.343193 0.577438 0.384203 -0.202284 0.229940 0.127018 -0.146932 -0.451397 -4.409945 1.840410 -0.127997 0.020710 -0.474187 0.331470 -0.077206 0.196912 0.165062 0.131814 0.086064 -0.027937 
0.000000 -19.449808 -9.334537 -3.150346 -3.142862 -3.022093 1.060124 -0.238081 0.017821 -0.443571 0.229792 -0.248289 0.433795 -4.478309 0.008895 0.632083 -0.012964 -0.117392 0.489739 0.284449 -0.017124 0.429971 -0.014645 -0.279107 -0.014955 -1.601650 -0.193178 0.047197 0.332937 0.717580 -0.025636 -0.419883 -0.070776 -0.111058 -0.170135 0.044272 0.236760 
90.895973 -30.185259 -9.127822 -2.583106 -3.025664 -2.381886 1.521973 -0.040140 0.011430 -0.075531 -0.232658 -0.612630 0.396972 -1.928823 -2.243061 0.989196 0.883710 1.778353 0.526167 -0.455563 -0.343836 0.007824 -0.213252 -0.058387 0.022122 5.348004 -0.726736 0.218508 0.347758 0.330198 -0.428628 -0.343078 -0.056841 -0.257976 0.021314 0.273421 -0.013891 
0.000000 -23.307454 -13.820659 -1.171954 -1.375443 0.534613 2.112458 -1.149208 -0.669851 -0.427923 -0.196713 -0.365063 0.478039 6.217699 -1.444576 1.069099 0.682552 0.543004 -0.367518 -0.401707 -0.130806 -0.085980 0.027983 0.267734 -0.042738 1.768241 1.355094 -0.375948 -0.646899 -1.135853 -0.246456 0.463140 0.481701 0.072254 0.090750 0.091408 -0.084402 
0.000000 -17.749861 -12.016974 -0.444908 -1.660560 -1.295878 0.786937 -0.843555 -0.250182 -0.247492 -0.176693 -0.077163 0.311495 1.607658 0.467127 0.237299 -0.410088 -0.493353 0.033255 0.470717 0.619566 0.152331 -0.031753 0.124429 -0.146682 -3.263628 0.894959 0.089311 -0.154120 -0.185207 0.067277 0.302498 0.330355 0.055214 0.214570 -0.120932 -0.132029 
0.000000 -20.092137 -12.886406 -0.697356 -2.195620 -0.452094 2.178968 -0.207774 0.569281 -0.123261 -0.260219 -0.116204 0.184676 -0.309557 0.345343 1.247721 0.374311 0.172590 -0.232965 0.203289 0.529903 0.024447 0.457123 0.025869 -0.306796 -1.304443 0.135325 0.342773 0.616630 0.243679 -0.229652 -0.329590 -0.280572 -0.154049 0.109913 -0.072470 0.006388 
0.000000 -18.368975 -11.326289 2.050535 -0.911938 -0.950698 0.321008 -0.436978 0.809624 -0.198598 0.737554 -0.025425 -0.302096 -1.001228 0.737777 0.922846 0.823173 -0.005996 -0.426050 -0.188464 0.058423 -0.155768 0.188072 -0.020511 -0.133906 -1.632582 -0.156329 -0.985864 -0.169197 0.125143 0.499365 -0.238151 -0.418882 -0.064678 -0.349780 -0.023179 0.109923 
0.000000 -22.094594 -11.410853 1.148335 -0.549274 -0.464085 1.326868 -0.584702 0.686126 -0.434796 0.115924 -0.157226 -0.083136 -3.574721 0.032684 -0.724006 0.035917 0.422876 0.765766 -0.273013 -0.307861 -0.104909 -0.242437 -0.020490 -0.086950 -2.556138 0.476187 -0.903973 -0.663500 0.068787 0.171209 -0.365582 -0.300283 0.154647 -0.049260 0.111963 0.137994 
0.000000 -25.518416 -11.260920 0.602522 -0.840104 -0.104946 1.852540 -0.983004 0.193902 -0.408416 0.252680 -0.066405 -0.475996 -6.113504 1.690152 -0.885101 -0.503828 0.131578 -0.083632 -0.919628 -0.542143 0.153527 0.089553 0.203416 0.142081 -4.401465 2.366030 0.241776 0.039289 -0.204530 -0.868587 0.067624 0.203101 0.050391 0.199940 0.079853 0.396531 
0.000000 -34.321601 -8.030550 -0.621867 -1.556930 -0.200930 1.159603 -2.423957 -0.398160 -0.127742 0.295029 0.249607 0.201027 -12.377651 4.764745 -0.240455 0.114495 0.013816 -0.971407 -0.137766 0.098341 -0.004127 0.157443 0.139216 0.706112 -0.991472 0.077741 1.402625 0.405080 0.140822 0.044344 1.149559 0.558455 -0.205078 0.045666 -0.413779 -0.051796 
63.798466 -50.273718 -1.731431 0.121613 -0.611114 -0.077314 -0.090275 -1.258535 0.390585 -0.416671 0.567565 0.212026 0.936228 -8.096448 1.845634 1.920148 0.306332 0.413221 0.005056 1.379490 0.574768 -0.256629 0.180884 -0.624142 0.038489 13.179109 -1.608003 0.316276 -0.165152 -0.603956 0.168826 0.752180 -0.074716 -0.096627 -0.107369 -0.512896 -0.477571 
103.506874 -50.514497 -4.339282 3.218430 -0.944265 0.625513 1.169716 0.335022 0.751375 -0.641001 0.656797 -0.998678 0.278004 13.980567 1.548739 0.392097 -0.215809 -1.194096 -0.633755 1.366595 -0.051091 -0.197382 -0.057295 -0.886576 -0.249031 13.218820 0.692939 -1.837147 -0.036382 -1.254278 -0.560989 -0.551624 -0.317122 -0.038889 -0.079225 0.182337 0.030485 
222.096497 -22.312583 1.366047 0.905807 -1.042731 -2.465507 -1.357786 1.474654 0.288402 -0.811434 0.452976 -1.561126 0.438167 18.341192 3.231511 -1.754146 0.233568 -2.095335 -1.116923 0.276243 -0.059476 -0.334407 0.022435 -0.259467 0.099459 -4.752403 -0.429188 -0.749450 0.282750 0.337857 0.296694 -0.741665 0.232300 -0.097647 -0.007066 0.483913 0.043503 
58.478428 -13.832113 2.123740 -0.289862 -0.477129 -3.565157 -1.064129 0.887507 0.632424 -1.309815 0.701667 -1.517612 0.476922 4.475762 0.690363 -1.106804 0.349692 -0.518383 -0.040368 -0.116735 0.413508 -0.392676 -0.071428 0.081251 -0.162024 -9.237078 -1.457430 0.612574 -0.029279 1.006990 0.505107 -0.100176 0.022042 0.067978 -0.064610 0.168986 -0.081062 
71.398399 -13.361060 2.746774 -1.307800 -0.343347 -3.502274 -1.438522 1.241184 1.115419 -1.596785 0.310121 -1.398625 0.114119 -0.132965 0.316651 -0.528998 0.175011 -0.081355 -0.106709 0.075891 -0.015391 -0.198452 -0.106786 0.078505 -0.062665 -2.426353 -0.493082 0.574889 -0.053072 0.252776 0.139166 0.042140 -0.461125 0.269204 -0.055570 0.156159 0.117314 
141.472198 -14.098043 2.757043 -1.347857 -0.127107 -3.727867 -1.277548 1.039289 0.601642 -1.706720 0.488096 -1.360603 0.351592 -0.376944 -0.295800 0.042975 0.243547 -0.012832 0.237963 -0.032455 -0.508742 0.145732 -0.182567 0.393569 0.072603 0.305073 -0.564971 0.276460 -0.100030 0.173663 0.235643 -0.068774 0.012088 0.046906 0.052810 0.109806 0.076880 
139.351456 -14.114949 2.155173 -1.221851 0.143747 -3.527938 -0.962595 1.176275 0.097935 -1.305321 -0.055012 -0.611487 0.259325 0.477181 -0.813290 0.023922 -0.025050 0.265970 0.364576 -0.061658 0.008784 -0.104639 -0.001166 0.298116 0.091094 0.273548 -0.184074 0.044609 -0.288845 0.318251 0.059238 -0.109101 0.116971 -0.134767 0.186449 -0.060143 0.012774 
138.441452 -13.143681 1.130463 -1.300014 -0.177206 -3.195926 -0.548395 0.915974 0.619211 -1.915999 0.485764 -0.764370 0.533781 0.170151 -0.663949 0.132193 -0.334143 0.623670 0.356440 -0.250657 -0.274800 -0.123803 0.190331 0.273284 0.098151 -1.252799 0.104111 0.251275 -0.145745 0.408340 0.041916 -0.005240 -0.342658 0.471232 -0.177314 0.186676 0.026375 
141.355789 -13.774646 0.827276 -0.957466 -0.524539 -2.280598 -0.249716 0.674961 -0.451665 -1.552926 0.325650 -0.064919 0.455627 -2.028418 -0.605069 0.526472 -0.316540 1.082650 0.448409 -0.072137 -0.676531 0.837824 -0.355794 0.671468 0.143844 -1.719378 0.188797 -0.059558 0.372950 0.297036 0.165454 -0.103751 0.451715 0.332132 -0.000819 0.014967 0.099396 
144.019501 -17.200517 -0.079674 -0.247069 -0.810285 -1.030626 0.348423 0.771700 -0.733852 -0.240350 -0.225824 0.578567 0.821468 -3.268605 -0.286355 0.013077 0.411758 1.217741 0.687347 -0.458159 0.628629 0.540462 0.188694 0.303218 0.296943 1.963757 0.058642 -0.615138 0.604723 -0.014300 -0.366329 -0.494826 0.485274 -0.452116 0.511293 -0.556590 -0.252976 
143.530151 -20.311856 0.254566 -0.931312 0.298978 0.154884 1.124979 -0.241357 0.805594 -0.472003 0.703037 0.541517 1.049512 1.899096 -0.487785 -0.703804 0.892906 1.054049 -0.284250 -1.061788 0.294017 -0.066407 0.666792 -0.441712 -0.362108 2.826808 -0.318668 -0.467713 0.187648 -0.224158 -0.765437 -0.131066 -0.604771 -0.066843 -0.074231 -0.333727 -0.317174 
146.843048 -13.402326 -1.055244 -1.654678 0.975528 1.077473 -0.220076 -1.351877 -0.145818 -0.373164 1.107759 -0.304857 0.097252 2.385011 -0.923691 -0.922348 0.787055 0.769425 -0.843527 -0.720291 -0.580913 0.406775 0.040231 -0.364237 -0.337405 -4.714137 -0.067783 0.480568 -0.190312 -0.189628 0.731740 0.748275 -0.210796 0.237861 -0.397218 0.532549 0.310251 
146.818268 -15.541834 -1.592815 -2.776009 1.873088 1.693733 -0.562075 -1.681939 -0.356232 0.341547 0.783500 -0.186956 0.374703 -7.529179 -0.623350 0.257332 0.512282 0.674794 1.179230 0.434762 -0.127576 0.409315 -0.127645 0.623386 0.258395 -1.704713 0.944439 0.219046 -0.292143 -0.382282 1.036714 0.848959 0.208883 -0.339041 -0.030241 0.385210 0.325037 
71.326927 -28.460684 -2.301945 -1.140014 2.000092 2.427060 2.138384 -0.482353 -0.400970 0.445466 0.852469 0.941916 0.614042 -1.024414 0.965187 -0.484257 0.202770 0.004860 1.229902 0.977627 -0.163147 -0.271306 -0.020251 0.406184 0.312670 7.866573 0.760031 -0.346808 -0.661663 -0.533258 -0.801728 -0.105720 0.250492 -0.625587 -0.049950 -0.536282 0.030593 
149.530884 -17.590663 0.337560 -3.744522 2.278628 1.703454 1.897728 0.273316 -0.682527 -0.201066 0.742997 0.625412 1.000043 8.203967 0.896712 -0.436284 -0.811044 -0.391723 -0.424225 0.223321 0.373408 -0.841859 -0.227545 -0.449177 0.319580 2.389534 -0.701066 0.797554 -0.771211 -0.281457 -0.904629 -0.527701 0.274627 -0.340782 -0.105475 -0.479199 -0.095438 
151.387924 -12.052750 -0.508520 -2.012582 0.378004 1.643614 1.289934 -0.035711 0.345847 -1.238251 0.397380 0.043562 1.253201 3.754654 -0.436945 1.110851 -1.339652 -0.558054 -0.579356 -0.077774 0.386106 -0.952870 -0.231201 -0.552214 0.121794 -3.755822 -0.250533 0.458221 0.154599 -0.294788 -0.136399 -0.229071 -0.136925 0.149307 -0.146569 0.146129 -0.318032 
151.242905 -10.081355 -0.536331 -1.522821 -0.400677 0.587346 0.739015 0.117768 0.089685 -2.106806 0.280595 -0.479016 1.243631 0.692323 0.395646 0.480158 -0.501846 -0.981299 -0.697023 -0.234820 0.099558 -0.543244 -0.520682 -0.156920 -0.316484 -2.278553 0.773938 -0.391149 0.605483 -0.216351 -0.060481 -0.170749 0.099507 0.411675 -0.092585 0.242135 -0.288264 
149.731003 -10.668103 0.282771 -1.052266 -0.625688 -0.318984 -0.104112 -0.505351 0.544963 -2.324740 -0.643984 -0.270278 0.620233 -0.802452 1.110930 0.328553 -0.128685 -0.990755 -0.700319 -0.419271 0.585119 -0.129520 -0.416370 -0.067944 -0.454734 -0.421302 0.017118 -0.143163 0.186154 0.120154 0.074881 0.111473 0.164361 0.293251 0.316298 -0.109759 0.102126 
150.376175 -11.686259 1.685529 -0.865715 -0.658047 -1.394165 -0.661623 -0.720775 1.259924 -2.365845 -0.552146 -0.614904 0.334163 -0.150280 0.429882 0.193833 -0.129539 -0.740990 -0.547260 -0.011874 0.428279 0.043258 0.111913 -0.376437 -0.112233 0.554692 -0.617918 -0.087420 0.058604 0.219369 0.175266 0.353084 -0.336517 0.086914 0.278147 -0.178875 0.312304 
152.139206 -10.968664 1.142534 -0.664600 -0.884765 -1.800965 -1.198633 -0.529099 1.401522 -2.238224 -0.420158 -1.023153 0.395768 0.306933 -0.124906 0.153713 -0.011477 -0.552018 -0.349787 0.286897 -0.087914 0.044307 0.139924 -0.425695 0.169874 -0.335301 0.234465 -0.121150 0.096345 0.125636 0.236450 0.121261 -0.216601 0.009072 0.063151 -0.010213 0.174865 
151.697632 -11.072393 1.435718 -0.558290 -0.681001 -2.498200 -1.361198 -0.146980 1.084096 -2.277231 -0.272298 -1.466293 0.673911 -0.820883 0.898813 -0.048467 0.063151 -0.489717 -0.074360 0.230647 -0.004923 0.061401 0.238215 -0.396863 0.237497 -0.938266 0.612138 -0.308289 -0.029512 0.305713 0.097839 -0.052088 0.077428 0.074231 0.111224 0.102084 0.058488 
148.282043 -12.610430 2.940160 -0.761535 -0.758464 -2.780400 -1.347352 -0.067804 1.391676 -2.115422 0.056272 -1.816878 0.870761 -1.569600 1.099370 -0.462865 -0.070501 0.059408 -0.154108 0.182721 0.066941 0.192769 0.362371 -0.221526 0.286850 -0.809008 0.054122 -0.197388 -0.167633 0.484783 -0.129960 -0.051504 -0.139681 0.032874 -0.028147 0.200936 -0.043903 
144.764725 -14.211592 3.634458 -1.484019 -0.822003 -2.379384 -1.669415 0.218461 1.217979 -1.891694 0.452444 -1.909345 1.247611 -2.438898 1.007056 -0.443243 -0.272115 0.479849 -0.334279 0.127639 -0.284285 0.127149 0.181921 0.005009 0.149690 -0.034359 -0.219732 0.190432 -0.084922 0.109966 -0.009570 -0.099107 -0.132189 -0.088742 -0.189268 0.136384 -0.162792 
140.471329 -17.488227 4.954271 -1.648021 -1.302694 -1.820701 -2.015910 0.187474 0.823106 -1.861124 0.420114 -1.806859 1.170142 -1.638318 0.659907 -0.082001 -0.240345 0.279341 -0.173248 -0.015494 -0.197437 0.015285 -0.016165 0.051243 -0.038735 0.400290 -0.173575 0.180621 0.015885 -0.100254 0.080516 -0.071566 0.043424 -0.055932 -0.099043 0.023117 -0.094212 
