154.649323 -34.400570 4.876167 -4.827339 2.583332 -1.506570 0.610298 -1.685937 -1.468274 -0.667022 0.279194 0.408448 -0.518638 -8.568422 -0.427470 2.133316 -1.656509 0.534914 -0.687999 0.895198 0.305294 0.240536 0.479833 -0.049860 0.498126 -0.628921 -2.834115 0.065291 0.792320 -0.971867 -0.450891 0.193532 0.192741 -0.173957 0.492212 -0.322340 0.147136 
169.075119 -51.537415 4.021227 -0.560707 -0.729686 -0.436742 -0.765700 0.104459 -0.857685 -0.185951 1.238861 0.308728 0.477613 -9.826264 -6.095701 2.263898 -0.071870 -1.408820 -1.589781 1.282262 0.690776 -0.107378 1.464257 -0.694540 0.792398 6.080802 -3.780842 -0.853786 2.078732 -0.992107 -0.241127 -0.408391 -0.073928 -0.290145 0.068608 -0.112103 -0.008615 
154.306488 -54.053098 -7.315234 -0.299542 2.439593 -4.324211 -2.569265 0.878587 -0.086722 -0.881779 3.207709 -0.980631 1.066158 3.593181 -7.989153 0.425744 2.500955 -1.449300 -1.170254 0.078415 0.157438 -0.339754 0.617050 -0.274066 0.480896 8.995727 0.281320 -1.635115 0.800893 1.442357 1.073110 -0.902161 -0.233289 0.301511 -1.427288 0.356227 -0.612415 
0.000000 -44.351052 -11.957079 0.290781 4.272223 -3.335343 -3.106208 0.261290 -0.542810 -0.865458 2.472960 -0.239405 1.439405 8.165190 -5.533061 -1.006332 1.529917 1.475894 0.556438 -0.522060 0.224199 0.495643 -1.390318 0.017913 -0.432433 0.906263 2.552785 -0.954615 -1.055050 1.393046 1.136256 -0.039065 0.004213 0.544160 -0.735185 -0.103409 -0.670861 
0.000000 -37.722718 -18.381356 -2.312206 5.499426 -1.372423 -1.456389 -0.165534 0.361677 0.109508 0.427073 -0.944805 0.201292 5.405708 -2.883584 -1.483485 0.390854 1.336792 1.102258 0.000285 0.165863 0.748567 -0.853321 -0.480884 -0.860826 -2.057884 3.197328 -0.122397 -1.358259 -0.643591 -0.184786 0.532206 -0.176809 -0.134770 0.750116 -0.240871 0.224896 
0.000000 -33.539635 -17.724247 -2.676189 5.053930 -0.661760 -0.901692 0.261859 -0.211083 0.631676 0.766318 -1.201172 -0.282247 4.049421 0.861595 -1.251126 -1.186600 0.188711 0.186866 0.542352 -0.129420 0.226103 0.109913 -0.463828 0.017359 -2.138042 1.802579 0.244104 0.020950 0.190827 -0.379459 -0.037990 0.051265 -0.371857 0.548148 0.328969 0.364709 
0.000000 -29.623875 -16.658165 -4.814458 3.126225 -0.995000 -1.082657 0.919170 0.102837 0.561714 0.646900 -1.872461 0.236010 1.129624 0.721574 -0.995278 0.432753 1.718445 0.343341 -0.075695 0.268392 0.004852 0.242974 0.177054 -0.131408 -2.090929 2.634660 1.581766 2.104840 1.499040 0.349338 -0.407995 0.301159 -0.073887 -0.079372 0.645016 -0.013586 
0.000000 -31.280388 -16.281100 -4.666745 5.919436 2.775131 -0.215010 0.110469 0.325701 0.641380 1.252265 -0.847063 -0.545062 -0.132437 6.130916 1.912407 3.023079 3.186790 0.885542 -0.273637 0.472898 0.078329 -0.048831 0.826204 -0.009814 0.310583 4.292969 0.234706 0.841381 -0.531439 0.066546 0.095645 -0.450908 0.376409 -0.146518 -0.069946 0.255349 
238.858215 -29.888748 -4.396334 -0.989645 9.172382 5.378580 0.688426 0.371896 1.048633 0.718373 0.549238 -0.220054 0.216382 1.750790 9.307512 -0.525865 2.115514 0.655568 0.476433 0.115595 -0.633425 0.757671 -0.050061 0.037162 0.379291 -0.393641 -1.267042 -1.990749 -1.652267 -1.659655 -0.320458 0.134605 -0.704686 0.328353 0.272521 -0.501000 0.054902 
209.762650 -27.778807 2.333925 -5.718475 10.150464 4.086267 0.737855 0.341660 -0.941148 2.156721 1.152143 -0.772739 0.213520 -0.919719 3.596832 -2.069091 -0.281455 -0.132519 0.244626 -0.004427 -0.936474 0.735036 0.496210 -0.175796 0.099991 -2.717589 -5.461940 -0.402045 -1.275448 0.075204 -0.370199 0.184977 0.422026 -0.401784 0.292326 0.042853 0.123885 
209.318375 -31.728187 2.797330 -5.127827 8.609473 5.113541 1.177679 0.363041 -0.824316 2.188445 1.541658 -0.571646 0.416363 -3.684388 -1.616367 -1.329955 -0.435381 0.805976 -0.263965 0.485550 0.210626 -0.045897 0.534590 0.122868 0.627060 -0.030820 -4.149399 0.540026 -0.358127 -0.440627 -0.285659 -0.161154 0.923831 -0.429598 -0.142911 0.173679 -0.059000 
199.801636 -35.147583 -0.898809 -8.378385 9.279702 5.698219 0.209926 1.312760 -0.519895 2.064927 2.221322 -0.527003 1.467639 -0.981359 -4.701967 -0.989038 -0.997709 -1.013773 -0.326692 -0.326736 0.911188 -0.124160 0.210388 0.171562 -0.018009 4.101088 1.282968 1.754443 0.010815 -1.276307 0.730923 -0.600900 0.180745 -0.263209 -0.788794 0.040012 -0.945025 
197.954437 -33.690906 -6.606604 -7.105903 6.614054 3.085996 0.524296 -0.290430 0.998059 1.940125 1.962434 -0.228523 0.380345 4.517788 0.949568 2.178931 -0.413750 -1.746638 1.197882 -0.716249 0.572117 -0.572315 -1.042998 0.202891 -1.262990 3.948508 5.211082 0.909105 0.288172 -0.165722 0.593476 0.181708 -0.594946 -0.414531 -0.566007 0.077178 -0.124544 
0.000000 -26.112007 1.000328 -4.020523 8.452201 2.204942 2.605690 -0.119737 0.624340 0.920298 0.135325 -0.121221 -1.058340 6.915657 5.720198 0.829172 -0.421364 -1.345217 0.860260 0.036680 -0.278705 -0.953222 -0.921627 0.325918 -0.267098 -0.876582 1.355144 -1.390379 -0.712649 -0.309091 -1.109876 0.613635 -0.435183 -0.214044 0.374275 -0.417650 0.936230 
219.940613 -19.859591 4.833792 -5.447559 5.771326 0.395562 2.244815 -0.217070 0.440648 0.033680 0.119181 0.423312 -0.153850 2.764623 3.659856 -0.601826 -1.839049 -2.364821 -1.021871 0.511021 -0.298250 -1.000402 -0.294449 -0.632410 0.609471 -4.444602 -1.378703 -0.142171 -0.449464 -0.186518 -1.485203 0.124696 0.405970 0.343728 0.015138 -0.505848 0.122002 
208.659439 -20.582761 8.320039 -5.224175 4.774104 -2.524700 0.561949 0.902305 0.027841 -1.080507 -0.453574 -1.386041 0.160602 -1.973547 2.962793 0.544830 -1.320292 -1.718253 -2.110146 0.286073 0.533234 -0.265766 -0.891350 -0.685778 -0.023094 -3.407676 -0.736298 1.208761 0.382225 1.358466 -0.680757 -0.153928 0.527606 0.752906 0.055743 0.406764 -0.455297 
202.934082 -23.806686 10.759378 -4.357899 3.130741 -3.040944 -1.975476 0.355076 1.507117 -0.497853 -1.663520 -0.948243 -0.200037 -4.050729 2.187260 1.815697 -1.074598 0.352112 -2.383384 0.203165 0.756963 0.505409 -0.182964 0.181119 -0.301122 -2.481252 -1.382326 1.604197 0.703769 1.399145 0.657192 0.032740 -0.280410 0.274152 0.758119 0.287094 -0.024242 
196.006805 -28.684219 12.694559 -1.592782 2.624907 -1.820477 -4.204820 1.308635 1.541767 -0.069688 -0.819502 -1.023803 -0.441643 -6.936051 0.198141 3.753223 0.087245 1.080038 -0.795761 0.351553 -0.027585 0.282538 0.624887 -0.111589 -0.071579 0.071564 -1.070734 1.005685 -0.156959 -0.188345 1.895792 -0.310318 -0.495694 -0.166524 0.099345 -0.060576 0.210618 
187.228912 -37.678789 11.155660 3.148547 3.305231 -0.880868 -3.566998 1.058181 1.451948 0.067223 -0.413746 -1.171421 -0.343194 -3.907601 0.045792 3.827067 -1.388516 -0.024578 1.408200 -0.417472 -0.234424 0.172361 0.015725 0.059968 0.120114 5.791698 0.469631 -3.208427 -0.847735 -0.509232 0.776579 -0.517538 -0.012192 -0.210679 -0.596316 0.045851 0.157058 
179.774261 -36.499421 12.786142 6.061352 -0.152126 -1.869633 -1.388419 0.473692 1.072918 0.275034 -0.788052 -0.903867 -0.201415 4.647344 1.137403 -2.663630 -1.608224 0.061573 0.757398 -0.683523 -0.051969 -0.138819 -0.567746 -0.019886 0.242537 4.825067 -0.736583 -4.510712 1.155354 0.066993 0.038348 -0.499915 0.022949 -0.373567 -0.308312 0.248153 -0.120740 
171.397766 -28.384101 13.430466 -2.178713 0.088782 -0.757722 -2.052203 -0.308864 1.348009 -0.210415 -1.549237 -1.211194 0.141879 5.742533 -1.427375 -5.194358 0.922192 0.109407 1.484897 -1.417301 -0.188526 -0.574772 -0.600898 0.556274 -0.121365 -3.128958 -2.287410 1.185579 1.761390 -0.073543 1.126566 -0.153621 -0.481686 -0.011180 0.434343 0.597738 -0.512757 
170.168259 -25.014354 9.931392 -4.327364 1.692258 -1.650818 1.581375 -2.360911 0.695865 -0.874511 -1.989849 0.208681 -0.444146 -1.610572 -3.437417 -0.292472 1.914556 -0.085513 3.010530 -0.990765 -1.015341 -0.161179 0.300939 1.175590 -0.782977 -8.641198 -0.936176 3.895646 -0.195552 0.456191 -0.480423 1.283797 -0.378712 0.448458 0.791590 -0.049356 -0.087293 
171.678925 -31.605246 6.555633 -2.763657 3.917894 -0.928748 3.968857 -2.290394 -0.682673 -0.532773 -0.947359 1.139987 -1.424074 -11.539863 -3.299727 2.596935 0.531088 1.021790 0.524050 1.150292 -0.945950 0.322143 0.982281 0.457563 -0.295952 -4.318530 -2.113613 2.084695 -0.685887 -0.949050 -2.107667 1.557311 0.251900 0.042447 0.171780 -1.210304 0.666614 
173.158310 -48.094080 3.331937 0.866506 2.754434 0.392761 2.629475 -0.060327 -1.196035 -0.230225 -0.025286 1.123806 -1.036051 -10.247632 -7.664643 3.876918 0.542783 -1.983613 -1.204805 2.123857 -0.511541 -0.076286 0.644500 -1.245017 0.550251 4.850639 -4.210382 -1.106934 0.719808 -1.422048 -1.237761 0.259949 0.929681 -0.492116 -0.237535 -0.415428 0.341272 
174.263107 -52.100510 -8.773654 4.990178 5.003461 -4.895975 1.559246 1.957320 -1.705755 -0.685344 0.341641 -1.350048 -0.323573 -1.838586 -11.720492 0.383067 1.970705 -1.822306 -1.951472 1.670190 0.913413 -0.662089 0.507211 -0.373294 0.386591 5.532178 -0.735756 -3.476952 0.111129 1.291169 -0.433080 -1.083445 0.930435 -0.314225 -0.156985 1.123397 -0.219683 
0.000000 -51.771251 -20.109046 1.632641 6.695843 -3.251850 -1.273469 3.280053 0.630791 -1.554404 0.989136 0.377218 -0.262869 0.816725 -9.136156 -3.076986 0.765042 0.598725 -2.070965 -0.043033 1.349330 -0.704735 0.330530 1.001776 0.110885 4.953708 8.965018 0.095247 -0.416006 2.119206 1.497950 -1.089550 -0.189122 0.744585 -0.037992 0.229201 -0.189433 
0.000000 -50.467060 -27.045967 -1.163795 6.533544 -3.698525 -2.582684 1.871255 0.992904 -2.094815 1.002701 0.653505 -0.101804 8.068831 6.209544 0.573560 1.138693 2.416106 1.044428 -0.508911 0.535169 0.827081 0.431227 0.085108 0.007724 4.347494 10.298034 1.267351 0.624441 1.774549 2.006177 -0.055488 -0.661519 1.388546 0.068062 -0.433241 -0.115368 
0.000000 -35.633589 -7.689958 2.779762 8.973229 1.580362 0.815388 2.262231 1.701129 0.099757 1.851589 0.547434 -0.247421 9.511712 11.459912 -0.542284 2.013924 4.147823 1.941389 -0.154008 0.026292 2.072356 0.466654 0.135294 -0.119851 -3.481617 -1.538725 -1.536612 -0.476402 -0.299800 -0.554189 -0.017911 -0.523093 0.235612 -0.461223 -0.070954 -0.055715 
199.649017 -31.443637 -4.126144 -2.248363 10.561392 4.597122 1.300094 1.563239 1.045488 2.049897 1.936008 0.924092 -0.341505 1.105597 3.132093 -2.499664 0.185889 1.816505 -0.063949 -0.544734 -0.511017 1.298305 -0.491220 -0.056799 -0.103705 -5.455109 -5.686819 0.791510 -2.133198 -1.791636 -0.999211 -0.202138 0.368621 -0.891646 -0.088789 -0.327298 0.084228 
198.806503 -33.422395 -1.425772 -2.219567 9.345007 5.213373 0.687489 1.172763 0.679094 2.696367 0.869149 0.433836 -0.454832 -1.398507 0.086274 1.040736 -2.252472 0.564551 -0.057032 -0.558285 0.763534 0.289064 0.289075 -0.519303 0.048605 1.177461 -1.950595 2.042329 -0.942442 -1.473716 0.136001 0.132331 0.355252 -1.103387 0.355859 -0.108332 0.147216 
192.512085 -34.240651 -3.953596 -0.166892 6.056449 5.726224 1.186030 0.446669 2.572557 2.628025 2.514159 -0.114514 -0.244295 3.460519 -0.769097 1.584995 -1.698994 -1.130928 0.208053 -0.280073 0.199487 -0.908468 0.220497 -0.273463 0.190726 4.346601 1.551228 -1.051720 0.773659 -1.802888 0.078169 0.398454 -1.039811 -0.971828 -0.597713 0.285543 -0.025383 
197.854630 -26.501357 -2.963967 0.950423 5.947018 2.951518 1.103596 0.612618 1.078068 0.879431 1.310143 -0.113090 -0.073379 7.294695 3.188729 -1.062704 -0.705153 -3.041225 0.099306 0.238624 -1.316088 -1.654592 -0.906350 0.051782 -0.002161 0.153023 2.535644 -1.570366 -0.014463 -0.728230 -0.182198 0.186277 -0.454793 -0.083563 -0.503283 -0.126880 -0.137463 
205.306549 -19.651260 2.423862 -2.292301 4.646143 -0.356226 1.384643 0.923916 -0.059620 -0.681159 0.701458 -0.010950 -0.248616 3.766564 4.302191 -1.555738 -1.727920 -2.587388 -0.156343 0.092481 -0.710098 -1.075595 -0.786068 -0.527222 -0.084201 -4.278280 -0.351746 1.069835 -0.573681 1.119574 -0.675382 -0.311227 0.964518 0.794885 0.075848 -0.443867 0.043246 
201.575195 -18.968228 5.640415 -2.161052 2.491178 -2.223259 0.790910 0.797580 -0.342129 -1.271760 -0.261993 -1.167535 -0.241781 -1.261865 2.485236 1.076966 -1.852515 -0.802077 -1.251457 -0.383830 0.612947 -0.064822 -0.754655 -0.835953 0.084331 -4.784042 -1.567743 2.202065 0.590692 1.590118 -0.664621 -0.217601 1.041193 0.822919 0.427767 0.202593 -0.059477 
196.242157 -22.174990 7.394335 -0.138369 0.941112 -1.960381 -1.118271 0.156257 1.166274 -0.810804 -0.807851 -1.682855 -0.079955 -5.801519 1.166704 2.848393 -0.546537 0.592847 -1.485586 -0.342721 1.372288 0.570243 0.069466 -0.122037 -0.203156 -3.525167 0.282704 1.060022 0.851365 0.261726 0.372376 0.375319 -0.286165 0.193074 0.452968 0.592642 -0.168688 
190.073013 -30.571267 7.973822 3.535734 1.398104 -1.037564 -2.180262 0.112137 2.402446 -0.131273 -0.123062 -1.411609 -0.648093 -8.312199 3.050644 3.197010 -0.149785 -0.278625 -0.506705 0.366808 0.040618 0.321325 0.151281 0.349332 -0.253046 2.687795 0.841027 -2.531108 -0.042186 -0.447572 0.484069 0.407047 -1.101491 -0.426522 0.086696 -0.017050 0.027119 
183.097702 -38.799389 13.495622 6.255652 0.641542 -2.517632 -2.131681 0.889873 1.247510 -0.168155 -0.505289 -0.984191 -0.586047 -0.425930 2.848757 -2.213824 -0.630910 -0.302296 -0.517447 0.471372 -0.830694 -0.282800 0.242858 -0.156137 -0.148918 5.983655 -1.631456 -4.254684 -0.021988 0.524356 0.004635 0.095030 -0.338994 -0.297122 0.119266 -0.346799 0.147424 
177.178787 -31.423126 13.671336 -0.891915 0.136285 -1.642157 -3.215156 1.054881 0.741059 -0.696874 0.362654 -1.723883 -0.945928 3.655111 -0.212269 -5.312357 -0.193762 0.770086 -0.497436 0.556868 -0.637369 -0.272919 0.389813 -0.344266 0.041803 -1.289270 -1.732154 0.392826 -0.024647 0.593691 0.467331 -0.426724 0.165331 0.196721 -0.114153 0.206040 0.425787 
167.203293 -31.489167 13.071084 -4.369062 0.254017 -0.977459 -3.126553 2.003610 -0.027228 -0.713993 0.274336 -1.672722 -0.502441 -3.004470 -0.615550 -1.428171 -0.680204 0.885086 0.417215 -0.382075 -0.500032 0.110642 0.014552 0.255943 0.702656 -5.762481 -0.950691 3.750694 -0.728843 -0.551175 0.637426 -0.963483 0.121565 0.247651 -0.294805 0.358948 0.149871 
156.803497 -37.432066 12.440236 -3.748257 -1.224122 0.128016 -2.380726 0.290730 -0.259005 -0.475589 0.391757 -1.211998 0.459384 -7.869851 -2.113651 2.189031 -1.651449 -0.332264 0.777416 -1.370098 -0.394239 0.222383 -0.199798 0.373631 0.341546 -4.428544 -2.122574 2.246308 -0.414302 -1.425349 0.090796 0.346729 0.578340 0.138006 -0.212143 0.082302 -0.420437 
154.733673 -47.228869 8.843781 0.009000 -3.048881 -1.641988 -1.571721 -0.736587 -0.815706 -0.269227 -0.125261 -0.925460 0.180650 -11.861558 -4.860699 3.064444 -1.508808 -1.965612 0.598807 0.311382 0.656648 0.386654 -0.409735 0.420547 -0.138218 -1.044255 -2.522569 -1.145446 1.175972 0.062358 -0.219639 1.038845 0.624277 0.124214 0.054895 -0.085639 -0.241995 
163.730652 -61.155181 2.718838 2.380631 -4.241738 -3.803208 -1.183113 0.913494 1.054291 0.297719 -0.427713 -0.370904 0.182948 -9.958360 -7.158789 -0.101862 0.700496 -0.207548 0.338138 0.707591 0.854315 0.470810 -0.090009 0.202353 -0.142444 3.720006 -0.204830 -2.283609 1.495148 1.790476 -0.132883 -0.397591 -0.673801 -0.242123 0.305999 -0.121081 0.074109 
160.995651 -67.145590 -5.473796 -0.194724 -1.647889 -2.057084 -0.895445 0.678595 0.892923 0.672393 -0.305279 -0.520755 -0.104237 -4.421545 -5.270358 -1.502774 1.481488 1.615340 0.333040 -0.483801 -0.690955 -0.097593 0.202263 0.178385 0.010001 7.808444 6.729624 1.930754 0.667482 0.664190 0.126090 -0.366385 -0.368691 -0.014606 0.433070 0.136891 -0.049989 
72.404106 -69.998270 -7.821878 -0.624917 -1.278762 -0.572529 -0.517033 -0.054108 -0.327618 0.102533 -0.023187 -0.014134 0.202949 5.658528 6.300460 3.759645 2.035461 1.120833 0.590318 -0.025179 0.116933 0.441598 0.776131 0.476135 -0.242421 10.327891 7.738365 1.963185 -0.642309 -0.846425 -0.120455 0.313571 1.038573 0.095568 -0.475566 -0.110167 -0.126113 
0.000000 -55.828533 7.127123 7.324566 2.423033 0.184581 0.285191 0.628238 1.126790 1.555590 1.246984 0.431516 -0.589079 16.234237 10.206372 2.423596 0.196870 -0.077510 0.092131 0.143341 1.386192 0.093543 -0.748869 -0.041949 -0.242226 4.522228 -3.061455 -4.052266 -1.484733 -0.661566 0.474599 -0.454099 0.062555 -0.656533 -0.993900 -0.180341 0.047732 
135.763794 -37.529797 12.590865 4.222276 -0.885022 -0.727549 -0.332771 0.232573 2.444765 0.289619 -1.520925 -0.098031 -0.281502 14.702984 0.177550 -4.344886 -0.934005 -0.202299 1.539516 -0.933378 0.242043 -0.871468 -1.211668 0.115452 -0.146957 -5.764354 -9.069227 -2.239701 0.569604 0.682136 0.654528 -0.123884 -1.119764 -0.041676 0.948573 0.263492 0.244195 
75.674530 -26.422564 7.482223 -1.365206 0.555023 -0.220016 3.364223 -1.238518 1.610877 -0.187345 -1.176352 0.662420 -0.882993 4.705529 -7.932082 -2.055806 1.336079 1.286763 1.401186 -0.104426 -0.853337 0.010191 1.148277 0.485036 0.246164 -10.340518 -4.068214 1.972101 0.711077 0.580843 -1.315675 0.864753 -0.269006 0.653825 1.245858 -0.093283 0.355294 
148.828308 -28.118738 -3.273298 0.110665 1.787136 1.845976 2.469601 0.023721 0.738091 0.310000 0.775630 0.872040 0.210826 -5.978051 -7.958879 -0.400684 0.488148 0.959386 -1.091833 0.796128 -0.295968 0.436183 1.280049 -0.071113 0.563631 -5.337618 1.644190 -0.325848 -0.250270 -0.887121 -1.014784 0.519465 0.250934 0.176224 -0.369041 -0.332539 -0.209451 
156.518997 -38.378666 -8.435534 -2.166574 1.531320 1.698757 1.180557 0.353739 1.018941 0.685020 1.383746 0.520194 0.244268 -5.969706 -4.643701 -2.707502 0.835538 -0.487479 -0.628383 0.934504 -0.351470 0.362639 0.410195 -0.180042 -0.172738 3.157895 3.220767 0.412135 0.594683 -0.970305 0.418493 -0.297270 -0.123629 -0.381258 -0.780053 -0.068912 -0.290158 
0.000000 -40.058151 -12.560700 -5.304339 3.458212 0.871018 1.212835 1.892730 0.035151 1.035278 1.596020 0.511955 -0.134650 0.337738 -1.517345 0.423587 1.677514 -0.981223 -0.254847 0.201589 -0.543226 -0.326333 -0.280058 -0.208937 -0.016685 4.909724 4.971475 3.075556 0.635881 0.162857 0.162526 -0.566585 0.096667 -0.285648 -0.440190 -0.161634 -0.150565 
0.000000 -37.703189 -11.470225 -1.319401 4.886348 -0.263690 0.670864 0.756918 -0.067510 0.032355 0.823631 0.102321 0.210898 3.849743 5.299249 3.443610 2.107300 -0.161764 -0.303331 -0.198667 -0.158136 -0.208657 -0.470185 -0.503310 -0.473868 0.699474 4.703059 0.092442 -0.286131 0.604857 -0.058422 0.101053 0.138003 0.546532 -0.098876 -0.180417 -0.263808 
175.809143 -32.358666 -1.962202 1.582881 7.672812 0.547491 0.606173 1.495396 -0.281121 0.617965 0.655649 -0.494665 -1.082387 1.736687 7.888773 0.608471 1.105252 0.228491 -0.371690 0.403695 -0.267219 0.766731 -0.477811 -0.569771 -0.544301 -3.379547 -1.403286 -1.694196 -1.412205 0.099305 0.085196 -0.415574 0.194632 0.460892 0.143064 0.000750 0.493816 
173.956299 -34.229815 4.307321 -0.102459 7.096853 0.193292 -0.072516 1.564307 -0.601949 1.565816 -0.131990 -1.037221 -0.877705 -2.909352 2.492678 0.055218 -0.717110 0.036845 -0.132939 -1.029814 0.231128 0.713128 -0.184058 -0.501811 0.513763 -2.518555 -6.179207 1.140702 -0.929138 -0.047336 0.532980 -0.601513 0.360840 -0.551767 0.331449 0.297189 0.543541 
176.418137 -38.177369 3.023154 1.693317 6.238593 0.621181 0.340296 -0.564231 0.181135 2.044221 0.287534 -1.498288 -0.054861 -3.300422 -4.469642 2.889876 -0.753024 0.133819 0.694271 -0.799331 0.454460 -0.336803 0.185088 0.024607 0.542781 2.035943 -5.304543 0.439330 0.106693 -0.398751 -0.328342 0.557813 0.172169 -0.957943 0.190349 0.926738 -0.160976 
176.374695 -40.830660 -4.631962 5.677293 5.590805 0.460930 1.316026 -0.034355 0.306971 0.892210 0.238185 -0.988007 0.207856 1.162533 -8.116409 0.933877 -0.503724 -0.760658 -0.789622 0.085813 0.575466 -1.202758 0.196640 1.351664 0.191811 5.940575 3.877073 -2.621791 -0.197409 -0.935025 -1.019510 0.644568 -0.133604 -0.287408 -0.283954 0.243132 -0.244982 
178.144745 -35.852302 -13.209664 3.561072 5.231145 -0.900135 -1.238948 -0.392605 1.332066 -0.361296 0.680813 1.205041 0.328760 8.580728 3.284503 -2.353705 -1.147842 -1.736230 -1.344750 0.489805 0.187252 -0.911618 -0.382820 0.510871 0.052817 3.021341 8.246141 -1.270790 -0.479497 -0.496793 0.594227 0.174628 -0.529467 0.249655 -0.379959 -1.008718 -0.230677 
192.471375 -23.669203 1.937044 0.969882 3.295122 -3.011530 -1.373473 0.945254 0.681476 -0.931026 -0.527455 0.033734 0.313490 7.205216 8.375873 -1.607702 -1.462717 -1.754243 0.398832 0.435069 -0.483469 -0.703448 -0.563279 -0.665771 -0.269544 -4.582441 -1.054474 0.613606 0.317603 0.419789 0.892113 -0.541585 0.060433 0.384619 0.154749 -0.449322 -0.307479 
180.415146 -21.441871 3.542081 0.345668 2.305710 -4.408620 -0.441283 0.477534 0.365129 -1.768191 -0.445746 -0.126502 -0.210328 -0.584153 1.175555 -1.126493 -0.512635 -0.896651 0.439476 -0.593366 0.308119 -0.142380 -0.073322 -0.387773 -0.562142 -5.821254 -3.769887 0.100512 1.101385 0.572272 -0.134816 -0.611436 0.338444 0.840102 0.246405 0.218625 -0.231002 
171.665131 -24.837510 4.288154 -1.283104 2.269852 -4.804832 -0.494521 -0.241478 1.297714 -1.215787 -0.674099 -0.741811 -0.810795 -4.437293 0.836099 -1.406678 0.740053 -0.609699 0.129201 -0.787804 0.193419 0.976756 -0.070470 -0.228520 -0.731547 -3.006893 -0.930822 0.633507 0.254661 0.520694 0.042669 0.367684 -0.196522 0.334336 0.115013 0.124067 0.412358 
163.492584 -30.316457 5.214278 -2.467688 3.785815 -5.628018 -0.182881 -1.098073 0.751967 0.185321 -0.586685 -0.583542 -1.673422 -6.597940 -0.686089 0.140521 -0.003313 0.144736 0.524813 0.142001 -0.084925 0.526291 0.156704 -0.139639 0.262574 0.289414 -0.992625 1.069745 -0.750674 0.583014 0.119896 0.679051 -0.002735 -0.575510 0.091733 0.004873 0.712717 
156.238144 -38.033389 2.915976 -1.002062 2.263226 -4.515360 0.555105 0.042524 1.127864 -0.163205 -0.360692 -1.021089 -0.285647 -3.858466 -1.149151 0.732813 -0.761294 0.556329 0.368993 0.570298 0.187948 -0.174263 0.112997 -0.218773 0.693887 1.369737 -0.231531 0.296146 -0.378991 0.205796 -0.077910 0.214149 0.136437 -0.350277 -0.021854 -0.039567 0.215657 
