0.000000 -15.839649 -4.399854 -1.088427 -0.475995 -2.589933 0.239719 0.989763 1.258517 0.602284 0.677840 0.260106 1.513245 -10.328209 0.399979 -1.135817 -2.474946 2.443076 1.657927 0.156670 -1.303402 -0.961625 0.076704 -0.392577 -0.285505 -4.083031 0.788753 -0.247695 -0.173732 -0.167724 0.195402 -0.100210 -0.057960 -0.184235 -0.267517 0.200015 -0.097113 
0.000000 -36.496066 -3.599895 -3.360061 -5.425887 2.296219 3.555573 1.303103 -1.348286 -1.320966 0.831248 -0.525048 0.942234 -18.494270 1.977486 -1.631206 -2.822410 2.107629 2.048731 -0.043750 -1.419323 -1.330096 -0.458331 0.007453 -0.479730 0.486335 -1.498587 1.108994 2.867820 -2.314246 -1.133979 -0.170994 0.588023 0.811781 -0.464083 0.513769 0.033273 
0.000000 -52.828189 -0.444883 -4.350839 -6.120814 1.625325 4.337181 0.902263 -1.580128 -2.057908 -0.238821 0.275011 0.553784 -9.355540 -2.597194 1.082170 3.260695 -2.185415 -0.610030 -0.185317 -0.127356 0.661936 -0.851463 0.634961 -0.218960 12.102162 -5.912533 1.350869 3.951381 -2.325513 -2.145767 -0.040858 1.077080 1.067100 0.107110 0.148174 0.093362 
235.035004 -55.207146 -8.794283 -1.195720 1.095503 -2.074612 2.335513 0.932468 -1.602999 0.002905 -0.871677 0.744874 0.504314 5.710053 -9.847580 1.070532 5.080353 -2.543398 -2.242802 -0.125467 0.734838 0.804104 -0.244110 0.303801 -0.293006 8.850451 -0.080776 -2.162251 -1.404285 1.493679 0.367307 -0.049685 0.275072 -0.165484 0.454294 -0.294451 0.319577 
0.000000 -41.408082 -20.140042 -2.209775 4.039892 -3.461471 -0.148423 0.651330 -0.110452 -0.449699 -0.727042 0.882613 -0.032229 8.345362 -2.758745 -3.242331 0.452124 0.801942 0.124583 -0.284687 0.422789 0.330967 0.057126 0.046059 0.420194 -2.484953 7.637807 -2.324014 -2.434993 2.313952 2.017775 0.027810 -0.521813 0.273126 -0.013986 -0.320022 0.388203 
0.000000 -38.516421 -14.311774 -7.680383 1.999752 -0.470728 2.584680 0.363094 -0.757421 0.664839 -0.757425 0.836993 1.344702 0.740147 5.428034 -3.577496 0.210368 2.084507 1.792748 -0.069846 -0.308788 1.350356 -0.272083 -0.336244 0.483399 -7.336964 3.214041 1.882666 -0.127115 0.263336 0.140316 -0.135857 -0.219565 0.243809 0.078669 -0.204530 -0.377548 
0.000000 -39.927787 -9.283974 -9.364767 4.460627 0.707542 3.437074 0.511638 -0.728028 2.251012 -1.271207 0.210126 0.934569 -6.328566 3.669336 0.523001 0.197895 1.328615 0.405214 -0.556400 -0.016342 0.818586 0.214464 -0.363001 -0.334901 -1.764419 -2.063002 1.352026 -1.615658 -0.258637 -1.262070 -0.606794 -0.282682 -0.911285 0.616037 -0.027829 -0.377015 
0.000000 -51.173553 -6.973101 -6.634381 2.395542 2.186502 3.395109 -0.749707 -0.790105 2.302011 -0.328497 0.110991 0.674900 -2.788690 1.302030 -0.873444 -3.020949 1.567233 -0.731391 -1.283435 -0.874151 -0.472214 0.959992 -0.391902 -0.270631 2.036962 -2.141492 -1.599005 -0.833321 0.002948 -0.224142 -0.043944 -0.419306 -0.423457 0.151893 0.164858 0.136905 
0.000000 -45.505166 -6.679913 -11.111655 -1.581271 3.842008 1.974291 -2.055231 -2.476330 1.306583 0.648777 -0.573678 0.393307 -2.254643 -0.613647 -2.675009 -1.468747 1.334510 -0.043070 -0.644288 -0.854953 -0.028328 0.518249 -0.033284 -0.061091 -1.069445 0.442063 1.157460 0.964606 -0.732611 0.454875 0.881723 0.676187 -0.013620 -0.622574 0.336491 0.153422 
0.000000 -55.682839 -8.200395 -11.984398 -0.541952 4.855523 3.308968 -2.038284 -2.500012 2.245354 0.708002 0.044422 0.552717 -4.927580 2.186156 1.441476 -1.091737 0.102010 0.178359 0.480012 0.478223 -0.499455 -0.285156 0.281080 0.036213 4.407214 1.773764 1.065199 -0.298947 -0.818809 -0.537244 0.501572 0.969254 -0.838820 -0.863011 0.242016 0.248263 
0.000000 -55.360327 -2.307600 -8.228702 -3.764746 4.046028 2.331010 -1.095207 -1.519885 0.307674 0.078464 -0.011518 0.465732 6.559785 2.933881 -0.544610 -2.066641 -0.303107 -1.117558 0.358856 1.083555 -1.705969 -1.207773 0.450747 0.435434 6.811281 1.462001 -0.355909 1.059994 1.233477 -0.820191 -0.214713 0.042044 0.161317 -0.330189 0.398356 0.198985 
0.000000 -42.563269 -2.332634 -13.073619 -4.675235 4.249309 1.073852 -1.320572 -0.332903 -1.166585 -1.707544 0.945917 1.423586 8.694981 5.110159 0.729658 1.028251 2.568965 -1.462022 0.050587 0.562311 -0.176820 -0.945535 1.077792 0.434183 -1.759833 0.881176 2.753146 1.907250 1.710332 0.587687 0.092736 -0.538230 1.307854 0.774375 -0.001804 -0.340729 
0.000000 -37.970364 7.912717 -6.769385 -1.708245 9.183958 -0.593034 -0.994033 -0.395262 -0.045967 -1.812605 2.144067 1.334098 3.040118 4.696233 4.961682 1.747859 3.117558 0.057815 0.544328 0.007095 0.909738 0.340976 0.447140 -0.246023 -6.007359 -2.752393 1.501560 -0.024204 -1.797541 1.770411 0.298305 -0.412452 0.301634 1.021045 -0.935978 -0.448669 
150.237946 -36.483032 7.059832 -3.150255 -1.179517 10.484425 1.189482 -0.231917 -0.318712 0.652892 -1.025592 1.840196 0.931540 -3.319736 -0.394627 3.732778 0.979843 -1.026118 2.078799 0.647196 -0.262593 0.426448 1.096555 -0.794164 -0.463155 -5.039157 -2.817878 -1.392452 -0.034358 -2.289443 0.329100 -0.355702 0.083037 -0.298742 0.101568 -0.532955 -0.109485 
0.000000 -44.609837 7.123463 0.696171 0.251441 7.131721 3.564564 0.300358 -0.920448 0.806928 0.380504 0.555739 0.407788 -7.038196 -0.939523 2.176779 1.679143 -1.461329 0.716014 -0.167075 0.173170 0.312255 0.544113 -0.618771 -0.464993 -1.218938 -1.256947 -2.080233 -0.015087 0.476198 -1.052114 -0.481461 0.339575 -0.128982 -0.404034 0.402257 0.122764 
0.000000 -50.559424 5.180785 1.203302 2.178768 7.561768 2.621511 -0.566067 0.027627 1.277402 0.062634 0.602654 0.001555 -5.757613 -2.908522 -0.427688 0.949670 -0.073722 -0.025429 -0.315726 0.416557 0.168484 0.288486 0.010351 -0.217627 2.735715 -2.215951 -1.516970 -0.401334 -0.367879 -0.207455 0.679763 -0.448857 -0.291808 0.673877 -0.013150 0.360802 
143.419357 -56.125064 1.306419 -0.159206 2.150780 6.984277 3.513705 -0.331095 -0.087333 1.143896 0.957476 0.576441 -0.027466 -1.566765 -5.371424 -0.857161 0.876475 -2.197087 0.301105 1.192450 -0.724545 -0.271361 1.891868 -0.645072 0.256612 7.445704 -2.656696 0.474954 -0.091125 -0.929949 0.655120 1.011971 -0.992513 -0.346345 0.902061 -0.121325 0.162909 
129.459518 -53.692955 -5.562064 -0.511020 3.931718 3.167594 3.223720 1.818832 -1.421463 0.734680 3.846369 -0.687490 0.514778 9.133794 -8.221915 0.522219 0.767421 -1.933620 1.284811 1.708215 -1.568468 -0.524206 2.092608 -0.232300 0.108191 4.691481 -0.671215 0.899602 -0.777336 0.927689 0.231019 -0.520501 0.138088 -0.017613 -0.951398 0.614542 -0.195749 
0.000000 -37.857476 -15.137410 0.885232 3.685621 3.117037 6.083327 3.085336 -3.224270 0.095485 5.142692 0.111841 0.188917 7.816196 -6.713855 0.942042 -0.678196 -0.341710 0.763143 0.151447 -0.448369 -0.306588 -0.010929 0.584012 -0.134886 -5.762936 2.389807 0.093259 -0.608643 0.187715 -1.040894 -1.294376 1.101736 0.250839 -1.484884 0.065617 -0.033850 
0.000000 -38.060562 -18.989774 1.373065 2.575325 2.484174 4.750006 2.121727 -2.318201 0.121505 3.824511 0.480534 0.245007 -2.392077 -3.442301 0.708736 -0.449866 -1.558190 -0.796976 -0.880537 0.635004 -0.022527 -0.877160 -0.101067 0.040491 -5.742941 2.248383 -0.160102 0.347898 -0.608143 -0.966416 -0.410586 0.655221 0.060748 -0.572554 -0.394506 0.241111 
0.000000 -42.641629 -22.022011 2.302705 2.785889 0.000658 4.489375 1.324262 -1.954261 0.050431 3.388372 -0.090293 0.269899 -3.669685 -2.217089 0.621839 0.017600 -1.557996 -1.169689 -0.669725 0.862072 -0.185093 -1.156038 -0.205000 0.347336 -0.617197 1.905461 -0.508071 0.401017 0.704376 -0.446797 0.291025 0.146214 0.031162 -0.285730 0.120403 0.213797 
0.000000 -45.399931 -23.423952 2.616742 2.610525 -0.631818 2.410627 0.782276 -0.594056 -0.248681 1.512436 0.070534 0.939678 -3.626470 0.368622 -0.307405 0.352169 -0.149437 -1.690570 -0.298488 0.927433 0.039797 -1.448621 0.139739 0.468086 0.098379 3.373510 -0.444354 0.655260 0.677283 0.237894 0.488656 -0.289143 0.261958 0.418209 0.036289 -0.243230 
0.000000 -49.894570 -21.284768 1.687894 3.490227 -0.298216 1.108234 0.727287 -0.099396 0.130024 0.491131 0.189185 1.206072 -3.472926 4.529932 -0.266868 1.328120 -0.203430 -0.693902 0.307588 0.283787 0.338824 -0.319620 -0.132422 -0.139125 2.511359 0.405427 -1.164235 1.895636 0.140009 0.495943 -0.249202 0.441349 -0.070852 0.573363 -0.073520 -0.060436 
0.000000 -52.345783 -14.364089 2.083005 5.266765 -1.038678 1.022823 1.397452 -0.026483 0.428966 0.873196 -0.194310 0.661428 1.396248 1.179476 -2.635874 4.143441 0.130581 -0.698684 -0.796892 1.810131 -0.101908 -0.301896 -0.007302 0.347214 3.520231 -0.842766 -0.248480 1.075095 0.538366 0.021252 -0.336713 0.741924 -0.406150 -0.001571 0.149128 0.127460 
0.000000 -47.102073 -18.925815 -3.583855 11.777109 -0.037054 -0.289133 -0.866497 3.520867 -0.073792 -0.112661 0.174581 1.900500 3.567536 2.844399 -0.763828 3.478310 0.873302 -0.651398 -0.365839 1.767635 -0.473477 -0.322762 0.165833 0.115796 0.642998 4.279354 2.502972 -3.116192 1.160110 0.919696 0.432346 -1.535730 0.097341 0.519018 -0.452566 -0.544078 
0.000000 -45.210712 -8.675291 0.555350 12.223386 0.707925 -0.279973 0.665774 3.508788 -0.517987 0.227671 0.137357 0.893020 2.682244 9.738184 2.370070 -2.088944 2.450801 1.140708 0.067800 -1.261329 0.092773 0.736140 -0.912433 -0.740941 -1.291628 2.075579 -0.073572 -4.310310 0.874894 1.015501 -0.119651 -1.530487 0.618430 0.106704 -0.314720 -0.017939 
141.616455 -41.737586 0.550554 1.156285 7.599221 4.864548 1.992283 -0.730897 0.998208 0.111755 1.359619 -1.650286 0.418619 0.984279 6.995556 -0.910972 -5.142309 2.623089 1.379604 -0.605142 -1.293339 0.763382 -0.109355 -0.463606 0.079917 -2.956173 -3.866207 -0.605513 -0.495250 -1.764556 -0.487423 0.420672 0.511207 0.016794 -0.690322 0.884900 0.469729 
134.915009 -43.242153 5.315821 -1.266594 1.938768 5.954104 2.479234 -0.544509 0.922109 1.008777 0.008961 -0.789855 1.052853 -3.230103 2.005771 1.159045 -3.079444 -1.078311 0.165862 0.909145 -0.238915 0.126360 -0.644505 0.857366 0.198516 -0.494408 -3.258411 0.296667 1.963681 -1.453896 -0.356570 0.541948 0.588978 -0.405156 -0.028363 0.332751 -0.175603 
120.164230 -48.197792 4.562095 3.474374 1.440333 2.707925 2.324007 1.087393 0.520379 0.364476 0.070610 0.064447 0.815651 -0.004536 0.478735 -0.317637 -1.214946 -0.284703 0.666463 0.478754 -0.115383 -0.046929 -0.166082 0.201896 -0.271289 2.996103 -0.645324 -2.858187 1.155628 1.819773 -0.100109 -1.151993 0.616718 0.093536 0.267743 -0.456811 -0.333076 
216.037277 -43.251226 6.273290 -1.901868 -0.491125 5.384698 3.812159 0.412999 0.691343 0.914918 -0.323202 -0.386062 0.510275 2.762103 0.715123 -4.557330 -0.768188 2.561235 -0.034356 -1.394840 0.994522 0.313432 -0.109019 -0.056255 -0.467637 0.462883 -0.560755 -0.667666 1.317136 0.777191 -1.272886 -0.614745 0.658241 0.028286 0.023891 0.052672 0.000359 
103.128448 -42.673587 5.992341 -5.640286 -0.096044 7.830394 2.255294 -1.702288 2.509423 0.991339 -0.147428 -0.048063 -0.119622 0.921230 -0.642775 -1.652970 1.419326 1.269679 -1.879309 -0.750735 1.201099 0.009642 -0.118299 0.307241 -0.270571 -0.660840 -0.587779 2.911469 1.034391 -1.402245 -0.265879 1.042849 -0.454779 -0.271979 0.064840 0.274270 0.236481 
105.167770 -41.408765 4.987741 -5.207807 2.347527 7.924057 0.053541 -1.088472 3.093541 0.934202 -0.559800 0.228420 -0.030866 1.440422 -0.460434 1.265607 1.300594 -0.243255 -0.566114 0.690858 0.084965 -0.230526 0.020662 0.492286 0.005324 -0.595971 0.187812 2.144981 -0.494332 -1.457081 1.314040 1.009396 -1.297598 -0.208904 0.426619 -0.199605 0.262807 
107.750626 -39.792743 5.071473 -3.109072 2.505144 7.343885 1.123066 -0.320572 2.679352 0.530287 -0.106104 0.936509 -0.108974 -0.270713 -0.267151 2.636991 0.430663 -1.644483 0.748771 1.268057 -1.394096 -0.408166 0.734938 -0.091969 0.255043 -0.474751 0.364940 -0.435720 -1.103051 -1.369510 0.664023 0.653480 -1.087344 0.214207 0.653931 -0.907819 0.046962 
224.279358 -41.950191 4.453438 0.066175 3.208852 4.635091 1.551082 1.447642 0.305348 0.117871 0.910077 0.044482 0.479221 0.490920 0.269445 0.394167 -0.905507 -2.982275 0.761931 1.997817 -2.089724 0.197887 1.328524 -1.323351 0.099248 -0.679446 0.181975 -1.015019 -0.981709 0.246751 -0.012899 -0.613648 0.889137 0.293613 -0.278623 0.130741 -0.203660 
78.996277 -38.810904 5.610364 -2.320737 0.694129 1.379334 2.646929 3.675062 -1.500097 0.926061 2.550944 -1.710194 0.089522 -1.629606 0.096798 0.606953 -1.532756 -1.150981 0.722972 0.040762 0.384177 0.179061 0.177692 0.169513 -0.152277 -2.272587 -0.428116 1.225992 0.612385 1.717812 -0.533412 -1.434482 2.021232 -0.208393 -1.181250 1.266712 0.227333 
125.869698 -45.209402 4.647035 1.280082 0.143340 2.333129 2.997026 1.529165 1.073702 0.475993 1.265461 0.383507 0.174667 -4.054255 -0.586786 2.846151 0.319262 0.453349 -0.304894 -0.871148 1.952739 -0.218899 -1.033975 1.210072 0.553914 1.152101 0.712458 1.043923 1.562733 0.056666 -1.294866 -0.611994 -0.415227 -0.150618 -0.278219 -0.060977 0.123205 
129.883545 -46.919413 4.436791 3.371564 1.332653 2.286033 2.037141 1.932766 2.405380 0.488263 0.482995 0.709951 1.197350 0.674595 1.521714 2.694800 1.592710 -1.037649 -1.866760 -1.183227 -0.446277 -0.122176 -0.378746 0.047560 0.094134 2.843654 1.291702 -0.687431 0.330533 -0.804629 -0.680890 -0.167855 -1.461857 0.062759 0.562018 -0.522535 -0.455242 
124.591110 -43.860212 7.690463 6.669681 3.328759 0.257831 -0.736494 -0.837288 0.181148 0.231642 0.507969 0.478627 0.362934 1.633054 1.996618 1.471288 0.980329 -1.155908 -1.666674 -1.206857 -0.970975 -0.093381 0.090061 0.165002 -0.356570 -1.677840 -1.240997 -1.346581 -0.840009 0.788910 1.216886 0.851312 0.322812 0.056651 0.244590 -0.008924 0.030240 
54.588303 -43.653306 8.430027 6.314141 3.293310 -0.025783 -1.296207 -0.480949 0.463430 0.301501 0.663117 1.039954 0.484210 -2.681085 -0.960281 0.001638 -0.087308 0.540170 0.567012 0.519397 0.199346 -0.008873 0.110434 0.029711 0.154614 -1.630594 -1.432496 0.292042 -1.550732 0.397222 0.950401 0.816593 0.355705 -0.218281 -0.277137 -0.451823 0.007851 
62.044979 -49.222382 5.769901 6.672958 3.154143 1.338171 0.397530 0.201505 0.579839 0.213895 0.728838 0.538049 0.672163 -1.628135 -0.868374 2.055372 -2.121135 -0.361463 0.234128 0.426328 -0.259565 -0.529944 -0.464214 -0.738644 -0.340868 3.108528 0.513895 0.952535 -1.249854 -0.975832 -0.823129 -0.168011 -0.520870 -0.152186 -0.313323 -0.400128 -0.104226 
0.000000 -46.909575 6.693279 10.424884 -0.948959 -0.748709 -0.827950 0.371707 -0.055700 -0.758386 -0.265311 -0.437334 -0.197526 3.535971 0.067509 1.906709 -2.587017 -1.411493 -1.079245 0.183374 -0.842394 -0.313245 -0.516212 -0.770544 -0.053837 3.147059 -1.062983 -1.951653 0.134507 -0.297312 -0.155743 -0.323521 -0.334745 0.390043 0.532257 0.252763 0.620733 
0.000000 -42.150440 5.904919 10.486376 -2.019892 -1.484814 -1.760960 0.568253 -1.104948 -0.412595 -0.303587 -1.003039 0.564490 4.665984 -2.994341 -1.847935 -1.852120 -0.956088 -0.077358 -0.220713 -0.929054 0.250141 0.600301 -0.233118 0.900599 -0.154712 -0.671247 -3.152432 0.929591 0.761771 0.570190 -0.301659 0.765899 0.250988 0.346191 0.218433 0.301318 
0.000000 -37.577607 0.704597 6.729013 -4.653199 -2.660886 -0.982666 -0.069720 -1.913808 -0.258103 0.935290 -0.903570 1.603672 3.226547 -1.274985 -4.398154 -0.727836 0.112049 0.061134 -0.419943 0.689404 0.188730 0.176169 -0.333678 0.548799 -1.332531 2.369021 -1.321749 1.383630 0.828460 -0.320799 0.153664 0.832502 0.014116 -1.144745 0.054727 -0.503250 
0.000000 -35.697345 3.354949 1.690068 -3.475564 -1.260716 -1.638692 -0.271633 0.273860 -0.035135 0.048751 -1.670396 1.662088 2.000921 1.743701 -4.491433 0.915140 0.700831 -0.718956 0.086615 0.735950 0.278374 -1.689189 -0.123663 -0.105902 -0.596621 1.515619 1.545866 0.179120 0.560615 -0.167320 0.333488 -0.372014 -0.057800 -0.696943 0.346797 -0.266166 
0.000000 -33.575765 4.192000 -2.253854 -2.822919 -1.259224 -2.420579 0.103509 -0.441908 0.298644 -2.443088 -1.150897 1.391868 2.033305 1.756254 -1.306421 -0.369597 1.233278 -0.273506 0.247033 -0.054624 0.073131 -1.217717 0.359916 0.016466 -0.133331 -0.202430 3.087702 -1.137505 0.929935 0.613936 -0.331869 -0.188935 -0.467745 1.315641 0.215242 0.122385 
151.310699 -31.630735 6.867456 -0.922775 -4.214758 1.205840 -2.185705 0.222434 0.164612 0.111126 -2.386683 -0.950565 1.695020 1.734258 1.338840 1.683971 -1.359870 2.560702 0.508917 -0.577123 0.358081 -0.657117 0.942093 0.306820 0.138869 -1.375562 -0.359034 0.795321 0.107270 0.072031 0.729445 -0.401064 -0.160724 -0.222508 0.800645 0.128311 -0.165680 
61.895397 -30.107248 6.869680 1.114088 -5.542659 3.862180 -1.402746 -1.050737 0.274253 -1.015590 -0.558902 -0.537256 1.669605 -0.717820 1.038185 0.284220 -0.155056 1.377341 1.185383 -0.555095 -0.376072 -0.371885 0.383572 0.616537 -0.314894 -2.144195 -0.215058 -1.433281 1.314680 -1.381800 0.155624 0.131425 -0.176700 0.409650 -0.840666 -0.074830 -0.241595 
119.811172 -33.066376 8.943827 -0.354335 -4.524871 3.960521 0.185062 -0.887755 -0.587532 -0.632643 -1.619538 0.282510 1.065233 -2.554132 0.908725 -1.182591 1.269490 -0.202899 0.820164 -0.314274 0.004681 0.162182 -0.739239 0.157160 -0.344321 -0.478373 -1.030051 -1.201599 0.538797 -1.699802 -0.689581 0.462280 0.871146 0.360353 -0.297712 -0.560469 0.270641 
115.588982 -35.215511 8.687130 -1.251095 -3.003678 3.456383 0.237581 -1.679284 0.283616 -0.691225 -2.037380 -0.222937 0.980964 -1.674565 -1.021917 -2.118978 0.922537 -2.022263 -0.193778 0.369466 1.366221 0.348822 -0.211853 -0.504400 0.226389 0.496880 -2.053444 -1.059900 -0.272783 -1.655808 -0.961379 0.443129 -0.015027 0.474284 0.563069 -0.294498 0.416033 
223.131927 -36.415506 6.899993 -4.592291 -2.679797 -0.084004 -0.202494 -0.148823 2.144911 0.065001 -2.043244 -0.726291 1.518012 -1.560372 -3.198164 -3.302391 0.723925 -3.514514 -1.102593 0.571985 -0.025372 1.110750 0.386899 -0.431837 0.487746 0.616897 -1.038778 0.405799 0.017472 -0.527467 -0.872957 -0.442395 -1.400401 0.133687 0.166931 0.134050 -0.075069 
0.000000 -38.336255 2.290803 -7.855876 -1.555828 -3.572645 -1.967605 -0.535314 0.232872 1.530276 -1.263582 -1.086610 1.956455 -0.440771 -3.099474 -1.307381 0.957481 -3.077197 -1.939693 -0.515323 -1.434581 0.616195 0.122010 -0.236301 0.076250 0.532907 2.271991 3.416607 0.077030 1.564431 0.160870 -0.388943 -0.075491 -0.621797 -0.368617 0.095172 -0.393908 
0.000000 -37.297048 0.701045 -7.207052 -0.764835 -6.238399 -4.081879 -1.179469 -0.724251 1.297391 -1.799224 -1.198893 1.670513 -0.494557 1.345818 3.530824 0.877986 -0.385651 -0.780854 -0.205902 -0.176354 -0.132843 -0.350335 -0.241493 -0.300070 -0.709357 3.525031 3.722757 -0.584676 2.747200 1.256294 0.324203 1.186063 -0.370736 0.345167 0.086165 -0.285171 
0.000000 -39.325368 4.982439 -0.794229 0.200143 -4.343948 -3.529313 -0.947117 -0.119835 1.264590 -1.964253 -1.569597 1.356315 -1.859484 3.950588 6.138132 -0.211872 2.417203 0.572896 0.133082 0.937545 -0.125277 0.812345 -0.063971 -0.494091 -1.447470 -0.108003 -0.205225 -0.702396 1.006273 0.990728 0.081743 0.314260 0.037086 0.925415 0.306593 -0.194709 
71.655579 -41.016016 8.602222 5.069213 -1.188580 -1.403993 -2.936087 -0.913305 1.150838 1.046837 -0.174534 -1.326836 0.682330 -3.389497 1.129812 3.120374 -0.526806 1.626895 1.200603 -0.042415 0.452166 -0.058670 1.500495 0.371692 -0.689488 -0.948980 -2.930300 -3.537161 -0.233003 -1.172795 -0.143785 -0.103201 -0.564708 -0.182834 -0.510634 -0.034325 0.231017 
0.000000 -46.104362 7.242063 5.446520 -0.853469 -1.090158 -1.128108 -1.031948 0.784496 1.147250 1.036737 -0.826213 -0.022661 -3.757444 -1.910013 -0.936189 -0.677878 0.071614 0.285325 -0.073320 -0.191871 -0.490945 -0.208923 -0.132622 -0.032057 5.152701 -0.856491 -2.134416 -1.158367 0.179469 -1.389572 0.265393 0.277911 -0.625784 -1.506162 -0.302557 0.836173 
139.369934 -48.530904 4.782197 3.196835 -2.544336 -1.260766 -2.365436 -1.059945 0.767096 0.064946 -0.592381 -1.592080 0.618216 6.915906 -0.583169 -1.148458 -2.843539 1.985834 -1.578541 0.488372 1.007987 -1.310239 -1.511829 -0.233422 0.982858 6.596402 1.264871 0.362614 -0.667943 1.131670 -0.636096 0.065705 0.317106 -0.101126 -0.175268 0.216238 0.452097 
0.000000 -32.272551 6.075726 3.149603 -6.540548 2.881509 -4.285190 -0.055205 2.800470 -1.473228 -1.986920 -1.293058 1.943054 9.435361 0.619730 -0.210961 -2.013763 2.334954 -0.986866 0.058089 0.442341 -0.693197 -0.559459 0.299855 0.872136 -3.872722 0.201058 0.334122 1.327367 -0.913098 0.843051 -0.347250 -1.024502 0.728897 0.752851 0.262915 -0.497378 
96.931877 -29.660183 6.021657 2.774913 -6.571863 3.409142 -4.339168 -0.943767 1.651778 -1.321448 -1.711298 -0.992370 2.362488 -0.829539 -0.181053 -0.480214 -0.188804 0.159637 0.107561 -0.206129 -1.041016 0.147556 -0.006126 0.292408 -0.011899 -7.279481 -0.621640 -0.499783 0.983346 -1.981134 0.715610 -0.169298 -0.611990 0.568968 0.003965 -0.103839 -0.812716 
0.000000 -33.931629 5.713620 2.189174 -6.918157 3.200783 -4.070068 -0.467462 0.718439 -1.178116 -1.999173 -0.708241 1.919256 -5.123602 -0.623550 -1.210527 -0.047071 -1.627314 0.444353 -0.280507 -0.781638 0.444739 -0.551529 0.092177 -0.753296 -3.027295 -0.470651 -0.797182 0.054925 -1.604874 0.639292 -0.093171 0.605246 -0.210209 0.024782 -0.208157 -0.353443 
0.000000 -39.907387 4.774558 0.353860 -6.666004 0.154514 -3.450461 -1.504781 0.088502 -0.431971 -2.814357 -0.808017 0.855896 -6.884129 -1.122356 -2.074579 -0.078954 -3.050112 1.386146 -0.392470 0.169476 -0.272862 0.043438 -0.123905 -0.718785 0.613676 -0.014638 0.026803 -0.078980 0.050169 0.315995 0.203348 0.633041 -0.545337 0.501279 -0.083097 0.283095 
0.000000 -47.699887 3.468908 -1.959983 -7.076064 -2.899440 -1.297776 -1.252403 1.057391 -1.723841 -1.912298 -0.956052 0.481685 -3.896250 -0.652825 -1.156921 -0.205030 -1.526977 1.076342 0.126189 0.484444 -0.645935 0.451029 -0.074017 -0.187105 1.493939 0.234765 0.458829 -0.063038 0.761567 -0.154902 0.259330 0.157484 -0.186536 0.203796 0.024944 0.265840 
