130.058380 -19.163229 0.520130 -0.814879 -0.493052 -1.086501 0.787281 -0.321584 0.111415 1.486194 -1.679476 -0.552502 0.147000 1.375266 0.718800 0.104261 -0.132634 -0.641883 -0.307174 0.282529 -0.078507 0.032144 -0.041410 0.150916 -0.045942 -0.338379 0.093099 0.041689 -0.174605 0.067320 -0.246021 0.249485 -0.069508 -0.077473 0.091401 -0.026916 0.134269 
131.658478 -16.412697 1.957731 -0.606357 -0.758320 -2.370267 0.172933 0.243474 -0.045599 1.550483 -1.762297 -0.250669 0.055116 0.698508 0.904999 0.187638 -0.481844 -0.507243 -0.799215 0.781499 -0.217523 -0.122801 0.141391 0.097084 0.222597 -0.821987 -1.062351 0.808902 -0.265366 0.311532 0.031977 0.096175 0.167364 -0.206246 0.186337 -0.160561 0.057082 
132.658752 -17.766213 2.330127 -0.439602 -1.456740 -2.100987 -0.811150 1.241414 -0.323630 1.240592 -1.396694 -0.358333 0.592193 -0.268708 -1.405902 1.722064 -0.663367 -0.018820 -0.243220 0.474879 0.256221 -0.380347 0.331263 -0.170206 0.068223 -2.014853 -0.037476 -0.002599 0.462166 0.574204 0.233527 -0.369616 0.352149 -0.183788 0.155364 0.010518 -0.567024 
134.391983 -16.950113 -0.854073 2.837771 -2.085053 -2.407907 -0.313507 1.193232 0.466843 0.789789 -1.099771 -0.591081 0.191561 -3.331197 0.830046 0.182440 0.442488 0.641165 -0.332162 0.042267 0.486775 -0.490377 0.452119 0.118121 -0.911451 -3.735661 1.999446 -1.512941 0.685788 1.194105 -0.114952 -0.192582 -0.034586 -0.202628 0.066145 0.424533 -0.553328 
135.971939 -24.428607 3.990220 -0.074722 -0.571765 -0.818656 -1.475474 1.325949 0.649919 0.259839 -0.492457 -0.122091 -1.230709 -7.740030 2.592990 -1.303818 0.708209 2.369390 -0.473124 0.089716 0.187049 -0.785604 0.463553 0.678860 -1.038434 0.414784 -1.883519 0.798424 -0.416749 0.751344 0.561930 0.123858 0.161285 -0.188627 -0.259015 -0.113384 0.497237 
137.795700 -32.430172 4.331908 0.230136 -0.668635 2.330873 -1.259756 1.372663 0.840940 -0.781418 -0.172665 0.766640 -1.885307 -2.501629 -2.936992 1.779288 -0.391010 2.143854 0.791698 0.289984 0.809346 -0.867630 -0.065912 -0.108648 0.083023 4.565552 -3.787126 1.564587 -0.197443 -0.867137 0.849892 -0.071317 0.117494 0.344719 -0.337384 -0.609386 1.054911 
71.041840 -29.431866 -1.883764 3.483853 -1.353784 3.469052 0.107923 1.905917 2.268610 -1.475421 -0.624280 -0.339387 -1.064663 1.391073 -4.981261 1.825357 0.313322 0.635116 1.226661 -0.052919 0.422038 -0.096165 -0.211214 -0.539912 1.071387 3.220299 -0.742829 -1.476778 0.655855 -1.156036 -0.221236 -0.647385 -0.905216 0.328840 -0.124705 0.185315 0.399028 
136.002563 -29.648025 -5.630615 3.880850 -0.041991 3.601106 1.193565 1.266826 1.685016 -0.973747 -0.595093 -0.313184 0.257468 3.938969 -4.422651 -1.174269 0.920701 -0.168219 0.349226 -1.004786 -1.001087 -0.209951 -0.315321 0.261983 0.881079 0.913818 2.650487 -1.930060 -0.063373 -0.471477 -0.495607 -0.669198 -0.716280 0.008383 0.080743 0.634812 -0.652327 
0.000000 -21.553928 -10.729065 1.135316 0.487617 3.132614 0.806375 -0.103656 0.266436 -1.895323 -1.254923 0.184578 0.697495 3.218710 0.319712 -2.034763 0.186575 -0.307837 0.235446 -1.391314 -1.010522 -0.079399 -0.049728 0.729713 -0.233266 -0.134772 4.598989 -0.030368 -0.297631 -0.374051 0.249752 -0.309090 0.683671 0.315389 0.462896 0.028323 -0.688544 
114.954224 -23.210606 -4.991191 -0.188677 0.331159 2.985431 1.664457 -1.515802 -0.336028 -1.132545 -0.694549 1.146242 -0.209064 3.669425 4.775328 -1.235005 0.325438 -0.916322 0.848730 -1.622965 0.366254 0.420828 0.610471 0.318628 -0.496008 0.416963 0.942924 0.679983 0.115836 0.146228 -0.259859 0.224173 0.613119 0.201661 0.140168 -0.394520 -0.125223 
131.024841 -14.215079 -1.178410 -1.334695 1.138493 1.299971 2.503836 -3.349587 0.998945 -1.053668 -0.033980 0.821834 -0.294521 4.052635 2.205560 -0.674797 0.418247 -0.015382 -0.284273 -0.942967 0.215716 0.323922 0.230608 -0.059327 -0.483712 -2.680517 -2.149763 0.634400 -0.319132 1.300237 -0.917564 1.085241 -0.402816 0.054827 -0.705315 0.076959 -0.093951 
125.696205 -15.105335 -0.580071 -1.538270 1.167653 2.954667 1.095911 -3.401737 0.095405 -0.484701 -0.233333 1.027587 -1.176489 -1.691610 0.475802 0.033795 -0.312826 1.684153 -0.986399 0.547516 -0.439377 0.530482 -0.800159 0.472547 -0.683911 -3.261764 -1.222098 0.635510 -0.050776 0.578626 0.110797 0.799364 -0.308270 0.120148 -0.474200 0.240373 0.078439 
119.366096 -17.598298 -0.226806 -1.267105 0.512842 4.668276 0.531039 -2.254554 0.120190 0.007296 -1.634298 1.766928 -1.662343 -2.470893 -0.238637 0.596224 0.316696 1.141870 -0.062679 0.655762 -0.400824 0.564217 -0.717792 0.421418 -0.326835 -0.496747 -0.412988 0.109829 0.792182 -0.638218 0.858498 -0.260564 -0.123192 0.012389 0.421234 -0.300750 0.362186 
114.851067 -20.047122 -1.057344 -0.345821 1.801045 5.238408 0.970552 -2.090214 -0.706242 0.643733 -1.668917 1.870424 -1.830158 -2.685104 -0.350174 0.253453 1.271539 0.407717 0.730597 0.026388 -0.685762 0.555259 0.042308 -0.128952 0.040461 -0.363972 -0.375812 -0.003274 0.340158 -0.654408 0.336593 0.136714 -0.112533 -0.054394 0.353806 -0.629797 0.285192 
110.137009 -22.968506 -0.927154 -0.760199 3.055920 5.483711 1.992232 -2.201778 -1.251334 1.117813 -1.549681 1.509024 -1.581421 -3.198838 -0.990260 0.589676 0.997013 -0.166947 0.610508 0.929190 -0.625890 0.455429 -0.010180 -0.838176 0.243549 -0.992770 -1.441307 0.367568 -0.221712 -0.814312 0.145430 0.461720 0.481921 -0.395115 0.427653 -0.372709 0.284846 
107.538643 -26.444797 -3.037864 0.833531 3.795070 4.904515 2.191568 -0.231834 -1.958022 1.554590 -1.689278 0.194072 -1.343060 -4.670644 -3.232787 0.988590 0.828115 -1.220906 1.021457 0.949829 0.278081 -0.234972 0.897615 -0.874370 0.610153 -2.133647 -3.020671 0.294517 -0.148282 -1.325726 -0.128912 -0.011532 0.826796 -0.559973 0.554957 0.464807 0.252007 
106.607628 -32.309793 -7.392728 1.216981 4.712150 3.041899 4.035147 -0.302121 -0.695173 0.647869 0.245548 -0.239717 -0.361115 -7.466131 -7.031603 1.178711 0.700449 -2.818399 0.352685 0.906126 1.027701 -0.664517 1.099733 0.091438 0.747563 1.235860 -2.266228 -2.431735 -0.990999 0.243939 -1.882247 -0.152606 -0.020007 -0.065535 -0.438552 0.480107 -0.066906 
0.000000 -41.377059 -17.101070 3.190953 5.195968 -0.732283 2.896937 1.580418 0.097380 0.225556 0.510188 0.376949 0.152065 -2.198924 -7.765243 -3.874879 -1.153883 -0.733028 -2.743036 0.644617 0.238066 -0.366042 0.020510 0.085844 0.476342 8.525316 3.211270 -3.618036 -2.225385 2.100195 -0.838822 -0.751110 -0.500501 0.168353 -0.787474 -0.193129 -0.291820 
0.000000 -36.707642 -22.923215 -6.532777 2.404384 1.575843 -1.450924 0.987113 -0.219040 -0.084214 0.286569 -0.068029 0.591568 9.584500 -0.609063 -6.057361 -3.750322 1.381991 -1.324959 -0.596093 0.026699 -0.327811 -0.475215 -0.294820 0.163922 5.235040 6.867213 1.974812 -0.685412 0.435833 1.652257 -0.591070 -0.110848 0.494508 0.194778 0.032164 -0.412385 
0.000000 -22.208059 -18.319195 -8.923769 -2.304676 2.031699 0.247019 0.388231 0.150779 -0.430066 -0.440243 -0.212691 0.479909 8.271156 5.969184 0.074745 -2.524706 0.138638 0.561479 -0.537524 0.016369 0.622974 0.410066 0.150172 -0.348428 -5.511581 4.917650 4.580416 3.082761 -0.295668 0.537256 0.275100 0.121874 0.421607 0.459208 0.007417 -0.014080 
0.000000 -20.165329 -10.984848 -6.383287 -2.645029 1.853120 -0.327966 -0.087935 -0.186302 1.161735 1.106701 0.232315 -0.105289 -1.438661 9.226238 3.103471 2.415201 0.790656 -0.250447 -0.045894 0.270447 0.515402 0.443200 -0.279987 0.135762 -5.214065 -0.173645 1.352996 2.973062 -0.115279 -0.312811 0.443004 0.395918 -0.616335 -0.384455 -0.562595 0.313493 
139.455460 -25.085380 0.133281 -2.716827 2.525726 3.613011 -0.253876 0.296444 0.691672 0.600738 0.446158 -0.772664 0.751432 -2.156973 5.621894 2.780738 3.421417 -0.091920 -0.064143 0.348485 0.808205 -0.609695 -0.358844 -0.975018 0.278558 0.603570 -5.055491 -0.719448 -0.614854 -1.426694 0.620379 0.057689 0.056441 -0.431890 -0.497675 0.269019 -0.417309 
140.172516 -24.479275 0.258939 -0.821811 4.197805 1.669280 -0.456253 0.609034 1.430108 -0.057655 0.389012 -1.717721 0.451828 -0.231521 -0.884744 1.664576 1.185493 -2.062732 0.990310 0.069485 0.383330 -0.348378 -0.552150 0.258052 -0.698856 0.115171 -4.653046 -0.585235 -1.672146 0.038122 0.520598 -0.126056 -0.437589 0.770416 0.040846 0.720582 -0.300183 
140.906860 -25.548422 -1.636206 0.612325 4.896711 -0.512453 1.726744 0.435413 1.458332 -0.096018 -0.658142 -0.256560 -0.646279 -1.926631 -3.684198 1.610267 0.077125 -0.015677 0.977053 0.096372 -0.066973 0.931137 -0.277152 0.466147 -0.321808 0.854743 -2.956712 -1.246594 -1.469683 1.372768 -0.600417 0.016961 -0.310318 0.838729 0.503385 -0.385214 0.652570 
136.402832 -28.332537 -7.109456 2.398722 4.352054 1.637926 1.497853 0.801779 1.296162 1.804619 -0.165291 -0.785427 -0.191787 1.477966 -6.798167 -0.828611 -1.753873 0.682805 -0.210524 0.103407 -0.237306 1.329079 0.454620 -0.512375 0.606285 2.231592 -1.360491 -2.412775 -1.000568 -0.072801 -0.583292 -0.195168 -0.460075 -0.669809 0.168338 -0.133610 0.330684 
131.462585 -22.592489 -15.232539 -1.044898 1.388965 0.853157 1.305696 0.642228 0.983721 2.562139 0.251098 -1.281311 0.566290 2.536553 -6.405181 -3.215283 -1.924012 -0.161280 -0.189532 -0.293963 -0.987124 -0.408481 0.059525 0.198927 0.339561 -0.280938 3.603191 0.249422 1.090753 0.291218 0.228460 -0.091882 -0.160641 -1.167935 -0.368687 0.407284 -0.502935 
0.000000 -23.259432 -19.919818 -4.031843 0.504031 1.315367 1.118790 0.213852 -0.678085 0.987657 -0.046242 -0.387574 0.487335 0.916089 0.408215 -0.329767 0.427633 1.265241 0.246397 -0.080357 -0.558588 -1.006790 -0.282754 0.302192 -0.399585 -0.362500 7.076469 2.124762 1.796136 0.590337 0.156791 -0.216162 0.795960 0.248461 -0.223614 -0.041719 -0.557901 
53.354664 -20.760311 -14.416110 -1.704432 2.244232 3.383639 1.798490 0.481515 -0.133455 0.548558 -0.314410 -0.676926 -0.232880 1.811552 7.747758 1.034242 1.668260 1.019395 0.124050 -0.726287 0.604796 0.088441 -0.387703 0.115488 -0.776240 0.161888 2.870923 0.073783 -0.168072 -0.850783 -0.178920 -0.251974 0.317568 0.629273 0.203780 0.159794 0.079298 
134.873825 -19.636329 -4.424302 -1.963359 3.840551 3.354158 1.366891 -1.238722 0.531506 1.164539 -0.821648 -0.156599 -1.065145 1.239864 6.150061 -0.182201 0.091489 -0.436325 -0.111443 -0.584306 0.076549 0.251755 0.124807 0.621780 -0.240989 -1.505120 -3.010952 -0.563037 -1.487358 -0.499210 0.254065 0.549249 -0.463315 -0.053300 -0.014361 0.346835 0.416031 
124.252380 -18.280582 -2.115988 -2.068835 2.427211 2.510989 1.575603 -0.687096 0.019644 1.052068 -0.064797 0.566633 -0.714857 -1.198688 1.725854 -0.091832 -1.306456 0.020975 0.632180 0.372211 -0.321834 -0.018160 -0.416426 0.809157 0.055822 -5.666224 -2.038114 0.181066 -0.559677 0.256614 0.731233 0.655941 -0.018225 -0.258448 -0.443135 -0.062532 0.234028 
116.450478 -22.033705 -0.972595 -2.147024 1.227640 3.396107 2.631250 -0.494300 -0.112162 1.128219 -1.654499 1.461715 -0.953501 -10.092583 2.073834 0.179931 -1.027866 0.076904 1.351022 0.727576 0.040099 -0.265141 -0.761464 0.496715 0.227068 -8.971352 -0.528238 0.663485 0.063295 -0.438732 -0.112791 0.373268 0.180650 -0.443152 0.699867 -0.467136 0.308612 
110.407326 -38.465749 2.031680 -1.708972 0.371480 2.664797 4.277648 0.768055 0.099842 0.521787 -1.587724 1.560063 -0.260721 -19.141393 0.669377 1.235138 -1.179866 -0.856489 0.406597 1.118748 0.039465 -0.904463 0.983308 -0.125115 0.673046 7.272878 -1.522379 1.222391 -0.413276 -1.068869 -1.878059 -0.802632 -0.021195 -0.276513 0.799087 -0.694109 -0.025693 
249.565643 -60.316492 0.366160 0.323252 -1.132092 1.683130 3.444443 1.743196 -0.033232 -0.680707 0.312118 1.211486 0.392591 4.453172 -0.970924 2.624714 -1.854417 -2.060834 -2.405095 -0.877689 -0.002292 -0.818167 0.836710 -0.891503 0.175682 20.495442 -1.696670 -0.827030 0.044107 -0.097218 -1.536518 -0.895995 -0.156987 0.745649 -0.386429 -0.306185 -0.360185 
0.000000 -29.559404 0.089833 3.540455 -3.337354 -1.456871 -0.532543 -0.987322 0.095259 -1.114547 0.085696 -0.222943 0.090643 21.849491 -2.723964 -0.418922 -1.091653 -1.050925 -2.666440 -0.673243 -0.274508 0.586835 0.210451 -0.737485 -0.047323 0.511175 -1.402625 -2.768422 0.604539 0.967508 0.692064 0.575805 -0.221938 0.800174 -0.283344 0.473339 -0.082609 
0.000000 -16.617510 -5.081767 -0.514591 -3.315398 -0.418719 -1.888438 0.396709 -0.582248 0.492963 0.733019 -0.263484 0.297946 5.475522 -3.776174 -2.912130 -0.645339 -0.125817 -1.020967 0.273922 -0.446167 0.782180 0.270022 0.055175 0.010463 -12.120903 2.437073 1.031649 1.090367 0.895739 1.628693 0.409923 0.267495 -0.462171 -0.209473 0.326972 0.050338 
0.000000 -18.608360 -7.462514 -2.283805 -4.628032 -1.708506 -2.574477 -0.439477 -0.797076 0.449814 0.625741 -0.112593 0.111570 -2.392316 2.150183 1.644375 1.089081 0.740554 0.590947 0.146602 0.260483 -0.337507 -0.208496 -0.083541 0.053352 -4.896296 4.766475 3.951735 1.592922 0.984380 0.640510 0.001831 0.413832 -0.760280 -0.298930 -0.006849 0.176918 
0.000000 -21.402141 -0.781402 2.774159 -1.137235 1.062389 -0.706545 0.689914 -0.061282 -0.182052 0.316028 -0.430565 0.404651 -4.317071 5.756776 4.991341 2.540505 1.842943 0.260053 0.277585 0.381497 -0.738379 -0.327837 0.041476 0.364300 -1.022984 0.107414 0.622321 0.127192 0.435623 -1.002606 -0.629930 0.316877 0.022973 -0.326251 0.205824 0.154534 
126.252434 -27.242502 4.051037 7.698876 0.452978 1.977380 -2.054371 0.115692 -0.034082 -1.026944 -0.029933 -0.029641 0.840170 -4.438283 2.365010 2.889018 1.343466 1.611800 -1.414266 -1.113257 0.894237 -0.291561 -0.860997 0.328107 0.362421 0.139227 -3.009743 -1.939368 -1.079656 -0.003975 -0.207848 -0.555100 0.261233 0.332032 -0.284499 0.145881 -0.108300 
123.504829 -30.278708 3.948618 8.552195 1.549697 4.285988 -3.535076 -1.536601 1.727193 -0.765174 -1.405966 0.225648 1.129492 -4.038617 -0.262710 1.112604 0.381194 1.834994 -0.155644 -0.832615 0.903962 -0.074315 -0.896835 0.333239 0.147701 -0.174344 -1.026279 -1.600337 -0.249402 -0.838181 1.526733 1.041774 -0.877094 0.111158 0.343825 -0.340316 -0.383221 
121.563652 -35.319736 3.525618 9.924084 1.215365 5.647368 -2.365660 -1.549539 1.773843 -1.175573 -1.823604 0.636837 1.135571 -4.786971 0.312451 -0.311656 0.844663 -0.064562 1.639201 0.970290 -0.859950 -0.069244 -0.173346 -0.352525 -0.404022 0.111274 0.860292 -1.424309 0.385292 -1.909871 0.596106 0.715887 -0.999627 0.358684 0.774529 -0.374251 -0.371827 
121.865036 -39.852649 4.573521 7.928883 3.239023 4.156863 -0.256674 0.403979 0.007294 -0.903663 -1.752658 -0.479403 0.321448 -3.816069 1.457875 -1.736014 1.151777 -1.984748 1.036567 0.599160 -1.095292 0.643053 0.652223 -0.415264 -0.595953 3.019629 1.397967 -1.226246 -1.705498 -1.008908 -0.811971 -0.392801 0.673245 0.238802 0.288258 0.365123 0.153991 
245.880280 -42.951875 6.441368 6.452056 3.518919 1.677872 -0.292525 -0.351220 -0.416740 0.110532 -0.519157 -0.193691 -0.056336 1.252287 3.108386 -2.764149 -2.566333 -2.082378 0.015260 0.184689 0.486541 0.408359 0.403170 0.377722 -0.096040 5.481350 0.036079 -2.155222 -1.151773 0.618636 -0.888727 -0.016956 0.341639 -0.544441 -0.372678 0.105019 0.746172 
125.295715 -37.348075 10.790294 2.400586 -1.893644 -0.007893 -0.226154 0.773357 0.980377 -0.086945 -0.946319 0.276041 0.129367 7.146631 1.530033 -6.046458 -1.151768 -0.747476 -0.740886 0.565247 -0.412014 -0.445829 -0.093133 -0.205226 0.896390 2.337971 -2.770051 -0.449797 1.953688 1.189767 -0.138325 -0.739577 -0.238038 -0.648658 0.494394 -0.444548 0.274853 
0.000000 -28.658614 9.501433 -5.640860 1.215383 0.182921 -1.774297 0.779275 -1.240769 -0.781126 -0.705424 -0.604143 1.736445 5.928229 -2.431716 -3.663743 1.341042 0.297155 -0.261389 -1.294465 0.010465 -0.888958 1.391957 -0.511375 0.453666 -2.647371 -2.336527 3.243786 0.447687 0.780785 0.695109 -0.883700 0.876389 -0.058451 0.674632 0.007523 -0.868132 
146.121826 -25.491616 5.926861 -4.926899 0.788441 0.586418 -0.748932 -1.815574 1.001308 -1.864860 1.837595 -0.746710 1.036698 1.851890 -3.143021 0.441115 -0.256394 0.814093 0.649331 -1.202153 1.340764 -0.562731 1.256130 -0.190181 -0.839873 -3.896440 0.181094 2.259392 -0.732197 0.174320 0.277963 1.498895 0.176335 0.892130 -0.791450 0.110712 -0.216669 
140.474091 -24.954835 3.215391 -4.758631 0.702595 1.811107 -0.475635 -1.625031 1.440759 -1.906588 1.806837 -0.984505 0.056698 -1.864651 -2.069528 0.855041 -0.123353 0.645795 0.294536 1.703324 0.363136 0.895301 -0.190944 -0.289951 0.020328 -1.480815 1.522639 0.254051 0.171834 -0.171554 0.099536 1.494000 -0.747033 0.535121 -0.831045 -0.243285 0.607556 
130.805969 -29.220918 1.787804 -3.216817 0.541736 1.878008 -0.159860 1.591074 1.727580 -0.074257 1.455707 -1.326612 1.077354 -1.109740 -0.097744 0.949216 0.087274 0.470984 0.848404 1.785846 -0.153302 0.507510 -0.405960 -0.676751 0.375238 2.468424 0.652856 -0.278589 0.877212 -0.094386 0.357423 -1.430604 -0.294895 -0.582023 -0.179256 0.278823 -0.419720 
124.396027 -27.174314 3.019904 -2.860198 0.877144 2.753076 1.221173 1.946661 1.134154 -0.891568 0.994917 -2.338008 0.807174 3.072196 -0.763816 0.297862 1.631071 0.457024 1.009382 -1.157883 -0.226654 -0.268746 -0.549456 0.267694 -0.819113 1.315712 -1.229240 0.250442 0.472640 -0.758888 -0.379209 -1.487359 -0.204163 0.365958 -0.324209 1.048410 -0.585797 
120.321404 -23.076526 0.260172 -2.621093 3.803877 2.792056 1.858905 -0.724693 1.274272 -0.611749 0.356796 -0.791224 -0.560871 1.521684 -2.556223 1.450100 1.032555 -1.046792 0.089986 -1.188873 -0.561628 1.239426 -1.054379 1.420068 -0.796355 -4.670532 -0.489198 0.869055 -1.222890 -0.882349 -0.512340 1.062492 0.169839 0.378509 0.317120 0.327810 0.444873 
117.135429 -24.130945 -2.092543 0.040001 2.942254 0.659491 1.401145 -0.431084 0.010898 1.587285 -1.113841 0.502128 -0.785536 -6.268868 -1.742212 2.035972 -0.814709 -1.307674 -0.015298 0.967101 0.113024 0.488273 0.084784 0.923313 0.070633 -5.311848 2.606567 -0.138343 -1.800159 0.712991 1.133874 0.538619 0.504410 -1.560567 1.176174 -0.836713 0.270278 
0.000000 -35.614262 -3.224251 1.450852 2.174460 0.176708 1.828309 1.209510 1.500320 0.364797 0.526364 1.055403 -0.419606 -9.102011 2.656912 1.173414 -2.567764 0.379189 2.357734 -0.111635 0.447191 -1.881708 1.297968 -0.253357 -0.255800 4.356639 2.850486 -0.682933 -0.351482 0.172385 1.563648 -1.134799 -0.710337 -0.677391 -0.042978 -0.796144 0.164487 
107.724014 -42.334967 3.221281 2.386830 -2.193273 1.417869 6.116613 -0.654355 0.905281 -2.176132 1.482096 -0.004587 -1.297137 2.444411 3.958760 0.670107 -1.517673 -0.962904 3.111998 -1.302497 -1.307649 -0.866509 -0.001172 -0.668975 0.399607 7.911215 -0.963107 -0.443659 2.004960 -1.232157 -0.756265 -0.070208 -0.646289 1.167643 -1.011393 0.149979 0.583850 
109.400269 -30.725441 4.693268 2.791067 -0.860887 -1.749101 8.052305 -1.395484 -1.114979 -1.368222 0.524020 -0.282547 0.379607 6.720419 0.730698 0.286096 1.442156 -2.085124 0.845204 -0.252050 -0.845388 0.453578 -0.724818 0.046601 0.911900 -0.953407 -2.099167 -0.064184 0.943089 0.225923 -1.517985 0.718591 0.693900 0.522119 0.003233 0.239433 -0.171575 
107.951691 -28.894129 4.682677 2.959023 0.691038 -2.752379 7.807021 -1.158456 -0.785494 -1.268976 0.032459 0.088616 0.526663 0.537596 -0.239575 0.541738 0.368505 -0.511058 0.076029 0.134685 0.080151 0.177729 0.005294 -0.190109 0.056457 -4.397615 -0.182082 0.112005 -1.143715 1.366464 -0.355347 0.095631 0.221079 0.006124 0.575229 -0.265646 -0.381371 
107.085831 -29.650249 4.214118 3.874543 -0.123876 -2.771216 8.204364 -1.126114 -0.954677 -1.012764 0.534609 -0.662764 0.492521 -2.074811 0.366533 0.510106 -0.845275 0.647804 0.134509 -0.060789 -0.403230 0.465825 0.425640 -0.484691 0.149159 -2.262933 0.961345 -0.633335 -0.465379 0.772328 -0.253080 0.155811 -0.520739 0.189825 -0.046510 0.247704 -0.088107 
105.700676 -33.043751 5.415743 3.979235 -0.999513 -1.456771 8.076039 -1.280034 -1.591954 -0.337325 0.883739 -0.880766 0.824981 -3.988269 1.683114 -0.724931 -0.562253 1.033597 -0.430130 0.446308 -0.961328 0.557378 -0.087726 0.305299 -0.119757 -0.082385 0.343343 -1.037702 0.602551 -0.713687 -0.374115 0.285901 -0.513184 0.150391 -0.763641 0.661168 -0.283568 
103.476028 -37.626787 7.580346 2.424681 -1.248383 -0.704021 7.344104 -0.233499 -2.877333 0.101993 0.359156 -0.052167 0.253008 -2.239580 1.053218 -1.565298 0.359827 -0.779571 -0.613720 0.511013 -1.429597 0.766607 -1.101642 0.837645 -0.417977 0.747695 -1.569284 -0.943858 0.168911 -1.028165 0.063237 -0.146592 -0.070232 0.240718 -0.245805 -0.092983 -0.052402 
103.217751 -37.522911 7.522180 0.848638 -0.279859 -3.015913 6.848598 -0.258008 -4.451148 1.195890 -1.319545 0.794524 -0.010973 -2.492879 -1.455454 -2.612647 -0.224430 -1.022732 -0.303657 0.153124 -1.101792 1.038815 -0.579336 0.119332 -0.224561 -1.986491 -2.673256 -0.910585 -1.467911 0.105274 0.194839 -0.170588 0.536874 -0.110824 0.915217 -0.462847 0.329677 
102.079742 -42.612546 4.669438 -2.800613 -1.697244 -2.749485 6.736790 0.072749 -5.080917 2.179623 -0.799516 0.186497 -0.196115 -6.212562 -4.293293 -3.386468 -2.575995 -0.569023 -0.224043 0.169837 -0.355849 0.544959 0.728792 -0.088049 0.241377 -2.538623 -0.996601 0.643130 -1.143742 0.835087 -0.687041 0.041725 1.155885 -1.071979 0.762935 0.070630 0.149548 
0.000000 -49.948035 -1.064406 -5.924297 -5.431848 -4.153959 6.400512 0.081666 -5.162847 2.285808 0.138040 0.618426 0.471780 -7.570126 -3.448657 -1.326386 -2.511915 0.647441 -1.677739 0.236573 1.209979 -1.105142 0.946534 0.260592 0.074534 1.155091 1.855779 1.810962 0.965691 0.959351 -0.642779 0.031139 0.803396 -0.851597 -0.125518 0.066338 -0.250395 
0.000000 -57.752797 -2.227876 -5.453386 -6.721073 -1.454602 3.381311 0.545896 -2.660960 -0.030662 1.093552 0.707680 -0.047046 -3.902381 -0.581735 0.235456 -0.644612 1.349679 -1.509600 0.232115 1.250944 -1.158235 0.477756 0.044627 -0.259413 1.833872 1.433461 0.780921 0.933651 0.351119 0.084069 -0.002229 0.020482 -0.026546 -0.234389 -0.107982 -0.166974 
