142.674301 -14.801443 1.893067 -6.997349 1.302066 -0.584960 1.200035 0.020378 0.126146 -1.425475 -2.095411 0.997502 0.049117 -0.662289 -0.385304 -0.561715 0.639595 -0.491473 0.220596 -0.224944 0.117204 0.346098 0.240890 0.048411 0.083407 0.149089 -0.419485 -0.044422 0.278247 0.274291 -0.077632 0.100973 -0.272202 0.237124 0.314663 0.052967 -0.078621 
140.037979 -16.126020 1.122459 -8.120779 2.581256 -1.567907 1.641228 -0.429510 0.360554 -0.733279 -1.613630 1.094325 0.215931 -0.364111 -1.224274 -0.650558 1.196089 0.057109 0.065331 -0.022997 -0.427199 0.820346 0.870216 0.154346 -0.073834 0.323463 -0.276465 0.185505 0.372386 0.600078 -0.354086 0.162256 -0.249874 0.277071 0.149993 -0.075784 -0.206396 
148.110168 -15.529664 -0.555480 -8.298466 3.694243 -0.470742 1.330698 -0.025616 -0.728253 0.215218 -0.354979 1.306194 -0.098551 -0.015363 -0.938235 -0.190704 1.384367 0.708683 -0.487576 0.099569 -0.382544 0.900239 0.540876 -0.103157 -0.329384 -0.451947 0.478695 0.579080 -0.092532 0.219015 -0.067668 0.020815 0.588717 -0.365418 -0.576508 -0.304030 -0.207285 
151.016357 -16.156746 -0.754010 -8.502187 5.349989 -0.150541 0.666075 -0.230372 -0.404534 1.067199 -0.531878 0.888012 -0.442838 -1.268005 -0.266885 0.507601 1.011024 0.495139 -0.070004 0.018634 0.750236 0.089510 -0.282801 -0.453713 -0.488404 -0.975585 0.312697 0.991415 -0.840489 -0.088494 0.253618 0.071539 0.608329 -0.690918 -0.350038 -0.085138 -0.012702 
0.000000 -18.065674 -1.089250 -7.283263 5.716291 0.519537 1.190690 0.011651 0.772219 0.394238 -0.920581 0.398768 -1.075360 -1.966533 -0.312840 1.792126 -0.296612 0.531694 0.019659 0.242647 0.834114 -0.481597 -0.159200 -0.273432 -0.354787 0.368372 0.265801 0.315953 -1.134583 -0.372691 -0.179823 -0.285496 -0.409554 -0.233020 0.320482 0.277286 0.309056 
168.506866 -20.089812 -1.379691 -4.917934 4.756765 0.912847 0.705394 0.254923 1.263695 0.104006 -0.850279 0.341147 -1.152413 -0.531260 0.264718 1.139508 -1.258143 -0.250242 -0.429650 -0.552359 -0.068872 -0.376530 0.358162 0.100858 0.129707 2.092813 0.457915 -2.033384 -0.223297 -0.902322 -0.053878 -0.304329 -0.986532 0.155493 0.338862 0.290160 0.325205 
174.592728 -19.128194 -0.559814 -5.004248 3.200005 0.019053 0.331390 -1.093067 0.634475 -0.358822 -0.204256 0.600485 -0.815946 2.219093 0.602990 -2.274642 -0.743205 -1.272950 -0.088096 -0.366010 -1.138949 -0.170611 0.518523 0.306887 0.295622 0.733962 -0.002205 -1.885114 0.428422 -0.726860 0.368322 0.485268 -0.384667 0.172929 -0.126997 0.118393 0.037609 
192.468201 -15.651626 -0.173711 -9.467218 3.270354 -1.633053 0.529201 -0.477097 -1.014203 -0.237215 0.186768 0.954922 -0.561168 0.936664 0.260307 -2.630720 -0.401298 -1.703961 0.306994 0.418177 -0.838206 -0.030673 0.104168 0.337644 0.204926 -1.760507 -0.031695 1.275209 -0.049281 0.491851 0.108352 0.303080 0.597549 -0.103149 -0.457315 -0.121122 -0.042176 
190.106552 -17.254867 -0.039200 -10.265688 2.397409 -3.388870 0.945378 -0.256713 -1.041938 -0.420168 0.004081 1.275772 -0.406095 -1.301922 0.539601 0.275775 -0.841767 -0.289247 0.128607 0.240151 0.056149 -0.376908 -0.396107 0.064643 0.211270 -3.145623 0.275342 2.082234 -0.039950 1.491195 -0.065478 0.085906 0.612178 -0.095927 -0.351174 -0.224198 -0.054301 
185.024719 -18.255469 0.905490 -8.915667 1.586820 -2.211547 0.786415 0.003204 -0.901906 -0.991031 -0.605446 1.084208 -0.138629 -5.354582 0.810992 1.533749 -0.481197 1.278429 0.176038 0.589989 0.386150 -0.222526 -0.598180 -0.110752 0.096325 -4.656954 -0.470526 0.470283 0.018723 0.499918 -0.081155 0.132154 -0.066407 0.305500 0.181154 -0.103437 0.040625 
183.018372 -27.964032 1.582784 -7.198190 1.435015 -0.832011 1.297454 0.923266 -0.269639 -0.865220 -1.192279 1.054268 -0.213446 -10.615831 -0.401452 1.216340 -0.804322 0.710588 -0.033703 0.504460 -0.076665 0.234093 -0.033799 -0.142230 0.292520 4.044564 -0.848713 -0.211953 0.614460 -0.490593 -0.013486 0.047751 -0.024179 0.144007 -0.009451 0.125587 0.089138 
164.962875 -39.487131 0.102586 -6.482986 -0.021823 -0.790371 0.719010 1.012123 -1.055236 -0.522846 -0.673045 0.799747 0.446412 2.734546 -0.886435 1.109843 0.747723 0.297243 0.149066 0.685491 0.337791 0.065487 -0.617081 0.140422 0.274600 10.597065 0.119788 -0.659825 1.377577 -0.635781 0.411982 -0.329676 0.146316 -0.219040 -0.300519 0.324767 -0.293775 
168.984268 -22.494940 -0.190085 -4.978504 2.930461 -0.237525 1.595586 2.294248 0.405943 -0.734245 -2.426441 1.335112 0.335754 10.578300 -0.161876 -0.103310 1.950833 -0.560974 0.790261 -0.154892 0.215966 -0.203987 -0.634837 0.507304 -0.295030 -0.553741 0.056272 -1.338736 -0.203496 -0.597026 0.046870 -0.897547 -0.747930 0.248055 0.673113 0.134260 -0.299951 
166.357697 -18.330532 -0.221166 -6.689606 3.879843 -1.912319 2.299533 0.702339 -0.623304 -0.930819 -1.942719 1.814356 -0.143649 1.627064 -0.773891 -1.567629 0.340731 -0.896809 0.242805 -1.109604 -1.158069 0.561597 0.729145 0.408943 -0.325302 -5.995885 -0.352936 -0.274793 -0.731470 0.439288 -0.638142 -0.101096 -0.417924 0.658238 0.608757 -0.292513 0.022072 
159.678619 -19.240812 -1.737868 -8.113763 3.611924 -2.031143 2.081196 0.075040 -1.910195 0.388948 -0.968151 2.152999 -0.314850 -1.413471 -0.867748 -0.652895 0.487893 0.317603 -0.486022 -0.357084 -0.619881 1.112490 0.582677 -0.077722 -0.250887 -1.416574 0.372928 0.974581 0.484091 0.901703 -0.480691 0.594301 0.813670 -0.086127 -0.356112 -0.584157 -0.020818 
159.797623 -21.157473 -1.956662 -7.995396 4.855628 -1.277114 1.327489 -0.011829 -1.863067 1.294161 -0.777365 1.658912 -0.645423 -1.206085 -0.028034 0.381533 1.308913 0.906598 -0.718577 0.078999 0.469271 0.389343 0.016922 -0.759370 -0.366937 0.256904 0.162879 0.761164 0.225942 0.122046 -0.000524 0.139367 0.855576 -0.687260 -0.335840 -0.205561 -0.091940 
165.951492 -21.652983 -1.793936 -7.350696 6.229750 -0.217947 0.644043 0.233038 -0.971653 1.167634 -0.934307 0.634259 -1.048725 -0.899662 -0.541989 0.869433 0.939776 0.561695 -0.487069 -0.078351 1.091271 -0.262031 -0.089002 -0.488844 -0.434767 0.330754 -0.243944 0.134582 -0.757643 -0.412586 0.053156 -0.227407 0.246437 -0.478680 0.077865 0.463259 -0.035746 
171.841156 -22.956797 -3.040641 -6.256531 6.735181 -0.153725 0.353350 -0.168530 0.319475 0.770099 -0.955369 0.681223 -1.514958 -0.544577 -0.515923 0.650698 -0.206373 0.081427 -0.612264 -0.375815 0.962146 -0.568017 0.172652 0.167148 -0.438429 1.439009 0.661973 -0.945155 -1.279926 -0.483369 0.261643 -0.217302 -0.744121 -0.300150 0.310112 0.406956 0.240036 
0.000000 -22.742137 -2.825782 -6.049299 5.817004 -0.055093 -0.580486 -0.518592 0.952639 0.031600 -0.589003 0.968555 -1.925583 1.978356 0.781956 -1.020878 -1.620075 -0.405043 0.036217 -0.512954 -0.396972 -0.862330 0.531221 0.325067 0.045304 2.073253 1.079277 -1.254027 -0.904839 -0.527224 0.611788 0.106831 -0.947683 0.105774 -0.073523 0.133670 0.445616 
180.727219 -19.000086 -1.476728 -8.298287 3.495031 -0.963810 0.425785 -1.194438 -0.474469 -0.954561 0.107073 1.331357 -1.424349 3.601930 1.642630 -1.857356 -2.016051 -0.973020 0.611311 -0.162153 -0.933219 -0.356469 0.025606 0.434488 0.452803 -0.528810 0.544717 0.010647 0.053641 -0.185274 -0.137892 0.443949 0.214473 0.616068 -0.608332 -0.041515 0.461545 
179.125488 -15.538277 0.459478 -9.764011 1.784902 -2.001134 0.642137 -0.842898 -0.913799 -0.681338 -0.537791 1.837531 -1.019976 0.920736 1.871391 -0.999584 -1.512793 -0.775590 -0.239566 0.374944 0.031975 0.369806 -0.685442 0.242037 0.968394 -2.314509 -0.111638 0.769606 0.545690 0.297226 -0.684506 0.468951 0.721817 0.236137 -0.314161 -0.398329 0.357040 
174.603302 -17.158614 2.266054 -10.297456 0.469445 -2.514990 -0.053348 -0.444549 -0.410518 -0.214949 -1.263812 1.815431 0.512439 -1.027088 1.419354 -0.318145 -0.924671 -0.378569 -0.757701 0.775749 0.510416 0.115805 -0.602715 -0.362170 1.166884 -1.563212 -0.869192 0.574176 0.742881 -0.091861 -0.054061 -0.059423 0.102030 -0.200476 0.148414 -0.378069 -0.297848 
169.083389 -17.592454 3.298187 -10.400300 -0.064440 -2.758272 -0.873266 0.708600 0.107032 -0.449727 -1.743221 1.113190 1.313792 -2.205688 0.133007 0.148768 -0.027031 -0.959312 -0.347689 0.256098 0.236035 -0.031147 -0.388614 -0.514100 0.372699 -5.070867 -1.020376 0.560641 0.497712 0.031808 0.420169 -0.688679 -0.280719 -0.088091 0.114051 0.180907 -0.556006 
0.000000 -21.569991 2.532067 -9.999920 0.415384 -4.433614 -0.748727 0.067647 0.061552 -0.277242 -2.041039 0.787230 1.257837 -11.168823 -0.621397 0.803138 0.070753 -0.314952 0.082637 -0.601608 -0.051023 -0.060376 -0.374614 -0.000356 0.054873 -4.863507 -0.434025 0.134294 -0.366619 0.311501 0.158183 0.110931 -0.202243 0.166528 0.113235 0.388305 0.242375 
0.000000 -39.930099 2.055392 -8.794024 0.077066 -3.388177 -0.707991 -0.494616 0.004987 -0.570480 -2.492449 1.112479 1.423538 -11.932702 -0.735043 0.417357 -0.760268 -0.336310 -0.031324 0.477961 -0.168451 0.301908 -0.162144 0.262509 0.857448 9.644228 0.264772 -0.858674 -0.038618 -0.489589 0.093663 0.529272 -0.039092 0.332160 0.278721 -0.007159 0.285910 
94.415138 -45.435395 1.061982 -9.165206 -1.105153 -5.106234 -0.811374 1.023570 -0.275350 0.326575 -2.365326 1.312249 2.972734 8.119633 -0.091853 -0.914209 -0.006483 -1.294131 0.269964 0.456937 -0.129206 0.603944 0.182828 -0.014673 0.626692 12.386824 0.964406 -0.439828 0.633060 0.175665 0.207610 -0.308211 0.232058 -0.123425 0.327737 -0.368160 -0.792669 
0.000000 -23.690833 1.871686 -10.622443 0.064100 -5.976439 -0.168063 0.419257 -0.253426 0.637409 -2.126794 1.083133 2.676921 12.840946 1.193769 -0.462300 0.505852 0.015020 0.383896 -0.138461 0.295665 0.055058 0.493331 -0.473810 -0.727889 -2.955882 0.478900 0.710789 -0.036249 1.045920 -0.196003 -0.110786 0.228139 -0.349392 0.080089 -0.200997 -0.729647 
0.000000 -19.753503 3.449520 -10.089806 -0.093450 -5.076193 -0.043583 0.746648 0.315979 0.436690 -1.378665 0.364630 1.516957 2.207869 0.865946 0.507370 -0.078981 0.797709 -0.122043 0.235365 0.327072 -0.094839 0.343006 -0.416667 -0.832603 -6.569602 -0.437596 0.771206 -0.182940 0.169579 -0.394187 0.072153 -0.187795 0.165047 -0.283170 0.131293 0.282930 
0.000000 -19.275094 3.603578 -9.607704 -0.093863 -4.381022 -0.412148 0.889987 0.400719 0.447731 -1.440782 0.249799 1.011716 -0.298258 0.318578 1.080112 0.139973 0.354179 -0.404478 0.005846 -0.079926 0.385152 -0.073010 -0.211224 -0.162029 -2.796417 -0.229541 1.054970 0.452402 0.002845 -0.124855 -0.494750 -0.303662 0.384060 -0.166085 0.036353 0.512267 
153.524750 -20.350020 4.086675 -7.929581 0.186496 -4.367834 -0.852538 0.758340 0.156128 1.206995 -1.524685 -0.057818 1.192899 -3.384965 0.406863 2.617310 0.825822 0.803400 -0.371752 -0.754136 -0.280253 0.673281 0.010836 -0.343960 0.191932 -3.974798 -0.003064 1.284991 0.687427 0.683613 0.051197 -0.144864 0.001934 0.048852 -0.173583 -0.100310 0.370367 
156.291519 -26.045025 4.417305 -4.373084 1.557781 -2.774222 -1.155652 -0.618285 -0.159787 1.794293 -1.419111 -0.438122 1.395579 -8.247855 0.312450 3.650094 1.514827 1.721406 -0.302083 -0.283881 -0.076058 0.482856 -0.420177 -0.411843 0.578705 -1.274211 -0.213125 0.653355 0.066730 -0.451253 0.421136 0.816346 -0.156626 -0.295387 -0.254099 0.222169 0.080010 
153.576309 -36.845730 4.711575 -0.629393 3.216150 -0.925023 -1.456704 0.190578 0.004012 2.172707 -2.365039 -0.881505 2.350309 -5.933386 -0.019387 3.924019 0.959283 -0.099106 0.470519 0.878555 -0.593505 0.082507 -0.497363 0.100377 0.351952 4.478486 -0.137382 -0.782404 -0.457834 -1.550731 0.146143 0.271442 -0.210140 -0.078149 -0.047172 0.546038 -0.221825 
146.358826 -37.911797 4.378532 3.474955 3.476347 -2.972434 -0.214614 1.138826 -1.346797 1.959307 -2.413836 -0.237368 2.099483 0.709116 0.037686 2.085286 0.599159 -1.380057 -0.009797 0.259002 -0.496337 0.326558 -0.514520 0.680233 0.135056 1.644325 0.005917 -1.910440 -0.293775 -0.270521 -0.566857 -0.906521 0.732468 0.433928 0.380452 -0.156638 -0.253548 
142.807861 -35.427498 4.786947 3.541179 4.414469 -3.685138 -1.476298 0.708583 -0.988662 2.825824 -3.394079 0.478961 2.620421 -2.644735 -0.007553 0.103140 0.371733 -0.640148 -0.663195 -0.934486 0.871432 0.950362 0.263541 -0.212899 -0.155143 -4.028180 -0.059903 -1.387822 -2.673829 1.041000 0.312978 0.406195 1.286409 -0.790530 0.939308 -0.759344 -0.596389 
141.808197 -43.201268 4.363425 3.681235 4.219813 -4.252729 -1.541003 -0.730146 0.396067 3.860031 -1.886755 -0.663166 1.789197 -7.347244 -0.082121 -0.690358 -4.748498 0.701942 0.616158 1.071393 2.076481 -1.254501 1.364096 -0.838456 -1.057722 6.034658 -0.571981 -2.539323 -1.028442 0.686048 1.155816 0.659893 -0.150644 -0.990183 -0.664697 0.316812 -0.214889 
130.043472 -50.121986 4.622705 2.160464 -5.082526 -2.281254 -0.243982 2.851370 3.164300 0.316822 -0.665887 -1.197951 0.504978 9.424581 -1.151516 -4.975505 -1.685152 0.731949 1.648437 0.385299 0.570145 -1.030004 -1.065853 0.420724 -0.584921 12.497027 -0.596693 -2.129598 4.039917 -0.744601 0.055635 -1.335558 -1.710901 0.991900 -1.324276 0.793232 0.582200 
0.000000 -24.352105 2.060394 -6.269775 0.849510 -2.788831 1.755870 0.040451 1.536356 1.800023 -4.018461 0.178282 0.619355 17.646810 -1.275506 -4.949553 3.331336 -0.787261 0.727429 -1.599724 -1.345321 0.729299 -1.284457 0.748008 0.106678 -2.747327 0.661052 1.847326 0.894578 -0.675064 -1.163924 -0.125364 -0.653334 0.568076 0.810671 -0.098350 0.373276 
166.329254 -14.828366 2.071693 -7.738642 1.580146 -3.855776 1.210876 -0.348077 0.473658 1.775421 -3.234802 0.298066 0.718334 3.929927 0.170589 -1.280853 0.104004 -0.618179 -0.679411 0.134570 -0.736523 0.106148 0.555489 0.224024 0.161632 -9.671674 0.710987 2.282933 -2.001055 0.426892 -0.727163 1.258800 0.381858 -0.361720 0.757749 -0.300346 -0.067465 
170.895065 -16.492252 2.401572 -8.831482 1.057518 -4.025188 0.397049 0.309592 0.063310 2.012318 -2.907483 0.626331 0.942619 -1.696538 0.146468 -0.383687 -0.670774 0.066522 -0.726896 0.917876 -0.581604 0.005858 0.231041 0.147316 -0.028252 -2.543242 -0.263472 0.880761 -0.327984 0.693652 0.257209 0.240341 0.050682 -0.285343 -0.089543 -0.053429 -0.241766 
176.178696 -18.221442 2.364628 -8.506016 0.238598 -3.722731 -0.242916 1.487674 -0.689550 1.787137 -2.772719 0.592698 0.661829 -1.156558 -0.356355 0.480668 -0.551965 0.769125 -0.164994 0.615252 -0.635159 -0.464539 0.376402 0.117167 -0.321900 -1.054759 -0.376681 0.595355 0.455262 0.780403 0.799907 -0.664266 0.374754 -0.297818 0.056719 0.159619 -0.154357 
179.415985 -18.805368 1.688861 -7.870145 -0.046412 -2.486937 0.067061 1.540096 -1.207009 1.083241 -2.154678 0.860664 0.298819 -3.806056 -0.606895 0.807022 0.239751 1.627328 0.872917 -0.410656 0.167904 -0.589778 0.344480 0.466555 -0.336965 -3.904586 -1.621230 1.433625 0.272689 0.191030 0.541787 -0.578134 0.731095 -0.062132 0.096018 -0.065756 0.167484 
179.881638 -25.833554 1.150838 -6.891972 0.718101 -0.468074 1.502917 0.666363 -0.353741 0.607581 -2.083758 1.525808 -0.012101 -8.965730 -3.598815 3.347918 -0.006586 1.151186 0.918579 -0.541016 0.827031 -0.588803 0.568439 -0.014345 0.013069 -1.278263 -4.062141 0.480464 -0.252894 -1.516208 -0.545594 0.552820 0.274161 -0.004896 -0.083382 -0.562222 0.216279 
178.407364 -36.736828 -5.508768 -1.174309 -0.059584 -0.184566 1.904220 0.458065 0.447054 -0.094365 -1.017801 0.831974 0.324956 -6.362583 -8.731177 1.767950 -0.266037 -1.405089 -0.218271 0.694984 0.716227 -0.599570 0.177716 -0.657889 0.095594 5.253149 0.696034 -2.409256 1.627848 0.636235 -0.826389 0.356278 -0.093072 0.394851 -0.118352 -0.259330 -0.248841 
0.000000 -38.558720 -16.311516 -3.356073 0.186028 -3.278251 1.066376 2.056331 1.078712 -0.591559 -1.728325 0.210031 0.179086 1.540567 -2.206747 -1.470594 3.249109 2.423656 -0.734199 0.171541 0.640887 0.200900 0.331735 -0.533005 -0.484613 5.019906 6.411187 -1.280161 1.852180 2.631332 0.116644 -0.792331 -0.309465 0.419114 0.287694 0.291069 -0.478762 
0.000000 -33.655693 -9.922262 -4.115496 6.438634 4.662747 0.435823 0.801147 1.728828 0.307435 -0.354331 -0.234037 -0.644271 3.677230 4.091196 -0.792372 3.438324 3.857575 0.015018 -0.889678 0.097296 0.238658 0.753104 -0.075750 -0.861930 -4.220657 1.823239 0.978889 -2.160335 -1.417384 0.548149 -0.317215 -0.369275 -0.207761 0.005870 0.369573 0.086557 
0.000000 -31.204260 -8.129123 -4.940817 7.062676 4.436898 1.096411 0.276976 1.273304 -0.114244 -0.222116 0.058530 -1.544774 -6.900746 1.439730 0.487184 -1.071561 -0.411113 0.362100 -0.462889 -0.097663 -0.214622 0.343476 0.206141 -0.311500 -7.278111 -4.169608 1.905480 -2.551293 -3.049907 -0.009191 0.358495 0.116828 -0.083311 -0.314634 0.274012 0.800086 
157.247742 -47.457186 -7.042801 -3.141128 4.295513 3.840522 1.160022 -0.124631 1.533503 -0.121809 0.332621 0.178244 -1.267272 -10.878992 -4.248020 3.018587 -1.664261 -2.242239 -0.003364 -0.172687 0.330953 0.072035 0.123837 0.472273 0.738242 6.999386 -3.251948 0.316437 0.713867 0.018597 -0.132603 0.068571 0.215192 0.172083 -0.220406 -0.007220 0.304094 
85.916168 -52.962244 -16.625164 1.096357 3.734153 -0.047580 1.089683 -0.068399 1.935210 0.029826 0.025557 1.003075 -0.068290 7.098026 -5.064166 1.120057 0.356174 -0.373918 0.096894 -0.325748 0.332721 0.129543 -0.097336 0.191701 0.296687 14.845939 4.773674 -3.233310 1.269977 1.769879 0.001775 0.139930 -0.436741 -0.171796 -0.109821 -0.415835 -0.698204 
0.000000 -33.261134 -17.171132 -0.901013 5.007861 3.092686 1.353810 -0.776127 2.198945 0.137276 0.137950 0.561646 -0.673898 18.812887 5.299327 -3.448032 0.875693 1.297519 0.000187 0.107172 -0.542529 -0.271557 -0.095806 -0.359398 -0.658166 1.308423 6.282010 -1.970539 -0.333004 -0.127650 0.008095 0.424826 -0.659672 -0.340434 -0.129620 0.008016 -0.321419 
0.000000 -15.336469 -6.026509 -5.799707 5.485539 2.547458 1.090057 0.145944 0.850152 -0.513288 -0.166055 0.284279 -1.384623 9.714873 7.499855 -2.821021 -0.309834 -0.629219 0.113084 0.523903 -0.986622 -0.551325 -0.356577 0.207732 -0.346152 -9.688655 -1.069680 1.295965 -1.229663 -0.977755 -0.027499 0.004699 0.172108 -0.026592 -0.233536 0.599643 0.545019 
0.000000 -13.831388 -2.171421 -6.543055 4.388193 1.834249 1.579978 0.271680 0.225700 -0.965374 -0.575203 0.977109 -1.366202 -0.564424 3.159968 -0.856102 -1.583633 -0.657992 -0.054811 0.116569 -0.198313 -0.324742 -0.562878 0.839888 0.431871 -7.648589 -2.487643 1.463650 -0.721632 0.058483 -0.360847 0.304085 0.682319 0.489899 -0.186286 -0.169288 0.412997 
167.820343 -16.465317 0.293427 -7.511911 2.318273 1.231473 0.980434 0.379082 0.453526 -1.162771 -1.291811 1.964055 -0.520880 -5.582305 2.524570 0.106278 -1.753097 -0.512253 -0.608610 1.132074 0.378016 0.428473 -0.729149 -0.130843 0.479842 -0.204535 -1.328590 0.762786 0.745620 0.038123 0.056077 0.385972 0.086593 0.369701 -0.113673 -0.573890 -0.014262 
167.745285 -24.995999 2.877718 -6.330499 0.881999 0.809742 0.362758 2.535828 0.981731 -0.108428 -2.033501 0.715422 -0.406517 -0.973493 0.502789 0.669471 -0.092393 -0.581747 0.057343 0.888513 -0.025127 0.414660 -0.790225 -0.307893 0.403347 3.423687 -1.919999 -0.105260 1.197213 0.111563 0.783358 -0.592840 -0.356243 -0.255448 0.180520 0.237764 0.153624 
170.150604 -18.412302 1.299004 -6.172969 2.133486 0.067979 1.095120 2.156108 0.403273 -0.333451 -2.872261 1.348269 0.285813 1.265068 -1.315428 -0.104241 0.641328 -0.289127 0.958105 -0.053607 -0.334470 -0.082423 -0.368110 0.344684 0.787091 -3.688557 -0.054736 -0.320968 -0.175799 0.640627 0.254663 -0.480135 0.488513 -0.128458 0.645841 0.042229 -0.101056 
164.732590 -22.465863 0.246862 -6.538981 2.164656 0.231487 2.278968 2.428614 0.312790 -0.273274 -2.769720 1.404791 1.167664 -8.350607 0.393316 0.027534 -0.443990 0.699506 0.566669 -0.071757 0.951900 0.157743 0.501458 -0.223435 0.201235 -1.026231 0.729701 -0.158949 -0.178163 0.332242 -0.523605 -0.335632 0.640045 -0.050999 0.495721 -0.232483 -0.593418 
147.427246 -35.113517 2.085637 -6.117902 1.245506 1.466992 2.228459 2.012595 2.307072 -0.017965 -1.869346 0.901398 0.688282 -0.787393 0.143974 -0.422138 0.285001 0.375357 -0.089105 -0.724870 0.945620 -0.184420 0.623333 -0.120281 -0.399745 8.251584 -0.658302 -0.444220 0.692049 -0.440765 -0.258473 -0.392601 -0.956961 -0.284925 -0.251591 0.097284 -0.359581 
144.232742 -24.040650 0.534811 -7.383258 2.734658 0.982201 2.100759 0.978875 2.204030 -0.642113 -1.523053 1.164229 0.368174 8.152560 -0.923288 -0.860905 0.940108 -0.182024 0.049723 -0.856959 -0.962021 -0.412107 -0.001723 -0.028868 -0.517927 0.684210 -0.161702 0.235633 -0.249815 0.101021 0.057015 0.181835 -1.070221 0.200443 -0.115032 0.007302 -0.105901 
152.344070 -18.808397 0.239061 -7.839712 3.125723 1.102945 2.327905 0.298676 0.383029 -0.842178 -1.872792 0.843663 -0.347571 0.581027 -0.179430 0.049128 -0.214629 0.577398 0.024926 -0.361201 -1.194822 0.216466 0.393269 -0.105677 -0.611546 -10.649504 0.586841 0.751491 -0.631530 0.620700 -0.406554 0.180063 0.489912 0.339190 0.365309 0.090650 0.270638 
151.869415 -22.878595 0.175952 -7.285003 2.305401 2.136997 2.150610 0.256473 -0.185615 -0.209181 -0.736516 0.952876 -0.854918 -13.146449 0.250394 0.642076 -0.322952 1.059377 -0.763384 -0.496833 0.017803 0.266273 0.728895 0.152433 0.023350 -5.744272 -2.027093 0.624765 0.433349 0.347642 -0.658489 0.275323 0.765022 -0.341621 0.134884 -0.041279 0.435501 
137.242722 -45.101294 0.739849 -6.555560 2.479818 3.221698 0.801136 -0.694990 0.418635 -0.309631 -0.415002 1.148529 -0.300872 -10.907516 -4.233617 1.298658 0.652069 1.272682 -1.292052 0.189446 0.335221 -0.466775 0.663037 -0.188234 0.259455 6.675141 -2.382980 0.145931 0.443907 -0.164522 0.073035 0.581005 0.007647 -0.341411 -0.113308 -0.219247 -0.020459 
76.188400 -44.693628 -8.291282 -4.687686 3.609540 4.682361 -0.433494 0.635365 0.484827 -1.142730 0.589558 0.576408 -0.336008 0.203833 -4.515565 0.933937 0.564861 0.730332 -0.617315 0.665177 0.033096 -0.416549 0.502280 -0.286060 -0.017568 5.555675 -0.140974 -0.182361 -0.043604 -0.271175 0.337369 0.237866 -0.151062 0.025113 -0.080379 -0.048913 -0.138511 
