146.461868 -22.444603 0.315267 0.391489 3.127221 -0.607740 -1.299151 0.230473 2.710170 -0.334488 -0.650480 0.468593 0.605796 2.810205 -0.222585 -0.824594 -0.018122 -1.482854 0.943177 0.627807 -1.558182 0.337652 -1.079346 -0.041248 0.404456 -0.181427 0.139476 -0.096984 -0.108839 -0.188197 -0.053050 -0.172568 -0.524165 0.064292 -0.061566 -0.059398 0.147122 
142.171844 -16.824192 -0.129904 -1.257698 3.090977 -3.573448 0.587203 1.486086 -0.406195 0.340817 -2.809171 0.386097 1.414707 2.447352 0.056367 -1.018561 -0.235799 -1.859248 0.837078 0.282671 -2.606513 0.466237 -1.202479 -0.160044 0.698699 -4.292773 0.415197 0.478175 -0.429044 0.474987 -0.500275 -0.462698 0.318114 -0.321216 0.570774 -0.123981 -0.165648 
0.000000 -17.549899 0.428000 -1.645634 2.655623 -4.326237 0.375005 0.795814 -2.502856 0.597986 -3.055437 0.148505 2.003194 -5.775340 0.607808 0.131756 -0.876210 -0.532880 -0.057372 -0.297588 -0.921954 -0.304779 0.062203 -0.289209 0.073160 -6.953565 -0.236006 1.401407 -0.793036 0.506365 -0.042455 0.027203 1.238551 -0.601131 0.738437 -0.227970 -0.477738 
112.538223 -28.374873 1.085713 -0.994186 1.338557 -4.639209 0.472460 0.890910 -2.250103 -0.268740 -2.684766 -0.192322 1.561028 -11.459778 -0.415645 1.784253 -1.821871 -0.846519 0.752168 0.337076 -0.129412 -0.736025 0.274396 -0.615983 -0.256776 -3.693854 -1.589250 0.650657 -0.505155 0.002725 0.416090 0.120070 0.631453 -0.096494 -0.055436 -0.052020 -0.119009 
0.000000 -40.469455 -0.403289 1.922873 -0.988119 -6.019274 1.879341 1.469967 -2.761679 -0.874065 -2.506645 -1.083461 1.489641 -13.163048 -2.570692 1.433071 -1.886521 -0.527430 0.774809 -0.057447 0.340953 -0.497767 -0.048670 -0.393249 -0.164857 1.331472 -0.548796 -0.830395 1.123790 1.836984 -0.746834 -0.873873 0.921022 0.230959 0.221024 0.613207 -0.316073 
0.000000 -54.700969 -4.055670 1.871956 -2.434484 -5.694068 2.022078 0.776015 -1.568197 -1.264273 -2.782106 -0.978820 1.231314 -8.796834 -1.513236 0.123463 0.425708 2.827450 -0.741500 -1.410669 1.712632 -0.274108 0.716444 0.610430 -0.888922 16.186609 2.222603 -1.311260 1.869574 1.182586 -1.156866 -0.471622 0.101669 0.303496 -0.206057 0.619283 -0.228907 
0.000000 -58.063123 -3.429762 2.169799 -0.136703 -0.364374 0.396341 -1.351372 0.663585 -1.422281 -1.073756 0.137399 -0.288203 19.210171 1.874515 -1.189450 1.852627 1.837743 -1.538923 -1.000691 0.544290 0.109224 -0.460784 0.845317 -0.622672 16.450406 1.108958 -0.747356 0.136385 -1.767919 -0.124028 0.870721 -1.244289 0.206115 -1.000661 -0.300308 0.418537 
0.000000 -16.280627 -0.306640 -0.506943 1.270771 -2.018583 -1.055768 -1.225367 -0.479617 -1.045824 -3.703675 0.711814 -0.014029 24.103978 0.704679 -1.371249 0.698478 -0.708387 -0.989557 0.330773 -0.775946 0.138123 -1.284877 0.009814 -0.051848 -8.003734 -1.511959 0.584608 -0.743510 -0.669960 0.686018 0.562429 -0.439415 -0.100955 0.362721 -0.588339 0.259156 
0.000000 -9.855167 -2.020403 -0.572700 1.260254 -1.781148 -1.582773 -0.689825 -0.888306 -1.146036 -3.643511 0.157028 -0.391899 3.202702 -1.149403 -0.020234 0.365608 0.497823 -0.166887 0.124167 -0.334539 -0.092685 0.264658 -0.331361 -0.104359 -11.944415 -0.593674 0.767317 -0.207109 0.538688 0.550540 -0.225768 0.260245 -0.061972 0.824649 0.016883 0.078786 
127.114647 -9.875223 -2.605446 -0.547411 2.001986 -1.022937 -1.389542 -0.977033 -1.148694 -1.231195 -3.174359 0.049093 -0.222747 0.215147 -0.482669 0.163385 0.284260 0.368990 0.111523 -0.120763 -0.255455 0.014179 0.364421 0.043581 0.105725 -1.573239 0.651570 0.034730 -0.168609 -0.331671 0.154405 0.019323 0.073899 0.074532 -0.026066 0.121462 0.102797 
126.511826 -9.424872 -2.985741 -0.245929 1.828774 -1.043169 -1.359727 -0.931351 -1.399216 -1.117678 -2.914669 0.244189 -0.180450 0.056225 0.153737 0.049225 0.028390 -0.165520 0.141923 0.162813 -0.186742 0.056379 0.212526 -0.088436 0.101234 -0.329353 0.664660 -0.188345 -0.111952 -0.431782 0.099382 -0.028715 0.009253 0.020366 -0.105528 -0.086060 -0.031472 
124.684105 -9.762773 -2.297972 -0.448961 2.058766 -1.353977 -1.105696 -0.651408 -1.522178 -1.118437 -2.749307 -0.127779 -0.020279 -0.443558 0.846650 -0.213304 0.060355 -0.494575 0.310287 -0.178192 -0.236949 0.054911 0.153365 -0.128539 0.042781 -0.486940 0.320649 -0.001594 0.006612 -0.060929 0.105992 -0.251953 -0.086157 0.022337 -0.073754 0.014654 -0.043234 
122.767731 -10.311987 -1.292441 -0.672537 1.949484 -2.032319 -0.739153 -1.287735 -1.873114 -1.007856 -2.607939 -0.012890 -0.094889 -0.917654 0.795035 0.046037 0.041614 -0.287379 0.353906 -0.341093 -0.359056 0.101054 0.065018 -0.059128 0.014766 -0.629320 -0.167209 0.136801 -0.247139 0.400807 -0.120112 0.303428 0.072181 0.104077 0.017244 0.081097 0.061622 
121.977028 -11.598082 -0.707903 -0.356887 2.141993 -1.928735 -0.397884 -1.333594 -2.240289 -0.916330 -2.619272 -0.246035 0.009254 -1.702197 0.512233 0.060297 -0.433923 0.307039 0.070064 0.428663 -0.092588 0.263065 0.187853 0.033654 0.166025 -0.286819 -0.214809 -0.128190 -0.217693 0.188767 -0.337488 0.361580 0.211283 0.039600 0.043763 0.021281 0.093395 
119.862244 -13.716381 -0.267975 -0.551943 1.081638 -1.418240 -0.599025 -0.430409 -2.058290 -0.481727 -2.232233 0.054418 0.237161 -1.491292 0.365418 -0.210344 -0.393772 0.090155 -0.321070 0.382067 0.063511 0.180254 0.152544 -0.016566 0.201557 0.671670 -0.164416 -0.286654 0.259847 -0.225988 -0.108143 -0.281057 0.134637 -0.249297 -0.126126 -0.096095 -0.017600 
119.428223 -14.580665 0.022932 -0.777575 1.354449 -1.748425 -1.040024 -0.569459 -2.113268 -0.555822 -2.314184 -0.279166 0.412368 -0.358856 0.183400 -0.513011 0.085771 -0.144937 -0.146223 -0.133451 0.176685 -0.235528 -0.064400 -0.158537 0.130825 0.951191 -0.217049 -0.220592 0.374767 -0.278315 0.238270 -0.188805 0.085048 -0.233079 -0.149285 0.058210 -0.189033 
118.019318 -14.434094 0.098826 -1.577966 1.253181 -1.708113 -0.891470 -0.697310 -1.704919 -0.952783 -2.361033 -0.262656 0.498812 0.411089 -0.068681 -0.651527 0.355762 -0.466475 0.155469 0.004458 0.233607 -0.285904 -0.146026 0.099855 -0.176508 0.156863 -0.031332 0.165415 0.008557 -0.175433 -0.248118 0.255814 -0.103774 0.255848 -0.125006 0.092075 -0.234861 
118.881844 -13.758487 -0.114429 -2.080629 2.065973 -2.681374 -0.729086 -0.560543 -1.646053 -1.127630 -2.606236 -0.079457 0.059351 -0.045130 0.120736 -0.182182 0.102885 -0.495803 -0.642459 0.378178 -0.030863 0.276167 -0.314412 0.025613 -0.338896 -0.657045 0.577619 0.440601 -0.357309 0.395971 -0.556610 0.443063 0.018729 0.513952 0.004627 -0.186457 0.075411 
118.794403 -14.524353 0.340298 -1.942330 1.458950 -2.699719 -2.176389 0.059047 -1.766644 -0.400449 -2.989856 -0.211429 -0.178980 -0.903000 1.086556 0.229675 -0.358857 0.325467 -0.957751 0.890584 0.271066 0.742001 -0.136771 -0.273059 -0.025686 -0.420423 0.582893 0.099250 -0.031358 0.391520 0.307932 0.256257 0.175677 0.041596 0.281937 -0.261117 0.200402 
116.636719 -15.564488 2.058683 -1.621279 1.348260 -2.030440 -2.644589 1.220624 -1.103920 0.356371 -2.879778 -0.625575 0.007980 -0.885975 1.286522 0.016317 0.040168 0.287237 -0.026596 0.890692 0.320491 0.359359 0.249463 -0.496621 0.061908 0.300288 -0.281681 -0.097381 0.126101 -0.144133 0.563511 -0.220040 0.004175 -0.321426 0.151428 -0.085432 -0.018558 
115.560936 -16.296303 2.913341 -1.909695 1.539287 -2.125246 -2.229581 1.840430 -1.125663 0.318269 -2.490929 -1.204671 -0.055164 -0.302425 0.523194 0.034914 -0.106655 0.037202 0.169270 0.450504 0.279416 0.099148 0.166086 -0.443923 -0.062802 0.400478 -0.591383 0.076894 -0.052678 -0.131357 -0.055994 -0.355530 -0.030869 -0.081224 -0.077156 0.212250 0.047136 
115.185043 -16.169337 3.105072 -1.551451 1.134951 -1.956036 -2.306048 2.121632 -0.545088 0.554667 -2.547607 -1.513422 -0.117625 -0.085020 0.103756 0.170104 -0.065187 0.024522 -0.138583 0.179633 0.258753 0.196911 0.095152 -0.072121 0.156180 -0.323634 -0.152683 0.084258 0.070689 0.022253 -0.105064 -0.437080 -0.143702 -0.009474 0.046291 0.319749 0.077953 
114.295456 -16.466342 3.120852 -1.569487 1.408913 -2.076201 -2.506747 2.199696 -0.608156 0.712091 -2.300626 -1.348912 0.257196 -0.949693 0.217828 0.203430 0.034722 0.081709 -0.040858 -0.423655 -0.007987 0.080200 0.258668 0.195575 0.093103 -0.956997 0.092256 0.162832 -0.002565 -0.031311 0.161789 -0.578662 -0.018132 -0.096461 -0.046562 0.133003 -0.083064 
112.806656 -18.068722 3.540729 -1.144590 1.204395 -1.792619 -2.387763 1.274322 -0.561063 0.715068 -2.030271 -1.122272 0.068580 -1.999014 0.288267 0.495769 -0.070318 -0.038100 0.184995 -0.977691 0.222489 0.003990 0.002028 0.193886 -0.009948 -0.188258 -0.104478 0.168968 0.153005 -0.383271 0.192658 0.051453 0.133926 0.076390 -0.167111 -0.088142 -0.066707 
108.989815 -20.464371 3.697387 -0.577949 1.268278 -2.152401 -2.136756 0.244314 -0.163178 0.720071 -2.296571 -0.961141 0.237300 -1.326208 0.008873 0.541366 0.340733 -0.684833 0.344458 -0.320749 0.259865 0.232980 -0.075554 0.019291 -0.040312 0.981698 -0.337677 -0.120095 0.407246 -0.145818 -0.123470 0.760113 -0.198835 0.141264 0.031401 -0.133068 0.007930 
108.666412 -20.721139 3.558474 -0.061859 1.885862 -3.162285 -1.698848 0.632825 -0.041333 1.181028 -2.181380 -1.083689 -0.012045 -0.035618 -0.387088 0.255578 0.744175 -0.329736 -0.061946 0.542535 -0.175181 0.286519 0.064829 -0.072250 0.005913 0.787918 -0.681600 -0.030032 0.142282 0.215190 -0.356789 0.101746 -0.284502 -0.161093 0.368672 -0.042228 0.012594 
110.909630 -20.535608 2.923212 -0.066792 2.756627 -2.811872 -2.260648 1.329384 -0.513539 1.293108 -2.166913 -1.105642 0.249126 0.249628 -1.354327 0.481301 0.625298 -0.254452 -0.369121 -0.117257 -0.309138 -0.089206 0.661790 -0.065165 -0.015125 -1.191795 -0.554758 0.676294 -0.407616 -0.023898 -0.082923 -0.568974 0.134984 -0.186364 0.596336 0.073507 -0.129522 
109.846237 -20.221883 0.849820 0.900743 3.136457 -3.671189 -2.437090 0.398312 -0.659609 1.002616 -0.857800 -1.214018 -0.042294 -2.419208 -1.496603 1.608166 -0.071057 -0.377532 -0.227791 -0.595413 0.094787 -0.086210 1.257500 0.074764 -0.253131 -4.106721 -0.743115 1.117486 -0.969979 0.020671 0.234382 0.015231 0.403217 0.155248 0.111210 0.103312 -0.037814 
108.073944 -25.374025 -0.069995 3.149540 2.614512 -3.566935 -2.716230 0.138558 -0.323966 1.120688 0.348087 -0.956114 -0.257137 -7.963815 -2.840558 2.716273 -1.314661 -0.213110 0.099644 -0.086795 0.497296 0.221290 0.884210 0.141460 -0.090753 -2.894921 -1.692613 0.438451 -0.466751 0.044765 0.620912 0.332976 0.116430 0.093749 -0.448187 -0.130941 0.195293 
218.070908 -36.149513 -4.831295 6.333289 0.507135 -4.097409 -2.237802 0.224721 0.334984 1.445195 0.910621 -0.931098 -0.223800 -8.209050 -4.881830 2.485069 -1.004558 -0.288001 1.014033 0.070540 0.327647 0.101288 0.361127 -0.187119 0.137455 3.208982 1.343929 -0.788402 1.087228 0.349842 -0.033103 -0.260974 -0.620609 -0.220316 -0.200344 -0.164463 0.069471 
211.466049 -41.792124 -9.833654 8.119678 0.605395 -4.142938 -0.688165 0.279638 0.331328 1.323264 1.070342 -1.330352 0.017773 -1.545851 -0.152700 1.139468 0.859795 0.486574 0.033437 -0.608744 -0.743921 -0.219342 0.483521 -0.187467 0.048189 8.455624 5.296449 -2.341472 1.284458 0.564571 -0.887048 -0.275293 -0.586524 -0.064098 -0.153437 0.071361 -0.170676 
0.000000 -39.241215 -5.136694 8.612226 2.226724 -3.124262 -2.170929 -0.992767 -1.152859 1.006511 1.877663 -1.306031 -0.127422 8.702198 5.711069 -2.197874 1.564358 0.841140 -0.760064 -0.480046 -0.845402 -0.026908 0.054253 -0.044397 -0.203896 5.427418 1.746695 -2.220792 0.313487 -0.184060 -0.072802 0.471011 0.069774 0.264149 -0.723726 0.228691 -0.059418 
113.341545 -24.387728 1.588483 3.723930 3.734112 -2.460658 -2.208293 -0.680454 -1.359475 1.269449 1.178848 -1.419145 -0.390019 9.308985 3.340689 -3.302117 1.486769 0.118454 -0.112167 0.333278 -0.604372 0.308957 -0.963932 0.269916 -0.070648 -3.392783 -2.886781 0.547983 -0.514547 -0.629716 0.405932 0.107433 0.018227 0.322689 -0.516660 0.356405 0.122618 
115.298752 -20.623245 1.544685 2.007992 5.200262 -2.887353 -2.395262 -0.326211 -2.361604 1.624424 -0.050200 -0.766199 -0.268718 1.916633 -0.062493 -1.101909 0.535265 -0.418292 0.051799 -0.265179 -0.808947 0.618471 -0.979067 0.668414 0.041339 -4.712726 -2.034925 1.680785 -1.042045 0.350584 0.152435 -0.446131 0.257355 0.062605 0.254756 0.124147 0.347516 
118.936966 -20.554461 1.463497 1.520112 4.804641 -3.297242 -2.104694 -1.210813 -2.977369 2.506392 -0.779286 -0.082318 -0.307342 -0.116467 -0.729161 0.059454 -0.597322 0.819622 0.192703 -0.558984 -0.089662 0.434167 -0.454419 0.518210 0.624385 -0.680712 -0.577979 1.020682 -0.635086 0.824410 0.086851 0.008566 0.642973 -0.378358 0.576575 -0.198860 0.328807 
125.891754 -20.856179 0.086362 2.126900 4.005618 -1.248110 -2.009856 -1.444180 -2.540927 2.492759 -0.959039 0.270221 0.980051 0.555210 -1.218451 0.939455 -0.734907 1.230528 0.225501 -0.248048 0.476999 -0.138245 0.174082 0.270694 0.698953 0.096277 -0.135489 0.535548 -0.265732 -0.232194 0.095668 0.403063 0.382901 -0.136888 0.301325 -0.487557 -0.323696 
138.994049 -19.444042 -0.973405 3.399023 3.334827 -0.836187 -1.653691 -1.706908 -2.023372 2.229901 -0.431121 0.459070 1.090563 0.076088 -1.000139 1.130550 -1.128787 0.355233 0.384039 0.247141 0.676141 0.160391 0.148230 -0.456904 -0.023007 -2.616173 -0.815398 0.291654 0.016946 -0.926352 0.311414 0.131874 -0.048916 0.127968 0.000026 -0.644245 -0.447976 
151.911743 -20.704003 -1.913916 4.388001 1.748044 -0.537644 -1.241777 -0.949897 -1.188645 2.813542 -0.662578 -0.643587 0.934038 -4.677137 -2.849246 1.522762 -0.701015 -0.622176 0.848330 0.015701 0.379167 0.117691 0.174135 -1.017795 -0.196999 -2.908310 -2.481892 -0.700993 0.767757 -0.160438 0.482811 0.025391 -0.666036 -0.647082 0.283777 0.380380 -0.058989 
161.376602 -28.798316 -6.671897 6.444547 1.932798 -2.080540 0.042969 -1.675505 -1.265037 2.465283 -0.082851 -1.576521 0.696564 -5.740532 -5.963923 -0.271436 0.406727 0.034357 1.349661 0.297924 -0.655932 -1.133773 0.715783 0.303857 -0.140985 4.090768 2.276178 -1.294577 0.749797 0.250899 -0.306538 0.754312 -0.089596 -0.725861 -0.405205 0.910551 -0.243479 
0.000000 -32.185067 -13.841762 3.845128 2.561498 -0.468930 1.457545 -0.354049 -2.500509 0.545995 0.768988 -0.035874 0.652068 3.504398 1.703110 -1.066391 0.798580 -0.120378 0.235255 1.524325 0.199976 -1.334031 -0.636274 0.803306 -0.683958 7.259207 6.304810 -0.501734 -0.051223 -0.923211 -0.749423 0.328274 0.793918 0.387403 -1.210994 -0.077815 -0.206083 
0.000000 -21.789519 -3.265676 4.311765 3.529957 -2.321295 0.513479 1.373144 -0.865086 -0.202779 -1.355398 0.030091 -0.671353 8.777883 6.645697 -1.274905 0.304282 -1.812064 -0.149185 0.954472 0.931904 -0.358966 -1.706204 0.148227 -0.553152 -0.353363 0.043087 -0.292458 -0.555668 -0.401342 0.052196 -0.675393 -0.106978 0.663137 -0.173121 -0.352705 0.306759 
163.381683 -14.629302 -0.550368 1.295318 3.170061 -4.093059 1.159174 1.554895 -0.636700 -0.171937 -2.643420 0.260581 -0.454235 2.797672 1.789284 -1.651308 -0.312756 -0.923062 0.339648 0.173538 -0.013980 -0.007757 -0.982516 0.097896 -0.070441 -8.528322 -3.430194 0.794002 -0.393034 1.119936 -0.158301 -0.286004 -0.325161 0.264832 0.815860 -0.077882 0.389678 
0.000000 -16.194176 0.312892 1.009149 2.904445 -4.167420 1.192774 1.720221 -0.893046 -0.218293 -3.320430 0.225883 -0.812234 -8.278761 -0.214692 0.313099 -0.481787 0.427807 -0.465788 0.382464 0.281582 0.170697 -0.074485 -0.007536 0.226204 -4.755571 -0.952499 1.270506 0.276775 0.892011 -0.198216 -0.317057 0.229039 0.428270 0.582775 -0.316872 0.429778 
264.889618 -31.186823 -0.979752 1.921517 2.206488 -3.237445 0.227599 2.319823 -0.073537 0.169458 -2.792390 0.245509 -0.001828 -6.713469 -0.115714 0.889705 0.240793 0.860961 -0.056784 -0.460576 0.444099 0.848784 0.183035 -0.535847 0.789116 7.683914 0.986931 -0.867434 0.585868 -0.037112 0.121633 -0.611297 -0.390553 0.397392 -0.149098 -0.261888 0.140211 
267.899048 -29.621115 0.081465 2.788558 3.386032 -2.445499 1.079205 0.799070 -0.004848 1.479275 -2.954361 -0.845810 0.765998 7.089067 1.759171 -1.421769 0.689949 0.353582 -0.222522 -0.840129 -0.499524 0.965481 -0.372681 -0.531311 0.506625 7.764507 0.589113 -1.616181 -0.431739 -0.555895 -0.416005 -0.015837 -0.809267 -0.424637 -0.208541 0.237544 -0.416516 
131.668900 -17.008689 2.538591 -0.922020 3.586386 -2.530282 -0.217445 0.639565 -1.072584 2.100420 -3.537752 -0.817114 1.011422 8.815545 1.062512 -2.342658 -0.622684 -0.250829 -0.888793 -0.492249 -1.174436 -0.000491 -0.234047 -0.060760 -0.043916 -2.148367 -1.157310 0.181930 -0.824538 -0.133743 -0.097773 0.123237 -0.137165 -1.141092 0.356780 0.270756 -0.260977 
137.210571 -11.990025 2.206489 -1.896757 2.140663 -2.947157 -0.698382 -0.185428 -2.353719 1.478294 -3.422455 -0.967329 0.678165 2.792333 -0.555449 -1.057908 -0.959127 0.086096 -0.418068 -0.593655 -0.773855 -1.316704 0.340878 0.010200 -0.015330 -5.655997 -0.489389 1.048037 0.094098 1.010753 0.505844 0.250668 0.412687 -0.451616 0.753084 0.241688 0.095357 
143.582962 -11.424024 1.427692 -3.037836 1.668132 -2.358089 -1.053581 -0.547745 -2.620294 -0.532988 -2.855995 -0.796714 0.980763 -2.496450 0.083734 -0.246583 -0.434489 1.770678 0.122894 0.009087 -0.349063 -0.903722 1.272121 0.422617 0.146798 -3.975617 0.380632 0.546196 0.890896 1.019130 0.601139 0.588320 0.208028 1.111459 0.631975 0.077319 -0.143900 
143.788971 -16.982924 2.373957 -2.389923 1.271685 0.594200 -0.452594 -0.167254 -3.051845 -0.329151 -0.878214 -0.122095 0.971761 -5.158901 0.205815 0.034483 0.822665 2.124356 0.784210 0.582986 -0.357799 0.906213 1.604828 0.164838 -0.303130 0.239682 -1.003792 0.343727 0.779113 0.037250 0.101754 0.069542 -0.047906 0.857916 -0.284935 -0.459240 -0.067986 
137.653961 -21.741826 1.839322 -2.968871 3.313463 1.890623 0.514839 0.618226 -3.335891 1.279439 0.353660 -0.467038 0.374502 -2.017086 -1.923851 0.440871 1.123736 1.845177 0.326402 0.148171 -0.444874 0.812109 0.702250 -0.495864 0.010826 3.118847 -1.417360 0.353323 0.114010 -0.497142 -0.461428 -0.461087 -0.141885 -0.291913 -0.729633 -0.152068 0.343058 
129.484650 -21.017095 -1.473746 -1.508181 3.519158 4.284554 0.200210 0.129089 -3.941593 1.295067 0.526287 -1.113823 0.993412 1.078793 -2.628906 0.741128 1.050686 1.130073 -0.138647 -0.339188 -0.641569 0.322388 0.145562 -0.139298 0.382986 0.508680 0.145457 -0.292075 0.138918 -1.041063 0.125752 -0.157683 0.628813 -0.515824 -0.393404 0.469319 -0.110711 
123.967224 -19.584240 -3.418489 -1.486614 5.414834 4.150768 0.237546 -0.060150 -4.619030 1.924215 0.644784 -0.745635 1.140474 -0.999726 -1.632937 -0.143278 1.401572 -0.236949 0.577906 -0.167194 0.812751 -0.219540 -0.084557 0.442774 -0.210596 -3.468643 -0.943812 0.121094 -0.581295 -1.026716 0.569502 0.287397 1.087803 -0.531085 -0.117781 0.264262 -0.499445 
113.158218 -23.016546 -4.739620 -1.794737 6.322301 3.810657 1.356022 -0.205300 -2.316091 0.855987 0.357173 -0.228274 0.572221 -5.858494 -4.516529 0.983316 -0.111903 -0.923359 1.000357 0.235607 1.534037 -0.739783 -0.090000 0.389226 -0.615904 -2.109021 -2.298211 0.409397 -1.196155 -0.502911 -0.193425 0.418700 -0.330643 -0.159826 0.259004 -0.101487 -0.130759 
232.258560 -31.301228 -12.451548 0.480018 5.191027 2.304051 2.238260 0.411063 -1.550955 0.444649 0.464785 0.032816 -0.091335 -5.217768 -6.229358 0.675517 -0.990738 -1.242770 0.191056 0.670206 0.151465 -0.539191 0.433451 0.239800 -0.472113 4.664726 4.202714 -1.186244 -0.188924 1.008344 -0.392690 0.077034 -0.625743 0.019229 -0.112605 -0.044379 0.318032 
0.000000 -33.452083 -17.198337 -0.443704 4.340826 1.325118 1.738135 1.135111 -2.013161 -0.222396 1.224076 0.251325 -0.372006 3.470958 3.888899 -1.389172 -0.489751 1.093329 0.214977 0.389675 0.282551 -0.701324 -0.315209 0.300468 0.020159 5.131255 7.802134 -0.959555 0.471593 1.432327 -0.066422 -0.569467 0.149728 0.027711 -0.981402 0.055335 0.552357 
0.000000 -24.359312 -4.673750 -2.298326 4.211525 4.490709 2.668213 1.190413 -0.985852 -0.958000 -0.165634 0.633752 -0.051016 5.044742 9.374910 -1.243594 -0.047552 1.621884 0.058212 -0.468728 0.450920 -0.483769 -1.529352 0.350470 0.632601 -1.935202 -0.012905 0.563424 -0.035751 -0.747667 -0.441386 -0.138359 0.025457 0.772458 -0.688623 -0.179138 0.353004 
111.488914 -23.362599 1.551483 -2.930891 4.245722 4.568885 1.854559 0.197656 -1.111320 -1.189935 -1.834628 0.952265 0.893196 -0.399445 3.863089 -0.262324 -0.561254 -0.402005 -0.667795 0.112957 0.333465 0.843592 -1.692455 -0.057807 0.726167 -2.772097 -4.490045 1.093653 -0.484724 -2.353927 0.057027 0.719869 -0.496887 1.387350 0.133604 -0.599762 -0.289331 
113.488235 -25.158202 3.052428 -2.822974 3.089017 3.686699 1.332624 1.416328 -0.318921 0.729185 -3.550544 0.518137 1.401318 -0.499452 0.394819 0.943712 -1.017000 -3.085970 0.172267 0.971009 -0.542854 2.290931 -1.262144 -0.849053 0.053940 2.079742 -2.164856 0.639266 0.096520 -1.593605 0.250569 -0.162735 -0.679601 -0.115601 0.808258 -0.362807 -0.394876 
116.816864 -24.361503 2.341122 -1.043467 2.211723 -1.603055 2.199093 2.139674 -2.197027 3.391927 -4.358916 -0.745841 1.001075 3.760039 -0.466624 1.016207 -0.368214 -3.589215 -0.166658 -0.212513 -1.025736 0.612391 -0.075938 -0.783421 -0.063584 1.522919 -0.111825 -0.134572 0.181158 1.116220 -0.667339 -0.932137 0.214303 -1.484972 0.944137 0.377551 0.029256 
116.229698 -17.638123 2.119180 -0.790560 2.352589 -3.491732 0.999309 0.991301 -2.370393 1.953967 -3.702420 -1.048704 1.274149 2.546387 0.171170 0.674569 -0.654684 -0.853531 -1.162410 -0.893265 -0.114248 -0.679012 0.626129 -0.093951 0.112451 -2.287671 0.374383 -0.234046 -0.178451 1.840012 -0.197930 -0.053283 0.499085 -0.286211 0.186910 0.420451 0.019749 
108.329597 -19.268729 2.683462 0.305671 0.902355 -3.310116 -0.125728 0.353144 -2.425523 2.033903 -3.106658 -0.933742 1.225976 -0.815303 0.282141 0.548115 -0.725117 0.090808 -0.562518 -0.319079 -0.027565 0.039968 0.297881 0.057481 -0.024087 -1.680845 0.055486 -0.063227 -0.035216 0.472169 0.299946 0.287093 0.043341 0.359490 -0.164124 0.075716 -0.068269 
