0.000000 -19.411181 0.084364 -3.479204 -0.364063 1.438515 0.301180 0.567185 -1.372152 0.139301 -0.497756 -0.752293 0.548200 -2.707497 1.696060 0.452587 -0.189491 -2.041621 -0.419112 0.398929 0.022950 0.853117 -0.012821 -0.034992 -0.157268 0.255608 -0.671193 1.168862 0.481141 -0.031349 -0.098588 -0.878665 0.601307 -0.470283 0.035148 -0.116727 -0.076909 
73.289429 -24.826175 3.476484 -2.574029 -0.743045 -2.644727 -0.537044 1.365042 -1.326252 1.845535 -0.523399 -0.822278 0.233663 -2.196280 0.353674 2.790311 0.772791 -2.104319 -0.616287 -1.358400 1.225564 -0.087448 0.057474 -0.268446 -0.311087 2.224034 -2.166934 1.051168 0.319089 1.422719 0.322357 -1.275661 0.677984 -0.906667 -0.198682 0.156831 -0.086340 
183.270798 -23.803741 0.791711 2.101418 1.181519 -2.770123 -0.931395 -2.149616 1.078976 -0.035595 -0.382809 -1.289185 -0.073974 1.740571 -2.637807 2.554922 0.448687 0.803816 0.225602 -2.152393 1.378917 -0.960217 -0.410185 0.278670 -0.329949 0.940397 0.032053 -1.169598 -0.405053 1.426972 0.503984 0.296526 -0.063406 0.268344 -0.178775 0.420164 -0.101334 
56.774006 -21.345033 -1.799129 2.535815 0.154328 -1.037096 -0.085839 -2.939743 1.431581 -0.074900 -1.343768 -0.264938 -0.426234 -0.315487 0.417780 0.451114 -0.037315 0.749626 0.391680 -0.765349 1.098752 0.449240 -0.300077 0.571881 -0.513755 -1.602361 4.176988 -1.649878 -0.851940 -0.654790 0.447864 0.931578 -0.170374 0.591522 0.195292 -0.154964 0.130149 
227.990143 -24.434715 1.627271 3.003647 1.106890 -1.270871 -0.148035 -3.680314 3.276480 0.862884 -0.982963 -0.145422 -1.101484 -1.464151 5.716170 -0.744834 -1.255192 -0.505763 1.121330 -0.289237 1.038169 0.222827 -0.019600 -0.031259 -0.069650 0.812547 1.717272 -1.724579 -0.507481 0.310444 0.336524 0.500067 -1.165729 -0.614334 0.225462 -0.243299 0.330955 
185.943634 -24.273336 9.633211 1.046147 -2.356056 -2.048623 2.156821 -3.518218 3.507920 0.370755 -1.382968 -0.327455 -0.565535 1.309607 3.852323 -2.998043 -1.052276 1.370513 1.064727 0.234785 -1.232706 -0.779427 0.150847 0.085283 0.148155 1.437558 -3.563949 -0.394774 1.358153 1.649243 -0.721663 0.401446 -1.470077 -0.320341 0.557924 0.014180 -0.007910 
161.810638 -21.815502 9.331916 -2.992439 -0.997662 1.470155 1.981420 -3.210744 0.811067 -0.695971 -0.681269 0.025145 -0.805174 1.410964 -1.411728 -1.534383 1.461115 2.792723 -0.321996 0.513654 -1.901984 -0.417855 1.096248 -0.002899 -0.085471 -2.552918 -3.239145 2.926579 1.646933 0.019645 -1.240663 0.201871 0.376524 0.432277 0.531369 -0.161211 -0.193076 
142.670395 -21.451408 6.809755 -2.022618 0.566173 3.536824 1.512830 -2.490910 -0.296047 -0.464955 0.809528 -0.333253 -0.736478 -3.796229 -2.625967 2.855116 2.241590 1.409803 -1.416598 0.638527 -0.479658 0.085127 1.213585 -0.237139 -0.237997 -4.343105 -0.841690 3.085326 0.314834 -1.005946 -0.820311 0.252717 0.741647 -0.008979 -0.280837 -0.094968 -0.171807 
126.302933 -29.407959 4.079981 2.717793 3.485518 4.289761 -0.851776 -1.933691 -0.148248 -0.525717 1.745901 -0.449133 -1.281169 -7.275246 -3.095109 4.636269 2.090783 0.780831 -1.962617 1.019088 -0.418689 -0.435813 0.534574 -0.192835 -0.429086 -0.346800 1.037662 -0.493674 -0.940039 -0.473249 0.453814 -0.165606 0.184603 -0.211363 -1.022660 -0.075611 0.269474 
116.588333 -36.001899 0.619536 7.249920 4.747738 5.098485 -2.412404 -0.452735 -1.133424 -1.336580 1.878676 -0.718923 -1.594650 -4.489829 -0.550644 1.867768 0.361512 0.463306 -0.508969 0.307314 -0.110452 -0.337599 -0.831735 -0.388361 0.300951 4.100670 3.357528 -4.216132 -1.707329 0.275329 1.822676 -1.479204 0.430528 0.161748 -0.734381 0.253579 0.658747 
105.900795 -38.387618 2.978694 6.453330 4.208543 5.216374 -1.869715 -1.319063 -0.369151 -1.200916 0.082430 -1.225854 -0.679267 0.926095 3.619946 -3.795994 -1.323876 1.331490 1.682735 -1.939320 0.442367 -0.112316 -0.934187 0.314323 0.888407 3.674054 1.289186 -2.546025 -0.906909 -0.030218 1.387534 -0.841665 0.502005 -0.176034 0.214784 0.521417 0.074804 
107.975838 -34.149710 7.859427 -0.342069 2.099987 7.761465 0.953066 -4.331375 -0.248690 -1.561212 0.010301 -0.090276 0.182165 2.858279 2.027727 -3.224283 -1.452306 0.402869 2.266099 -1.376017 0.893559 -0.689667 -0.402167 0.654474 0.450560 -1.098949 -3.428266 2.702079 1.732958 -1.513205 -0.773417 1.006110 0.752524 -0.110270 0.031417 -0.041424 -0.375836 
108.228462 -32.671061 7.034149 0.004765 1.303931 6.022112 2.662484 -4.071096 1.417967 -2.580250 -0.721903 0.083094 0.221852 -1.271804 -3.236587 1.608163 2.142040 -1.694921 0.135902 0.072901 1.947414 -0.332855 -0.871353 0.231474 0.136736 -1.277040 -1.432651 2.499508 0.923923 -1.254068 -1.507168 0.817288 0.263196 0.495443 -0.223589 -0.383173 -0.215517 
109.355652 -36.693317 1.386253 2.874257 6.384067 4.371623 1.224870 -4.185573 3.646139 -2.226921 -1.732404 0.372672 0.455636 0.304198 -0.837575 1.774733 0.395539 -2.105267 -0.748237 0.258559 1.419952 0.301220 -0.849345 -0.111872 0.019527 3.311960 3.656994 -0.943111 -2.737100 -0.033065 -0.400288 0.310320 -1.134551 0.420972 0.303199 -0.215385 -0.178781 
114.280273 -32.062664 5.358999 3.554230 2.095010 1.811579 1.166009 -3.553977 4.257872 -1.977810 -2.420593 -0.140650 0.260906 5.352116 4.077402 -0.278060 -3.332161 -1.761050 -0.664673 0.693540 -0.321687 0.509089 -0.264954 -0.199295 -0.220826 1.090306 1.249461 -0.601485 -0.248053 0.408629 0.202593 -0.408296 -0.753702 0.179481 0.491410 0.250946 -0.153159 
129.413162 -25.989085 9.541057 2.318137 -0.280254 0.849522 -0.104477 -2.798493 3.002765 -1.208743 -2.262312 -0.025918 0.013984 2.484811 1.661348 0.571762 -0.100566 -1.288009 -0.343051 -0.558032 -0.087451 0.660181 0.133474 0.390020 -0.286791 -4.397520 -2.566451 1.244297 2.642743 0.626300 0.379174 -0.940704 0.381733 -0.098748 0.251902 0.316196 0.232045 
138.184753 -27.093043 8.681696 4.697755 1.893878 -0.764440 0.479908 -4.670042 4.082970 -0.657448 -2.153645 0.639389 -0.312677 -3.442923 -1.055500 2.210534 1.953325 -0.508450 0.093676 -1.187869 0.441779 0.311593 0.238849 0.433097 0.243264 -4.133174 -0.402957 0.293100 0.168307 0.664846 -0.358680 1.020514 -0.505892 0.105321 0.374227 -0.319307 0.196259 
260.421783 -32.874930 7.430057 6.739206 3.626397 -0.167377 0.082875 -5.174230 3.886322 -0.585557 -1.784613 0.840275 0.500513 -5.781537 0.855434 1.157963 0.236049 0.041683 -1.060411 1.482996 -1.099235 0.870822 0.881927 -0.248594 0.105726 2.308882 1.142193 -1.205241 -3.115545 0.686091 0.130466 2.101838 -0.847772 0.005989 0.225170 -0.778682 -0.284538 
106.427361 -38.656118 10.392564 7.013681 2.365975 -0.681075 -1.640914 -1.704049 1.884499 1.084197 -0.389791 0.142200 -0.101226 1.174842 1.228885 -0.199947 -4.277765 0.863732 0.354608 3.015808 -1.253766 0.323571 0.689189 -1.124267 -0.325812 4.668559 -0.792699 -2.268210 -1.434938 1.450420 1.551487 -0.497310 0.108249 -0.683032 -0.311597 -0.228489 -0.027107 
100.674004 -30.525247 9.887827 6.339312 -4.929133 1.560087 0.792092 0.857386 1.378789 0.061586 -0.406234 -1.408259 -0.151110 3.555580 -0.729964 -3.378456 -2.633827 2.942522 2.042562 0.488376 -0.882738 -0.495243 0.258733 -0.705572 0.051513 -4.092371 -2.433274 -2.370266 4.291447 -0.109849 -0.162502 -1.396048 -0.163201 -0.292506 -0.043675 0.962611 0.142307 
97.547592 -31.544957 8.932635 0.256769 -2.901679 5.203970 2.444211 -0.727298 0.119023 0.093712 0.127676 -1.268944 0.001800 -7.009901 -3.637662 -4.940479 4.305129 0.644034 0.029604 0.223713 -1.580169 -0.261441 0.601838 0.800955 -0.041198 -3.185472 -2.332084 -0.402256 2.649362 -1.574651 -0.980327 0.505914 -0.018403 0.362270 0.099179 0.750459 0.176212 
0.000000 -44.545049 2.612503 -3.541646 3.681125 2.848155 0.851300 1.304811 -1.781549 -0.461295 0.797442 0.193652 -0.233507 -2.815363 -5.394133 -4.182969 2.664897 -0.206780 0.081908 1.500203 -0.919544 0.229298 0.457091 0.795345 0.403937 5.946111 3.065090 1.597400 -3.394011 0.368706 0.650051 0.052017 0.999585 0.628741 -0.202061 -0.445514 0.131879 
0.000000 -37.175683 -1.855631 -8.109168 2.428115 4.790410 2.608026 2.273109 -1.720064 0.552307 1.041857 0.321746 0.809674 4.882322 2.492517 -1.745680 -2.482893 1.381446 1.329705 0.327747 0.419001 0.996042 0.197717 -0.090072 0.222560 3.203443 2.121751 2.469281 -2.073789 0.253688 -0.754978 -0.712848 0.794174 0.115020 -0.322494 -0.528378 -0.076690 
106.624260 -34.780405 7.597538 -7.033007 -1.284662 5.611048 3.510711 1.960306 -0.943548 1.530789 1.192875 0.013507 0.211614 3.591524 -1.150632 0.755593 -1.482680 0.300595 -1.428047 0.074507 0.668804 0.459337 -0.187898 -0.261410 0.250557 -2.633741 -6.539881 -0.451094 0.724907 -0.941719 -1.682428 -0.050474 -0.220397 -0.831910 -0.457057 -0.304949 0.366602 
0.000000 -29.992636 -4.156895 -6.597982 -0.537245 5.391600 -0.248068 2.422123 -0.382456 1.470982 0.666061 -0.201074 1.310789 -0.385161 -10.587245 -2.647867 -1.033079 -0.501991 -2.035150 0.226799 -0.021794 -0.667778 -0.716397 -0.699970 0.955764 -2.524652 -1.226104 -1.310722 0.790030 -0.305233 0.779872 -0.240851 -0.880356 -0.569873 -0.169730 0.108473 -0.101364 
0.000000 -35.550727 -13.576951 -12.328742 -3.350819 4.607066 -0.559588 2.413904 -0.987136 0.195232 -0.239919 -1.386432 2.123141 -1.457781 -3.602840 -1.865851 0.097379 -0.309871 0.131697 -0.407195 -1.091908 -0.680410 -0.527359 -0.044465 0.047829 1.944896 4.699332 2.294336 1.606207 0.103739 1.257682 -0.743418 0.072352 -0.018599 0.456352 0.909635 -0.957800 
0.000000 -32.908198 -11.362574 -10.329683 -0.342486 4.771859 0.015325 1.607734 -2.566272 0.110163 -0.388657 -0.290003 1.406447 3.504631 -1.188580 1.940805 2.179335 -0.294514 0.480215 -1.260036 0.122909 -0.704976 0.196307 1.119301 -0.959837 1.946097 0.232296 1.602725 0.360962 -0.463087 -0.281648 -0.055130 1.389887 0.133306 0.186396 0.211613 -0.366737 
0.000000 -28.541464 -15.954112 -8.447132 1.007851 4.018039 0.400841 -0.106169 -0.741317 -1.214720 0.152695 0.852171 0.203467 2.434412 -3.138248 1.339600 0.819304 -1.236045 -0.431600 -0.517455 1.687866 -0.413797 -0.154566 0.378761 -0.685646 -1.570757 1.874643 0.220946 -0.353135 0.546094 -0.121471 0.918532 0.365196 0.551134 -0.124430 -0.795543 0.283165 
0.000000 -28.039373 -17.639070 -7.650482 1.296121 2.299769 -0.847876 0.572824 0.809460 -0.717430 -0.697789 0.467518 0.035155 0.363118 2.560705 2.382698 1.473065 0.797674 0.237273 0.577028 0.853302 0.397293 -0.052552 -0.471785 -0.393507 -0.301670 5.784077 1.202373 0.105281 1.679196 0.944935 -0.208383 -1.031375 0.437575 0.352925 -0.349933 0.059817 
0.000000 -27.815227 -10.832702 -3.681736 3.953981 5.613386 0.875387 1.047887 0.965286 -0.420135 0.047590 -0.091398 -0.583547 1.831072 8.429906 3.744346 1.029866 2.122347 1.458269 -0.934221 -0.374883 0.461354 0.551284 -0.321105 -0.566012 -1.100297 1.647016 0.192354 -0.987407 -0.647871 0.164619 -1.167310 -0.432590 -0.279560 0.001815 0.497053 0.158293 
123.858406 -24.377229 -0.779258 -0.161791 3.355852 6.544464 2.068663 -1.295617 0.059694 0.205278 0.404778 -0.174692 -1.096870 -1.837476 5.854737 2.767406 -0.501748 -0.498068 0.566510 -1.757592 -0.011877 -0.161827 -0.048922 0.522321 -0.076922 -4.531611 -5.151613 -2.767294 -1.644984 -1.707524 -0.716299 1.052793 0.483816 -0.295272 -0.012722 0.287099 0.371477 
117.754311 -31.490180 0.876771 1.853076 2.950484 4.617250 2.008408 -2.467297 0.941531 -0.743788 -0.050253 0.953244 -0.737391 -7.232150 -1.873321 -1.790242 -2.260102 -1.292701 0.025671 1.171366 0.592748 -0.129190 0.525840 0.253092 0.176941 1.677172 -5.130233 -3.986127 -1.504789 -0.236394 -1.212179 1.942749 -0.119244 0.560039 0.352566 -0.588812 0.533240 
282.353363 -38.841528 -4.525900 -3.742275 -1.164352 3.959061 2.120004 1.047115 1.245190 -0.053101 1.456459 0.331492 -0.742988 1.516867 -4.405730 -5.204849 -3.511327 -0.970856 -1.857848 2.127906 -0.250365 0.958252 0.656211 -0.655303 0.989559 5.440825 -0.091584 -1.366936 -0.269185 -0.192548 -1.081277 -0.301156 -0.402079 0.347001 -0.519685 -0.441837 0.362211 
0.000000 -28.456446 -7.934688 -8.556622 -4.072170 2.675537 -1.707288 1.788514 0.440802 1.172716 1.262169 -0.357362 1.241727 3.649501 -2.056489 -4.524114 -2.798473 -1.677797 -2.136884 0.569054 -0.211409 0.564813 -0.513530 -0.630582 0.901362 -1.850688 3.637729 3.859256 1.757942 -0.316104 1.050161 -1.362297 1.146489 -0.926268 -0.450250 0.456170 -0.721909 
0.000000 -31.542527 -8.638878 -12.790503 -6.761297 0.603467 -2.153764 2.185223 0.822372 1.076524 0.429398 -0.929672 1.059736 -2.184510 2.869728 2.513663 0.004557 -1.603065 0.242474 -0.596688 2.042614 -0.894285 -0.244290 0.257037 -0.454259 -2.916188 2.522899 5.686497 1.800285 0.743784 2.362277 -1.063765 0.835611 -0.956534 0.582060 0.663061 -0.831772 
0.000000 -32.825465 -2.195233 -3.529296 -4.063056 -0.530593 -1.222339 0.595137 4.526030 -0.615853 0.773590 0.156713 0.333209 -2.182875 2.989308 6.848881 0.802098 -0.190230 2.587670 -1.558476 1.459813 -1.348256 0.650589 0.695541 -0.762182 -2.396424 -2.085787 0.204817 0.816107 1.323698 0.860436 0.190582 -1.033250 -0.234081 0.147138 0.100749 0.241857 
267.208099 -35.908276 -2.660262 0.907259 -5.157101 0.223008 3.021577 -0.931728 3.741999 -1.619988 1.730576 0.461410 -0.464629 -6.977357 -1.301846 2.923297 1.636770 1.044331 1.963346 -0.215525 -0.023886 -1.362447 0.049986 0.458535 0.029455 -1.126375 -4.897773 -4.872464 1.953598 1.216768 -2.824249 1.592601 -1.425222 0.979379 -0.543383 -0.463579 1.138123 
86.341499 -46.780179 -4.798926 2.317297 -0.789515 1.558070 2.704353 0.164088 4.478257 -3.340747 0.873561 1.073782 0.392120 -4.435624 -6.806237 -2.896046 4.709295 2.243306 -3.060827 1.626727 -1.390631 0.610501 -0.436178 -0.231617 1.514064 4.589875 -2.393309 -4.797562 -0.971895 0.108734 -2.028459 0.874470 -1.395962 1.052648 -0.281207 -0.497337 0.568818 
85.582664 -44.779525 -16.272736 -4.884833 4.261488 4.709619 -3.100078 2.321726 0.960738 -0.398986 0.858220 -0.001823 2.563499 2.202394 -6.088464 -6.671827 -0.307019 1.261799 -2.093572 1.533416 -2.815811 0.742848 -0.512429 -0.536140 1.167092 0.312683 5.633336 -0.273950 -4.428891 -1.490377 2.518803 -0.501673 0.306288 -0.985596 -0.288306 0.224252 -0.780493 
0.000000 -42.375392 -16.975854 -11.026356 -1.403553 4.081668 -1.482790 3.230920 -1.153364 -1.855050 -0.151297 0.001501 2.726303 -3.810258 4.460436 -3.443947 -4.148487 -0.737448 1.976778 0.623380 -0.778054 -1.360691 -1.012790 0.216887 -0.046921 0.100525 5.132653 6.143923 -0.529093 -2.101997 1.388841 -1.730496 1.609916 -0.120858 0.117001 0.306512 -1.425416 
0.000000 -52.400041 -7.351865 -11.772727 -4.035487 3.234722 0.853478 3.568486 -0.595370 -3.120367 -1.167360 0.431951 2.469657 2.403443 4.176842 5.616019 -1.365206 -2.942195 0.684109 -1.927576 0.404020 0.501132 -0.278428 0.076883 -1.683741 7.834823 -2.377167 4.500145 2.091732 -0.701691 -1.106526 -1.367751 0.538132 1.474674 0.676466 -0.204479 -0.681077 
0.000000 -37.568505 -8.622170 0.205682 -4.133964 -1.802722 -0.114571 -0.624231 -0.345324 -0.852786 -0.708152 0.155268 -0.641179 11.859388 -0.293899 5.556344 0.034977 -2.140829 -0.236275 -2.112121 0.298210 1.588657 0.340142 -0.192070 -1.409076 -0.897469 -2.277803 -2.369394 0.918959 1.553922 -0.199109 0.963418 -0.123061 -0.173158 0.304769 -0.029505 0.987935 
0.000000 -28.681265 -7.939663 -0.660040 -3.965532 -1.046936 0.380929 -0.655756 0.001050 0.056946 -0.487076 0.047811 -0.348495 0.608506 -0.378763 0.877231 0.472712 0.165649 0.285892 -0.000740 0.157899 0.154816 0.331111 0.017873 0.292129 -6.912580 0.715365 -2.682889 -0.070236 0.749864 0.060937 1.062900 -0.379436 -0.845197 -0.005550 0.063448 0.731285 
0.000000 -36.351493 -9.379696 1.960144 -3.188541 -1.471424 0.457213 -0.625712 -0.029526 -0.543153 -0.045930 0.191014 -0.056921 -1.965772 1.136831 0.190567 -0.105495 -0.641102 -0.114401 0.013680 -0.460662 -0.101737 0.329042 -0.065175 0.053494 2.373684 0.998155 -1.059354 -0.516155 -0.254517 -0.157261 -0.048033 -0.400027 0.050310 -0.082240 -0.148730 -0.276998 
0.000000 -32.612810 -5.666000 -0.278907 -4.176522 -2.329140 0.152127 -0.628396 -0.920273 -0.146527 0.171009 -0.082538 -0.241507 5.355873 1.617546 -1.241477 -0.559598 -0.343386 -0.028630 -0.096807 -0.642155 0.255437 0.166631 -0.279587 -0.261867 3.480024 -0.309227 0.351644 0.549008 0.845345 0.164915 0.078492 0.439739 -0.098168 -0.191655 0.118616 0.002634 
0.000000 -25.639746 -6.144603 -0.522811 -4.307736 -2.158195 0.399954 -0.819325 -1.313836 -0.032278 0.287332 -0.368161 -0.580655 4.994276 0.518377 0.893855 0.992521 1.049587 0.215429 0.170664 0.418816 -0.298073 -0.054268 0.172057 0.058762 -4.469447 -0.778843 0.772169 0.897176 0.850071 0.077986 0.134004 0.784366 -0.356592 -0.091575 0.263263 0.239302 
0.000000 -22.624258 -4.629246 1.508803 -2.191480 -0.229965 0.582985 -0.287069 -0.082641 -0.742672 0.062473 0.261575 -0.123984 -3.583020 0.059860 0.302862 1.234755 1.356756 0.127342 0.171202 0.926577 -0.457746 -0.016518 0.246938 0.216738 -8.224348 -0.562364 -0.573366 -0.881538 -0.376591 -0.294071 -0.018129 -0.068509 0.197290 0.086934 -0.204298 -0.045475 
98.035049 -32.805786 -6.024884 0.082912 -1.838227 0.555316 0.654639 -0.476921 0.539317 -0.947770 0.254296 0.125715 -0.147179 -11.454419 -0.606350 -0.252878 -0.770554 0.296405 -0.372713 0.134405 0.281799 0.096508 0.119601 -0.236540 -0.032188 -0.805901 0.975602 -0.460256 -1.109442 -1.108537 -0.464193 -0.201304 -0.559386 0.165354 0.073907 -0.132472 0.050055 
0.000000 -45.533096 -5.841947 1.003046 -3.732587 0.362844 -0.162440 -0.018258 0.480957 -0.549657 0.301674 -0.211504 -0.188360 -5.194822 2.011063 -0.617650 -0.984128 -0.860319 -0.801043 -0.231406 -0.192196 -0.127038 0.131297 -0.018006 0.316847 6.649481 1.072595 -0.369199 0.259326 -0.517372 0.502152 -0.213399 -0.226609 -0.057583 -0.007100 0.220699 0.067103 
280.364136 -43.195429 -2.002759 -1.152388 -3.806484 -1.165321 -0.947447 -0.939733 0.154925 -1.201847 0.516890 0.089702 0.486516 1.844542 1.538840 -0.991276 -0.251902 -0.738339 0.631591 -0.292392 -0.171419 -0.018659 0.105400 0.204857 0.102017 4.036370 -1.164672 0.356439 0.910507 0.464946 0.756758 0.508027 -0.069078 0.392926 -0.119098 -0.008092 -0.355910 
0.000000 -41.844012 -2.764267 -0.979506 -4.236391 -1.113833 1.100741 -0.603043 0.138119 -0.586974 0.512475 0.198211 0.015674 2.877919 -0.318281 0.095227 0.836886 0.069574 0.712474 0.784648 -0.330351 0.658814 -0.106899 -0.034191 -0.394973 2.530272 -0.726697 0.239568 0.393456 0.194697 -0.438282 0.457946 -0.065234 0.084102 -0.091896 -0.303375 -0.088361 
74.523972 -37.439592 -2.639320 -0.961935 -2.132711 -1.026174 0.477500 0.629563 -0.505778 0.115781 0.303092 0.021320 -0.303429 6.905086 0.085446 -0.512139 0.535009 -0.348944 -0.244973 0.623501 -0.301887 0.149545 -0.078393 -0.401892 -0.074705 0.359658 1.871765 0.551659 -0.150760 0.187696 -0.406143 -0.487475 0.015841 -0.426137 0.056980 -0.284087 0.310173 
0.000000 -28.033840 -2.593375 -2.003784 -3.166372 -1.811721 0.610795 0.643959 -0.465654 -0.287885 0.355690 -0.605574 -0.133736 3.597235 3.425249 1.198544 0.535365 0.444965 -0.099812 -0.190301 -0.298669 -0.193461 0.007061 -0.602365 0.225374 -4.373491 1.172848 0.900017 0.129490 0.626463 0.085046 -0.741049 -0.021395 0.136873 0.154474 0.176602 0.179450 
146.753799 -30.245122 4.211178 1.435154 -1.061980 -0.136244 0.277876 0.248961 -1.103116 -0.271140 0.317214 -1.183411 0.147320 -1.841897 2.431142 1.287895 0.793990 0.903981 -0.074882 -0.858597 -0.344677 0.423291 0.230555 -0.048689 0.284195 -2.454691 -1.499188 -1.322863 -0.517190 -0.016878 0.148532 -0.227621 0.191004 0.273739 -0.009760 0.372136 0.001101 
207.011871 -31.717633 2.268908 0.572005 -1.578393 -0.003759 0.461032 -1.073235 -1.155009 0.558697 0.816800 -0.702951 0.434654 -1.312148 0.426873 -1.447182 -0.499014 0.411210 0.197252 -0.645543 0.083339 0.354018 -0.012460 0.141907 0.227576 0.179247 0.143677 -0.825958 -0.854532 0.345761 0.071880 0.254509 0.281396 -0.152036 -0.559599 0.193066 -0.084850 
101.138969 -32.869418 5.064925 -1.459211 -2.060008 0.686176 0.672379 -1.042126 -0.936438 0.436897 0.292294 -0.899597 0.602472 -1.483403 2.718496 -0.364022 -0.915074 1.595503 0.068878 -0.349578 0.218114 0.119218 -0.888643 0.337442 0.114495 0.657903 -0.302283 0.961367 0.323315 0.267202 -0.733303 0.486953 0.139961 -0.370946 -0.121790 0.051990 -0.170900 
0.000000 -34.684439 7.705900 -0.156038 -3.408541 3.187247 0.598787 -1.772390 -0.718781 0.797134 -0.960487 -0.028067 0.663643 0.003658 -0.177692 0.475553 0.147615 0.945615 -1.269354 0.328363 0.363260 -0.387874 -0.256041 0.245886 -0.114225 1.416566 -2.184226 -0.429634 1.112985 -1.419792 -0.771747 0.778041 0.014569 -0.455402 0.808215 -0.296967 0.018380 
103.094719 -32.862102 4.709540 -0.508105 -1.764777 2.577405 -1.866329 -0.385401 -0.209918 -0.338851 -0.219787 -0.407825 0.374022 1.349729 -1.649956 -1.223289 1.310896 -1.244081 -1.474617 1.206505 0.247252 -0.791587 0.727787 -0.256492 0.151255 -3.160719 0.125137 -1.382511 0.146476 -0.820648 0.640678 -0.360682 -0.318270 0.216992 0.192729 -0.261650 -0.119208 
0.000000 -31.984981 4.405989 -2.602617 -0.786750 0.699085 -2.350447 0.640621 -0.224277 -0.786040 0.495088 -0.541050 0.966154 -6.317780 0.072583 -2.289470 0.440568 -0.695681 0.012001 -0.393002 -0.273279 0.046110 0.129418 -0.277414 -0.352641 -3.856398 -0.266722 -2.005739 -0.348834 1.402240 1.113404 -0.471221 -0.021619 0.184477 -0.413087 0.142113 -0.261604 
248.777267 -45.497663 4.854706 -5.087046 -0.883641 1.186044 -1.842326 -1.171406 -0.756476 -0.246632 0.039049 -0.962652 -0.331261 -6.363067 -2.183399 -5.234767 0.613227 1.560400 0.752190 0.264063 0.204014 -0.422633 -0.098386 0.027734 -0.371952 3.355527 -1.240171 -0.851541 0.110552 1.006300 0.243064 0.781539 0.371696 -0.369223 0.000107 0.257974 0.314698 
217.477692 -44.711115 0.039190 -13.072152 0.439704 3.819884 -0.846066 1.168747 0.183750 -1.631305 0.298315 -0.485582 0.222249 0.393274 -2.407758 -3.992553 0.661673 1.316920 0.498130 1.170076 0.470113 -0.692336 0.129633 0.238535 0.276755 3.378171 -0.112179 0.621107 0.024223 -0.121740 -0.127030 0.453007 0.133050 -0.134852 0.114010 0.105400 0.324354 
