157.800049 -29.341026 -3.229573 3.087189 1.038225 1.314718 3.068596 0.177961 -0.532671 -0.966179 -1.282013 0.870776 -0.170506 -5.876221 -0.027086 -0.145515 -0.421587 0.632281 -0.372202 0.654764 -0.619504 0.493429 0.052677 -0.051517 -0.412362 4.656982 0.721633 -0.530126 0.351334 0.057894 -0.705166 0.082340 0.565081 -0.021181 -0.337788 -0.139494 0.190131 
151.282898 -41.093468 -3.283745 2.796158 0.195050 2.579280 2.324191 1.487489 -1.771679 0.020680 -1.176660 0.767741 -0.995231 3.437742 1.416180 -1.205767 0.281081 0.748070 -1.782534 0.819443 0.510659 0.451067 -0.622899 -0.330506 -0.032101 8.041962 1.475714 -1.217733 0.344275 -0.279910 -0.157375 -0.164302 0.465586 -0.165832 -0.008390 -0.264826 0.486625 
0.000000 -22.465541 -0.397214 0.675654 1.600386 2.810858 -0.496473 1.816847 0.488647 -0.064044 -2.527810 0.209764 -0.234707 10.207704 2.924342 -2.580981 0.266962 0.072461 -0.686952 0.326161 0.311668 0.161766 0.035896 -0.581170 0.560888 -1.325074 -2.706038 0.045700 -0.598913 -0.564384 1.491785 -0.145792 -0.566495 0.003207 1.011666 -0.033107 -0.002554 
156.938171 -20.678061 2.564938 -2.365804 0.728975 2.724203 0.950287 2.139811 -1.148343 0.344212 -1.104868 -0.394599 0.126545 0.787595 -3.995897 -1.114367 -0.916746 -0.380698 1.201036 0.527859 -0.622331 0.457481 1.400433 -0.396721 -0.037209 -4.631772 -5.361045 1.101559 -0.192028 -0.487455 0.271691 -0.497432 -0.461705 -0.173737 -0.070166 0.070524 -0.451810 
149.291718 -20.890352 -8.389007 -1.553081 -0.233106 2.049462 1.905599 2.872565 -0.756015 0.850918 0.273056 -0.583677 -0.309125 0.944159 -7.797748 -0.377864 -0.117093 -0.902449 -0.143570 -0.668703 -0.611743 -0.185707 -0.104437 -0.440123 -0.342732 -0.948432 0.729085 -0.039684 0.434469 -0.748691 -0.817018 -0.397396 0.355424 -0.678860 -1.056796 -0.036760 -0.067803 
0.000000 -18.789743 -13.030559 -3.121532 0.494788 0.919304 0.663147 0.802404 -2.371829 -0.027202 -1.313741 -1.274844 -0.558919 -1.109270 -2.537727 -1.193736 -0.047808 -1.878080 -0.432999 -0.266934 0.088518 -0.900239 -0.713158 -0.470240 -0.172814 -1.647945 4.142074 0.215224 -0.400089 -0.636805 -0.000290 0.933214 1.362695 0.006859 -0.000618 0.255732 0.446624 
0.000000 -23.108891 -13.464461 -3.940552 -0.328721 -1.706699 1.039600 2.338698 -0.578980 -0.949560 -1.153260 -1.524157 -0.654754 -2.351730 0.486399 0.052583 -0.917272 -2.176059 -0.144151 1.197725 2.113647 -0.171989 -0.105673 0.071341 0.550515 1.157717 3.678997 1.584564 0.414142 1.215393 -0.538026 -0.427093 0.358560 0.818232 0.314460 0.222815 0.270982 
346.851593 -23.493204 -12.057760 -3.016366 -1.339756 -3.432814 0.374844 3.197855 1.855465 -0.371181 -1.525086 -1.132161 0.542111 1.206165 4.820266 1.975393 0.780476 0.552706 -1.509051 -1.121120 0.805638 0.736225 -0.084238 -0.024610 0.369150 2.310709 2.616659 0.671977 1.544828 1.835319 -0.690928 -1.404667 -1.251828 0.368828 0.293826 0.078208 -0.509788 
0.000000 -20.696561 -3.823929 0.010234 1.232231 -0.601287 -1.978502 0.096458 1.032295 0.522889 -1.321737 -1.573376 0.083546 2.269687 5.719718 1.396537 2.172384 1.494579 -1.526007 -1.611609 -0.390009 0.565667 0.481979 0.227757 -0.469060 -0.772451 -1.703313 -1.054632 0.523682 -0.050516 0.536081 0.364307 -0.549259 -0.457939 0.359288 0.353605 -0.291362 
140.586212 -18.953830 -0.618324 -0.223292 3.005012 -0.443656 -2.677170 -0.025363 1.075446 0.760154 -0.561127 -0.676647 -0.396008 -0.338737 1.413640 -0.133872 1.827841 0.451673 -0.436890 -0.392506 -0.292881 -0.179654 0.634338 0.682600 -0.213573 -2.147156 -3.038572 -0.534848 -0.324417 -0.604451 0.867004 0.435427 -0.289296 -0.631368 -0.304008 0.177397 0.400868 
140.977692 -21.374034 -0.996649 -0.257510 4.887913 0.302060 -2.852281 -0.688554 0.446533 0.163582 -0.053060 -0.208175 -0.343601 -2.024624 -0.357426 0.326840 1.523551 0.285676 0.208000 -0.740754 -0.968601 -0.697069 -0.126036 0.582551 0.332677 -0.261817 -1.002688 0.304479 -1.050089 0.432825 -0.070120 0.098155 0.108421 -0.039740 -0.432002 0.097627 0.323767 
152.816147 -23.003078 -1.333176 0.430388 6.052113 0.127696 -2.261170 -1.506870 -0.861756 -0.633985 -0.813200 0.488454 0.269346 -0.862371 -0.591736 0.475085 -0.272337 1.317323 -0.577130 -0.196196 -0.076039 -0.259134 -0.229665 0.877855 0.433961 1.322298 -1.837908 0.647363 -1.576633 0.264147 -0.035224 0.650400 0.870530 0.485997 0.050333 -0.202788 -0.153172 
167.968536 -23.098777 -2.180121 0.692660 4.343238 2.936706 -4.006541 -1.080946 0.294455 -0.354685 -0.512390 1.547535 0.524320 0.619972 -4.033242 1.621566 -1.629715 0.813971 0.137552 0.560045 0.772458 0.274924 -0.025369 0.176975 0.026332 -0.658180 -3.954981 0.646494 -0.674107 -0.940675 1.442598 0.594528 0.003298 0.367615 0.236639 -0.770889 -0.267088 
173.719330 -21.763135 -9.399660 3.673519 2.792683 1.755637 -1.986067 -0.386780 0.683159 -0.084136 -0.863939 0.842404 0.322011 -2.178731 -8.501697 1.768073 -1.620551 -0.564027 2.308067 0.992861 -0.069442 0.476096 0.243613 -0.663923 -0.100216 -0.349078 1.926109 -0.191189 0.020630 -0.995484 0.321269 0.164369 -0.366382 -0.101700 -0.103416 -0.608062 -0.345476 
0.000000 -27.456239 -19.183515 4.228806 1.102136 1.808653 0.609593 0.904775 0.155571 0.597506 -0.025165 0.219689 0.323889 -0.078184 -0.181024 1.239187 -1.588455 -1.176997 0.780089 0.888784 0.039694 0.071525 -0.232201 -1.039149 -0.664621 3.273129 8.601795 -0.624491 0.725087 -0.820941 -1.372636 0.101626 0.404104 -0.689241 -0.639362 0.280144 -0.258362 
0.000000 -21.919502 -9.761708 6.151894 -0.384227 -0.598356 -0.425888 1.390789 0.762548 0.058914 -1.328340 -1.235893 -1.007230 4.367526 8.701892 0.519090 -0.170376 -2.205909 -0.437204 1.196113 0.738766 -0.902386 -1.035112 -0.103635 -0.616940 1.228909 2.881763 -1.198817 1.269916 -0.056193 -0.236297 0.058292 0.148710 -0.482971 -0.087358 0.922205 0.445226 
189.487869 -18.721186 -1.779731 5.266986 0.761383 -2.603165 -0.264815 3.297001 1.633102 -1.207265 -2.095388 0.012418 -0.909990 2.379634 5.582503 -1.158448 0.951376 -1.289382 0.307494 1.005368 0.337114 -0.894417 -0.406917 0.805261 0.225832 -1.607164 -3.679861 -1.175151 0.483065 1.124649 0.310949 -0.845242 -0.422620 0.304679 0.716531 0.062741 0.419121 
0.000000 -17.160234 1.403298 3.834998 1.518525 -3.177121 0.189100 3.401524 1.436776 -1.729919 -2.142175 0.374629 -0.555567 1.153198 1.342169 -1.831211 0.795753 0.043390 0.184694 -0.494370 -0.106474 -0.293028 0.397950 0.021848 0.221302 -2.608103 -2.758544 -0.596867 0.030725 1.117560 -0.221076 -0.588677 -0.338355 0.507655 0.539776 -0.447353 -0.055583 
166.832260 -16.414791 0.904607 1.604563 2.352890 -2.516385 0.104573 2.308260 1.420154 -1.793321 -1.299489 0.056113 -0.467387 -2.836572 0.065414 -2.352181 1.012827 0.945738 -0.134658 -0.171986 -0.339597 0.120893 0.672635 -0.089444 0.114665 -6.047610 -3.907755 1.208226 -0.441609 0.662888 -0.145067 0.255647 -0.785403 0.235784 0.140266 -0.239435 -0.091401 
165.452698 -22.833377 1.534127 -0.869364 3.544179 -1.285644 -0.080216 3.057553 0.757583 -1.488134 -0.796905 0.195740 -0.326238 -10.942021 -6.473340 0.585241 -0.087464 1.369166 -0.105440 0.016923 -1.677280 0.178540 0.678483 -0.457023 0.038499 -3.322636 -5.143960 1.236785 -0.752266 0.122414 0.059428 -0.258779 -0.506776 -0.015383 -0.187582 -0.096167 -0.126812 
0.000000 -38.298834 -12.042074 2.775044 2.177961 0.221946 -0.106306 2.342106 -1.934406 -1.436240 0.057476 -0.857933 -0.390388 -9.481843 -10.222505 0.121389 -0.491706 1.190566 -0.015802 -0.689543 -1.353149 0.090126 0.297472 -0.281779 -0.138959 3.383545 2.452220 -1.670706 -0.481838 -0.408006 0.298139 0.005544 0.839052 -0.089003 -0.319044 0.538681 0.211241 
0.000000 -41.797064 -18.910884 -0.626587 2.560767 1.095488 -0.111819 1.678466 -1.948716 -1.307882 -0.201962 -0.367817 -0.604155 -4.174930 -1.568901 -2.756172 -1.051140 0.553153 0.490839 0.028012 0.000824 0.000534 0.040395 0.620339 0.460982 6.173295 6.151820 -0.577477 -0.565968 -1.755516 -0.361023 0.921315 1.311343 0.084353 -0.041720 0.014037 0.097903 
0.000000 -46.648694 -15.179875 -2.737300 0.075681 1.328253 0.875372 2.398130 -1.932757 -1.435172 0.138267 0.382745 0.531576 2.864747 2.081134 -1.033566 -1.623642 -2.320465 -0.737847 1.153088 1.269536 0.258832 0.214031 -0.253705 0.056847 4.922777 0.302915 0.824326 -0.008353 -1.393684 -1.366280 0.091146 0.746239 0.370919 0.061643 -0.566202 -0.438028 
0.000000 -36.067569 -14.748616 -2.693719 -0.686518 -3.545441 -1.587514 3.984642 0.590357 -0.790217 0.226101 -0.875227 -0.490462 5.670623 -0.963072 -1.107519 -1.067846 -2.234215 -2.241720 0.210303 1.493302 0.742372 0.163681 -0.512065 -0.415074 -0.461592 1.996836 1.608221 1.655409 2.289715 -0.711490 -1.798058 -0.714281 0.126184 0.035767 0.339490 0.074340 
0.000000 -35.307449 -17.106018 -4.952338 -2.060012 -3.140177 -3.608068 2.818736 1.053848 0.049573 0.465628 -0.641385 -0.298571 1.941564 6.074806 2.182875 1.687176 2.258966 -2.160827 -2.443029 -0.159027 0.511200 0.285566 0.425275 0.205527 -0.308024 5.278911 1.438586 2.252840 2.235352 0.296496 -1.082133 -0.981693 -0.334939 -0.049172 0.406014 0.122210 
0.000000 -32.184442 -2.599005 1.672031 2.687834 0.972490 -5.909168 -0.901416 0.272304 0.232183 0.797234 -0.024677 -0.079407 5.054575 9.594750 1.769653 3.437834 2.236489 -1.648728 -1.953962 -0.470085 0.072494 0.065336 0.299963 -0.170654 -1.406065 -1.461493 -2.351850 0.560989 -0.839297 1.282156 1.229263 0.503821 -0.333349 -0.337002 -0.062017 -0.246068 
158.134064 -25.198299 2.083481 -1.413031 4.815657 1.332801 -6.905525 -1.089189 0.113679 0.194561 0.596301 -0.041460 -0.639880 -0.870565 3.151821 -2.520824 2.809154 0.580371 0.403484 0.015497 0.848616 -0.155498 -0.388438 0.301242 -0.286609 -8.050473 -4.637816 -0.708912 -0.171848 -0.484144 1.623280 1.038796 0.615790 -0.533762 -0.636468 -0.017665 0.229764 
159.652069 -33.925572 3.704637 -3.369617 8.306142 2.133233 -5.102201 -0.870422 1.969536 -0.078813 0.020359 0.577806 -0.652625 -11.046370 0.319117 0.351829 3.094138 1.268201 1.597832 0.123629 0.761496 -0.995029 -1.207599 0.264633 0.288874 -2.550403 -4.955740 2.815801 -1.371672 -0.426003 0.622905 -0.341778 -0.842731 -0.543587 -0.174810 -0.612256 0.337127 
322.351440 -47.291039 2.721715 -0.709372 11.003932 3.869203 -3.709860 -0.841931 1.636671 -1.795498 -1.818897 0.487806 -0.062132 -5.971371 -6.759659 3.110778 0.065811 -0.271634 1.649293 -0.668059 -0.836847 -1.242672 -0.738058 -0.923269 0.387646 9.187749 -3.761831 -0.169835 -1.997441 -1.030307 -0.077271 0.203926 -0.362676 0.676754 1.171871 -0.507727 -0.086771 
314.335724 -45.868315 -9.814680 2.851938 8.437764 1.589965 -1.803615 -2.206540 0.295842 -2.564157 -1.455758 -1.268733 0.122666 7.329127 -7.204544 0.012160 -0.900744 -0.792413 1.443291 0.531480 0.036145 0.358479 1.136143 -0.750822 0.115332 9.019621 3.920131 -2.463361 0.306901 0.279917 -0.640630 0.897856 0.491277 0.904265 0.748802 0.659897 -0.367530 
0.000000 -32.632785 -11.687373 -0.685052 9.202445 2.284377 -0.823278 0.221029 1.708960 -1.078541 0.453390 -1.013838 0.168533 12.067871 1.080603 -1.815945 0.679614 0.288200 0.368032 1.127653 0.145708 0.565859 0.759545 0.396525 -0.347415 -0.519473 5.085079 0.037356 0.061899 0.236117 -0.523279 -0.143022 -0.429330 -0.270183 -0.745847 0.600150 -0.044410 
0.000000 -21.732572 -7.653473 -0.779952 9.796991 2.166365 -1.067551 0.048766 0.587258 -1.432439 0.063332 -0.475683 -0.572164 6.290182 2.965614 0.086871 -0.776946 -0.320178 0.396733 0.245437 -0.822516 -0.181887 -0.355550 0.449478 0.026512 -6.942506 0.355624 0.367247 -0.923272 -0.314740 0.414328 -0.720186 0.237156 -0.209768 -0.836137 0.001392 0.672265 
169.005493 -20.052421 -5.756145 -0.511310 7.648553 1.644021 -0.029811 0.711903 0.063927 -1.442315 -0.257710 -0.114881 0.221557 -1.817141 1.791852 -1.081451 -1.166931 -0.341280 1.196689 -0.312718 0.620020 0.146322 -0.912728 0.399308 0.997115 -5.339961 -1.088087 -0.831904 1.107607 0.386009 -0.091581 -0.878516 0.751024 0.216256 0.098064 -0.124391 0.173148 
161.619400 -25.366854 -4.069769 -2.942853 7.463129 1.483805 1.325827 -0.576671 1.827298 -1.139794 -1.762125 0.322932 1.422066 -4.389740 0.789440 -1.576937 1.438269 0.451840 0.213572 -1.511596 0.679531 0.250624 -0.159421 0.200696 0.372809 -0.571937 -1.954185 1.035946 1.541067 0.291803 -0.884995 -0.067918 -0.555921 0.127865 0.894303 -0.375687 -0.902719 
160.727936 -28.831902 -4.177265 -3.665183 10.525091 2.547701 0.397332 -2.311289 1.422990 -0.941066 -0.576552 0.286511 0.967174 -2.961016 -2.116518 0.990441 1.915204 0.242325 -0.573301 -0.448555 -0.491822 0.402053 0.875878 -0.352066 -0.808323 -0.568800 -1.895946 1.560036 -1.193792 -0.346491 -0.070929 1.215565 -0.046307 0.337024 0.179935 -0.085700 -0.342148 
326.556335 -31.288885 -8.302805 -0.961971 11.293536 1.968455 0.179225 -1.473780 0.843653 -0.335688 -0.010370 -0.381200 -0.194580 -5.527341 -3.002451 1.543135 -0.949314 -0.241142 0.071714 0.919535 0.586918 0.924672 0.200448 0.029297 -0.311487 0.487354 -0.346766 -0.117289 -1.871778 0.241575 0.146687 0.752742 0.742072 0.015823 -0.355153 0.344747 0.420490 
310.027161 -39.886583 -10.182168 -0.578913 8.626462 2.065417 0.540760 -0.472218 2.596825 0.908277 -0.175656 0.345106 0.344201 -1.986307 -2.810050 0.755863 -1.828352 0.725475 -0.279926 1.056930 0.992322 0.433699 0.165572 0.337427 0.032658 7.345447 2.386418 -0.650796 0.445396 0.392701 -0.404762 -0.584587 -0.956659 -0.733430 0.162561 0.072791 -0.285730 
299.891418 -35.261500 -13.922905 0.549756 7.636833 3.419406 -0.380627 0.640080 2.828298 0.531711 0.320775 0.293654 -0.129264 9.163554 1.770385 0.241543 -0.058523 0.544261 -0.737810 -0.249639 -1.326400 -0.542189 0.525570 0.174880 -0.882947 6.177743 4.241738 -0.258585 0.400247 -0.578409 0.266294 -0.886302 -1.629458 -0.530770 -0.088945 -0.090250 -0.069114 
314.938721 -21.559474 -6.641398 -0.095826 8.509417 3.153939 -0.934860 -0.971496 -0.055974 -0.176101 0.875483 0.694866 -1.421692 10.369179 5.673426 0.238694 -1.027858 -0.431343 0.252663 -0.715673 -2.266594 -0.627840 -0.012318 0.156927 -0.105571 -3.776557 0.647811 0.662743 -1.430914 -0.839381 0.912394 0.234406 0.452585 0.276637 -0.400400 -0.223819 0.736071 
164.953217 -14.523142 -2.576054 1.027144 5.581117 2.556720 0.124699 -0.791267 -1.704890 -0.723970 0.296140 0.607507 -0.340405 1.610439 3.066006 1.567029 -2.920350 -1.134502 1.086978 0.219173 -0.421230 0.011086 -0.275231 -0.272758 0.589195 -8.926102 -1.744015 -0.245845 0.181919 -0.036673 -0.073918 0.232137 1.494790 0.084600 -0.197476 -0.188085 0.044187 
166.393585 -18.338595 -0.509386 3.038231 2.668716 0.884935 1.239095 -0.533149 -0.898434 -0.153929 0.325022 0.149349 -0.243302 -7.483025 2.185395 -0.252995 -0.664019 -0.504689 0.104826 -0.251400 0.722987 -0.458640 -0.407269 -0.219244 -0.017196 -5.343857 -0.643832 -1.510910 2.388715 0.286243 -0.928648 -0.376822 0.782159 -0.891973 -0.452872 0.394216 -0.638587 
166.986725 -29.489191 1.794736 0.521153 4.253079 1.547342 0.334351 -1.294067 -0.258915 -1.641250 -0.518399 0.169020 -0.374797 -9.077274 1.778342 -1.454791 1.857080 -0.562016 -0.770319 -0.534471 1.143088 -1.772860 -1.180975 0.515674 -0.687979 3.416834 -3.295016 0.855666 -0.886690 -0.341278 -0.644899 0.968916 -0.359862 -0.040778 -0.021988 -0.464890 0.028491 
337.031464 -36.493144 3.047298 0.128649 6.382875 -0.239097 -0.301542 -1.602090 1.387741 -3.699648 -2.036929 1.180697 -1.619260 -0.649356 -4.404637 1.458338 -2.437399 -1.187245 -1.184972 1.686432 0.003264 -0.540196 -0.451246 -1.149024 0.039786 7.328230 -5.086022 0.517719 -2.880954 -0.315241 -0.349079 0.599958 -1.110684 1.275973 0.860573 -1.009183 0.450689 
335.759216 -30.787904 -7.014538 3.437829 -0.621718 -0.827149 -2.035592 2.078798 -0.252387 -2.721643 -1.420890 -2.129028 -0.295225 5.579186 -8.393703 -0.419353 -3.904828 -1.192498 -1.468476 0.665446 -1.078281 0.779085 0.540170 -1.502692 0.213399 1.278286 0.953303 -1.636863 1.038105 0.263305 0.384070 -1.695509 -0.127943 0.457903 0.670781 0.737081 -0.014462 
0.000000 -25.334772 -13.740108 -0.710057 -1.426781 -2.624093 -3.238494 -0.271199 -0.768820 -2.141477 -0.956588 -1.824686 -1.192462 1.907215 -2.498031 -1.815389 -0.361189 -0.660635 -0.416832 -1.704586 -0.252623 0.375609 0.890316 0.325139 0.010863 -6.239527 5.242733 1.002321 2.388807 0.839451 0.798434 -0.549934 0.853024 -0.307383 0.294173 1.116575 0.292317 
0.000000 -26.973474 -12.010601 -0.192950 -1.344097 -2.148419 -2.869256 -1.330375 -0.757633 -1.970425 0.359741 -1.478751 -0.273499 -6.899868 2.091763 1.585288 0.872785 0.486403 0.128392 -0.434421 0.627768 0.164319 1.128517 0.730459 0.798032 -5.701369 5.738489 2.125813 0.530112 1.503554 -0.717740 0.686093 1.875131 0.094387 -0.710959 0.152759 0.218867 
0.000000 -39.134507 -9.556583 2.460519 0.318790 -1.651288 -2.981710 -1.140041 0.486716 -1.812839 1.300445 -0.363768 0.403603 -9.495523 8.978947 2.436237 0.699035 2.346473 -1.852312 -0.332401 3.497639 0.564382 -0.531602 0.630656 0.448597 4.068840 2.222857 -1.564812 0.412747 0.031739 -0.020170 0.409082 0.321954 0.208822 -1.498120 -0.630680 -0.233091 
0.000000 -45.964519 5.947294 4.679524 0.053973 2.544526 -6.573881 -1.995176 6.237644 -0.841661 -0.703462 -0.217439 0.623696 1.237811 6.537476 -1.544337 1.698280 0.549881 0.088052 0.383743 1.271677 0.581962 -1.867724 -0.530901 0.331850 7.810565 -6.010734 -2.262062 0.095259 -2.190931 2.343734 0.444533 -3.428057 -0.549317 -0.082240 -0.901085 -0.171823 
128.990875 -36.658885 3.518369 -0.628155 3.715349 -0.551526 -2.805605 -0.372556 3.030070 -0.648915 -2.435002 -1.425570 1.067303 6.125608 -3.042520 -2.087887 0.889552 -2.035390 2.835156 0.556665 -3.358475 -0.534251 -0.696083 -1.171515 0.104951 -0.600223 -4.021680 0.919819 -1.298110 -0.396087 0.538147 -0.361893 -1.401315 -0.942938 1.066534 0.253705 -0.179878 
0.000000 -33.713303 -0.137745 0.503750 1.833078 -1.526253 -0.903568 -0.881846 -0.479305 -1.910162 -2.095627 -2.560468 0.833598 0.037366 -1.505884 0.295301 -0.897941 -0.242293 1.164345 -0.340043 -1.530953 -1.303913 0.265344 -0.023490 -0.027907 -3.957364 2.334318 1.198634 -0.147177 0.861322 -0.775171 0.157706 2.290926 0.521303 0.103560 1.065462 0.047959 
0.000000 -36.584153 0.506600 -0.037553 1.919467 -1.036111 -0.476914 -1.052641 -0.031837 -3.256741 -1.904313 -1.472549 1.011489 -1.789120 1.626117 0.309381 0.595198 -0.312746 1.284813 0.872077 1.223377 0.508356 -0.488963 0.959409 0.200869 0.271815 2.824955 0.664752 0.094573 -0.875572 0.329590 0.871680 1.055882 1.243519 -0.563672 0.216861 -0.032787 
0.000000 -37.291543 3.114489 1.122512 3.023473 -2.151746 1.666059 0.862309 1.967448 -0.893451 -3.073553 -0.641650 1.235336 0.580997 4.144026 1.624805 -0.708796 -1.993437 1.823525 1.403317 0.580810 1.183125 -0.862000 0.410233 -0.093480 3.163144 -0.112976 0.936427 -1.512565 -0.490273 -0.811950 -0.514261 -0.845287 -0.687063 0.552662 -0.837930 -0.303790 
120.871071 -35.422160 8.794652 3.212058 0.501875 -5.022985 3.170135 1.753993 1.129784 -0.890492 -3.628313 -0.652084 0.824529 4.537168 1.400165 2.182236 -2.429932 -1.293292 -0.339087 -0.156445 -0.467197 -0.865771 0.616361 -0.716452 -0.406711 2.507542 -3.685232 -0.684625 -0.182872 1.033747 -2.114248 -0.974887 -0.399338 -0.685068 1.125570 -0.540536 0.021191 
122.489227 -28.217207 5.914819 5.486984 -1.836391 -4.738331 0.987884 0.549419 1.033055 -2.624993 -1.840831 -2.074554 0.421914 5.596081 -3.226438 0.255555 -1.074539 0.074058 -2.404972 -0.546457 -0.217865 -0.187010 1.389140 -0.670839 -0.051098 -2.572088 -3.084531 -2.134576 1.909400 0.682353 -0.749127 0.103593 0.549620 0.884557 -0.084593 0.615929 0.238521 
123.473152 -24.229998 2.341777 3.723168 -1.647203 -4.874868 -1.639809 0.661079 0.694054 -1.264513 -0.850033 -1.993763 0.722333 -0.607008 -4.768896 -2.086916 1.388868 0.071413 -1.837341 0.050742 0.632043 0.903344 0.447176 0.515405 0.070332 -4.244781 -0.738586 -1.401526 1.156821 -0.242070 0.531164 0.058889 0.333299 0.286416 -0.789119 0.539294 0.204648 
120.889603 -29.431223 -3.622973 1.313152 0.941344 -4.595504 -2.686798 0.650902 2.297141 -0.818305 -0.946479 -1.043744 0.562578 -2.893481 -4.703609 -2.547496 1.239104 -0.410081 -1.342645 -0.428679 0.448733 0.385822 -0.189099 0.407749 0.358198 0.059799 3.907704 1.721001 -0.749038 -0.219292 0.529182 -0.154425 -0.812795 -0.428439 0.031393 -0.529433 0.066592 
0.000000 -30.016960 -7.065441 -1.371825 0.831005 -5.695031 -4.325098 -0.196279 1.591519 -0.492869 -1.228231 -1.178265 1.438729 -0.487409 3.046512 1.355085 -0.109209 -0.367171 -0.778977 -0.258109 -0.993547 0.046466 0.509962 -0.543460 0.203516 0.347407 5.410814 3.258281 -0.537731 0.555328 1.021005 0.551622 -0.679786 -0.209852 0.680096 -0.619719 -0.313591 
0.000000 -30.406042 2.470052 4.023323 0.722927 -5.329846 -4.244753 0.134683 0.310048 -0.725372 0.073445 -2.130664 0.969611 -2.198668 6.118019 3.969067 0.163642 0.700575 0.699366 0.674565 -0.910839 -0.033882 1.171093 -0.831688 -0.268983 -2.985440 -0.254012 0.312971 -0.492034 0.806769 1.509683 0.369965 0.963969 0.199528 -0.215582 0.451741 -0.169099 
0.000000 -34.414297 5.170597 6.566309 1.158290 -4.293882 -2.926365 1.152852 -0.230159 -0.560632 1.113955 -2.841641 0.900762 -6.458289 2.538489 1.981028 -1.093277 1.246366 2.240389 0.481820 0.934391 0.445522 0.078797 0.360022 -0.134681 2.733388 -3.019827 -2.701277 -0.136134 0.041528 -0.077303 -0.488623 1.144702 -0.005763 -1.446589 0.339006 0.328266 
118.859772 -43.322620 7.547030 7.985380 -1.463627 -2.837113 0.236025 1.098324 2.178831 0.165671 0.231039 -1.410621 0.700248 3.268108 0.078366 -1.433487 -0.108626 0.783630 0.544761 -0.302680 1.378564 -0.045407 -1.722085 -0.153675 0.387548 7.090280 -1.824170 -2.062025 1.147805 -0.595561 -1.638411 -0.378619 -0.380161 -0.427040 -0.679712 -0.614604 0.311243 
122.064491 -27.878080 5.327329 3.699335 0.941039 -2.726622 -1.836843 0.547491 2.526969 -0.651447 -2.330215 -3.148991 1.675858 7.722270 -1.109851 -2.143022 1.202333 0.055245 -1.036434 -0.275417 0.174069 -0.408559 -1.280627 -0.869185 0.487805 2.227081 -0.594108 -0.354768 0.655479 -0.364192 -0.790598 0.013632 -0.602247 -0.181576 0.220729 -0.357755 0.050128 
