180.000473 -29.271790 6.306227 -1.917868 4.147093 1.408607 -1.306857 1.650167 -0.918534 0.471389 0.328529 -1.224202 -0.238014 -0.856167 0.020855 0.158110 0.562085 0.092784 -0.600960 -0.005704 0.213511 0.457091 -0.392205 0.026933 0.206764 -1.045655 0.115941 0.517122 -0.200195 0.369270 0.131108 -0.015362 0.033957 0.081217 -0.081649 0.124245 -0.028250 
179.617310 -30.984124 6.347937 -1.601649 5.271264 1.594174 -2.508777 1.638760 -0.491513 1.385570 -0.455881 -1.170335 0.175514 -2.947476 0.252738 1.192354 0.161695 0.831323 -0.338743 -0.036427 0.281425 0.619524 -0.555503 0.275424 0.150263 -3.157033 0.000179 0.857682 -0.718124 0.109499 1.067803 0.045392 0.324066 -0.401713 0.354189 0.215836 -0.096673 
167.698822 -35.166742 6.811702 0.466841 4.470482 3.071253 -1.984343 1.577313 -0.355685 1.710437 -0.782477 -0.673354 0.062513 -7.170233 0.021214 1.873473 -0.874163 0.311782 1.534646 0.085081 0.861642 -0.346336 0.316173 0.458606 0.013417 -3.417923 0.564135 -0.115589 -1.856259 -2.240269 0.903692 0.699766 0.461644 -0.419970 0.339455 -0.265881 0.125456 
151.026840 -45.324591 6.390365 2.145298 3.522937 2.217739 0.560515 1.808922 1.231771 0.692897 0.176464 -0.253122 0.202348 -9.783321 1.381007 0.961176 -3.550823 -3.649216 1.468640 1.363105 1.204713 -0.220416 0.123406 -0.256339 0.401176 4.630123 0.986500 -1.377558 -0.486927 -0.641526 -0.266993 0.233389 -0.608018 0.325152 -0.201659 -0.350208 0.244201 
136.770752 -54.733385 9.573716 2.389193 -2.631164 -4.227178 0.952937 4.303522 2.053741 1.269604 -0.535665 -1.186032 0.864865 2.090012 1.994213 -0.881643 -1.848016 -0.971270 1.000659 0.551859 -0.354394 0.303967 -0.087146 -0.241810 0.501819 9.050422 -1.037865 -1.979202 3.345672 4.031613 -0.426858 -1.463778 -1.393908 -0.065505 0.522408 0.392543 -0.468848 
0.000000 -41.144567 10.378791 0.382013 -0.173095 0.275199 2.561833 2.912640 0.522983 1.300831 0.002172 -0.736743 1.205986 8.317523 -0.694723 -2.997228 3.140520 4.414010 0.614924 -1.564452 -1.583102 -0.351426 1.168223 0.528748 -0.536520 -2.774848 -2.423109 -0.455460 2.501230 1.338848 -0.941278 -0.531198 -0.409767 -0.215932 0.631597 0.143015 -0.639617 
133.828705 -38.098340 8.184270 -3.605262 3.649877 4.600842 2.182784 1.174619 -1.112463 0.566753 1.800780 -0.128537 -0.208174 -3.459685 -2.852005 -1.792563 3.154444 1.706426 -0.881896 -0.510538 -1.173928 -0.127898 1.176048 0.044219 -0.777414 -7.201572 -5.716931 1.807624 -0.533988 -3.466770 -0.520296 0.950229 0.712689 0.031337 -0.613403 -0.016578 0.332901 
130.684708 -48.063937 4.674781 -3.203113 6.135793 3.688050 0.798042 1.891565 -1.824874 1.045036 2.354269 -0.648306 -0.348843 -6.085622 -12.128585 0.618019 2.072544 -2.519531 -0.425668 0.336007 -0.157723 -0.288751 -0.058582 0.495592 0.129282 5.172223 -1.247333 1.913621 -1.250172 -2.081112 0.511509 0.491675 0.993903 -0.397094 -1.142307 0.041269 0.405763 
134.525574 -50.269583 -16.072899 -2.369223 7.794965 -0.438219 1.331448 1.846634 -1.427910 -0.010749 1.683616 0.862647 0.050390 6.884761 -5.346670 2.034678 0.654101 -2.455798 0.141122 0.472812 0.813877 -0.922085 -1.108567 0.126756 0.034112 6.909132 11.194075 1.405618 -1.540486 0.553744 -0.287719 -0.018061 0.523602 0.205777 -0.040992 -0.884207 -0.105304 
0.000000 -34.294415 -6.018560 0.866244 7.443994 -1.223546 1.080285 2.837189 -0.197120 -0.799134 0.137135 -0.394794 -0.280618 7.732643 10.259566 3.429255 -1.008428 -1.412043 -1.001107 0.299886 0.889481 0.122802 -0.140566 -1.272822 -0.081325 -5.348674 6.744391 0.126075 -1.332807 0.891341 -0.449454 -0.852723 -0.408385 0.756984 0.608062 -0.009850 0.215192 
163.015839 -34.804297 4.446232 4.489287 5.778109 -3.262304 -0.670765 2.446405 0.351053 0.234856 1.402484 -1.682996 -0.112261 -3.812587 8.142111 2.286829 -2.011513 -0.673117 -0.757787 -1.232634 -0.002893 0.591883 0.107557 0.107057 0.464496 -5.746150 -3.288544 -1.540421 -0.576904 0.972660 0.462088 -0.455466 -0.420533 -0.177171 -0.235928 0.948452 0.082937 
165.925705 -41.919589 10.265662 5.439902 3.420968 -2.569779 -0.435289 0.371922 -0.202906 0.384633 0.352250 -0.180681 0.648373 -3.759656 3.682478 0.348414 -2.162235 0.533278 -0.076930 -0.611046 0.048416 -0.231539 -0.612421 0.624082 0.084550 2.498346 -5.302460 -0.622965 0.805938 -0.080889 0.623624 0.927216 0.533045 -0.326541 -0.109030 -0.163862 -0.786632 
175.317719 -42.323609 11.811188 5.186114 1.453639 -2.195748 -0.824626 1.224314 0.447884 -0.228222 0.177642 -0.434833 0.056839 1.184105 -2.462810 1.040899 -0.399638 -0.834895 0.489461 0.621799 1.063198 -0.061199 -0.110503 -0.220667 -1.108769 2.774755 -6.796555 0.376566 1.440809 -0.468305 0.679549 0.318592 0.104409 0.222806 0.192489 -0.284933 -0.345333 
183.751999 -39.551378 5.340043 7.521700 2.621692 -4.239570 0.543634 1.615520 1.923490 0.262234 0.131243 -0.622015 -1.569164 1.789855 -9.910632 1.101546 0.719383 -0.403333 1.282167 0.026138 0.257234 0.214073 -0.227442 0.054215 -0.606116 0.246499 -2.343978 -1.953054 -0.242973 1.303181 0.866679 -0.555565 -1.055225 -0.197414 -0.045824 0.316089 0.952085 
179.631439 -38.743900 -8.010075 7.389207 2.892404 -3.002415 1.739709 1.276590 0.962352 0.199923 -0.277242 -0.326403 -1.155394 1.677102 -7.150765 -2.865208 -0.885585 1.771466 2.222818 -0.489330 -1.047252 -0.456027 -0.202151 0.411511 0.795401 4.541018 7.446550 -2.817554 -1.002342 0.469298 -0.437264 -0.681409 -0.187693 0.175384 -0.048510 -0.084948 0.669941 
0.000000 -36.197173 -8.961488 1.791283 0.850523 -0.696638 4.989270 0.636859 -0.171014 -0.649820 -0.273059 0.201006 0.021639 10.871890 4.982468 -4.533561 -1.285302 0.535263 0.407640 -1.336681 -0.118151 0.564840 -0.324462 -0.115680 0.733765 2.315189 6.666081 0.980474 0.541729 -1.103119 -1.675366 -0.168940 0.733115 0.751866 -0.049540 -0.387921 -0.278665 
167.863708 -17.000120 1.954862 -1.677915 0.321800 -1.931889 2.554989 -1.396773 0.726049 1.329603 -0.926166 -0.557764 0.312136 6.307481 6.181397 -0.904261 0.197873 -0.434773 -1.127914 -0.827210 0.418979 1.047706 -0.301231 -0.364330 0.238072 -12.196299 -0.885913 2.854649 0.678403 0.293480 -0.355266 1.401367 -0.134237 -0.191951 0.602123 -0.234608 -0.484333 
161.799652 -23.582212 3.401306 -0.017239 1.246269 -1.566184 2.733442 -1.017560 0.666943 1.445592 -0.875521 -0.527655 0.497783 -13.520708 3.210642 1.175738 0.071504 1.122223 -0.302893 1.466053 -0.386626 0.180938 0.879784 -0.584896 -0.234901 -9.405231 -1.875223 -0.426977 -0.237711 1.394824 0.437587 0.649978 -0.257260 -0.157572 0.296101 -0.121012 -0.022679 
146.027786 -44.041536 8.376146 0.673561 0.464808 0.312556 1.949203 1.535334 -0.047203 1.691479 0.833403 -1.727555 -0.157665 -12.502981 2.430950 -1.758215 -0.277549 2.354874 -0.252740 0.472746 -0.095541 0.732563 0.290972 -0.606354 0.192714 7.590904 -1.091983 -1.138935 0.481580 -0.135438 -0.418447 -0.843204 0.359961 -0.249035 -0.524193 0.604928 0.204247 
149.367615 -48.588174 8.263205 -3.533670 0.691172 3.143565 2.227963 -0.072068 0.475861 2.910718 -0.293578 -1.740363 0.883211 1.661100 1.026676 -1.102133 1.034664 0.851347 -1.139786 -0.220355 0.333297 -0.317133 -0.168602 0.624960 0.173594 8.779623 -1.110233 0.668368 0.654200 -1.662557 -0.316120 0.488684 0.008604 -1.003105 -0.024261 0.741548 -0.295136 
137.554825 -40.719335 10.429497 -1.530705 2.534136 2.015250 -0.330369 1.094624 0.619391 1.057212 0.496199 -0.477634 0.189523 5.056264 0.210484 -0.421479 1.030851 -0.970239 -0.884979 1.450114 -0.078332 -1.273648 0.242449 0.876742 -0.397557 0.636924 -2.851492 -0.718661 -0.799959 -0.893976 0.728677 0.183199 -0.082219 -0.208239 -0.284818 -0.131695 -0.116695 
142.658844 -38.475646 8.684174 -4.376628 2.752874 1.203086 0.458005 2.828160 0.319197 0.363422 0.191321 0.013121 0.088097 2.934948 -4.676309 -2.539455 -0.565255 -0.936605 0.317568 0.146043 0.168860 -0.733611 -0.738239 0.361569 -0.059795 -2.107499 -1.234748 0.800666 -0.281094 0.462160 0.687884 -0.837588 -0.020729 0.384503 -0.235930 -0.495173 -0.057596 
144.583282 -34.849440 1.076878 -6.609615 1.403626 0.142041 0.304767 1.386711 0.957111 -0.410010 -0.980278 0.245505 0.069933 0.841265 -2.259012 1.179853 0.468664 -0.045919 0.490790 -0.225062 -0.119790 -0.504642 -0.229411 -0.113603 -0.512748 -2.673196 4.070143 2.906832 0.892667 0.837286 -0.105845 0.002910 -0.264292 0.230970 0.490244 -0.417001 -0.039676 
162.929001 -36.793116 4.166150 -2.016921 3.690202 1.111248 1.439585 2.378035 0.079616 -0.645862 -0.267500 -0.214085 -0.937399 -2.411444 3.463977 3.274210 1.220080 0.737967 0.105879 0.151864 -0.359724 -0.271671 0.242250 -0.472433 -0.139148 -1.301642 2.101361 -0.255952 0.090185 0.155569 -0.664369 0.166532 -0.041750 0.096974 0.156189 -0.024912 0.402339 
168.518402 -39.672329 8.004831 -0.061195 3.843787 1.617975 0.516525 1.690439 0.237662 -0.953353 -0.495778 -0.699361 -0.208363 -1.762018 1.943710 0.667949 0.649034 0.265219 -0.837948 0.108003 -0.203289 -0.310695 0.082967 -0.163427 0.291931 3.342834 -2.123237 -2.709629 0.078319 0.026981 -0.192511 -0.210207 -0.352399 0.365958 0.473938 0.229536 -0.201742 
168.833450 -40.317152 8.053570 -0.681023 4.988270 1.641686 -0.236310 2.594040 -0.326962 -1.267251 -0.101566 -0.540939 -0.353538 4.274224 -0.782497 -2.145048 1.376718 0.791930 -0.279143 -0.268551 -1.064521 0.460245 1.190126 -0.013362 -0.542631 3.596885 -1.872625 -0.702850 -0.071151 0.324736 0.606132 -0.689841 -0.054596 0.585146 0.305764 0.031934 -0.278585 
172.696808 -31.123880 6.439838 -4.351291 6.597223 3.201835 -0.041761 1.153337 -1.891381 -0.032862 1.884473 -0.726084 -1.293626 5.431752 -1.801540 -0.737751 0.506732 0.914691 0.374317 -1.271680 -0.312480 0.859596 0.694495 -0.099558 -0.265240 -2.563575 -0.270762 1.954695 -0.826973 -0.154760 0.413222 -0.096398 0.747301 0.022970 -0.737157 0.202391 0.520456 
166.285217 -29.453649 4.450491 -2.156524 6.001735 3.471068 0.512324 0.050681 -0.951922 0.451941 1.287423 -0.740056 -0.884017 -0.852925 -1.324022 1.764342 -0.277228 0.482410 0.547301 -0.461347 0.430082 0.506185 -0.284187 0.391421 0.498282 -4.951287 1.010039 0.665831 -0.598142 -0.204134 0.328236 0.985918 0.171950 -0.336295 -0.429968 0.435297 0.356623 
154.791870 -32.829730 3.791794 -0.822608 6.042766 4.166655 1.052841 0.230643 -1.031218 0.979508 1.316099 0.056758 -0.297063 -4.470823 0.218538 0.593912 -0.689551 0.506423 1.030788 0.700157 0.031419 0.187006 -0.165441 0.771036 0.448007 -1.910262 1.130898 -0.496413 -0.539772 -0.276417 0.314160 0.338703 -0.352852 -0.304340 0.064759 0.164600 -0.114211 
140.581009 -38.395295 4.887566 -0.968699 4.622632 4.483913 2.573900 1.450994 -0.889084 0.825953 0.956541 0.802015 0.011997 -4.673450 0.937775 0.771516 -1.356772 -0.070423 1.175621 0.216059 -0.275623 -0.102494 -0.154670 0.720620 0.269860 1.717695 0.274865 -0.058449 0.035014 -0.302215 -0.553166 -0.393198 -0.224667 0.096311 0.133679 -0.318509 -0.198143 
132.966537 -42.176629 5.667343 0.720425 3.329222 4.025809 3.404084 0.662760 -1.582463 0.774520 1.006760 1.497998 0.242657 -1.035434 0.768267 0.477015 -0.619523 -0.098007 -0.075543 -0.086239 -0.417915 0.379628 0.101918 0.134018 0.051722 3.327943 0.097303 -0.682715 0.652898 -0.306981 -0.898762 0.516784 0.281580 0.097335 -0.050115 -0.708518 -0.101040 
134.083649 -40.466163 6.424099 -0.014670 3.383587 4.287899 2.422814 1.278516 -1.724913 1.585209 1.160376 1.070052 0.115440 1.982437 1.132380 -0.593914 -0.050977 -0.684385 -0.621902 1.249627 0.287536 0.092176 -0.254899 -0.696417 0.067781 0.661159 0.342674 0.355426 0.254118 -1.120965 -0.513779 0.669877 0.761542 -0.185192 -0.391208 -0.627044 -0.006886 
140.876587 -38.211756 7.932103 -0.467403 3.227268 2.657039 2.160279 3.162014 -1.007391 0.958872 0.496961 0.105165 0.378218 0.286883 1.453614 1.187866 -0.111287 -2.339938 -1.103101 1.253514 1.105170 0.009243 -0.680498 -1.120070 0.037950 -3.732324 -0.362067 1.504021 -0.217639 -0.257686 -0.412249 -1.231487 0.543395 0.264560 0.168933 0.442788 -0.129553 
151.370758 -39.892396 9.331327 2.361062 3.161013 -0.391977 0.216613 3.785544 0.485428 1.603696 -0.200620 -1.170088 0.191339 -5.482211 0.408245 2.414128 -0.486255 -1.199757 -1.446400 -1.213348 1.374326 0.621296 0.082966 0.189158 -0.191325 -3.275334 -1.044387 -0.105126 -0.204233 0.925704 0.606492 -0.893705 -0.370534 -0.306463 0.326973 0.490046 -0.192451 
148.142303 -49.176179 8.748594 4.360852 2.254758 0.257526 -0.732521 0.735318 1.741262 2.201464 0.662894 0.483482 -0.004432 -6.263784 -0.635160 0.977614 -0.519754 -0.488530 0.109884 -0.533895 0.364102 -0.603682 -0.026551 -0.139978 -0.346953 5.363583 0.416132 -1.790159 0.220160 0.171035 0.960522 1.320031 -0.939326 -1.023542 -0.356573 -0.386399 0.251312 
130.331451 -52.419965 8.061007 4.316291 2.121505 -1.369037 0.436381 2.717755 1.213631 0.396332 -0.253722 -1.450044 -0.502566 5.244955 1.240510 -1.166190 -0.045936 -0.857688 0.474644 1.426713 -0.504326 -1.425788 -0.630179 -0.583640 0.311298 5.257735 0.123578 -1.146535 0.785075 0.310421 -0.016604 0.623413 -0.582349 0.190901 -0.047750 0.265605 0.427761 
127.195892 -38.686269 11.229613 2.028472 2.162887 -1.457850 0.216767 3.588744 0.732610 -0.650112 -0.597464 -0.683797 0.618165 4.251685 -0.388005 -1.315456 1.050397 0.132313 0.076677 0.712932 -0.800597 -0.221880 -0.122051 0.391232 0.508570 -3.720197 -3.675077 -0.737748 0.673103 0.103549 0.523227 -0.448152 -0.018692 0.758671 0.473051 0.403949 -0.495689 
124.126930 -43.916595 7.284998 1.685379 4.222298 -1.104412 0.589735 4.143618 -0.387562 -0.047428 -0.497824 -0.667579 0.514574 -2.195439 -6.109645 -2.641686 1.300271 -0.650590 1.521097 0.530410 -0.541711 0.091554 0.315922 0.224258 -0.680080 0.042299 0.068434 0.644859 -0.735741 -0.723182 -0.260700 -1.001635 0.460610 0.290850 0.135139 -0.102012 -0.639523 
157.311295 -43.077147 -0.989678 -3.254900 4.763428 -2.759030 3.258961 4.649564 -0.350811 -0.467003 0.034379 -0.235280 -0.741996 4.336284 -0.251136 -0.025738 -0.421085 -1.314052 -0.444723 -1.290338 0.120622 0.359820 0.148226 0.187208 -0.770476 2.566910 6.095714 3.012135 -1.566828 0.222857 -2.121824 -1.399849 0.893058 0.179075 -0.367371 -0.114613 0.332610 
232.898499 -35.244027 6.782726 1.633902 3.380128 -3.732516 -0.299711 1.562941 -0.146317 0.672211 -0.201371 -0.293164 -1.026378 2.938380 6.081782 3.382585 -1.833386 -0.204875 -2.722551 -2.269288 1.244406 0.449704 -0.418821 -0.004967 -0.014859 -2.851895 1.584738 0.301289 -0.637845 1.255060 -0.261293 0.320582 0.517768 -0.311603 -0.223398 -0.196298 0.477269 
151.810059 -37.200386 11.173887 3.510270 1.096656 -3.168780 -2.186142 0.110988 2.138000 0.432405 -0.803262 -0.245214 -0.771715 -1.367507 2.918340 0.576840 -1.696774 1.196067 -0.967309 -0.649174 1.156159 -0.263387 -0.298569 -0.205388 0.184063 2.868377 -5.275225 -3.052485 0.755664 0.801538 1.937147 0.820243 -0.904765 -0.004572 0.357146 0.175452 0.044833 
154.151978 -37.979041 12.619405 2.787583 -0.013421 -1.340383 -2.234329 0.264594 2.166001 0.145437 -0.798510 -0.703940 -0.658253 8.675134 -4.468668 -2.722385 -0.322057 1.398200 1.151742 -0.628802 -0.565124 0.440559 0.295471 0.345938 0.074806 3.924703 -4.079068 -1.113889 1.093801 -0.184543 1.150463 0.110767 -0.769462 0.541479 0.431795 0.480864 0.001252 
152.980942 -19.850117 2.236551 -1.934500 0.452542 -0.372380 0.117343 -1.146617 1.007752 1.313524 -0.212319 0.446661 -0.622102 6.481898 -5.239796 -1.650938 0.490828 0.826981 1.333616 -0.427639 -0.382765 0.819571 0.565022 0.756341 0.186566 -10.051447 2.321566 1.549446 2.160235 0.858931 -0.396601 0.606808 0.538015 -0.244324 0.048524 -0.569859 0.074979 
73.866295 -25.015245 2.139813 -0.514294 0.968236 0.313578 0.432903 -0.590684 1.400470 1.784579 0.331533 0.808742 -0.285120 -11.427760 0.174463 0.376506 3.998414 3.116063 0.358540 0.584814 0.510905 -0.048089 0.392519 -0.793780 0.224765 -8.235941 2.854813 0.612935 1.243051 1.316664 -0.455768 0.347518 0.156174 -0.570627 -0.193749 -0.633509 -0.143100 
139.999817 -42.705636 2.585478 -1.181488 8.449370 5.859745 0.834422 0.023011 2.029562 1.217346 0.572719 -1.140899 -0.172572 -9.989984 0.469831 -0.425068 2.976929 3.460308 0.422079 0.267398 -0.070417 -0.321682 0.177523 -0.510678 -0.099633 5.078895 -0.878317 -1.230079 -2.911439 -1.784107 0.148884 -0.276452 -0.900375 -0.126280 -0.141906 0.735400 -0.041374 
133.202026 -44.995213 3.079475 -1.364431 6.922095 7.234195 1.277062 -0.055888 1.259636 1.141215 0.686580 -0.212615 -0.484386 -1.269970 -1.582171 -2.083652 -1.824464 -0.452151 0.656307 0.031910 -1.289845 -0.300650 0.108708 0.677020 0.142017 8.232260 -2.684506 -1.357686 -2.785045 -3.170997 -0.263351 -0.121477 -0.718126 0.065070 -0.003304 0.344274 0.285479 
128.938721 -45.245577 -0.578864 -5.348792 4.800441 4.955444 2.147035 0.086830 -0.550129 0.616046 0.790134 0.213140 0.111463 6.474536 -4.899181 -3.140440 -2.593161 -2.881685 -0.104623 0.024444 -1.506669 -0.191542 0.170915 0.177870 0.471326 4.329616 -0.297673 0.853170 -0.279720 -0.809288 -0.046815 0.355285 0.467942 -0.105664 -0.400405 -0.531499 -0.159511 
0.000000 -32.046142 -6.718887 -7.645312 1.735772 1.470824 1.067817 -0.007001 -1.753703 0.758131 1.028410 0.143125 0.458266 7.389262 -2.177516 -0.377311 -2.383905 -2.070726 0.562677 0.742481 -0.353961 -0.511978 -0.692103 -0.385978 -0.177004 -3.606666 3.927393 2.013586 0.952111 0.435682 0.041568 0.024590 0.667936 0.189995 -0.518972 -0.545061 -0.398906 
0.000000 -30.467054 -4.933896 -6.103415 0.032632 0.813993 3.272388 1.571791 -1.258050 -0.407910 -0.594072 -0.558815 -0.242545 -0.738797 2.955605 0.886733 -0.688939 -2.010322 -0.021487 0.073623 -0.170798 0.188448 -0.867028 -0.912252 -0.326487 -3.561251 3.891251 0.970971 1.870837 0.077580 -0.786886 -0.745307 0.005443 0.712610 0.400034 0.205336 0.195370 
0.000000 -33.523737 -0.807677 -5.871846 0.357894 -2.549819 1.024843 0.140245 -2.095300 1.135027 -0.705647 -1.681379 -0.194708 0.266760 5.604985 1.564631 1.357769 -1.915566 -1.011095 -0.748134 -0.343074 0.913241 0.107964 0.024694 0.213736 1.728709 0.670779 -0.196602 0.755028 1.669670 -0.126993 -0.418677 0.301708 -0.008425 0.535346 1.030111 0.110283 
159.583130 -29.933533 6.276073 -2.974153 2.748171 -3.017139 1.250199 0.075524 -1.944199 1.418573 -0.378143 -0.509426 0.184928 2.718621 4.297162 0.493529 0.821118 1.329018 -0.275473 -0.763731 0.432617 0.171598 0.203664 1.147969 -0.105921 -0.579770 -3.105432 -0.819172 -0.132464 2.282122 0.250185 0.182661 0.449490 -0.472882 -0.068163 0.202702 -0.503658 
140.843552 -28.086495 7.786647 -4.884789 2.000129 0.108217 0.473896 -1.387217 -1.230066 1.478224 -0.298319 0.614559 -0.406551 -0.892779 -0.605880 -0.073713 1.092841 2.648678 -0.510725 -0.382812 0.555905 -0.032522 -0.028362 0.430099 -0.793579 -2.736282 -5.655933 1.400540 0.667610 -0.298257 0.645354 0.640683 0.144487 -0.334812 -0.007047 -0.963733 -0.053021 
129.641617 -31.719092 5.064312 -3.121580 4.933852 2.280216 0.228749 -0.690101 -0.832389 1.353528 -0.434866 0.350772 -1.402230 -2.753944 -7.014704 3.294609 2.156337 0.732505 1.015235 0.517636 0.721591 -0.498026 0.189570 -0.779497 -0.211963 -0.572536 -4.752145 1.142973 0.253840 -1.339440 0.936577 0.410577 0.054713 -0.323221 0.249834 -0.350085 0.544916 
125.317001 -33.594383 -6.242761 1.704429 6.312803 1.573226 2.504365 -0.351944 0.213116 0.482172 0.080821 -0.944434 -0.830476 -2.037852 -10.110171 2.212232 1.600521 -0.030203 1.362429 0.438341 0.665330 -0.678965 0.471305 -0.270071 0.296253 0.838774 0.653173 -2.521359 -1.149844 -0.682835 -0.877792 -0.212909 -0.462009 0.086979 0.258626 0.837553 0.255148 
0.000000 -35.794795 -15.156029 1.302884 8.134895 2.219810 2.953608 0.186581 0.498271 -0.004401 0.507744 -0.189371 -0.809724 -1.076396 -5.708358 -1.748109 -0.143350 -0.633165 -0.740350 0.091819 -0.202427 -0.324069 0.706823 0.895609 0.298333 1.169123 4.915656 -1.951346 -1.115022 -0.343813 -0.797001 -0.334737 -0.477594 0.262493 0.133082 0.206170 -0.064085 
0.000000 -35.747175 -17.659477 -1.791790 6.026102 0.306896 1.023664 -0.168306 -0.191738 -0.165965 1.494468 0.846785 -0.233809 0.300395 -0.278858 -1.690460 -0.629523 -0.717830 -0.231573 -0.231133 -0.289858 -0.153979 0.737469 0.142268 0.168082 0.630140 5.473808 1.473165 0.956178 0.748779 0.602546 0.007586 0.390219 0.341890 -0.492191 -0.855701 -0.109779 
0.000000 -35.194006 -15.713746 -2.078036 6.875849 0.784151 2.490462 -0.275685 -0.081446 -0.312358 1.982683 0.095166 -0.473560 0.183884 5.239258 1.198222 1.769006 0.864392 0.464742 0.106992 0.578010 0.359712 -0.277558 -0.815793 0.078775 0.436923 4.127381 1.068083 0.926820 1.086806 -0.589648 0.386792 0.328618 0.473960 -0.756096 -0.298149 -0.259202 
142.878601 -35.379407 -7.180960 0.604654 9.564114 2.035680 1.953148 0.045677 0.964282 0.553458 0.939352 -0.784802 -0.076259 1.174240 7.975904 0.445705 1.224117 1.455781 -1.410868 0.542452 0.367377 0.793941 -0.774722 -0.454029 -0.350322 0.716975 -0.533411 -0.892212 -1.395280 -0.504945 -0.568679 -0.017758 -0.307871 -0.129178 -0.156603 0.538394 -0.256015 
146.585999 -32.845527 0.238062 -1.186626 9.324082 3.695714 -0.331274 0.809219 0.653309 1.275525 0.433239 -0.812892 -1.174203 1.617834 4.172436 -0.586202 -1.021554 -0.145498 -0.672615 0.071476 -0.037731 0.101355 -0.590764 0.260995 -0.433255 0.297941 -3.380267 -0.298703 -2.341188 -2.537144 0.710167 -0.290233 -0.166486 -0.594572 0.190191 0.408844 0.403079 
153.868698 -32.143739 1.163912 -0.567751 7.521005 1.744683 0.607918 0.188630 0.888819 0.756168 -0.242177 -0.262812 -0.942769 1.770121 1.215369 -0.151701 -3.458259 -3.618507 0.009465 -0.038015 0.034405 -0.395202 -0.394341 0.363660 0.455836 -0.099303 -1.709996 0.062532 -0.767583 -1.248747 0.106242 0.100401 -0.022809 -0.118439 0.267066 -0.086188 0.386687 
149.620422 -29.305285 2.668800 -1.490028 2.407565 -3.541301 -0.312343 0.733189 0.722119 0.485121 -0.355442 -0.085573 -0.262531 1.419227 0.752444 -0.461138 -2.556720 -2.642992 -0.460130 0.272279 -0.083350 -0.135524 -0.056633 0.088620 0.340119 -0.175447 -0.231463 -0.154719 0.450769 0.487758 -0.234798 0.155147 -0.058878 0.129839 0.168854 -0.137520 -0.057858 
