231.919647 -42.121726 -6.056839 -6.520057 6.273607 4.284287 -1.751868 1.816596 -0.058618 1.416074 1.815519 -0.324856 0.681441 7.125628 -0.455385 0.328494 0.138608 0.599417 0.350668 -0.002053 -0.559915 0.416474 -0.384046 -0.143826 -0.345505 1.067490 1.411060 -0.211221 -0.816754 -0.154472 0.251545 0.135817 0.067595 -0.159409 -0.135729 -0.066357 0.087847 
306.270050 -27.870470 -6.967610 -5.863070 6.550823 5.483121 -1.050533 1.812490 -1.178449 2.249022 1.047427 -0.612508 -0.009569 9.260607 2.366735 -0.093948 -1.494899 0.290473 0.853758 0.269581 -0.424726 0.097656 -0.655505 -0.276540 -0.169811 -3.562882 2.847603 -0.036239 -1.055808 -1.059625 -0.150494 0.249604 0.711437 -0.288732 -0.020417 0.182537 0.395170 
150.372742 -23.600512 -1.323370 -6.707953 3.283809 4.865233 -0.044353 2.355757 -0.908070 1.611385 0.504509 -0.877936 0.341820 -0.000136 5.239820 0.256015 -1.973008 -1.519834 0.049680 0.497155 0.862958 -0.160989 -0.424880 0.221248 0.444836 -7.890866 0.421657 1.105971 0.882514 -0.319853 -1.198608 -0.752533 0.691507 -0.149924 0.223663 0.469105 0.229255 
147.355789 -27.870742 3.512030 -5.351040 2.604807 2.443453 -0.951172 2.806801 0.547468 1.927043 0.197666 -0.170012 0.880102 -6.521125 3.210048 2.117993 0.270129 -0.349234 -1.543457 -1.235486 0.958288 -0.202192 -0.208179 0.661670 0.288700 -3.102362 -2.742384 1.252094 1.976165 1.443785 -0.543231 -1.240799 -0.252180 -0.436809 -0.006166 -0.017547 -0.238286 
138.180008 -36.642761 5.096727 -2.471966 3.824067 4.166765 -3.131268 -0.115214 1.008506 1.207001 0.088152 0.445405 0.919219 -6.204860 -0.244948 2.760202 1.979321 1.367735 -1.036782 -1.984443 0.358598 -1.034608 -0.437213 0.186154 -0.031736 1.625727 -1.663264 0.156667 0.826928 0.086297 0.512629 0.569911 -0.610061 -0.411722 0.054998 -0.476078 0.033348 
130.571671 -40.280462 3.022133 0.169365 6.563449 5.178924 -3.024735 -1.162085 1.264664 -0.142173 -0.676761 0.202297 0.816631 -3.269671 -0.116480 2.431327 1.923986 -0.176641 -0.518200 -0.095663 -0.261833 -1.025635 -0.098183 -0.290485 0.355396 4.118518 0.772641 -0.746236 -0.822029 -1.419488 -0.352137 1.334258 -0.309909 0.728984 0.782232 -0.026191 0.156578 
120.379845 -43.182102 4.863766 2.390688 7.672039 3.813483 -4.167668 -0.306541 0.484839 -0.844269 -0.108213 -0.135566 1.630011 2.032176 1.300334 1.267731 0.335264 -1.471240 -1.741055 0.684073 -0.261219 0.423360 1.127251 0.133773 0.281420 4.266239 -0.168466 -1.563898 -1.642337 -0.522952 -0.459701 0.802322 0.367159 1.320624 0.153678 0.183120 -0.510345 
109.407417 -36.216110 5.622802 2.704827 7.233976 2.236443 -6.506845 0.206061 0.742226 0.704548 1.577742 0.469842 1.379472 5.262808 -0.453413 -0.696469 -1.360687 -1.222546 -1.437603 1.508981 0.472484 1.615613 0.209173 0.075756 -0.665294 -1.600970 -1.651350 -1.449349 -0.781391 0.366919 1.371971 0.221813 0.460071 0.176821 -0.833861 -0.437665 -0.472292 
0.000000 -32.656487 3.956940 0.997750 4.950665 1.368392 -7.042874 2.711421 1.429808 2.386957 0.310133 0.015946 0.299424 -1.169765 -2.002366 -1.630967 -1.227519 -0.737403 1.002886 1.127698 0.658923 0.777002 -0.540470 -0.741558 -0.663164 -5.288736 -3.554907 -0.551480 -0.712054 0.723767 2.450331 -1.233024 -0.324435 -1.418901 0.133834 0.019368 0.296755 
97.703598 -38.555639 1.618070 -0.557107 4.778939 0.761637 -4.501072 2.461457 2.060072 2.258552 0.496802 -1.013273 0.053143 -5.314664 -7.563226 -1.799429 -2.784796 0.224989 3.463060 -0.957067 -0.176387 -1.222190 0.476841 0.114491 -0.071784 3.630099 -0.827172 0.794284 -0.349323 0.295954 0.364230 -0.511287 -0.199442 -0.807563 0.247119 0.431686 0.357661 
0.000000 -43.285814 -11.169512 -2.601107 -0.618928 1.818369 -0.116754 0.797287 1.077034 -0.057423 1.263815 0.244928 0.155856 6.090432 -3.656710 -0.042399 -1.926164 -0.145494 1.731346 0.105123 0.260038 -0.838124 -0.046233 0.121814 0.052159 6.242232 6.228313 1.689259 2.255614 -0.580437 -2.538788 0.888282 0.629754 0.764744 -0.169828 -0.088737 0.260243 
0.000000 -26.374774 -5.695349 -0.641906 0.926611 0.470649 -1.038380 2.671703 2.580148 0.582304 0.404335 -0.769645 0.157460 7.169801 4.893400 1.579090 1.726431 -0.935885 -1.614516 0.819498 1.083121 0.307299 0.137184 -0.062983 0.448702 -5.861488 3.767511 0.746828 2.052389 0.067156 -1.700685 -0.395446 -0.255884 0.095360 0.112961 0.274402 0.035547 
396.542480 -28.946212 -1.382711 0.557072 2.833934 -0.053400 -3.345787 2.436283 3.243276 0.557176 1.538183 0.118963 1.053260 -5.632544 3.878311 1.451257 2.178614 -0.011183 -1.670024 -0.685769 -0.251731 -0.647405 0.179690 0.670618 0.123253 -9.343794 -2.221750 -0.398354 -1.023125 0.997757 0.672206 -1.167335 -0.930991 -0.833687 -0.000935 0.076985 -0.644997 
136.436905 -37.639862 2.061273 2.260608 5.283839 0.448284 -4.378429 1.300164 2.076687 -0.712505 0.763715 0.571590 0.403967 -11.517788 0.449901 0.782382 -0.319820 1.059630 -0.270105 -1.515171 -0.778861 -1.360074 0.135314 0.090988 -0.841292 -2.850728 -4.273082 -1.368863 -2.843074 0.695746 1.944597 -0.649440 -0.157548 0.155950 0.388633 -0.683421 -0.334300 
270.521759 -51.981788 -0.482910 2.121836 2.194295 2.065859 -3.885997 -0.594059 1.685554 -2.162973 1.808811 0.300939 -0.629324 -11.333999 -4.667854 -1.286468 -3.507534 1.380308 2.219169 -1.984650 -0.566826 -0.335505 0.956956 -0.696225 -0.545346 6.904078 -3.815589 -2.014967 -0.320638 -0.706447 1.301114 1.261978 -0.079731 0.769293 -0.308869 0.070709 0.421895 
138.114990 -60.307860 -7.274434 -0.312327 -1.731229 3.208900 0.059910 -2.669136 0.943035 -1.383514 2.677626 -0.820859 -0.686726 2.290369 -7.181277 -3.247551 -0.961096 -0.353265 2.332123 1.008786 -0.938322 0.178512 -0.482424 0.232407 0.002498 11.207490 -1.456230 -0.387144 2.871175 -1.194087 -1.168789 1.408043 0.133920 0.686748 -1.269442 0.604107 0.446982 
0.000000 -47.401049 -14.845463 -4.373267 0.272104 1.359330 0.778249 1.423513 -0.191091 -1.805950 0.843963 0.765753 -0.624329 11.080981 -7.580314 -2.060756 2.234816 -1.007866 -0.118409 0.831435 -0.298987 1.037992 -1.581929 0.511989 0.348617 2.694580 2.057047 2.181041 1.081636 0.026223 -1.243670 -0.549832 1.100632 0.309308 -0.193145 -0.316949 0.347352 
0.000000 -38.145897 -22.435062 -4.433840 2.738403 1.193168 -0.176908 -1.006266 0.345061 0.692470 -0.486231 0.203118 0.010508 7.679529 -3.067182 1.114531 1.202176 -0.300818 -0.155217 -0.090878 1.262942 0.797128 -0.868715 -0.401491 0.697201 -2.551823 7.463062 1.818976 -1.544984 0.579625 0.360244 0.383899 0.777955 -0.727701 0.527528 -0.419796 0.151385 
0.000000 -32.041991 -20.979827 -2.144204 2.676455 0.757693 0.467815 1.241757 2.334793 -0.211693 -0.893466 -0.037229 0.770073 5.977335 7.345810 1.577195 -0.855152 0.151384 0.602079 1.599233 1.256923 -0.417410 -0.526873 -0.327603 0.651388 -3.565313 5.996621 -0.161142 -0.928965 0.454675 0.224432 0.136150 -0.596950 -0.221482 0.429315 0.123782 -0.047741 
0.000000 -26.191227 -7.743442 -1.279449 1.028098 1.495936 1.027250 2.192200 2.858908 -0.142351 -1.539977 -0.452087 1.313284 0.548903 8.926059 0.792248 -0.655753 0.608531 0.293646 0.181422 0.069042 0.354164 -0.010084 -0.153927 0.601719 -5.442481 -1.556174 -0.717022 0.416787 -0.434370 -0.582058 -0.880788 -0.888135 0.388780 0.296547 -0.042168 -0.157682 
124.265732 -30.944185 -3.127708 -0.559708 1.364948 1.974755 1.055107 1.604600 2.472877 0.496635 -0.913634 -0.345084 1.973512 -4.907626 4.233462 0.143152 -0.021578 -0.717357 -0.562037 -0.162342 -0.519346 0.360150 0.066221 -0.411938 0.336024 0.809307 -2.417624 -1.179512 0.440576 -0.979240 -0.782334 -0.073157 -0.566179 -0.497512 -0.146693 -0.127588 -0.568852 
119.809898 -36.006480 0.723483 -0.993144 0.984942 0.061223 -0.096825 1.867516 1.820216 0.577950 -1.407535 -1.275963 1.985332 2.167516 4.090811 -1.566776 0.225399 -1.349949 -1.271022 0.035109 -1.063316 -0.640860 -0.303471 -0.409103 -0.535984 4.732690 -0.588757 -1.234783 0.498344 0.008680 -0.310848 -0.337019 -0.257370 -0.290123 0.226549 0.050400 -0.676710 
120.731293 -26.609153 5.053914 -3.693260 1.815746 -0.725142 -1.486937 1.674817 0.346245 -0.785084 -1.520576 -1.163289 0.901544 4.557754 3.055948 -2.326413 0.975110 -0.699996 -1.183734 -0.836381 -1.034086 -0.220096 0.519318 -0.311137 -1.017396 -1.668288 -1.367201 0.432393 0.596637 0.258934 0.204501 -0.238779 0.203783 0.741317 0.524672 0.056540 0.059533 
121.298370 -26.890973 6.835379 -5.645970 2.935161 -1.338769 -2.464293 0.194754 -0.247956 0.137759 -0.368899 -1.898238 -0.049461 -1.169060 1.356409 -0.701991 1.418673 -0.832080 -0.862021 -0.442449 -0.655750 0.841775 0.745873 -0.296023 -0.416917 -3.199236 -1.098882 1.717271 0.025897 -0.049193 0.245097 0.687181 0.415451 0.345303 -0.218065 0.340436 0.658167 
119.942490 -28.947272 7.766732 -5.097242 4.653093 -2.389302 -3.210978 0.789920 -0.965256 0.898467 -0.028829 -1.755335 0.067709 -1.840718 0.858185 1.108129 1.026905 -0.798383 -0.693541 0.537980 -0.203183 0.470509 0.083188 0.369735 0.298939 -0.871923 -1.126054 1.546358 -0.059219 0.477277 0.289015 0.455070 0.492446 -0.504557 -0.381059 0.294325 0.549263 
111.782646 -30.572409 8.551748 -3.429712 4.988971 -2.935534 -3.851376 1.270715 -0.654322 1.078778 -0.202522 -1.158768 0.548417 -2.912906 -0.895699 2.390725 1.300234 0.122474 -0.283991 0.467691 0.329141 -0.167338 -0.016245 0.292627 0.681608 -1.294022 -1.064276 0.797844 0.084134 1.018391 0.459887 -0.197560 0.154505 -0.459395 0.086474 -0.173754 0.012136 
108.361053 -34.773083 5.975335 -0.315793 7.253562 -2.144353 -3.778960 1.725301 -0.306974 0.563791 -0.061319 -1.170081 1.430925 -4.428762 -1.270367 2.703817 1.195172 1.238400 0.226233 0.142861 0.105827 -0.448280 0.256136 0.022227 0.323212 0.335668 0.384075 -0.487112 -0.586976 -0.003138 0.016676 -0.199813 -0.138193 -0.034706 0.407892 0.111696 -0.553249 
104.293282 -39.429934 6.011014 1.977922 7.379314 -0.458735 -3.398909 1.556436 -0.442668 0.182218 0.309750 -1.114314 1.194840 -2.241570 -0.127550 1.416501 0.126283 0.116199 -0.250639 0.068064 0.052756 -0.236750 0.799540 0.516019 -0.424889 3.654407 0.682022 -2.304821 -0.654769 -1.200624 -0.386202 0.263199 0.305709 0.627738 -0.151960 -0.139358 -0.302361 
101.239708 -39.256223 5.720236 2.517208 7.506128 -1.911955 -4.280239 1.861428 -0.201462 0.090290 1.537761 -0.138042 0.581148 2.880052 0.093677 -1.905825 -0.114366 -1.162848 -0.546170 0.669259 0.717246 0.807197 -0.047783 -0.256489 -0.281511 2.916246 -0.431265 -2.191884 -0.371684 0.059789 0.628416 0.304189 0.264013 0.510297 -0.932001 -0.856859 0.400477 
99.561981 -33.669829 6.198367 -1.833729 7.150583 -2.784432 -4.491250 2.894954 0.991825 1.796611 0.214184 -1.627293 0.631818 3.590922 -0.990080 -2.967268 -0.617086 0.235776 1.006192 0.676442 0.580782 0.783843 -1.064463 -1.197699 0.376064 -1.664846 -3.035938 2.434489 -1.515115 1.236873 1.255889 -0.774110 -0.013597 -0.667991 0.058571 0.146417 0.225822 
96.306084 -32.074378 3.740075 -3.417327 6.271956 -1.440402 -2.267855 3.214313 0.960103 1.657975 -0.591164 -2.533441 1.333276 -0.449639 -5.978199 2.963153 -3.144595 1.310898 1.965607 -0.878962 0.690052 -0.528785 0.069359 0.036345 0.170133 -4.074218 -4.065299 2.040167 -1.423648 0.207271 -0.268519 -0.979303 -0.173172 -0.678029 0.811299 0.720240 -0.299073 
0.000000 -34.569107 -5.758030 4.092577 0.861392 -0.162635 -0.560035 1.137030 2.371930 0.739042 0.352903 -1.554603 0.972083 -4.557514 -9.120677 1.113067 -3.464381 0.650318 0.469155 -1.282163 0.234439 -0.572214 0.558136 0.242782 -0.222083 -0.945575 3.262103 -3.198357 0.551853 -1.338108 -1.248314 0.227674 -1.113782 -0.077305 -0.040620 -0.191984 -0.128537 
0.000000 -41.189406 -14.501279 -1.191192 -0.656806 -0.139766 -1.329545 0.649987 1.428981 0.513547 0.525109 -2.047877 0.889111 -2.340788 0.546007 -3.433561 -2.040890 -1.365317 -0.531020 -0.423614 -1.537512 -0.683395 -0.011880 -0.347624 -0.086942 5.066537 9.269308 -1.669621 1.922127 -0.970772 -0.358756 0.366690 -0.558421 0.253903 -0.281484 -0.329939 0.012171 
0.000000 -39.250683 -4.666016 -2.774546 -3.220388 -2.893270 -1.622074 0.289803 -0.703095 -0.627749 0.329142 -2.249850 0.798199 5.575560 9.417939 -2.226174 0.379873 -1.291226 -0.248358 -0.548784 -0.882402 -0.064409 -0.004831 -0.417096 -0.197740 2.949301 2.650138 0.850851 2.149462 0.756459 0.066790 -0.034532 0.663374 0.654342 -0.082081 0.298747 -0.212540 
0.000000 -30.038287 4.334600 -5.643540 0.102939 -2.722219 -1.826261 -0.447581 -0.335823 0.384730 0.515447 -2.882069 0.493632 3.557814 5.846284 -1.731859 2.258034 0.147601 -0.397439 -0.492677 -0.210764 0.625289 -0.176042 0.249871 -0.512022 -3.995549 -4.276023 1.234935 0.184971 0.437253 -0.297236 0.196779 0.182916 0.274798 -0.126772 0.305745 -0.246887 
89.618095 -32.135055 7.026551 -6.238264 1.295679 -2.598068 -2.416952 -0.695550 -1.124623 0.622828 -0.022941 -1.750108 -0.225846 -2.415538 0.865893 0.243696 0.749814 -0.416720 -0.842830 -0.155226 -0.516571 0.485188 -0.258375 0.194394 -0.691514 -4.742375 -4.116145 1.452306 -1.667857 0.220152 -0.030916 0.226655 -0.004699 -0.334101 0.172773 -0.310912 0.271917 
0.000000 -34.869364 6.066386 -5.156147 1.602566 -3.555660 -3.511921 -0.758032 -1.368965 1.355106 -0.001302 -2.493281 -0.889396 -5.926936 -2.386005 1.172753 -1.077679 0.587905 -0.459271 -0.039366 -0.220162 -0.042913 0.169505 -0.371952 0.031811 -4.415653 -2.953849 0.421935 -2.297909 1.612862 1.081879 -0.214941 -0.011013 -0.763862 0.169688 0.410823 0.726817 
120.670464 -43.988928 2.254540 -3.892759 -0.859679 -1.422259 -3.335494 -0.774283 -1.564946 0.537002 0.316068 -2.494013 -0.162224 -11.246844 -5.041805 1.087567 -3.846004 2.809004 1.320927 -0.585109 -0.538597 -1.042537 0.081002 1.016040 0.762120 -0.966523 -0.339805 0.344061 -0.111923 0.693568 1.562927 0.227355 0.177397 -0.204428 0.064923 0.960777 0.004555 
0.000000 -57.363051 -4.017224 -2.981013 -6.089441 2.062348 -0.870067 -1.928250 -2.446160 -0.729967 0.160702 -0.461202 0.634845 -7.859982 -3.065616 1.860875 -1.301526 1.975041 2.666582 0.415345 0.134632 -0.451768 0.299351 1.549601 0.040921 4.678639 2.871782 0.464712 3.530616 -1.769329 -0.474617 0.790088 0.994414 0.710648 -0.073606 -0.406866 -0.475406 
0.000000 -59.708891 -3.876691 -0.171008 -3.462730 2.527824 1.997671 0.056407 -1.295681 -0.366535 0.914769 0.605190 -0.080382 -1.889565 0.701759 2.016990 3.215228 -0.729654 0.371693 0.995066 1.450231 0.378759 -0.066209 0.202307 -0.188691 0.740292 0.567522 -0.791530 0.843019 -0.938137 -1.564211 -0.352710 0.318398 0.224632 -0.191994 -0.985437 0.080179 
126.599960 -61.142181 -2.613707 1.052967 0.341015 0.603040 -0.126681 0.061883 0.454302 0.027550 0.028284 -0.056587 0.257462 -6.379397 -1.930573 0.277815 0.384512 0.098767 -0.461840 -0.290076 0.771427 -0.002504 -0.084638 -0.421272 0.201278 2.795582 -0.957024 -1.819408 -0.386198 0.741219 -0.181512 -0.365193 -0.731229 -0.268915 0.709691 -0.332639 0.010864 
0.000000 -72.467686 -7.737837 0.384622 -2.693706 2.725359 1.073991 -0.523744 0.247173 -0.371543 0.745493 -0.237355 0.322175 3.701600 -1.212289 -1.621826 2.442831 0.752784 0.008670 0.264681 -0.012227 -0.159072 1.353173 -0.462970 -0.166963 10.609543 1.470661 -1.476075 2.471438 0.044621 0.306019 0.495627 0.216743 -0.354987 0.643996 -0.311036 0.163464 
0.000000 -53.738982 -5.038285 -2.190684 5.226678 2.108607 -0.109341 0.591245 0.429848 -0.290594 2.734630 -0.982527 -0.076463 14.839688 1.010750 -2.674335 5.327388 0.188009 0.150199 0.701179 1.204913 -0.712478 1.203355 -1.043345 0.528206 0.823807 2.276944 -0.283987 -1.559468 -0.326602 -0.158032 -0.248840 0.443646 0.321720 -0.727379 0.067721 0.419309 
110.126457 -42.788309 -5.716337 -4.964047 7.961071 3.101377 1.374389 0.878614 2.656999 -1.796498 3.152202 -2.324045 1.378586 5.349214 3.341599 -2.189800 -0.676105 0.099580 -0.307395 -0.232999 0.875065 0.484368 -0.101586 -0.327529 0.671655 -7.915171 2.224301 0.652819 -4.321084 0.050847 -1.025756 -0.591184 -0.396653 0.850979 -0.897321 1.008052 -0.219298 
119.900261 -43.040554 1.644913 -6.570284 3.874468 2.307766 -0.724131 0.125247 2.179977 0.678143 2.531458 -1.637586 1.266848 -0.990654 5.459352 -1.368697 -3.314779 0.289702 -1.901313 -0.481189 0.411608 0.989479 -0.591288 0.972760 0.089609 0.505344 0.270278 1.397659 -0.202634 -0.624970 -0.662380 0.151764 -1.000220 -0.428536 -0.173328 0.043208 -0.479447 
125.341576 -44.769617 5.202367 -7.701441 1.331514 3.680781 -2.428237 -0.083764 3.480214 0.182460 1.969627 -0.378526 1.557805 6.359901 3.882154 0.605518 -1.081373 -1.150360 -1.632154 0.070529 -1.125375 -0.372703 -0.448243 -0.241114 -0.287239 5.184128 -1.609565 1.199304 1.367854 -1.569054 0.762136 0.585762 -1.446625 -0.476223 0.171871 -1.031905 -0.365688 
262.033203 -30.320751 9.409220 -5.359249 1.711722 0.007047 -3.988439 0.266305 -0.070773 -0.067263 1.634973 -2.119813 0.692370 9.377603 2.240221 1.029911 -0.579070 -2.848405 -0.377042 0.690334 -2.481643 0.037033 -0.247545 -1.091050 -0.641766 -1.812200 -2.021493 -0.710849 0.285908 -0.138547 1.031776 0.283575 0.071419 0.427620 0.099649 -0.032913 0.063782 
239.227005 -26.014412 9.682809 -5.641620 0.173374 -2.016029 -3.182321 1.296905 -1.483073 0.256527 1.474537 -2.560626 0.274272 2.735501 -0.160832 -0.816181 -0.509557 -1.427454 0.431398 0.637679 -0.982538 0.482536 -0.248945 -0.306940 -0.159674 -4.873022 -1.252027 -0.708534 0.121986 1.322374 0.233299 -0.496131 1.293603 0.126007 -0.067298 0.664324 0.329162 
98.315361 -24.849750 9.087556 -6.991611 0.692608 -2.847860 -3.125643 1.541663 -2.035849 0.897809 1.137084 -2.733692 0.373021 -0.368442 -0.263834 -0.387158 -0.335098 -0.203657 0.089556 -0.301928 0.105563 0.289046 -0.382141 0.237598 0.016557 -1.917809 -0.059297 0.640607 -0.001399 0.814886 -0.211080 -0.245137 0.580106 -0.271042 -0.032714 0.190475 0.095730 
0.000000 -26.751296 9.155141 -6.415936 -0.496822 -2.423344 -3.003209 0.693050 -1.271946 0.834619 0.710255 -2.085431 0.307386 -1.100117 -0.279425 0.465033 -0.512354 0.202319 0.009237 0.147405 0.177674 -0.059547 -0.314372 0.074010 0.031786 -0.869492 -0.065808 0.324135 -0.024236 0.279075 0.027119 0.178821 0.013171 -0.197022 0.183582 -0.198039 -0.044576 
0.000000 -27.049984 8.528705 -6.061546 -0.332100 -2.443223 -3.107169 1.836472 -1.680501 0.778715 0.508339 -2.585673 0.436592 -2.107425 -0.395450 0.261111 -0.383569 0.354493 0.143795 0.055715 0.131905 -0.104997 -0.014977 -0.158480 -0.072594 -1.920400 -0.477029 0.213032 -0.456042 0.287332 0.435203 -0.381772 0.160547 -0.136973 0.135777 0.218115 -0.075353 
91.960251 -30.966145 8.364241 -5.893713 -1.263961 -1.714357 -2.715620 0.804479 -1.008136 0.624626 0.680302 -2.402391 0.162198 -4.940917 -1.233484 0.891096 -1.424438 0.776983 0.879643 -0.616139 0.498769 -0.333494 -0.042819 0.510239 -0.118920 -2.449316 -0.992024 0.393763 -0.557109 -0.090663 0.244599 -0.220327 -0.030383 -0.048223 -0.064736 0.479169 0.143830 
90.634926 -36.931818 6.061738 -4.279354 -3.180976 -0.889256 -1.347882 0.604194 -0.682964 0.111728 0.422702 -1.565195 0.198753 -7.006057 -2.379498 1.048638 -1.497787 0.173168 0.632993 -0.384940 0.071140 -0.201444 -0.144450 0.799857 0.215066 -0.841541 -1.006139 -0.215674 0.734142 -0.470439 -0.639250 0.368830 -0.082519 0.596281 0.428714 0.016589 -0.063083 
154.711716 -44.978259 3.605245 -3.796438 -4.259534 -1.368021 -1.449635 0.034600 -0.865856 0.221739 0.391402 -0.802676 0.592331 -6.623998 -3.245761 0.459748 0.043847 -0.163895 -0.398858 0.121521 0.333730 0.859068 0.814610 0.543417 -0.245085 0.851111 -0.352782 -0.295172 1.326793 0.176346 -0.246517 0.016949 0.131705 0.272125 0.204491 -0.153518 -0.245258 
56.070560 -50.179815 -0.429784 -3.359859 -3.093282 -1.217047 -2.145598 0.847236 -0.015503 1.829863 2.051921 -0.478361 -0.291418 -5.303835 -3.085063 0.458294 1.155800 0.525860 0.139958 -0.351041 0.334550 0.342806 0.264533 0.492821 -0.275449 1.516892 1.302656 0.789988 0.994117 0.909730 1.069400 -0.059942 -0.104128 -0.689173 -0.748578 -0.101772 0.250668 
0.000000 -55.585930 -2.564880 -2.879850 -1.947935 -0.316301 -1.169719 -0.667481 -0.196757 0.907352 0.920467 0.182967 0.041432 -3.590215 -0.640449 2.039723 2.032082 1.655566 1.739942 0.001637 0.125473 -0.519279 -0.682546 0.339872 0.256251 -0.206140 0.962096 0.523755 0.211139 0.342205 0.525796 0.500920 -0.130371 -0.268070 -0.374300 -0.345383 0.075304 
0.000000 -57.360245 -1.710682 0.719588 0.970881 2.094084 1.334286 0.850510 0.235444 0.791306 0.686829 0.201384 0.221083 -5.716115 -1.160871 1.505805 1.578078 1.210269 1.191550 0.650799 0.073808 -0.193333 -0.484068 -0.197945 -0.124841 -0.002680 0.414085 -2.313320 -1.825442 -1.033308 -0.971420 -0.198470 -0.099593 0.045446 0.030109 -0.242693 -0.204774 
170.859024 -67.018159 -4.886623 0.131760 1.208222 2.104238 1.213381 0.634116 -0.049141 0.520687 -0.047668 -0.212923 -0.208250 -3.595575 0.187720 -2.586916 -1.618803 -0.411051 -0.202898 -0.395303 -0.073712 -0.428386 -0.622327 -0.145514 -0.153296 10.550098 1.834123 -2.521708 -1.007311 -0.777063 -0.022445 -0.074483 0.252191 -0.341361 -0.144161 0.430352 -0.043585 
146.057083 -64.551395 -1.335242 -4.454245 -2.266725 1.271983 0.928489 0.059904 0.088020 -0.065465 -0.557825 -0.089644 -0.085509 15.384082 2.507374 -3.537610 -0.436544 -0.343856 1.146661 0.501834 0.578190 -0.876054 -0.772390 0.662760 -0.212012 10.392229 0.764481 1.086604 1.816083 -0.051610 0.347506 0.440061 0.222391 0.300986 0.331354 0.380337 -0.019612 
0.000000 -36.249996 0.128125 -6.943461 0.335135 1.416526 3.506703 1.637783 1.107239 -1.231421 -1.592447 1.112596 -0.632273 17.188884 1.716683 -0.413709 2.013363 -0.514270 0.492114 0.484818 0.371071 0.173587 0.040380 0.615161 -0.192520 -6.172949 -0.761188 2.184254 0.574488 -0.121343 -0.971827 -0.402978 -0.358365 0.816310 0.665040 -0.324360 0.146437 
110.434578 -30.173627 2.098124 -5.281664 1.760000 0.243444 1.912717 1.029540 0.830162 0.281709 -0.477065 1.140677 -0.470549 3.038184 0.984999 0.830898 0.712433 -0.586541 -0.796993 -0.304122 -0.138539 0.756565 0.557691 0.014040 0.080862 -7.075350 -0.365842 0.622304 -0.650465 -0.036136 -0.644554 -0.394470 -0.254805 0.291489 0.258656 -0.300560 0.136691 
