189.533813 -16.753015 -1.679458 -4.463836 4.925522 1.986650 2.594244 -1.432679 -1.516575 -1.690416 -0.570045 -0.810336 1.350711 1.084975 -0.193820 0.519967 -0.449735 -0.625607 -0.456474 -0.164948 0.508910 0.140504 0.030084 0.019236 -0.008112 -0.272658 0.246185 0.079579 0.003012 -0.583361 -0.133721 0.137363 0.244981 0.256517 -0.146508 -0.269363 -0.011086 
183.656647 -14.583065 -2.067098 -3.423902 4.026051 0.735436 1.681296 -1.762574 -0.498755 -1.409408 -0.509876 -0.771864 1.334487 0.539659 0.298549 0.679124 -0.443711 -1.792329 -0.723915 0.109778 0.998871 0.653538 -0.262932 -0.519490 -0.030283 -1.108224 0.490042 -0.186823 0.427631 -0.463383 0.037988 0.226957 0.146406 0.291121 -0.126024 -0.161819 -0.106777 
180.539459 -15.673697 -1.082359 -3.105587 4.038100 -1.598008 1.146414 -1.213123 0.481167 -0.383340 -1.095909 -1.849316 1.290144 -1.131472 0.786264 0.146321 0.405526 -1.552374 -0.380498 0.288966 0.801722 0.722747 -0.221964 -0.304401 -0.221665 -0.654633 -0.123887 -0.136326 0.471353 0.812536 0.332446 0.068789 -0.394024 -0.035841 0.198388 0.244068 -0.140091 
178.022629 -16.846009 -0.494569 -3.131259 4.837104 -2.369312 0.920301 -1.184641 1.104690 0.036086 -0.953804 -1.380666 0.891157 -0.769607 0.050775 0.406473 0.498995 -0.167256 -0.059023 0.247356 0.210823 0.581856 0.133843 -0.031354 -0.310464 -0.825628 -0.604165 0.020503 -0.280790 1.001724 0.689307 0.097391 -0.777364 0.047756 0.031540 -0.108717 0.199778 
177.736206 -17.212912 -0.980809 -2.292642 5.036090 -1.932521 1.028369 -0.718410 0.902813 0.780373 -0.828223 -1.912024 0.669216 -2.782729 -0.422066 0.187327 -0.156054 0.451075 0.998116 0.483748 -0.753005 0.818260 -0.158884 -0.521836 0.177890 -1.467768 -0.335419 -0.383382 -0.518982 1.109944 0.756049 -0.326867 -0.846051 0.075934 -0.055558 0.092066 0.294838 
181.518677 -22.411467 -1.338701 -2.756606 4.524996 -1.467162 2.916533 -0.217145 -0.401320 1.672605 -1.271573 -2.424338 1.246937 -3.705143 -0.620063 -0.360292 -0.538969 2.052632 1.453076 -0.406378 -1.481279 0.733725 0.022727 0.152777 0.279212 2.294443 -0.419621 0.002896 0.213829 0.996649 -0.430615 -0.780107 0.054411 -0.700040 0.190072 0.624666 -0.130972 
181.410843 -24.623199 -2.220935 -3.013226 3.958151 2.172744 3.934522 -1.531166 -2.059745 2.247823 -0.782769 -1.606469 1.227639 1.806157 -1.261309 0.193119 0.271605 2.444373 0.136886 -1.076466 -0.644183 -0.581820 0.221259 0.727497 -0.084053 4.015575 -0.179097 0.506157 0.496272 -0.814703 -1.040404 -0.037549 1.006369 -0.943238 0.139126 0.149940 -0.245230 
184.216400 -18.799153 -3.861319 -2.370368 5.068206 3.421585 3.190305 -2.370076 -1.689685 0.508965 -0.829054 -0.969344 1.078830 4.326006 -0.978258 0.652022 0.453575 0.423226 -0.627731 -0.481477 0.531458 -1.152751 0.300978 0.452657 -0.211249 -0.070449 0.768762 -0.083833 -0.401146 -1.462504 -0.349779 0.580884 0.554858 0.048620 0.064438 -0.174087 -0.013327 
179.984787 -15.971187 -4.177451 -1.709181 4.865300 3.019196 2.679059 -2.494119 -0.996829 -0.057680 -0.180813 -0.701156 0.805142 1.665259 0.276216 0.025452 -0.530688 -0.480634 -0.562672 0.085302 0.465533 -0.484579 0.350135 0.379322 -0.110707 -2.048497 0.917101 -0.512976 -0.860069 -0.810564 0.063871 0.488485 -0.105785 0.226692 -0.251162 -0.142927 0.338190 
177.408585 -15.468634 -3.308888 -2.319464 4.006830 2.460317 2.064960 -2.199472 -0.758620 -0.460194 -0.128783 -0.210700 0.857417 0.229012 0.855944 -0.373929 -1.266564 -1.197902 -0.499990 0.495493 0.319888 -0.699367 -0.201345 0.166804 0.465131 -1.683835 0.672992 0.147516 -0.058755 -0.764398 -0.161756 0.230314 0.245363 0.127741 -0.575094 -0.323780 0.182401 
177.416092 -15.513162 -2.465563 -2.457039 2.332172 0.623391 1.679079 -1.503133 -0.357054 -1.456413 -0.583504 -0.367548 1.735404 -1.702410 1.622200 0.320485 -0.648197 -2.009430 -0.886184 0.545930 0.956258 -0.229097 -0.800053 -0.268237 0.254096 -1.266047 0.333664 0.995048 1.087430 -0.365996 -0.424794 -0.098784 0.556483 0.766082 -0.188969 -0.158973 -0.436680 
177.216034 -18.873454 -0.064488 -1.678495 2.710436 -1.558543 0.292593 -1.107611 1.153896 -0.918387 -1.728889 -0.747174 1.365610 -2.303081 1.523272 1.616168 0.908297 -1.929895 -1.349579 0.297925 1.432853 0.832798 -0.579283 -0.151142 -0.408230 0.676131 -0.877021 0.610803 0.996457 0.717938 -0.274574 -0.206170 0.076077 0.543120 0.576679 0.037665 -0.290941 
173.347916 -20.119325 0.580981 0.775297 4.148766 -3.236399 -1.020079 -0.907282 2.508653 0.209183 -1.742069 -0.669833 0.918944 -0.350147 -0.131842 1.542090 1.344717 -0.573554 -1.435331 0.133591 1.108412 0.857143 0.353305 -0.192906 -0.327785 0.397853 -1.005927 -0.603315 -0.262630 1.114569 0.469723 0.183484 -0.518969 -0.197386 0.144047 -0.002886 0.176277 
175.435806 -19.573748 -0.328172 1.405685 5.399870 -2.705652 -2.578069 -0.840428 3.370720 0.795900 -1.022278 -1.132987 0.710040 -1.507374 -0.488581 0.409538 0.383036 0.299243 -0.410132 0.664894 0.394915 0.438025 -0.291188 -0.156914 -0.055677 -3.842968 0.208052 -0.992487 -1.015034 0.469940 1.741861 0.298195 -0.820727 -0.174302 -0.707053 0.212288 0.219720 
178.569595 -23.134073 -0.396181 1.594373 4.914838 -2.637912 -1.840344 0.422506 3.298483 1.085233 -2.324445 -0.983661 0.807591 -8.036084 0.284263 -0.442884 -0.685351 0.366327 2.048390 0.729981 -0.533043 0.508539 -1.060800 0.231670 0.111654 0.224975 -1.049354 -0.904300 -0.214676 2.310947 1.467230 -1.161225 -1.035144 -0.585922 0.407646 0.206341 -0.083798 
176.898605 -35.645916 0.240354 0.519917 4.029167 -1.972999 1.518712 0.619534 2.304635 1.812978 -3.143878 -0.669646 0.933349 -1.057423 -2.587289 -1.399063 -0.046315 4.921137 2.524328 -1.657555 -1.675373 -0.733819 0.524105 0.255767 -0.223272 8.467062 -1.425000 -0.224750 0.529645 1.566820 -0.847490 -1.250927 -0.464370 -0.918292 1.101303 0.080140 -0.226323 
178.800858 -25.248920 -5.570759 -1.203752 4.822207 7.204363 3.208312 -2.892604 -0.052264 -0.382405 -1.276235 -0.472128 0.361047 8.898041 -2.565737 -0.892385 0.373939 3.499967 0.353411 -1.771873 -1.461782 -1.328046 1.141807 0.391949 -0.340992 2.770933 1.483570 0.568111 -0.434357 -3.544277 -1.712920 0.895920 0.793630 0.250540 -0.181064 0.206170 0.116365 
177.765335 -17.849834 -4.891120 -1.264852 4.777046 5.026934 2.225534 -2.924211 -0.618930 -0.843113 -0.860265 0.114252 0.251365 4.484442 0.379851 -0.262841 -0.915030 -2.167416 -0.901512 0.134285 -0.088114 -0.232738 0.161977 0.668106 0.009458 -5.981104 1.658490 0.326247 -0.601443 -2.211435 -0.457941 1.299232 0.801231 0.747189 -0.670340 0.150530 0.386121 
179.636780 -16.280036 -4.811057 -1.729433 2.992148 2.869531 1.405289 -2.624033 -0.228492 -0.847881 -0.952280 0.864085 0.379962 -3.064167 0.751242 -0.239891 -0.828946 -0.922902 -0.562472 0.826591 0.140680 0.166332 -0.198873 0.693009 0.431250 -7.079278 0.180174 0.350072 0.630921 0.128669 1.134079 0.840956 -0.026492 0.758944 -0.111022 -0.192344 0.282400 
185.349045 -23.978169 -3.388636 -1.744635 3.119154 3.181130 1.100590 -1.271030 -0.337570 -0.510449 -1.258010 1.500270 1.113864 -9.674113 0.740199 0.437304 0.346812 -1.910078 1.366646 1.816198 -0.141098 1.285149 -0.060067 0.283418 0.574258 4.288881 -0.671051 0.121172 0.219000 -0.888452 0.348421 0.197973 -0.454658 -0.163649 -0.009248 -0.159030 -0.199165 
390.337463 -35.628263 -3.330660 -0.854825 3.685771 -0.950625 4.138581 1.008363 -0.510688 1.722417 -1.072415 1.430922 1.528479 5.513595 -0.590860 0.002452 -0.390946 -2.699807 0.134370 1.222536 -0.768635 -0.160966 -0.217368 0.374949 0.032919 11.494834 -0.901258 -0.816556 -0.542713 0.972429 -1.506403 -1.304576 -0.247045 -1.201174 -0.058152 -0.193150 -0.545411 
0.000000 -12.950978 -4.570356 -1.739730 2.337261 -2.218483 1.369329 1.174042 -1.874841 -0.832382 -1.692746 2.250168 1.179703 13.315554 -1.062317 -1.195808 -0.738614 0.034780 -1.646160 -0.792953 -0.635189 -1.117199 -0.176370 -0.102882 -0.516564 -2.809193 -0.568918 -0.101258 0.730287 2.301751 -0.266846 -1.505829 0.983759 0.456039 0.541841 -0.525423 -0.539207 
210.110611 -8.997155 -5.455294 -3.246442 2.208543 -0.881065 0.846260 -0.577543 -1.781066 -0.511980 -1.425156 1.225157 0.495351 -0.104790 -1.728696 -0.200063 1.069627 1.903696 -0.399322 -1.789122 1.198883 0.751111 0.866314 -0.675897 -1.045495 -9.543949 -0.706966 1.054622 1.421000 0.908882 0.813464 0.161632 1.152720 1.083711 0.790554 0.329001 0.237366 
211.004944 -13.160558 -8.027748 -2.139856 4.476516 1.588908 0.570686 -2.404202 0.522926 0.669840 0.039882 0.898374 -0.911288 -5.772343 -2.476249 0.913435 2.103385 1.852544 -0.019232 -0.469689 1.670252 1.050224 1.404737 0.555120 -0.041832 -3.992636 1.698768 0.333663 -0.253256 -0.863748 0.268662 1.196945 -0.328466 -0.295010 -0.202257 0.908411 0.854607 
211.713593 -20.541841 -10.407791 -1.419572 6.415312 2.824024 0.807796 -1.516921 1.559437 1.588468 1.384318 2.335397 0.411686 -8.090062 1.668839 0.467262 0.563114 0.176199 0.138002 0.604768 0.541950 0.161091 0.461800 1.140926 0.663719 0.077392 2.745134 0.322862 -2.023336 -1.052450 0.356637 0.370818 -0.927189 -0.593696 -0.946884 -0.122737 0.158195 
209.800156 -29.340682 -4.690070 -1.205332 5.602745 1.941305 0.846690 -1.194666 1.606826 0.992023 0.963482 3.180226 0.416150 -5.617559 3.014019 1.559159 -1.943287 -0.252355 0.694042 0.271947 -0.184126 -0.137167 -0.489032 0.309647 0.274558 7.415843 -1.417880 0.016022 -0.670530 -0.011963 -0.061918 -0.717635 -0.743329 -0.220906 -0.679724 -0.907745 -0.472758 
0.000000 -31.776958 -4.379754 1.698746 2.528738 2.319313 2.195879 -0.973027 1.191185 1.314133 0.406253 2.954691 0.960803 6.741623 -1.166921 0.499305 -0.777946 0.152274 0.014166 -0.830502 -0.944707 -0.280721 -0.897647 -0.674563 -0.281797 7.933514 -1.237967 -1.698660 0.277296 -0.518610 -0.986046 -0.503193 -0.285204 -0.293247 -0.193840 -0.901851 -0.245875 
204.640488 -15.857436 -7.023913 -0.206721 4.046853 2.245852 0.875022 -2.855669 -0.282587 0.430581 -0.831812 1.831099 -0.147444 10.249468 0.538085 -1.838161 -1.388695 -1.289576 -1.278049 -0.734440 -0.754534 -0.723661 -0.876711 -1.494055 -0.217193 -3.492073 2.059210 -0.457541 -0.659629 -1.361261 -0.381501 0.510127 0.593397 0.010640 0.456774 -0.347090 0.294608 
202.113434 -11.278021 -3.303584 -1.977575 -0.248653 -0.259839 -0.360220 -2.441908 -0.317883 -0.133189 -1.347169 -0.033420 0.526417 -0.242523 2.951499 -0.415777 -2.097204 -2.570248 -0.748837 0.189752 0.242087 -0.259442 0.015901 -1.368743 0.307420 -9.578680 0.079603 1.489222 0.593988 0.149979 0.554374 0.860743 0.433651 0.309030 0.828001 0.799586 0.030372 
197.336105 -16.342483 -1.120914 -1.038276 -0.147554 -2.894644 -0.622652 -2.476166 0.201586 -0.088303 -0.800009 -0.906387 0.467396 -8.907892 0.697291 1.140284 -0.200719 -0.989619 -0.169301 0.987047 0.112767 -0.105601 0.779291 0.105117 -0.156448 -6.343914 -2.172123 1.630527 0.551608 1.565424 0.358464 1.269105 -0.530150 -0.295107 0.269065 0.943858 -0.275850 
180.900467 -29.093805 -1.909002 0.302992 -0.650090 -2.239078 -0.698821 -0.467815 -0.092348 -0.344392 0.211412 0.176814 0.213520 -12.930351 -1.392746 2.845276 -0.993988 0.560601 -0.031909 2.727962 -0.818214 -0.849655 0.554032 0.518972 -0.244280 0.544819 0.588191 2.341937 0.949741 1.080042 -0.137268 -0.068284 -0.390897 -0.591725 0.141957 -0.112839 -0.001536 
0.000000 -42.203185 -3.906406 4.652277 -2.135529 -1.773443 -0.686470 2.979757 -1.434842 -1.787613 0.308054 0.131557 -0.021164 -7.818253 1.873673 5.824158 1.698764 1.170465 -0.443836 0.850478 -0.669026 -1.289052 1.063205 -0.120560 -0.159521 6.848988 3.037795 -0.298208 2.204689 -0.969977 -0.590237 -2.473677 0.671857 0.507682 0.016473 -0.461013 0.033227 
0.000000 -44.730312 1.838345 11.951309 2.747437 0.101853 -1.586493 1.233142 -1.430400 -2.922495 2.337822 -0.064306 -0.105523 0.767625 4.682845 2.248861 3.415391 -1.379354 -1.212382 -2.219392 0.525500 0.165708 0.586977 -0.403055 -0.177826 6.073697 -0.138208 -4.526430 0.099418 -3.392263 0.024569 -0.680165 0.133283 1.628165 -0.763146 -0.215189 -0.217908 
143.937057 -40.667935 5.459283 9.149998 4.695252 -4.532152 -3.111235 -1.459027 -0.383842 -1.456196 1.482009 -0.674553 -0.376816 4.329140 1.597257 -3.228701 1.897599 -5.614061 -0.394699 -0.509851 -0.402461 1.967278 -0.463086 -0.550938 -0.595338 3.560107 -3.507214 -2.123898 -1.792901 -0.313222 0.836428 1.272024 0.120120 0.412960 -0.722338 0.207408 0.033275 
0.000000 -36.072032 5.032859 5.493906 6.542635 -11.126268 -2.375891 0.213439 -2.235321 1.012061 1.411650 -1.166183 -1.296198 7.887839 -2.331583 -1.998935 -0.170411 -2.005798 0.460473 0.324656 0.765739 0.991629 -0.857698 0.011761 -0.111276 1.635379 -2.538554 1.319756 -2.035870 4.427418 0.519920 0.111863 1.041229 -0.998176 -0.583719 0.594319 0.508487 
0.000000 -24.892256 0.796117 5.152128 4.354430 -8.543749 -2.190289 -0.809715 1.147637 0.527061 -0.233388 -0.651031 -0.599367 7.599898 -3.479850 -0.589190 -2.174140 3.240775 0.645140 -0.286125 1.679998 -0.029073 -1.630524 0.637700 0.421637 -5.574875 -0.154440 1.727342 -0.915645 2.128807 0.705742 0.179804 -0.722725 0.003007 0.287815 0.191162 0.371509 
177.707230 -20.872236 -1.926841 4.315526 2.194355 -4.644718 -1.085610 -0.358811 1.124675 0.953916 -1.849398 0.109218 -0.452923 -3.261911 -2.640463 1.455749 -2.001701 2.251815 1.871956 0.684263 -0.679711 0.997643 -0.282069 0.394084 0.631743 -5.197693 0.948259 0.904482 1.440822 -1.700102 -0.133864 1.534686 -0.685833 -0.388719 1.125656 -0.201925 -0.124350 
196.584778 -31.416079 -4.484808 8.063626 0.351027 -4.040118 1.553623 0.558812 -0.211784 2.522347 -0.797525 0.137137 0.664120 -2.795488 -1.583332 1.219774 0.707504 -0.159429 0.377412 2.783248 0.308331 -0.806510 0.620788 0.233851 0.172938 4.961406 1.209924 -1.468257 1.591060 -1.432754 -1.308953 0.734241 0.859380 -1.464356 0.192254 -0.189954 -0.521630 
213.308395 -26.463212 -5.093505 6.755073 3.609363 -4.963577 -0.330787 5.207686 1.741337 -0.659104 -0.607823 0.576920 -0.107047 6.660900 -0.220615 -1.480765 1.180419 -0.613692 -0.745950 2.152746 1.039048 -1.931068 0.102439 0.014176 -0.411517 3.323130 0.630498 -1.179507 -0.518700 0.147551 -0.102804 -1.702056 -0.278518 0.150178 -0.274988 0.093222 -0.118076 
218.346115 -18.094278 -4.926038 5.102095 2.711866 -5.267502 0.061723 4.864304 1.866313 -1.339790 -0.592647 0.165489 -0.158914 3.850773 -0.322335 -1.139241 -0.329897 0.135673 0.171804 -0.620864 -0.248706 -0.506154 0.070813 0.420296 -0.063215 -4.534160 -0.203251 0.810915 -0.880837 0.631717 0.474705 -1.411325 -0.520037 1.023523 -0.200701 0.333404 0.212739 
208.563431 -18.761667 -5.738174 4.476592 2.949570 -4.692232 0.012821 3.965958 1.243926 -1.671413 -0.466197 1.417511 -0.233477 -2.407420 -0.627116 0.141064 -0.581254 0.649741 0.203461 -0.669903 -0.001026 0.115977 -0.298964 0.680984 0.013961 -5.572531 -1.498911 1.679299 0.177300 0.320753 0.278057 -0.039470 0.018792 0.635472 -0.225331 -0.413616 0.232405 
202.767899 -22.909117 -6.180271 5.384223 1.549358 -3.968019 0.468644 3.524497 1.864261 -1.107835 -1.190575 1.527456 -0.130992 -7.294290 -3.320157 2.219356 0.024703 0.777179 0.727917 -0.699803 -0.211122 0.764789 -0.379850 -0.406937 0.401595 -3.640811 -1.699153 1.464027 1.022345 0.165103 1.085285 0.083941 -0.422040 0.718931 0.575815 -0.597181 0.368463 
199.672867 -33.350247 -12.378488 8.915304 2.998976 -3.137875 1.468655 2.566352 0.821681 -0.141834 -1.225898 0.603637 0.569714 -9.689042 -4.025422 3.069118 1.463435 0.979948 2.374031 -0.502022 -0.845107 1.553838 0.852666 -0.513379 0.750888 1.633458 3.400061 -2.311748 -0.042468 0.329598 0.552959 -0.071257 0.225829 -0.107157 -0.093710 0.719448 -0.109913 
0.000000 -42.287201 -14.231114 11.522459 4.476228 -2.008124 5.216706 2.520453 0.174047 1.999842 0.514756 0.500699 1.370784 -4.027373 3.479965 -2.404139 -0.060233 1.436374 1.833834 -0.842316 0.240535 0.550475 -0.567270 1.031960 0.181770 9.540276 4.213531 -3.947584 -1.007917 -0.008116 -1.537414 -0.154924 0.311359 -1.237685 -1.126479 0.910630 -0.372272 
385.220978 -41.404993 -5.418559 4.107026 2.878511 -0.265126 5.136324 0.881719 1.302751 0.959115 -2.360438 2.667557 0.933254 9.391510 4.401639 -4.826051 -0.552400 0.963716 -0.700797 -0.811869 -0.222388 -0.921533 -1.400292 1.307880 0.006345 5.662931 -1.015984 0.323226 -0.077511 -0.597195 -1.694777 0.321981 -0.610367 -0.460210 0.585651 -0.692203 -0.084598 
0.000000 -23.504181 -5.427836 1.870357 3.371428 -0.080692 3.815111 0.896715 -0.270729 0.156776 -2.285827 3.116460 1.383473 7.298490 1.447997 -1.757687 -0.215255 0.241984 -1.555720 -0.198355 -0.980199 -0.369946 0.604032 -0.352447 0.012575 -5.902599 -2.567548 1.487680 0.529396 0.379224 0.031594 -0.208751 0.066565 0.680437 1.472588 -1.016243 -0.448212 
201.618652 -26.808014 -2.522564 0.591652 2.448001 0.218842 2.024885 0.485009 -0.657646 0.219224 -1.152374 1.962662 0.958403 -2.413688 -0.733457 -1.850690 0.506393 1.722164 -0.637610 -1.229371 -0.089258 0.439342 1.544883 -0.724605 -0.890079 -0.948924 -2.331287 0.363722 1.049716 0.716225 0.568811 -1.157876 0.640374 0.412558 0.161220 0.013444 -0.291418 
208.225922 -28.331556 -6.894750 -1.831023 4.384215 3.363636 2.539890 -1.562028 -0.449246 1.035460 0.803939 1.667250 -0.396684 5.400641 -3.214577 -1.030243 1.884177 1.674435 -0.418099 -2.514106 0.300549 0.455170 0.926471 -0.325559 -0.570262 4.159519 -0.575518 1.223494 0.707178 -0.942989 -0.326565 -0.160069 0.314926 -0.226387 -1.019543 0.192751 0.356543 
208.176132 -16.006732 -8.951718 -1.468834 6.216355 3.567711 1.188688 -4.543204 -0.056547 1.129563 0.700568 1.311545 -0.182122 5.905351 -1.884493 0.596298 1.920749 -0.163813 -1.290740 -1.549508 0.540593 -0.013432 -0.494202 -0.339103 -0.176993 -3.476216 1.013801 0.675134 -0.350376 -0.634978 0.050496 1.546708 0.028084 -0.422889 -1.037619 0.051331 0.020970 
0.000000 -16.520854 -10.663737 -0.638427 8.225713 3.036010 -0.041591 -4.661045 0.631940 1.008596 -0.184465 0.989044 -0.750669 -1.551791 -1.186976 0.320025 1.183425 0.404479 -0.317107 0.579309 0.356718 -0.390609 -1.148766 -0.222896 -0.528323 -6.373551 1.233910 -0.375736 -1.200928 0.418948 1.147062 1.513311 -0.230166 0.140964 -0.030989 0.195753 0.077394 
0.000000 -19.110313 -11.325669 -0.828785 8.583205 4.376670 0.554473 -3.384585 0.656890 0.348345 -1.596965 0.865752 -1.238768 -6.841751 0.583326 -0.155175 -0.481107 0.674083 1.003385 1.477114 0.080260 0.268497 -0.556181 0.052403 -0.022205 -7.383600 1.142821 0.197435 -0.684092 -0.625448 0.661631 0.263767 0.347526 0.681534 0.490262 0.491204 0.389969 
0.000000 -30.204356 -9.497085 -0.948776 7.263499 4.384176 1.965179 -1.706817 0.792460 1.545590 -1.296827 1.093851 -0.795079 -16.318990 1.098666 0.714894 -0.184759 -0.846417 1.006154 1.106844 1.051770 0.972459 -0.168242 0.759511 0.251615 -4.371128 2.019830 1.547082 -0.430388 -0.757132 -0.541270 -0.362915 0.251921 -0.260798 0.344931 0.061872 0.121427 
349.685608 -51.748292 -9.128336 0.601004 8.213688 2.683836 2.566782 -1.170897 2.760430 2.293263 -1.933449 2.384773 -0.735537 -15.584007 4.622987 2.938989 -1.341882 -0.840181 -0.079155 0.751283 0.584101 -0.253099 0.133682 0.176148 0.220649 7.041651 2.934232 1.056387 -0.591832 0.508306 -0.381391 0.076955 -0.854663 -0.907090 0.428611 -1.100208 -0.085376 
117.382339 -61.372370 -0.251111 4.929202 4.579735 2.703814 1.806868 -0.204250 1.960663 1.039392 -1.029462 1.446148 -0.353782 -2.235688 6.967131 2.827668 -1.368423 0.170196 0.243373 1.260754 -0.657556 -0.841721 0.688981 -1.440905 0.080863 11.719616 -1.841410 -1.480304 1.353709 0.443098 1.214713 -1.072120 -0.019942 0.057297 -0.404771 0.082998 -0.675471 
110.585617 -56.219669 4.805925 6.256340 5.476842 3.024228 3.053528 1.350611 1.445319 0.609820 -0.555487 -0.497037 -0.573810 7.855224 0.940167 -0.021619 1.365535 0.046015 2.350270 -1.392956 0.544218 -0.138506 -0.675860 0.342144 -1.130293 6.254017 -5.253795 -2.783655 0.891826 0.840027 0.735733 -2.015619 0.362643 0.421204 -0.796712 1.335722 -0.528689 
112.756096 -45.661922 1.629223 4.885964 7.310805 2.795843 6.507408 -2.990162 3.049099 0.762380 -2.381183 2.130435 -2.614368 10.272346 -3.540460 -2.739642 0.415230 1.850250 1.714839 -2.770485 0.067729 0.000687 -0.904443 1.230539 -0.976514 0.700446 -2.248443 -1.655858 -0.744926 0.967492 -1.817036 0.276382 -0.697789 -0.077667 0.350951 -0.336330 0.715285 
0.000000 -35.674977 -2.274994 0.777056 6.307301 6.724727 6.483206 -4.190359 1.580778 0.611193 -2.364372 1.964040 -2.526839 9.256116 -3.556718 -3.333336 -0.124317 1.980998 -1.283801 -0.840192 -0.851359 -0.293839 0.026041 -0.330517 0.300277 -1.694815 0.115996 0.771038 0.073810 -0.935711 -1.695495 1.351908 -0.044964 -0.191281 0.542495 -0.953765 0.784671 
0.000000 -27.149690 -5.484212 -1.780708 7.062171 6.757840 3.939806 -4.670547 1.346381 0.174703 -2.329100 1.469401 -2.013815 6.882716 -3.308468 -1.197567 0.562849 -0.021173 -1.676150 -0.066668 -0.022198 -0.381875 0.180547 -0.676991 0.592828 -2.703569 0.789796 1.753391 0.136256 -1.262104 0.359197 0.609419 0.331777 0.099855 0.186138 0.082264 -0.055717 
137.930756 -21.909544 -8.891929 -1.618078 7.432999 6.682382 3.130905 -4.323695 1.536381 -0.152558 -2.003278 0.610057 -1.341183 3.848977 -1.977126 0.173447 0.148194 -0.543211 -0.565406 0.378645 -0.187804 -0.094128 0.398316 -0.165988 0.188843 -2.762597 1.504157 0.807735 -0.185048 -0.274980 0.729989 0.323055 -0.269815 0.353455 0.126261 0.380290 -0.462637 
0.000000 -19.451735 -9.438465 -1.433814 7.358559 5.671418 2.808993 -3.913256 0.970773 -0.013554 -1.532467 1.137424 -1.636129 1.357522 -0.300154 0.417904 0.192754 -0.571132 -0.216172 0.579442 -0.561828 0.325035 0.433070 0.083588 -0.332447 -1.860180 0.975120 0.076163 0.040890 0.238780 0.255096 -0.002211 -0.045610 0.174831 -0.100326 -0.007053 -0.186909 
63.257317 -19.194500 -9.492238 -0.782270 7.818507 5.540117 2.698562 -3.164811 0.412726 0.497513 -1.137138 0.777233 -2.006078 0.128618 -0.026887 0.325772 0.229974 -0.065651 -0.055215 0.374222 -0.279024 0.255533 0.197664 -0.180095 -0.184974 -0.614452 0.136634 -0.046066 0.018610 0.252741 0.080478 -0.102610 0.141402 -0.034751 -0.117703 -0.131842 0.073736 
