183.149704 -28.263150 8.516522 0.972338 5.585092 -0.537000 -4.350368 -0.535438 -1.244729 0.652064 0.735970 -1.791697 -0.115434 1.527474 0.724068 -1.983244 0.337956 -0.485344 0.091901 0.542425 0.091672 0.141693 -0.568514 -0.011483 0.081070 1.180082 -1.265063 0.787925 -0.763312 0.144370 -0.138428 0.205085 -0.232378 0.200891 -0.045923 -0.082904 0.133892 
80.260399 -25.208203 9.964657 -2.994149 6.261005 -1.507688 -4.166565 0.549412 -1.061385 0.935451 -0.401058 -1.814662 0.046706 3.887638 -1.806059 -0.407393 -1.188667 -0.196605 -0.184955 0.952595 -0.373085 0.543475 -0.660360 -0.177291 0.348855 0.553453 -2.278257 2.138598 -1.047077 0.477960 0.393608 -0.203428 -0.121189 0.064350 0.307131 -0.009593 0.006162 
81.821083 -20.487873 4.904403 0.157553 3.207758 -0.930210 -4.720278 1.369753 -1.990899 1.739015 -0.584750 -2.146278 0.582275 2.634380 -3.832447 2.293952 -1.756198 0.470577 0.879117 0.135568 -0.150707 0.270393 0.045749 -0.030669 0.093395 -4.020519 -0.717450 0.268041 0.281778 0.634828 1.114251 -0.597743 0.459411 -0.783906 0.388471 0.388444 -0.313728 
79.868484 -19.939443 2.299763 1.593754 2.748609 -0.566533 -2.408331 0.820549 -1.362799 1.476237 -0.309561 -1.876000 0.233496 -4.153399 -3.240958 0.128690 -0.625112 1.073050 2.043547 -0.242890 0.545737 -1.024337 0.116581 0.599597 -0.278601 -3.914582 0.145310 -2.115054 0.234338 0.196030 -0.125217 -0.174345 0.142155 -0.725487 -0.133416 0.300874 -0.147731 
79.218781 -28.794670 -1.577514 0.414932 1.957535 1.215891 -0.633183 0.883973 -0.899425 -0.309658 -0.351588 -0.947085 0.025073 -5.194784 -3.541826 -1.936156 -1.287523 0.862637 0.628684 -0.213122 0.133603 -1.180582 -0.221083 0.571080 -0.202067 4.188353 2.201043 0.386892 0.405565 -0.596512 -0.998808 0.331633 0.120892 0.582673 0.072547 -0.275217 0.118716 
160.924026 -30.329011 -4.783889 -2.278558 0.173564 1.158741 -1.150964 0.394304 -1.095592 -0.884926 -0.751727 -0.733840 -0.170638 4.223307 1.161128 0.902473 0.186018 -0.119973 0.045931 0.420376 0.787520 0.141009 0.261675 0.049162 -0.041169 4.750252 3.864747 2.406354 1.562611 -0.684872 -0.452318 0.365617 0.462811 0.855979 0.436864 -0.205248 -0.057533 
0.000000 -20.348056 0.744742 2.219878 2.329572 0.975945 -0.541320 1.724725 0.675616 -0.027641 0.171763 -0.848761 -0.057266 4.305720 4.187669 2.876552 1.837699 -0.507107 -0.275952 0.518112 1.059226 0.531376 0.652645 0.160584 -0.317132 -4.306423 1.269813 -0.542609 1.252037 -0.248730 -0.789882 -0.366471 -0.701019 0.138623 0.127768 0.038180 0.046135 
0.000000 -21.717571 3.591448 3.474546 3.848961 0.144527 -1.702867 1.430528 1.022860 0.177826 0.553564 -0.412672 -0.804902 -4.389539 3.700755 -0.182745 2.690092 -0.617433 -1.533832 -0.312567 -0.614517 0.418255 0.517211 0.125521 0.051102 -4.341044 -0.569375 -1.819049 -0.155717 0.250672 -0.429138 -0.383990 -0.809531 -0.228172 -0.095778 -0.062655 0.380554 
88.704201 -29.127134 8.146251 1.854387 7.709755 -0.258921 -3.608984 1.099591 -0.553418 0.808869 1.206186 -0.597718 0.044938 -4.376367 3.048918 -0.761545 1.526264 -0.005764 -1.134228 -0.249869 -0.559836 0.075033 0.461088 0.035273 0.443976 2.561764 -2.028604 -0.170698 -1.553010 0.080670 1.128316 0.673695 0.250099 0.114164 -0.094440 -0.324430 -0.029567 
94.336288 -30.470306 9.689285 1.951455 6.901490 0.133000 -3.971323 0.930791 -0.096812 0.327892 1.475741 -0.342125 0.083050 0.733989 -0.356453 -0.524141 -0.415929 -0.456093 0.722799 1.034823 -0.114318 0.646583 0.328331 -0.523338 -0.008033 2.760213 -2.486479 -0.259160 -0.868371 0.075999 1.606728 0.646060 -0.000155 0.362879 -0.177839 -0.306991 -0.113488 
101.190598 -27.659157 7.433346 0.806105 6.877898 -1.171108 -2.163386 3.169237 -0.782054 2.102034 1.862847 -1.644394 0.028871 1.144059 -1.924039 -1.279865 -0.210478 0.146235 2.079228 1.042252 -0.560146 0.800791 0.105411 -0.578708 0.216999 -0.269339 -0.050260 -0.009013 0.046600 0.719798 0.260271 -0.542561 0.065113 -0.673297 -0.486870 0.363967 0.001364 
101.862656 -28.182189 5.841207 -0.608275 6.480533 0.425469 0.187133 3.015295 -1.217103 1.929473 1.686562 -1.499542 0.517049 0.195310 -0.456973 -0.542166 -0.322729 0.983502 1.243341 -0.050300 0.015907 -0.700012 -0.645410 0.204597 -0.005304 -0.676884 1.548807 0.895050 -0.123314 -0.281763 -1.323759 -0.176178 0.682794 -0.914885 -0.480766 0.369575 -0.315442 
99.688797 -27.268536 6.519400 -0.278228 6.232439 0.795897 0.323296 3.068638 -0.750239 0.702010 0.572027 -1.235200 0.018262 -0.209710 1.173576 0.510235 -0.457106 -0.417291 -0.568290 0.689896 0.805443 -1.028980 -0.856121 0.160441 -0.413886 -2.231619 1.069945 0.857763 -0.938675 -0.553204 -0.614001 0.143969 0.549248 -0.007024 -0.011604 -0.064970 0.031567 
88.374786 -28.601609 8.188358 0.412196 5.566320 -0.409113 -0.949447 4.395087 0.393782 -0.128487 -0.025680 -1.178660 -0.310722 -4.267929 1.682916 1.173359 -2.200079 -0.122906 0.015339 0.237638 1.114403 -0.714061 -0.668617 0.074656 0.057829 -2.481105 -0.099978 0.405652 -1.156031 0.334492 1.267685 -0.608414 -0.203619 0.384855 0.176852 0.181315 0.262608 
81.358818 -35.804393 9.885232 2.068490 1.832281 0.550084 0.353974 3.543915 1.478568 -0.726111 -0.765208 -1.085888 0.133920 -5.171920 0.973619 1.321540 -2.769168 0.251692 1.967080 -0.526932 0.398206 -0.259270 -0.502417 0.523071 0.111330 1.723370 -1.050740 -0.947295 1.189196 0.207029 0.469474 -0.040214 -1.146216 0.268638 0.446888 -0.117633 -0.069225 
79.255836 -38.945448 10.135596 3.055276 0.027985 0.094270 2.984712 3.341223 1.190194 -0.647026 -1.030513 -0.132518 -0.088061 -0.821189 -0.418563 -0.721230 0.178313 0.291151 0.954287 0.157209 -1.178028 -0.176784 0.225158 -0.160610 -0.080622 3.125672 -1.013064 -1.898399 2.604535 0.216482 -1.345332 0.348879 -1.052080 0.146390 0.662519 -0.696064 -0.033089 
78.220032 -37.446770 9.048105 0.626029 2.188906 1.132386 2.262549 3.858334 -0.877489 -1.079678 -0.314893 -1.407109 -0.027323 1.079424 -1.052510 -2.475257 2.439903 0.684657 -0.723585 0.170826 -1.705953 0.033510 0.822622 -0.869056 0.045152 -1.164519 -0.875738 0.461457 0.248789 0.106535 -0.520952 -0.453477 0.572574 0.343515 -0.018151 0.108396 0.077979 
79.103271 -36.786600 8.030576 -1.895238 4.907791 1.463584 1.537543 3.682875 -2.221713 -0.580006 0.614730 -1.870630 0.002242 -3.150226 -2.170039 0.201683 0.675891 0.504221 -0.087616 -0.749744 -0.032880 0.510247 0.188855 0.056181 0.075337 -3.844069 -1.127737 2.614558 -1.545689 0.050446 0.442347 -0.661714 1.738318 0.434463 -0.336959 1.059667 0.104883 
80.041222 -43.747223 4.708027 1.029395 3.540687 2.140828 2.087316 2.358845 -0.943248 -0.059184 0.062818 -1.294746 0.123350 -6.608714 -3.307983 2.753859 -0.651474 0.785550 0.161110 -1.152602 1.770682 0.902436 0.148703 1.250279 0.254918 1.924124 -0.258965 -0.732636 0.970662 0.339723 -0.403737 0.148772 0.293172 0.281645 0.089381 -0.116992 0.174275 
85.694221 -50.004027 1.414609 3.612480 3.604842 3.034683 1.859763 1.377672 1.319650 1.224867 0.912135 0.629928 0.512078 0.698022 -2.687969 -1.263589 2.617214 1.183667 -0.895090 -0.452201 0.553465 1.073537 0.367618 -0.177802 0.423886 5.072483 1.021323 -2.675805 2.077426 -0.285044 -0.728407 0.900519 -1.128826 -0.324649 0.005537 -1.052572 -0.102811 
84.136452 -42.351178 -0.667911 -1.497784 8.775115 4.508162 0.297136 1.454443 0.163681 2.087891 0.798054 -1.650351 0.971122 3.536252 -1.265338 -2.597751 3.503378 0.215462 -1.295704 0.648435 -0.486970 0.253139 0.159777 -0.854865 0.049296 -1.731703 1.640372 1.233988 -1.998568 -0.951115 0.509388 0.413227 0.116841 -0.718664 -0.092042 0.646112 -0.024049 
77.456619 -42.931524 -1.116067 -1.583022 10.611598 3.465608 -0.731646 2.674543 0.345710 1.731144 1.231689 -1.079802 0.610670 -2.765383 0.592776 1.204387 -1.379922 -0.718563 0.123686 0.374253 0.787147 -0.363791 0.183534 1.114421 0.375787 -4.212298 1.388639 2.376084 -3.564423 -0.225506 1.254451 -0.749338 0.358020 -0.150804 -0.045820 0.948053 0.079535 
72.622475 -47.881945 0.517641 0.910990 6.015270 3.071036 0.544509 2.202949 1.737976 1.360310 1.165121 0.578491 1.722697 -4.888344 1.511939 2.154416 -3.625468 -0.235550 1.213198 -0.850241 0.229069 -0.048469 0.068137 1.041241 0.208365 0.821378 0.413091 -0.810386 -0.493425 0.918968 0.565585 -0.702846 -0.904751 0.108959 -0.066412 -0.696428 -0.667605 
73.048546 -52.708212 1.907812 2.725811 3.360661 2.994507 1.694751 0.974060 0.803848 1.634206 1.367963 1.002680 1.027399 -1.122627 1.418958 -0.416385 -2.366773 1.119373 1.254856 -1.031439 -1.022355 -0.145873 0.050709 -0.278434 -0.959423 4.135984 0.014751 -1.324847 1.073984 0.442029 -0.064258 0.577239 -0.284299 -0.257030 -0.509770 -1.033663 -0.408004 
77.055977 -50.127199 3.355556 0.078221 1.281724 5.309783 3.054220 0.140070 -0.306735 1.068564 1.266540 0.021623 -0.196149 3.383625 1.541440 -0.495277 -1.477501 0.648507 1.084683 0.304237 -0.339528 -0.562528 -0.951403 -1.026085 -0.607644 2.819212 0.643686 0.702764 0.768490 -1.298465 -1.039137 0.603584 0.931897 0.192846 -0.510176 -0.250417 0.486382 
78.197510 -45.940963 4.990692 1.735257 0.405659 4.291521 3.864117 1.582535 0.124791 0.509149 -0.534843 -1.049489 -0.187888 4.515796 2.706329 0.989143 -0.829792 -1.477557 -0.823419 0.175729 0.841438 0.239818 -0.969644 -0.779267 0.013341 -1.247211 0.779092 0.778881 0.606560 -1.352552 -1.705551 -0.624486 0.490256 0.567947 0.558862 0.587137 0.263343 
77.837807 -41.095607 8.768215 2.056506 -0.377860 2.354668 1.407383 0.491527 1.376141 1.548201 -0.672747 -1.536912 -0.169467 0.889203 3.099625 1.062485 -0.264381 -2.056597 -2.326419 -0.944735 0.640983 0.573366 0.166321 0.148189 -0.080957 -3.316794 -1.596771 0.352000 1.434722 -0.054272 -0.155383 -0.357787 -0.992658 -0.160528 0.638004 0.669749 0.214069 
78.231895 -44.162556 11.189942 3.860227 -0.123104 0.178328 -0.788720 -0.306935 1.406757 1.655882 -0.202200 -0.753112 -0.349803 -2.117791 -0.487213 1.693144 2.039653 -1.586100 -1.134185 -0.539845 -1.143878 -0.081237 0.306364 0.560230 0.441479 -1.060681 -3.525413 0.122538 2.080186 0.785454 1.664953 0.506401 -1.240262 -0.237818 -0.377773 -0.002973 0.595099 
78.330299 -45.331190 7.793789 5.442794 3.701445 -0.817532 -0.860988 -0.588163 -0.911615 1.385727 -0.060019 -0.416451 0.713491 -1.232159 -3.951201 1.307561 3.895990 -0.485689 1.003488 0.068068 -1.839542 0.097730 -0.589224 0.142242 1.109240 -2.736557 -1.353273 -1.101468 -1.234875 1.317404 1.089793 0.590966 0.745884 -0.042790 -0.099246 -0.196414 -0.173379 
75.246620 -46.626874 3.287539 6.475348 7.668876 -0.793051 1.218256 -0.170798 -2.272326 1.851342 -1.380649 -0.468628 1.868677 -7.590906 -3.193759 -0.509792 -0.430098 1.048707 1.045400 0.642087 0.347890 -0.166817 0.107872 0.167402 0.094722 -4.941372 -1.015337 -2.661914 -4.326338 0.442444 -0.700676 0.257138 1.434818 -0.683680 0.583475 0.116021 -0.867717 
179.231186 -60.513001 1.406270 4.423209 2.841249 1.279882 1.229813 0.696010 -0.215835 1.052093 0.155725 -0.081647 0.902934 -11.114903 -5.981875 -4.016268 -4.756686 0.399199 -0.397864 0.582344 1.030095 -1.269631 0.577725 0.374283 -0.626193 2.327729 -0.224065 -0.769218 -0.462928 -0.619621 -0.704243 -0.361133 -0.113687 -0.156084 -0.151136 0.013756 -0.183425 
114.218567 -68.856680 -8.676211 -1.557188 -1.844497 0.005348 0.422527 0.993890 -0.212136 -0.687920 -0.225200 0.279938 0.616291 -2.935448 -3.641889 -2.048228 -1.355955 -0.190534 -0.363086 -0.080178 0.120517 -0.478985 -0.194400 0.194913 -0.272129 9.184461 5.578664 1.763291 3.725874 1.474721 0.074584 -0.813132 -0.516922 0.407992 -0.061062 0.087671 0.043820 
0.000000 -66.383898 -5.877509 0.326753 0.129339 0.898814 0.503641 0.535654 0.025199 0.094123 -0.233075 0.308179 0.358676 7.254019 5.175453 -0.489686 2.695061 3.348641 -0.248695 -1.043920 -0.003748 -0.453647 0.455601 0.549625 -0.538553 4.243312 3.742512 0.696500 1.262999 1.190057 -0.053898 -0.520774 0.019521 0.104563 0.160761 -0.014346 -0.110188 
0.000000 -54.348641 1.674695 -2.536560 3.545624 6.702630 -0.074863 -1.093950 -0.219632 -1.595214 0.686002 1.379187 -0.460816 5.551176 3.843135 -0.655228 1.170043 2.189579 -0.470882 -1.121726 0.159559 -0.269858 0.127121 0.166221 -0.492506 -4.838599 -3.372979 0.629166 -1.836186 -2.560440 0.054796 0.599812 0.052142 0.544034 -0.337792 -0.423443 0.233865 
276.207764 -55.281547 1.808761 -0.983702 2.469424 5.277973 -0.438124 -1.707798 0.344316 -0.445593 0.021168 0.640620 -0.626335 -2.423179 -1.570505 0.768646 -0.977312 -1.772239 -0.139103 0.155705 0.100536 0.634421 -0.219984 -0.297261 -0.070824 -1.882767 -2.139259 1.124033 -0.758751 -1.931618 0.674922 1.177374 0.046735 0.367041 0.065411 -0.079911 0.475360 
307.815613 -59.194999 -1.466315 -0.999268 1.591001 3.158152 -0.353070 -0.782540 -0.018560 -0.326372 0.246034 0.784664 -0.602464 1.785642 -0.435384 1.592838 -0.347458 -1.673656 0.878962 1.233023 0.253029 0.464224 0.257944 0.006398 0.458215 1.093476 1.615060 1.198645 0.740642 0.634465 0.565621 0.319098 0.103184 0.009226 0.216099 0.147403 0.328900 
182.723877 -51.710263 0.937993 2.201973 1.774507 1.930661 1.319801 0.758248 0.850374 0.482856 0.537055 0.653416 0.290096 -0.236227 1.659615 3.165935 0.503973 -0.503310 0.992139 0.793901 0.306905 0.652873 0.212214 -0.002456 0.586976 -3.795590 -0.178000 -0.035530 0.546374 0.872529 -0.519522 -0.569640 -0.197689 -0.206081 -0.120368 -0.090482 -0.127124 
173.751785 -59.667453 1.852914 5.332603 2.598947 2.151533 1.631209 0.805262 0.595250 0.979375 0.670462 0.779753 0.571488 -5.805538 -0.791385 1.521777 0.745289 0.071402 -0.160082 0.093742 -0.142350 0.052063 0.017208 -0.174566 0.203967 3.853943 -0.932579 -4.645396 -1.158912 -0.174509 -1.231444 -0.465960 -0.043099 -0.559560 -0.094402 -0.102915 -0.687731 
176.420486 -63.321340 -0.644776 5.245528 3.265086 2.073465 0.999637 0.945733 0.565674 0.586981 0.571471 0.304285 0.698030 7.471659 -0.205544 -6.124856 -1.813850 -0.852327 -1.470749 -0.138019 0.220708 -0.466247 0.023411 -0.208286 -0.788485 12.059348 1.660203 -4.313584 -1.110502 -0.610479 -0.443645 -0.440110 0.223129 -0.573896 0.144698 -0.077741 -0.673187 
173.868927 -44.724134 1.441826 -6.917108 -1.028753 0.446878 -1.310289 0.529224 1.036665 0.046880 0.717283 0.363180 -1.005482 18.313157 2.529022 -7.105391 -1.475715 -1.149555 -1.047371 -0.786478 0.303907 -1.095728 0.306603 -0.330047 -1.142407 -0.792528 1.047269 2.996015 0.822336 0.521982 0.790549 -0.357749 0.059959 -0.656436 0.525729 -0.105834 0.078659 
388.815674 -26.695027 4.413268 -8.965255 0.313656 -0.225646 -1.095104 -0.627223 1.173488 -1.604476 1.184678 -0.355810 -1.586785 5.886604 1.888993 -0.132827 -0.169179 0.191636 0.110349 -0.853518 0.340626 -1.779119 1.074870 -0.419955 -0.631168 -17.174728 -2.462206 4.968051 0.037283 0.767128 0.860984 0.513507 -0.493204 1.099928 -0.099782 0.480092 0.603931 
0.000000 -32.950926 5.219812 -7.182762 -1.367111 0.830151 -1.089592 -1.177811 1.717917 -3.511359 2.867023 -0.476730 -2.267818 -16.036300 -2.395390 2.830711 -1.401148 0.384700 0.674597 0.240535 -0.682501 1.104127 0.107039 0.630137 0.065455 -6.690860 -2.633272 0.342811 0.697792 0.119575 0.035447 0.451533 -0.534018 1.517552 -1.601977 0.285196 0.885497 
381.971649 -58.767626 -0.377513 -3.303834 -2.488641 0.543754 0.254090 -0.146152 -0.191514 0.603779 1.398756 0.904463 -1.455874 -7.495115 -3.377552 0.552795 1.226406 0.430786 0.181244 0.049548 -0.727411 1.255984 -2.129085 0.150437 1.139826 17.414041 1.253583 -2.091812 1.764819 0.214786 -0.751902 -0.417674 0.381577 -0.961348 -0.665275 -0.717107 0.194186 
64.857010 -47.941157 -1.535292 -6.077172 1.085700 1.691723 -0.727105 -1.078716 0.263096 -0.999390 -1.391146 -0.175857 0.011834 18.791782 0.111775 -1.352913 2.128489 0.814272 -0.829206 -0.594812 0.080654 -0.818568 -1.223512 -0.804076 0.453828 9.699597 1.682179 -0.509638 -0.303195 -0.325921 -0.174718 -0.307295 0.148699 -0.665644 1.125224 -0.123007 -0.556928 
0.000000 -21.184062 -0.153963 -6.009659 1.768337 2.172298 -1.404322 -1.335775 -0.030205 -1.033358 -1.048267 -0.703690 -0.548219 11.904079 -0.013195 -0.466481 0.620015 -0.221056 -0.168191 -0.565043 -0.430012 -0.075303 0.121363 -0.095578 0.025970 -12.024251 -0.630294 -0.125615 -0.466979 -0.591239 0.608100 0.059222 -0.157620 0.370262 0.909113 0.618786 0.068894 
0.000000 -24.132999 -1.561681 -7.010135 2.325729 1.249612 -1.063488 -2.208802 -0.596929 -1.149997 -1.148420 -0.367012 0.063775 -5.256720 -1.148813 -1.604143 1.194532 -0.368206 0.386995 -0.476368 -0.234586 -0.078044 0.594715 0.433495 0.591615 -11.489022 -0.123574 -0.423627 0.718265 0.733251 0.149721 0.541340 0.384723 0.244033 0.474217 0.227496 0.302329 
0.000000 -31.697502 -2.451589 -9.217946 4.157401 1.435887 -0.630332 -2.288512 -0.499378 -1.189447 0.141163 0.163301 0.635011 -11.073966 -0.260343 -1.313735 2.056545 1.245446 0.131250 0.517636 0.339434 0.412762 1.069797 0.359415 0.630628 -4.795363 0.152150 2.256534 -1.001216 0.522060 -0.337507 0.604826 0.554575 0.424614 -0.437614 -0.183307 -0.290950 
0.000000 -46.280930 -2.082367 -9.637606 6.438820 3.740504 -0.800988 -1.173529 0.081939 -0.324474 0.991175 0.351818 1.325031 -14.847446 -0.844514 2.908924 -0.807901 0.675914 -0.288019 0.733284 0.874564 0.771183 -0.280513 0.066881 0.009715 8.572807 -0.792709 0.913008 -1.729881 -1.044823 -0.158824 -0.461128 -0.263746 -0.349857 -0.825863 -0.063768 -0.634591 
370.564758 -61.392394 -4.140617 -3.400097 2.541598 2.787715 -1.206371 -0.821944 1.249751 0.352920 -0.419863 0.297062 0.654442 6.071648 -1.845762 0.512280 -1.403216 -0.844201 -0.186398 -0.404619 -0.188058 -0.286952 -0.581929 0.231879 -0.638553 17.370288 0.327914 -2.596015 0.830332 -0.328187 0.258810 -0.686141 -0.810858 -0.689867 0.225890 0.096356 -0.190137 
0.000000 -34.137633 -5.773890 -8.613047 3.632387 2.052103 -1.173783 -1.982767 -0.294178 -0.898379 -0.172682 0.815576 0.047925 19.893130 -0.188685 -2.283106 0.852762 0.019540 0.229600 -0.638999 -0.747151 -0.608551 0.171266 0.259592 -0.370559 -0.610987 1.729067 -0.016002 0.871595 0.375743 0.021684 -0.005636 0.086624 0.028204 0.386596 -0.108891 0.279506 
0.000000 -21.606135 -4.517988 -7.966309 4.247122 2.826795 -0.747170 -2.099942 -0.244551 -0.864183 -0.077330 0.816246 -0.086675 4.849675 1.612372 0.480277 0.339973 -0.092714 -0.143029 -0.415892 -0.014810 -0.230545 0.191264 0.014097 -0.079541 -9.437463 0.658710 1.300534 -0.614987 -0.342574 -0.243946 0.277970 0.469776 0.187396 0.020691 -0.081863 0.000966 
0.000000 -24.438283 -2.549147 -7.652493 4.312333 1.866675 -1.459841 -2.814551 -0.323797 -1.359468 0.209845 0.843771 -0.111157 1.018205 1.128734 0.317963 -0.377211 -0.665608 -0.258291 -0.083059 0.192400 -0.233758 0.212649 0.095866 -0.368627 -4.418251 -0.198631 -0.567860 -0.489493 0.185877 0.152760 0.125119 0.163003 0.037932 -0.046518 -0.075296 -0.013201 
0.000000 -19.569725 -2.260520 -7.330382 3.492699 1.495578 -1.263753 -2.266059 0.140250 -1.331699 0.347967 1.007979 -0.823929 -3.986828 1.215109 -0.655443 -0.639012 0.279040 0.162491 -0.165654 0.311196 -0.154680 0.098228 -0.136496 -0.105943 -6.596752 -0.360581 -0.821063 0.083320 1.286239 0.040035 0.082377 -0.032685 -0.062257 0.163971 -0.088790 0.125910 
0.000000 -32.411939 -0.118930 -8.963379 3.034308 2.424755 -1.134859 -3.145860 0.298596 -1.668827 0.406301 0.570779 -0.323044 -12.175300 0.407572 -1.324163 -0.210571 1.906869 -0.178220 0.081695 0.127031 -0.358272 0.540591 -0.081713 -0.116808 -1.664443 -0.071016 1.544041 1.274026 0.805804 -0.498398 0.587009 0.055943 0.325311 -0.240962 -0.065994 0.087287 
0.000000 -43.920325 -1.445376 -9.978708 3.071558 5.309315 -1.620194 -2.102669 0.394311 -2.048244 1.429149 0.844553 -1.057545 -7.315713 1.073076 2.432638 1.909039 1.890647 -0.834306 1.008364 0.423082 0.495942 -0.383697 -0.268484 0.068630 7.311191 1.765417 3.463258 1.308778 -1.125995 -0.392197 0.401001 0.057174 0.546698 -0.714290 -0.185526 0.402564 
0.000000 -47.043365 2.027223 -4.098102 6.852386 6.206050 -2.803471 -1.129131 1.144759 -0.676943 -0.361092 0.033812 -0.185783 2.447082 3.938405 5.602354 2.406986 -0.345121 -0.962613 0.883697 0.241379 0.735123 -0.887990 -0.452766 0.688320 7.644667 0.682990 0.402648 -0.472000 -1.881878 0.289269 -0.280073 -0.505589 0.062607 0.207997 0.118875 0.286737 
355.325989 -39.026161 6.431434 1.226001 7.885530 4.619074 -3.545420 -0.335274 0.877070 -0.577998 -0.346831 -0.060979 0.319096 7.973621 2.439056 3.237934 0.965039 -1.873108 -0.255769 0.448219 -0.588097 0.621156 0.032298 -0.030733 0.642103 2.073674 -1.719437 -2.938219 -1.033291 -0.708675 0.395580 -0.571866 -0.394155 -0.120011 0.569802 0.161809 -0.225770 
398.359497 -31.096124 6.905336 2.377765 8.782464 2.459835 -3.315009 -0.232693 -0.031434 0.565368 -0.296496 -0.027655 1.098423 6.594430 0.499532 -0.274085 0.340403 -1.762471 -0.171453 -0.260035 -0.546930 0.495102 0.251615 -0.129148 0.236781 -1.961341 -1.262998 -2.624022 -1.050731 0.425092 0.354262 -0.438628 0.321543 -0.161837 0.124479 -0.293226 -0.495748 
101.458054 -25.837301 7.430497 0.677832 8.566336 1.094133 -3.888326 -0.855344 -0.216790 0.412205 0.156400 -0.319274 0.792658 4.050938 -0.086940 -2.010110 -1.136423 -1.022923 0.452755 -0.429037 0.054990 0.297481 0.281256 -0.617185 -0.349392 -2.300456 -1.087197 -0.872427 -0.458355 0.761102 0.772042 0.249143 0.453654 -0.129610 -0.323069 -0.124317 -0.163092 
102.732071 -22.994247 6.731456 -1.642454 6.509617 0.413989 -2.409499 -1.090766 0.078546 1.160331 0.266016 -1.262024 0.399639 1.993517 -1.674862 -2.018938 -0.576306 -0.240266 1.372631 0.238252 0.360379 0.235881 -0.394522 -0.377781 -0.089402 -1.739474 -0.619201 0.575657 0.794238 0.561364 0.090231 0.392500 0.078860 -0.217831 -0.365293 0.355389 0.228250 
103.345467 -21.850266 4.080772 -3.360044 7.413724 0.613601 -1.143065 -0.378840 0.503968 0.883968 -0.632644 -1.074836 0.613854 0.571990 -1.325342 -0.858795 0.452053 0.099806 0.633217 0.355963 0.212711 -0.138182 -0.449330 0.093594 0.107107 -0.710764 0.174760 0.580071 0.514180 0.170036 -0.369707 0.058856 -0.073834 -0.187031 -0.027404 0.235688 0.098255 
