0.000000 -31.234081 6.225641 -1.534594 5.577281 -5.177978 -2.334738 0.860876 -0.864458 0.285123 -0.555287 -0.913821 0.390714 -2.300050 0.240460 -0.696228 -0.384598 0.055744 -0.299725 0.290937 -0.073753 0.112964 0.145162 0.242011 0.172073 -3.899984 -1.169764 0.752430 -0.741765 0.027501 0.341696 -0.057510 -0.084413 0.049664 0.195039 -0.001783 0.040442 
0.000000 -35.834180 6.706561 -2.927049 4.808085 -5.066490 -2.934188 1.442750 -1.011965 0.511051 -0.264962 -0.429800 0.734860 -10.100018 -2.099069 0.808633 -1.868128 0.110746 0.383667 0.175917 -0.242579 0.212291 0.535240 0.238445 0.252958 -7.325720 -3.118326 0.844993 -1.345736 0.793662 0.611701 -0.601374 0.429710 -0.069662 -0.034054 -0.087092 -0.234522 
88.428154 -51.434116 2.027504 0.082673 1.841025 -4.956487 -1.567404 1.212709 -1.349616 0.709705 0.515193 -0.436932 0.896630 -16.951489 -5.996193 0.993758 -3.076070 1.643067 0.923678 -0.911811 0.785667 -0.026361 0.077054 0.067826 -0.296970 5.987622 0.686019 -1.443262 0.692334 2.224526 0.742299 -0.594989 0.232908 -0.297053 -0.047092 -0.012299 -0.456428 
109.647362 -69.737159 -5.285825 -0.939534 -1.344055 -1.780357 -1.086832 -0.380871 0.559370 0.458330 -0.110855 -0.294147 0.140920 1.875227 -0.727032 -2.077891 -0.483460 4.559798 1.868265 -1.014061 0.223238 -0.381814 0.441056 0.213847 -0.659898 18.043014 5.394054 -1.024484 2.276430 0.739296 0.238611 0.071315 -0.675298 -0.431969 0.333842 -0.158288 0.074651 
0.000000 -47.683663 0.573440 -4.073109 0.874104 4.163109 2.169125 -0.815414 -0.903139 -0.053924 1.397306 -0.009238 -0.423167 19.134538 4.791915 -1.055210 1.476790 3.121660 1.400899 -0.769180 -0.564929 -0.890298 0.744738 -0.248749 -0.147669 3.636242 1.328713 1.680069 0.280727 -2.408492 -0.667157 -0.018961 0.103224 0.008638 -0.454202 -0.276262 0.555535 
217.743042 -31.468083 4.298005 -3.049953 1.609525 4.462963 1.714967 -1.919231 -0.570488 -1.322266 1.378620 -0.791645 -0.154418 9.147712 1.930393 1.282247 0.077993 -0.257186 0.533951 -1.051984 0.429687 -0.364539 -0.467347 -0.338676 0.451171 -7.970377 -2.680641 0.828022 -0.934738 -1.936890 -0.408914 0.395865 0.916663 0.442108 -0.746924 0.081279 0.277792 
114.888176 -29.388240 4.434227 -1.508616 1.030090 3.648738 3.237027 -2.919382 -0.043765 -0.783002 0.462612 -0.686591 0.479175 3.193784 -0.569367 0.600835 -0.392685 -0.752121 0.583072 0.022550 1.268397 -0.006082 -0.749110 -0.086191 0.407916 -1.073378 -1.386290 -0.827434 0.359622 -0.632119 -0.899079 1.602555 -0.415071 0.164200 -0.436307 0.263279 -0.029582 
174.829391 -25.080514 3.159271 -1.848283 0.824154 2.958722 2.881110 -1.874131 1.966305 -1.334430 -0.119600 -0.964028 0.661414 7.000955 -0.842187 -0.372622 0.797237 -1.521423 -1.264206 2.153127 -0.400456 -0.036139 -1.339961 0.187882 0.392008 1.828271 -0.485388 -0.280357 0.057768 -0.388325 -1.513374 0.600574 -1.686819 0.256167 -0.079023 0.156776 -0.039406 
145.084564 -15.386330 2.749853 -2.253860 2.624565 0.605891 0.708615 1.386872 -0.844678 -0.855281 -2.217309 -0.310826 1.263190 6.850326 -1.540143 0.040120 -0.277148 -1.528771 -2.443676 1.223698 -2.105241 0.506253 -0.907156 0.227360 0.329103 -2.430747 -0.378188 0.193019 -1.402752 0.383866 -0.047974 -1.293554 -0.229816 0.272426 0.931489 -0.116844 -0.169553 
153.157150 -11.379862 0.078984 -1.768042 0.269858 -0.098820 -2.006242 0.573264 -2.244176 -0.321925 -1.933912 -0.509307 1.319621 2.139462 -1.598562 0.013416 -2.008266 -0.753692 -1.360153 -0.433982 -0.860088 0.508712 0.523017 -0.045806 0.052902 -3.664088 0.733539 -0.386712 -0.119635 0.416058 1.470786 -0.858073 0.907331 -0.020017 0.671562 -0.017286 -0.124965 
157.652390 -11.107406 -0.447271 -2.227027 -1.391966 -0.901493 -2.011691 0.518908 -2.564853 0.162143 -1.171275 -0.402438 1.368994 -0.477849 -0.073065 -0.733304 -0.516418 -0.696655 0.497896 -0.492448 -0.290578 0.466218 0.435967 0.192788 0.079173 -2.665371 1.164534 -0.384122 1.473946 0.183274 1.076683 -0.293073 0.376478 -0.241546 -0.249755 0.098066 -0.187251 
167.295624 -12.335561 -0.067146 -3.234651 -0.762977 -1.492131 -1.010450 -0.411631 -2.825332 0.610512 -1.061978 -0.123731 1.477966 -3.191281 0.730507 -0.754828 0.939627 -0.387144 0.793212 -1.020129 -0.107132 0.025620 0.023508 0.150327 -0.321600 -5.007911 0.754203 0.279407 0.210744 0.651117 0.163513 -0.270733 0.427396 -0.264800 -0.261154 -0.101599 -0.365416 
0.000000 -17.489969 1.013742 -3.736682 0.487288 -1.675781 -0.425267 -1.521350 -2.779116 0.213383 -1.124258 -0.101784 0.725794 -10.493671 1.435340 -0.174491 -0.094929 0.605578 0.824922 -1.033915 0.564214 -0.063382 -0.086340 -0.010410 -0.651660 -6.205708 -0.251561 0.936488 -1.096018 0.737024 -0.050344 -0.014581 0.631426 -0.332345 0.140987 -0.233078 0.102421 
0.000000 -33.322903 2.803535 -3.583632 -0.952836 -0.280974 0.639393 -2.479460 -1.696904 0.483749 -1.234658 -0.144551 0.174646 -15.602697 0.227384 1.118148 -1.252409 1.086904 0.692525 -1.049291 1.155719 -0.639069 0.305482 -0.315830 -0.116758 -0.886200 -1.505464 0.574011 -0.124739 -0.136439 -0.517276 0.858923 0.068861 -0.152924 0.314475 0.073767 0.410009 
170.492615 -48.695363 1.468511 -1.500387 -2.017530 0.498028 0.959782 -3.619932 -0.467677 -1.064754 -0.513293 -0.733444 0.492278 -12.266072 -1.575588 0.973532 -0.344406 0.332700 -0.209631 0.683932 0.701937 -0.369231 0.542609 0.137125 0.168357 11.312703 -0.046844 -0.513808 1.683140 -0.771896 -0.513382 1.797486 -0.287493 0.603010 -0.557215 0.255922 0.241962 
107.539818 -57.855048 -0.347640 -1.636568 -1.641648 0.384425 0.220131 -1.111596 -0.293031 -0.254712 -0.149440 0.129699 0.511361 7.022708 0.133695 0.090531 2.113871 -0.456888 -0.334239 2.545680 0.580734 0.566950 -0.808948 0.196015 0.367167 16.789385 1.568928 -0.822665 1.217229 -0.482434 -0.257131 0.101785 -0.587748 0.145348 -0.881862 -0.262544 0.252038 
249.604965 -34.649946 1.735902 -1.319324 2.210213 -0.415747 0.291305 1.471429 0.693791 0.069146 -2.131189 -0.341414 1.226611 21.312698 1.562268 -0.671798 2.090053 -0.632169 -0.723892 0.887502 -0.473559 -0.078535 -1.221115 -0.387964 0.672434 1.887110 -0.275844 -0.456952 -1.747417 0.192077 -0.674595 -1.546998 -0.859513 -0.422199 0.671937 -0.151790 -0.134141 
298.539764 -15.229652 2.776896 -2.980164 2.538457 -0.879912 -1.227654 0.663407 -1.240148 -0.411782 -2.591669 -0.646228 1.856229 10.796929 -0.417993 -0.823372 -1.380962 -0.072733 -1.683430 -0.548316 -1.138292 -0.277449 0.534926 -0.107564 0.098885 -9.912665 -1.340643 0.249585 -2.127426 0.461355 -0.072776 -0.423546 0.171597 -0.010403 1.167277 0.152937 -0.474070 
147.167618 -13.056088 0.899916 -2.966069 -0.551710 -0.561213 -3.075554 0.374797 -1.582793 -0.485751 -1.061336 -0.556543 1.424382 1.487368 -1.119018 -0.172628 -2.164800 0.290541 -0.869444 0.040409 -0.130364 -0.099341 1.113440 -0.082089 -0.275706 -5.122745 0.237041 0.316012 0.560118 0.114502 1.063895 0.246967 0.400275 0.195310 -0.130055 -0.108559 -0.037020 
160.121628 -12.254916 0.538861 -3.325419 -1.791143 -0.298831 -2.966542 0.744225 -1.500876 -0.610465 -0.364790 -0.810406 1.304816 0.551438 0.056090 -0.191347 -0.260726 0.156270 0.444359 -0.054383 -0.337742 0.113172 0.274817 -0.324682 0.024845 -0.561978 0.849710 0.735104 1.349919 -0.187339 0.810985 -0.004999 0.158678 0.321736 -0.797329 -0.121115 0.106443 
0.000000 -11.953211 1.012096 -3.348763 -1.073162 -0.248672 -2.186835 0.266032 -2.258278 -0.259407 -0.511703 -1.205908 1.474072 0.363413 0.580403 1.297580 0.535038 -0.084138 0.752526 0.030411 0.186992 0.544131 -0.481218 -0.324320 -0.062820 -1.199875 0.729853 1.347685 0.608443 -0.449760 -0.027910 0.220126 0.633768 0.537349 -0.353404 0.210321 -0.150118 
185.472214 -11.528090 1.699666 -0.730259 -0.721067 -0.467106 -1.461491 0.805047 -1.126891 0.477798 -1.327226 -1.459045 1.179176 -1.848312 1.515796 2.504023 0.956160 -0.743250 0.388539 0.385869 0.929794 1.187869 -0.431991 0.095961 -0.275391 -5.512192 0.448705 0.901386 0.515404 -0.359627 0.118002 0.028323 0.096980 -0.121370 0.197104 0.482530 -0.120972 
181.182587 -15.649836 4.043688 1.659283 0.839158 -1.735173 -1.409758 1.037770 -0.398689 2.116331 -1.375685 -1.013986 0.923289 -10.660972 1.477812 3.100352 1.565845 -0.803391 0.988529 0.087057 0.380952 0.301392 -0.087011 0.640741 -0.304764 -8.509974 -0.617759 0.348143 -0.192339 0.634854 0.451329 -0.561473 -0.002358 -1.253940 0.543606 0.024274 -0.259850 
0.000000 -32.850034 4.655291 5.470445 2.410624 -2.073889 0.515567 0.979162 -0.364987 1.080583 -1.501248 -0.177563 0.569648 -18.868260 0.280278 3.200310 0.571481 0.526457 1.291196 -0.737076 0.925079 -1.320011 0.655220 0.144508 -0.795092 -1.630604 -0.832701 -0.939047 -0.565203 1.055417 -0.397389 -0.175557 0.011940 -0.490850 0.306541 -0.425190 -0.176862 
0.000000 -53.386356 4.604244 8.059903 1.982121 -0.682260 1.172635 -0.436382 1.451468 -0.523690 -0.065244 -0.724970 -0.666895 -13.922180 -0.187590 1.222259 0.435440 1.307443 0.193751 -0.264057 0.404833 -0.680307 0.526072 -0.209639 -0.658489 12.465654 -0.549593 -3.979811 0.506280 -0.286576 -0.888325 1.165261 -0.754978 1.327797 -1.070863 -0.135725 0.775455 
0.000000 -60.694393 4.280112 7.914963 3.281503 0.540997 0.903070 0.451047 0.444678 -0.280031 -0.449105 -0.596841 -0.747330 6.063048 -0.818908 -4.759312 1.584041 -0.046695 -0.485454 1.593445 -0.584878 1.335582 -1.486505 -0.126942 0.755818 17.843429 -0.427920 -3.240879 -0.239029 -0.732057 -0.651096 0.127319 -0.560985 0.416254 -0.787283 0.078519 0.733339 
0.000000 -41.260260 2.966428 -1.458721 5.150203 -0.775650 0.201726 2.750507 0.281712 2.147475 -3.038254 -0.978855 0.844741 21.764679 -1.043430 -5.259500 -0.042618 -0.156671 -1.108440 -0.009419 -0.717137 0.152201 -1.048495 -0.052602 0.808190 4.207592 -0.173703 1.981524 -1.887350 0.415513 -0.350128 -1.665908 -0.294020 -1.431381 1.029862 0.293967 -0.298640 
152.331696 -17.165034 2.193252 -2.604037 3.196267 0.227654 -1.313809 0.432209 -0.989596 0.024371 -2.546095 -0.702045 0.869050 14.478232 -1.166313 -0.796264 -2.190660 0.784330 -1.185709 -1.738371 -1.172917 -1.527180 0.573219 0.460991 0.158537 -9.561840 0.156601 2.476053 -0.923733 0.558303 0.419889 -0.243697 -0.043876 -0.260364 0.779718 0.184766 -0.375457 
156.454544 -12.303796 0.633801 -3.051249 0.768883 0.793011 -2.169693 -0.726234 -2.064122 -0.906886 -1.891816 -0.056873 1.161816 2.641000 -0.730227 -0.307394 -1.890084 0.959934 -0.268662 -0.496813 -0.804888 -0.368526 0.510940 0.316930 0.057275 -7.239193 0.903627 0.252134 0.893415 -0.045613 0.785049 0.699641 0.467018 0.753462 -0.178041 -0.331515 -0.273889 
161.422638 -11.883035 0.732798 -3.218825 -0.583902 2.147523 -1.851134 -0.561418 -2.599372 -0.712681 -1.524214 -0.068185 0.983601 -0.000155 0.640941 -0.291996 -0.403830 0.693104 0.384388 -0.339088 -0.238881 -0.020255 0.217137 -0.202039 -0.389241 -1.770168 0.705406 0.232945 1.028031 -0.605006 0.248632 -0.087487 0.446611 0.236822 -0.381775 -0.169891 -0.241190 
166.247162 -12.304105 1.915683 -3.635241 -0.038776 2.179219 -1.400917 -1.404410 -2.541884 -0.947397 -1.457541 -0.460951 0.383333 -0.899336 0.680584 0.158497 0.165977 -0.250077 0.228601 -0.671788 0.088334 0.105119 -0.252610 -0.022851 -0.425104 -3.239144 -0.330086 0.519641 0.132999 -0.836586 -0.071835 -0.060274 0.456089 0.218054 -0.277684 0.196431 0.166751 
173.643219 -13.681706 2.093966 -2.901831 -0.251948 1.647368 -1.393931 -1.904994 -2.422704 -0.502444 -2.029434 -0.113888 0.133392 -6.478443 -0.019231 0.747286 -0.137832 -0.980068 0.240717 -0.459636 0.673297 0.415853 -0.338230 0.190823 -0.055740 -5.801033 0.290443 0.192437 0.026720 -0.656016 -0.023773 0.392282 0.485891 0.039038 0.380391 -0.048442 0.386316 
0.000000 -25.260992 1.877221 -2.140669 -0.314441 0.219083 -0.919483 -2.323682 -1.195290 -0.115691 -2.134002 -0.079304 0.271853 -12.501401 1.261470 0.543370 0.219417 -1.562110 0.181055 0.112775 1.060116 0.183196 0.508173 -0.119735 0.347528 5.034593 -0.230128 0.172226 0.302753 -0.208982 -1.132720 0.607935 0.014358 -0.118285 0.676427 -0.685408 0.219715 
170.924774 -38.684507 4.616905 -1.815091 0.186887 -1.476851 -1.031820 -1.679445 -0.302472 -0.136053 -1.013089 -0.353357 0.828447 3.590743 -0.479487 1.091738 0.467673 -1.398033 -2.024723 0.756234 0.702014 0.179284 1.014624 -1.179992 0.383689 12.657777 -1.901876 0.265726 -0.107439 0.596405 -1.304278 0.406804 -0.317704 -0.052668 0.007782 -0.388239 -0.102822 
0.000000 -18.079505 0.918248 0.042807 0.620905 -2.576982 -4.968928 -0.811214 0.208738 0.242876 -0.104753 -2.439289 1.039231 12.814154 -2.542281 1.074823 0.004539 -0.369300 -2.427501 0.926383 0.424708 0.077859 0.523738 -0.896212 0.141885 -0.699616 -0.200524 -0.370676 -0.283082 0.785205 0.750846 -0.108418 -0.175175 -0.293647 -0.645212 0.783988 -0.139779 
158.682358 -13.056199 -0.467658 0.334555 0.195965 -2.215452 -5.886822 0.173322 0.546944 0.019665 0.034386 -2.145781 1.112216 2.191512 -0.880535 0.350386 -0.098491 0.172378 -0.523031 0.539398 0.351664 -0.408011 -0.275799 0.387983 0.104130 -6.673160 1.097692 -0.090448 0.349341 -0.079576 1.226523 -0.309392 -0.230047 -0.024681 -0.466571 0.708856 -0.129771 
150.552582 -13.696482 -0.842822 0.743579 0.423923 -2.232227 -6.014989 0.267583 0.912066 -0.573146 -0.656352 -1.663322 1.247491 -0.532166 -0.346897 0.893926 0.703221 -0.528452 0.025545 0.307600 -0.035387 0.028496 -0.409403 0.521499 -0.117658 -2.358513 0.563384 0.106994 0.582497 -0.417760 0.281042 -0.014744 -0.177054 0.467649 0.185049 -0.067599 -0.195013 
141.608612 -14.120532 -1.161451 2.122408 1.602407 -3.272356 -5.835733 0.788521 0.476170 0.076658 -0.784420 -1.102782 0.876900 -2.525514 0.246234 0.564375 1.066503 -0.663143 0.039053 0.509910 -0.002444 0.527287 0.094298 0.252786 -0.285896 -2.022328 0.760869 -0.742327 0.126436 -0.141806 0.059969 -0.284123 0.262139 -0.116110 0.154588 -0.095418 -0.160785 
0.000000 -18.747510 -0.350355 1.872329 2.556928 -3.558512 -5.936883 1.287404 0.907177 0.481428 -0.467755 -1.157750 0.675698 -4.576823 1.174842 -0.590727 0.956094 -0.812064 0.145482 -0.260647 0.488891 -0.203723 -0.100227 0.330663 -0.439228 -1.660912 0.964101 -1.054701 0.103825 -0.453749 0.728281 -0.791100 0.387800 -0.545491 -0.353491 0.266274 -0.156685 
368.374573 -23.274177 1.188233 0.940954 3.514594 -4.896484 -5.544768 0.267227 1.453952 -0.330789 -0.984875 -0.441455 -0.001556 -5.847337 2.174436 -1.545028 1.274152 -1.570640 1.495615 -1.072290 0.773156 -0.563695 -0.612684 0.785335 -0.599266 -3.406191 -0.470102 -0.014572 -0.950846 -0.372960 0.752007 0.300162 0.258081 0.198026 0.284288 0.100098 0.038287 
53.062382 -30.442185 3.998517 -1.217727 5.105233 -6.699792 -2.945652 -0.857177 2.453489 -0.645963 -1.693124 0.412919 -0.522834 -11.389204 0.234639 -0.619870 -0.945599 -1.557985 1.649497 0.339677 1.005052 0.192329 0.468348 0.530859 -0.362654 -5.424295 -2.572421 1.754973 -1.735033 1.737033 -0.221369 0.918223 -0.624977 0.486287 0.874211 -0.568112 0.120480 
52.640076 -46.052584 1.657510 -0.298786 1.623396 -8.012454 -2.245775 0.946581 3.464057 0.053869 -0.048179 0.620264 -0.726863 -16.695928 -2.970406 1.964918 -2.195913 1.903426 1.052878 0.764156 -0.476798 0.408878 1.135738 -0.350890 -0.358305 4.764094 -0.601531 0.717730 0.227612 2.875709 -0.237991 -0.395504 -1.397713 -0.118567 -0.244801 -0.433252 0.361811 
219.804886 -63.834041 -1.942295 2.712109 0.713406 -2.892940 -0.839896 0.671135 1.499894 0.171793 0.578353 -0.288860 -1.239445 -1.861016 -0.968423 0.815590 -0.490376 4.193434 1.173514 -0.451331 -1.790373 -0.044805 -0.021254 -0.335645 0.360967 17.068549 2.125489 -1.129786 1.293950 -0.114769 -0.275235 -0.566380 -0.274474 -0.291871 -0.813434 0.199589 0.498471 
235.139893 -49.774616 -0.279335 1.332394 0.642644 0.374415 0.101253 0.043919 -0.116690 -0.035741 -0.090686 -0.051027 -0.004928 17.441171 1.280573 -0.294655 0.391986 1.673888 0.502407 -0.368603 -1.025746 -0.174863 -0.491131 0.048288 0.638636 6.798819 -0.032487 0.872605 2.293963 -2.017303 -1.609524 0.012218 0.486777 0.227102 -0.176204 0.190048 0.102390 
280.787476 -28.951699 0.618851 2.122799 1.497379 0.454837 0.164918 -0.066071 -0.551599 -0.177933 -0.403908 -0.192285 0.037828 11.736623 -1.033397 2.560799 4.097550 0.158828 -2.045534 -0.426895 -0.816819 0.409398 -0.373662 0.044451 0.565748 -5.938184 -1.297771 0.622099 0.881640 -0.944843 -1.271994 0.480425 0.568999 0.465660 0.542561 0.074573 0.003306 
167.530289 -26.301371 -2.346129 6.453992 8.837744 0.692071 -3.989815 -0.809871 -1.750328 0.783056 -0.838011 0.037876 1.126568 5.564803 -1.314969 0.949543 2.155266 -0.215797 -2.041582 0.592248 0.112252 0.756457 0.593992 0.197433 0.645248 -3.863995 1.138501 -2.795375 -2.766588 -0.212572 1.380087 1.059736 1.154568 0.267418 0.371263 0.093851 -0.455356 
193.268631 -17.822092 -2.011086 4.021886 5.807910 0.023242 -3.918245 1.118425 -0.327094 1.334981 0.784076 0.202581 1.328324 4.008633 1.243605 -3.029951 -1.435626 -0.266316 0.714641 1.692578 1.492316 0.944235 0.368864 0.232154 -0.344963 -2.847084 0.943925 -1.646976 -1.179809 -0.032751 1.574608 0.056319 0.435458 -0.306186 -1.028263 0.127087 -0.666404 
213.915802 -18.284105 0.141081 0.394090 5.966493 0.159440 -2.560534 2.575285 1.234305 2.671525 -0.100282 0.502184 0.436642 -0.129364 0.572882 -2.344409 -0.204353 -0.281300 1.107634 0.704885 0.983169 0.144084 -1.462534 0.451607 -0.687561 -0.010472 -0.915048 1.880728 0.145876 -0.314026 0.172952 -0.949507 -1.256553 -0.915934 -0.656833 -0.285794 0.173905 
221.880539 -18.080821 -0.865322 -0.666933 5.399204 -0.539357 -1.702977 2.528195 1.639243 1.623148 -2.140993 1.105796 -0.046797 3.987689 -0.586491 0.731504 -1.143874 -0.894367 1.060544 -0.206436 -1.020790 -0.887633 -0.944802 -0.339435 0.002847 2.376909 -0.300137 1.346023 -0.825847 -0.243271 -0.288710 -0.547593 -1.100669 -0.625460 0.654038 -0.651173 0.260260 
240.931595 -10.308727 -1.031901 1.857097 3.678745 -1.629294 -0.439445 2.162413 -0.807275 0.896259 -1.989887 -0.176686 0.442336 4.624453 -0.027392 0.347637 -1.856046 -0.767841 0.530213 -0.390301 -1.218170 -1.106837 -0.154457 -0.850738 -0.167041 -2.083641 0.517832 -1.218733 0.233448 0.643107 -0.266220 -0.206083 0.332067 -0.027374 0.470816 0.414950 -0.307189 
225.486084 -8.831914 -0.920107 0.028342 1.687112 -2.075039 -0.642550 1.747594 -0.797097 -0.590525 -2.449907 -0.595680 -0.380880 -0.179592 0.449173 -1.705962 -0.676978 0.391848 0.528104 -0.618602 -0.356656 -0.942382 -0.003170 0.490465 -0.611532 -3.617967 -0.549632 0.144172 0.669105 1.112529 0.282718 0.018726 0.631950 0.337677 0.459190 0.707446 0.148139 
211.683456 -10.667911 -0.133555 -1.554826 2.324788 -0.845599 0.616762 0.925209 -1.520587 -0.988504 -1.996228 0.804245 -0.780729 -2.611481 -1.126657 0.635981 -0.517837 1.457216 1.095650 -0.352849 0.045731 -0.431482 0.763923 0.564153 0.129236 -1.964340 -2.795581 1.957105 -0.292160 0.216088 -0.212887 0.131944 0.412418 0.527347 0.305108 -0.573375 0.471611 
192.529846 -14.054877 -3.173421 1.300303 0.651438 0.839394 1.548750 1.041895 -0.705636 -1.453490 -0.922062 0.532626 -0.122408 -4.108272 -5.141989 2.208249 -1.261299 0.824023 0.102329 -0.354713 0.468179 0.112312 0.607047 -0.656285 0.331690 -0.608606 -2.135658 -0.056070 0.388371 -0.610378 -0.720362 -0.139410 0.067045 0.438853 -0.123882 -0.585268 0.020969 
0.000000 -18.884456 -10.417532 2.861671 -0.197810 0.802447 0.821421 0.215783 -0.584229 -0.763880 -0.782135 -0.508326 -0.117349 -3.828693 -5.397973 0.523841 0.258906 0.236460 -0.345073 -0.631670 0.179820 0.446223 0.516159 -0.606382 0.171174 2.001680 3.484523 -0.930475 0.855865 -0.555875 0.200436 0.428069 -0.014429 -0.020959 -0.253983 0.332443 -0.131356 
0.000000 -21.712263 -13.969368 2.347984 1.169249 1.312314 0.858603 -0.221445 -0.345995 -0.561044 0.110257 -0.680138 0.219939 -0.104912 1.827057 0.347299 0.450431 -0.287728 0.503200 0.501424 0.439321 0.070394 0.099080 0.008601 0.068978 3.392684 6.192643 -0.146058 -0.082765 -0.612924 0.115751 0.390814 0.048716 0.111093 -0.445607 0.435944 -0.261646 
0.000000 -19.094279 -6.763418 3.556269 0.703052 0.226991 1.827821 1.218632 0.294414 -0.623091 -0.583974 -0.491124 0.020607 2.956674 6.987313 0.231725 0.093375 -0.989389 -0.113572 0.149958 0.277252 0.668409 -0.375055 0.265506 -0.352119 -1.260909 0.872522 0.439989 -0.160705 -0.131892 -1.040629 -0.742135 0.040975 0.262569 -0.036896 0.125249 -0.132981 
182.042114 -15.798914 0.005258 2.811435 1.355998 -0.666463 0.631459 0.078472 0.208510 0.775775 -0.639852 -0.149125 -0.484298 -2.626729 3.572100 1.227277 0.129022 -0.551512 -1.578059 -0.982846 0.521272 0.595532 0.025288 0.259098 -0.196984 -6.953672 -4.543791 1.649234 -0.903735 -0.030839 -0.401149 -0.406293 0.261722 -0.284237 0.527277 0.085283 0.234868 
0.000000 -24.347737 0.380783 6.010823 0.961096 -0.876033 -1.328296 -0.747060 1.336958 0.567973 -0.533397 0.027073 -0.373360 -10.950669 -2.100268 3.530193 -1.714095 -1.051066 -0.915870 -0.662627 0.800697 0.099935 0.679499 0.436073 0.117618 0.354438 -1.887340 -0.187651 0.807813 0.246115 0.304959 0.207464 -0.378941 -0.435205 0.014618 -0.238090 0.167479 
76.919220 -37.700253 -4.195278 9.871821 -2.072192 -2.768596 -1.200281 -1.246781 1.809904 0.975644 0.719147 0.723021 -0.249062 -1.917853 -0.202580 0.851976 1.744647 -0.059283 -0.968141 -0.567917 -0.236611 -0.274878 0.054524 -0.217082 0.137975 10.412794 2.033490 -2.793739 2.565958 1.356531 -0.282387 0.641325 -1.197581 -0.021724 -0.540000 -0.518648 0.076877 
0.000000 -28.183442 -0.024378 7.714775 4.450391 -0.994599 -3.264578 -1.882895 0.863736 0.018217 -0.424349 -0.407091 -0.097410 9.874919 1.966712 -2.057285 3.417822 1.661995 -1.480645 0.620023 -1.594464 0.056487 -0.400500 -0.601224 0.271373 3.517183 0.041921 -0.915369 -0.794059 0.417140 0.259822 0.752999 -0.442384 0.405039 0.058362 0.090457 0.028786 
140.970520 -17.950414 -0.261855 5.757251 4.763451 0.555395 -4.161571 -0.006735 -1.379024 1.088619 -0.081854 -0.479427 0.293684 5.116514 -0.118739 -0.978762 0.156530 0.774997 -0.448497 0.938080 -1.121380 0.535201 0.171247 -0.036168 0.195547 -2.379203 -1.042725 0.539262 -1.630646 -0.443499 0.516074 0.159028 0.236542 0.239357 0.285874 0.282528 -0.037913 
