152.417191 -23.153637 2.245069 2.858461 1.540904 -1.375874 -3.024265 1.821964 0.261535 -1.109318 -3.925807 -0.136370 -0.102327 -1.973922 -0.314602 1.822009 -0.722857 -1.286260 0.442697 -0.163334 -0.696580 0.404883 0.434079 -0.360287 0.058790 -0.323382 -0.009143 0.087533 -0.790359 -0.332457 -0.213600 0.138435 0.057754 0.200856 0.119179 -0.084966 0.093321 
0.000000 -27.101482 1.615865 6.502479 0.095191 -3.948394 -2.138872 1.495296 -1.131625 -0.299553 -3.057650 -0.856945 0.015254 -2.620686 -0.332888 1.997074 -2.303575 -1.951173 0.015496 0.113536 -0.581073 0.806594 0.672437 -0.530220 0.245432 -0.754310 0.035685 -0.636622 -0.830985 0.141570 -0.153864 0.230859 0.060740 0.347586 -0.081829 0.092059 0.372651 
0.000000 -28.395010 1.579294 6.852610 -3.066245 -5.278220 -2.993273 2.049037 -0.900611 0.503870 -2.580934 -1.196811 0.388537 -3.482542 -0.243231 0.548765 -2.384827 -1.003120 0.134969 0.298385 -0.575100 1.100055 0.270422 -0.176169 0.804093 -0.695313 0.538886 -0.885211 0.519467 0.824548 0.563365 -0.208232 -0.247887 -0.304836 -0.336724 0.425371 0.174093 
69.369896 -34.066565 1.129402 7.600010 -4.674464 -5.954633 -1.868933 2.092067 -2.281824 1.900558 -2.516806 -1.209284 1.623440 -4.011312 0.744885 0.226652 -1.264640 -0.302077 1.142226 -0.302927 -1.076847 0.196922 -0.001011 0.320521 0.593619 0.136729 0.685428 -0.485456 1.494163 0.393680 0.093404 -0.449041 0.186384 -0.964158 -0.050657 0.401037 -0.428487 
135.800812 -36.417633 3.069063 7.305915 -5.595526 -5.882374 -0.708821 1.443183 -3.054306 0.897714 -2.582956 -0.555769 1.575774 -3.209084 1.127625 -0.422146 0.603500 -0.215760 0.321777 -0.599697 -0.202332 -0.828261 0.169107 0.625905 -0.052881 -2.277022 -0.039410 -0.595001 1.102532 0.566760 -0.754412 -0.180047 1.063908 -0.436355 0.488103 0.151381 -0.406149 
134.140045 -40.484734 3.384652 6.755717 -3.467465 -6.386153 -1.225379 0.892672 -2.686489 0.244036 -2.178593 0.042527 1.517677 -8.565356 0.666064 -0.963349 0.940423 0.831443 -0.366598 -0.663020 1.050968 -0.675787 0.975194 0.623284 -0.218679 -5.089127 -2.452478 -1.222049 0.387639 1.660403 0.069294 -0.032872 0.778317 0.356609 0.447244 -0.222451 -0.358248 
132.159912 -53.548345 4.401191 5.379216 -3.714680 -4.219489 -1.442016 0.117142 -0.952369 -0.453860 -0.632568 0.690798 1.138415 -13.387338 -3.777332 -2.866245 1.378777 3.105045 0.460365 -0.665441 1.354301 -0.115043 1.063595 0.181003 -0.769378 5.740620 -6.992329 -0.441587 0.922455 0.246714 0.282228 0.666363 -0.656019 0.664795 0.013200 -0.745235 -0.141858 
121.384766 -67.259410 -4.170011 1.023227 -0.709911 -0.176063 -0.304649 -0.438210 0.022113 0.013949 -0.051402 0.404533 -0.021078 2.915883 -13.318595 -1.846524 2.785333 1.324870 0.197859 0.669706 -0.261070 0.653802 1.001595 -0.867186 -0.502396 11.170138 -2.901006 0.689928 -0.021554 -1.786661 -0.554933 0.629225 -0.827177 0.235527 -0.273812 -0.501591 0.376190 
0.000000 -47.716578 -22.235998 1.686169 1.855987 -1.569748 -1.046297 1.456553 -1.474509 0.853744 1.370623 -1.043573 0.133624 8.952937 -9.579344 -1.486389 1.335670 -0.468278 -0.649501 0.593009 -0.300052 0.356012 0.515972 -0.822180 -0.016997 -3.400915 8.642571 0.669561 -1.277249 -0.443819 -0.141597 -0.410047 0.314866 -0.601295 -0.670186 0.624578 0.211385 
59.953674 -49.353535 -23.328700 -1.949552 1.961429 -1.112619 -1.603651 0.747807 -0.577992 0.725973 0.980542 -1.239826 -0.055072 -3.885947 3.966548 -0.507402 0.230836 0.437232 -0.085335 -0.150389 0.368662 -0.548788 -0.338777 0.381971 -0.079625 0.549503 8.009497 1.740339 0.205657 0.475350 0.580022 -0.152699 0.157978 -0.110663 -0.676225 0.754498 0.058257 
225.324188 -55.488472 -14.302902 0.671366 2.317658 -0.695285 -1.216967 1.155775 -0.737184 -0.243833 0.693069 -0.279630 -0.025626 10.051944 6.439650 1.994289 1.746983 0.482422 0.510543 0.287612 0.015904 0.134686 -0.836477 0.686816 0.099517 10.635259 -0.196660 0.878143 0.471416 -0.383167 0.457754 0.740285 0.348391 0.634720 -0.513963 -0.241425 0.098715 
0.000000 -29.249646 -10.449399 2.039025 5.455395 -0.147775 -0.582566 1.323030 -0.546183 0.995345 -0.692412 0.133806 0.143961 17.384571 3.573228 1.248884 1.173667 -0.329101 0.830173 1.330181 1.065445 0.720651 -1.366703 -0.100878 0.117806 -2.467524 -1.308510 -0.620286 -1.066089 -1.091407 -0.516104 -0.011667 0.634674 0.194902 0.346264 -0.325951 -0.059832 
0.000000 -20.719329 -7.156447 3.169133 4.664993 -1.353487 0.443380 3.816138 1.393706 1.197470 -2.040338 -0.481385 0.209986 5.116896 3.822631 0.753717 -0.385195 -1.700392 -0.521665 0.264277 1.285252 0.524491 -0.143949 0.034914 -0.020148 -8.187395 -0.720566 0.179137 -0.763296 -0.200099 -1.562180 -1.199069 -0.401961 -0.193709 1.126137 0.534128 -0.178430 
193.541290 -19.015855 -2.804138 3.546459 4.685006 -3.548559 -1.625896 1.851585 2.024321 2.044327 -0.980310 0.203634 0.103665 1.009781 2.132096 1.607158 -0.352925 -0.729300 -2.294186 -1.067957 0.261522 0.333233 0.885570 0.967378 -0.239055 -1.904931 -1.880338 0.602411 -0.024603 0.638893 -0.312744 -0.348927 -0.620466 -0.545840 0.228716 0.186447 -0.334096 
196.528503 -18.699767 -2.892254 6.383450 3.959143 -2.812087 -4.144993 1.680224 1.916750 1.863937 -0.269198 1.453371 -0.268125 1.307034 0.061956 1.958540 -0.434400 -0.422606 -1.147153 -0.433577 0.044319 -0.567190 0.313482 0.407808 -0.688341 0.860214 -0.860630 -0.757838 -0.082331 -0.172476 1.245915 0.312878 -0.130828 -0.642429 -0.720928 -0.735723 -0.299261 
197.620926 -16.401787 -2.680227 7.463538 3.816206 -4.393772 -3.920201 0.984430 2.112959 0.909947 -0.353346 1.019251 -1.273016 2.730209 0.410837 0.091483 -0.517586 -1.074251 0.197644 -0.442200 -0.000133 -0.951625 -0.556285 -0.504068 -0.837578 0.102816 0.103941 -1.423515 -0.428710 0.910902 0.582023 0.284150 -0.347498 -0.138875 -0.347172 -0.500983 0.513992 
204.623489 -13.239349 -2.070580 6.566416 2.923970 -4.960589 -3.749704 0.795824 1.916485 -0.039313 -1.381769 0.445235 -1.943280 1.512666 0.269837 -0.888491 -1.291820 1.399198 0.016893 0.134723 -0.650678 -0.844939 -0.380861 -0.594158 0.339644 -1.835336 -1.235767 -0.533539 -0.650080 1.884618 0.221442 0.342350 -0.065925 0.580751 0.578628 -0.117673 0.946499 
208.699997 -13.376456 -2.140552 5.686556 1.232567 -1.595376 -3.886415 1.253877 0.811604 -0.779931 -1.115068 -0.169066 -0.593727 -0.940462 -2.060697 -0.975594 -1.817745 2.694985 0.640528 0.242499 -0.131982 0.209878 0.600971 -0.739414 1.055420 -1.975196 -2.781162 -0.014319 0.252140 -0.158083 0.454687 -0.410078 0.522012 0.671643 0.513813 0.250129 0.021243 
205.727982 -15.120274 -6.191974 4.615228 -0.711521 0.429380 -2.468648 1.280823 1.652521 0.380442 -0.179826 -1.033593 0.167559 -2.437726 -5.292486 -0.917130 -0.787539 1.083032 0.926266 -0.685433 0.393346 0.498347 0.646764 -0.093901 0.382131 -0.732077 0.024963 0.218399 1.206051 -1.511447 -0.090185 -0.265825 0.317247 -0.216770 -0.227043 0.453840 -0.551581 
0.000000 -18.251908 -12.725525 3.852295 -0.342511 0.570688 -2.033882 -0.116990 1.598296 0.216763 0.178460 -0.356868 0.170535 -2.404617 -2.010771 -0.538797 0.594357 -0.327910 0.460158 -0.289150 0.502512 -0.223662 0.146886 0.168266 -0.047742 1.351185 5.812154 -0.050293 0.702764 -0.495944 -0.561231 0.606178 -0.185463 -0.317934 -0.632340 -0.110059 -0.259687 
0.000000 -19.929508 -10.213516 3.537634 0.477194 -0.226440 -1.548332 0.702522 2.657545 -0.066883 0.113945 -0.697060 0.072076 0.264643 6.331821 -1.017716 0.617989 0.091145 -0.196196 0.526922 0.022421 -0.137522 -0.617916 -0.314019 -0.137243 2.825929 3.116956 -0.551008 -0.175131 0.173833 -0.139224 -0.009367 -0.905672 0.010421 -0.712417 0.033416 0.168772 
188.451889 -17.722622 -0.061882 1.816863 0.893467 0.752977 -2.426274 0.936855 1.643137 -0.058281 -1.057373 -0.984905 -0.103951 3.247240 4.223142 -1.640812 0.244095 0.019756 0.181709 -0.307885 -1.308831 -0.202820 -1.277949 0.235099 0.289802 0.918335 -3.729329 -0.350693 -0.173110 -0.061541 0.509352 -0.646527 -0.580050 -0.008279 -0.012857 0.503296 0.194338 
78.170059 -13.435028 -1.767233 0.256010 0.965385 -0.186927 -1.184913 0.086753 0.039883 -0.472523 -2.441952 -0.226861 0.651680 2.101313 -1.126837 -1.719102 0.271769 -0.031936 0.822507 -0.766132 -1.137680 -0.154081 -0.643631 0.692572 0.251433 -1.993370 -2.581442 0.559657 0.019014 0.271542 0.072791 -0.142986 0.468093 0.145925 1.045187 0.127128 -0.413165 
150.394135 -13.519995 -2.315557 -1.621341 1.437005 0.689104 -0.781261 -0.595409 -0.632222 -0.366442 -2.344635 0.400239 0.398914 -0.739500 -0.939742 -0.521498 0.282123 0.562840 0.327292 -0.593857 -0.372646 0.089029 0.812426 0.489356 -0.536528 -1.479287 0.120230 1.205659 -0.228232 -0.025876 -0.192128 0.574168 0.600726 0.145739 0.668882 -0.267805 -0.236270 
152.752289 -14.914028 -3.646718 -0.786987 1.529631 0.938752 -0.530329 -1.100961 -0.705408 -0.294465 -0.817100 0.751851 -0.421376 -0.857260 -0.886378 0.692217 -0.184695 -0.083689 0.438251 0.382204 0.063772 0.137397 0.694132 0.156962 -0.221107 0.951108 0.954091 0.144456 -0.515149 -0.731753 -0.353105 0.862376 0.313093 0.023581 -0.506308 -0.191978 0.567408 
177.763138 -15.234515 -4.088313 -0.236908 1.067615 0.521726 0.095242 0.169000 -0.504678 -0.091649 -0.956370 0.714163 -0.043299 1.162716 0.968439 -0.232586 -0.748175 -0.900667 -0.378917 1.130895 0.253541 0.136191 -0.200191 0.105399 0.598288 1.255033 1.138444 -0.810371 -0.136168 -0.783734 -0.633030 0.010077 0.294491 -0.133136 -0.419281 -0.290736 0.431148 
177.120926 -12.588596 -1.709839 -1.252159 0.033280 -0.862581 -1.288162 1.160829 -0.198326 -0.022084 -1.217482 0.962650 0.775200 1.652805 1.390509 -0.928525 -0.457032 -1.651158 -0.827809 0.402359 0.652755 -0.128875 -0.144429 -0.424510 0.641190 -0.144418 -0.658145 0.092576 0.661814 -0.148724 0.110859 -0.889137 0.085938 -0.323780 0.175851 -0.393560 -0.285800 
175.959534 -11.928904 -1.307295 -2.093958 0.153550 -2.780590 -1.560377 0.973717 0.800831 -0.349400 -1.245229 -0.134857 1.239080 0.873880 -0.347851 -0.047434 0.575452 -1.198116 -0.157199 -0.647378 0.425417 -0.511369 0.151511 -0.681722 0.026689 -0.525533 -0.913063 0.708656 0.389761 0.524154 0.344233 -0.438858 -0.274883 -0.090637 0.097226 0.025130 -0.647009 
174.071533 -10.840836 -2.405541 -1.347028 1.184184 -3.258812 -1.602561 -0.133928 0.652507 -1.044822 -0.914459 -0.400793 0.828578 0.601740 -0.435618 0.488787 0.322490 -0.602850 -0.139343 -0.475357 0.102989 -0.310150 0.050023 -0.374249 -0.652828 -1.141765 0.762263 0.712013 -0.263471 0.479913 -0.177599 0.457707 -0.084557 0.216550 -0.068202 0.159010 -0.283937 
170.598297 -10.725424 -2.178531 -1.116385 0.798529 -3.986290 -1.839063 0.023004 1.006810 -0.969700 -1.145182 -0.883355 -0.066576 -1.409649 1.176675 1.376591 0.048510 -0.238290 -0.512396 0.268035 0.256303 -0.078269 0.015107 -0.363703 -0.541186 -2.992499 1.545916 0.256065 0.370038 0.793475 -0.484422 0.510022 0.438719 -0.088302 0.202548 0.504716 0.446313 
160.006439 -13.660134 -0.052192 1.406155 1.281203 -3.735393 -2.627353 0.402143 1.165113 -1.201360 -0.884244 -1.128198 -0.253793 -5.383258 2.656215 1.000917 1.062566 0.984100 -1.108187 0.544687 0.980427 -0.486755 0.455119 0.635183 0.239797 -4.175448 0.593894 -0.454818 1.021974 1.211304 -0.654228 0.100549 0.569665 0.093216 0.048917 0.910832 0.498291 
152.224579 -21.491941 3.133898 0.885448 2.923662 -2.018091 -4.055436 1.112377 2.967664 -1.943210 -0.234945 0.387011 0.413018 -9.760545 2.364462 0.466955 2.092457 2.184318 -1.820853 0.469133 1.395633 0.108163 0.112941 1.457961 0.455396 -1.084681 -0.688031 0.731539 -0.251583 0.394630 -0.177083 -0.362313 -0.867947 0.793650 -0.417495 0.128214 -0.436117 
142.583191 -33.181224 4.676733 2.340066 5.466118 0.633243 -6.269058 1.340409 3.956379 -0.985033 -0.658363 1.787724 0.656998 -7.552619 1.280152 2.463995 0.559401 1.773360 -1.462352 -0.179939 -0.755467 1.100546 -0.379870 0.891611 -0.632438 7.306197 -1.627082 -0.067611 -1.215786 -1.575281 0.847856 -0.343009 -1.186837 0.139168 -0.065394 -1.407389 -0.557341 
135.576218 -36.597179 5.694203 5.813438 4.042464 1.528629 -6.980139 0.752499 1.456730 0.257882 -0.994685 2.170232 -0.851858 4.851849 -0.889702 0.331733 -0.339115 -0.966243 -0.125141 -0.216884 -0.978041 0.386500 -0.017848 -1.356817 -0.659286 8.977331 -2.287153 -1.988948 -0.410636 -1.952874 1.048048 0.027459 0.520721 -0.727729 0.252586 -1.396395 0.337762 
145.112732 -23.477526 2.897329 3.003532 4.787888 -1.299243 -6.519340 0.906640 2.000298 -0.212034 -0.694058 -0.925910 -0.661573 10.402042 -3.294153 -1.513901 -0.261871 -2.132388 0.633743 -0.125021 0.285975 -0.354913 0.125302 -1.901180 0.043085 -1.248029 -0.711482 -0.571339 -0.205411 0.291711 0.988423 0.405883 0.627772 -0.237287 -0.085854 0.662500 0.365811 
158.153992 -15.793096 -0.894104 2.785636 3.518722 -2.736147 -5.712652 0.502457 2.028680 -0.451943 -0.744081 -1.632127 -0.765688 2.355792 -2.312666 -0.810945 -0.749938 -0.382821 1.851706 0.594883 0.277504 -0.088075 -0.189556 -0.031816 0.072336 -9.314848 1.175426 0.637576 -0.017968 1.467996 0.760110 0.792632 -0.370137 0.306187 -0.161671 1.473940 -0.017096 
167.575897 -18.765943 -1.728004 1.381642 3.288013 -2.064885 -2.815928 2.096406 2.555306 -0.388183 -1.073170 -0.989542 -0.516901 -8.227654 -0.943302 -0.238750 -0.297807 0.803605 2.153963 1.460244 -0.454299 0.257462 -0.198039 1.046699 0.008894 -8.946866 0.866743 -0.031435 -0.106689 0.749179 -1.044246 -0.546357 -0.906844 0.373492 0.278715 -0.187855 -0.300591 
170.039642 -32.248404 -2.780707 2.308136 2.923108 -1.128938 -1.404727 3.422944 1.120082 0.062980 -1.140159 0.461272 -0.747900 -15.537941 -0.579180 -0.873815 -0.963315 1.115537 -0.236786 -0.497830 -1.536184 0.658910 0.367874 -0.407527 -0.528846 1.696784 -2.816581 -1.991795 0.605345 0.375328 -1.377692 -1.614788 -0.695386 0.577545 0.260925 -0.952150 -0.341454 
170.402573 -49.841825 -2.886363 -0.365987 1.361383 0.166190 -3.289499 1.100745 -0.517063 0.929636 -0.337422 -1.804596 -1.574592 -4.834086 -6.576464 -4.222340 0.912884 1.554261 -0.601422 -1.769332 -1.845071 1.412551 0.323810 -0.857601 -0.674013 8.646657 -3.601869 0.015068 1.033513 -0.784169 0.759234 0.150953 0.483267 -0.119199 -0.194132 0.697210 0.466203 
0.000000 -41.916576 -15.933636 -6.136543 4.748876 1.979584 -2.607570 -0.115719 -2.570060 2.888081 -0.492540 -1.253931 -2.095926 1.755372 -7.782917 -0.843679 1.103711 -0.452800 1.281682 -0.195924 -0.569650 0.420511 -0.020389 0.986893 0.403560 4.838983 3.957637 3.065720 -1.294831 -1.322422 0.460071 1.113306 1.651377 -1.577678 -0.204807 1.026509 0.716674 
0.000000 -46.331080 -18.452197 -2.053345 3.568805 -0.739411 -0.726136 0.708897 -1.656364 1.770659 -0.378201 0.169191 -0.767472 4.843880 1.338809 1.909101 -1.676778 -1.090583 0.318720 0.457281 1.457684 -1.742805 -0.085805 1.195417 0.759335 4.169179 3.310560 0.691818 -0.858414 0.402303 -1.216541 0.212656 0.859859 -0.904187 0.048277 -0.362987 -0.136209 
0.000000 -32.228816 -13.256017 -2.318341 1.395320 -0.201583 -1.970130 0.798844 0.345309 -0.597528 -0.664149 1.136902 -0.577256 10.093730 -1.161797 0.539956 -0.613117 0.351807 -1.151399 0.229388 1.150068 -1.387863 0.076164 0.260918 0.131142 -1.055566 -2.359219 -0.710296 1.473221 1.055100 -0.285396 -0.415528 -0.812225 0.924563 0.256315 -0.807009 -0.633267 
0.000000 -26.143619 -20.775790 -0.973433 2.342571 -0.035798 -3.028934 1.167674 0.643772 -1.005066 -0.225873 0.691027 -0.505187 2.732748 -3.379629 0.488509 1.269664 1.019617 -0.252071 -0.373775 -0.166765 0.106322 0.426825 -0.418602 -0.507200 -4.542744 3.555650 0.065415 1.178608 1.757323 1.335149 -0.481490 -1.117190 0.912545 0.101756 -0.537077 -0.065673 
0.000000 -26.763319 -20.015276 -1.341323 3.934647 1.837651 -2.474272 0.051293 0.011778 -0.384885 0.189501 0.299698 -1.591656 1.008242 5.949503 0.670787 1.744100 3.866452 1.518899 -0.733592 -1.084313 0.437227 0.279677 -0.813235 -0.000204 0.804556 5.546556 0.003240 -1.515954 -0.075344 0.516000 0.455467 -0.019733 -0.350083 -0.653503 -0.064003 0.834194 
0.000000 -24.127135 -8.876784 0.368141 5.830770 7.697106 0.008864 -0.299509 -1.524854 -0.130612 0.333481 -0.935444 -0.505595 4.341860 7.713482 0.494990 -1.762245 0.868929 0.779929 0.537158 -0.206232 -0.593843 -0.880182 -0.546607 1.161189 1.264633 -1.613806 -0.390609 -2.837307 -3.750560 -1.270127 0.814920 1.166345 -0.502764 -0.663817 0.565896 0.288721 
153.161514 -18.079599 -4.588311 -0.351344 0.410158 3.575508 -0.914413 1.125610 -0.400686 -1.572572 -1.570863 -0.793516 0.730721 3.537508 2.721891 -0.110432 -3.930514 -3.634667 -1.021355 0.896248 1.248377 -0.568301 -1.047957 0.318557 0.577239 -2.778732 -3.137240 -0.015889 0.420501 -1.661361 -1.031094 -0.297566 0.706263 0.402453 0.750361 0.365049 -0.668830 
153.339798 -17.052120 -3.433002 0.147276 -2.030257 0.427771 -2.033846 1.492987 0.971900 -1.267214 -1.762433 -0.298329 0.648884 -1.215604 1.439002 0.463212 -0.921243 -2.453794 -1.282260 -0.057973 1.206295 0.211062 0.620541 0.183491 -0.176470 -3.936845 -0.461635 0.236174 2.445354 0.783943 -0.182772 -0.550298 -0.563000 0.435371 0.883057 -0.187632 -0.247169 
152.802658 -20.510808 -1.710308 0.575080 -1.432328 -1.332080 -3.478932 1.009663 2.011903 -1.150447 -0.329782 -0.426535 0.377781 -4.336181 1.798622 0.361916 0.960195 -2.066781 -1.386898 -0.204348 0.122378 0.302440 0.718157 -0.056708 0.082902 -0.912249 -0.070005 0.143530 1.109926 0.720333 -0.054805 0.037226 -0.452187 0.028627 -0.108952 -0.118145 0.038563 
152.522324 -25.724482 0.164242 0.871109 -0.109867 -3.705792 -4.807643 1.084291 1.216655 -0.662335 -0.326119 -0.411744 0.814688 -3.040102 1.298991 0.750273 1.298609 -1.013129 -1.391870 0.016478 0.301920 0.268315 0.402637 -0.052799 -0.099344 2.219444 -0.863263 0.337979 -0.160190 1.237405 0.407290 0.241032 0.394243 -0.105157 -0.409401 -0.130630 -0.095619 
148.425644 -26.591012 0.887675 2.075626 1.164891 -3.358337 -6.262672 1.042620 2.615743 -0.613817 0.475493 -0.532133 0.179092 0.102706 0.072095 1.037875 0.639816 0.408029 -0.572319 0.277715 0.910865 0.092127 -0.100646 -0.317968 -0.108336 2.197416 -0.921720 -0.271848 -1.485381 1.804736 1.078608 0.075578 -0.365165 -0.319263 -0.603834 -0.244867 0.037162 
141.651550 -25.519071 0.308431 2.946858 1.169764 -2.889734 -5.952280 1.639721 3.038384 -0.478081 -0.527411 -1.047680 0.598015 1.354729 -0.544449 0.206576 -1.672152 2.596344 0.765346 0.167635 -0.428410 -0.370211 -0.805031 -0.542534 -0.025021 -0.380569 0.445441 -1.273643 -1.631773 1.677451 1.139644 -0.308042 -1.395638 -0.280645 0.202416 0.078465 -0.385227 
133.627945 -23.881553 -0.201224 2.488778 -2.179413 1.834351 -4.731980 1.377890 1.758923 -1.354240 -1.134569 -1.617202 0.129051 -0.658433 0.962976 -1.509411 -2.623731 3.762931 1.706969 -0.338368 -1.880411 -0.469164 0.304186 -0.161039 -0.878790 -2.118035 0.997744 -0.923896 0.333460 -0.528849 0.815828 -0.666200 -0.245547 0.182532 1.070901 0.196577 -0.076349 
128.389359 -26.835936 2.234384 -0.071964 -4.077697 4.636128 -2.538343 0.962984 -0.722438 -1.416408 0.080961 -1.369758 -1.159565 -2.881340 1.451039 -1.641217 -1.005232 1.538645 2.397003 -1.164764 -0.919504 -0.005148 1.336771 -0.149380 -0.177720 1.642936 -1.190455 0.820946 1.181304 -3.134653 -0.053595 -0.064321 1.286242 0.519486 -0.081619 0.076082 0.700168 
65.491302 -29.644233 2.700854 -0.793656 -4.189877 4.911641 0.062026 -0.951639 -0.080084 -1.364535 1.538974 -1.915963 -0.226389 2.627440 -1.417934 0.132480 -0.261122 -2.506374 1.599778 -0.467010 0.692072 0.569808 0.140949 -0.008876 0.521546 4.040905 -1.955886 1.353033 0.622864 -2.307791 -1.241433 1.045329 0.607315 0.163174 -0.999278 0.428093 0.116372 
131.325119 -21.581057 -0.601485 0.192996 -4.599942 -0.376621 0.661213 0.028963 0.661705 -0.276792 0.362859 -1.387510 -0.116473 5.200471 -2.460732 1.064849 0.240496 -3.076936 -0.085863 0.925894 0.295125 0.321201 -0.661785 0.706806 0.055024 -3.343801 0.138233 0.416720 0.412655 1.396787 -1.350228 0.370884 -0.497803 -0.378584 -0.079588 0.303359 -0.255356 
0.000000 -19.243291 -2.220611 1.336043 -3.708884 -1.242231 -0.109699 0.900150 0.510167 -0.722133 0.215404 -0.502351 -0.116341 -4.060163 -1.141469 0.965920 0.564188 0.287200 -1.100679 0.274758 -0.303535 -0.187360 -0.018227 0.597842 0.010835 -5.901866 0.850821 -0.316357 -0.068101 2.055188 -0.259459 -0.303113 -0.242838 -0.298687 0.276250 -0.165239 -0.070668 
65.631409 -29.701382 -2.884423 2.124835 -3.471566 0.197779 -1.540144 0.578480 0.054635 -0.651513 0.326404 -0.191825 -0.094803 -6.603261 -0.759090 0.432135 0.104294 1.033440 -0.604781 0.319667 -0.190551 -0.276173 -0.109284 0.376329 -0.086312 -2.695012 0.244189 -0.599238 -0.460275 -0.624659 0.376175 0.672990 0.449078 -0.223276 0.048125 -0.321042 -0.200252 
0.000000 -32.449814 -3.738791 2.200313 -3.500297 0.824648 -1.319261 1.539484 0.129065 -1.274479 -0.003164 0.250307 -0.288965 -9.450186 -0.653091 -0.232557 -0.356362 -0.962118 -0.348328 1.620739 0.594620 -0.633912 0.078022 -0.044242 -0.389670 -1.766688 0.519859 -0.211711 -0.617207 -1.343024 0.159647 0.435866 0.295578 0.110729 -0.029275 -0.626513 -0.078934 
144.928802 -48.601754 -4.190605 1.659721 -4.184291 -1.726457 -2.236800 3.819957 1.243875 -1.919338 0.482449 -0.280309 -0.874143 -10.136637 0.280628 0.008712 -1.130120 -1.652608 -0.285486 1.191399 0.400605 -0.054714 -0.167834 -0.876698 -0.244179 5.871896 -2.505390 -1.423929 0.757881 0.527871 1.334838 -1.153059 -0.748375 0.352420 -0.400739 0.071707 0.616225 
185.811996 -52.723087 -3.177536 2.217737 -5.760537 -2.480568 -1.890233 3.922282 0.930276 -1.383908 -0.338832 -1.503090 -0.777324 2.293605 -5.663871 -3.080415 1.159400 0.093623 2.321349 -0.685378 -0.902131 0.070928 -0.723456 0.099173 0.842780 7.245454 -3.225516 -1.684068 1.538821 1.061643 1.216775 -0.963969 -0.572968 -0.071036 -0.072491 0.793631 0.519275 
152.604553 -44.014544 -15.518347 -4.501109 -1.865492 -1.539210 2.405897 2.449201 -0.560387 -1.777481 -0.964463 -0.081964 0.811418 4.354272 -6.170405 -3.359423 1.947523 0.470679 2.148065 -0.736540 -0.745331 -0.196786 -0.312816 0.710563 0.794371 1.030333 -0.253267 -0.139504 0.394062 0.188528 -0.086642 -0.025581 0.078400 -0.133857 0.205320 0.305695 -0.024205 
