0.000000 -65.820847 -14.874758 2.536606 -1.898329 2.860988 -1.099815 1.007682 -0.885252 0.751603 -0.083275 0.683119 -0.585835 8.756705 5.670290 2.713354 0.622397 1.103482 0.282942 0.110949 0.530268 0.192790 -0.077264 -0.460340 0.208916 1.285460 1.229466 0.029849 0.697833 -0.312031 0.707789 0.315273 -0.114369 0.145761 -0.141756 -0.137289 0.065808 
0.000000 -48.307437 -3.534178 7.963315 -0.653535 5.067952 -0.533932 1.229580 0.175283 1.137183 -0.237803 -0.237562 -0.168002 11.327624 8.129223 2.773053 2.018063 0.479420 1.698520 0.741495 0.301530 0.484312 -0.360776 -0.734918 0.340532 -2.870721 -0.771294 -2.096725 0.077524 -1.887181 1.319517 0.765417 -0.044304 -0.175579 -0.490781 -0.041184 0.156266 
106.810806 -43.165598 1.383687 8.082712 2.137797 3.819828 2.297224 2.490673 -0.282193 1.720226 -0.804828 -0.786718 0.095229 3.015264 4.127702 -1.480095 0.777446 -2.670880 2.921975 1.641783 0.441660 -0.158368 -1.058826 -0.542709 0.521448 -3.653483 -3.490282 -3.646160 -1.080315 -1.208300 -0.614920 0.291515 0.067283 -0.288431 0.199522 0.033204 -0.178904 
104.223099 -42.276909 4.721226 5.003124 0.901356 -0.273808 5.310019 4.513146 1.058603 0.820446 -2.355455 -1.322981 0.874895 4.020658 1.148659 -4.519267 -0.142567 -1.937181 0.468680 1.324525 0.436096 -0.092550 0.038267 -0.668511 -0.017277 2.379724 -2.772631 -1.275191 -0.594502 1.166016 -2.551818 -0.921733 -0.625836 0.336899 0.900041 0.146245 -0.334271 
99.619141 -35.124282 3.681006 -0.955822 1.852664 -0.054533 3.234583 5.139723 0.589999 1.535126 -0.728294 -2.123739 0.060674 7.774712 -1.417561 -4.030478 -0.411559 -0.338848 -2.181660 -0.201684 -0.810012 0.515430 0.741256 -0.250220 -0.147094 -2.863520 -2.940878 3.012961 -1.053379 1.371865 -1.539172 -1.549646 -0.591940 0.386229 0.202948 0.859471 0.338652 
0.000000 -26.727485 1.886104 -3.057831 0.078238 -0.951504 0.946700 4.109777 -0.561422 1.851307 -0.872944 -1.823421 0.580707 -1.706382 -4.733096 1.506655 -2.249324 0.806550 -2.609665 -1.774767 -0.747785 0.679907 0.444163 1.050432 0.660028 -8.921067 -2.563894 3.630626 -0.139088 0.907451 0.501005 -0.819343 0.315479 0.365651 0.114917 0.529005 0.324259 
234.426544 -38.537047 -5.785186 2.057488 -2.645984 1.558567 -1.984747 1.590190 -0.905571 2.894941 0.160033 -0.022876 1.380729 -10.067422 -6.545349 3.230775 -0.689735 1.476055 -1.179649 -1.840370 -0.179055 1.246733 0.971090 0.807790 0.501424 -4.610858 -0.268658 -0.488118 1.147051 -0.049161 1.313364 0.689354 0.341514 -0.469474 -0.001207 -0.646876 -0.727575 
0.000000 -46.862330 -11.204595 3.403718 -1.301232 2.000605 -1.412599 0.429037 -0.919531 4.344772 1.069236 -0.207841 1.583555 -10.928097 -5.270413 0.530418 0.044779 0.708228 0.017063 -0.396060 -0.064757 -0.259040 0.441750 -0.243320 -0.795123 7.047189 7.719776 -0.974736 -0.739266 -1.148705 1.410101 1.885136 0.434138 -1.738964 -1.089936 -0.545876 -0.597543 
0.000000 -60.393241 -16.326011 3.118324 -2.556426 2.975023 -1.950621 0.798071 -1.035085 2.376861 1.043532 -0.509516 -0.209517 4.026956 8.894203 1.281303 -2.168268 -0.821356 1.640552 1.929902 0.689221 -2.231195 -1.208783 -0.283962 -0.693662 13.152583 9.443621 0.358769 -0.455881 -1.878364 1.289314 0.793025 0.379541 -0.482876 -1.253806 0.529772 0.238807 
0.000000 -38.808418 6.583812 5.966324 -5.637768 0.357893 1.868506 4.288842 0.458912 -0.117618 -1.348329 -0.775765 0.196232 15.377069 13.616830 1.247956 -0.866984 -3.048500 2.595691 1.189990 0.694324 -1.224792 -2.065863 0.816224 -0.317509 0.485188 -3.150909 -1.080085 1.857729 -0.847149 -0.643839 -1.382701 -0.424686 1.130200 0.344539 0.394389 0.208915 
134.771378 -29.639103 10.907648 5.614237 -4.290394 -3.121976 3.240761 3.178051 0.353564 -0.072723 -3.088195 1.122933 -0.844536 4.997332 2.592386 -0.878866 1.547190 -2.515654 0.352875 -0.835499 -0.160151 0.029205 -0.519705 0.504816 -0.275831 -7.563757 -6.557550 -0.992146 0.811610 0.934197 -1.454659 -0.887318 -0.382448 0.621619 1.414216 -0.691768 0.178083 
132.956558 -28.813755 11.768584 4.208592 -2.543387 -4.673415 2.574257 2.617843 0.138609 -0.059209 -2.387738 0.233866 -0.355430 0.249555 0.501731 -0.736336 0.756237 -1.180105 -0.313627 -0.584645 -0.070571 0.018447 0.762569 -0.567312 0.038656 -3.022680 -1.320546 0.790374 -0.942484 1.148920 -0.364463 0.287383 0.222453 -0.007926 0.489142 -0.340776 0.095828 
128.709915 -29.139993 11.911110 4.141566 -2.777920 -5.482186 2.613508 2.008761 0.212422 -0.035829 -1.563058 -0.011691 -0.767223 -1.048028 -0.048707 0.701882 -0.337778 -0.217813 -0.376051 -0.260734 0.284755 0.013353 0.458578 -0.176736 -0.084175 -0.919321 -0.466661 1.062429 -0.459778 0.503262 -0.106808 0.389921 0.081719 0.194664 -0.410203 0.265058 -0.088014 
125.761482 -30.909811 11.671171 5.612356 -3.218944 -5.109042 1.822154 2.096375 0.708118 -0.032503 -1.470582 -0.119606 -0.523779 -1.589087 -0.431591 1.388523 -0.163318 -0.173581 -0.527243 0.195196 0.092867 0.407775 -0.057837 -0.037196 -0.137372 0.287982 -0.035289 -0.064397 0.159538 -0.206828 -0.015193 0.213084 -0.331594 0.520579 -0.356551 -0.117556 0.079403 
124.471359 -32.318168 11.047929 6.918612 -3.104557 -5.829348 1.559022 2.399154 0.398155 0.779721 -1.678731 -0.086082 -1.041967 -0.472064 -0.119285 0.573088 -0.018703 -0.631470 -0.406437 0.165434 -0.378434 1.054511 -0.254523 -0.411849 0.074631 0.944474 0.192306 -0.951018 0.049144 0.077311 -0.058973 0.061479 -0.454737 0.010741 0.037150 0.061390 0.287926 
120.052086 -31.853939 11.432601 6.758533 -3.256350 -6.371981 1.009281 2.427243 -0.048750 2.076519 -1.979628 -0.943303 -0.374518 0.299862 -0.046979 -0.513514 -0.065030 -0.018960 -0.645190 0.318155 -0.816608 0.429256 0.016464 0.085585 0.438480 -1.017036 -0.311265 -0.710899 -0.142864 0.521151 0.007477 -0.073883 0.003532 -0.705530 0.330748 0.529518 0.122286 
115.978127 -31.718445 10.953971 5.891584 -3.234618 -5.867268 0.268642 3.035464 -1.235062 1.638234 -1.645804 0.085088 -0.165006 -2.506136 -0.741816 -0.848710 -0.304430 0.410832 -0.391483 0.017668 -0.371370 -0.356548 0.406973 0.647187 0.319202 -3.195936 -0.041591 -0.615806 -0.618403 0.626805 -0.032136 -0.590067 0.768010 -0.748538 0.329138 0.206032 0.021867 
115.783188 -36.866211 9.948969 5.061112 -3.865211 -5.550317 0.226315 2.462578 -0.791490 1.363423 -1.165681 0.351071 0.263886 -6.092011 -0.130161 -1.745125 -1.301835 1.234650 -0.709462 -0.861980 0.719411 -1.067819 0.674739 0.497650 0.482215 1.891251 1.591680 -0.502965 -0.148306 0.532552 0.482625 -0.448051 0.567838 -0.676604 -0.028384 -0.264928 -0.010526 
114.578018 -43.902467 10.693650 2.401333 -5.838289 -3.397967 -1.150282 1.311505 0.203760 -0.497404 -0.296325 1.080387 0.799423 1.276366 2.441545 -1.854640 -0.601042 1.475935 0.573767 -0.878435 0.764306 -1.709756 0.350206 0.117332 0.298149 6.045009 0.749456 0.189690 1.304823 -0.246828 1.560695 0.099489 -0.261712 0.193215 -0.288858 -0.465264 -0.308559 
120.009369 -34.313480 14.832058 1.351831 -5.067295 -2.598446 1.373849 0.705709 0.737123 -2.056089 -0.465270 0.585734 0.860185 5.998008 1.368751 -1.365744 1.307810 0.740993 2.411928 -0.663002 0.195987 -0.681390 0.097024 -0.432879 -0.134903 -0.427709 -1.756645 0.639231 1.145810 -0.491298 0.433762 0.600171 -0.685217 1.070352 -0.029072 -0.231205 -0.131055 
120.325294 -31.906452 13.431152 -0.330155 -3.222670 -1.915980 3.673574 -0.014500 0.595734 -1.860184 -0.102278 0.214629 0.529617 0.420949 -1.071746 -0.576177 1.690579 0.493339 1.441292 0.321908 -0.606128 0.430949 0.292061 -0.345078 0.036038 -3.887477 -0.629376 1.351493 -0.722298 -0.144099 -1.463626 1.001281 -0.087375 0.663371 -0.304984 0.192039 0.108708 
122.255043 -33.471583 12.688567 0.199477 -1.686138 -1.611768 4.256432 1.349526 -0.475134 -1.194192 0.118852 -0.104422 0.932262 -1.776946 0.109999 1.337243 -0.136786 0.452795 -0.515323 1.339560 0.021237 0.645352 -0.512945 -0.048801 0.082513 -0.083388 0.563311 1.227339 -1.646712 -0.219280 -1.538470 0.074138 0.847314 0.227939 -0.766610 0.503307 -0.394164 
120.679031 -35.460343 13.651150 2.344330 -3.496241 -1.010390 2.642927 2.664620 0.638208 -0.569480 -1.128169 0.117027 0.694644 0.254172 0.054877 1.878501 -1.602845 0.054779 -1.635647 0.470185 1.088500 0.886827 -1.241159 0.661537 -0.752289 1.090126 -0.554407 0.384671 -0.048108 -0.919788 -0.119442 -1.265857 0.468256 0.153122 0.124016 0.393317 -0.535231 
119.576378 -32.963239 12.798321 3.956479 -4.891828 -1.502211 0.985137 2.289895 1.701867 0.579462 -2.363466 1.218651 -0.572317 0.403305 -0.998815 2.106584 -0.233002 -1.386781 -0.754208 -1.192154 0.957750 0.951596 -0.264913 0.737834 -0.987949 -1.372750 -0.120717 0.002216 1.691681 -0.909441 0.791361 -1.008725 -0.113087 -0.158794 1.014679 -0.535033 0.060832 
117.129860 -34.653732 11.653521 6.557499 -3.962245 -3.783952 1.134512 0.280311 2.553707 1.333712 -1.657996 1.592695 -1.281254 -2.491327 -0.186556 1.882933 1.780517 -1.764104 -0.052926 -1.547265 0.862326 0.569238 0.788199 -0.408530 -0.630624 -1.754662 0.961007 -1.116428 0.981978 0.776510 -0.303057 0.908950 -0.454730 -0.509126 0.543563 -0.880764 0.517132 
113.357841 -37.945894 12.425208 7.722345 -1.330794 -5.030418 0.879285 -0.804635 3.426519 1.717938 -0.787068 0.401590 -1.833566 -3.106019 0.923199 -0.126271 1.730953 0.166239 -1.360321 0.625745 0.048290 -0.066657 0.822213 -1.023695 0.046314 -1.332822 0.059091 -1.271883 -0.809624 1.545692 -0.452235 1.276215 -0.379139 -0.558209 -0.274881 -0.043402 0.499948 
106.504860 -40.865770 13.499919 6.304957 -0.500339 -3.451474 -1.586129 1.531802 2.650287 1.200398 -0.013570 -0.454695 -1.188625 -5.156971 -0.068375 -0.660832 0.161268 1.327280 -0.957396 1.005164 0.104049 -0.547180 0.238436 -0.495334 0.369271 -1.979513 -1.644906 0.331517 -0.399339 0.935967 1.138416 -0.395903 0.121227 -0.036916 -0.414233 0.478436 -0.107500 
102.385681 -48.259835 12.288458 6.400680 -1.008258 -2.375858 -1.035508 1.205694 3.634617 0.623577 -0.310196 -0.589078 -1.095024 -7.065044 -2.366612 0.536763 0.932274 2.038173 0.916511 -0.166060 0.290744 -0.140490 -0.006254 -0.066823 -0.168686 1.481599 -1.160310 0.784293 0.671011 -0.055750 0.866053 -0.628580 -0.454986 0.527642 0.188097 0.220355 -0.246414 
0.000000 -54.995858 8.766695 7.378484 1.364210 0.624872 0.246892 1.199683 3.231774 0.919418 -0.026079 -0.588340 -1.525997 -2.193773 -2.388996 0.907755 1.503291 1.215779 0.774711 -0.251995 -0.805923 0.508103 0.614630 -0.054624 -0.123558 3.000575 0.065424 -0.136600 -0.000402 -0.857097 -0.291408 0.068139 -0.519880 0.247444 0.182128 0.013401 0.195564 
0.000000 -52.647381 7.510467 8.216189 1.998323 0.055700 0.513914 0.701703 2.022771 1.639784 0.919064 -0.698327 -1.342139 -1.063894 -2.235765 0.263564 0.931470 0.323980 0.333695 -0.029782 -0.749016 0.354398 0.358001 -0.040020 0.222442 -0.482232 -0.032521 -0.623629 -0.021457 0.238553 -0.015344 0.215608 0.056483 -0.567545 -0.532782 0.174778 0.272825 
0.000000 -57.123647 4.295165 7.905612 3.227150 1.272832 0.914282 1.140120 1.733743 1.628214 0.689923 -0.668380 -1.081113 -3.158237 -2.454039 -0.339504 1.460376 1.692884 0.744023 0.179220 -0.692957 -0.626986 -0.450934 0.294931 0.422092 -1.159196 -0.285033 -0.855259 -0.580232 0.178621 0.114590 0.100016 0.150353 -0.485053 -0.261585 0.214860 0.117865 
228.257217 -58.963855 2.602390 7.537182 4.919075 3.441469 2.001959 1.060143 0.636857 0.385812 0.017196 -0.108465 -0.497954 -3.382287 -2.805832 -1.446954 -0.228995 0.681222 0.562875 0.170250 -0.448311 -0.615707 -0.165170 0.389700 0.458173 7.491868 2.090444 -0.677892 -1.796556 -1.914513 -1.089824 -0.336464 0.431148 0.526276 0.446501 -0.077260 -0.180383 
0.000000 -63.888222 -1.316499 5.011704 2.769161 2.635275 2.040032 1.480620 0.837122 0.396799 0.359583 0.111019 -0.164767 11.825500 1.726850 -1.695288 -2.132737 -2.136142 -1.435625 -0.493708 0.169339 0.425565 0.442068 0.140412 0.061326 8.134866 4.007045 0.892708 -0.426665 -1.389130 -1.083563 -0.203679 0.548205 0.713799 0.297708 -0.178719 -0.339291 
296.326630 -35.312856 6.056089 4.146606 0.653601 -0.830816 -0.869291 0.072727 0.975536 1.236942 0.901332 0.172359 -0.375303 12.887445 5.208259 0.338462 -1.082324 -2.097038 -1.604252 -0.237108 0.648099 0.811891 0.430245 0.032262 -0.220410 -9.374740 -0.903637 1.162734 1.022278 1.058562 0.932477 0.581627 0.148541 -0.251845 -0.297713 -0.238447 -0.098724 
109.475533 -38.113332 9.100019 5.688627 0.604514 -1.558801 -1.168473 1.006404 2.133319 2.020581 1.220074 0.175544 -0.605586 -6.923980 -0.080424 0.630181 -0.088181 -0.019019 0.429328 0.669546 0.466421 -0.078126 -0.153358 -0.336481 -0.136122 -8.118444 -3.344217 -0.663413 0.419105 2.083670 2.138366 0.801487 -0.924306 -1.187770 -0.656535 0.030951 0.393855 
115.803253 -49.160815 5.895241 5.406968 0.477239 -0.868853 -0.010634 1.411820 1.908378 1.080691 0.594616 -0.500603 -0.647547 -3.349443 -1.480175 -0.988365 -0.244113 2.070302 2.672480 1.365866 -1.200514 -1.563648 -0.882824 0.094164 0.567301 7.277822 0.544018 -1.306499 -0.663543 0.379980 0.443091 0.220224 -1.262171 0.160159 -0.388072 0.335261 0.399214 
253.694031 -44.812217 6.139669 3.711896 0.116287 2.581803 4.176487 3.738136 -0.267709 -1.106716 -0.545575 0.363872 0.529016 7.631664 1.007612 -1.982816 -1.415268 0.740942 1.315511 1.109994 -2.057922 0.242193 -0.929501 0.334041 0.662306 4.373371 0.768074 -0.195338 -0.642355 -1.561732 -1.941871 -0.522112 0.461277 1.424343 0.250684 -0.007867 -0.017562 
140.164154 -33.897487 7.910466 1.441335 -2.353297 0.613032 2.620387 3.631807 -2.207465 1.565076 -1.264386 0.167478 0.677066 5.397300 0.055973 -1.379042 -1.528822 -1.053161 -1.211262 0.321641 -0.277960 1.285038 -0.381457 0.078429 0.532178 -5.644495 -0.517534 1.104693 0.885506 -0.366634 -0.714863 -0.409644 1.881939 -0.329432 0.561665 -0.041828 -0.401705 
146.110046 -34.017617 6.251615 0.953813 -2.941358 0.475481 1.753963 4.381417 -0.823628 1.463361 -1.308488 0.520731 1.593371 -3.657327 -0.027455 0.226569 0.355745 0.007675 -0.114216 0.290705 1.705956 -0.416671 0.193829 0.250385 -0.141104 -6.267162 -0.798973 1.516025 1.525746 1.014057 0.533384 -0.412350 0.288427 -1.028282 0.221577 -0.122982 -0.621249 
146.714874 -41.212140 7.855555 1.894474 -1.641808 0.628381 2.391955 4.213218 1.204447 0.731735 -0.876727 0.668248 0.394858 -7.137024 -1.541972 1.653008 1.522669 0.974954 -0.144495 -0.503060 0.298895 -0.771526 0.061698 -0.167534 -0.710320 0.492951 -3.768783 0.658785 -0.730413 1.009328 0.146849 0.100751 -1.689699 0.231445 0.136210 -0.116002 0.462169 
137.589386 -48.291664 3.167670 4.259828 0.103981 2.425388 1.464974 3.375298 -0.225837 -0.079692 -1.185092 0.185663 0.172731 -2.671425 -7.565021 1.544140 -1.105081 2.026331 0.179483 0.492207 -1.673442 0.046219 0.466250 0.018382 0.783234 3.746778 -3.546628 -1.391313 -1.476008 -0.475838 0.485137 0.409143 -0.860707 0.807066 0.068155 0.223777 0.873265 
299.827484 -46.554990 -7.274488 4.982754 -3.851970 4.681042 2.750921 5.197633 -2.142438 0.824172 0.055773 0.705012 1.961327 0.356532 -8.635228 -1.129618 -1.429346 0.023277 0.825779 0.315227 -1.422519 0.842607 0.198008 0.280020 1.036209 0.367054 3.583941 -1.144960 1.258544 -1.380591 -0.364899 -0.986747 0.834089 0.274983 -0.403786 -0.163895 -0.536159 
0.000000 -47.578601 -14.102785 2.000592 -2.754712 2.471943 3.116532 4.005752 -3.070875 1.605521 -0.789075 0.745703 2.245150 -1.937316 -0.397140 -0.745780 1.412007 -0.734851 -0.550316 -1.481287 -0.005264 0.596184 -0.341323 -0.309408 -0.289084 2.295326 10.130836 1.038896 0.703273 -0.791105 0.461159 -0.495891 1.528356 -1.099012 -0.501180 -0.066813 -1.497520 
0.000000 -50.429622 -8.068767 3.491194 -1.027955 3.211341 1.650290 2.235059 -2.152966 2.016541 -0.626873 0.086196 1.383158 4.947185 11.626445 0.948174 -0.022800 -1.558932 1.748097 -0.676556 1.634194 -1.355417 -0.804351 0.146393 -1.958830 5.349027 5.356100 0.285374 -1.164611 -0.761484 1.049864 0.788494 0.601921 -1.090861 -0.090469 0.368380 -0.504977 
0.000000 -37.684231 9.150105 3.896940 -2.800313 -0.645921 6.612725 2.652639 0.197513 -1.105313 -2.397777 1.038489 -1.672510 8.760739 10.315059 -0.175031 -0.917216 -2.257818 1.549413 0.095701 1.198577 -1.585537 -0.522260 0.427352 -1.299038 -1.718285 -4.547654 -0.871863 -0.033763 0.738682 -1.564751 0.230113 -0.952902 0.776393 0.753767 -0.252729 1.255393 
126.899635 -32.908145 12.561352 3.141132 -2.862386 -1.304295 4.749115 2.426461 0.244189 -1.154534 -1.671392 0.940899 -1.214919 1.510615 2.531137 -0.795551 -0.090326 -0.081568 -1.381406 -0.216329 -0.271611 0.197370 0.703184 -0.359064 0.551955 -5.998675 -5.546818 -0.019700 0.571889 1.269689 -1.179425 -0.013818 -0.612873 0.927014 0.484775 -0.549338 0.941064 
128.386749 -34.663002 14.212380 2.305839 -2.980964 -0.809058 3.849912 2.219981 -0.345709 -0.710573 -0.991410 0.320360 -0.568600 -3.236611 -0.778577 -0.214432 0.226563 0.281560 -0.809437 0.068064 -0.027168 0.268490 0.447290 -0.671324 0.583090 -3.103746 -2.805055 0.555417 0.513206 0.066006 0.224229 0.218327 0.272805 -0.125992 -0.268884 0.196224 0.079860 
127.193512 -39.381367 11.004199 2.712268 -2.409260 -0.741175 3.130241 2.562589 0.189853 -0.617553 -0.776812 -0.401750 -0.048738 -4.696878 -3.078973 0.315284 0.936086 0.050443 -0.932948 0.220325 0.273999 -0.054615 0.165416 0.033384 0.711676 3.070662 0.954649 -0.549896 -0.318110 -0.445044 0.038420 -0.248580 -0.127144 -0.533436 -0.149061 0.632787 -0.172883 
125.703102 -44.056758 8.054434 2.936406 -1.108792 -0.708173 1.984017 2.660630 0.202289 -0.819802 -0.660578 0.387127 0.854752 2.904713 1.130722 -1.314223 -0.409657 -0.608528 -0.732597 -0.429095 -0.281456 -0.798381 0.149167 0.594250 0.237325 5.969711 2.725067 -1.411847 -0.923877 -0.359481 0.219913 -0.410361 -0.332904 -0.262049 -0.195786 0.125442 -0.543297 
122.169022 -33.571941 13.265642 0.083821 -3.228574 -1.958231 1.665046 1.704398 -0.373060 -2.214314 -0.478477 0.786750 0.425913 7.242543 2.371161 -2.508410 -0.911669 -0.668520 -0.493123 -0.600397 -0.391809 -0.578712 -0.226157 0.284268 -0.374918 -0.751314 -0.976907 0.010847 0.582680 0.092927 0.064833 0.287484 0.152099 0.516876 -0.256645 -0.493056 -0.232576 
111.862305 -29.571671 12.796757 -2.080413 -2.932130 -2.045213 0.997772 1.459836 -0.581330 -1.977227 -1.112892 0.955663 0.104917 1.402085 -0.823092 -1.292529 0.755704 -0.422674 -0.602930 0.145873 0.022742 0.235372 -0.364122 -0.391861 -0.227827 -5.234949 -1.544726 1.935169 0.866789 -0.012948 -0.229691 0.481266 0.489793 0.710311 0.232982 -0.511147 0.055305 
103.699791 -30.767771 11.619458 -2.501237 -1.717167 -2.803580 0.459185 1.996144 -0.327575 -1.743571 -1.206720 0.003027 -0.029742 -3.227354 -0.718290 1.361929 0.821910 -0.694416 -0.952505 0.362135 0.587777 0.841910 0.239808 -0.738026 -0.264308 -2.806904 0.428677 1.989942 -0.258490 0.043522 0.027255 -0.349048 0.279509 0.492306 0.412204 0.263584 0.087670 
96.236710 -36.026379 11.360176 0.643444 -1.288310 -3.434045 -0.907239 2.184105 0.594223 -0.293408 -0.633276 -0.520389 -0.423700 -4.211724 0.034262 2.687356 0.238724 -0.335631 -0.548421 -0.552223 0.581760 1.219984 0.460286 0.135307 -0.052488 0.663563 0.002269 0.348113 -0.030975 0.381503 0.491152 -0.408055 0.078077 0.175007 0.015011 0.514654 0.045858 
102.855415 -39.191218 11.687982 2.873474 -1.239719 -3.474841 -0.637658 0.891698 0.835945 0.696398 -0.286148 0.273641 -0.134719 -1.900227 -0.713752 2.058155 0.759960 0.068589 0.029800 -0.453976 0.743930 1.191923 0.269831 0.291282 -0.172592 1.959321 -0.283664 -0.799028 0.411385 0.387493 0.333729 0.594816 0.198539 -0.438953 -0.175386 -0.307427 -0.151320 
109.537354 -39.826834 9.932672 4.759754 0.231609 -3.296866 -0.847639 1.276154 2.082084 2.090438 -0.093614 0.062175 -0.768884 -0.293082 -0.533066 1.089301 1.061494 0.439354 0.119037 0.637409 0.978838 0.342078 0.109515 -0.479548 -0.355129 2.054335 0.675148 -1.175443 -0.456342 0.100373 0.645892 0.941751 -0.432073 -1.066227 -0.305345 -0.312464 0.160524 
115.925568 -39.777382 10.621850 5.052075 0.883269 -2.596132 -0.399583 2.166515 2.793620 1.380554 -0.067118 -0.685454 -0.844977 2.208442 0.636543 -0.292731 -0.152724 0.269336 1.321583 1.429526 -0.120216 -0.940531 -0.340860 -0.333646 0.148456 1.297003 0.456537 -0.921701 -0.816575 -0.107037 0.457908 0.343679 -0.957196 -0.482914 -0.275784 0.369273 0.430986 
117.503448 -35.409949 11.205759 4.174293 -0.073839 -2.758195 1.795527 4.135206 1.841652 0.209377 -0.775334 -0.605116 -0.471973 2.300924 0.380008 -0.754102 -0.571656 0.225281 1.034854 1.324767 -0.935555 -0.623750 -0.442053 0.258998 0.506843 -3.050832 -0.983665 -0.057338 0.025594 0.146222 -0.799745 -0.983874 -0.161058 0.446497 0.404128 0.405543 0.235060 
117.817131 -35.175534 11.381866 3.543871 -0.260042 -2.145570 1.670125 4.816049 0.922510 0.133054 -0.951225 -0.167457 0.168710 -3.893221 -1.330786 -0.407408 -0.101535 0.561779 -0.277906 -0.538223 -0.442332 -0.047538 0.467395 0.477441 0.618575 -6.459333 -2.952073 0.115362 0.603804 0.415648 -0.730411 -1.721874 0.348197 0.553384 0.520653 0.085251 -0.161041 
115.885765 -43.196392 8.544188 3.359477 -0.276909 -1.634636 1.239714 3.058760 0.956987 0.114301 0.159457 0.349766 0.765177 -10.617743 -5.524138 -0.523379 0.635953 1.056578 -0.425969 -2.118982 -0.239160 0.483018 0.599252 0.429499 0.184761 -0.724033 -3.367913 -0.351705 -0.450997 0.897430 -0.156271 -0.039611 -0.278574 0.407765 -0.254497 -0.069135 -0.530440 
205.669617 -56.411020 0.333590 2.497113 1.011863 -0.032414 0.818188 0.578084 0.444189 1.099089 0.247280 0.691541 0.538231 -5.341286 -8.066611 -1.110818 -1.003530 2.356639 -0.590448 -0.617445 -0.999479 0.767992 -0.041599 0.339172 -0.442306 5.941886 0.781413 -0.078128 -1.141934 0.249475 0.023142 1.370937 -0.251960 -0.103710 -0.342381 -0.130607 -0.256797 
115.733864 -53.878964 -7.589035 1.137841 -2.283969 3.078642 0.058818 1.823869 -1.041972 1.650285 0.076259 1.028110 -0.119435 1.266028 -3.961313 -0.679636 -1.647916 1.555528 -0.379685 0.622892 -0.743080 0.275598 -0.085510 0.168284 -0.328833 3.303657 2.052649 0.215591 -0.322193 -0.400556 0.105382 0.620169 0.128200 -0.246197 -0.021956 -0.085444 0.056736 
