0.000000 -45.613560 -13.304933 -4.742402 3.355517 4.004432 3.466021 1.710930 -1.952022 1.277577 2.090884 0.280081 -0.551469 2.141460 5.616635 2.193410 -0.090427 1.212218 -0.411651 -0.787832 0.062081 -0.123825 -0.471552 0.234670 0.045930 0.582378 1.128497 -0.027210 -0.065325 -0.417654 0.068011 0.259764 -0.076304 -0.343963 -0.385678 -0.154758 0.065013 
211.000885 -41.330639 -2.071663 -0.355582 3.174663 6.428868 2.642720 0.135265 -1.827860 1.029928 1.147780 0.749421 -0.459610 3.306217 7.873629 2.138990 -0.221077 0.376909 -0.275629 -0.268304 -0.090526 -0.811750 -1.242907 -0.074846 0.175956 -0.306214 -0.931654 -0.644488 -0.633317 -1.401936 -0.236923 0.762208 -0.060405 -0.521394 -0.145098 -0.563431 0.199239 
120.555618 -39.001126 2.442325 -0.464422 2.913363 4.758251 2.914763 1.174321 -2.133075 -0.345924 -0.394931 0.130389 -0.199558 1.529033 3.753327 0.904435 -1.357060 -1.591653 -0.885496 0.736584 -0.058729 -1.166613 -0.761748 -0.892191 0.444408 -2.413977 -3.007563 -0.504593 -0.670072 -0.624595 -0.418560 -0.260626 0.274216 0.614866 0.327375 -0.084829 -0.117147 
120.704994 -38.272573 5.434991 1.453288 0.460542 3.245562 0.871728 1.608434 -1.945317 -1.303298 -0.375717 -1.034960 0.429206 -1.521738 1.858504 1.129804 -1.561222 -0.872281 -1.112749 -0.789556 0.457905 0.417981 -0.588158 -0.244503 -0.058338 -2.984628 -2.807843 -0.679959 0.682569 1.075666 0.835331 -1.022296 0.184518 1.311431 0.231270 0.593281 -0.231582 
118.438118 -42.044603 6.159332 1.795185 -0.209081 3.013690 0.689264 -0.404791 -1.217265 0.490039 -1.571246 -0.358616 -0.316234 -4.440222 -1.862360 -0.455482 0.008079 0.559678 0.785166 -1.308008 0.310308 1.456248 -0.299209 0.294372 -0.018756 0.322765 -1.937540 -1.377438 0.997108 0.353786 1.387209 0.455100 -0.095151 0.168895 0.453758 0.153812 0.262411 
122.196930 -47.153017 1.710271 0.542323 0.476699 4.364919 2.442061 -1.007581 -1.324701 1.609198 -0.974135 -0.446216 0.391694 -0.876207 -2.016575 -1.625073 0.432994 -0.164709 1.661669 0.120644 0.267603 0.755770 0.319358 0.063122 0.466484 5.499382 2.426889 -0.125622 -0.279476 -1.172685 -0.926520 0.838716 -0.167610 -0.810320 0.161105 -0.127085 -0.159717 
124.050270 -43.797018 2.126181 -1.454960 0.656907 2.684271 4.012601 -0.163503 -0.682059 2.001579 -0.932530 -0.232373 0.616734 6.558543 2.991418 -0.706726 -0.550874 -1.785692 -1.067875 0.369424 -0.024912 -0.164393 0.023001 0.040202 -0.338190 3.930076 2.616711 0.405141 -0.642306 -0.796386 -1.808433 -0.208155 -0.473532 -0.480485 -0.467723 -0.134005 -0.466199 
256.167419 -34.035931 7.693106 -0.871129 -0.625049 0.793536 0.306312 -0.268734 -1.374524 1.280412 -0.928133 -0.365812 -0.284687 6.983945 3.216847 -0.814791 -0.851619 -1.757481 -1.955197 -0.295667 -0.679461 -0.205201 -0.616088 -0.204887 -0.465914 -1.668291 -1.309301 -0.353076 -0.152942 0.290778 0.704144 -0.338590 -0.148380 0.251965 -0.428828 -0.267384 0.231895 
127.422775 -29.829127 8.559875 -3.084543 -1.046331 -0.830691 0.102208 -0.754837 -2.040981 1.591177 -2.164707 -0.642148 -0.315094 3.221961 0.372815 -1.412877 -0.856759 -1.204135 0.340414 -0.307757 -0.321671 0.339538 -0.834655 -0.494566 0.125599 -2.878342 -1.746139 0.202242 0.185461 0.576162 1.182695 0.229776 0.151748 0.264206 0.112701 -0.015177 0.316359 
126.680321 -27.592009 8.438736 -3.696882 -2.338567 -1.614734 0.987139 -0.884247 -2.017865 1.959487 -2.597443 -1.354944 -0.033488 1.227260 -0.275431 -0.410308 -0.480698 -0.605156 0.410193 0.163885 -0.375965 0.323211 -0.390687 -0.235240 0.166804 -1.862432 -0.166640 0.848309 0.656791 0.530645 -0.085569 0.322156 -0.058198 -0.076700 0.291615 0.341241 -0.061006 
124.314232 -27.374607 8.009013 -3.905158 -2.007727 -2.041003 0.922593 -0.427066 -2.792910 2.237600 -2.946080 -1.112629 0.018514 -0.502904 0.039535 0.283740 0.456823 -0.142844 0.169276 0.336555 -0.438066 0.186139 -0.251424 0.187916 0.003588 -2.238869 0.067640 1.116224 0.440001 0.753826 -0.169799 0.076529 0.503360 -0.334899 0.255686 0.156155 -0.091636 
122.784119 -28.597817 8.517805 -3.129402 -1.424922 -1.900423 1.325692 -0.211137 -2.893997 2.331764 -3.100292 -0.979113 -0.026312 -3.250478 -0.140151 1.822140 0.399304 0.902496 0.070596 0.316944 0.630756 -0.346587 0.120685 0.077069 -0.016469 -4.491039 -1.536464 1.377314 -0.354474 0.715508 -0.503504 0.205184 0.963095 -0.847662 0.579940 0.016491 -0.038827 
123.481628 -33.875564 7.728712 -0.260878 -1.209118 -0.236010 1.063785 0.206822 -1.531398 1.544426 -2.704711 -0.958491 -0.014423 -9.484983 -3.033394 3.038368 -0.252125 1.288171 -0.837731 0.746923 1.488124 -1.509185 0.908456 0.220898 -0.074066 -2.879857 -4.678209 0.763205 -0.636810 -0.021056 -0.370382 0.383487 0.310874 -0.223890 0.519120 0.152061 0.096603 
122.508842 -47.567783 2.451017 2.947335 -1.929172 0.675920 -0.349771 1.282709 0.082250 -0.686605 -1.283379 -0.537317 -0.174443 -9.010192 -9.496569 3.348551 -0.874315 0.860385 -0.670167 1.083918 1.252505 -0.794367 1.158925 0.381191 0.176737 3.493576 -2.067479 -1.023634 -0.182549 -0.683934 0.739672 -0.014211 -0.711650 0.983146 -0.080391 -0.055808 0.376508 
125.057541 -51.895948 -11.264426 6.436225 -2.957749 1.484761 -0.276550 2.374658 0.973611 -0.044307 -0.386861 -0.196109 0.339051 -2.497830 -7.168353 0.991101 -0.617224 -0.079697 0.641613 0.718501 0.064823 0.457108 0.747674 0.109281 0.678950 7.348807 8.582135 -2.042866 0.662591 -0.295801 0.768665 -0.115848 -0.741687 0.260661 -0.940944 -0.419631 0.092386 
0.000000 -52.563443 -11.885688 4.929537 -3.163619 0.516526 0.933455 2.719711 0.211897 0.227610 0.211969 -0.318755 1.183457 5.687421 7.667701 -0.737182 0.450867 0.268782 0.867162 0.852223 -0.230870 -0.273044 -0.722962 -0.458071 0.361509 5.750622 7.791413 -1.048962 0.404752 0.712483 -0.495154 -0.202149 -0.045071 -0.303276 -0.836150 -0.215986 -0.335081 
0.000000 -40.521105 4.070977 4.961862 -2.056015 2.022325 1.457774 4.079103 0.511872 -0.590395 -1.832784 -1.112250 1.062068 9.003414 8.414473 -1.106823 0.192280 1.345269 -0.348694 0.314203 -0.025319 -0.149445 -0.924626 -0.322691 0.008788 -2.054724 -3.640029 -0.903416 0.084192 0.360564 -0.791020 -0.880465 -0.028123 0.243857 0.537328 0.423287 -0.258211 
145.895370 -34.556614 4.943258 2.715892 -2.779058 3.207064 0.236067 3.348117 0.161259 -0.071280 -1.637283 -0.964137 1.201032 1.577974 0.387643 -2.544013 0.619251 0.989911 -0.714878 -0.908708 -0.287116 0.214670 0.351694 0.388503 -0.154913 -5.502031 -4.108516 -0.312582 0.686657 -0.398231 0.050980 -0.681071 0.085711 -0.034876 0.457652 0.421323 -0.101947 
143.707428 -37.365158 4.846262 -0.126164 -0.817513 4.002147 0.028017 2.261687 -0.062361 -0.161055 -1.129397 -0.335244 0.752243 -2.000648 0.197442 -1.731987 1.565594 0.548808 -0.246735 -1.047940 0.146104 -0.219198 -0.009322 0.519955 -0.195107 0.599906 -0.179389 1.183133 -0.625848 0.020710 0.203351 0.395550 -0.237672 -0.177838 -0.285857 -0.105457 0.252580 
147.767105 -38.557909 5.338142 -0.748081 0.352130 4.304679 -0.257403 1.252237 0.453467 -0.509675 -1.655928 0.075774 0.810818 2.777785 0.028865 -0.177746 -0.632445 1.031330 -0.308177 -0.117609 -0.762460 -0.141006 -0.220021 0.177590 0.350248 3.195488 -0.524381 1.046679 -1.202274 -0.068214 0.217693 0.686492 -0.863204 0.280370 0.240633 -0.326599 -0.005818 
150.412003 -31.809587 4.903991 -0.481656 -2.082403 6.064807 -0.588337 2.026469 -1.587280 -0.443067 -1.569438 0.019935 1.452738 4.390329 -0.851320 0.361372 -0.838954 0.412381 0.188651 0.325044 -1.580304 0.341543 0.471943 -0.133242 -0.206743 -0.892566 -0.539213 0.286412 0.843363 -0.847227 0.531631 0.165951 -0.009420 0.606863 0.273246 -0.280297 -0.434438 
147.584442 -29.777251 3.635503 -0.025338 -1.325778 5.129441 0.119899 1.902325 -2.707142 0.173411 -0.712042 -0.190711 0.397331 0.992653 -1.049560 0.395077 1.054281 -0.663124 0.755085 0.214293 -0.781299 1.072720 0.326472 -0.383005 -0.518628 -2.774080 0.104878 -0.047300 1.041176 -0.265909 0.252946 -0.272891 0.805944 0.430609 -0.447583 -0.058113 0.307730 
145.187714 -29.824282 2.804871 0.308499 0.026160 4.738559 0.921833 2.455054 -3.149878 1.702373 -0.916494 -0.746075 0.415482 -1.157830 -0.641564 0.266772 1.243398 -0.119437 0.694544 -0.220739 0.031584 1.202761 -0.423223 -0.249468 0.408717 -2.667247 0.315861 0.023772 -0.279523 0.173985 -0.300052 -0.373300 0.707759 -0.598912 -0.421449 0.208551 0.411991 
144.016357 -32.092912 2.352376 0.508205 1.161018 4.890566 1.508986 1.460848 -2.643973 2.578933 -1.558488 -0.689646 1.214766 -4.341841 -0.417838 0.442621 0.495236 -0.315154 0.154981 -0.532307 0.634219 -0.125104 -0.516426 0.034097 0.305354 -3.802893 -0.300891 0.721741 -0.684350 -0.626470 -0.485175 0.214362 0.765816 -1.049782 0.332674 0.138478 -0.449046 
138.279968 -38.507963 1.969194 1.193741 1.016631 4.108250 1.231795 1.390440 -1.881441 1.452164 -1.949346 -0.677880 1.026189 -8.763617 -1.243346 1.710255 -0.125302 -1.372377 -0.275807 0.207985 1.563217 -0.896803 0.242125 0.027487 -0.489374 -0.460276 0.163854 1.150736 -0.101766 -0.258524 -0.079185 0.423038 -0.122854 -0.170150 0.836217 0.233086 -0.310976 
246.275162 -49.620147 -0.134317 3.928714 0.910415 2.145812 0.957372 1.876817 0.482460 0.785326 -1.074237 -0.634671 0.236019 -5.262393 -0.090130 2.744093 0.291704 -0.832203 -0.003388 0.313768 0.388510 -0.465404 1.156009 0.500269 -0.316599 7.263750 1.900327 -1.250391 0.327803 0.592595 0.113398 0.154378 -1.183913 0.570715 -0.022922 -0.059417 0.330653 
248.046173 -49.032749 1.788934 6.681927 1.600040 2.443844 1.225019 2.017976 -1.104421 0.521356 0.362672 0.322659 0.392990 5.763884 2.557308 -0.790527 0.530305 -0.187187 -0.049011 0.516740 -0.804610 0.244626 0.196282 -0.091347 0.171932 6.396733 0.860918 -3.270817 -0.087803 0.678570 0.355001 -0.202131 -0.570634 0.333182 -0.824646 -0.621872 0.265977 
129.379242 -38.092380 4.980299 2.347661 1.971024 1.771438 0.859351 2.910297 -1.126759 1.274579 -0.681672 -0.817365 0.579883 7.531074 1.631707 -3.797542 0.116097 0.524938 0.706614 -0.090494 -0.752757 0.200960 -0.493283 -0.743474 0.215354 -1.024035 -1.268927 -1.078810 -0.137702 0.801016 0.530286 -0.694009 -0.378870 0.044379 -0.065851 0.144536 0.071185 
124.898697 -33.970601 5.052347 -0.913157 1.832235 3.493719 2.638247 1.836987 -2.609935 0.923276 -0.623894 -1.164290 0.823699 3.715813 0.019454 -2.948148 0.254901 1.414846 1.011561 -0.871279 -1.562349 0.333385 0.064581 0.197726 0.314303 -3.593045 -1.067523 1.371457 0.276969 0.119088 -0.367075 -0.303890 0.238334 0.182764 0.491020 0.776491 -0.203497 
122.327164 -30.660754 5.019207 -3.548635 2.480827 4.601130 2.882472 1.167739 -4.251458 1.941349 -0.552511 -0.421914 1.208489 0.344984 -0.503339 -1.054628 0.670035 0.763114 -0.027535 -0.698275 -0.276089 0.566489 0.488756 0.809508 -0.191640 -2.828839 -1.191066 2.233043 0.454084 -0.350800 -0.716705 0.231749 0.786048 0.078428 0.090382 0.010938 -0.407633 
125.150757 -33.280633 4.045669 -3.022413 3.172304 5.019947 2.583176 0.440437 -3.162112 2.056253 0.353618 0.454725 0.440420 -1.941865 -2.362678 1.517938 1.163068 0.713245 -0.421850 -0.407782 0.009746 0.490241 0.245345 0.219601 -0.500964 -0.620921 -0.802214 1.122517 -0.033519 -0.130935 -0.016799 0.397183 -0.208293 0.159528 -0.440187 -0.619727 0.065415 
128.142044 -34.544484 0.293852 -0.512759 4.806964 6.027620 2.038773 0.352176 -4.231965 2.921832 -0.061822 0.017289 0.206562 -0.896857 -2.107767 1.190406 0.602997 0.501244 -0.061134 0.096092 -0.692675 0.885544 -0.391618 -0.429947 -0.060809 1.690366 1.905736 -0.928942 -1.283645 -0.359903 0.321021 0.115033 -0.177512 -0.363770 -0.095323 -0.064952 0.312828 
126.796448 -35.074348 -0.169865 -0.641602 4.378298 6.022435 2.460908 0.632621 -4.547462 3.827341 -0.429618 -0.405168 0.318802 1.438867 1.448795 -0.339946 -1.404222 -0.006560 0.220192 -0.177715 -0.345278 -0.237298 0.054699 0.089697 0.124692 0.703601 2.638070 -0.269479 -1.188940 -0.843368 0.284632 0.228447 0.554576 -0.962793 -0.004185 0.338811 0.008909 
123.326469 -31.666750 3.191442 -1.192650 1.998519 6.014499 2.479158 -0.003254 -4.922520 2.447235 0.047576 0.196684 0.455945 0.510345 3.168372 0.651448 -1.774883 -1.185492 0.508129 0.552986 0.416478 -1.040043 -0.399989 0.247675 -0.042991 -3.596510 -0.180656 1.022283 0.245228 -0.656025 -0.124197 0.383296 1.092032 -0.374481 -0.258561 -0.177143 -0.255726 
116.694901 -34.053658 6.166879 0.661295 0.828531 3.651451 3.477166 1.738594 -3.714507 1.747256 -1.229596 0.090181 0.232821 -5.754153 1.087482 1.704620 -0.913766 -1.318611 -0.028201 0.588878 1.838787 -0.986261 -0.462422 -0.264588 -0.386760 -5.075370 -3.374184 -0.063781 1.326351 0.648670 -1.081310 -0.200754 0.708833 0.054951 0.460709 0.163149 -0.309622 
110.050484 -43.175055 5.366407 2.216590 0.170988 3.377277 2.422756 1.174501 -1.244946 0.474713 -0.877269 -0.332492 -0.317575 -9.640394 -3.579995 0.523886 0.877819 0.111848 -1.654492 0.151479 1.834145 -0.930141 0.521430 0.573972 -0.662236 -1.831403 -3.251969 -0.994893 0.573711 0.088207 -0.678224 -0.242457 -0.516845 0.205149 0.385123 0.272067 0.155243 
215.500885 -53.334447 -0.993111 1.709068 2.584168 3.875148 0.168183 2.041552 -0.046218 -0.113027 -0.186735 1.238126 -1.091651 -9.416959 -5.416455 -0.285166 0.233656 -1.142198 -1.384649 0.103963 0.805098 -0.575963 0.307824 0.279545 -0.076274 4.843204 -0.021858 -1.736114 -2.773563 -0.807442 1.018937 0.368243 -1.309467 0.667816 -0.376999 -1.060587 0.454648 
222.137863 -62.008974 -5.466503 1.646258 0.638299 1.092881 -0.346543 1.382427 0.365249 -0.677213 -0.261621 0.226599 -0.470123 0.046013 -3.623712 -2.948341 -4.669308 -1.503035 0.383381 0.887964 -0.784790 0.405491 -0.232568 -1.547202 0.247060 11.207627 5.371157 0.737986 -1.004831 0.820953 0.477971 0.051636 -1.102788 0.739210 -0.177605 -0.639169 0.120544 
0.000000 -53.242421 -8.240535 -4.187615 -6.754447 0.869077 0.934946 3.817481 -1.615798 0.697955 -0.651871 -1.856278 -0.597531 12.998295 5.325860 1.190806 -1.776007 0.499709 -0.428708 0.207236 -1.400479 0.902456 -0.047387 -0.998794 0.164814 6.731955 6.390747 2.595929 3.643687 0.814751 -1.082866 -1.083840 0.407208 0.053633 -0.189597 1.056947 -0.148184 
0.000000 -36.012383 5.185217 4.027870 -2.913714 2.092298 -1.203959 1.796899 -2.435708 1.127699 -0.356394 -1.770989 -0.140494 13.509923 9.157783 2.243516 2.618066 0.126468 -1.782350 -1.279715 0.029626 0.512756 -0.611763 0.566693 -0.049308 -3.099346 -1.600032 -2.086809 1.526199 -0.831197 -0.034798 -0.470224 0.878245 -0.370051 -0.413429 0.794736 -0.274935 
141.801620 -26.222574 10.075031 0.299417 -1.518315 1.122012 -2.629754 1.258052 -1.556546 1.723468 -1.875397 -0.722893 -0.696146 6.799604 2.125796 -2.982811 1.276391 -1.162684 -0.498303 -0.733212 0.356012 0.162354 -0.874244 0.590679 -0.385056 -5.892123 -4.778252 -1.617797 -0.962978 -0.487682 1.081355 0.192626 -0.076136 -0.153195 0.235384 -0.195746 -0.050293 
137.642532 -22.413176 9.436809 -1.937752 -0.360933 -0.233070 -2.200565 0.330474 -1.723685 1.452408 -2.104882 -0.589630 -0.910606 1.725678 -0.398721 -0.992079 0.692111 -0.848896 0.380360 -0.894462 -0.122646 0.206366 -0.140994 0.175201 -0.149894 -3.688581 -1.033569 1.515424 -0.509366 0.500160 0.285986 0.187422 -0.276223 0.082597 0.466664 -0.348194 0.263218 
139.243881 -22.771218 9.277588 -1.684740 -0.134093 -0.575779 -1.869034 -0.530872 -1.801838 2.136199 -2.157386 -0.372490 -0.995934 -0.577558 0.058659 0.048038 0.257658 -0.162364 0.073668 -0.358368 -0.196434 0.327548 0.059085 -0.105709 0.141380 -1.238726 0.274831 0.780485 -0.454183 0.638816 -0.270845 0.618747 0.001862 -0.132688 0.251158 -0.227334 0.087560 
137.747910 -23.568291 9.554127 -1.841676 0.154383 -0.557799 -2.053229 -0.386262 -2.116553 2.107503 -1.986713 -0.801049 -0.627846 -0.751773 0.150940 0.568892 -0.216254 0.428735 -0.161331 0.343032 -0.118923 -0.059010 0.361322 -0.279467 0.025226 -0.034547 -0.062820 0.653931 -0.471737 0.496584 -0.117030 0.295607 0.081634 -0.012468 0.114458 0.087384 -0.296373 
135.192947 -24.274764 9.579469 -0.546957 -0.566601 0.281691 -2.191696 0.155193 -2.039684 2.018179 -1.434742 -0.931425 -0.945482 -0.646651 -0.066982 1.355900 -0.685817 0.830805 -0.160392 0.232847 -0.033167 0.302612 0.288002 0.069060 -0.451365 0.082890 -0.082593 0.290036 -0.253777 0.014632 -0.148548 0.110276 -0.066747 0.235703 -0.126994 0.244964 -0.070007 
133.806778 -24.861593 9.420162 0.870125 -1.217250 1.103810 -2.374012 0.079431 -2.182887 2.712728 -1.410710 -0.662930 -1.530576 -0.585992 -0.014246 1.148964 -0.723807 0.457999 -0.458426 0.563583 -0.252418 0.412396 0.107335 0.210460 -0.114788 -0.191520 0.039244 -0.414924 0.376471 -0.370616 -0.150254 0.105462 0.043876 -0.125924 -0.098815 -0.007837 0.322128 
131.966736 -25.446748 9.550976 1.750970 -2.014216 1.197690 -3.108549 1.282359 -2.544519 2.842972 -1.220072 -0.510504 -1.175057 -1.029691 0.011505 0.526052 0.067125 0.089573 -0.460900 0.443770 0.054585 0.050765 0.090371 0.053386 0.192890 -1.236904 -0.039023 -0.367779 1.087689 -0.247698 -0.121330 -0.200869 0.313691 -0.353476 0.081550 -0.015371 0.063114 
130.223892 -26.920975 9.443172 1.922228 -1.083000 1.282956 -3.295811 0.966972 -2.073718 2.814257 -1.229967 -0.556158 -1.144795 -3.059800 -0.092292 0.413406 1.451571 -0.037396 -0.701087 0.161846 0.374964 -0.294556 0.270435 0.179718 0.011441 -5.281958 0.351278 0.000791 0.808995 -0.430434 0.515425 -0.199107 0.514205 -0.625592 0.280945 -0.039754 0.191052 
124.046692 -31.566348 9.366392 2.577782 0.888927 1.122897 -4.510724 1.606051 -1.794592 2.253860 -0.679203 -0.151067 -1.152175 -11.593606 0.714061 0.527633 1.685115 -0.771295 0.569950 0.045556 1.082994 -1.200420 0.652261 -0.026122 0.574995 -7.997716 -1.278426 0.622930 -0.399949 -0.294778 1.073249 -0.558577 0.174809 -0.499492 -0.003874 0.011977 0.270581 
116.968140 -50.108188 10.871293 2.977494 2.287230 -0.259635 -2.155911 1.058083 0.092270 0.413417 0.074556 -0.608402 0.005194 -19.055232 -2.649144 1.659265 0.651673 -0.626952 1.445411 -0.955307 0.724583 -1.293539 0.262686 0.203673 0.552602 0.842051 -4.587509 -0.526878 -0.728589 1.224286 -1.251095 0.334329 -0.574893 0.441410 -0.833964 0.570396 -0.771236 
210.462799 -69.676812 4.068105 5.896312 2.192274 -0.131007 -1.619903 -0.304564 -0.345426 -0.333218 -0.153831 0.256279 -0.046971 -9.909504 -8.460956 -0.526122 0.227938 1.677278 -1.932239 0.714214 -0.066792 -0.317599 -1.015667 1.114670 -0.967477 15.663390 2.777475 -1.048978 -1.032775 0.986182 -0.916186 0.923518 -0.395239 0.729181 -0.404078 -0.013349 -0.654777 
220.212250 -69.927196 -6.050620 1.925250 2.743106 3.094921 -6.020390 2.486512 -0.041314 -0.221782 -1.956778 1.620938 -1.929760 12.271548 2.905807 -0.438692 -1.413876 1.345411 -0.386962 0.891728 -0.065895 0.164822 -0.545471 0.176976 -0.756952 14.051610 8.780475 -0.047849 -1.655502 -1.053504 1.985802 -0.826105 -0.215797 0.396947 0.361347 -1.156517 0.922450 
0.000000 -45.133717 9.879718 5.018928 -0.635478 2.559816 -2.393826 1.478892 -0.477217 -0.003573 -1.244772 0.610230 -1.560875 18.193716 9.099994 -0.621820 -3.083065 -0.429731 2.039364 -0.937995 -0.498386 0.476295 -0.292973 -1.198365 0.877424 -2.806141 -0.976505 -1.140214 -0.161916 -0.677707 0.224156 -0.438502 -0.372405 0.267524 -0.287720 -0.344269 0.641127 
268.099609 -33.539765 12.149368 0.681611 -3.423024 2.235459 -1.941661 0.610522 -1.038086 0.730808 -2.542724 -0.775791 -0.174913 6.659266 0.952796 -2.719120 -1.737709 -0.010003 0.061351 0.014724 -0.810706 0.699871 -1.120910 -0.511562 0.525301 -9.698997 -4.641044 0.352986 0.798586 0.250102 -1.103773 0.468356 0.167816 -0.069364 -0.092049 0.813696 -0.508541 
107.631844 -31.815185 11.785311 -0.419312 -4.110895 2.539809 -2.271124 1.508340 -2.098628 1.396168 -3.486593 -0.412894 -0.510272 -1.204277 -0.182095 0.084153 -1.485892 0.070473 -0.168181 -0.001284 -0.162755 0.337566 -0.477072 0.429028 -0.139658 -5.706787 -0.987056 1.764504 0.101673 0.014658 -0.103609 -0.368332 0.458304 -0.374991 0.493310 0.301421 -0.381673 
104.968079 -35.948319 11.785179 0.849918 -6.394808 2.376404 -2.278023 0.607954 -1.363595 1.405941 -3.496868 0.082264 -0.454229 -4.754309 -1.021315 0.809888 -1.534364 0.019314 -0.145867 -0.721940 0.105903 -0.050111 -0.134290 0.091280 -0.238044 -2.759322 -0.865779 0.400489 0.409315 -0.364606 -0.169280 0.480086 -0.048125 -0.415349 0.131638 -0.277144 -0.042524 
101.674774 -41.323803 9.742681 1.200464 -7.179623 2.578436 -2.562858 0.064460 -1.886823 1.295947 -3.755172 -0.230334 -0.986360 -6.722921 -1.913653 0.885131 -0.667261 -0.658740 -0.506741 0.958888 -0.259004 -0.493131 -0.213795 -0.125260 -0.224707 -2.811555 -1.650497 -0.496896 0.847905 -0.700296 0.460095 1.405571 0.081964 -0.285654 0.208118 -0.037205 0.131708 
100.589157 -49.394161 7.957872 2.620179 -7.729331 1.058925 -3.291504 2.525730 -1.881603 0.419679 -3.924458 -0.168256 -0.903642 -10.377420 -4.322309 -0.183904 0.161447 -1.381279 0.774324 2.089202 0.269830 -0.621420 0.281947 0.016869 0.025371 2.624658 -3.938518 -1.063023 0.831680 -0.061008 1.310728 -0.353601 0.961676 0.433584 0.868475 -0.244605 0.701530 
110.121140 -62.078643 1.098063 0.832656 -6.856729 -0.184122 -1.014210 4.242864 -1.347162 0.053107 -3.191279 -0.196596 -0.935618 -1.473605 -9.790689 -1.240915 0.996099 -0.780756 2.114715 0.251687 1.664348 0.374038 1.523156 -0.614470 1.178353 12.196865 1.045433 1.065739 0.907378 1.315127 0.293977 -1.246808 0.509726 0.443764 0.278859 -0.522094 0.352019 
0.000000 -52.341371 -11.623506 0.138350 -5.737133 -0.502587 0.937926 3.029104 1.447092 1.167754 -0.878147 -1.397197 1.453064 14.016311 -2.231443 1.947575 1.976203 1.248975 1.362278 -0.404415 1.289283 0.266108 0.839664 -1.027319 0.729409 5.310640 6.960016 1.767821 0.210153 1.094482 -0.864253 -0.024611 -0.886096 -0.332627 -0.920029 0.093726 -0.821642 
0.000000 -34.046022 -3.364822 4.727806 -2.904322 2.313828 1.710345 3.434035 1.231403 0.585322 -1.511951 -2.251233 0.523200 9.147675 4.129342 2.294728 1.416406 1.408207 0.386210 0.202466 -0.107845 -0.291216 -0.316902 -0.427018 -0.464932 -2.434318 3.180392 0.173577 -0.279899 0.079616 -0.488034 0.303440 -0.698564 -0.278662 -0.578283 0.300150 -0.597170 
