120.446747 -36.914816 7.700933 5.847157 -0.999223 -3.920080 -2.708149 -1.877390 -1.215433 -0.782656 -0.324140 -1.086176 -0.993268 -2.348852 1.546788 0.052280 0.484269 -0.140258 -0.463129 -0.318689 0.345973 -0.211105 0.313176 -0.097580 0.215220 -0.652840 0.201038 0.162425 0.267575 0.168196 -0.006577 -0.040466 -0.011729 0.305647 0.077906 0.350427 0.034466 
121.587509 -41.612520 10.794508 5.951716 -0.030684 -4.200595 -3.634407 -2.514767 -0.523487 -1.204867 0.302211 -1.281335 -0.562828 -3.654532 1.948864 0.377130 1.019419 0.196134 -0.476284 -0.399622 0.322514 0.400188 0.468989 0.603275 0.284151 0.107124 -0.809092 0.370320 0.755223 0.660608 0.382425 0.317115 -0.427222 0.324747 -0.098721 0.442431 0.019019 
121.519768 -44.223879 11.598661 6.601416 1.039615 -3.527812 -3.660716 -2.676633 -0.570405 0.017719 0.613837 0.120375 -0.424966 -2.134605 -0.071397 0.792920 1.994715 1.180957 0.301722 0.315541 -0.508471 0.438388 0.115733 0.787282 0.253257 0.299535 -1.669927 -0.090088 0.101014 0.781606 0.697060 0.623134 -0.518459 -0.365036 -0.224526 -0.305411 0.067821 
124.118645 -45.881730 10.651715 7.537556 3.958745 -1.838681 -3.030963 -1.883685 -1.540430 -0.328091 0.533677 0.293228 -0.056313 -3.055462 -1.390990 0.196954 1.221447 1.759347 0.917836 0.846646 -0.714403 -0.329883 0.019936 -0.007546 0.419792 -1.065846 -1.083061 -0.660636 -1.116405 0.179347 0.462254 0.136341 0.559761 -0.126795 -0.012794 -0.296092 0.039779 
126.465714 -50.334803 8.816680 6.995324 3.482510 -0.009119 -1.825044 -0.983342 -1.999211 -0.642047 0.653710 0.105283 0.414618 -4.266296 -2.237519 -0.528351 -0.238095 1.539651 1.226230 0.588224 0.611051 0.184798 0.090145 0.195098 0.332816 4.486840 0.595312 -0.938013 0.287822 -1.579279 -1.160810 0.543493 0.972193 0.232023 0.440928 0.027498 -0.568466 
131.711411 -54.414322 6.176676 6.480854 3.482556 1.240622 -0.578503 -0.707237 -0.318327 0.041504 0.713968 0.683425 0.609318 5.918219 -0.200367 -1.679072 1.797091 -1.399212 -1.403784 1.933631 1.229982 0.134164 0.901792 0.047451 -0.717140 8.777621 1.704820 -2.224007 -0.423018 -0.816420 -1.647165 0.816104 -0.259164 0.109814 0.221729 -0.585348 -0.589457 
139.761307 -38.498364 8.415947 3.637181 7.076691 -2.807543 -4.632612 2.883920 0.460753 -0.373720 2.457294 0.200185 -1.019661 13.288945 1.172121 -4.976365 -1.084132 -0.093190 -2.068100 2.220432 0.092723 0.404426 0.533603 -0.975597 -0.846099 -0.276169 -0.922670 -0.367824 -3.295501 1.749270 2.045195 -1.223675 -0.084307 0.003888 -0.844039 -0.001043 0.242667 
142.675323 -27.836432 8.520918 -3.471875 1.314293 1.054243 -4.714702 3.733626 -0.132881 0.850357 1.781173 -1.267770 -1.082879 5.365881 -2.045707 -2.414720 -4.793911 2.099328 2.686605 -0.513718 1.061368 0.141940 -0.786287 0.045365 -0.231806 -7.344511 -5.150040 3.379530 0.387161 -0.170134 2.829049 -1.513442 0.310342 -0.463420 -0.462812 1.066485 0.494260 
152.170090 -27.766603 4.324532 -1.192258 -2.511132 1.391113 0.740599 1.856483 2.583488 -0.089839 0.884721 0.290916 -1.483274 -1.400076 -9.127960 1.782696 -0.309810 -0.433457 3.589999 -0.806453 0.713408 -0.522413 -0.392021 1.157373 0.142421 -1.878215 -0.650962 1.704375 2.827000 -1.218605 -0.497036 0.657698 -0.522709 -0.231023 0.038063 0.222178 0.703431 
159.893967 -30.636583 -9.735001 0.093516 0.694672 0.187330 2.465296 2.120720 1.293935 -0.194469 0.997132 1.046976 -0.798037 1.609451 -3.347631 0.994030 0.860089 -0.337882 1.692534 0.801678 0.015949 -0.320106 -0.710160 0.489721 1.175055 3.673135 6.513587 -0.796161 0.067150 0.148573 -1.639545 0.493458 0.152418 0.046310 -0.265531 -0.421895 0.598716 
204.389908 -24.547700 -2.370729 0.795801 -0.790953 0.715350 4.125667 3.459840 2.615387 -0.730050 -0.535600 1.270358 0.866837 5.946194 3.899214 0.190373 -0.175509 -0.136312 0.310909 0.180463 1.018244 -0.429793 -0.923083 0.313584 1.339852 -0.906821 1.051485 -0.279826 -0.052592 0.247668 -1.106473 -0.624524 0.143348 0.291652 0.222319 -0.264336 -0.474002 
209.129913 -18.744195 -1.936573 0.474261 0.343654 -0.085293 3.087115 2.481647 3.330424 -1.054054 -0.849034 1.674143 1.881668 -0.204191 -1.244661 0.434378 0.754905 0.157454 -0.520412 -0.447370 0.302645 0.263199 -0.265523 -0.038951 0.227051 -7.609087 -2.887518 0.224371 0.302877 0.576263 -0.115135 -0.172604 -0.426458 0.586126 0.224316 -0.149974 -0.510583 
203.319717 -24.956082 -4.860051 1.664557 0.718857 1.030258 3.084843 2.565100 3.220678 -0.203652 -1.066646 1.192457 1.320938 -9.271980 -1.875822 0.639115 0.430244 1.016214 0.080640 -0.164745 0.165328 0.742460 -0.474451 0.013635 0.318687 -2.695371 -1.299880 -0.255492 0.475828 0.074565 0.548359 -0.230432 -1.120873 0.246642 0.775031 -0.227836 -0.372972 
186.729202 -37.288155 -5.688217 1.752492 1.204142 1.947134 3.248395 2.152156 3.661080 0.430865 -1.797937 1.701413 2.519041 -5.594933 -3.844421 -0.076606 1.706561 0.306583 0.576306 -0.908233 -1.939101 0.756484 1.284539 -0.494622 -0.518893 6.353356 0.667313 -0.919960 0.616601 0.219601 0.130929 -0.399237 -0.897728 -0.196113 0.991836 -0.569083 -1.088736 
200.850983 -36.145947 -12.548893 1.511345 4.131980 1.643424 4.237455 0.748634 -0.657523 1.309317 1.502431 0.203213 0.283152 3.434731 -0.541196 -1.200804 1.663445 1.455416 0.342498 -0.963220 -1.630128 0.350234 1.509221 -1.124531 -1.858785 3.675752 4.944933 -0.531884 -1.169435 0.604548 -0.173943 0.102981 1.356598 -0.462541 -0.777316 -0.020651 0.022745 
153.188828 -30.418693 -6.770610 -0.649116 4.531033 4.857965 3.933392 0.225715 0.400823 1.131333 1.220505 -0.547649 -1.198528 1.756571 6.045445 -1.140374 -0.632308 1.515679 0.228421 -0.702271 0.774096 -0.168597 -0.270094 -0.535924 -0.473403 -3.850981 3.254217 0.124154 -2.030146 -0.903357 -0.026301 0.218896 1.191477 0.314257 -1.213858 0.474195 1.170527 
149.893631 -32.632804 -0.458004 -0.769403 2.867363 4.674782 4.694297 -0.655909 0.890668 0.972123 0.962244 -0.868635 -0.663653 -4.267231 5.967237 -0.952497 -2.396846 -0.351298 0.289896 -0.525428 0.752826 0.978749 -0.918495 -0.176140 0.482270 -2.976802 -1.949919 -0.443972 -0.081645 -0.988988 -0.678361 0.988846 0.012510 0.181104 -0.139324 0.362004 0.120696 
146.925095 -38.953155 5.163865 -2.554110 -0.262658 4.155368 4.513183 -0.825140 1.906476 3.088831 -0.616485 -0.899929 -0.233987 -4.197034 2.145607 -2.028318 -0.795599 -0.462298 -1.128301 1.275420 0.799115 0.193610 -0.548741 0.188084 -0.232011 6.108405 -2.711030 -0.064218 1.752694 -1.091207 -1.139577 0.945455 -0.420664 -1.836046 0.768553 0.369418 -0.754572 
146.295547 -41.026871 3.833210 -4.826040 1.276165 3.750185 2.437695 1.894931 2.488898 1.359343 -0.135238 -0.492467 -1.127674 7.949579 0.545177 -1.080933 1.108542 -2.533712 -1.989257 1.365483 -0.088502 -2.693342 0.618611 0.562695 -1.026873 7.046110 0.016274 1.406162 0.660742 -1.398321 -0.304833 -1.281711 -0.804907 -0.915533 0.734076 -0.185180 -0.119293 
144.920029 -23.053998 6.254219 -4.715976 1.954425 -0.912056 0.534669 1.905826 1.729473 -2.297854 0.620737 0.225461 -2.287734 9.895187 2.178155 0.784005 0.525884 -3.258940 -1.737967 -1.288002 -0.810698 -1.637457 0.919410 -0.182276 -0.470597 -5.236718 0.486106 1.850977 -0.646692 0.737729 0.384058 -1.787956 -0.348243 1.612657 0.065677 -0.713203 0.609270 
136.770584 -21.236498 8.189519 -3.258031 2.327933 -2.767694 -1.038239 -0.681074 0.867502 -1.915570 1.703582 -0.857019 -2.068869 -2.523856 1.517389 2.621022 -0.184843 -1.058255 -1.221141 -2.210429 -0.784987 0.531972 0.749964 -0.863711 0.191667 -8.646562 -0.258263 1.428229 -0.786208 1.685069 0.615883 -0.076742 0.271275 1.343414 -0.780464 0.152169 0.210986 
125.327431 -28.101711 9.288997 0.526067 1.584740 -3.028566 -1.907614 -2.515033 0.159498 -1.233909 2.120666 -1.501962 -1.904401 -7.397937 1.661629 3.640462 -1.046532 0.111199 -0.506201 -1.441487 -0.268148 1.049372 -0.641518 0.122063 -0.048626 -1.182737 -0.063647 -0.338138 -0.120385 1.032401 0.425633 0.834135 0.214248 0.283135 -0.887661 0.685076 0.077555 
117.255661 -36.032373 11.512777 4.022894 0.234870 -2.545296 -2.050640 -3.564048 0.331206 0.183174 0.420547 -0.612894 -2.166121 -4.889331 1.390095 1.944746 -0.425612 1.006547 -0.369875 -0.542159 -0.356492 1.098241 -1.025358 0.506442 0.346777 2.508020 -0.875214 -1.566343 0.940109 0.415125 -0.133659 0.879267 -0.197454 -0.499339 0.279683 0.121845 0.297229 
114.508904 -37.880373 12.069188 4.415558 0.733517 -1.015473 -2.647363 -3.599351 -0.553487 0.962573 0.069949 -0.489078 -1.210848 -2.381897 -0.088799 0.507777 0.833686 0.941449 -0.773519 0.317048 -0.663055 0.050693 -0.082151 0.365752 0.545832 1.691589 -1.340013 -1.068524 0.962424 -0.163783 0.084887 0.119174 0.153786 -0.733480 0.249658 0.231671 0.098868 
112.426308 -40.796168 11.335179 5.038448 1.902241 -0.662397 -3.597678 -2.929952 -0.994904 0.284560 0.256245 0.118611 -1.074457 -1.506154 -1.289930 -0.192303 1.499237 0.678981 -0.200101 -0.303812 -0.048920 -0.368719 -0.526041 0.969784 0.544512 1.173692 -0.011996 -0.377819 -0.230343 -0.637949 0.459587 -0.285359 0.496378 0.185137 -0.016113 -0.085873 -0.236405 
112.309624 -40.892680 9.489327 4.030952 3.731990 0.342489 -3.047566 -4.206974 -0.651327 0.225135 -0.982133 1.450490 -0.121824 -0.034513 -0.112792 -0.247860 0.372999 -0.334449 0.145656 -0.253670 0.329701 0.420967 -0.114377 0.194007 0.073021 1.145438 0.869516 0.073229 -1.201758 -0.987208 -0.030789 0.821155 0.399873 0.439986 0.728592 -0.936899 -0.867717 
112.187157 -40.865194 11.109596 4.542729 2.648239 -1.331295 -3.306365 -3.437292 -0.335503 1.126493 0.027490 0.506625 -0.928415 0.784721 0.449101 -0.045845 -0.904280 -1.295434 -0.261679 1.338498 0.750826 0.511252 0.931144 -0.904014 -1.190922 -0.687911 -1.258831 0.496235 -0.907948 0.357925 0.306501 0.419251 0.209731 -0.173421 0.120482 -0.288939 -0.064955 
111.811813 -39.323237 10.387529 3.939262 1.923431 -2.248380 -3.570925 -1.529978 0.850325 1.247640 0.880154 -0.357538 -2.503668 -1.410334 -2.630453 0.744611 -1.442897 0.381400 0.758658 0.584832 0.749163 0.074124 0.126588 -0.383871 -0.056889 -1.622623 -6.202606 1.310181 0.163859 0.475161 1.167597 -0.815028 -0.864395 -0.542193 -0.671618 0.522220 1.241176 
110.843330 -43.685862 5.848689 6.031951 -0.237555 -0.568494 -1.789048 -2.267628 1.162823 1.274741 0.280665 -0.261116 -1.042193 -2.460525 -11.956111 2.574517 -0.576562 -0.345112 2.073515 -0.291557 -0.977963 -0.573133 -0.412093 0.140426 1.291429 1.558863 -5.671407 -0.617315 1.163402 -0.754823 0.474673 0.320923 -0.961671 -0.312474 -0.013359 0.248805 0.064369 
223.942398 -44.244286 -13.524692 9.088297 0.770306 -2.938604 0.576105 -2.113092 -1.105602 0.101374 0.055968 -0.076685 0.079190 1.707392 -13.973268 -0.490018 0.883907 -1.128245 1.708004 1.226679 -1.174179 -0.550825 0.099869 0.113738 0.071849 4.751886 7.071380 -2.130318 0.064447 -0.458998 -1.479865 0.132781 0.420740 0.402116 0.404275 -0.220722 -0.970573 
0.000000 -40.271079 -22.097847 5.051914 1.530260 -2.824984 1.626959 0.185731 -1.185535 0.173091 0.480402 -0.033640 -0.898494 7.043247 2.186649 -1.686119 -0.447669 -1.263108 -0.886215 -0.025995 -0.136484 0.231100 0.396456 -0.301018 -0.649716 2.559795 13.228104 0.611813 -0.663683 0.276852 -1.692790 -1.583047 1.266774 0.385733 -0.183865 -0.011492 0.148836 
0.000000 -30.157793 -9.151395 5.716058 -0.125031 -5.464820 -1.196324 -2.165082 -1.378569 0.563574 0.848880 -0.678722 -1.220243 6.826981 12.482940 0.733607 -0.443459 -0.574540 -1.677576 -1.939415 1.359369 0.220641 -0.267862 0.090754 0.369521 -4.311094 2.595143 1.375434 0.715585 0.752209 0.418480 -0.569014 1.017739 -0.163479 -0.206966 0.175123 0.627541 
0.000000 -26.617118 2.868032 6.519129 0.643342 -3.974065 -1.728193 -3.693098 1.533204 0.614373 -0.055321 0.147869 -0.159453 -1.578941 7.376934 1.064749 0.983502 0.241310 -0.049255 -1.164024 1.898995 -0.095859 -0.017477 0.049227 0.605365 -6.637215 -5.466754 0.248934 0.576968 0.474582 0.900132 0.764097 -0.453698 -0.430257 0.507319 -0.208804 -0.115770 
0.000000 -33.315676 5.602473 7.845556 1.841973 -4.982199 -1.294834 -4.493130 2.419421 0.371856 0.813927 -0.580268 -0.009512 -6.447450 1.549432 1.231475 0.710478 0.374624 0.122687 -0.411220 0.451973 -0.639873 0.746777 -0.326853 0.137981 -3.363465 -3.685611 -0.621152 -0.209723 0.581909 -0.345375 0.814027 -1.523437 0.037054 -0.121271 0.294356 -0.145978 
50.815701 -39.512019 5.966897 8.982079 2.064298 -3.224816 -1.482818 -4.515539 2.437150 -0.665374 1.438233 -0.505837 0.116509 -8.305872 0.005712 -0.177556 0.564056 1.405128 -0.740004 0.464030 -1.147879 -0.021751 -0.260018 0.637939 0.313409 -1.657467 -1.367119 -0.915808 -0.424794 -0.304193 -0.325126 0.496652 -1.092263 0.722592 -0.667886 0.486636 0.011696 
104.474442 -49.927420 5.613897 7.490444 2.970085 -2.171944 -2.774843 -3.565069 0.123663 0.328354 0.293890 0.695610 0.617306 -9.762384 -1.184807 -0.600141 -0.139110 -0.233762 -0.527565 0.582083 -1.732553 0.805311 -0.588995 0.646419 0.161373 1.464096 -2.103181 -1.192989 -0.588070 -0.338461 0.936986 0.675685 0.370940 0.013821 -0.025637 -0.340076 -0.415003 
0.000000 -59.036787 3.597283 7.781797 1.786078 -3.692340 -2.537948 -3.351373 -1.027956 0.945248 0.260243 0.787002 0.439254 -5.377679 -4.200650 -2.563534 -0.612084 0.728206 1.133967 1.815399 -0.405999 0.005892 -0.311292 -0.042214 -0.516598 9.687630 0.244142 -0.416414 0.998043 1.000373 0.462546 0.480520 0.660604 -0.547551 0.510722 -0.261697 -0.117535 
0.000000 -60.682779 -2.787402 2.363377 1.745917 -0.715532 -0.506908 0.065729 -0.688336 0.340138 -0.328694 0.611183 -0.415890 9.612876 -0.696523 -1.432970 1.856977 1.766985 0.397528 1.543123 -0.411344 -0.289791 0.432450 0.123025 -0.073697 9.107216 4.432651 1.173785 1.768085 -0.473878 -1.488797 -1.052727 0.330839 0.279692 0.677220 -0.023385 0.295777 
339.761383 -39.811036 2.204237 4.915857 5.500033 -0.158371 -1.742892 -0.265127 -1.850645 0.365667 1.125142 1.033051 0.291860 12.836753 4.664653 -0.215964 2.924085 -0.219550 -1.843626 -0.290054 0.255679 0.565277 1.043149 -0.088983 0.074956 -3.396203 2.127913 -0.665809 -1.322652 -0.609292 -0.424006 -0.786126 0.874379 0.309853 0.008534 -0.095346 -0.291144 
120.761681 -35.009273 6.541904 1.931449 7.594087 -1.154632 -4.194160 -0.514379 -0.176977 1.470691 1.757603 0.433217 -0.265978 2.820470 3.559302 -2.764588 -0.788327 0.548400 -0.450483 -0.029128 1.337414 0.329916 0.449518 -0.067667 -0.655984 -6.520338 -1.633807 -0.224906 -2.815102 0.667868 1.698387 -0.199569 0.531072 0.096763 -0.722575 0.041361 0.051325 
121.624847 -34.170095 9.322842 -0.613319 3.923378 0.938429 -2.643858 -0.323383 0.824182 1.025499 2.024179 0.897716 -1.020108 -0.203923 1.397040 -0.665776 -2.706119 1.116187 1.553149 -0.689191 1.317823 0.758802 -0.402001 -0.006260 0.177607 0.300142 -2.600141 1.844482 0.155753 -0.924850 0.701558 -0.213110 -0.023806 -0.228054 -0.633941 -0.322873 0.390997 
125.771362 -35.417120 9.335983 0.599898 2.181848 1.077741 -1.087863 -1.892761 2.458669 2.988295 0.953601 0.420697 0.089235 3.420755 -1.640979 0.924377 -0.476821 -1.301300 0.952632 -0.455348 1.289803 -0.126192 -0.818364 -0.713413 0.126010 2.227376 -1.444072 0.245497 1.370771 -1.416703 -0.523382 0.445646 -0.687065 -1.183711 -0.033420 -0.376820 -0.267629 
133.095932 -27.328585 6.040884 1.235435 2.969737 -1.664171 -0.738594 -1.234079 3.403788 0.773115 0.387451 -0.529110 -0.768088 4.250829 -1.491104 -0.174783 0.035422 -1.717219 0.506384 0.202101 -0.056308 -1.608619 -0.468841 -0.759901 -0.357652 -2.472662 0.820705 -1.069596 0.111950 0.300218 -0.305035 0.069527 -1.060542 -0.274289 0.339082 0.273399 0.118229 
130.619171 -26.915462 6.353774 0.250332 2.252693 -2.356698 -0.075096 -1.488559 2.346052 -0.228944 0.015919 -1.099104 -0.626070 -1.524570 0.000431 -1.214814 -0.252921 -0.700863 0.342562 -0.316294 -0.831282 -0.674770 -0.140200 -0.166615 0.362469 -6.023357 0.597884 0.293529 -0.081192 0.693991 -0.064488 -0.217575 0.011177 0.884260 0.011378 0.587154 0.211289 
125.886108 -30.377725 6.041746 -1.194194 2.463894 -3.065898 -0.053471 -1.866666 1.741223 -0.576426 0.107050 -0.862341 -0.043150 -7.795885 -0.295336 0.412276 -0.126962 -0.329238 0.377407 -0.233049 -0.033954 0.159900 -0.446085 0.414408 0.064926 -2.826739 -1.818624 1.095636 0.007864 0.604763 0.086243 0.604658 0.138853 0.908500 0.047822 0.265563 -0.063731 
124.732475 -42.507232 5.763102 1.074884 1.998769 -3.015174 0.679718 -1.954658 2.278145 0.090857 -0.876252 -0.270289 -0.496217 -7.178048 -3.636817 0.976458 -0.237192 0.508662 0.515047 0.893022 -0.553577 1.142230 -0.044557 0.364512 0.235008 3.196064 -3.807005 -0.942374 -0.296925 0.929447 -0.253652 0.491643 -0.548425 0.004515 0.445095 -0.241941 0.192041 
127.202873 -44.733821 -1.231887 0.758723 1.989509 -2.048574 0.976623 -0.080623 0.634070 1.708034 0.017937 -0.133318 0.426865 -1.403757 -7.909346 -1.472472 -0.720811 1.529656 -0.129898 0.750238 -1.130803 0.168930 0.444105 -0.069475 0.449008 4.744660 1.210474 -0.061210 0.186366 0.601814 -0.221087 -0.567531 0.065750 -0.878622 0.244366 -0.375824 -0.078951 
127.048965 -45.314746 -10.055590 -1.870060 0.557148 0.044139 0.419923 -0.454182 0.016539 0.428717 0.011959 -0.409238 0.401800 2.311271 -1.215868 0.854038 0.135539 1.712291 0.072874 -0.242040 -0.422076 -0.615015 0.444175 -0.387136 0.077106 6.157767 6.632553 1.105275 1.125013 -0.877741 0.422431 -0.498734 0.747256 -0.077334 -0.118562 0.098466 -0.343642 
0.000000 -40.111278 -3.663624 2.466799 2.260587 1.376007 1.122371 -0.564703 -0.210082 0.478004 0.906288 -0.907590 0.581077 10.911777 5.355759 0.738078 1.529215 -0.225826 0.714964 -0.247231 0.363709 0.014262 0.206980 0.127458 -0.238275 -0.750812 1.050022 -1.387108 0.058250 -1.597434 -0.334452 -0.068616 0.326340 0.240716 -0.450664 0.288089 -0.199948 
0.000000 -23.491192 0.655929 -0.393905 3.615577 -0.407513 1.849852 -0.948643 0.743956 0.457241 0.425920 -0.154322 -0.074750 0.809648 0.884176 -1.920178 0.252038 -1.482578 -0.596030 -0.379272 0.230604 -0.133583 -0.457152 0.189042 -0.322790 -10.996838 -2.512765 -0.442451 -1.006955 0.167315 -0.498822 0.132065 -0.314188 -0.079287 0.017918 -0.010575 0.181447 
157.974304 -38.491982 -1.895272 -1.373558 2.764663 -1.589148 -0.069689 -1.323248 0.251126 0.210839 -0.008016 -0.529505 -0.064504 -11.081899 0.330229 -0.146824 -0.484695 0.108804 -0.282680 0.016900 -0.264668 -0.144313 0.242817 0.106307 0.124620 -4.252922 0.435193 1.212421 0.526997 1.059988 0.543700 0.154039 -0.174510 0.179349 0.422917 0.202736 0.238956 
365.158569 -45.654990 1.316386 -0.687553 2.646188 -0.189906 1.284493 -0.914843 0.214620 0.168616 0.911554 0.058292 0.174489 -7.696197 1.754562 0.504664 1.306033 0.637398 0.491369 -0.071194 -0.118415 0.225114 0.388682 0.594514 0.155122 -0.127695 -0.959100 1.041118 0.414620 0.585364 0.043081 0.403126 0.147205 0.238128 -0.306369 -0.072344 0.109575 
50.804493 -53.884375 1.613851 -0.364230 5.376728 -0.314353 0.913050 -1.465636 0.014295 0.661067 0.769348 0.659523 0.245741 -11.337289 -1.587971 1.935412 0.344545 1.279532 -0.196518 0.823153 0.029742 0.331943 -0.369921 -0.038380 0.343769 9.223829 -0.819312 0.662964 -0.771059 -0.649059 -1.321670 0.765710 0.986238 -0.660669 0.424504 -0.515370 -0.202501 
245.724625 -68.329569 -1.859555 3.183271 3.335279 2.369159 0.891458 0.731464 0.274105 0.832503 0.171711 -0.018469 0.862028 10.751462 0.115938 1.830593 -0.236086 -0.660721 -2.151971 1.460227 1.854061 -1.096225 1.237689 -0.436227 -0.249880 18.745794 1.459456 -1.281420 -0.111550 -1.417940 -0.631360 -0.229373 0.475964 -0.382853 0.808832 0.095756 -0.391981 
239.001846 -32.381452 1.845727 3.296955 4.904556 -1.635794 -3.390893 1.454818 3.722417 -1.531382 3.244726 -0.212930 -0.254019 26.154298 1.330941 -0.627428 0.121446 -1.556347 -1.459238 0.364408 0.981670 -0.433762 1.247743 0.153132 -0.440193 -2.291409 0.080776 -1.874834 -0.731638 0.672119 1.589026 -0.617311 -1.258302 1.017734 -0.892997 0.355924 0.233607 
372.053192 -16.020973 0.802327 1.928414 3.578170 -0.743535 -2.027018 1.460280 2.237446 -0.035020 2.667198 0.287795 -0.018357 6.168643 0.277491 -1.919075 -1.699361 0.683517 1.026080 0.225605 -0.662544 0.939244 -0.548305 0.275622 0.217335 -16.890047 -0.744295 -0.272564 -0.252097 0.480332 1.309210 -0.094590 -0.828734 0.629368 -1.011626 -0.247857 0.305461 
368.336792 -20.044165 2.400709 -0.541196 1.505834 -0.268761 -1.338733 1.906027 2.397329 0.347106 2.148116 0.338314 0.180650 -7.625796 -0.157650 -1.172557 -0.382749 -0.595684 1.159183 0.175227 -0.675798 0.824974 -0.775509 -0.342582 0.170730 -6.553324 -1.141201 1.134597 1.095331 -0.886177 -0.104633 -0.352647 -0.103712 0.173734 0.125388 -0.466321 -0.119866 
374.273438 -31.272565 0.487027 -0.416699 2.812672 -1.934903 0.291348 1.810734 0.885851 1.614927 1.116181 -0.397369 0.323103 -6.938005 -2.004911 0.350118 0.491301 -1.088837 0.816813 -0.479690 -0.869967 1.286713 -0.297529 -0.657020 -0.022398 5.501258 -1.841863 0.413687 -0.718922 0.534747 -0.863507 -0.151862 0.827520 -1.046116 0.153183 0.237233 -0.292781 
184.110779 -33.920175 -1.609113 0.159041 2.488435 -2.446434 0.294892 0.946647 0.657396 2.920532 1.553058 -0.975725 0.135855 3.376720 -3.841376 -0.345184 -1.820592 0.473811 -0.567832 -0.128497 0.979242 -1.267258 -0.469142 0.131885 -0.414831 6.958211 -0.922567 -0.909635 -1.427584 0.787121 -0.700878 0.176913 0.915164 -1.372049 -0.011236 0.528467 -0.143172 
363.227386 -24.519124 -7.195725 -1.107067 -0.828512 -0.987282 -0.844316 1.553740 2.844334 -0.919589 0.177896 -0.133599 -0.506558 6.978416 -3.850044 -1.469152 -2.363867 0.485406 -0.584943 -0.125865 0.960361 -1.457386 -0.320001 0.399915 -0.308741 -0.549415 1.392319 -0.245457 0.557599 -0.358991 0.276247 -0.150457 -0.556175 0.864966 0.418361 -0.076517 0.213648 
0.000000 -19.963342 -9.309201 -2.779264 -2.239299 -1.475622 -0.874993 0.694918 2.578117 0.005760 0.913056 -0.175896 -0.481626 2.277891 -1.056738 -0.836099 -0.705394 -0.244170 -0.015338 -0.429411 -0.133108 0.462675 0.367580 -0.021148 0.012466 -2.350263 1.396653 0.316527 0.829237 -0.364788 0.284802 -0.151773 -0.546735 0.960030 0.343790 -0.210532 0.160603 
