161.343399 -44.747076 8.331423 3.935142 -1.353005 -3.860528 -2.650688 -0.693802 1.584469 1.876103 0.551653 -0.797529 -1.549588 -0.667470 -0.830928 -0.578618 0.998437 2.327278 1.412894 0.276330 -0.166546 0.104139 0.352743 0.138248 0.146528 2.622041 0.251050 -0.436307 -0.620606 0.621218 0.398973 -0.730001 0.157490 -0.326852 0.246949 -0.275840 0.396759 
159.579422 -46.082016 6.669566 2.777906 0.643870 0.794028 0.175100 -0.141143 1.251377 2.084380 1.257138 -0.521032 -1.256532 4.576612 -0.328829 -1.451232 -0.242775 3.569713 2.210841 -1.183672 0.148434 -0.549565 0.846640 -0.413432 0.940047 5.197431 1.205260 -0.544343 -0.912626 -0.917603 -0.827307 -0.546947 0.473539 -0.687339 0.160322 -0.308871 0.174130 
158.053329 -35.593853 7.673765 1.032677 -1.838555 3.278898 1.770993 -3.061146 1.881337 0.776973 2.244933 -1.624393 0.330506 9.727392 1.579591 -1.667304 -0.826814 0.492071 -0.241719 -0.817565 0.780532 -1.270539 0.673387 -0.479493 0.494789 -0.318389 0.756157 -0.097889 1.174726 -2.711275 -2.023469 1.472897 -0.170016 0.356998 -0.609466 0.461680 -0.556879 
156.301941 -26.627232 9.828748 -0.556703 -1.009759 1.778170 -0.308338 -1.776273 2.812441 -0.456697 2.603912 -1.480019 -0.266955 3.939833 1.183485 -1.647011 2.106676 -1.852837 -1.836097 1.762123 -0.191598 0.164432 -0.372291 0.509929 -0.173710 -6.936303 -2.495120 -0.394819 1.641432 -0.801565 -0.585152 1.183883 -0.944006 1.106743 -0.715312 0.355363 -0.000731 
152.414825 -27.714186 10.040735 -2.261345 2.374797 -0.426776 -1.901202 0.463099 1.498140 1.105837 1.500351 -0.604536 -0.016914 -4.145213 -3.410648 -2.456943 2.456049 -1.111058 -1.412023 1.550200 -1.107481 0.942947 -0.757236 0.231234 0.493327 -4.278971 -3.013946 -0.451796 -0.646880 0.797822 0.417267 -0.733233 -0.310480 -0.129261 -0.066239 -0.506288 0.405338 
146.472198 -34.917659 3.007451 -5.470588 3.902340 -0.443945 -3.132384 1.324128 0.597480 1.429196 1.089439 -1.017552 0.719700 -4.618109 -4.844408 -2.550603 0.812916 -0.257193 -1.001564 0.295656 -0.812558 -0.094089 -0.504770 -0.502647 0.636967 1.929773 2.881698 1.750016 -1.071229 0.500535 0.221040 -0.950621 0.327261 -0.569123 0.239867 -0.150615 -0.212578 
150.436813 -36.950404 0.351920 -7.362550 4.000629 -0.941162 -3.904329 1.054411 -0.126975 0.917659 0.490810 -1.609831 1.257019 -0.285668 2.352747 1.043089 0.313590 -0.109987 -0.969943 -0.351041 -0.452959 -0.195298 -0.277502 -0.069996 0.068171 4.776433 5.191164 2.714002 -0.360145 0.346245 0.091648 -0.312256 0.696413 -0.209398 0.386716 0.319157 -0.389258 
158.180298 -35.488995 7.712946 -3.384410 4.529520 -0.663919 -5.072269 0.622047 -0.308437 1.038600 0.534434 -1.157544 0.856041 4.934756 5.537921 2.877401 0.092627 0.435298 -0.818267 -0.328857 0.580269 -0.512885 0.268662 0.135666 -0.141549 2.176354 -0.641538 0.285586 -0.296942 0.346045 0.350424 0.236161 0.429339 -0.047759 0.272074 0.016999 -0.152372 
135.468903 -27.080892 11.427762 -1.607747 4.185882 -0.070566 -5.540863 0.396698 1.033564 -0.108110 1.028134 -1.338499 0.973920 4.067040 1.069671 1.614261 -0.280294 0.582102 -0.269094 0.121281 0.405719 -0.290816 0.266647 -0.035998 -0.236573 -2.686935 -3.513504 -0.750953 -0.405925 -0.239935 0.912036 -0.106934 0.061439 0.362102 -0.279730 0.084522 -0.294901 
132.631531 -27.354915 9.852287 -0.155887 3.968931 0.500285 -5.610458 0.864608 0.503001 0.456968 1.067727 -1.229540 0.382895 -0.439114 -1.489086 1.375496 -0.719223 -0.044573 1.005805 -0.542725 0.703147 0.211319 -0.290799 0.304709 -0.731352 -2.995527 -0.804431 -0.794415 -0.292011 -0.355872 1.154985 -0.453006 0.152006 0.054356 -0.402598 0.326284 -0.189367 
131.792099 -27.959121 8.449590 1.143244 2.747436 -0.159712 -3.529253 -0.688752 2.439859 0.314528 0.446536 -0.729080 -0.488784 -1.924015 -0.539192 0.025432 -0.864316 -0.129641 2.040876 -0.784730 0.709731 -0.182104 -0.538549 0.616570 -0.615306 -1.382065 0.789715 -1.210814 -0.026481 0.220225 0.393283 0.443741 -0.486129 -0.205657 -0.056203 -0.039218 0.473158 
130.571609 -31.202944 8.773902 -0.105023 2.240300 0.241003 -1.528705 -0.704852 1.922463 0.092760 -0.009371 0.003601 -0.847718 -3.203244 0.090344 -1.046132 -0.772185 0.395877 1.792371 0.344757 -0.269111 -0.199994 -0.403204 0.226273 0.214964 1.059315 -0.445886 -0.212008 0.543145 -0.343543 -0.246002 0.680915 -0.454676 0.190277 0.079740 -0.498003 0.777189 
130.947723 -34.365608 8.630278 -0.949019 1.203066 0.632042 0.055489 0.000763 1.901636 -0.085461 -0.359872 -0.276534 -0.058857 0.194616 -1.430965 -0.398584 0.221974 -0.816727 1.548873 0.577101 -0.199622 0.198450 -0.379069 -0.379436 0.939071 3.319798 -0.796665 0.359735 0.654716 -0.667085 -0.442800 -0.102371 0.107750 0.100995 0.130877 -0.327342 0.127583 
132.608185 -30.813713 5.911973 -0.902191 2.684248 -1.392450 1.569041 0.449349 1.523219 0.489660 -0.767510 -0.755270 1.030425 3.436353 -1.502986 -0.326662 0.537247 -0.938293 0.906771 0.140016 -0.053611 0.001996 -0.141449 -0.428410 0.470130 0.653560 0.689521 0.201327 -0.519136 0.471213 -0.724051 -0.513857 0.140598 -0.340627 0.295485 0.033136 -0.442729 
135.202393 -27.492902 5.624305 -1.602342 2.277559 -1.244544 1.869032 0.280795 1.794414 -0.081469 -0.642770 -1.133355 0.881403 1.501735 -0.051923 0.004071 -0.816298 0.125700 0.100771 -0.450613 0.081575 -0.482805 0.211900 -0.313163 0.053613 -1.763780 0.291581 0.738680 -0.785595 0.487237 -0.823594 -0.088447 -0.224506 -0.108973 0.290187 0.079696 -0.146746 
135.000748 -27.810243 5.808128 -0.894049 1.051652 -1.141049 1.770583 -0.451877 1.686368 -0.475949 -0.343710 -1.381596 1.137651 -0.091208 -0.919825 1.150699 -1.033943 0.036182 -0.740416 -0.036878 -0.502623 -0.215951 0.438924 -0.269017 0.176638 -0.863333 -0.525324 0.392828 0.347310 -0.171549 -0.421118 0.417471 -0.350783 0.256011 0.131925 0.033289 -0.047786 
134.538895 -27.675318 3.784655 0.699056 0.209673 -1.172180 0.388200 0.207039 0.789168 -0.513370 0.235078 -1.671390 1.234678 -0.224931 -1.102571 0.789727 -0.121678 -0.217398 -0.741465 0.384329 -0.619991 0.029218 0.475749 -0.246584 -0.041960 0.271341 0.459170 -0.677632 0.810380 0.132234 0.229873 -0.007731 0.152679 0.101090 -0.150209 0.214235 -0.154159 
136.209473 -28.260105 3.602986 0.685405 0.808297 -1.575845 0.287652 0.316782 0.446386 -0.417512 0.607789 -1.874764 1.053732 0.451473 -0.001484 -0.204564 0.586817 0.300650 -0.280671 -0.052341 -0.197264 -0.013770 0.138506 0.159454 -0.131680 0.281306 1.098525 -0.876572 0.187425 0.442638 0.360262 -0.150814 0.326121 0.028623 -0.359715 0.275162 -0.012838 
137.278763 -26.772372 3.781687 0.289927 1.383306 -0.570881 -0.173141 0.102358 0.394641 -0.540910 0.512091 -1.352482 0.971318 0.337680 1.094479 -0.963417 0.253172 0.667878 -0.020942 0.082702 0.032251 0.086465 -0.243681 0.303739 -0.067636 -0.755655 0.938531 -0.418236 -0.339824 -0.185138 0.486619 -0.120802 0.156764 0.180659 -0.190167 0.014735 0.002624 
138.409485 -27.584744 5.791943 -1.241430 1.314640 -0.240089 0.245768 0.482185 0.510889 -0.244583 0.120426 -1.267286 0.918459 -1.059836 1.875579 -1.041036 -0.092831 -0.069626 0.692568 -0.293946 0.116265 0.347548 -0.241828 0.188924 -0.126432 -0.601020 -0.370953 0.711602 -0.423755 -0.478602 0.606441 -0.366222 0.035310 -0.017447 -0.126985 -0.043640 -0.031945 
139.105194 -28.892044 7.532845 -1.792145 1.197645 -0.710133 1.211995 -0.485533 0.627170 0.154187 0.028435 -0.974633 0.718454 -0.864360 0.352572 0.459787 -0.594338 -0.289326 1.191939 -0.649742 0.102871 0.051570 -0.497651 0.216459 -0.131526 -1.492048 -0.953864 1.343301 -0.194886 0.088992 -0.014844 0.561773 -0.055840 -0.353086 0.088587 0.131580 0.178886 
140.817062 -29.313465 6.497088 -0.321856 0.125963 -0.818741 2.629647 -0.817299 0.716631 -0.141443 -0.874875 -0.834367 0.655408 -4.043932 -0.032149 1.645566 -0.482604 0.108358 0.662880 0.829601 0.004584 -0.358623 -0.064655 0.452084 0.231341 -4.396275 -0.728594 0.405585 0.504935 0.577417 -0.815224 0.987120 0.227958 -0.179878 0.403003 0.169749 0.271327 
143.965271 -36.979908 7.468547 1.498986 0.232437 -0.493416 2.537754 1.173668 0.636337 -0.563060 -0.100874 -0.070465 1.181136 -9.656911 -1.104616 1.270957 0.415531 0.865508 -0.438508 1.324499 0.558786 -0.308186 0.308355 0.555958 0.411128 0.649929 -4.246398 -1.451587 0.658259 -0.084257 -0.716639 -0.408859 0.004118 0.362449 -0.165271 -0.308555 -0.213665 
143.203018 -48.627286 4.287855 2.220059 0.957025 0.912274 1.752630 1.831698 1.834203 -0.757814 -0.258165 0.277549 1.477665 -2.744073 -8.524945 -1.257609 0.833914 -0.060156 -0.770399 0.011882 0.012820 0.366274 -0.395197 -0.165025 -0.195990 9.775855 -1.130179 -0.590797 -0.043945 -0.958587 0.322603 -0.322495 -0.455807 0.417718 -0.539639 -0.592113 -0.404932 
142.510208 -42.468054 -9.581344 -1.016231 1.900265 -0.613729 0.996957 1.197432 0.661977 0.169488 -0.891268 -0.400515 0.789156 9.894800 -3.364975 0.089362 0.327642 -1.051667 0.206697 0.679509 -0.352829 0.527251 -0.770923 -0.628267 -0.398735 6.318609 7.217658 1.290307 -0.762653 -0.318752 0.854365 0.150480 0.254736 -0.317176 0.127768 -0.163498 0.207102 
0.000000 -28.837687 -2.442094 2.398783 1.612308 -1.191060 2.166025 3.190716 1.128546 0.296688 -1.800011 -0.978985 0.680195 9.893146 5.910371 1.323006 -0.691393 -0.697660 0.938331 0.312841 0.522292 -0.268077 -0.139660 -0.492021 0.218215 -3.795166 2.656155 -0.189013 -0.532312 0.555662 0.263472 -0.931982 0.349456 -0.567539 0.648336 0.081484 0.413109 
174.534927 -22.681763 2.239398 1.629780 0.517479 -2.009048 2.873619 1.823114 1.706561 -0.366666 -1.170587 -1.384556 1.225586 2.304467 1.947335 -0.288664 -0.736982 0.059657 0.733642 -1.184456 0.346083 -0.607827 0.525749 -0.465298 0.427482 -10.169520 -3.722649 -0.396438 0.166527 0.806786 -0.423563 -0.467311 -0.191895 -0.113199 0.301441 0.200950 -0.180545 
175.326477 -24.228753 1.452576 1.821455 0.138345 -1.071746 3.633309 0.821804 1.820712 -0.918966 -0.748513 -1.909582 1.535158 -10.445895 -1.534927 0.530129 -0.358339 0.915912 0.091205 -0.621780 0.138502 -0.494475 0.463223 -0.090121 -0.142875 -9.904438 -2.495434 -1.209669 0.589314 1.114258 -1.378431 0.339956 -0.243259 0.642279 -0.194750 0.738612 -0.395043 
169.583603 -43.573552 -0.830456 2.690038 -0.199198 -0.177224 3.056029 0.579553 1.983565 -1.355616 -0.244141 -1.564798 0.939836 -17.504409 -3.043533 -2.708002 0.441646 2.288173 -2.023220 -0.504544 -0.140435 0.676731 0.136248 1.011925 -0.362603 8.853698 0.479807 -1.294167 0.820889 0.559918 -0.086143 0.311794 -0.381506 0.564068 -0.238735 0.633823 0.315043 
149.822906 -59.237571 -4.634491 -3.594549 1.021637 3.504600 -0.413132 -0.187285 1.539843 0.434497 -0.476016 0.114267 0.809952 7.261502 -0.575313 -2.058206 1.283439 2.035748 -0.081082 0.001807 -0.624511 0.633660 -0.014247 1.177525 0.487210 18.766782 2.863932 2.175433 -0.040145 -1.565849 2.067784 0.286215 -0.434295 -0.468010 0.259055 -0.515403 0.349656 
0.000000 -29.050549 -1.981081 -1.426373 2.367679 3.894271 2.893865 0.583167 0.734544 -0.088296 -0.272634 0.790252 1.914257 20.029155 2.684330 1.642864 0.361355 -0.843525 2.112348 0.067886 -1.009025 -0.259289 0.654358 -0.018881 0.336709 -1.027777 1.084816 1.416687 -0.791774 -1.788322 -0.048578 -0.111865 -0.107801 -0.406832 -0.024586 -0.805856 -0.491331 
183.679398 -19.179261 0.734169 -0.308821 1.744346 1.817550 3.811564 -0.051514 -0.478207 -0.084080 0.832699 0.076505 1.483371 5.205947 1.594320 0.775168 -0.300109 -1.540896 -0.178239 -0.221923 -0.840113 -0.180004 -0.063419 -0.434187 -0.495451 -10.226394 -0.897345 -0.682333 -0.271169 -0.126610 -1.324484 -0.177674 0.598519 -0.046837 -0.602696 -0.073156 -0.465101 
179.222763 -18.638656 1.207558 0.123964 1.767462 0.812480 2.537388 0.139320 -0.945683 -0.448303 -0.399471 -0.078122 0.923354 -0.423633 0.889639 0.278198 -0.180984 -1.096745 -0.536621 -0.287463 0.188013 -0.352963 -0.551035 -0.165193 -0.593493 -4.231338 -0.779505 -0.145162 -0.252130 0.167063 0.112321 -0.155224 1.051172 0.146339 0.362756 -0.021134 0.101197 
178.464661 -20.026526 2.513448 0.247575 1.382379 -0.375939 2.738323 -0.626439 -0.102180 -0.790007 -0.269371 -0.253882 0.296384 -3.256730 0.035309 0.484845 -0.804369 -1.206770 0.046404 -0.532372 1.262231 0.112675 0.662093 -0.476456 -0.293056 -0.753466 -0.841044 -0.371346 0.077669 0.567175 0.236141 0.144718 0.143280 0.270782 0.607714 -0.057736 0.358944 
176.037567 -25.152116 1.278176 1.093653 0.158724 -1.601061 2.630197 -0.925425 1.578778 -0.222953 0.924715 -1.031034 0.337242 -1.930564 -0.792448 -0.464493 -0.025645 0.037604 -0.064338 0.001973 0.474574 0.188601 0.664393 -0.280665 0.124395 2.037152 -0.609664 -0.416914 1.083413 1.006015 -0.010295 0.309976 -0.903068 -0.070783 -0.350392 0.391370 0.278577 
175.845779 -23.887654 0.928551 -0.681411 1.331089 -0.300731 2.609647 -0.622493 0.846967 -0.412804 1.059415 -0.815211 0.545175 0.817574 -1.184019 -0.348984 1.362457 0.805259 0.025815 0.087579 -0.543905 -0.028891 -0.038691 0.306285 0.264098 -0.495682 -0.710823 0.661911 0.491561 0.120793 0.078838 0.090158 -0.370669 0.011667 -0.399291 0.372772 0.015590 
174.378387 -23.516967 -1.089862 0.395686 2.883638 0.009458 2.681827 -0.750267 0.490969 -0.280734 0.847334 -0.418464 0.865437 -2.921929 -2.214095 0.859329 0.957477 0.279191 0.093339 0.182289 -0.266765 0.211935 -0.134189 0.464880 0.155575 -2.289015 -2.023091 -0.290979 -0.174707 0.229658 -0.050833 0.626191 0.076968 0.107272 -0.224901 -0.126890 -0.260830 
169.255554 -29.731511 -3.499639 1.037247 3.246044 0.257651 2.796325 -0.257914 0.313438 0.011066 0.791037 0.114550 0.856326 -3.760455 -5.230202 -0.930942 1.013043 1.264576 -0.075851 1.339961 -0.389969 0.185654 -0.488494 0.052504 -0.257563 2.699632 1.285200 -0.876357 -0.444327 0.526986 -0.083225 0.275611 -0.066260 -0.082228 -0.093165 -0.273916 -0.224616 
155.712601 -31.037878 -11.550266 -1.466197 4.909723 2.538610 2.530125 1.929655 -0.288969 0.090574 -0.129653 -0.313455 0.350311 2.477336 0.356305 -0.893385 0.068823 1.333163 -0.073111 0.733510 -0.399285 0.047479 -0.320519 -0.082951 -0.293656 3.782676 5.881298 0.760355 -1.247950 -0.955157 0.016999 -1.214890 0.211346 -0.159402 0.407691 -0.126610 0.131071 
162.811722 -24.776839 -2.787029 -0.749523 3.383690 2.923977 2.650103 1.209107 -0.485132 0.106025 0.149999 -0.051353 0.269014 3.804896 6.532394 0.589768 -1.482857 -0.645739 -0.041854 -1.089819 0.032722 -0.133150 0.326888 -0.200715 0.004578 -1.322217 1.170861 0.449615 -0.502890 -1.246280 -0.284039 -0.679421 0.577629 -0.069610 0.128708 -0.107236 0.146665 
167.855270 -23.428085 1.514522 -0.286661 1.944010 1.247133 2.446418 -0.249982 -0.223525 -0.175726 0.524123 -0.714886 0.359468 -0.167098 2.698027 0.005845 -0.936957 -1.159396 -0.641188 -0.625331 0.755973 -0.091741 -0.063103 -0.297423 -0.000326 -3.166564 -2.990629 -0.145077 -0.074136 0.234091 -0.339311 0.490533 0.689467 0.165352 -0.366092 0.263785 0.096171 
170.332489 -25.111036 2.609025 -0.737833 1.509776 0.605185 1.367727 -0.041555 1.026813 -0.077457 0.023793 -0.646200 0.268361 -2.528232 0.551135 0.299613 -1.631128 -0.177556 -0.720476 -0.108753 1.411657 0.197555 -0.405296 0.326854 0.196921 -1.796026 -0.659703 0.223805 -0.356105 0.654465 0.311537 0.427300 -0.084312 0.016177 -0.033073 0.309573 0.155221 
172.369751 -28.484548 2.616792 0.312565 -1.318246 0.892021 1.005465 -0.467488 2.599788 0.219384 -0.286468 -0.061177 0.753309 -3.759151 1.378620 0.453455 -1.649166 0.149533 -0.018115 0.229270 0.587349 -0.059386 -0.129249 0.321722 0.310115 -1.207332 -0.104079 0.081351 0.932047 0.318779 0.365527 0.234779 -0.793931 -0.188990 0.337466 -0.288486 -0.138828 
174.783432 -32.629338 5.366265 0.169077 -1.788556 0.904251 1.331497 0.416985 2.201511 -0.196229 -0.234705 -0.002756 0.888592 -4.942896 0.342977 0.462316 0.232965 0.460003 0.010577 0.360806 -0.176205 -0.180425 0.269636 -0.250118 -0.080735 0.273023 -4.513051 -1.305310 2.027677 0.407369 -0.424591 -0.693351 -0.262805 0.321180 0.061395 -0.072061 -0.216478 
178.035904 -38.370341 3.302746 1.237197 -0.852316 1.812026 1.026619 0.254125 2.247379 -0.141466 0.252803 -0.561412 0.591840 -3.213105 -7.647481 -2.157166 2.406189 0.964272 -0.867297 -1.157433 0.061739 0.582973 -0.006460 0.177600 -0.122840 4.130317 -4.511626 -1.921974 0.716145 0.272752 -0.164182 -0.352393 -0.111626 0.259045 -0.553644 0.312137 0.130277 
178.473358 -39.055547 -9.928697 -4.145254 3.023821 2.832795 -0.403096 -1.897881 2.324989 0.969718 -0.247626 0.352445 0.642912 3.317739 -8.680274 -3.381632 1.665256 1.005507 -0.317788 -0.343979 -0.399457 0.337664 -0.837652 0.374157 0.179819 1.325583 2.704959 -0.062529 -1.369641 -0.423940 0.370584 0.899425 -0.558230 -0.349360 -0.152503 -0.256760 0.052633 
0.000000 -31.734863 -14.057802 -5.526067 2.478196 3.823040 0.391044 -0.433833 1.448465 0.533863 -1.422500 0.186901 0.951477 -0.561938 -2.237563 -2.282223 -0.333093 0.116392 -0.126128 0.641417 -1.054720 -0.115747 -0.311466 -0.335919 -0.017575 -2.622997 7.193237 2.271216 -0.618180 -1.045805 0.306786 0.011215 0.222796 0.062222 1.114143 -0.411403 -0.280447 
0.000000 -40.179423 -14.403823 -8.709700 2.357636 3.065580 -0.655353 -0.615047 0.215549 0.738224 -0.870557 -0.319393 0.607761 -1.928255 5.706200 1.160800 0.428896 -1.086102 0.295784 -0.321549 0.046134 0.462108 1.390634 -0.448649 -0.381076 3.751159 4.788838 2.839537 0.124575 -0.841844 0.354395 -0.457087 1.017298 0.085450 0.587476 0.005101 0.000514 
0.000000 -35.591374 -2.645403 -3.204467 3.335987 1.650835 0.982612 -1.076931 1.540734 1.458080 1.358768 -0.710397 0.189325 6.940380 7.340113 3.396852 -0.083942 -1.567296 0.582662 -0.272758 0.979875 0.055152 0.863485 -0.325717 -0.016548 1.825577 -1.813851 0.260613 -1.665733 0.455415 0.007382 0.385672 0.261993 -0.531461 -0.886767 0.313007 0.265854 
146.886154 -26.298663 0.276403 -1.915996 2.189751 -0.069013 0.509972 -1.160563 2.175300 0.848529 0.856413 -0.970828 0.574666 1.722899 2.078498 1.682025 -2.902570 -0.175272 0.310548 0.449796 0.570120 -0.600813 -0.382899 0.177364 0.150632 -5.541767 -3.300509 -0.806236 -1.385139 1.056148 0.192812 0.776696 -0.755962 -0.142647 -0.085577 0.227756 -0.030964 
139.462357 -32.145576 1.511594 0.159584 -2.469154 1.300290 1.603708 -0.177340 2.680975 0.256454 0.592970 -0.355670 0.490590 -4.143155 0.739095 1.784379 -2.854221 0.544999 0.968287 1.280634 -0.532048 -0.230142 0.692331 0.129794 -0.078475 -3.518466 -0.994839 -0.372739 1.578171 -0.028844 -0.044468 0.288913 -0.788407 0.321127 0.589824 -0.013535 -0.049739 
138.010818 -34.584974 1.754593 1.652761 -3.518690 1.020985 2.446545 1.400704 1.111203 0.388245 2.241075 -0.711239 0.417716 -5.314033 0.088821 0.936547 0.253772 -0.232961 0.221612 1.027622 -1.006694 0.041441 0.796748 0.150294 0.051154 1.172459 -2.089117 -1.959706 3.150424 0.455449 -0.499112 -1.285093 0.478705 -0.038257 -1.023160 0.301191 0.188731 
137.025360 -42.773643 1.689236 2.032678 -1.961609 0.834369 2.046932 1.877904 0.667587 0.339337 2.186467 -0.055081 0.592898 -1.798238 -3.439139 -2.135034 3.446628 1.455897 -0.029937 -1.289553 0.425363 -0.306656 -1.353988 0.732176 0.298986 7.348260 -1.141277 -1.243898 1.109786 0.538149 0.365416 -0.998629 0.525237 -0.059473 -0.964989 -0.074603 0.052855 
134.809647 -38.181450 -5.123684 -2.617306 3.374565 3.932778 2.386670 -1.178401 1.961929 -0.225068 -0.466901 0.753113 1.015687 9.382487 -2.193733 -1.551248 2.473344 0.843337 0.952445 -0.969635 0.043780 -0.077505 -1.133229 0.001088 0.156863 5.209599 2.718878 1.783952 -1.884750 -1.155913 0.268064 0.809313 -0.587010 0.254329 0.787042 -0.614036 -0.130321 
160.649277 -24.008668 -2.698231 -1.069818 2.985079 2.521043 3.951822 -0.061366 0.755147 0.184327 -0.079990 -0.052904 0.906624 8.620960 1.998618 1.432870 -0.322873 -0.855929 0.506190 0.329074 -0.748658 0.202001 0.220095 -0.495896 0.038344 -3.407663 2.196572 0.995400 -1.735500 -0.655219 -0.619776 0.274071 -0.178303 -0.155996 0.479217 -0.026760 -0.075666 
170.367249 -20.939531 -1.126449 0.248433 2.728820 2.220921 3.399050 -0.520253 0.464612 0.178934 -0.026712 -0.238679 1.092376 2.567162 2.199411 0.439552 -0.997655 -0.467101 -0.287107 -0.421492 -0.312827 -0.389497 -0.174795 -0.052431 0.005532 -3.208463 0.047393 -0.683090 -0.594740 0.178356 -0.390258 -0.242757 0.126237 -0.388611 -0.241354 0.256253 -0.079509 
176.068771 -18.874344 1.700592 -0.190714 0.989769 1.586842 3.377607 -0.904350 0.129494 -0.594667 -0.429579 -0.157766 0.917687 2.204035 2.093403 0.066689 -1.512353 -0.499218 -0.274326 -0.156440 -0.496184 -0.575221 -0.262613 0.016610 -0.120673 -0.669306 -0.619431 -0.226621 0.170456 -0.108888 -0.131726 0.326474 0.043123 0.074530 0.130950 -0.037007 -0.031560 
178.943573 -16.531461 3.060357 0.381812 -0.295887 1.222486 2.850397 -0.833133 -0.527756 -0.971507 -0.551938 -0.205459 0.851029 1.228549 0.960550 -0.013690 -0.656743 -0.684877 -0.550560 0.231456 -0.226581 -0.240437 0.087105 -0.126446 -0.057588 -1.346295 -0.622762 -0.257063 0.825529 -0.249479 -0.258387 0.261778 0.319053 0.322471 0.241472 -0.084878 0.016439 
177.551956 -16.417246 3.621692 -0.218095 -0.323717 0.217088 2.276487 -0.441439 -0.323668 -1.075541 -0.255369 -0.410657 0.802511 -0.488556 0.847879 -0.447437 0.138705 -0.998175 -0.791101 0.367116 0.141921 0.069722 0.220331 -0.153146 -0.087796 -1.421658 0.039252 0.009130 0.405450 -0.142897 -0.001265 -0.095053 0.219900 0.125712 0.100064 -0.043731 0.027069 
174.028870 -17.508573 4.756114 -0.513061 -0.018477 -0.773864 1.268194 -0.098900 -0.243913 -0.832063 -0.111277 -0.511751 0.675438 -1.614768 1.039054 0.004569 0.154156 -0.970671 -0.553091 0.041349 0.213218 0.010987 0.287233 -0.213908 -0.003451 -0.290274 -0.188018 0.299744 -0.068584 0.261490 0.371078 -0.248518 0.015710 -0.090237 -0.002572 -0.005107 0.073941 
168.829758 -19.646781 5.699799 -0.208957 -0.015404 -1.724255 1.170305 -0.358740 0.102769 -1.053566 0.319097 -0.838473 0.795609 -1.069104 0.471843 0.152052 0.001536 -0.475195 -0.048945 -0.129920 0.173341 -0.110751 0.215187 -0.163361 0.060086 0.272832 -0.283606 0.073742 -0.076310 0.247738 0.252073 -0.085635 -0.019939 -0.060869 -0.036023 0.025273 0.031768 
