145.285370 -18.079440 -4.158330 -2.853777 6.121834 5.016393 2.815419 -1.769054 -0.319560 1.691884 -1.063082 0.531169 0.597770 -0.813252 0.782941 -0.212635 -0.428235 -0.848828 0.111203 0.223956 -0.127804 -0.333484 -0.091917 0.027975 -0.052170 -3.410313 1.166674 0.018987 -0.282931 0.302994 -0.565237 0.133735 0.203784 0.158813 -0.028694 0.036588 0.138868 
138.941879 -19.705944 -2.592448 -3.279047 5.265365 3.318736 3.037824 -1.321141 -0.575168 1.024915 -1.246915 0.587120 0.493429 -7.633877 3.116290 -0.174660 -0.994096 -0.242841 -1.019271 0.491427 0.279764 -0.015858 -0.149304 0.101151 0.225566 -5.213438 1.458647 0.207271 -0.486051 1.262735 -1.027325 -0.127746 0.450260 0.003168 0.127883 0.027624 0.099595 
125.979568 -33.347195 2.074249 -3.203097 4.133641 4.530711 0.776878 -0.786200 0.239968 1.660168 -1.361690 0.733471 1.048902 -11.240127 3.700235 0.201907 -1.400337 1.676642 -1.943447 -0.031536 0.772716 -0.327148 0.163850 0.083223 0.147019 3.512428 -0.943470 -0.518092 0.351296 -0.323853 -0.036674 0.748597 -0.600423 -0.356077 0.446168 -0.658946 -0.162443 
58.070301 -42.186198 4.808023 -2.875233 2.464691 6.672021 -0.849070 -1.384212 0.970264 0.370619 -0.919215 0.753566 0.787466 -0.609021 1.229350 -1.210844 -0.291505 -0.890548 -1.092619 1.988622 -0.921082 -0.728012 0.743033 -1.216740 -0.099321 8.063951 -2.095813 -1.223872 0.497694 -2.421317 0.941033 1.305562 -1.055117 0.407099 0.242000 -0.700548 -0.148817 
341.128235 -34.565237 4.532950 -5.624784 3.550631 2.749616 -1.408361 3.191044 -1.602196 0.204143 0.124375 -1.700010 0.850260 4.887776 -0.491390 -2.245837 -0.404949 -3.165992 -0.061380 2.579588 -1.337518 0.487050 0.647851 -1.317872 -0.150615 -0.761379 0.139954 0.288063 -0.724737 0.239310 0.817272 -1.446502 0.713986 0.370884 -0.334775 0.848695 -0.093565 
59.184357 -32.410646 3.825242 -7.366907 1.654793 0.340037 -0.971831 3.774965 -1.704772 1.344720 0.376486 -1.882179 0.486237 -2.131779 1.509258 -0.634718 -1.740979 -0.411927 0.541925 -0.904383 0.506890 0.013755 0.073483 0.480649 -0.286450 -5.336432 0.724104 2.197973 -0.387349 2.140672 0.460913 -2.193068 0.910745 -0.837198 -0.514569 0.990589 -0.000049 
261.708984 -38.828794 7.551466 -6.894221 0.068673 1.925762 -0.324510 1.382277 -0.588415 0.231653 0.271341 -0.738712 0.277360 -5.785088 0.956818 2.150109 -1.179646 1.115353 0.860446 -1.806547 0.483971 -1.187346 -0.381288 0.663306 -0.150713 -4.065604 -2.181645 2.731338 1.206904 0.215698 0.202890 0.242315 -0.104257 0.057336 0.052686 0.061940 0.130644 
252.779953 -43.980822 5.738878 -3.066690 -0.704499 2.570743 0.749062 0.161871 -0.736829 -1.029971 -0.386089 -0.555566 0.184812 -10.262987 -2.854032 4.827958 0.672828 0.019469 0.947705 -0.419754 0.298376 0.128427 0.178856 0.604529 -0.025162 1.963593 -0.272607 1.396430 1.705863 -0.553996 -0.268370 1.003253 -0.072068 0.905624 0.261814 -0.208351 0.069098 
252.189163 -59.354768 1.843401 2.761696 1.414329 1.964701 1.570899 0.542770 0.008336 0.488507 0.629052 0.470345 0.227035 -1.857903 0.411603 4.942969 2.232080 0.007361 0.323706 0.199959 0.339835 0.623902 0.142341 0.246605 -0.012517 10.704695 3.251115 -1.071605 0.210074 -0.419229 -0.787094 -0.129026 -0.246315 -0.237658 -0.312699 -0.304485 0.093199 
225.297791 -47.696628 6.562084 6.819248 3.759662 2.585464 1.396474 0.561789 -0.057158 0.217833 -0.101408 -0.062356 0.159779 11.146402 3.648198 2.684748 1.092977 -0.818988 -0.626483 -0.677805 -0.194255 -0.346890 -0.446542 -0.004441 0.161235 6.407348 -0.190907 -2.925041 -1.024356 -0.667063 0.041542 -0.911311 -0.296067 -0.077793 -0.026438 -0.409681 0.201540 
114.975517 -37.061963 9.139798 8.131192 3.600283 0.326724 0.317932 -0.812841 -0.380173 -0.205272 -0.264033 0.461462 0.549505 10.956794 0.029790 -0.907113 0.183368 -1.326765 0.406790 -1.622662 -0.252298 0.468317 0.089465 -0.572757 0.390563 -1.702523 -2.708489 -2.665045 -0.534239 -0.028622 0.817289 0.000635 0.110784 0.361053 0.508158 -0.688027 0.018164 
120.057617 -25.783041 6.621664 5.005021 4.126398 -0.068065 2.210055 -2.683535 -0.561754 1.154467 0.077521 -1.207870 0.940906 7.741357 -1.768779 -2.645342 0.024499 -0.876232 1.008094 -0.676535 0.027313 0.375216 0.569774 -1.380496 0.197564 -3.917872 -0.395478 -0.433018 -0.239578 0.059631 -0.201856 0.788215 0.369022 -0.472255 0.278256 -0.018584 -0.301733 
123.519753 -21.579249 5.602240 2.840509 3.649281 -1.425739 2.334121 -2.165910 -0.325546 0.545161 0.875516 -2.299530 0.944632 3.121049 -0.761165 -1.773150 -0.295788 -1.207502 0.003078 -0.046232 0.485746 -0.476193 0.645978 -0.609924 -0.212903 -3.393679 0.882327 0.922844 -0.053597 0.223504 -0.566734 0.100390 0.102164 -0.391211 -0.234456 0.688229 -0.164523 
122.477280 -19.540942 5.099334 1.458721 3.534822 -2.483069 2.216210 -2.775999 0.409738 0.202080 1.369476 -2.427718 0.515101 0.953999 -0.004124 -0.799654 -0.082695 -0.429224 -0.125373 -0.475754 0.231642 -0.407205 0.100861 -0.004039 -0.131483 -2.132707 0.687954 0.644904 0.255700 0.502056 -0.114208 0.309314 -0.435860 0.100173 -0.478794 0.309005 0.043695 
118.629799 -19.671251 5.593992 1.241201 3.483891 -2.284186 2.083375 -3.117419 0.137737 -0.269250 1.077238 -2.307608 0.681667 -1.144364 0.614742 -0.483343 0.215612 -0.203390 -0.225339 0.572396 -0.385974 -0.275847 -0.311610 0.008085 -0.125512 -1.686421 0.328339 0.511010 -0.163569 0.439864 -0.037866 0.516062 -0.108516 0.347280 -0.291655 -0.117036 -0.075791 
114.098572 -21.829670 6.328819 0.492035 3.966047 -2.889850 1.765531 -1.631206 -0.362210 -0.349614 0.746255 -2.411547 0.264077 -2.418843 0.652553 0.222367 -0.409832 0.450504 -0.201105 0.556371 0.014610 0.287354 -0.482450 -0.238112 -0.283064 -1.026556 0.125442 0.598862 -0.767583 0.794361 0.447703 -0.663931 0.372570 0.330539 -0.124297 0.213165 -0.072724 
106.893166 -24.508937 6.899099 1.685936 2.664228 -1.383178 1.681164 -2.004677 0.166956 0.305458 0.112339 -2.783832 0.115538 -3.197477 0.865627 0.714382 -1.319553 1.385331 0.670067 -0.755465 0.359166 0.385232 -0.560204 0.434415 -0.270959 -0.944918 0.524444 0.052356 -0.395965 0.462517 0.625623 -0.079148 -0.292382 -0.062895 0.070615 0.685008 0.065589 
101.008011 -28.224624 8.060072 1.920799 1.326942 -0.119188 3.105665 -3.142137 0.356121 0.420850 -0.374153 -1.542716 -0.277842 -4.308679 1.701441 0.327080 -1.201762 1.375539 1.050142 0.398075 -0.570154 0.161564 -0.341219 1.131904 -0.151886 -0.909956 0.504873 0.279795 -0.106948 -0.381421 -0.533126 1.541936 -0.342188 -0.515468 0.315708 0.305751 0.277876 
100.924278 -33.126295 10.301982 2.340096 0.260703 1.367901 3.781447 -1.208528 -0.973353 0.628586 -0.570099 -0.520023 -0.188234 -5.017389 1.875373 1.273972 -1.533448 0.622489 -0.396185 2.328407 -0.325210 -0.645705 0.071211 1.045917 0.284792 2.797790 -0.656974 0.210417 0.560872 -0.910053 -1.120888 0.349429 0.506087 -0.442178 0.261164 -0.844841 0.155761 
101.842155 -38.259403 11.810818 4.468742 -1.739955 1.125791 2.313295 1.514677 -0.294299 -0.870560 -0.231730 0.549119 0.291743 1.286900 0.387493 0.747914 -0.080019 -0.444566 -1.191634 1.096932 0.442020 -0.722792 0.181110 -0.557778 0.159636 6.045360 -2.299046 -0.862903 2.092149 -0.977462 -0.251485 -1.582958 0.024780 0.454138 0.260590 -1.308628 -0.122248 
109.960815 -30.552494 11.076968 3.835925 0.100666 0.478769 1.398180 0.985335 -0.089313 -0.816997 -0.207879 -1.635579 0.131038 7.073331 -2.722718 -0.451835 2.650850 -1.332434 -0.899156 -0.837509 -0.275650 0.262570 0.592391 -1.571339 0.040297 0.237080 -1.557117 0.011769 1.176832 -0.396464 0.176667 -0.957573 -0.360628 0.542647 0.234903 0.219441 0.005732 
110.512398 -24.112741 6.365381 3.565072 3.561745 -1.539078 0.514984 -0.160341 -0.845599 -0.345420 0.953052 -2.593559 0.372337 1.761060 -2.726742 0.771453 2.273645 -1.237495 -0.838300 -0.818214 -0.279237 0.362502 0.650915 -0.118896 0.171099 -4.481904 1.136719 1.038204 -1.282199 0.216366 0.586736 0.756135 -0.021183 0.106998 -0.501127 1.161679 -0.200440 
111.514725 -27.030374 5.623484 5.378831 4.647956 -1.996221 -0.278421 -0.651094 -0.647786 -0.091992 1.093951 -1.873371 0.473237 -1.890477 -0.449281 1.624572 0.086452 -0.899702 0.274317 0.674761 -0.318016 0.476565 -0.409863 0.752019 -0.360582 -0.419002 1.224360 -0.437327 -1.670760 0.574644 1.035673 0.915475 0.076663 0.092229 -0.781188 0.284767 -0.329270 
115.580360 -27.893694 5.466818 6.814216 3.734648 -3.338481 1.063617 1.189180 -1.481631 0.607711 0.133326 -1.089522 -0.348828 0.923055 -0.278022 -0.103200 -1.067874 -0.088207 1.233045 1.012735 -0.125912 0.546961 -0.911460 0.450637 -0.487440 0.601166 -0.582420 -1.914288 -0.595271 1.533508 -0.444740 -0.047079 0.587779 -0.133621 -0.294052 -0.030426 0.251810 
119.206322 -25.184263 5.067440 5.172431 2.512207 -2.172635 2.187669 1.374376 -0.899609 1.001930 -0.728969 -0.972097 -0.501642 -0.688145 -1.614121 -2.204004 -1.104090 2.167314 -0.615163 0.580603 0.857543 0.209323 -0.997966 0.691167 0.143037 -0.662356 -4.089330 -1.622505 0.400818 0.913794 -1.736849 -0.618988 0.491455 0.047056 0.294254 0.134360 0.510199 
121.398270 -29.269985 2.238575 2.406209 1.526468 0.996148 -0.166708 2.350386 0.233455 1.026358 -1.862606 0.292811 -0.062754 -0.401657 -8.456683 -3.348209 -0.266238 1.739382 -2.240652 -0.225242 0.856998 0.641073 -0.322951 0.719357 0.532958 2.961837 -1.638021 -0.083090 0.599579 -0.263055 0.491652 -0.340259 -0.253466 0.071038 0.742493 -0.082230 0.124711 
364.924255 -25.987576 -11.845926 -1.523987 1.979732 1.306128 -2.293636 0.923893 0.814387 2.284076 -1.374871 0.466617 0.564274 5.235529 -4.890164 -2.370183 0.095068 1.641205 0.368142 -0.099915 0.350612 0.351400 0.487019 0.526708 0.392459 2.227106 6.506369 1.632248 -0.299356 0.230072 2.292227 0.171759 -0.533866 -0.400147 0.296962 -0.448205 -0.372900 
0.000000 -18.798927 -7.541752 -2.334157 1.716604 4.278557 0.569576 2.150556 0.934678 1.729158 -0.888567 1.346226 0.722164 4.052555 4.556055 -0.083714 -0.864949 2.199527 2.343801 0.118276 -0.210733 -0.159221 0.270973 -0.177053 -0.212841 -5.584441 4.129615 1.301945 -0.317925 -0.668397 0.177155 -0.190567 -0.350678 -0.059716 -0.165325 -0.682943 -0.382498 
133.917160 -17.882467 -2.733815 -1.691415 0.249834 5.705181 2.393967 1.160445 0.392921 1.965633 -0.832925 0.112512 0.138591 -5.933353 3.369066 0.233708 -0.540783 0.304412 0.722452 -0.481048 -0.350745 0.231969 0.156369 -0.839178 -0.372537 -6.510212 -1.063157 1.116358 0.988437 -2.428677 -1.249094 0.365783 -0.114723 0.128014 -0.116385 -0.309369 -0.045097 
129.129013 -30.665632 -0.803619 -1.866742 0.635038 4.887380 2.014480 1.188460 0.233188 2.193096 -0.575828 -0.332129 -0.022911 -8.967870 2.429741 2.149002 1.111924 -2.657827 -0.154386 0.849842 -0.440179 0.096807 0.038202 -0.795791 -0.303036 4.863997 -0.465466 1.370903 0.635018 -1.467594 -0.327742 0.006387 -0.086966 0.055721 -0.038634 -0.001434 0.060970 
389.324219 -35.818207 2.125666 2.606589 2.473682 0.389528 2.085194 2.860129 -0.487436 2.159248 -0.756521 -1.479070 -0.467480 3.794641 2.438134 2.975514 0.729252 -2.630776 0.066968 -0.468274 -0.524677 0.343410 0.079102 -0.842046 -0.250597 7.463990 -0.893684 -0.752754 -0.600102 0.838059 -0.122572 -0.745296 0.114208 -0.034848 0.102699 0.313755 0.205049 
122.839180 -23.076351 4.072648 4.084285 2.093543 -0.374172 2.148416 0.251911 -0.816166 2.879916 -0.417625 -2.016221 -0.524105 5.960111 0.642373 0.643494 -0.088279 -0.981709 -0.399531 -0.640751 -0.211762 0.027111 0.243601 -0.168281 0.107062 -3.039337 -1.601669 -1.659482 -0.221723 0.437865 -0.643245 1.135963 0.410765 -0.662685 0.165042 0.682602 0.341385 
118.510788 -23.897986 3.410412 3.893577 2.297123 -1.573890 1.286133 1.578626 -0.910961 2.213469 -0.269319 -1.815632 -0.253356 -2.284032 -0.765204 -0.343450 0.285806 -1.755047 -1.219522 1.803652 0.296854 -0.981960 0.409185 0.523158 0.432173 -4.602740 0.041989 -0.438256 0.550816 -0.188795 -0.259402 0.823174 0.452788 -0.448450 -0.185714 0.095599 0.078225 
113.984497 -27.644416 2.542240 3.397386 2.665155 -3.884267 -0.290628 3.859215 -0.222459 0.915996 0.400744 -0.969905 0.340242 -3.245370 0.726350 -0.233018 1.013352 -1.359298 -0.918335 1.005596 0.693814 -0.869789 -0.127826 0.022917 0.263512 1.719192 1.124955 -0.211125 -0.074745 1.429583 0.615177 -1.346274 -0.548907 0.524997 -0.370635 -0.675715 -0.139111 
111.213440 -30.388725 4.863113 3.427541 4.323827 -4.292487 -0.550538 3.589819 0.476667 0.473891 -0.524972 -1.769799 0.273668 1.154351 1.484705 -0.765700 0.136316 1.104119 0.010831 -0.888895 -0.800960 0.068034 -0.332086 -0.828272 0.153952 2.774919 -0.114365 -0.362649 -0.816780 1.366405 0.620698 -0.857415 -1.130436 0.625848 0.175447 -0.351383 -0.033579 
110.073174 -25.335714 5.511650 1.865985 2.937788 -1.676028 -0.268965 2.081425 -1.824378 1.052065 -0.263428 -2.626448 0.648145 2.304468 0.497620 -0.958315 -0.620208 1.373512 0.323060 -0.709234 -1.567057 0.381907 0.223067 -0.679850 0.196354 -1.521835 -0.440879 0.276150 0.022639 -0.755027 0.353421 0.450330 0.300880 -0.151629 0.194857 0.499807 -0.251062 
108.614418 -25.779789 5.858353 1.510910 3.083411 -1.545463 0.095583 2.171351 -2.657448 1.237704 -0.078838 -3.129499 0.666377 -1.889319 0.602947 -0.213400 0.181594 -0.405935 0.717673 0.011765 -0.199199 -0.235223 0.057629 0.171342 -0.348173 -2.807631 0.230724 0.067302 0.354999 -0.880507 0.205087 0.139426 1.269673 -0.279100 -0.493330 0.688666 -0.294032 
107.069580 -29.114352 6.717544 1.439186 3.300976 -2.487899 1.166380 2.104954 -2.222776 0.581620 -0.148170 -2.283764 -0.048200 -3.310794 0.959069 -0.823711 0.089790 -0.387502 0.733233 -0.430382 0.972289 -0.176292 -0.763592 0.697483 -0.391711 -1.019006 -0.793795 -0.151338 -0.159102 -0.337858 -0.181414 -0.169250 0.590565 0.410370 -0.371147 0.347195 -0.072149 
104.409691 -32.401376 7.776490 -0.136511 3.262991 -2.320468 1.562050 1.310587 -0.712869 0.885120 -1.606022 -1.734533 -0.117044 -3.927331 -0.984644 -0.516075 -0.136610 -1.081651 0.354844 -0.326736 0.981931 0.585516 -0.684664 0.865733 -0.492470 -3.878407 -1.366962 1.033582 -1.242497 0.197233 -0.789968 0.404847 -0.458284 0.293916 0.385014 -0.238131 0.118143 
103.134468 -36.969014 4.748257 0.407036 3.027756 -4.651201 1.876068 1.451482 -0.258915 1.752652 -1.517499 -0.552299 -1.033139 -11.067607 -1.774855 1.243454 -2.395203 0.006963 -0.846703 0.379312 0.055722 0.411540 0.006437 0.221222 -0.155425 -6.476292 -1.726660 0.195442 -0.989340 1.370898 -0.822554 -0.068338 -0.250400 -0.558184 0.770252 -0.318221 0.422091 
100.668877 -54.536591 4.226780 2.350397 -1.527415 -2.306541 -0.131356 2.069211 -0.601425 1.708200 -1.593149 -1.292089 -0.427893 -16.879914 -4.437963 -0.125190 -2.115290 1.660145 -1.290264 -0.463412 0.481130 -0.530851 0.855840 0.229290 0.351711 11.208442 -4.329660 -2.317917 2.318008 0.923830 0.409825 -0.093914 -0.166879 -0.809257 0.468760 0.129768 0.407427 
96.568420 -70.728841 -4.127670 0.156655 -1.202825 -1.330912 -0.704460 0.524657 0.703345 0.690950 0.194180 -0.093718 -0.329716 11.349277 -10.434175 -3.392380 2.240812 1.854623 -0.027053 0.191485 -0.278037 -1.206973 0.943957 0.480759 0.659430 20.762525 1.456134 -0.313147 2.533002 0.647037 0.881562 0.516572 -0.871320 0.031394 -0.312784 -0.080440 0.072833 
0.000000 -31.838036 -16.641570 -4.434363 2.954209 1.402704 -0.185461 2.452180 -1.157498 -0.705746 0.294765 -0.330571 0.890966 24.645136 -1.525696 -0.751484 2.950714 2.954219 0.472860 0.569731 -1.261510 -0.468062 0.230272 0.068410 0.497377 -4.708095 8.844674 2.429222 -1.240008 0.401222 0.202237 -0.710060 -0.009078 0.911971 -0.172303 -0.127168 -0.309878 
0.000000 -21.438569 -7.179063 -1.346312 4.698603 4.577527 0.241260 1.664119 -1.819675 -0.245175 0.654725 0.043101 0.665037 1.933087 7.255172 1.466064 -0.239203 2.657066 0.377421 -1.228636 -0.296192 0.616968 0.599351 0.226423 0.039673 -13.830312 3.083289 0.759552 -2.359795 -1.408486 -0.318464 -0.456415 1.004254 0.593557 -0.457258 -0.347184 -0.318531 
136.685989 -27.971862 -2.131225 -1.502234 2.475802 6.716836 0.569381 -0.005092 -1.749883 0.528190 1.493466 0.122275 0.970312 -3.015488 4.640882 0.767620 -1.768876 0.137247 -0.164068 -0.343098 0.746998 0.719052 -0.684243 -0.625959 -0.139685 1.830026 -2.952408 -0.632073 -0.002941 -1.821173 -0.096883 0.892583 0.435813 -0.275630 -1.060682 -0.411730 -0.193473 
123.789612 -27.469545 2.102702 0.188927 1.160850 4.852020 -0.086877 0.977922 -0.325680 1.192930 -0.713760 -1.208816 0.385668 5.593139 1.350356 0.201918 -0.245085 -0.985281 0.183656 0.556530 0.575434 0.065709 -1.522013 -0.597036 -0.347273 2.309200 -2.748656 -0.832642 1.354933 -0.394763 0.157191 0.283188 -0.564173 -0.559226 0.224626 0.574412 0.135238 
130.817047 -16.785585 0.569487 -1.098399 1.985631 4.746275 0.936692 1.107968 -0.599014 0.659607 -1.550560 -1.071796 0.275767 1.602911 -0.856430 -0.897665 0.940989 -0.652279 0.150314 0.223278 -0.381348 -0.399399 -0.234991 0.522864 0.130791 -4.582642 -3.545708 -0.132634 1.030063 -0.016107 -0.328630 -0.017404 -0.347166 -0.062234 1.192104 0.612659 0.151189 
128.692169 -24.263724 0.389841 -1.606402 3.042829 3.547463 0.213751 1.424478 -1.088375 0.394131 -1.183742 -0.163087 0.647250 -3.572145 -5.741061 -0.063350 1.815040 -1.017494 -0.473604 0.521723 -0.118897 -0.058759 0.862196 0.628282 -0.044894 0.762222 -1.128635 0.305860 0.112863 0.664631 0.254089 -0.181097 0.044997 0.216543 0.539227 -0.202750 -0.169327 
128.659622 -23.929874 -10.912635 -1.225099 5.615712 2.711286 -0.010517 2.151414 -0.836808 0.542089 0.173831 0.184768 0.185979 3.127355 -3.113701 -0.285945 1.166716 0.676984 0.658492 -0.138915 -0.291353 0.033687 0.843464 0.117365 -0.207862 1.158682 5.317838 -0.153671 -1.155836 1.134853 0.934112 -0.644566 -0.178554 0.241391 -0.482737 -0.464008 0.085780 
0.000000 -18.009014 -5.837561 -2.178293 5.376261 4.901431 1.530734 1.146648 -1.671081 0.461506 0.503185 0.071642 0.231526 -1.254780 4.894615 -0.370691 -0.496632 1.252212 1.394620 -0.767408 -0.476006 0.424023 -0.103279 -0.299733 0.126666 -3.557881 3.537867 0.501553 -0.620836 -1.280856 -0.058000 0.062911 0.274284 0.178932 -0.574973 -0.614028 0.226189 
142.549072 -26.439434 -1.123405 -1.966481 4.622447 5.215711 2.778724 0.616598 -1.788821 1.390136 -0.032726 -0.414699 0.439310 -3.988408 3.962033 0.717161 -0.074956 -1.884728 0.542492 -0.013093 0.257216 0.391552 -0.306482 -1.110691 0.244516 2.489543 -1.286710 0.584095 -0.049488 -1.401971 -0.698494 0.200300 0.711139 -0.522866 -0.287591 -0.294942 -0.081522 
128.874008 -25.985831 2.086506 -0.743971 5.226349 1.131974 2.615718 1.120463 -1.156650 1.244610 -0.109780 -2.149740 0.720557 3.724307 2.321195 0.797498 -0.595609 -1.551729 -0.002367 -0.366809 0.946272 -0.621709 -0.678462 -0.889618 -0.036377 3.308921 -1.629787 -0.659597 -0.343490 1.268292 -0.283307 -0.175721 0.268526 -0.662487 -0.222227 0.950856 -0.217457 
131.827316 -18.990820 3.518985 -0.371485 3.431229 2.112252 2.773989 -0.117019 0.103723 0.146718 -1.389649 -2.193934 0.366555 2.629434 0.702460 -0.602034 -0.761936 0.651855 -0.024122 -0.364535 0.794267 -0.933421 -0.750936 0.791021 -0.190399 -4.436806 -2.589954 -0.434280 0.153837 1.082634 -0.836573 0.904969 -0.537450 0.248650 0.650876 0.941493 -0.015703 
126.451241 -20.726963 3.491426 -1.948039 3.702476 2.435684 2.567474 0.391392 0.431884 -0.622232 -1.611651 -0.567699 0.339759 -5.149305 -2.858713 -0.071062 -0.287935 0.613539 -1.675513 1.443130 -0.128628 -0.124410 0.623290 0.993369 -0.067783 -1.683937 -3.637348 0.458019 0.619274 0.134415 -0.867742 0.870390 -0.720232 0.532027 0.844964 -0.288951 0.119903 
121.304504 -29.289429 -2.198440 -0.513610 2.855358 3.339329 -0.577038 2.769241 -0.153533 -0.102101 -0.143070 -0.207196 0.230989 -0.738440 -6.572236 0.314004 0.476612 0.920685 -1.759606 1.376244 -0.646198 0.130634 0.938993 0.213118 0.049407 5.216067 1.598677 -0.444332 0.116013 0.367524 1.316980 -0.964084 -0.252558 0.168329 -0.201581 -0.413988 0.204151 
0.000000 -22.203844 -9.653046 -1.320031 4.655701 4.277054 -0.951739 3.143880 -0.860512 -0.360965 0.266334 -0.141462 0.438573 5.282829 0.338641 -0.959727 -0.055909 1.348587 0.958446 -0.485038 -0.633745 0.212247 0.220127 0.165394 0.340518 0.143216 5.936637 -0.109830 -1.079041 -0.064864 1.372114 -1.212151 0.159368 0.435525 -0.546253 -0.470576 -0.029996 
139.255966 -18.723772 -1.521157 -2.433063 2.743540 6.036503 1.339854 1.799165 -1.421022 0.322393 0.297183 0.123592 0.912024 -0.452007 5.301039 0.094345 -1.681470 0.790958 0.984621 -1.048057 -0.327463 1.001683 -0.153514 -0.728034 -0.010586 -4.036561 1.075110 1.643801 -0.220345 -1.818701 -0.263177 -0.029972 0.376668 0.200161 -0.124975 -0.920294 -0.253124 
136.812775 -23.107858 0.949033 -1.131341 1.292761 5.858970 1.017504 1.047765 -1.515437 1.642401 -0.040694 -1.597530 0.417401 -2.790293 2.488861 2.327875 -0.496599 -2.288816 0.432092 -0.544981 0.119592 0.612569 -0.029823 -1.675194 -0.165730 1.067161 -1.999514 0.887083 0.849311 -1.342719 -0.050787 0.405133 0.401812 -0.697188 -0.241431 0.216909 -0.004507 
126.576233 -24.304359 3.456565 2.222687 1.750341 1.458872 2.204038 0.709202 -1.181839 1.547532 0.237537 -3.226797 0.580564 1.682315 1.302012 1.868510 0.017152 -1.894481 0.883047 -0.237791 0.476161 -0.392694 -0.636376 -0.294215 -0.019601 1.672831 -1.284191 -1.238755 0.020228 1.491482 -0.131854 0.379541 0.185371 -0.625203 -0.380512 1.343688 0.212325 
126.898788 -19.743228 3.553056 2.605679 1.327066 2.070009 2.783599 0.572183 -0.563116 0.857013 -1.313447 -2.185961 0.378199 0.555368 -0.079521 -0.149634 -0.456144 0.694148 0.168384 0.214101 0.490334 -0.637836 -0.790847 1.012182 0.258919 -1.703756 -0.714889 -1.104820 -0.130829 1.141530 -0.502222 0.260201 -0.147594 0.050058 0.310511 0.392990 0.189851 
123.634399 -23.193623 3.297524 1.923418 0.838053 2.847169 2.540806 1.137404 -0.201170 0.271859 -1.344156 -1.202433 1.098403 -1.725198 -0.127766 -0.341130 -0.244506 0.388580 -0.121396 0.282611 0.180973 -0.292577 -0.015355 0.491764 0.360102 -1.140283 -0.024123 -0.095748 0.105819 -0.152784 -0.144890 0.034255 -0.154681 0.172630 0.387746 -0.260209 0.050591 
