108.976013 -52.289701 2.487431 4.998753 4.154236 3.232513 2.621009 2.312985 1.044892 0.645901 0.774860 0.314953 0.278178 -1.458930 0.281649 -0.094769 0.244417 -0.243009 -0.347142 -0.324780 0.161367 -0.196091 -0.042210 0.041884 -0.037015 -0.127580 -0.136887 0.103742 -0.088604 -0.073881 0.084101 0.099165 0.080838 0.186359 0.040284 0.047025 -0.065074 
107.261139 -55.207560 3.050728 4.809214 4.643070 2.746496 1.926724 1.663425 1.367627 0.253718 0.690440 0.398722 0.204148 -1.714090 0.007874 0.112714 0.067209 -0.390770 -0.178941 -0.126450 0.323044 0.176626 0.038357 0.135934 -0.167163 0.195416 -0.174289 -0.198990 -0.382526 0.042317 0.163986 0.250819 -0.006743 0.220416 0.115017 0.102039 0.206890 
109.225517 -55.717881 2.503179 5.224182 4.288653 2.450973 2.263127 2.060085 1.690981 0.999153 0.851574 0.586821 -0.056148 -1.068098 -0.066930 -0.492749 -0.520635 -0.158374 -0.019170 0.176858 0.147880 0.244740 0.187825 0.245962 0.376765 -0.184238 -0.616910 -0.542808 -0.217617 -0.029609 -0.119674 0.109324 -0.342704 -0.156546 -0.009058 -0.172809 0.310616 
110.084915 -57.343756 2.916869 3.823717 3.601800 2.429747 1.888384 2.017141 1.663387 0.743199 1.066089 0.890646 0.957679 -2.082567 -1.225946 -0.972902 -0.368025 -0.449988 -0.418290 0.092198 -0.362363 -0.136465 0.020241 -0.209684 0.454068 5.576177 0.698021 -0.747775 -0.091391 0.218266 -0.133304 -0.079991 -0.647734 -0.665830 -0.594976 -0.475632 -0.249685 
109.082710 -59.883015 0.051287 3.278377 3.552603 1.550997 1.426548 2.244482 0.966254 0.726223 0.892056 0.167452 0.851988 10.084255 1.329113 -1.988298 -0.703416 0.278157 -0.285778 0.016876 -1.147588 -1.086920 -1.002128 -0.705303 -0.122606 7.868290 3.804054 -0.555913 -1.057638 0.083649 -0.547535 -0.324525 0.038318 -0.261043 -0.809012 0.088725 -0.459828 
0.000000 -37.175245 5.575095 -0.152879 2.194968 2.986061 1.316827 2.050892 -0.631790 -1.430640 -0.938166 -0.519959 0.712467 13.654013 6.382163 -2.084727 -2.483301 -0.282691 -1.513359 -0.556851 -0.285727 -0.658552 -1.597784 -0.032235 -0.465588 -4.298963 1.437650 0.975368 -1.352687 -1.204223 -0.637947 -0.557125 0.966946 0.812254 0.341191 0.462478 -0.237909 
113.101265 -32.574990 12.815612 -0.891077 -1.414000 0.985616 -1.600171 1.130779 0.394801 -0.590881 -2.303511 0.102982 -0.079187 1.486329 4.204413 -0.037562 -3.408790 -2.130290 -1.561672 -1.097375 0.786303 0.537589 -0.319746 0.219653 -0.598424 -7.754833 -2.783965 1.279868 0.575248 -0.528962 0.782224 -0.173811 0.110580 0.590403 1.308088 -0.257820 0.037457 
107.461601 -34.202586 13.983921 -0.228003 -4.622612 -1.274519 -1.806516 -0.143857 0.940817 -0.355463 -1.577658 -0.080653 -0.484381 -1.855653 0.814232 0.475009 -1.332805 -1.340614 0.051089 -0.904474 -0.064567 0.522254 1.018393 -0.547875 -0.390674 -1.443816 -2.064777 0.067781 1.853638 1.180039 0.860099 0.112225 -0.740173 0.000052 0.491230 -0.425397 0.219161 
105.111435 -36.286295 14.444075 0.058941 -4.079609 -1.695612 -1.497993 -0.678168 0.265666 0.453627 -0.266725 -0.992767 -0.860535 -1.401303 0.074859 0.097999 0.298486 0.229788 0.158527 -0.872925 -0.694043 0.537692 0.662714 -0.631141 -0.160101 0.737650 -0.461440 -0.309973 0.657985 1.030457 0.080522 0.107457 -0.138234 -0.010134 -0.357734 0.200650 0.198994 
103.265846 -37.005192 14.133638 -0.032004 -4.025640 -0.814942 -1.489462 -1.889707 -0.447269 0.719921 -0.252230 -1.342935 -0.804583 -0.380353 -0.108649 -0.144937 -0.016835 0.720299 0.212134 -0.689560 -0.341036 0.501986 0.302925 -0.146575 0.007313 -0.021467 -0.024734 -0.289434 -0.205959 0.275581 0.098281 0.263766 0.353943 -0.118306 -0.247972 0.368514 0.140583 
59.125237 -37.047001 14.226778 -0.230934 -4.113279 -0.255013 -1.073726 -2.057288 -0.416407 1.457599 0.339126 -1.285917 -0.845909 -1.444236 0.025391 -0.480869 -0.113431 0.780951 0.355090 -0.345392 0.013844 0.301079 0.166770 0.105888 0.121064 -1.292973 -0.092872 0.013974 0.177893 -0.107593 0.074225 0.158768 0.075169 -0.267026 -0.177243 0.243714 0.099473 
0.000000 -39.893664 14.184419 -0.993743 -4.252502 0.746959 -0.779282 -2.580492 -0.419581 1.322079 0.081311 -1.131160 -0.562455 -2.966298 -0.294392 -0.116990 0.338950 0.505114 0.360584 -0.372024 -0.190699 -0.032066 -0.051561 0.340853 0.206260 -1.725728 -0.940764 0.621277 0.330616 -0.373567 0.082133 0.412866 -0.123345 -0.348802 -0.103132 0.045464 -0.040343 
0.000000 -42.979598 13.637994 -0.464913 -3.435379 0.755214 -0.352558 -2.801336 -0.797804 1.393467 0.236004 -0.604210 -0.433389 -4.895691 -1.856137 0.761685 0.547800 0.033818 0.519356 0.480339 -0.232847 -0.396525 -0.039493 0.196815 0.040379 -0.841344 -0.878098 0.445982 -0.289758 -0.812074 0.010618 1.038849 0.090135 -0.664252 -0.112436 -0.014672 -0.040998 
114.027351 -49.685046 10.472145 0.529627 -3.156901 0.814595 0.259430 -1.619814 -0.885274 0.529028 0.002324 -0.737530 -0.481696 -4.648985 -2.050588 0.774974 -0.240566 -1.119034 0.381819 1.705675 -0.010428 -1.360569 -0.276432 0.311510 0.124264 4.596611 1.690482 -0.930321 -0.701712 -0.138689 -0.880365 -0.125573 0.527725 -0.045880 -0.472609 -0.207758 0.145342 
286.659454 -52.277569 9.536818 1.085034 -3.916512 -1.482853 0.411079 0.610013 -0.818661 -1.327671 -0.316860 0.018810 -0.184862 4.297530 1.524827 -1.098957 -0.855624 -0.243560 -1.241374 0.229194 0.822603 -0.488285 -0.984712 -0.218701 0.331063 3.456684 1.129591 -0.703599 1.145719 1.357031 -0.600654 -1.711093 -0.108835 0.866034 -0.406738 -0.562998 -0.004590 
0.000000 -41.089986 13.521799 -1.668288 -4.868149 0.327475 -2.223318 -1.161426 0.759933 -0.447541 -1.967100 -1.174931 0.180431 2.264383 0.208595 -0.632225 2.050872 1.595029 -0.819490 -1.716511 -0.228098 0.371499 -1.089908 -0.814487 0.115085 -3.180101 -1.083804 1.305430 0.507565 -0.401519 0.593904 0.139550 -0.823725 0.310815 0.419394 -0.112155 -0.255915 
0.000000 -47.748803 9.954008 -0.179416 0.185232 1.707206 -1.227900 -2.823008 -1.274857 -0.584673 -2.496675 -1.610164 0.045307 -2.062672 -0.642781 1.511902 0.159506 -1.046597 -0.053567 0.508294 -0.824847 0.133345 -0.145923 -0.443011 -0.180768 0.719366 0.648311 0.259300 -2.161399 -1.482813 0.075173 1.366011 0.167952 -0.110546 0.625798 0.403893 -0.059499 
0.000000 -45.215330 12.236237 1.355517 -4.549136 -1.765720 -2.330452 -0.144839 -0.889761 -0.180851 -2.258946 -2.060952 -0.181105 3.703115 1.505216 -0.113625 -2.271926 -1.370596 -0.669145 1.015511 0.107806 0.150408 0.161688 -0.006700 -0.003914 1.736361 0.626311 -0.545207 0.333728 0.676049 0.055996 -0.421211 0.705640 -0.045974 0.202194 0.408189 0.140952 
62.892757 -40.342573 12.964440 -0.406666 -4.358619 -1.033986 -2.566189 -0.791987 -1.059245 -0.283857 -2.173300 -1.623564 0.037479 1.410051 0.609841 0.421488 0.826962 0.305501 0.058425 -0.334129 0.586433 0.041397 0.258465 0.373367 0.101136 -3.930973 -1.265800 0.725306 1.511446 0.152315 0.235682 -0.295150 -0.053336 -0.106008 0.144309 0.268395 0.123899 
0.000000 -42.395229 13.455918 2.198492 -2.895212 -1.154717 -2.213601 -0.813096 0.283104 -0.098057 -1.742016 -1.314219 0.021168 -4.158831 -1.026383 1.336986 0.750966 -1.065967 -0.197780 0.425211 0.001133 -0.061608 0.450305 0.530090 0.243883 -4.346246 -2.709841 -0.395524 0.213872 -0.346036 -0.228315 0.058077 -0.622771 -0.096265 0.193146 -0.026108 -0.081837 
226.008301 -48.660235 10.911674 2.267306 -2.856688 -3.165920 -2.961750 0.058436 -1.056979 -0.407074 -1.272689 -0.563385 0.525245 -7.282441 -4.809842 -0.369561 1.254706 -0.386571 -0.398206 -0.217975 -0.659109 -0.151134 0.644758 0.321150 -0.062537 3.482159 -1.722234 -1.973313 1.544794 2.870343 1.612197 0.066342 -0.064048 0.231800 0.337012 0.006206 -0.104344 
0.000000 -56.960112 3.836234 1.459370 -0.385801 -1.927859 -3.010012 -1.249046 -1.035114 -0.400324 -0.452500 -0.671919 -0.103906 2.805487 -4.470851 -2.609640 3.840554 4.674718 3.026615 0.557895 -0.126963 0.401991 1.124329 0.542501 0.035195 9.052371 2.665599 -1.377653 0.500936 2.182090 1.631732 1.002896 0.276505 0.294374 -0.248518 0.023739 0.420144 
0.000000 -43.049261 1.969971 -2.951974 4.824421 6.183517 3.091479 1.174226 -1.310905 0.396908 0.975969 0.521617 0.595636 10.822301 0.521356 -3.124867 2.256579 3.977609 2.865259 1.787817 -0.106099 0.437614 0.147722 0.368627 0.777752 0.147727 3.839407 1.269982 -2.761161 -2.770558 -1.660377 -0.064731 0.620690 -0.075410 -1.010438 -0.498840 0.007420 
0.000000 -35.315509 4.878947 -4.790364 4.127356 6.027358 2.720506 2.326588 -1.247311 0.474904 -0.157056 0.065335 1.451598 3.100941 3.207963 -0.069676 -1.681767 -0.866397 -0.294139 0.428434 1.114416 0.251171 -0.896547 -0.455180 0.050035 -5.880114 0.966268 2.031889 -2.275376 -2.207936 -1.309728 -1.021315 0.601921 -0.291989 -0.098210 -0.283738 -0.555321 
148.016846 -36.847379 8.385898 -3.091327 1.460887 4.450723 2.503201 2.031094 0.917927 0.899250 -0.817125 -0.388742 0.695706 -0.937926 2.453892 0.938912 -2.294174 -0.438263 0.245802 -0.254813 1.097743 -0.146364 -0.048698 -0.198849 -0.332891 -1.286310 -2.431959 0.439686 0.579918 0.530966 0.061768 0.010155 -1.011957 -0.189885 0.413430 0.371760 0.040956 
73.702553 -37.191362 9.786730 -2.912540 -0.460991 5.150832 3.212110 1.816962 0.948175 0.182176 -0.254453 -0.332363 0.785816 0.528321 -1.655955 0.809696 -0.521931 0.195535 -0.170603 0.448743 -0.909497 -0.128599 -0.069687 0.288340 0.131947 1.294578 -4.840488 0.840561 1.854802 -0.344646 -0.493430 0.789280 -1.323283 0.122421 0.004999 0.242099 0.416834 
0.000000 -35.790737 5.073989 -1.471934 0.417025 4.841793 2.161994 2.928581 -0.901067 0.642052 -0.956498 0.187939 0.959600 1.651230 -7.227084 2.620034 1.415430 -1.127555 -0.741057 1.323747 -1.548823 0.098478 -0.038701 0.285348 0.500776 -0.041188 -2.797077 0.437714 1.052667 -0.977848 0.057506 0.030198 -0.079295 0.065036 0.365743 -0.257223 0.102443 
72.409348 -33.888901 -4.667437 2.327528 2.369870 2.895721 1.729996 4.464456 -2.149470 0.379132 -0.331855 0.238333 1.787369 0.445945 -7.250108 1.685125 1.583403 -1.760161 -0.055591 0.509140 -1.068086 0.001474 0.661800 -0.226106 0.336834 -1.191682 2.350984 -1.975993 -0.615716 0.579868 0.143271 -1.054059 0.843370 0.097978 0.191600 -0.019491 -0.491608 
72.102837 -34.898847 -9.426228 1.898316 3.583831 1.321472 2.050813 3.946861 -3.037239 0.645000 0.367102 -0.264273 1.633268 -0.732134 -2.525115 -1.331952 0.183998 0.032181 -0.454515 -0.784370 0.137918 0.294434 0.344499 0.246367 -0.482439 -0.172006 4.830509 -1.495766 -1.075263 1.546838 -0.174128 -0.255569 1.160151 -0.199016 -0.643864 0.367030 -0.089385 
313.426636 -35.353169 -9.717667 -0.336376 2.737866 2.960084 0.820966 2.895715 -1.873634 0.968001 0.357143 0.731067 0.822491 0.101933 2.410910 -1.306407 -0.567123 1.333516 -0.403846 -0.001999 1.252216 -0.396559 -0.625927 0.507954 0.158064 0.714465 4.443921 0.503251 -0.457886 0.544358 0.669944 0.957115 0.175014 -0.755544 -0.399910 -0.106880 0.569571 
312.894165 -34.694982 -4.604408 -0.714498 2.449586 3.988504 1.243121 3.942864 -0.532807 -0.148117 -0.884752 0.751634 1.949395 0.696796 6.362726 -0.325449 -0.731775 1.120897 0.885372 1.129860 0.487946 -1.216653 -0.455322 0.032606 0.656702 -0.108681 1.901669 0.497357 -0.093981 -0.201277 0.135460 -0.256056 -0.625244 0.013345 0.207434 -0.153298 -0.368233 
136.811813 -33.959578 3.007786 -0.987274 1.274317 5.201877 2.591711 5.155435 -0.897742 -1.465306 -0.553501 0.796278 2.135896 -0.115429 6.214249 -0.311693 -0.755084 0.930961 -0.132927 -0.514110 0.001728 -0.369869 -0.211059 0.201357 -0.578402 -0.916313 -1.907497 -0.105196 0.332121 -0.369806 -0.895525 -1.400036 -0.064266 0.596946 0.132835 0.255524 -0.710714 
135.151535 -34.925841 7.824090 -1.337885 0.939417 5.850427 0.977267 2.914643 -0.529351 -0.887854 -1.306869 1.154349 0.792591 -1.135831 2.547733 -0.535842 -0.067533 0.381284 -0.905678 -1.670212 0.359414 -0.022761 -0.189651 0.543654 -0.764726 -2.027070 -3.248913 0.384900 0.404768 -0.667465 0.430442 0.227269 0.082111 0.140084 0.277751 -0.044661 0.243205 
131.560013 -36.231239 8.103251 -2.058958 1.139251 5.964446 0.780356 1.815011 -0.178914 -1.510829 -0.932803 1.883586 0.606445 -4.169570 -0.283578 0.458108 0.054451 -0.403970 0.727956 -0.059572 0.165950 -0.089700 0.344442 0.112035 -0.091992 -0.479496 -1.612564 0.101673 0.551664 0.164818 0.816679 0.569826 -0.198090 0.474384 0.353556 -0.660596 0.196354 
128.953918 -43.264981 7.256934 -0.421669 1.048319 5.042488 2.433180 2.795499 -0.197450 -1.067254 -0.617985 1.378418 0.608606 -2.094823 -0.677395 -0.332497 1.035794 0.710921 0.727680 -0.530561 -0.036766 0.926006 0.517460 -0.777539 -0.372017 3.800794 -0.365022 -0.890689 1.383141 0.904695 -1.036131 -0.527978 0.010434 0.368896 0.113399 -0.300077 -0.325759 
130.806046 -40.420885 6.748460 -2.723952 3.210839 7.386288 2.235716 0.753890 -0.252446 0.341183 0.102118 0.328508 -0.137590 3.432019 -1.013622 -1.323270 2.820733 1.405421 -1.344305 -1.115528 0.186819 0.648091 0.571240 -0.488119 -0.743511 3.179267 0.981889 -0.246415 -0.453534 -0.459745 -0.836225 -0.005492 -0.077119 -0.765907 -0.327115 0.276974 0.039306 
133.120132 -36.400944 5.229689 -3.068210 6.689784 7.853330 -0.255431 0.564443 0.176187 0.228927 0.524496 0.402180 -0.878415 4.263710 1.286382 -0.825326 0.128726 -0.208568 -0.944770 -0.541545 -0.191004 -0.605808 -0.136770 -0.223590 -0.293404 0.032501 2.465020 0.834514 -3.416557 -2.070321 0.523237 0.224568 0.118545 -0.403652 -0.735480 -0.067099 0.490214 
130.448502 -31.893465 9.321225 -4.374605 3.468291 6.969152 0.346176 -0.329200 -0.634455 -0.870434 -0.171421 -0.118672 -0.724399 3.497021 3.916418 0.345758 -4.012381 -2.735220 -0.297832 -0.666393 0.423908 -0.159213 -0.899721 -0.622318 0.236917 -1.487383 0.356551 1.239872 -1.636160 -1.382554 0.000706 -0.130510 0.496740 0.813443 -0.135409 -0.225019 0.062302 
123.599457 -29.406901 13.062524 -2.376694 -1.334978 2.382889 -0.851094 -0.768342 1.024004 -0.089498 -1.274946 -0.842455 -0.404581 1.288944 1.999485 1.654418 -3.143593 -2.973676 -0.943359 -0.802565 0.802475 1.021077 -0.407588 -0.673628 -0.168801 -2.568579 -1.828733 0.674503 1.710703 0.926000 0.192774 0.365386 -0.215820 0.512264 0.540879 0.144848 -0.061952 
312.029388 -29.315576 13.320195 -1.065768 -2.818896 1.021801 -1.540541 -1.934330 0.970494 1.171720 -0.986597 -1.465928 -1.062000 -1.640137 0.258952 1.694764 -0.590975 -0.883219 0.087717 0.064380 -0.007732 0.865316 0.182038 -0.332621 0.113014 -3.061623 -1.197445 0.005710 1.775097 1.107275 0.706065 0.886631 -0.643033 -0.522988 0.283100 0.346732 0.314237 
292.322449 -32.687175 13.580428 1.012833 -2.516927 0.616451 -0.675660 -0.639583 1.008541 1.641134 -0.910870 -1.507697 -0.178553 -4.834302 -0.395405 1.665839 0.406601 -0.759126 0.468772 0.970697 -0.483592 -0.024900 0.158613 0.019837 0.459673 -2.057769 -0.766321 0.094927 0.632106 -0.153093 -0.122851 0.107674 -0.459962 -0.786695 0.080216 0.345246 -0.149805 
0.000000 -38.984180 12.529385 2.265910 -2.005694 -0.496451 -0.602998 0.007065 0.003311 1.121920 -0.669371 -1.426254 -0.142654 -5.755675 -1.273691 1.884618 0.673238 -1.189406 -0.157986 0.279729 -0.927656 -0.708074 0.342470 0.357872 -0.186596 2.742808 0.082478 0.168194 -0.039482 -0.106373 -0.099677 0.132098 0.261309 -0.262971 -0.136459 0.010005 -0.299881 
136.497498 -44.198525 11.033047 4.782070 -1.170452 -1.762361 -0.991631 -0.080125 -0.846771 0.224985 -0.225931 -0.791954 -0.551745 0.651314 -0.230449 2.002227 0.327637 -0.971872 0.269418 1.234892 0.039025 -0.550841 -0.114306 0.039846 -0.140090 5.309427 1.104565 -0.700916 -0.301331 0.500158 -0.025024 0.170459 0.877829 0.492317 -0.241850 -0.185192 0.124454 
0.000000 -37.681553 12.068487 6.270365 -1.350420 -2.440196 -0.064161 2.476850 0.081361 0.020238 -0.897982 -1.346562 -0.422833 4.863178 0.935440 0.482786 0.070575 -0.189090 -0.208034 0.620647 0.828003 0.276560 -0.141231 -0.012512 0.062311 -0.105264 0.160122 -1.123841 0.332792 0.606230 -0.599102 -1.337799 0.130951 0.454218 0.282002 0.142632 0.045387 
116.649757 -34.472168 12.903926 5.747642 -1.029302 -2.140542 -1.407699 1.161168 0.809234 0.778106 -0.508393 -0.816977 -0.427122 0.440787 0.089795 -0.245454 0.993221 0.240587 -0.928787 -1.440705 0.300927 0.357595 0.449698 0.325109 -0.049315 -4.198631 -1.262810 0.157247 0.861405 0.307104 -0.078241 -0.797885 -0.601590 -0.184385 0.370542 0.254396 0.090058 
120.215477 -36.799979 12.248077 5.779457 0.636022 -1.959022 -1.921734 -0.404560 0.683215 0.735427 0.001415 -0.696344 -0.521464 -3.534083 -1.590180 0.797280 1.793384 0.425117 -0.364515 -0.975124 -0.375177 -0.092210 0.599854 0.496279 0.242428 -1.763692 -1.605930 -0.109219 0.589726 1.167018 0.779659 0.611667 -0.245952 -0.437652 -0.480494 -0.071275 0.342089 
124.092659 -41.540333 9.723566 7.342202 2.557465 -1.290307 -2.136729 -0.789079 0.058880 0.593687 0.691314 0.175582 0.057735 -3.086597 -3.122066 -0.463891 2.172673 2.574624 0.630532 -0.217371 -0.190976 -0.517709 -0.511290 0.182559 0.634862 1.489282 -0.297401 -1.728723 -0.556410 1.337873 1.194283 0.805026 0.170485 -0.047325 -0.401625 -0.121837 -0.132550 
357.751099 -42.973173 6.003946 4.851674 4.981368 3.190226 -0.660671 -0.839302 0.301264 -0.299990 -1.021165 -0.331226 0.748260 -0.555518 -2.184983 -2.660166 0.680563 3.100863 2.024051 0.634929 -0.034207 -0.186860 -0.203397 0.252605 -0.022671 3.845540 2.039781 -1.792893 -1.645987 -0.181450 0.439138 0.248293 -0.343276 0.290934 0.584367 0.172273 -0.646734 
66.292473 -42.651369 5.353599 2.021870 3.918592 4.911419 1.911374 0.480779 -0.009533 0.219967 0.284520 0.680792 0.012394 4.604484 0.957495 -4.049676 -1.119300 2.211723 1.508809 0.279214 -0.877528 0.064160 0.657444 0.527105 -0.658605 3.378716 2.140818 0.081614 -0.953346 -1.555002 -1.157210 -0.373193 -0.134312 0.021350 -0.153065 -0.328029 0.027080 
130.837479 -33.764205 7.918937 -3.247679 2.742768 7.613671 2.356947 -0.280875 -1.453793 -0.171670 0.293723 0.722985 -0.568950 6.201915 2.096654 -2.496938 -1.226129 -0.009141 -0.290368 -0.111457 -0.302831 -0.144159 -0.509526 -0.403453 0.031490 -1.643426 0.461440 2.837422 -0.160916 -2.747507 -1.625389 0.059480 1.123182 0.188947 -0.832097 -0.688305 0.415482 
120.738075 -30.247539 9.546907 -2.972007 1.466335 4.893136 1.330638 0.257865 -0.615196 -0.068352 -0.734533 -0.126113 0.075374 1.317632 1.880375 1.625168 -1.441132 -3.283291 -1.741968 0.398175 1.368836 0.442055 -1.006751 -0.849504 0.172359 -4.829865 -0.583951 2.431497 0.129455 -0.981513 -0.253274 0.033008 0.368095 0.130753 0.206224 0.162942 -0.160905 
0.000000 -31.128941 11.679687 0.002657 -0.139496 1.047090 -1.126990 0.515474 1.283879 0.712440 -1.719779 -0.976024 -0.224232 -3.457816 0.928752 2.366055 -0.967219 -1.972167 -0.796916 -0.045440 0.433359 0.117347 -0.097078 -0.077569 -0.290321 -3.455063 -1.529645 0.073881 0.790293 1.508056 1.369203 -0.175033 -1.204858 -0.313937 0.947146 0.546653 -0.109937 
295.812927 -37.163171 11.404411 1.760104 -0.468104 0.948802 -0.263194 0.166984 0.251523 0.166343 -0.928689 -0.281251 -0.505267 -5.592495 -1.178915 1.772929 0.139454 -0.267178 0.996438 0.048109 -1.040880 -0.185819 0.887542 0.243802 -0.047515 -1.256878 -1.360062 -0.586590 0.673941 0.800920 0.518532 0.207716 -0.695765 -0.016093 0.491807 -0.127461 0.066417 
58.924854 -42.313931 9.321858 3.548516 0.139412 0.512735 0.865886 0.611692 -0.797882 0.340803 0.055305 -0.488421 -0.319261 -5.971572 -1.791372 1.192875 0.380663 -0.370326 0.240148 0.369992 -0.958170 0.085160 0.886535 -0.332490 -0.157486 1.449172 0.442116 -0.388293 0.309991 0.037093 -0.873765 -0.293394 0.369821 0.013013 -0.491035 -0.010035 0.082031 
86.884766 -49.106315 7.821668 4.145855 0.293223 0.208149 0.217102 0.906969 -1.664817 0.336664 0.844382 -0.946231 -0.820239 -2.694150 -0.294683 0.996344 0.759436 -0.192993 -0.751091 -0.538680 -0.301239 -0.159793 -0.094528 0.223731 0.116547 5.845905 1.927803 0.011355 0.158181 -0.475365 -0.682240 -0.506738 1.096477 -0.030746 -0.593560 0.361727 -0.004138 
303.911102 -47.702232 8.732492 5.541205 1.658285 0.126750 -0.636296 -0.465668 -1.400360 0.021218 -0.133750 -0.040960 -0.086167 5.720237 2.064235 1.215586 0.697025 -1.321056 -1.124332 -0.643483 1.234784 0.023669 -0.300585 0.390965 -0.165762 4.226477 1.227359 -0.442276 -0.646221 -0.683224 0.088684 0.299190 0.793142 0.351949 0.080684 -0.247314 -0.185167 
116.966698 -37.665840 11.950137 6.577026 1.687273 -2.433962 -2.031563 -0.379996 0.804751 0.384001 0.243212 -0.164301 -1.151764 5.758803 2.160036 0.111792 -0.533006 -1.559441 -0.573723 0.059699 1.285045 0.544106 0.066841 -0.270897 -0.253786 -2.913185 -0.920241 -0.619815 -0.503171 0.578593 0.503409 0.316214 -0.708460 0.041754 0.116805 -0.260840 0.249567 
117.637756 -36.184625 13.052564 5.764788 0.592272 -2.992132 -1.783741 -0.346269 1.169730 1.109431 -0.000068 -0.582754 -0.593740 -0.106133 0.223752 -0.024045 -0.309317 -0.163870 -0.117515 -0.011054 -0.182135 0.107177 -0.066976 -0.130715 0.333372 -3.530615 -1.668909 0.169343 0.704550 1.073687 0.171356 -0.149545 -0.892700 -0.457897 0.178414 0.369969 0.268672 
119.285233 -37.878106 12.397642 6.528936 1.068640 -2.761701 -2.266594 -0.402105 0.440481 0.598355 0.109260 -0.425732 -0.485019 -1.302427 -1.177782 0.450478 0.876094 0.587934 -0.231010 -0.239390 -0.500355 -0.371687 0.423670 0.469041 0.283557 -0.354118 -0.446668 0.006034 0.343200 0.214227 -0.103559 -0.136432 0.024360 -0.079863 0.213639 0.227427 -0.148631 
116.956085 -38.789478 10.697001 6.665744 2.344459 -1.816264 -2.245761 -0.825049 0.169021 0.366056 0.847271 0.355328 -0.026626 -0.814368 -0.669583 -0.011976 0.377084 0.264585 -0.324632 -0.283919 -0.133416 -0.052549 0.360303 0.324139 0.036110 0.471872 0.679260 -0.265430 -0.568460 -0.398034 -0.052019 0.083471 0.251334 0.217644 -0.216186 -0.267716 -0.238322 
114.675972 -39.506842 11.058477 6.504983 1.822809 -2.232531 -2.915858 -0.969944 0.173649 0.493257 0.829865 0.222547 -0.412799 -0.358682 0.180738 -0.080381 -0.260825 -0.208133 -0.335049 -0.072448 0.002314 0.063600 -0.008703 -0.066390 -0.193087 0.227843 0.425160 -0.034202 -0.318955 -0.236359 -0.005208 0.105736 0.067865 0.058075 -0.184503 -0.195265 -0.114598 
