116.318008 -35.566408 8.559093 6.994322 0.409305 0.628776 -5.066160 -2.448672 -1.098863 0.781997 -0.380665 0.604136 -0.152304 1.658326 -0.785517 -0.123434 -0.254265 0.626007 -0.866173 0.095784 0.213441 0.069351 -0.356107 0.218957 -0.036965 1.133033 -0.337591 -0.252498 -0.224019 0.568064 -0.141345 0.256027 -0.004404 -0.282741 0.108198 -0.132627 0.111281 
121.844009 -32.249755 6.988058 6.747453 -0.099225 1.880789 -6.798505 -2.257104 -0.671981 0.920700 -1.092879 1.042050 -0.226235 3.924392 -1.460698 -0.628430 -0.702303 1.762134 -1.148863 0.607837 0.204634 -0.496131 -0.139710 -0.046296 0.185597 0.929078 -0.058224 -0.573251 -0.121946 0.500139 0.310597 0.392981 -0.089311 -0.533589 0.309630 -0.175820 0.057276 
129.414871 -27.717625 5.637696 5.737461 -0.995300 4.153044 -7.363885 -1.232997 -0.689595 -0.210264 -0.660085 0.511544 0.218889 3.516483 -0.901966 -1.269937 -0.498158 1.626285 -0.244978 0.881747 0.034820 -0.997827 0.263152 -0.132683 0.077588 -1.497271 0.235376 -0.612971 1.075116 -0.892444 0.825314 -0.367305 -0.235615 -0.163214 0.152163 0.231428 -0.599990 
133.798370 -25.216790 5.184126 4.207579 -1.095542 5.133359 -7.288462 -0.493610 -0.602342 -1.074955 -0.566574 0.776684 -0.071060 0.929849 -0.989946 -1.854372 1.447930 -0.022755 0.501766 -0.126773 -0.266597 -0.822559 0.164615 0.416560 -1.014383 -2.699786 -0.486468 -0.490493 1.300491 -1.990212 1.396859 -1.002303 0.140932 0.039172 0.015980 0.115533 -0.358890 
138.977982 -25.857927 3.657804 2.028718 1.900560 4.107534 -6.360354 -1.486543 -1.222789 -1.855382 -0.330855 1.344664 -1.809878 -1.883090 -1.874903 -2.250924 2.102823 -2.354138 2.548740 -1.122860 0.316684 -0.919482 0.295111 0.098382 -0.640192 -4.094751 -0.580951 -0.267281 -0.114914 -0.886288 0.867000 0.309871 0.589629 0.329350 0.634719 -0.228454 0.653669 
143.020004 -28.982969 1.434319 -0.294268 3.110105 0.425082 -2.190983 -2.739330 0.031027 -2.913920 0.023649 0.973449 -1.351445 -7.259654 -2.151848 -2.388933 1.218101 -1.795331 2.235765 0.492970 0.912661 -0.163859 1.434054 -0.040349 0.292955 -4.461617 -1.126888 0.219647 -0.526811 1.475647 -0.769674 1.757298 0.199671 0.244953 0.361608 -0.038755 0.482650 
142.781204 -40.377234 -0.645893 -2.749147 4.336762 0.516872 -1.888825 -0.500603 0.602534 -2.183099 2.537253 1.263966 -1.223969 -10.806323 -4.128678 -1.811630 1.049201 0.597156 1.009392 2.391737 0.716027 -0.429576 1.018327 0.020872 0.325108 -1.120261 -0.681743 0.766691 -1.657936 0.806540 -0.286035 0.261438 -0.482765 0.191930 -1.265512 -0.077387 0.127905 
269.451752 -50.595615 -6.823038 -3.917527 5.208507 1.619394 -0.172198 2.044144 1.463080 -3.773072 2.060303 1.015192 -0.701229 -9.500176 -3.515335 -0.855551 -2.097770 -0.182251 1.663694 1.015847 -0.052869 0.220001 -1.096970 -0.195122 0.548765 2.718030 1.168982 0.587109 -2.693300 -1.092312 0.051493 -1.647087 -0.346799 0.645434 -0.885650 -0.366681 -0.068924 
251.413666 -59.377587 -7.676562 -4.460248 0.141221 0.152370 1.438563 1.531090 0.496795 -1.743097 0.343313 0.873721 -0.126439 -5.370263 -1.790715 -0.637412 -4.337398 -1.587468 1.112379 -0.902438 0.022429 0.861291 -0.752974 -0.712491 0.187260 9.957157 4.427986 2.075249 0.034499 0.441318 -1.040823 -1.022278 -0.562500 0.127589 0.595593 -0.332586 -0.364656 
0.000000 -61.336141 -10.404467 -5.192352 -3.466290 -1.555542 2.052560 0.239268 1.507937 -2.050489 0.554356 -0.409789 -0.326710 10.414138 5.340638 3.294948 -2.028772 0.700385 -0.417952 -1.028710 -1.177869 0.475180 0.094216 -0.860293 -0.180547 13.040083 4.944619 1.908942 2.174356 1.660709 -2.105344 1.031944 -1.202500 0.317944 0.159119 -0.141899 0.241969 
0.000000 -38.549311 3.004714 2.129648 -3.916322 1.553139 0.602659 -0.526330 -1.858942 -0.792738 0.531746 -0.846865 -0.487532 20.709903 8.098524 3.180471 0.011314 1.733949 -3.098308 1.161450 -2.382572 1.497179 -0.434736 -0.996288 0.671197 0.402001 -2.247356 -2.060197 1.099597 -0.369152 -1.215216 1.231905 0.300198 0.237961 -0.356647 0.114410 0.496532 
119.611160 -19.916334 5.792581 1.168591 -3.443662 1.912357 -4.144056 2.562168 -3.257206 0.943868 -0.315116 -2.402365 1.015685 11.218140 0.845926 -0.825446 0.170423 -0.037919 -2.848385 1.435101 -0.577473 0.951101 -0.619078 -0.631474 0.812517 -9.864679 -4.812119 -1.449963 0.114003 -1.130879 1.318490 -0.777016 1.223034 -0.416391 0.325386 0.472296 -0.379679 
123.609917 -16.113031 4.696566 0.478756 -3.575476 1.477301 -5.094110 2.343872 -3.013887 1.109465 -0.706410 -2.109813 1.137502 0.980546 -1.525715 0.280545 0.239321 -0.527809 -0.461328 -0.392583 0.063496 0.664397 0.216036 -0.051696 -0.088161 -7.069144 -2.589686 -0.103191 1.263324 -0.837633 1.821973 -1.287157 0.741495 -0.194438 0.282666 0.440257 -0.476522 
127.828987 -17.955243 2.741150 1.729681 -2.965020 0.856738 -5.066711 1.777002 -3.130215 2.272663 0.116957 -2.505758 0.839363 -2.920148 -4.333445 -1.031829 2.697070 -1.713184 0.795560 -1.139214 0.905517 0.562226 -0.053747 0.249040 -0.140527 -1.103707 -0.681268 -0.557570 1.190507 -0.329926 0.326290 -0.139608 0.281766 -0.355939 -0.179594 0.258343 0.166646 
127.689255 -21.953326 -3.970324 -1.584902 1.818664 -1.949068 -3.502989 0.065445 -1.202854 2.233918 -0.813904 -1.611732 0.856447 -1.226868 -2.888251 -0.834596 2.620334 -1.187661 0.191251 -0.671799 0.627028 -0.047480 -0.143151 0.464990 0.245131 2.609978 3.928020 1.707450 -2.254233 1.668705 -1.141184 0.865473 -0.668270 -0.382565 0.279929 -0.171297 0.259601 
0.000000 -20.408980 -3.035352 0.060490 2.275648 -1.518585 -4.684209 0.433405 -1.876158 2.177703 -0.169346 -1.575778 1.329625 2.299808 3.522596 2.383071 -1.811395 1.624225 -1.486808 0.591733 -0.431024 -0.202904 0.506111 -0.093553 0.378674 1.843736 2.730618 1.411358 -2.148455 1.242061 -0.449482 0.474038 -0.317101 -0.018063 0.131599 -0.373226 -0.138992 
156.686234 -17.353710 3.074867 3.181241 -1.804126 1.299382 -6.476606 1.248911 -2.064902 1.828111 0.198318 -1.798839 1.613796 2.460603 2.572985 1.988120 -1.676577 1.296461 -0.707712 0.276276 -0.007173 -0.083606 0.120047 -0.281463 -0.032853 -1.151335 -1.995273 -0.606254 1.140428 -0.770045 1.003969 -0.288353 0.422872 0.197748 -0.290409 0.044626 -0.326469 
151.595093 -15.487773 2.110619 4.036729 -1.077505 1.074338 -6.099633 0.985958 -1.890505 2.010492 0.070747 -2.138704 1.263919 -0.002862 -0.467950 1.170563 0.469461 0.084134 0.521131 0.015026 0.414720 0.192592 -0.074707 -0.004302 -0.274263 -1.900401 -1.388773 -1.037012 0.885662 -0.522919 0.936874 0.238320 0.317907 -0.309825 -0.109395 0.281739 -0.032280 
142.380554 -17.359434 2.138967 5.522368 -0.865203 1.467650 -5.434345 1.278963 -1.235462 2.213295 0.048905 -1.807442 1.065270 -1.340200 -0.204560 -0.085904 0.094747 0.250623 1.166036 0.752916 0.628641 -0.703255 -0.098744 0.282015 -0.097414 -3.666301 -0.189936 -1.597622 -0.354799 0.202314 0.450463 0.442207 0.168903 -0.868424 0.065094 0.263196 0.075248 
138.729843 -18.168173 1.701498 3.864921 -0.888011 1.575585 -3.767560 2.491790 -0.633223 0.603981 -0.126740 -1.574674 1.069092 -7.335464 -0.847821 -2.024681 -0.240137 0.488762 1.422056 0.899439 0.752527 -1.544257 0.055482 0.522090 -0.123768 -2.869545 -4.033809 -1.267073 1.305801 -0.061360 -0.262183 -0.345686 0.053273 0.356836 -0.015797 0.335630 0.071093 
142.274445 -32.030361 0.443324 1.473006 -1.345477 2.445175 -2.590233 3.077842 0.269591 -0.875219 0.159869 -0.763262 0.817734 -7.079290 -8.272179 -2.620051 2.706349 0.127904 0.641671 0.061545 0.735188 0.010416 -0.130338 0.953274 0.044771 4.737023 -5.160227 -0.792913 1.376629 -0.172804 -0.452243 -1.049272 -0.446166 1.258475 -0.035051 -0.074852 0.056279 
142.628540 -32.326752 -14.842860 -1.375181 4.524687 1.831392 -2.484219 2.614880 0.837152 0.624814 -0.387416 0.331874 1.158635 2.138582 -11.168276 -3.610508 2.513121 0.143154 0.517569 -1.199105 -0.139804 0.972693 -0.014620 0.372386 -0.011210 4.949521 2.302379 0.143158 -1.869420 0.367058 -0.054222 -0.823614 -0.839411 0.055325 0.112821 -0.638824 -0.404648 
0.000000 -27.753198 -21.893228 -5.748009 3.680764 2.731482 -1.555095 0.679631 -0.010017 1.070166 0.130629 -0.018489 0.795314 2.819752 -3.667422 -2.333735 -1.032492 0.862020 0.533226 -1.585683 -0.943634 0.121066 0.095303 -0.324373 -0.764525 -0.661655 6.994665 2.224650 -1.080585 0.501148 0.323810 0.601006 -0.010780 -0.384625 0.153829 0.056073 -0.123669 
0.000000 -26.687248 -22.177704 -6.042651 2.459704 3.555432 -1.417766 -0.556487 -1.050117 0.866946 -0.196809 -0.316873 -0.370416 0.815271 2.821054 0.838793 0.351951 1.145449 1.165189 0.002907 -0.161365 0.203443 0.293039 0.484532 -0.258547 0.192581 6.167791 2.123362 0.614786 0.362832 0.076629 1.311952 0.216889 -0.019945 0.290106 0.219108 0.583485 
0.000000 -26.122655 -16.251119 -4.070422 4.384667 5.022381 0.775282 0.685445 -0.332747 1.477051 0.716706 0.950574 0.278220 3.204914 8.668160 1.912988 0.197080 1.587684 0.686485 1.038220 -0.509856 0.081177 0.675516 0.113843 0.402445 1.051123 1.650677 0.413719 -0.612933 -0.452842 -0.983946 0.048266 0.079904 -0.271764 -0.233153 -0.602705 0.420734 
151.243103 -20.277420 -4.841383 -2.216675 2.853864 6.730799 -0.044797 1.519954 -2.069830 1.029300 1.154224 -0.089187 0.434473 2.917518 6.122408 1.666230 -0.873914 0.239766 -0.802703 0.099440 -0.001556 -0.340085 -0.173267 -0.720879 0.582921 -5.050180 -4.487607 -0.190934 -0.580991 -1.447424 0.180688 -0.451022 0.819732 -0.250057 -0.831719 -0.047083 0.065622 
150.501282 -20.287619 -4.006302 -0.737962 2.636839 5.501913 -0.830123 0.884324 -0.335860 0.796881 0.370172 -0.491184 1.444062 -6.895447 -0.307054 1.531120 -0.964902 -1.307164 1.047860 0.136176 1.129607 -0.418938 -0.987922 0.019676 0.533689 -4.517546 -4.289565 -0.895759 -0.068804 -1.498126 1.513265 0.750864 -0.733626 0.153040 -0.375016 0.854816 -0.426706 
138.068848 -34.068313 -5.455491 0.845566 0.924059 4.116471 2.050923 1.792306 0.189384 0.191425 -0.821620 -0.049834 1.501851 -6.117574 -2.456721 -0.125287 -1.011522 -2.756485 2.223827 1.601167 -1.468809 -0.034006 -0.923299 0.988754 -0.270492 5.930085 0.531103 -1.121152 0.078785 -0.536954 -1.397395 -0.280727 -1.367602 0.572917 0.220656 0.087738 -0.451083 
0.000000 -32.522766 -8.919745 -0.988537 0.613795 -0.011058 3.617530 4.086657 -3.273478 0.728869 -1.476426 1.486324 0.903078 4.964724 0.755153 -0.711183 -0.807333 -2.381071 -1.746931 -0.425277 -1.605597 0.726896 -0.546610 0.195152 -0.368477 7.392527 3.824668 0.478561 -0.839734 1.713458 -2.384418 -2.006124 1.192687 -0.145139 0.670499 -1.101575 0.196335 
0.000000 -24.138864 -3.945186 -0.576800 -0.690607 -0.645671 -1.442938 0.941751 -3.021810 1.645217 -1.914840 0.340469 0.764898 8.667480 5.192614 0.831835 -2.690989 0.670430 -2.545009 -2.411082 0.916565 -0.324284 0.417700 -1.214397 0.122178 -0.601371 1.558171 0.466511 -0.895412 1.625053 0.897231 -0.627190 1.244533 -0.736274 0.388949 -0.520508 0.196764 
0.000000 -15.187805 1.465484 0.675133 -4.768183 1.329803 -1.472488 -0.735507 -1.440348 0.080300 -0.641026 -0.942469 1.147434 3.761982 3.871495 0.221839 -2.598157 0.869036 0.047531 -1.679658 0.883469 -0.745653 0.231289 -0.845864 0.025052 -4.419238 -2.251023 -0.635814 1.204079 -0.496995 1.164395 0.906545 -0.173805 0.166036 -0.566812 0.830817 -0.219685 
150.219955 -16.614901 3.797804 -0.133123 -5.886921 1.092400 -1.347876 -2.417565 -1.254872 0.153912 -1.452263 -1.351258 0.815002 -0.170996 0.690569 -0.439794 -0.282831 -0.323560 -0.216219 -0.597993 0.568956 0.007788 -0.715923 0.447238 -0.317192 -1.712567 -2.406956 -0.257777 2.002851 -0.787902 0.062133 0.997234 0.174861 0.148762 -0.261938 1.065430 -0.299276 
149.522278 -15.529798 2.846622 -0.204454 -5.333844 0.682682 -1.904926 -1.931492 -0.302436 0.095876 -2.072873 -0.047993 0.513049 0.336848 -0.942416 -0.293716 1.407545 -0.706768 0.171796 0.314810 1.233190 -0.448129 -0.292588 1.284996 -0.573501 -1.054456 -1.085788 0.048103 1.453618 0.228217 0.618890 0.423595 0.403312 -0.212772 0.457763 0.259744 -0.294605 
150.918900 -15.941204 1.912972 -0.720555 -3.071831 -0.321135 -1.004284 -1.787945 1.211508 -0.742346 -2.037438 1.218734 -0.332000 -2.279908 -1.481007 -0.343587 2.624405 0.132873 1.021562 0.249198 1.375580 -0.417756 0.199603 0.966727 -0.906403 -0.084270 -0.149766 -0.134388 0.199995 0.467680 0.122125 0.082527 -0.847750 0.018568 0.319969 -0.398973 0.227363 
148.761551 -20.089613 -0.115391 -0.891628 -0.085034 0.948429 0.138198 -1.433096 2.448724 -0.739636 -1.673666 1.885461 -1.299756 0.168309 -1.241947 -0.562491 1.807534 0.228592 0.416047 0.479864 -0.462309 -0.410993 0.347351 0.487050 -0.118775 3.150787 0.187928 0.062784 -1.321696 -0.048441 -0.965437 0.161078 -1.682833 0.056484 0.023349 -0.609886 0.816437 
152.152298 -15.604587 -0.570922 -1.845537 0.543238 0.136050 -0.172190 -0.828217 0.286890 -1.564332 -1.342737 2.192833 -0.569549 4.021666 -1.105150 -0.218020 -0.018987 0.035991 -0.909312 0.571353 -1.990087 -0.304788 0.246301 -0.253045 0.726471 -1.489199 0.089603 1.116850 -1.145123 0.610193 -0.447678 0.258503 -0.132280 0.340816 0.012843 -0.388871 0.320119 
150.846512 -12.046282 -2.325692 -1.327668 -0.123008 1.020410 -1.680426 -0.290389 -1.531450 -1.349213 -1.181064 1.379372 0.153185 -2.810090 -1.062741 1.671208 -0.482712 1.448979 -0.479310 0.996869 -0.726869 0.270640 0.373037 -0.290692 0.521464 -7.451375 0.339161 2.448938 0.124680 0.429700 0.600564 0.063929 1.764383 0.126114 -0.101999 0.281042 -0.568380 
152.089767 -21.224766 -2.696403 1.496879 -0.422185 3.034007 -1.130810 1.165521 -1.166848 -1.023051 -0.596663 1.611448 0.473378 -10.881084 -0.426828 4.679856 0.230373 0.895391 0.291817 0.699212 1.538679 -0.052560 0.042303 0.309039 -0.410290 2.416060 0.903086 -0.094999 0.257541 -1.214698 -0.007699 -0.186775 0.753678 -0.269330 -0.646593 0.004764 -0.234412 
135.523392 -33.808450 -3.179348 8.032044 0.337738 2.811192 -1.096791 1.108035 1.545908 -1.454332 -1.096458 1.997451 -0.667395 2.022030 0.743432 1.481210 0.032370 -0.980417 -0.494707 0.623320 0.780487 -0.268020 -0.920149 -0.281165 0.052639 10.734751 0.684588 -3.582048 -0.121868 -1.126083 -0.454463 -0.180614 -1.278634 0.160845 -0.489408 -0.676639 0.536009 
150.959076 -17.180705 -1.209539 4.459299 -0.357445 1.073174 -2.120224 2.412160 0.394125 -1.559092 -2.436961 1.049118 0.578656 10.588417 0.942348 -2.484240 -0.013363 -1.356775 -0.617108 0.337984 -1.018590 0.269131 -0.936513 -1.044238 0.661729 0.434765 -0.277593 -1.394843 0.012563 0.145924 0.167308 -0.485862 -0.621447 0.385495 0.250187 -0.228418 -0.018103 
151.177490 -12.631615 -1.294653 3.063564 0.311012 0.097642 -2.331007 1.784002 -0.491272 -0.916071 -2.969485 -0.091024 0.656062 2.891560 0.188247 -1.308475 0.057496 -0.688568 -0.160092 -0.348405 -0.462406 0.502970 -0.419776 -0.738000 0.016433 -4.933449 -0.385657 0.863672 -0.112890 0.426857 0.258950 -0.307495 0.515801 0.061558 0.421419 0.360285 -0.312063 
153.401886 -11.397586 -0.833046 1.842348 -0.242453 -0.303963 -2.440407 1.715350 -0.530687 -0.553152 -3.276512 -0.426882 0.611522 0.721520 0.171034 -0.756896 -0.239143 -0.503061 -0.099208 -0.277007 0.013012 0.392246 -0.093675 -0.323667 0.037602 -1.269735 -0.050143 0.566118 -0.063757 0.323774 -0.024738 0.090828 0.198702 -0.106960 0.321514 0.242239 0.079696 
151.653168 -11.188576 -0.952585 1.549772 -0.167274 -0.908481 -2.529424 1.229989 -0.465248 -0.131580 -3.156834 -0.738358 0.731266 0.352089 0.087960 -0.176240 -0.070019 -0.041020 -0.209568 -0.166749 -0.065003 0.289049 0.223253 -0.253522 0.175826 -0.535013 -0.006105 0.502869 0.165730 0.580962 0.088244 0.186492 -0.026686 -0.139804 0.092010 0.318138 -0.001944 
147.940140 -10.693407 -0.657126 1.489868 -0.382490 -0.386003 -2.859544 1.381852 -0.660693 0.024947 -2.830007 -0.933925 0.963173 -0.348506 0.158824 0.248841 0.092316 0.658863 0.077279 0.095978 -0.040360 0.112638 0.090344 0.312610 0.033715 -1.488896 0.019425 0.406007 0.252024 0.370595 0.524692 0.155375 0.070793 -0.295332 -0.002975 0.494753 -0.056810 
144.646912 -11.885587 -0.634938 2.047454 0.017359 0.409244 -2.374866 1.421945 -0.545969 0.093696 -2.976145 -0.113138 0.798695 -2.625702 0.126811 0.635775 0.434029 0.700170 0.839815 0.144001 0.076583 -0.301614 0.217303 0.735984 0.062207 -3.748614 -0.063302 0.248959 0.065726 -0.028943 0.490342 0.113582 0.718139 -0.349311 -0.044605 -0.045846 0.048896 
140.327011 -15.944811 -0.403504 2.761418 0.485567 1.014337 -1.179913 1.669854 -0.507526 -0.578282 -2.395401 0.538043 1.087587 -7.845734 0.032219 0.746759 0.223769 0.600977 1.057964 0.323142 1.395917 -0.585985 0.001135 0.220917 0.131506 -4.960124 0.343326 0.721311 -0.941240 0.100893 0.089569 0.159356 1.216770 -0.230574 0.012261 -0.627473 -0.159731 
126.591988 -27.577056 -0.570500 3.540973 0.464897 1.611199 -0.258937 2.068229 2.245866 -1.078275 -2.973876 0.328695 1.061707 -12.545950 0.813463 2.078397 -1.448452 0.901956 1.018954 0.462713 2.510124 -0.762763 0.241825 -0.518961 -0.257255 -4.615481 -1.008237 0.016190 -0.353355 -0.294751 -0.084959 -0.473592 -0.645263 0.368525 0.944740 -0.506098 -0.202795 
0.000000 -41.036711 1.223422 6.918211 -2.411337 2.818249 0.857995 2.595281 4.512722 -2.103807 -1.911751 -0.499879 0.573076 -17.076696 -1.984256 0.779140 -0.482942 0.011475 0.888045 -0.624042 0.105391 0.151064 1.890615 -0.791278 -0.274083 -0.753978 -2.480104 -3.080955 1.083885 -1.170835 -0.770064 -0.853451 -2.296192 1.007911 0.344330 0.338775 -0.008943 
226.085266 -61.730449 -4.539011 5.099252 -0.500986 1.634149 1.517153 0.820144 2.456649 -0.776146 0.807354 -1.253862 0.513540 -14.053906 -4.146745 -4.083513 0.719317 -1.439713 -0.521173 -1.244188 -2.082260 1.253060 0.930485 0.158588 -0.275141 11.591339 3.739190 -0.435809 -0.806367 -0.926302 -1.451706 0.672287 -1.308706 0.191509 -1.647481 0.685875 0.060410 
0.000000 -69.144524 -7.070068 -1.248815 -0.972703 -0.061178 -0.184351 0.106904 0.348201 0.402312 -0.050781 -0.182704 0.022795 6.105982 5.494124 -0.092479 -2.095675 -1.841128 -2.015367 0.720531 -2.512021 0.534082 -1.404347 0.580472 -0.153263 17.314128 5.174641 2.762389 -0.485046 0.306442 -0.466689 1.446292 0.221362 -0.631276 -1.075307 -0.394682 0.621761 
0.000000 -49.518485 6.449236 4.914294 -4.692336 -2.048107 -2.513580 2.261207 -2.567393 0.292019 -2.001339 -0.092918 0.207014 20.574350 6.202537 1.441266 -0.250775 -0.826829 -1.454550 1.648395 -1.639536 -0.009492 -1.220129 -0.630777 0.968381 4.227753 -3.568136 -1.048154 1.814617 1.230143 1.138715 -0.613364 1.456980 -0.327511 0.644233 -0.542119 0.318183 
136.542877 -27.995824 5.335006 1.633717 -1.474253 -1.714836 -3.093451 3.403695 -2.930872 0.383329 -2.491038 -1.444257 1.959558 14.561487 -1.642148 -2.188787 1.533559 0.619158 0.262063 -0.506196 0.401939 -0.120939 -0.115881 -0.503766 0.483103 -8.019588 -4.003740 -0.902074 0.194029 0.714531 0.888077 -1.317228 1.180018 -0.173434 0.777393 0.329228 -0.702987 
136.081268 -20.395512 3.164940 0.536721 -1.625218 -0.809791 -1.989455 1.248814 -1.763514 0.050142 -2.233102 -1.100451 1.173219 4.535174 -1.804943 -0.362882 0.137282 0.602233 0.321603 -0.986060 0.720499 -0.356359 0.334657 0.027679 -0.437593 -6.927731 0.605043 1.053032 -0.564393 -0.213123 -0.220322 0.350103 -0.268478 0.058097 0.096096 0.222506 -0.173916 
131.886093 -18.925476 1.725120 0.907952 -1.199688 -0.510369 -2.450245 1.431575 -1.489874 -0.329390 -1.821725 -1.388898 1.084372 0.706024 -0.432061 -0.082724 0.404774 0.192912 -0.178581 0.194009 -0.135017 -0.004744 0.076310 -0.058755 0.135271 -3.107621 1.223322 0.327235 0.031359 -0.400406 -0.224566 0.473073 -0.642679 0.387865 -0.249451 0.160652 0.313202 
131.078598 -18.983463 2.300817 0.371273 -0.815670 -0.423968 -2.346616 1.636832 -2.033547 0.040653 -2.080481 -1.217960 1.443760 -1.680068 0.641702 0.291588 0.200000 -0.198579 -0.127528 -0.039914 -0.564860 0.419370 -0.164246 0.348982 0.188811 -1.887152 0.510979 0.551912 0.018215 -0.381723 -0.170712 -0.063190 0.019665 -0.221493 0.055466 0.278762 -0.087120 
128.803986 -22.285612 3.008524 1.491129 -0.799688 -0.907528 -2.705302 1.351747 -2.619594 0.509350 -2.150217 -0.690933 1.461994 -3.068279 0.589897 1.021100 0.441204 -0.570535 -0.520005 0.067630 -0.095686 -0.447730 0.187242 0.498769 -0.038969 0.274804 -0.245820 0.121491 0.030199 -0.105422 0.025473 0.002176 0.700531 -0.842828 0.193503 0.026358 -0.221517 
122.936424 -25.120021 3.480611 2.413473 0.066738 -1.565037 -3.386626 1.772091 -2.224919 -0.854806 -1.705997 -0.220423 1.365823 -1.130459 0.150062 0.534571 0.260398 -0.409423 -0.076583 -0.035563 0.836202 -1.266286 0.222760 0.401698 -0.254224 1.886298 -0.718816 -0.322825 -0.380396 0.425430 0.301547 -0.338120 0.610971 -0.192275 -0.148348 -0.239999 -0.013718 
119.923393 -24.546530 3.308648 2.560271 -0.278891 -1.726373 -2.858468 1.280622 -0.947189 -2.023221 -1.704697 0.112462 0.953547 0.704317 -0.847736 0.375450 -0.319588 0.280325 0.083089 -0.608610 1.126256 -0.832279 -0.109454 0.018771 -0.066406 0.555360 -0.507001 -0.189982 -0.270353 0.661621 -0.107823 -0.147568 -0.308888 0.611554 -0.290340 -0.313711 0.152697 
119.446129 -23.711387 1.785139 3.164373 -0.572438 -1.004387 -3.220448 0.554870 0.027592 -2.519364 -1.924905 -0.182880 1.233011 -0.019740 -0.863940 0.154607 -0.280308 0.913818 -0.292230 -0.330699 0.218427 -0.043178 -0.357920 -0.225725 0.051171 -0.778739 0.469433 -0.559043 0.226456 0.298223 0.064831 0.273891 -0.817774 0.649793 -0.131382 0.016914 0.091039 
118.713402 -24.586011 1.580768 2.869484 -0.839508 0.101264 -3.442928 0.619223 -0.510335 -2.109577 -2.420536 -0.338988 1.055890 -0.853161 0.091130 -0.742636 0.133325 0.876772 0.212751 -0.060828 -0.509292 0.467308 -0.372219 0.052600 0.115672 -0.198054 0.528628 -0.374899 0.273584 -0.294936 0.308110 0.118847 -0.229378 0.152796 0.116758 0.178189 0.076531 
118.866280 -25.417708 1.967400 1.679101 -0.305787 0.749157 -2.794947 0.433213 -0.990991 -1.584748 -2.669342 -0.077681 1.464356 -0.415848 0.193316 -0.595192 0.266861 0.323947 0.323991 -0.093005 -0.240328 0.262414 -0.124403 0.130654 0.204233 0.218656 0.051093 0.073722 0.066768 -0.276413 0.055620 -0.016088 0.134482 -0.102447 0.123908 0.039027 0.044280 
