188.164703 -14.398156 0.518764 2.091502 -1.472643 1.759844 -1.698282 0.092290 0.445734 -0.136622 -1.535317 -1.047663 0.941593 -5.361485 -5.151074 1.721345 1.105213 -0.945098 1.178498 0.805002 -0.254114 -0.687610 0.930134 -0.098656 -0.295987 0.132225 -0.774556 -0.202366 0.012449 0.215248 0.146572 0.029088 0.204603 0.349568 0.065895 -0.022220 -0.041778 
183.353973 -25.121126 -9.783383 5.534193 0.737784 -0.130352 0.658715 1.702294 -0.062494 -1.511842 0.324951 -1.244976 0.349618 -5.097036 -6.700185 1.316614 1.130111 -0.514602 1.471643 0.863178 0.155092 0.011525 1.061924 -0.143096 -0.379544 4.795646 4.673977 -1.547724 -0.178659 0.741907 -0.831886 -0.381268 0.503764 0.924366 -1.011400 0.250349 0.477202 
0.000000 -24.592228 -12.881605 4.724730 0.787580 0.730640 1.245003 1.818647 0.755919 -0.113571 0.588531 -1.333856 0.182504 4.229807 4.196880 -1.374103 0.747896 0.538716 -0.485274 0.042466 0.753415 1.161122 -1.092666 0.402043 0.658416 2.271982 6.959776 -1.111009 -0.313746 0.431353 -1.426550 -0.472965 -0.017200 0.220477 -1.045976 0.424049 0.641109 
234.409119 -16.661512 -1.389622 2.785987 2.233577 0.947079 -0.311834 1.787226 1.444335 0.810402 -1.860380 -0.440890 1.666449 -0.553071 7.219367 -0.905404 0.502620 0.348105 -1.381458 -0.082751 0.120693 0.452480 -1.030028 0.705001 0.902674 -9.382123 -0.064150 0.722646 0.016273 0.472466 0.019697 -0.569310 -0.354819 -0.827444 0.548730 0.004907 -0.503441 
229.527237 -25.698371 1.557130 2.913922 1.792819 1.426850 -1.517912 1.653145 0.997304 0.791389 -1.471525 0.076147 1.987852 -14.534439 4.068581 0.071189 0.780443 1.483648 -0.445880 -1.096154 0.043777 -0.493766 0.004794 0.411856 -0.348466 -0.310764 -3.700262 1.394688 -0.207826 -0.019113 0.155990 -0.599236 -0.514926 -0.076668 1.097402 -0.196348 -0.562949 
50.703598 -45.730391 6.747539 2.928365 3.794463 3.914376 -1.203593 -0.405082 1.531890 -0.177131 -1.850793 0.382822 0.969518 -1.174600 -0.181157 1.883972 0.086967 0.309879 -1.069478 -1.281223 -0.909160 0.299145 1.164775 0.312305 -0.223224 13.792252 -3.967948 0.347029 -0.818711 -1.700283 -0.426959 0.754567 0.005743 0.528275 0.369400 -0.410812 0.176335 
207.309174 -28.047571 1.194815 6.681867 1.966753 2.046607 -3.656869 -0.909302 -0.821015 1.389678 0.858025 0.700757 1.541404 13.050066 -3.867314 0.765247 -0.856978 -1.916918 -1.299798 0.412980 0.055263 0.562784 0.743594 -0.409769 0.004205 2.755194 -0.835872 -1.983599 0.133780 -0.695380 0.997558 1.158214 1.108761 -0.284850 -1.207196 -0.558955 -0.098522 
198.952728 -19.630259 -0.987089 4.458858 2.080506 0.080540 -3.803190 0.420879 1.642416 0.948437 -0.363604 -0.436715 0.977929 4.335789 -1.852901 -2.083225 0.354526 -1.080880 0.925637 1.035204 1.308362 -0.270556 -1.249617 -0.805604 -0.420269 -9.880880 -0.628191 0.133519 0.520656 1.016018 1.620361 0.015772 -0.071792 -0.326436 -0.210688 0.113790 -0.239381 
194.497406 -19.375993 -2.510987 2.515417 2.675806 -0.115153 -1.805594 1.161106 1.795710 0.848565 -1.641208 -0.910451 0.700867 -6.711694 -5.123696 1.032284 0.184333 0.115117 1.940923 0.444525 -0.088321 -0.090087 0.322219 -0.182188 -0.474557 -3.111354 0.911255 1.474612 -0.517241 0.632417 -0.088322 -0.562542 -0.899250 -0.023024 0.921394 0.521139 0.218277 
185.799072 -33.053646 -11.234481 6.523426 2.449172 0.310775 0.078657 1.309928 1.465774 0.768262 0.280833 -0.801091 0.028815 -1.886918 -0.030391 0.866000 -0.679956 0.183953 0.748993 -0.089881 -0.490138 -0.316604 0.593171 0.236674 0.016285 8.424191 5.403933 -1.744913 -0.371771 -0.083240 -1.687316 -0.169930 -0.085311 -0.079022 -0.390109 -0.024913 0.457798 
0.000000 -23.149829 -2.571770 4.247417 1.315894 0.252754 -0.307609 0.981345 0.815434 0.215357 -0.454867 -0.437103 0.733436 10.136688 5.684171 -2.457541 -0.559210 -0.051363 -1.433708 0.104666 -0.258942 -0.248131 -0.458000 -0.232013 0.441038 1.106937 0.704736 -1.054690 0.225583 0.078938 -1.235165 0.156393 0.324850 0.279054 -0.158026 -0.326260 -0.104254 
220.230530 -12.780270 0.133861 1.608343 1.330752 0.208048 -2.788758 1.519260 0.947890 0.272001 -0.635167 -1.265116 0.910891 0.326957 1.379080 -1.243381 -0.228790 0.341829 -1.721337 0.222906 0.159562 0.241504 0.277118 -0.415846 -0.192224 -9.331203 -1.352444 1.066784 0.758238 -0.272462 0.913403 -0.830332 0.046804 0.017884 0.278317 0.719298 -0.639478 
211.566635 -22.495916 0.186390 1.760656 0.858315 0.936411 -3.750283 1.427157 1.134559 0.698365 0.099370 -1.268796 0.348988 -8.525718 2.979282 -0.323974 0.957266 -0.596288 0.393098 -1.555999 -0.165334 -0.212362 0.098634 1.206583 -0.837918 1.276820 0.386959 0.526469 0.545474 -1.024825 1.048026 -0.918000 -0.056576 -0.130166 -0.293148 0.509055 -0.338172 
190.511185 -29.831706 6.092425 0.960395 3.245284 -0.984528 -2.002562 -1.592738 0.617222 -0.152724 -0.437899 1.148049 -0.764945 2.880597 2.152998 -0.190443 0.862158 -1.707821 0.374716 -1.613093 0.046411 -0.018828 -0.309178 0.602264 -0.868567 7.104212 -2.119347 0.123266 -0.816210 -0.066389 -0.499114 0.783448 0.046501 0.203980 -0.156304 -1.064574 0.193539 
180.723694 -16.734722 4.492386 1.379770 2.582630 -2.479231 -3.000852 -1.799029 1.227380 0.660708 -0.518987 -0.064267 -1.388146 5.682706 -1.259412 -0.077442 -0.675154 -0.729066 -0.605130 0.010898 -0.072331 0.195598 -0.213975 -0.922566 -0.450840 -2.086542 -1.880235 -0.179249 -0.985331 0.938414 -0.188703 1.020998 -0.566942 -0.097474 0.010918 -0.677019 0.473096 
341.058624 -18.466293 3.573601 0.805512 1.894976 -2.442660 -3.212822 -1.570942 0.472560 0.238473 -0.865848 -0.697082 -1.666625 -1.292487 -1.607473 -0.548940 -1.108505 0.169006 -0.002689 0.428902 -1.087473 -0.213777 -0.287343 -0.751773 0.077626 -3.867318 0.166865 0.222042 -0.301096 0.605875 0.307601 0.184293 -0.165228 -0.335430 0.172065 0.150782 0.424659 
0.000000 -19.319696 1.277441 0.281891 0.365620 -2.141219 -3.006230 -0.941224 -0.947566 0.233154 -1.093672 -1.567814 -1.232894 -2.051930 -0.925681 0.366642 -1.277346 0.482685 0.010073 0.379484 -0.402787 -0.475262 0.130156 -0.621002 0.398477 1.202616 0.860373 0.492408 0.186982 0.178192 0.116197 -0.009220 0.577672 -0.295147 0.399994 0.234192 0.232480 
0.000000 -22.570154 1.722239 1.538795 -0.659715 -1.477290 -3.192677 -0.811975 -0.333014 -0.712051 -0.605537 -1.939086 -0.869670 1.112745 0.113274 0.435876 -0.734542 0.525390 0.229706 0.410463 0.067872 -0.804071 0.512645 -0.283390 0.542587 3.006099 0.285549 -0.200702 0.255222 0.098570 0.348446 0.186959 0.064746 -0.052571 0.145800 0.306393 0.151227 
0.000000 -17.094206 1.503989 1.153643 -1.103464 -1.090438 -2.546819 -0.120298 -0.811822 -1.374987 -0.068382 -2.134594 -0.147721 3.960268 -0.354582 -0.034763 -0.766902 0.679824 0.706964 0.753402 -0.273295 -0.580405 0.421756 -0.008216 0.700932 -1.239745 0.035788 -0.700395 0.801074 0.127793 0.326174 -0.097093 0.026186 0.511637 -0.324876 0.407651 0.096066 
163.993286 -14.649617 1.013074 1.469268 -2.193518 -0.117641 -1.778748 0.694830 -0.879603 -1.872860 0.237975 -1.955518 0.532195 -1.366745 0.184851 -0.964914 0.867606 0.780977 0.882054 0.216278 0.120244 0.219203 -0.137107 0.531913 0.734719 -7.192803 0.104331 -0.519215 1.871670 0.298961 0.044043 -0.355799 0.271574 0.554208 -0.413200 0.389224 -0.072763 
170.152878 -19.827697 1.873691 -0.776186 0.631748 0.471516 -0.782712 0.312257 -0.571335 -0.936581 -0.342596 -1.070769 1.321717 -10.425337 -0.145921 -1.073194 2.976439 1.277746 0.795050 0.041804 0.269854 0.528011 -0.404644 0.770233 0.555406 -1.727964 -3.636949 0.432510 0.708032 0.524087 -0.094502 0.228047 0.027521 0.119549 0.477302 -0.161903 -0.499604 
170.849655 -35.500292 0.721233 -0.677119 3.759360 2.437851 -0.188649 0.778437 -0.339896 -0.816839 -0.571313 -0.415053 1.643007 -4.822673 -7.089046 -0.099894 2.283670 1.829151 0.693050 0.672371 0.175287 0.458300 0.817497 0.208108 -0.264490 9.334987 -0.868586 0.100745 -1.866165 0.424175 0.179396 0.208696 -0.025387 -0.260021 0.619817 -0.556098 -0.235993 
174.073547 -29.473044 -12.304401 -0.975975 5.199088 4.129819 0.603389 1.657000 -0.220762 -0.019980 1.292397 -0.654553 0.792736 8.244638 -1.883093 -0.871703 -0.755892 2.126097 1.153841 0.459196 0.219080 0.007969 0.834991 -0.341964 0.083421 6.520328 6.322410 -0.135075 -2.289984 -0.825600 -0.227179 -0.500204 -0.299117 -0.312351 -0.693300 -0.243750 0.341729 
201.979874 -19.011017 -3.044952 -2.420525 2.247576 6.690045 2.119034 1.696829 0.098263 -0.800900 1.098669 -1.098981 1.809848 8.217982 5.555774 -0.370045 -2.296298 0.177951 0.238692 -0.328037 -0.422948 -0.166402 -0.569103 -0.279393 0.418967 -2.242561 1.440597 0.854109 -0.242146 -2.034349 -0.785740 -0.458048 -0.383057 -0.055746 -0.919948 0.085308 0.132304 
201.912476 -13.037081 -1.192853 -1.716065 0.606492 4.485720 1.080773 1.000925 -1.066659 -0.352784 0.154190 -1.213339 1.630671 3.759516 0.998102 0.836516 -1.240185 -1.942602 -0.417639 -0.456900 -0.547035 -0.103523 -1.004905 -0.171348 0.348029 -6.603962 -2.551713 -0.124754 1.297599 -0.356705 -0.135522 0.166307 0.748894 0.006616 -0.242627 0.362725 -0.010666 
203.616898 -11.491984 -1.048749 -0.747493 -0.232794 2.804841 1.283755 0.783029 -0.995807 -1.007945 -0.911142 -1.441676 2.505906 -4.989942 0.452348 -0.619554 0.298900 -0.535459 -0.032352 0.004578 1.074840 -0.153171 -1.054358 0.446058 0.397635 -6.020543 1.133073 -1.847177 1.877223 0.704349 -0.093464 0.006263 1.023864 0.746250 0.081228 0.243358 -0.431038 
202.626038 -23.016964 -0.288156 -2.955172 1.204291 3.414802 1.016070 1.010080 1.083020 -0.659125 -1.954525 -0.321224 2.425940 -8.281570 3.264249 -2.857839 2.514261 -0.533905 -0.604567 -0.444374 1.500693 1.388977 -0.842450 0.315368 -0.514046 3.883661 1.083495 0.381933 0.138120 -0.816686 -0.581132 -0.473861 -0.728480 -0.009558 0.926574 -0.759432 -0.448655 
192.765656 -28.055124 5.479748 -6.463171 4.795728 1.737032 0.074622 -0.105718 2.005579 1.770009 -2.596043 -0.810941 1.477813 2.777381 2.619339 0.144312 0.575140 -2.168831 -1.194616 -0.943145 -0.382121 -0.172287 0.798791 -1.072807 -0.499676 7.262049 -2.223792 2.851777 -2.402490 -0.226136 -0.345523 0.060696 -1.193181 -1.517238 1.271041 -0.619509 0.163396 
186.869186 -17.462203 4.950522 -2.666549 2.354572 -0.922861 -1.373163 -0.876209 0.318778 -1.003699 -0.356944 -2.466838 1.426589 6.242529 -1.183336 2.845716 -2.290719 -0.986176 -1.295612 -0.322981 -0.885670 -1.645498 1.699632 -0.923651 -0.187254 -3.762332 -1.504324 0.476890 -0.844045 1.290557 0.171281 0.661520 0.357379 -0.332806 0.276654 0.498930 0.141574 
181.434525 -15.570066 3.113076 -0.771739 0.214291 -0.235320 -2.516601 -0.751681 0.234239 -1.520988 0.803221 -2.658243 1.103305 -4.747283 -0.389310 1.098091 -1.112949 0.412282 -0.852055 0.379895 0.332637 -0.837898 1.352099 -0.074947 -0.216528 -9.818430 -1.689883 0.112488 0.091122 0.479897 0.898171 0.503685 0.861859 0.777972 -0.594057 0.696332 -0.169295 
177.358841 -26.956769 4.171903 -0.470367 0.128673 -0.098297 -3.077272 -0.116419 0.984052 -2.679495 2.347255 -2.616732 0.993533 -13.394332 -4.563102 3.070693 -2.108474 -0.026383 0.500730 0.684389 0.838049 -0.089554 0.511518 0.469014 -0.525845 1.596682 -0.679363 0.313679 -0.193711 -0.234522 0.757898 -0.675641 -0.341259 1.075951 -1.081925 0.113522 -0.123214 
179.149780 -42.358729 -6.013128 5.369646 -4.002657 -0.288085 -1.515140 0.617098 1.910336 -1.700097 1.826257 -1.720216 0.051615 -1.553920 -1.748035 1.725450 -1.500372 -0.056762 0.663742 -0.971387 -0.349881 1.314005 -0.811750 0.152098 -0.462956 14.133184 4.173424 -2.637378 1.401332 0.372785 -0.653120 -0.611632 -0.988502 0.356310 -0.590809 -0.610543 0.417727 
0.000000 -30.064609 0.675832 2.980532 -2.872070 -0.211821 -1.749787 -2.059194 0.284290 -0.051486 0.723754 -2.312535 0.067621 14.872037 3.783745 -2.204063 0.694191 0.719187 -0.805510 -0.538874 -1.138956 0.623065 -0.670100 -0.752072 0.309610 4.846183 1.015583 -1.859860 1.524153 0.421049 -0.291616 0.868447 -0.000867 -0.721980 0.210732 0.069671 0.530359 
203.110458 -12.614656 1.554362 0.961520 -2.614276 1.150289 -3.126160 -0.460650 -0.367575 -0.453966 0.486056 -3.224359 0.670835 8.138447 0.283130 -1.994271 1.547934 0.785336 0.080511 0.765507 -0.351615 -0.129955 -0.390285 0.291439 0.597761 -11.555888 -1.784730 0.502053 1.203150 0.306373 0.815327 0.354199 0.962122 -0.123691 0.285868 1.303156 -0.019361 
197.085632 -13.787715 1.242092 -1.008010 0.223798 1.358852 -1.588766 -0.528179 -0.418940 -0.311397 -0.056816 -1.729657 1.263143 -8.239739 0.214286 -1.199958 3.100490 1.331934 0.825144 0.169525 0.785288 0.375683 -0.098365 1.854241 0.270889 -9.478453 -2.706743 2.009862 0.750190 -0.098789 0.847615 -0.009280 0.477015 0.301311 0.496087 0.136605 -0.505420 
192.636124 -29.094134 1.982935 -1.438396 3.586704 3.814157 -1.475872 -0.121600 1.203000 0.297401 0.289326 0.484123 1.212612 -10.818459 -5.130356 2.025453 3.048314 0.587758 1.775740 0.746947 0.602414 0.472666 0.601890 0.564650 -0.413079 5.957997 -2.959645 0.807778 -1.072527 0.190104 0.609778 0.134115 -0.632725 -0.332655 0.185469 -1.094762 -0.461861 
185.138504 -35.424634 -9.018620 3.042897 6.320426 2.534369 1.962714 0.965715 0.785888 0.633935 1.146963 -0.600357 0.436985 3.676255 -5.705005 0.415598 0.955435 1.712142 2.044700 0.437755 -0.480162 -0.289627 0.272572 -0.335283 -0.652834 9.693069 2.943366 -1.987054 -2.070979 1.062888 -0.942990 -0.773656 -0.482602 -0.308376 -0.520025 -0.414209 0.060065 
181.430023 -21.741624 -9.427074 -0.607199 5.497574 7.238440 2.613528 0.753909 0.242677 -0.281854 0.834470 -0.186444 -0.093056 8.567679 0.756376 -1.948655 -1.093643 2.713534 -0.110240 -0.800366 -0.362791 -0.144086 -0.438160 -0.263767 -0.292950 -3.638838 3.908393 0.109426 -1.053036 -0.469426 -1.438747 -0.502538 0.305451 0.247649 -0.591795 0.172811 0.533460 
177.230423 -18.289275 -7.505868 -0.854414 4.133140 7.961437 1.742235 -0.635017 0.060307 0.345763 0.270643 -1.127891 -0.148915 -3.601422 2.111781 0.634450 -1.150636 0.773289 -0.832794 -0.567321 0.130741 0.205671 -0.911019 0.010339 0.414086 -11.301911 2.012020 0.517765 1.259238 -1.111976 -0.910703 0.297471 1.051730 -0.025900 -0.351624 0.594251 0.298395 
171.862289 -28.944467 -5.203512 0.661701 3.196302 8.785017 0.947940 -0.380733 0.504158 0.129488 -0.987567 -0.165765 0.735116 -14.036142 4.780415 -0.913125 1.424833 0.489583 -1.931646 -0.205424 1.740669 -0.195886 -1.141408 0.924734 0.303840 1.282137 0.269543 -0.237978 -0.831440 -3.685943 -0.653987 -0.100511 -0.332678 0.413683 0.290935 0.197390 0.155899 
169.067337 -46.361560 2.054963 -2.680664 6.982806 8.940602 -2.121057 -1.045865 3.541644 -0.046008 -2.012173 0.721576 0.458764 -1.037149 2.650868 0.158494 -2.813515 -6.598597 -2.140767 -0.768343 -0.534615 1.033037 -0.329148 0.405119 0.725884 10.281746 -3.617588 1.718862 -3.209786 -3.651978 0.706042 0.051077 -1.744322 0.342426 0.719413 -0.612348 0.059896 
166.524216 -31.018765 0.098225 0.978690 -2.430729 -4.412178 -3.333593 -1.917420 -0.565071 2.195561 -1.645863 0.644473 2.186885 6.527350 -2.454760 2.524600 -4.994740 -6.814373 -0.519563 -0.103271 -1.747975 0.488967 0.297418 -0.299961 0.423632 1.825125 0.684562 -0.604539 2.705384 4.483170 0.821714 0.432751 0.667279 -0.997837 0.386088 -0.450917 -0.831662 
0.000000 -33.306860 -2.854557 2.368536 -3.006674 -4.688145 -3.160183 -1.252406 0.045695 0.931925 -1.417337 0.121654 1.306029 2.613102 4.019992 -1.050583 2.597252 2.367743 -0.497339 0.097158 0.799944 -0.962638 0.443027 -0.496715 -0.937439 -0.685762 4.113085 -2.796463 4.095207 4.781016 0.021930 0.228694 1.133488 -0.332535 0.085560 -0.046835 -0.702954 
209.829803 -25.792561 8.138209 -1.122475 2.763775 0.323309 -4.328272 -1.723103 1.034817 0.270286 -0.759809 -0.348956 0.312006 5.155826 5.771409 -3.068326 3.195674 2.747658 -0.475704 0.354117 0.519001 -0.176103 0.468538 -0.393631 -0.982277 -0.625761 -2.437573 0.051977 -1.645607 -0.932543 1.193417 0.121377 -0.099824 0.310413 -0.354049 0.027424 0.627872 
203.355652 -22.995209 8.688262 -3.768116 3.384674 0.807172 -4.111591 -0.544173 1.083697 0.579719 -0.480262 -0.665608 -0.658524 1.361580 -0.855155 -0.946628 -0.693963 0.502658 1.889495 0.339913 0.600296 -0.341811 -0.265071 -0.441867 0.318306 -5.174892 -4.834086 2.153618 -1.482439 -0.975452 1.353109 0.132711 -0.100522 -0.158690 0.013281 0.209712 0.930142 
194.084824 -23.069400 6.427900 -3.015731 1.375849 1.328625 -0.549283 -1.043277 2.235409 -0.413337 -1.289951 -1.232690 0.948617 -5.193958 -3.896762 1.238911 0.230795 0.796754 2.230514 0.619539 0.317957 -0.493483 0.495101 0.025793 0.878007 -0.795284 -2.745128 0.640590 1.243898 0.601459 -0.468842 0.143809 -0.915994 0.376021 0.750260 0.392143 -0.297573 
190.247925 -33.383125 0.894737 -1.290294 3.846265 2.400679 0.349438 0.694905 1.719611 -0.407246 0.509940 -0.614022 1.097490 -0.228987 -6.345410 0.334553 1.793832 1.705576 0.951810 0.627532 -1.231692 0.410231 1.235450 0.342418 -0.276841 7.715470 1.559035 -0.533995 -0.676227 -0.207478 -1.163270 -0.490900 -0.789863 0.288889 -0.530642 -0.304225 -0.478921 
186.627808 -23.527374 -6.262920 -2.346625 4.963513 4.739778 1.354338 0.211787 -0.227974 0.407126 1.180948 -0.547854 0.394935 10.236981 -0.778692 0.170921 -1.121659 0.381798 -0.096025 -0.362262 -1.261769 0.084294 -0.566184 -0.582656 -0.079834 2.487390 5.194753 0.333201 -2.275495 -1.588392 -1.215737 -0.395467 0.669091 -0.497665 -0.970935 -0.569492 0.318221 
189.820816 -12.909162 -0.662647 -0.948453 1.602946 3.164274 0.157387 -0.029618 -0.803927 -0.238657 -0.622429 -1.779334 0.937821 4.745793 4.044096 1.000955 -2.757158 -1.471207 -1.479664 -0.163402 0.106490 -0.585098 -0.706420 -0.796566 0.359601 -8.083022 -0.259227 0.011838 0.313509 -1.022919 -0.507882 0.048425 0.980011 -0.183118 0.719098 0.326253 0.065735 
181.417038 -14.035789 1.825272 -0.344715 -0.550804 1.797363 -1.604991 -0.115017 -0.014995 -0.763071 -0.231892 -2.140986 1.114138 -5.929063 -1.297146 0.194596 -0.494642 -1.664040 -1.111789 -0.265412 0.698253 -0.281943 0.872011 0.069850 0.051635 -3.985237 -1.889177 0.150695 1.458924 -0.279374 0.400708 -0.054322 0.236710 0.078753 0.680455 0.334577 -0.397020 
148.765884 -24.767288 -3.256938 -0.559260 0.613662 -0.163805 -2.066191 -0.560442 0.592580 -0.802543 1.121592 -1.639635 1.041091 -3.224681 0.265743 1.302345 0.160690 -2.029956 -0.678247 -0.272047 0.579909 -0.427591 0.654489 -0.127412 -0.434438 4.606076 1.575472 0.807938 -0.178182 0.528915 0.358758 -0.266097 -0.242250 -0.064027 -0.636351 -0.136184 -0.265961 
166.091797 -20.485152 2.356757 2.259974 -0.229423 -2.262549 -2.961485 -0.659110 1.144824 -1.618254 1.077086 -2.395810 0.245261 3.283090 1.853799 1.810473 -0.851006 -0.606211 -0.394273 -0.797606 0.213753 -0.409996 -0.400691 -0.202518 -0.480287 1.248556 -0.365191 -0.266376 -0.427172 1.310951 0.313031 -0.416657 -0.333775 0.283634 -0.399123 0.014604 0.110532 
0.000000 -18.201108 0.450660 3.061686 -1.088351 -1.376227 -2.854738 -2.155655 1.020085 -1.622534 0.320210 -2.044671 0.080518 -0.727569 -0.464640 0.769592 -0.693653 0.591947 -0.052185 -1.105362 -0.087642 0.139676 -0.143758 -0.098205 -0.213375 -3.075953 -0.583909 -0.084717 0.660054 0.055186 0.034707 0.609193 -0.084202 0.196354 0.491606 -0.255116 0.196728 
129.786865 -21.940290 1.427477 3.799159 -1.616729 -1.078655 -3.065856 -2.869833 0.969540 -1.338902 0.789571 -2.592219 -0.181490 -2.868817 0.685982 1.641038 0.469102 -0.495839 -0.324859 0.420780 0.045349 -0.017287 0.582521 -0.712750 -0.086831 -1.002348 0.232769 0.891608 0.700752 -0.466013 -0.085983 1.138674 0.127480 0.012677 0.278107 -0.298466 0.137118 
124.075165 -23.938742 1.822624 6.343762 -0.150146 -2.367904 -3.504455 -1.314096 1.110783 -1.657108 1.485252 -3.470170 -0.093143 -2.732265 0.000898 2.552809 0.707852 -0.340080 -0.224151 1.171986 0.167318 0.165030 0.412456 -0.695137 0.060861 -1.195615 -0.894139 0.496734 -0.196369 0.437822 0.565784 0.516689 -0.118300 0.304003 -0.155828 0.368057 0.083728 
119.432701 -27.404819 1.429273 8.904777 -0.201026 -1.758816 -3.514157 -0.525861 1.304176 -1.008841 1.614483 -3.982493 -0.059767 -5.260046 -1.102297 2.634506 0.076364 0.379805 0.806709 1.454158 -0.191251 0.590719 0.270865 0.023364 0.080625 -1.243857 1.010438 -2.195633 -0.423985 1.270831 1.241538 0.418498 -0.389660 -0.478763 -1.014017 1.051367 0.193726 
114.321434 -34.458834 -0.381970 11.612775 0.002583 -1.608293 -1.891037 1.594220 0.728281 -0.475670 2.026983 -3.423443 0.068107 -5.219979 2.021774 -1.838456 -0.140118 2.201581 2.258925 2.008982 -0.612002 -0.792496 -1.615578 1.407597 0.448312 3.447586 1.195670 -3.689946 0.147371 1.517915 0.178863 -0.487914 -0.117647 -1.043185 -0.801200 0.566652 0.094660 
115.398705 -37.844777 5.472821 5.227865 -0.481262 2.644346 1.003692 3.492103 0.080171 -2.593833 -1.616672 -1.167300 0.836857 1.635126 1.289043 -4.745387 0.371106 3.415635 1.164434 0.478331 -0.426546 -1.495651 -1.331535 1.156668 0.269945 3.658460 -2.152492 -0.583947 1.252985 0.217078 -1.329341 -1.522458 0.661732 0.304411 1.602127 -0.560151 -0.412278 
111.851021 -31.188581 2.196116 2.122002 0.744795 5.222977 0.437832 2.550881 -0.124811 -3.466972 -0.636088 -1.110107 0.607997 2.096942 -2.283209 -3.006349 2.365853 2.635736 -0.399756 -1.035934 0.711462 -0.183673 1.588676 0.287294 -0.376243 -1.762036 -1.155387 1.281842 1.320401 -1.133154 -0.302142 -0.645304 0.544531 0.694134 1.710669 -0.703763 -0.122149 
112.868034 -33.650894 0.906403 -0.784834 4.250444 7.915818 0.204180 1.420235 1.503096 -2.961179 1.560680 -0.592711 0.084371 -1.888945 -1.021731 -2.181704 3.011909 1.149326 0.560151 -0.812277 0.662517 -0.107383 2.089802 -0.250858 0.025647 -1.377365 0.953168 1.139032 -0.553384 -1.416415 0.538367 0.394490 -0.431449 -0.088303 -0.298629 -0.398425 0.331852 
111.276817 -34.966472 0.152655 -2.241405 6.768612 7.521629 1.558135 0.926327 1.200223 -3.681739 3.543517 -1.611823 0.659292 -0.657789 -0.376874 -0.728286 1.259084 -0.197094 0.676978 -0.246954 -0.151436 -0.360280 0.991418 -0.509556 0.287461 0.615578 0.322428 0.726709 -0.876412 -0.673210 0.058413 0.282661 -0.406977 -0.126448 -0.549192 -0.129349 0.130907 
