363.530396 -48.437879 6.890205 4.919807 0.628786 -1.528743 -1.943524 -1.176790 0.267159 1.137742 1.038096 0.535584 0.140717 10.111446 3.264695 -4.294811 -0.612051 1.272571 -0.438296 0.044255 0.045455 -0.368023 0.146561 -0.820406 -1.079229 1.601355 -0.711872 -0.820215 -0.006475 -0.374281 0.564168 -0.371537 -0.029052 -0.357896 -0.436876 0.043194 0.011397 
155.804657 -28.214987 13.419594 -3.669815 -0.595315 1.016400 -2.820117 -1.088279 0.358070 0.401695 1.331219 -1.105229 -2.017741 13.314156 1.840950 -5.935241 -0.625001 0.524009 0.690039 -0.698819 -0.012649 -1.083815 -0.727190 -0.734018 -1.056434 -3.737499 -2.642758 1.149532 0.454603 -0.876789 1.134210 -0.229695 -0.043505 -0.242545 -0.882966 0.776918 0.809392 
153.587601 -21.809567 10.572105 -6.950674 -0.621216 -0.480725 -0.563446 -2.574428 0.241862 -1.029887 -0.416284 -0.932453 -1.972152 2.636447 -2.020822 -1.995747 0.297154 -0.481006 1.830123 -0.415134 -0.041556 -0.853113 -1.619371 0.733430 0.539554 -9.897692 -1.311070 3.076408 0.176648 0.900430 -0.089468 0.883480 0.475222 0.986441 0.318272 0.709235 0.971058 
154.538986 -22.942094 9.377950 -7.661308 -0.001006 0.054388 0.840130 -1.918547 0.274958 -1.304531 -1.907522 0.361631 -0.938632 -6.481229 -0.781190 0.217576 -0.271705 2.324870 0.511102 1.068141 0.937795 0.889068 -0.090646 0.684451 0.885681 -5.310265 1.060896 1.682035 -0.427632 1.335219 -1.124436 0.617162 0.591689 0.867190 1.155507 -0.295263 -0.026190 
156.011597 -34.772025 9.009725 -6.515523 -1.164625 4.169015 0.458758 -0.438146 2.117453 0.748249 -0.597575 0.436448 -0.200789 -7.984084 0.100969 1.368324 -0.558110 2.189433 -0.418748 0.819191 1.141823 0.881267 0.691643 0.142903 0.487175 4.943454 0.610400 -0.206198 0.807788 -1.903552 -0.080644 -0.516578 -0.648640 -0.933606 -0.443645 -0.016889 -0.270146 
157.269058 -38.910262 9.579889 -4.924661 -1.117227 4.433253 0.002634 -0.280165 2.558604 0.458004 -0.524236 0.647437 0.035718 3.405680 0.439610 -0.194820 1.343872 -1.482234 0.349814 0.034986 -0.359484 -0.978145 -0.977937 0.650673 0.345390 7.128688 -0.197608 -1.067356 1.182759 -2.355533 0.720406 -0.568469 -0.834533 -0.902784 -0.672099 0.124195 -0.240933 
156.467102 -27.960666 9.888945 -6.905164 1.523119 1.204546 1.158387 -0.368174 1.398485 -1.208041 -2.553448 1.737794 0.489992 6.273292 -0.294248 -0.766387 1.807408 -2.521633 1.022065 -0.317747 -0.527242 -0.924300 -0.652556 0.391294 0.005308 -3.221828 -0.785686 0.675392 -0.766747 0.371116 -0.324040 0.088182 0.078798 1.008908 1.121486 -0.762543 -0.351611 
156.911301 -26.363678 8.991394 -6.457436 2.497589 -0.610012 2.046764 -0.915660 1.504120 -1.390597 -1.829347 1.430024 0.046335 -3.037976 -1.131762 1.155963 -0.189622 -0.740002 -0.298265 0.211349 -0.201888 1.039671 1.265035 -0.874412 -0.357832 -6.309561 -0.107564 1.360426 -1.740165 1.484665 -0.834731 0.227329 0.250273 1.659629 1.167219 -0.728277 -0.090637 
154.698944 -34.036618 7.625420 -4.593238 1.143876 -0.275459 0.561856 0.054525 0.994709 0.871301 -0.023377 -0.011031 -0.225671 -6.345830 -0.509376 1.954464 -1.672921 0.447697 -0.647398 0.136911 -0.026697 2.394958 1.681882 -1.065260 -0.175966 1.641852 0.791891 -0.735641 -0.194433 0.900389 0.367309 0.009360 -0.141402 -0.570025 -0.534639 0.261124 0.159208 
302.850647 -39.055338 7.972642 -2.548508 -0.848253 0.285382 0.751967 -0.641838 1.450725 3.399319 1.534418 -0.700495 -0.305597 0.245728 0.452020 -0.315319 -0.578488 1.060776 0.436353 0.230069 -0.484691 -0.100380 0.195758 -0.352164 -0.039415 5.441154 0.111128 -2.525125 2.084098 0.424107 0.099597 0.360616 -0.687099 -2.076353 -1.062477 0.577270 0.046775 
291.071228 -33.545162 8.529461 -5.223876 -0.013100 1.846094 1.434563 0.514664 0.025327 0.670541 0.368139 -0.715358 -0.304501 4.536478 -0.287120 -3.095787 2.495276 1.295912 -0.448204 0.858142 -1.400894 -1.757748 -0.443071 0.089281 -0.082417 0.492787 -0.770151 -0.809162 1.843193 0.068826 -0.402389 -0.442656 0.068103 0.021761 0.211187 0.421676 -0.099557 
148.874023 -29.982381 7.398402 -8.740081 4.142299 2.877205 -0.144441 1.074445 -1.351064 -0.116176 0.648276 -0.521932 -0.470430 1.231302 -1.088282 -1.933644 3.107897 1.198428 -0.368424 -0.655242 -0.348486 -0.056858 0.618133 0.491188 -0.238529 -2.043263 -1.158732 1.988689 -1.499213 -0.426724 0.962208 -1.050201 1.131555 0.639612 0.268816 0.064349 0.354350 
161.904694 -31.082557 6.352897 -9.091163 6.202695 4.242951 0.697714 -0.795821 -0.671645 0.556825 1.604405 0.267018 -0.781559 0.449952 -2.604585 0.881591 -0.503150 0.442465 1.476211 -1.242260 0.862215 -0.478524 0.094561 0.217979 0.626283 -2.866132 -2.629099 3.348398 -3.163864 -1.030775 0.716246 0.379982 0.487891 -0.425788 -0.831861 -0.288507 0.487170 
164.939651 -29.082477 2.189233 -6.976898 3.135999 3.762135 2.807981 -1.410074 0.373366 -1.073225 0.837398 -0.085974 0.782137 -4.500963 -6.346481 4.763151 -3.219831 -0.863121 1.064068 0.104721 0.627297 -0.908434 -1.045589 -0.085826 0.735812 -6.170935 -3.357898 2.184746 -0.364699 -1.267182 -0.406379 1.409194 -0.647550 0.439391 -0.103459 0.042141 -0.552737 
156.637390 -40.084483 -6.340066 0.435139 -0.236967 2.516709 2.825850 -0.586379 0.582949 -1.260044 -0.486773 0.095366 0.690064 -11.891918 -9.320381 5.251084 -1.232549 -2.091900 0.663453 1.576129 -0.432886 0.400257 -0.112357 0.302262 -0.479191 -2.256539 -0.719029 -1.734014 1.772812 -1.055809 -0.577352 0.339706 -0.651487 0.604793 0.621900 0.209435 -0.510842 
161.757217 -52.866313 -16.451530 3.525269 0.670902 -0.421666 4.134888 1.742184 -0.492406 -0.272710 0.612685 0.518550 -0.176245 -9.014040 -7.784540 1.295124 0.325793 -2.974739 -0.090636 0.784132 -0.675678 0.301152 0.198211 0.333044 -0.285873 8.020320 7.746010 -1.751288 0.655711 0.812607 -1.010428 -0.911959 0.967247 0.150669 -0.464642 -0.416712 0.473287 
0.000000 -58.112562 -21.909145 3.025387 0.414619 -3.432769 2.644578 0.981886 -0.768407 -0.657740 -0.090350 0.761454 0.118318 4.148721 6.171638 1.748508 0.078873 -0.466687 -1.357404 -0.247790 1.501609 0.701595 -1.041641 -0.531163 0.467384 10.419643 10.506549 -1.539567 0.436036 2.170891 -0.651455 -0.314260 1.388120 0.131060 -0.517057 -0.453216 0.277132 
0.000000 -44.568870 -4.108253 7.022285 0.828647 -1.355040 1.420080 1.246604 2.510811 1.130480 -1.470598 -0.543776 0.758523 11.825247 13.228558 -1.784011 1.197866 1.367043 -1.393546 0.155613 2.100562 0.563271 -0.835903 -0.573387 0.268391 0.162313 -0.136518 -3.774798 0.410041 1.010942 0.542968 0.028580 -0.899357 -0.568696 0.572856 0.415752 -0.222461 
133.698288 -34.462068 4.547971 -0.542634 2.810350 -0.698684 -0.142514 1.293112 3.432718 0.468803 -1.762155 -0.385321 0.655100 4.473347 5.898602 -5.801089 0.898955 1.555197 -0.271467 -0.190630 -0.297106 -0.435798 0.104071 0.300342 0.022461 -6.588257 -5.699102 -0.335184 -0.769511 0.336389 1.480080 0.000229 -1.738548 -0.588589 0.543671 0.424252 -0.140350 
129.321671 -35.622175 7.688951 -4.579894 2.626557 1.755355 0.877147 0.865344 1.916599 0.258884 -1.262456 0.056907 0.803446 -1.351267 1.830353 -2.454380 -0.341156 2.039821 1.566614 0.156072 -1.376534 -0.613908 0.251440 0.275117 -0.012309 -2.528907 -2.446661 2.702179 -0.795861 -0.388752 0.989632 0.411462 -0.642947 -0.161622 0.190237 -0.285150 -0.081580 
123.043823 -37.164602 8.208677 -5.451394 2.128039 3.380959 2.990713 1.605257 0.679651 -0.759012 -1.259276 0.164913 0.630482 -0.584468 1.005280 -0.396730 -0.692766 0.777693 1.707797 0.632295 -1.582999 -0.759041 0.484544 -0.269959 -0.140699 0.910925 -0.258268 1.373820 -0.361492 -1.394703 -0.414256 -0.298490 0.028808 0.366804 -0.057929 -0.336420 -0.110413 
114.692490 -36.791111 9.699512 -5.373354 1.241025 3.310740 4.292741 2.129934 -1.249400 -1.259198 -0.293368 -0.483010 0.522047 0.470584 1.313816 0.293260 -1.064139 -0.749584 0.738102 -0.440909 -1.318917 0.119701 0.135582 -0.397723 -0.233136 1.006886 -0.208908 0.290539 0.123745 -0.987735 -1.440539 -0.865961 0.347872 0.594049 -0.386595 -0.140361 0.125254 
110.309364 -36.223435 10.836310 -4.864875 -0.000239 1.881792 4.466917 0.723439 -1.958183 -0.519610 -0.988112 -0.630534 0.164210 1.429304 0.587465 0.184349 -0.445277 -1.197777 -1.173280 -1.099628 -0.887255 0.429057 -0.288647 -0.550681 0.109809 0.752365 -0.596845 -0.420300 0.963869 -0.317151 -1.492631 -0.157466 0.753147 0.090150 -0.381043 0.182122 0.198478 
111.680161 -33.932502 10.874442 -5.004657 0.350471 0.915185 1.946181 -0.069321 -3.023910 -0.401084 -0.870661 -1.584372 0.741665 1.975313 0.120127 -0.547340 0.863600 -1.383886 -2.247160 -0.755841 0.187376 0.300001 -0.626503 -0.033479 0.163820 -0.596336 -0.600427 0.399579 0.974562 -0.001733 -0.385237 0.502586 1.235101 -0.088247 -0.055693 0.524546 -0.279074 
114.017754 -32.272808 11.076564 -5.959555 1.726960 -0.885980 -0.027403 -0.788244 -1.583431 0.080393 -2.241119 -0.697492 0.491850 0.236631 -0.613390 0.983507 1.503847 -1.201244 -1.943753 -0.094456 1.582947 0.252564 -0.400033 0.498411 -0.448339 -1.885559 -0.339152 1.997448 -0.003427 -0.037683 0.505441 0.573246 0.143814 -0.369476 0.842998 0.300967 -0.322593 
118.468681 -33.459240 9.647662 -3.037643 3.358165 -1.487304 -1.941326 -0.258234 0.141983 0.104043 -1.670727 -0.587551 -0.155014 -1.795805 -0.558176 3.447556 0.856745 -1.459253 -1.236278 0.390652 0.475004 -0.438951 1.059493 0.568454 -0.481366 -1.657290 0.446829 1.141126 -0.281181 0.456481 0.640601 0.122181 -0.960259 -0.398262 0.764443 -0.143840 0.063930 
125.812355 -35.864418 9.960212 0.935557 3.440449 -3.804485 -2.499958 -0.006941 -0.633423 -0.797509 -0.122132 0.439417 -0.470881 -3.077949 0.280269 3.265759 0.941484 -0.288282 -0.662552 0.149905 -0.337571 -0.543960 1.128852 0.210732 -0.320479 -0.032688 0.642701 -1.038792 -0.049121 1.368331 0.754005 -0.782240 -0.494026 0.668117 -0.349342 -0.487336 0.398493 
130.684586 -39.615138 10.208199 3.493876 5.241134 -2.063868 -3.266430 0.041577 -0.533158 -0.983876 0.586977 -0.166088 -0.795972 -1.861181 0.727226 1.369973 0.758502 1.277410 0.271732 -1.173828 -0.513048 0.897283 0.360810 -0.406218 0.315620 2.444872 0.417382 -1.720224 -0.890802 0.055901 0.273127 -0.410514 0.069330 0.981619 -0.289471 -0.557041 0.261940 
132.478439 -39.586779 11.414664 3.675502 4.957454 -1.249666 -1.956494 -2.354597 -1.659519 0.997056 0.599488 -0.373018 0.160358 1.811794 1.115033 -0.174689 -0.840119 -0.176481 -0.116298 -0.671123 -0.198911 1.419278 0.549910 -0.903351 0.203400 2.192665 -0.604553 -1.528991 -0.436685 -1.381608 -0.474913 1.205345 0.534508 0.153055 0.042014 -0.236919 -0.496695 
130.594910 -35.991549 12.438266 3.144498 3.560896 -2.416829 -3.499026 -1.300668 -0.930979 1.854680 1.686797 -1.972791 -0.389172 2.524149 -0.481879 -1.688009 -0.114868 -1.485807 -0.678093 1.236863 0.555968 1.203394 0.444839 -0.880055 -0.677771 -3.609048 -1.852469 0.032966 0.435722 -0.316669 0.533639 1.022099 0.365074 -0.758726 -0.420770 0.851770 -0.254135 
129.224014 -34.538480 10.450906 0.299484 4.727719 -4.221281 -3.312680 0.119129 -0.547583 3.403843 1.489165 -2.133128 -1.195185 -5.406302 -2.589905 -0.108757 0.031326 -0.809818 0.950979 1.373075 0.531237 -0.098174 -0.291630 0.800190 -0.304870 -8.670484 -2.298725 1.630112 -1.116960 1.126498 0.885331 -0.477697 0.107988 -1.353259 -0.527658 1.047695 0.671673 
124.944756 -46.804153 7.258456 2.926984 3.623547 -4.036464 -1.597068 1.445482 0.131494 1.658331 1.103538 -0.372411 -0.998912 -14.816818 -5.079329 1.572216 -2.348788 0.767189 1.092570 0.281468 0.771944 -1.503124 -0.610478 1.215335 0.665574 -2.207481 -1.092655 -0.769634 -1.800739 0.110554 -0.059543 -0.576033 -0.077655 -0.209268 -0.139573 -0.326155 0.386244 
116.642075 -64.172116 0.292248 3.443915 0.030142 -2.686903 -1.127541 0.682065 0.996305 0.397596 0.268209 0.297541 0.135964 -9.821264 -4.775214 -1.648025 -3.570152 -0.588709 0.831893 0.221009 0.375926 -0.516710 -0.570775 0.147879 0.467618 14.168854 5.715845 -1.899317 0.736886 -0.049772 -0.872414 -0.914309 -0.686936 0.991222 0.055263 -1.179003 -0.494782 
130.628723 -66.446681 -2.291973 -0.369066 -3.516757 -5.213882 0.066717 1.887500 0.883346 0.624910 -0.038012 -0.076653 -0.063677 13.520890 6.352362 -2.226418 -0.875017 0.667644 -0.652259 -1.547149 -0.601928 0.479320 -0.499952 -1.142672 -0.323989 14.635189 5.786026 0.260921 2.554750 1.328104 -0.975739 -1.531899 -0.311407 0.404987 0.017066 -0.489391 -0.526488 
0.000000 -37.130336 12.996972 -1.008922 -1.719891 -1.351615 -2.432058 -2.412234 -0.207552 1.356236 -0.731696 -1.987802 -0.512014 19.449114 6.796837 -1.126183 1.539349 2.067499 -1.119585 -2.842789 -0.246888 0.293263 -0.536644 -0.830903 -0.585358 -4.248070 -3.877619 0.918922 1.134443 -0.703719 0.342668 0.180566 0.585242 -0.262219 0.168313 0.596130 -0.104521 
63.530388 -27.548454 11.301701 -2.621432 -0.438059 -1.078885 -2.172453 -3.798079 0.389571 1.211437 -1.111299 -1.738459 -1.234392 5.024750 -1.402877 -0.388575 1.393870 -0.739793 0.033078 -1.186018 0.568556 -0.045118 -0.163326 0.049589 -0.533031 -9.273537 -3.871257 0.902490 -0.213958 -1.670634 0.505181 1.510709 0.288871 -0.480951 0.489989 0.409073 0.408628 
121.899376 -27.080837 10.191218 -1.786071 1.067849 -2.831201 -2.365902 -4.784270 0.929560 1.265999 -1.058347 -1.888624 -1.578077 0.902040 -0.945677 0.678797 1.111433 -1.273769 -0.109223 0.178628 0.330854 -0.668638 0.443335 -0.012757 0.231899 -2.070007 0.069858 0.549192 -0.267121 0.046319 -0.122272 0.869405 -0.161840 -0.415254 0.327584 -0.067331 0.444069 
116.067940 -25.744373 9.410347 -1.263838 1.784807 -3.626423 -2.390900 -3.440823 1.051279 -0.125839 -0.224630 -1.763974 -0.770594 0.884735 -1.263161 0.709810 0.859629 -0.647155 -0.211466 0.552791 0.244876 -0.875626 0.491841 -0.085073 0.355106 -0.168044 -0.063214 0.021479 -0.647429 0.576304 0.431139 -0.191174 0.149467 0.051946 -0.239176 0.303230 -0.112634 
113.263435 -25.311367 7.664897 -0.366452 2.787106 -4.125510 -2.788834 -3.678687 1.419311 -0.485252 -0.074664 -2.058770 -0.867864 0.565953 -1.072104 0.721755 -0.183426 -0.121162 0.753055 -0.203720 0.629789 -0.564746 -0.035016 0.593704 0.006630 -1.139417 0.439935 -0.281742 -0.311117 0.859512 0.052595 -0.706491 0.224058 0.725467 -0.316657 0.468591 -0.435395 
109.920403 -24.612467 7.266140 0.179672 1.417956 -3.868747 -0.884790 -3.848263 2.310858 -1.255331 -0.294662 -0.576567 -0.757334 -1.394099 -0.383291 0.146325 0.237394 1.071870 -0.106276 -0.860192 0.692992 0.575307 -0.141473 0.852110 -0.515684 -2.054274 0.868305 -0.706329 0.857138 1.328877 -1.122793 0.225703 -0.773481 0.676007 0.249678 -0.261997 -0.016016 
106.817238 -28.099566 6.898316 -0.073802 3.261895 -1.981769 -3.001386 -5.399070 2.805295 0.665362 -0.357611 -0.354551 -1.899231 -3.542595 0.664506 -0.690902 1.530850 2.536593 -1.492531 0.247686 -0.917172 0.787268 0.464340 0.069710 -0.025401 -0.590320 0.420303 -0.205746 0.154111 0.543501 0.251509 0.695430 -0.772105 -0.505226 0.403965 -0.332113 0.632990 
0.000000 -31.697657 8.595152 -1.202132 4.479656 1.204439 -3.869853 -3.352892 0.476514 0.319204 0.634018 -0.437147 -0.808136 -2.574739 0.457315 -0.265166 0.545617 2.158873 0.396742 0.530669 -0.851218 -0.435144 0.666458 0.187884 0.750296 2.079529 -0.436653 0.134199 -0.957584 -1.183977 1.022800 -0.375543 0.820791 -0.282009 -0.122935 0.164123 0.005117 
98.913857 -33.249044 7.812946 -0.604134 4.353128 2.335977 -2.207902 -4.337732 1.102858 -0.204926 0.975304 0.021216 -0.398639 0.616464 -0.208800 -0.422504 -0.384318 0.168638 0.553068 -0.503400 0.724411 0.223249 0.218469 0.397955 -0.015167 2.034262 0.215746 -1.377664 -0.645631 -0.967704 -0.387623 0.425942 0.750306 0.385734 -0.483556 -0.145997 -0.476857 
102.240868 -30.464730 8.177552 -2.047140 3.711020 1.541716 -2.763716 -4.359692 1.925335 0.765702 1.070956 0.358764 -0.838470 1.493785 0.888808 -3.020494 -0.745646 0.223466 -0.378504 1.382553 0.649394 0.336325 -0.300654 -0.104111 -0.203419 -4.598554 -0.629161 -1.401700 -0.450685 0.703216 -0.189791 0.747567 -0.219051 -0.210330 -0.509276 -0.172926 0.075026 
106.487938 -30.261475 9.590562 -6.645122 2.861836 2.782909 -2.964911 -1.572627 2.401647 0.467723 0.373997 -0.187006 -0.805477 -8.580645 -1.467122 -3.225904 -1.285688 1.575070 0.173487 0.991734 0.286309 -0.197411 -0.800083 0.052104 0.134884 -3.226894 -2.627381 -0.484284 0.566142 0.319627 0.535801 0.099279 -0.665035 -0.181418 0.084051 -0.155816 0.523331 
138.071136 -47.626020 5.243309 -8.498948 1.139643 4.691855 -2.416742 -2.376225 2.497952 0.370880 -0.529210 0.462972 -0.568701 -4.960003 -4.365954 -3.989063 0.386638 0.862719 0.693097 1.581110 -0.680676 -0.026511 -0.132551 -0.415743 0.843243 9.958937 1.240854 0.528962 1.068547 -0.903874 0.230346 0.622650 -0.624175 0.009940 0.579159 -0.370887 0.320050 
0.000000 -40.181481 0.858653 -14.623248 3.635113 4.508348 -1.578717 1.589593 1.040295 0.414702 0.108896 -1.018492 0.881010 11.337230 1.014585 -2.167981 0.851406 -0.232678 0.634179 2.237034 -0.962042 -0.177531 0.358235 -0.689670 0.774985 6.536886 3.848851 2.548070 -0.197228 -0.648243 -0.157265 -0.609239 0.279694 -0.153382 0.289718 0.354249 -0.602281 
0.000000 -24.951560 7.272479 -12.834909 2.842456 4.226500 -1.148385 2.097844 0.573868 0.015818 0.187261 -0.916367 0.981269 8.113769 3.331748 1.107077 -0.007818 -0.433766 0.378566 0.362633 -0.121289 -0.333275 0.446885 0.292755 -0.361318 -5.423122 -0.269971 1.465850 -0.094774 -0.392673 -0.209071 -0.957054 0.551973 0.329489 0.176530 0.496974 -0.656023 
134.764145 -23.953943 7.522149 -12.409095 3.619477 3.640816 -0.821584 2.314859 0.797718 -0.251848 1.002666 -0.432982 0.158373 0.490987 0.474644 0.763720 0.661858 -1.018023 0.216036 0.322926 0.141904 0.481446 0.711296 0.304279 -0.537062 -4.551078 -1.827381 0.443354 0.117234 -0.202881 -0.548140 -0.264053 0.077947 0.343324 -0.039611 0.101131 -0.008248 
136.368805 -23.969586 8.221767 -11.307469 4.166172 2.190453 -0.716313 2.743696 0.857675 0.978711 1.609854 -0.307810 -0.092854 -0.988388 -0.323015 1.993785 0.226649 -0.839528 -0.717715 -0.165474 0.034606 0.353373 0.367664 0.495017 -0.377815 -2.556727 -2.057634 0.405470 -0.584024 0.593678 -0.033828 -0.521749 -0.056872 -0.515347 -0.450767 0.078258 0.232133 
138.958359 -25.930718 6.876119 -8.421525 4.072775 1.961760 -2.257013 1.983911 0.866930 0.454898 1.737994 0.557051 -0.597257 -4.622466 -3.640624 1.574660 -0.506190 0.169334 0.148380 -0.720573 0.028160 -0.549247 -0.190238 0.460794 -0.072796 1.291690 -1.212792 -2.356372 0.503304 1.280999 0.865606 0.466194 -0.303075 -0.352209 -0.273989 -0.253036 0.559266 
135.279968 -33.214519 0.940519 -8.158150 3.153792 2.529120 -0.419553 1.302551 0.913995 -0.119783 1.229377 0.613778 -0.238446 1.594992 -2.748598 -2.718959 1.233257 1.722470 1.013497 0.766914 -0.571544 -0.351046 -0.180313 -0.011055 0.740717 4.895102 1.581160 -1.895742 1.577070 0.338203 -0.278323 0.794818 -0.266205 0.330185 0.154800 -0.311235 0.540307 
0.000000 -22.740735 1.378924 -13.859444 6.539289 5.406699 -0.230019 3.517739 -0.276158 -0.247193 1.377367 0.534940 0.884178 5.167737 -0.478303 -2.216825 2.647950 0.845740 -0.408265 0.869063 -0.504250 0.111124 0.119362 -0.161676 1.007817 -1.488207 1.895566 1.858901 -0.052752 -1.292361 -0.939874 -0.892252 -0.058733 0.034244 -0.005042 -0.231273 -0.434210 
139.765060 -22.879045 -0.016088 -12.591800 8.449692 4.220601 -1.236082 3.040677 -0.094506 0.102465 1.468101 0.290426 1.777189 -1.381423 1.042533 0.998843 1.127753 -0.862253 -0.866250 -1.017589 -0.689010 -0.282557 -0.190397 -0.473602 -0.127702 -3.338023 1.686222 1.370018 -1.441058 -0.971743 -0.145457 -0.916355 -0.185763 -0.396266 -0.231262 -0.221271 -0.737797 
0.000000 -25.503581 3.463990 -11.861759 8.794795 3.682194 -1.962519 1.482562 -1.654178 -0.812307 0.996574 -0.412265 0.628774 -1.508308 2.894141 0.523211 -0.234166 -1.097746 -0.699179 -0.963647 -0.875775 -0.681408 -0.343162 -0.604218 -0.467777 0.996095 -0.126344 -0.158426 -1.042574 -0.221153 0.253642 0.271196 0.423425 -0.162693 -0.114228 0.232681 0.045271 
135.075485 -25.895661 5.772194 -11.545378 7.981361 2.025110 -2.634440 1.113382 -1.846057 -1.260350 0.781776 -0.918011 0.841635 0.610768 0.789844 0.681990 -0.957396 -1.304558 -0.358966 -0.475196 0.157839 -0.607944 -0.418853 -0.008240 -0.037160 1.405577 -1.729680 0.160806 -0.444932 0.234237 0.398515 0.171928 0.819026 0.023369 -0.043243 0.417114 0.210293 
134.735519 -24.282045 5.043678 -10.497779 6.880004 1.073078 -2.680451 0.532169 -1.338500 -2.028195 0.158868 -0.428745 0.554453 1.302845 -0.565220 0.844822 -1.124029 -0.629271 0.097851 -0.619791 0.762277 -0.634670 -0.429647 0.230010 -0.047191 -0.086513 -0.440325 -0.250238 0.296892 0.193719 0.461409 -0.022388 0.240965 0.112708 0.102453 0.051591 0.018131 
136.245193 -23.289971 4.641754 -9.855733 5.733302 0.766567 -2.438738 -0.126200 -0.321502 -2.529690 -0.077519 -0.457991 0.747253 0.437741 -0.090805 0.181514 -0.363612 -0.917120 0.563852 -0.519973 0.639768 -0.382528 -0.213946 0.094941 -0.000899 -0.424713 0.074085 -0.209556 0.398693 -0.055640 0.135831 0.187015 -0.324428 0.227095 0.118474 -0.019011 0.023359 
137.385178 -23.406563 4.862068 -10.134752 6.152779 -0.761163 -1.552746 -0.507777 -0.058964 -2.793250 -0.269025 -0.238862 0.552655 0.453419 -0.417051 0.425710 -0.326644 -0.740552 0.369513 -0.245762 0.113422 -0.180480 -0.192700 0.191987 -0.000474 -0.738224 0.037647 0.075147 0.051351 0.570463 -0.331353 0.373628 -0.289215 0.277578 0.128261 -0.035302 -0.071168 
137.999588 -22.383133 3.807653 -9.004313 5.080014 -0.714536 -1.699712 -0.617723 -0.094659 -2.890649 -0.462919 -0.074018 0.746305 -1.038707 -0.015511 0.331808 -0.260909 0.223806 -0.098853 0.227283 0.061339 0.172629 0.042575 0.024336 -0.143235 -1.001921 0.464374 -0.329560 0.301059 0.470522 -0.197441 0.264009 -0.017118 0.200904 0.166111 -0.125036 -0.119793 
138.351425 -25.483978 4.831047 -9.471135 5.630960 -0.313551 -1.750452 -0.053212 0.063713 -2.447992 -0.183874 -0.190190 0.266186 -1.550423 0.511697 -0.233411 0.275473 0.200493 -0.025370 0.282256 0.079186 0.221328 0.139523 -0.058086 -0.240060 -0.255858 0.263604 -0.282610 0.268191 -0.011657 0.036742 0.027487 0.008924 0.024350 0.048474 -0.041211 -0.048412 
