159.976807 -26.869734 2.649433 -5.732169 2.286149 -0.137178 1.001648 3.590005 -0.188312 0.932530 -1.892902 -1.515681 0.824628 -5.452624 -12.014124 6.760473 -2.037304 -0.770439 -0.322784 -0.556100 -0.301515 -0.863596 1.085194 0.504117 -0.304540 2.100527 0.005145 -0.202482 0.465601 0.054270 -0.282607 -0.189973 0.005544 0.074315 0.118572 0.045989 -0.101030 
0.000000 -37.774982 -21.378814 7.788777 -1.788459 -1.678056 0.356080 2.477804 -0.791342 -0.794663 0.277487 -0.507447 0.215548 -1.251569 -12.003833 6.355510 -1.106102 -0.661898 -0.887998 -0.936046 -0.290426 -0.714966 1.322338 0.596095 -0.506600 3.103975 5.258928 -3.669659 1.565266 0.297829 -0.051758 0.046656 0.183512 0.433800 -0.399083 -0.103228 -0.008984 
0.000000 -29.372872 -21.358233 6.978850 0.073945 -1.460974 -0.774349 1.717912 -0.769165 -0.497403 0.751775 -0.323491 -0.188571 0.755325 -1.496268 -0.578844 1.093229 -0.174780 -0.426300 -0.462789 0.065510 0.004004 0.287028 0.297660 -0.322507 -1.746210 8.171381 -3.477421 -0.048497 0.691340 0.742240 -0.034880 0.327977 0.487508 -0.821090 -0.250298 0.303366 
0.000000 -36.264332 -24.371351 6.631088 0.397999 -2.027616 -0.496520 1.552226 -0.660323 -0.786654 0.851542 0.087873 -0.429467 -4.743989 4.338929 -0.599333 -1.203096 0.720783 0.596482 -1.005805 0.365528 0.260049 -0.319842 0.095499 0.100133 -1.292200 7.870649 1.434482 -1.797205 0.463732 -0.367549 -0.868159 0.477828 0.078868 -0.165123 -0.326985 0.030290 
0.000000 -38.860850 -12.680375 5.780184 -2.332246 -0.019409 0.418616 -0.293699 -0.038109 0.022694 0.112090 -0.132494 0.011696 -1.829075 14.245029 2.290120 -2.501181 0.752683 -1.161397 -2.199106 1.021165 0.161741 -0.043219 -0.356311 -0.261928 3.442372 4.253825 -0.958580 1.130324 -0.428250 -1.720817 -0.170133 0.326817 0.263037 -0.193772 -0.246656 -0.071316 
0.000000 -39.922481 4.118708 11.211329 -4.604362 -0.522251 -2.819314 -2.845985 1.382007 -0.463173 0.765105 -0.624749 -0.953323 2.140755 12.846579 -2.516494 1.057553 -0.135718 -2.845153 -1.346071 1.019163 0.786123 -0.707387 -0.397813 -0.042499 4.863985 -5.342987 -5.737246 3.092034 -0.852438 0.078401 1.905793 -0.986389 0.256085 -0.171249 -0.153286 0.550247 
130.636307 -34.579339 13.012783 0.747196 -0.217141 -0.290844 -5.271690 -2.985841 2.000216 1.594940 -1.302684 -0.928120 -0.073303 7.898895 3.559056 -9.184372 3.682887 -0.952194 -1.004594 1.612480 -0.951614 0.673911 -0.385717 -0.662882 0.838566 2.251598 -7.146167 -1.272021 0.021063 -0.350554 2.007930 1.835798 -1.279104 -0.708415 0.444680 0.022376 0.203770 
132.855576 -24.124692 11.236821 -7.157416 2.761411 -2.426639 -4.828503 0.378976 -0.521221 0.884649 -0.006328 -1.950513 0.723809 6.643951 -1.445754 -5.060535 1.099679 -0.836825 1.170706 2.325524 -1.539046 -0.630708 0.181973 -0.353061 0.365040 -5.057264 -1.556674 4.370044 -2.752460 1.770874 1.547579 -0.644155 0.630833 -0.954033 -0.175058 0.738961 -0.506049 
140.494949 -21.291438 10.121274 -9.373875 1.982218 -1.964494 -2.930277 1.665207 -1.077875 0.333525 -0.938738 -1.634242 0.656778 -2.215633 0.445709 -0.444284 -1.822033 2.589554 2.090565 0.324170 0.310052 -1.234154 -0.735832 0.815039 -0.173533 -5.385059 -2.088290 5.115706 -1.334004 2.347555 0.920018 -2.296802 1.107654 0.108073 0.014200 0.535310 -0.208215 
152.093185 -28.555957 12.128239 -8.045984 -0.882655 2.752468 -0.647374 1.027315 0.098884 -1.583660 -1.477993 -0.320434 0.376743 -4.126168 -5.622334 5.170876 -1.568329 3.858285 3.010742 -2.268081 0.676262 -0.414561 0.210374 0.717559 -0.051390 -0.604938 -6.500452 5.739625 1.497493 -1.246439 0.638152 -1.092911 -0.292698 1.178405 0.764294 -0.372343 0.025091 
157.346436 -29.543774 -1.123393 0.967877 -1.154440 5.752076 3.091207 -2.870954 0.274650 -0.495598 -0.517991 -0.199124 0.553997 -3.425508 -12.555196 11.034966 1.172954 0.096676 3.366868 -1.861653 -0.275344 1.122656 0.792756 0.070354 -0.123351 3.126807 1.116565 -2.814565 1.484079 -1.892579 -1.224336 1.819988 0.050973 -0.213409 0.079915 -0.257028 0.019006 
0.000000 -35.406972 -12.982152 14.023948 1.463253 2.945819 6.086363 -2.695991 -0.451805 0.661653 0.107518 -0.179725 0.130042 2.127446 -3.389204 -0.458255 1.399828 0.073128 0.562069 1.371895 0.778208 -0.841379 0.370203 0.203503 -0.013379 5.431579 8.521809 -10.644215 0.398353 0.625994 -2.372321 1.793254 0.270958 -1.414871 -0.248891 -0.183582 0.214684 
0.000000 -25.288882 -7.901801 0.051366 1.645217 5.898331 4.215345 -0.127164 1.831066 -2.178355 0.222416 0.207882 0.527240 7.437649 4.488423 -10.253464 1.969659 1.348664 -1.377773 1.724856 0.266571 -1.707086 0.294973 -0.296811 0.306017 -0.848960 3.611247 -2.049673 1.166201 -0.643569 -0.691879 -0.601127 -1.120239 0.489414 -0.225103 -0.227034 0.054997 
145.202606 -20.531673 -4.005306 -6.482979 5.402571 5.643146 3.330817 0.753721 0.081337 -2.752520 0.697464 -0.773347 0.742075 0.429526 3.833291 -4.557601 3.732230 -1.214009 -0.821689 0.169641 -1.462270 0.137450 -0.080003 -0.250566 0.096616 -6.837566 -1.586672 5.291923 -0.016339 -0.915353 0.083719 -0.636532 0.028700 1.406545 -0.629520 0.439298 -0.160962 
146.527588 -24.429831 -0.235219 -9.063837 9.109677 3.470312 2.571967 0.212118 -1.093474 -1.903455 0.062410 -0.293249 0.720471 -6.237483 1.315080 0.330381 1.936981 -0.482042 -1.210335 0.451792 0.323971 1.106004 -0.964067 0.581785 -0.015908 -2.462142 -2.304428 3.480490 -2.587212 1.254428 -0.199754 0.135883 1.517579 0.214133 -0.248352 0.331792 0.031021 
147.986313 -33.006640 -1.375147 -5.822216 9.276533 4.679062 0.910147 1.657304 0.729280 -0.540512 -1.230670 0.390224 0.710259 -4.494759 -0.775566 2.403379 -1.442194 1.294846 -1.221196 0.441407 1.572888 0.565716 -0.576707 0.413018 0.158657 2.607819 -0.191772 -0.497315 -0.635339 0.529076 0.240044 -0.735914 -0.660903 -0.419731 0.866072 -0.663543 -0.278599 
143.585403 -33.419349 -1.786351 -4.257078 6.225288 6.060004 0.129575 1.094932 2.052301 -0.772023 -1.091005 0.532787 1.037785 -1.021845 0.931536 -0.664248 0.666302 0.576110 -0.730246 -1.020036 -0.997835 0.266542 0.768077 -0.745301 -0.573106 -0.952946 1.395681 -1.764654 0.857237 -0.462066 0.447994 -0.648619 -1.179764 0.244104 0.679524 -0.646733 -0.472627 
131.901230 -35.050329 0.487925 -7.150712 10.609138 5.831281 -0.550346 -0.382767 -1.266391 -0.007428 0.305485 -1.100378 -0.435952 -6.400652 2.015796 -1.125929 0.272279 0.370713 -0.325208 -0.855832 -0.786640 1.053924 0.782340 -0.880448 -0.786597 -8.494536 -0.744763 2.263819 -2.138335 -0.579801 0.668797 0.446726 0.868702 0.146296 -0.495562 0.519104 0.277010 
0.000000 -46.220653 2.245242 -6.508936 6.769847 6.801430 -0.520840 -0.616732 0.479022 1.335826 0.473676 -1.228109 -0.535409 -18.010916 -0.557990 3.863390 -3.610368 -0.583492 0.607348 -0.126583 0.739569 0.559135 -0.223046 0.292906 -0.019085 4.226364 -1.311563 2.184487 -2.752199 -2.523666 -0.198994 0.607527 0.297306 -0.768085 -0.523923 0.668395 0.447863 
0.000000 -71.072161 -0.628055 0.576067 3.388402 4.664298 0.664351 -0.635933 0.212746 1.110842 -0.140607 -0.514565 -0.474123 2.052077 -0.607329 3.243045 -5.232119 -4.676619 -0.723196 0.359222 -0.192027 -0.482247 -0.265507 0.456341 0.109130 21.170945 0.721616 -1.658101 -0.101982 -1.858171 -1.021276 0.364214 -0.691881 -0.339347 0.024972 -0.125565 0.116680 
297.864624 -42.116499 1.030584 -0.022845 -3.694391 -2.551808 -1.967232 0.101713 0.094968 0.371332 -0.057337 -0.315427 -0.317148 24.330974 0.885243 0.547187 -3.814333 -4.299834 -1.435203 0.601846 -0.644193 -0.119558 -0.173103 0.041776 0.214275 4.131366 0.865890 -0.990056 3.247415 1.553968 0.138147 0.040301 -0.293836 0.323541 0.099444 -0.347256 -0.158136 
0.000000 -22.410212 1.142431 1.670441 -4.240263 -3.935370 -2.206054 0.567759 -1.075640 0.871725 -0.486813 -0.431013 -0.045573 10.314809 1.124451 1.262934 1.262710 -1.568683 -0.446902 0.439824 -0.779700 0.164835 -0.066618 -0.238171 -0.207141 -13.440124 1.314857 -0.139747 4.052985 1.763774 0.538931 0.228954 -0.180794 -0.022576 0.383611 -0.003258 -0.065080 
0.000000 -21.486881 3.279486 2.503023 -1.168971 -5.689174 -2.861037 0.981360 -1.464432 0.701003 -0.190573 -0.791768 -0.731431 -2.549274 3.514956 0.267693 4.291637 -0.772285 -0.357341 1.059755 -1.005781 -0.164711 0.594120 0.035260 0.084115 -9.829817 1.006573 0.467525 1.303904 1.232422 -0.148191 0.151080 0.206543 -0.017914 0.454953 0.177970 0.185870 
134.402359 -27.508760 8.172343 2.205827 4.343012 -5.479941 -2.920737 2.687269 -3.087202 0.542303 0.701427 -0.360492 0.122657 -9.344824 3.137597 2.197983 3.870519 0.896161 -0.743284 0.741984 -0.366615 0.129007 0.843287 0.117770 0.164600 -4.086496 -1.288605 1.548382 -2.386244 1.755966 0.519354 -1.422222 1.250478 0.201758 -0.251187 0.096435 0.065404 
139.992279 -40.176529 9.554679 6.898989 6.572066 -3.896852 -4.347606 2.465329 -2.197661 0.959016 1.496002 -0.556229 -0.402232 -10.722266 0.937746 3.364457 -0.480850 2.739647 0.681367 -1.784688 1.495175 0.238805 0.091746 0.228130 0.214923 8.100432 -4.078111 -0.229760 -3.177447 -0.226687 0.832015 -0.338340 0.987329 -0.178250 -0.380547 0.022464 -0.149853 
138.025681 -48.953293 10.047834 8.934740 3.381311 -0.000646 -1.558003 -0.882108 -0.096851 1.019913 0.884918 0.095768 0.552503 6.856040 -5.018626 1.738463 -2.484375 0.442787 0.920746 0.065305 1.608044 -0.227494 0.082192 0.162698 -0.135106 13.552447 -3.802056 -2.571326 -0.338238 -1.811506 -0.289496 1.757428 -0.419654 -0.407060 -0.260867 -0.370949 -0.403482 
0.000000 -26.464450 -0.482574 10.375916 1.603316 -3.011278 -2.506114 2.595940 1.018428 0.504028 1.660387 -0.230834 -0.672443 16.382628 -6.666367 -1.778195 -1.157327 -0.883364 0.102375 1.730168 0.655868 -0.575316 -0.429989 -0.513768 -0.592041 -0.323124 1.667920 -2.809553 0.799830 0.481727 -0.066288 -0.223993 -0.773398 -0.027812 -0.384253 -0.294433 0.151118 
0.000000 -16.188037 -3.284900 5.378351 1.066657 -1.767374 -1.353254 2.578228 1.214884 -0.130718 0.024941 -0.931768 -0.631579 6.209791 -1.682786 -3.880644 -0.884715 1.406240 0.788169 -0.382681 0.061248 -0.283118 -0.686313 -0.426169 0.167130 -7.968195 2.767285 0.078471 0.534480 0.894194 -0.012067 -1.132257 -0.247102 0.305455 0.175181 0.514366 0.667644 
171.420883 -14.044867 -3.848145 2.614629 -0.166113 -0.198799 -0.929776 1.830578 1.140924 -0.062207 0.287761 -1.083172 -0.338183 0.446239 -1.131797 -1.621253 -0.088367 0.905024 0.078240 -0.534345 0.161663 0.035595 -0.079626 0.514964 0.743247 -4.075334 0.069558 1.854504 0.676968 -0.714867 -0.682689 0.057185 -0.003460 0.097879 0.178490 0.574549 0.272032 
163.322311 -15.295560 -5.548495 2.135845 0.889924 0.042674 -1.196774 1.509538 1.538211 -0.059528 -0.134310 0.098160 0.854915 -1.940877 -1.543669 -0.171635 0.469222 -0.023495 -0.577208 -0.268311 0.054328 -0.087360 -0.329333 0.722929 0.711194 -2.921223 0.538731 1.768589 0.468754 -0.211331 -0.260277 -0.063825 -0.211977 -0.052888 -0.047981 -0.200454 -0.318120 
0.000000 -17.926620 -6.935482 2.271358 0.772330 -0.245789 -2.084193 1.293956 1.249581 -0.236927 -0.370906 0.362687 1.084205 -5.396208 -0.054334 1.915924 0.849141 0.482363 -0.442315 -0.661996 -0.262292 -0.070181 -0.175588 0.114057 0.107008 -2.309024 2.649764 2.246360 0.864342 -0.985817 0.027728 0.342598 -0.813862 0.296162 0.859440 -0.805895 -0.562410 
142.817200 -26.087976 -5.657164 5.967694 2.588206 1.007400 -2.081404 0.185545 1.013627 -0.199890 -0.485486 0.326273 1.068931 -6.558924 3.755860 4.321085 2.197905 -1.995129 -0.521753 0.416886 -1.573396 0.504965 1.389546 -0.888861 -0.413625 1.583524 2.324380 -0.321245 0.005946 -2.085297 -0.032799 1.428016 -0.633780 0.688526 0.595395 -0.565650 -0.664437 
123.110649 -31.044468 0.576238 10.913528 5.168139 -4.236048 -3.127698 2.127727 -1.897211 0.773003 2.408186 -1.415034 0.256955 -2.229160 4.594425 1.273434 0.861033 -3.688232 -0.507914 2.194036 -1.529852 1.306872 1.015203 -1.017244 -1.221867 4.255698 -2.781507 -1.974703 -2.770746 1.224678 0.538888 0.044811 1.290059 0.276362 -1.157464 0.566815 -0.256926 
117.713356 -30.546296 3.531687 8.514561 4.310272 -6.369064 -3.097232 4.573617 -2.046078 2.413853 1.544919 -1.708214 -1.374804 1.952472 -1.807154 0.371680 -3.343587 0.454226 0.556023 0.506508 1.006722 1.057689 -0.925382 0.244769 -0.927476 -3.086940 -5.354491 -1.627973 -2.708102 3.291181 0.546292 -1.734696 1.276085 -0.811947 -0.914999 0.900774 0.798613 
0.000000 -27.139524 -3.038069 11.656888 -1.519035 -3.327595 -2.015653 3.140743 0.116233 2.888381 0.557422 -0.925496 -1.597997 -8.403040 -6.114557 -1.982512 -4.555172 2.894130 0.584670 -1.275357 1.022317 -0.317022 -0.814796 0.784305 0.375359 -5.359934 -2.114310 -3.494381 -0.156589 0.659109 1.365195 -0.470369 -0.933398 -1.294835 0.177607 -0.090753 0.868519 
0.000000 -47.352375 -8.697428 4.549537 -4.800071 -0.580803 -1.927891 2.022903 -0.001444 1.779809 -0.084672 -0.139604 -0.624085 -8.767396 -6.035774 -6.617081 -3.656765 1.772444 3.286413 -0.434231 -0.860074 -1.531982 -0.570167 0.063264 0.809562 11.041284 3.378502 0.534473 2.414719 -0.879903 0.822650 0.242659 -0.861565 -0.506671 0.272857 -0.525100 0.093229 
0.000000 -44.674316 -15.109618 -1.577274 -8.832565 0.217293 4.557173 2.272282 -1.603915 -0.175582 -0.582912 -0.798968 0.021127 13.679529 0.642446 -0.913566 0.274267 1.134325 2.229971 -0.790038 -0.700813 -1.330364 -0.269082 -0.265894 0.561816 12.803588 6.274019 3.618284 3.235220 -0.806875 -2.643542 -0.140529 0.485986 0.614215 0.096663 -0.106803 -0.366193 
0.000000 -19.993316 -7.412535 2.722406 -4.251537 1.687846 2.532051 0.442827 -1.403071 -0.880918 -0.622836 -0.671393 0.499548 16.839779 6.512263 0.619488 2.813676 0.158694 -2.000671 -0.715289 0.111898 -0.303551 -0.376842 -0.150343 0.077177 -4.517766 1.060741 -0.278740 -0.240779 -1.135162 -1.941201 0.410242 0.473195 0.883568 0.005713 -0.051905 -0.342396 
161.437683 -10.994757 -2.085092 -0.338299 -3.205214 0.534681 0.555831 0.841704 -1.380119 -0.782684 -1.336595 -1.099653 0.175482 4.643997 2.763929 -1.471045 -0.207292 -1.135999 -1.652431 0.030446 0.245577 0.436772 -0.257657 -0.369704 -0.122976 -8.634846 -3.553390 -0.138055 -1.826704 -0.570204 0.454329 0.116762 0.293474 0.354070 0.373719 0.100602 -0.035903 
0.000000 -10.705322 -1.884677 -0.219684 -4.666121 -0.584153 -0.772810 0.503718 -0.911917 -0.007374 -1.138150 -1.410801 0.253596 -0.429913 -0.594517 0.343377 -0.839733 -0.981714 -1.092013 -0.481765 0.698845 0.404589 0.370597 0.050862 0.005372 -2.795125 -1.746720 1.161667 0.024145 0.160819 0.649342 -0.065571 0.004882 -0.067276 0.332594 0.224707 -0.027571 
139.471100 -11.854582 -3.274126 0.348454 -4.884680 -1.428748 -1.628194 -0.121826 0.017572 0.026495 -0.595400 -0.997930 0.186225 -0.946253 -0.729512 0.852289 -0.159003 -0.814360 -0.353747 -0.100697 0.255340 0.302221 0.407530 0.079710 -0.178119 -0.872191 -0.282618 0.582951 0.824899 0.350165 0.467632 0.269925 -0.519771 0.022756 0.000709 -0.030947 -0.143495 
0.000000 -12.597828 -3.343700 1.484895 -4.984127 -2.212873 -1.480305 0.302325 -0.401236 0.597067 -0.323090 -1.251380 -0.102641 -2.174295 -1.159753 1.509279 0.810065 -0.281384 -0.156748 0.058086 -0.340696 0.450101 0.372015 -0.011032 -0.281617 -1.628897 -1.507019 -0.019606 0.698230 0.721436 0.380242 0.135839 -0.089303 -0.073758 0.404355 0.665424 0.249878 
122.971977 -16.203173 -5.593632 3.367012 -3.264549 -1.991517 -1.941689 -0.005654 -0.663821 0.926697 0.148630 -1.019993 -0.377010 -4.204046 -3.743550 0.813078 1.237457 0.628511 0.406737 0.170980 0.076734 0.154705 1.216240 1.410558 0.321637 -0.133136 -1.028039 -0.929569 -0.022920 0.778422 0.408458 -0.142603 0.110241 -0.122563 0.433275 0.771710 0.404384 
0.000000 -21.005920 -10.830800 3.111051 -2.509212 -0.955851 -0.666831 0.644285 -0.247768 0.906478 2.109390 1.569736 0.540634 -2.440567 -3.215832 -0.349858 0.764225 1.275459 0.660167 -0.227120 -0.120215 0.204975 1.238566 1.532388 0.527151 2.875527 2.890806 -0.108208 -0.806614 -0.581074 -0.649001 -0.198327 0.020685 -0.084346 -0.846461 -0.960119 -0.448280 
0.000000 -21.084307 -12.025295 2.667296 -1.736100 0.559401 -0.621355 -0.459894 -0.904250 1.336647 2.625761 2.044783 0.677291 1.547008 2.038062 0.596663 -0.375771 -0.533636 -0.891264 -0.225674 0.118104 -0.013986 -0.476682 -0.509680 -0.574922 2.757359 3.590678 0.355503 -0.918880 -1.576719 -0.641606 0.337400 0.395330 -0.236690 -1.292277 -1.415328 -0.519162 
0.000000 -17.911903 -6.754676 4.304376 -3.260754 -2.023124 -2.449359 0.192937 -0.011560 0.878505 1.156027 0.550376 -0.609211 3.074152 3.965524 0.361147 -1.073534 -1.877979 -0.623045 0.447680 0.670446 -0.268406 -1.345988 -1.298268 -0.511173 0.292791 -0.091195 -1.211040 0.047516 0.085804 0.667779 0.084945 0.033887 0.001177 -0.165151 -0.202962 0.418581 
114.908104 -14.936004 -4.094247 3.389591 -3.883168 -3.196557 -1.867446 0.435465 0.436642 0.799835 -0.066214 -0.551753 -0.345054 2.132589 1.855672 -1.825418 -0.280738 -0.362028 0.444294 -0.055784 0.185878 -0.011633 -0.806983 -0.915603 0.262241 -1.116785 -1.541942 -0.914405 0.291125 0.985490 0.338888 -0.321283 -0.328947 0.072707 0.423948 0.484407 0.409827 
0.000000 -13.646724 -3.043332 0.653541 -3.822230 -2.747179 -1.560771 0.081369 0.360195 0.855239 -0.457940 -1.280830 -0.084729 0.840582 0.881641 -1.467663 -0.491285 0.093001 0.054731 -0.194886 0.012553 -0.122993 -0.498091 -0.329455 0.308482 -0.644042 -0.584655 0.656259 0.200162 0.110970 -0.330710 0.096955 -0.132609 -0.110516 0.153760 0.363695 -0.015698 
0.000000 -13.254840 -2.330965 0.454265 -4.865738 -3.010556 -1.757984 0.045693 0.461747 0.553850 -1.062397 -1.210663 0.271910 0.844506 0.686362 -0.512900 0.119585 -0.140087 -0.217126 0.138127 -0.079341 -0.232665 -0.499464 -0.188213 0.230845 -0.353626 -0.387005 1.064836 0.703921 0.113392 -0.134626 0.094245 0.057170 0.013985 0.316134 0.073531 -0.214937 
0.000000 -11.957712 -1.670609 -0.372259 -3.583060 -3.027354 -1.995024 0.357622 0.201514 0.389908 -1.456867 -1.657256 0.376960 0.133329 0.107631 0.662010 0.916557 0.319784 -0.214522 -0.006397 0.126892 -0.095023 0.134176 -0.182393 -0.121392 -2.072145 -0.847249 2.151465 0.972157 0.209099 -0.177353 -0.148057 0.039730 0.253495 0.646254 0.369532 -0.245611 
144.903458 -12.988182 -2.115702 1.778284 -3.032624 -2.370989 -2.187028 0.032898 0.715531 0.363804 -0.794045 -1.575448 0.029126 -3.299783 -1.008137 3.790031 2.063899 0.278110 -0.571832 -0.157987 0.000119 0.274325 0.793044 0.550851 -0.260377 -3.802402 -1.479897 2.484528 1.503808 -0.250422 0.077064 0.023495 -0.302330 -0.185615 0.336941 0.535546 0.028637 
143.597580 -18.557279 -3.686882 7.207802 0.544737 -2.471133 -3.138687 0.041649 0.201753 0.938559 0.129220 -0.555554 -0.143794 -7.471474 -2.852163 5.631066 3.924173 -0.181061 -0.060393 0.040592 -0.477768 -0.466253 0.808058 0.888699 -0.064118 -1.186934 -0.071192 -0.196038 -0.520569 -0.357935 0.720914 0.260435 -0.137934 -0.108690 0.044425 -0.222367 -0.020277 
127.136612 -27.931130 -7.820027 13.040416 4.815722 -2.733111 -2.307813 0.114083 -0.240006 -0.568702 0.822070 0.201949 -0.099111 -5.673651 -1.150521 3.397954 1.022761 -0.437759 0.869996 0.362884 -0.275748 0.056945 0.881893 0.106118 -0.300931 3.140856 2.069085 -3.657794 -2.706936 0.505485 0.784656 0.416666 0.831849 0.325879 -0.802923 -0.563878 0.098870 
0.000000 -29.904581 -5.987925 14.003710 2.590259 -3.346651 -1.398696 0.767416 -0.349743 1.052449 1.893007 -0.343319 -0.745657 -1.189763 1.286007 -1.684523 -1.489699 0.829909 1.508919 0.873924 1.185929 0.185506 -0.797789 -0.239057 0.133621 -0.566033 -0.169086 -3.357223 -0.848956 1.175600 -0.028385 0.177740 0.683011 -0.331925 -1.305555 0.086069 0.402151 
119.100166 -30.310655 -5.248014 9.671371 1.836323 -1.073292 0.710025 1.861931 2.131853 -0.197690 -0.773508 -0.276165 0.168132 -6.805716 -1.488693 -3.316492 -0.675151 1.913441 0.813226 0.718363 1.090275 -0.606905 -1.729216 0.278256 0.503370 -0.585933 -0.293674 -1.717122 0.545845 0.412589 -0.085191 0.014550 -1.534813 -0.411034 0.335146 0.127277 0.260785 
160.692017 -43.516014 -8.965312 7.370726 1.239956 0.480231 0.227756 2.204143 1.830807 -0.161361 -1.565425 0.213194 0.261083 -2.361628 0.698659 -5.118767 -0.398010 1.655088 1.338536 0.903025 -1.883698 -0.636563 -0.127498 0.015498 0.655190 9.724811 2.056528 -0.523599 0.557353 -0.529160 0.104095 -0.003003 -1.714471 -0.289194 0.650957 -0.512963 0.296805 
0.000000 -35.033911 -3.850696 -0.566163 1.040304 2.236884 3.387097 3.667980 -1.635542 -1.470815 -1.028505 -0.245170 1.478512 12.643906 2.624362 -4.363691 0.439555 0.855122 1.021417 0.712358 -2.338668 -1.185294 -0.427302 -0.747670 1.096980 4.524758 -0.096395 2.399745 0.280783 -0.747928 -1.182333 -0.639052 1.024908 0.135146 -0.313245 -0.301439 -0.049200 
0.000000 -18.228201 -3.716587 -1.356655 2.119066 2.190475 2.270589 3.628859 -2.846529 -2.531949 -2.420030 -1.282146 2.455042 6.687888 0.505869 -0.319277 0.163556 0.159232 -1.026130 -0.375079 0.166118 -0.366271 -0.753989 -0.587379 0.556790 -10.003151 -0.847628 1.948561 -0.257920 0.561058 -0.728158 -0.587540 2.306897 0.924039 0.136208 0.804726 -0.838811 
153.372650 -21.658136 -2.838958 -1.204718 1.367416 2.555348 1.334837 2.917823 -1.303306 -2.203357 -2.536482 -1.419928 2.592092 -7.362395 0.929106 -0.466569 -0.076286 1.977238 -0.434899 -0.462722 2.275126 0.662783 -0.154887 0.861782 -0.580642 -5.080457 0.619644 -0.841613 0.094138 0.002296 0.858997 -0.095431 0.005826 0.279115 0.493400 0.823765 -0.599946 
153.909714 -32.952992 -1.858375 -2.289794 1.966494 6.144951 1.400791 2.703415 1.703724 -1.206382 -2.729804 0.441419 1.293758 -3.473025 1.745157 -2.002502 0.351832 0.163824 0.691864 -0.565940 0.177769 0.191958 0.232811 1.060151 -0.643102 4.768399 0.162880 -0.496698 0.064290 -1.804108 0.546893 0.001993 -1.800436 -0.484656 0.242180 -0.366152 0.293353 
148.783005 -28.604187 0.651357 -5.209722 2.071080 2.882996 2.718566 1.785942 -0.947767 -1.819440 -2.070860 0.700374 1.305887 2.174403 1.254866 -1.459964 0.052293 -1.630977 0.658888 -0.458736 -1.325746 -0.306529 0.329472 0.129477 0.006065 2.823714 -0.245146 0.271269 -0.149769 -0.897401 -0.016488 0.053602 -0.751757 -0.249244 0.048330 -0.465337 0.324583 
