368.288361 -41.015165 11.594037 1.735686 -2.461582 -4.312312 -2.476343 -0.177237 -0.487009 -0.352544 -0.647282 -0.510466 -0.676135 -1.285419 -0.854305 -1.148851 -0.077379 -0.457749 -0.135216 -0.168706 0.075086 0.244768 0.033955 0.220486 -0.027976 0.089264 -0.009478 0.255190 -0.149210 0.019146 0.014890 0.044453 -0.014785 -0.029337 -0.054057 -0.210032 -0.050918 
0.000000 -43.586004 9.885426 -0.562017 -2.616340 -5.227810 -2.746776 -0.514649 -0.336837 0.136992 -0.579372 -0.069493 -0.732087 -1.106891 -0.873261 -0.638471 -0.375799 -0.419458 -0.105437 -0.079801 0.045517 0.186094 -0.074158 -0.199577 -0.129813 0.292988 0.155099 0.329676 -0.183272 -0.043919 -0.020284 0.142111 0.087535 -0.014872 -0.048046 -0.152001 0.104710 
0.000000 -43.228947 9.847515 0.458743 -3.213179 -5.151227 -2.687217 -0.336839 -0.395975 0.019645 -0.795598 -0.909620 -0.935760 -0.699443 -0.544107 -0.489499 -0.443924 -0.545587 -0.175785 0.115517 0.250155 0.215023 -0.062137 -0.083516 0.181444 -0.701880 -0.849211 -1.194800 -0.386622 -0.001056 0.111268 -0.092475 0.026810 -0.126847 0.059640 0.227496 0.274716 
0.000000 -44.984889 8.797212 -1.541015 -3.504187 -6.318985 -3.098345 -0.283615 0.163473 0.567039 -0.703646 -0.236526 -0.369200 -2.510650 -2.571682 -3.028072 -1.149044 -0.421570 0.117099 -0.264751 0.099137 -0.067600 0.045121 0.255415 0.419619 0.051255 -0.823477 -0.752922 -0.524492 0.474816 0.424059 0.260912 -0.020048 -0.152271 0.185359 0.077287 0.039313 
0.000000 -48.250248 4.704151 -5.597400 -5.511266 -5.994367 -2.453020 -0.866340 -0.197702 -0.115554 -0.705356 -0.398790 -0.096523 -0.596933 -2.191061 -1.995344 -1.492908 0.404045 0.672334 0.637340 0.210060 -0.089519 0.308581 0.071058 0.260069 4.247758 0.934345 1.752783 0.548180 0.959232 0.715112 0.782435 -0.000914 0.088132 0.229144 -0.005845 -0.124306 
0.000000 -46.178756 4.415089 -5.531703 -6.490004 -5.510895 -1.753678 0.991064 0.583593 0.388001 -0.086483 -0.094410 0.150937 5.984865 -0.702991 0.477495 -0.052684 1.496893 1.547322 1.300120 0.097308 0.108664 0.503410 0.243724 0.171007 1.559200 2.384700 1.640355 1.109242 0.462989 0.522956 0.344945 0.038342 0.075806 0.191857 0.019752 0.059928 
0.000000 -36.280518 3.298169 -4.642410 -5.616633 -3.000581 0.641625 1.733901 -0.003085 0.101774 0.301464 0.088657 0.245491 2.521466 2.578338 1.285366 0.725576 1.330023 1.718246 1.327229 0.286743 0.062093 0.692296 0.110563 0.379924 -4.875171 1.773457 0.044851 -0.145591 -0.769161 -0.622254 -0.203106 0.274761 0.022448 -0.235633 -0.310272 0.039949 
0.000000 -41.135824 9.571766 -2.960971 -5.038852 -2.850849 1.682814 3.645523 1.157079 0.512187 1.298109 0.126716 0.910786 -3.765477 2.843922 0.567198 -0.343866 -0.041429 0.302815 0.893908 0.646830 0.153560 0.032145 -0.376819 0.250906 0.138945 -0.522024 0.176204 0.047923 -0.721750 -0.976013 -0.733776 -0.506808 -0.247365 -0.758533 -0.373481 -0.305424 
0.000000 -43.811472 8.986014 -3.508015 -6.304366 -3.083438 1.247254 3.521716 1.290574 0.408895 0.365753 -0.664982 0.747302 2.799356 1.534291 1.637775 0.821421 -0.113476 -0.233780 -0.140324 -0.726872 -0.432637 -0.824770 -0.636400 -0.230925 3.031142 -0.680535 0.566560 0.995425 0.261913 -0.176671 -0.658074 -0.874275 -0.350710 -0.073996 0.232726 -0.371806 
0.000000 -35.537111 12.640347 0.314578 -3.396009 -3.077801 1.215254 3.364875 -0.296665 -0.353086 -0.351430 -1.146085 0.448936 2.296807 1.482853 1.700317 1.646983 0.482398 -0.050528 -0.422240 -1.101720 -0.547860 -0.115848 0.088632 -0.492706 -2.346511 -1.024453 -0.955002 -0.321330 0.327034 -0.164823 -0.471688 0.174901 0.222161 0.236946 0.256273 0.003857 
256.336639 -39.217857 11.951720 -0.107380 -3.010400 -2.118642 1.146199 2.677237 -0.912866 -0.686824 0.134057 -0.487717 -0.238110 -1.893665 -0.514616 -0.272230 0.178761 0.540592 -0.563426 -1.083699 -0.377071 0.011684 -0.350877 -0.123853 -0.223210 -1.827032 -1.024996 -0.670059 -0.609695 -0.256202 -0.585656 -0.198124 0.350393 0.343858 0.061008 -0.180852 0.332697 
0.000000 -39.324441 11.611116 -0.229882 -3.038487 -1.996616 0.088401 1.197477 -1.050807 -0.329717 -1.053184 -1.393791 0.002516 -1.357257 -0.567139 0.360199 0.427592 -0.030006 -1.221840 -0.818487 -0.400935 0.139856 0.006168 -0.273073 0.172688 0.775203 -0.139178 -0.169914 -0.890198 -1.039767 -0.095149 0.684711 0.496385 -0.131582 0.032111 0.129348 0.144360 
86.148834 -41.932370 10.817441 0.613018 -2.155216 -2.178654 -1.297482 1.040263 -1.714736 -0.407111 0.146393 -1.033863 0.107265 -0.343260 -0.792971 -0.612059 -1.601636 -1.538942 -0.753724 0.285724 0.615698 -0.251480 -0.286655 0.134843 0.065510 1.704768 0.048382 -1.190713 -1.834328 -0.736804 0.725547 0.570027 0.585148 -0.164588 -0.240599 0.299539 -0.168920 
0.000000 -40.010961 10.025173 -1.454000 -6.241759 -5.074500 -1.419047 1.768924 0.180590 -0.832676 -1.626494 -1.124105 0.133536 2.052280 -0.470376 -2.021228 -3.241064 -1.503614 0.229253 0.321566 0.769362 -0.189320 -0.475030 0.326005 -0.165152 0.350106 0.530895 -0.125163 0.551400 0.919130 0.646125 -0.072531 -0.262913 0.377342 0.602859 0.205865 0.072706 
0.000000 -37.827810 9.876690 -3.429437 -8.637344 -5.185883 -0.838976 1.683395 -0.176011 -0.785752 -0.803667 -0.381854 -0.223039 0.356952 0.268819 -0.862386 -0.498837 0.299317 0.538525 0.140662 0.089872 0.503205 0.919062 0.546572 0.210922 -2.584005 0.057907 1.423303 2.685768 1.497422 0.290823 0.138403 -0.001815 0.667146 0.539830 -0.288500 0.264872 
0.000000 -39.297056 10.562810 -3.178771 -7.239433 -4.475866 -0.341997 2.050248 0.360334 0.173733 0.211629 -0.030961 0.555381 -3.115730 -0.354562 0.825379 2.130472 1.491229 0.810899 0.598373 0.765733 1.144972 0.604631 -0.250995 0.364591 -2.502712 -1.564002 0.985099 1.692676 1.260632 0.431290 0.271595 0.278391 -0.095008 -0.542307 -0.490604 -0.245919 
0.000000 -44.059270 9.167566 -1.778680 -4.376400 -2.203425 0.782821 2.880141 1.355454 1.504192 0.405596 -0.883844 0.506143 -4.648472 -2.859186 1.107812 2.886516 2.820582 1.401104 0.683851 0.646654 0.313190 -0.165553 -0.434636 -0.280916 -0.397020 -2.043421 -0.326529 -0.256551 0.383917 -0.138317 -0.422555 -0.493774 -0.904475 -0.279436 0.187268 -0.296348 
0.000000 -48.594000 4.844439 -0.963147 -1.466402 1.165298 2.460212 3.417951 1.653643 0.800112 -0.119477 -0.900233 -0.006451 -3.909771 -4.441403 0.172320 1.617369 2.259063 0.534264 -0.246738 -0.221815 -0.663977 0.045760 0.123540 -0.228104 -0.500772 -1.298817 -1.384955 -0.780777 -0.679691 -1.075952 -0.870339 -0.742192 -0.358593 0.425772 0.540780 0.264851 
81.597496 -51.878811 0.284760 -1.434039 -1.141662 2.314701 1.851350 2.386665 0.911824 0.176237 0.497115 -0.636763 0.049935 -5.650016 -5.456820 -1.662097 1.324962 1.461199 -0.750800 -1.056826 -0.837729 -0.403996 0.685991 0.646924 0.248786 -0.825654 0.577820 -0.814502 -0.238704 -1.200134 -0.842932 -0.505303 -0.124548 0.461787 0.070950 0.110725 -0.006161 
316.260864 -59.894031 -6.069201 -4.287342 1.183523 4.087696 0.958612 1.304300 -0.021815 -0.007880 1.252505 0.393615 0.491121 -5.561078 -3.285764 -1.456683 1.139961 -0.141206 -1.151599 -1.257343 -0.470910 0.259597 0.187660 0.344989 -0.240427 3.866388 3.786719 1.499520 -0.459717 -1.187713 0.226764 0.268838 0.548905 0.547184 -0.421524 -0.451402 -0.194752 
334.594116 -63.000966 -6.286768 -4.347406 1.138259 2.032289 -0.451849 -0.128021 -0.029997 0.695431 0.872435 0.053215 -0.430918 2.082761 2.116618 1.336942 0.405529 -0.914227 -0.297273 -0.519149 0.260080 0.690371 -0.157056 -0.255880 -0.140719 3.137505 1.899869 1.187310 -0.181097 0.236540 0.762501 0.809378 0.335146 -0.098659 -0.217422 -0.077039 0.368619 
170.484497 -55.728510 -1.835964 -1.613457 1.994581 2.259242 0.364067 0.266001 0.498345 1.372863 0.938393 -0.118146 0.209683 0.713932 0.513973 0.917937 0.777767 0.331874 0.373402 0.361413 0.199382 0.062279 -0.247184 0.190911 0.496812 2.579776 0.321466 -0.863634 0.828745 1.076160 0.200314 0.229861 -0.269351 -0.252611 -0.136715 -0.119783 0.028932 
175.297546 -61.573102 -5.258821 -2.511532 2.693792 2.696037 0.294956 0.594804 0.368767 0.819989 0.378068 0.435038 0.562707 7.242312 2.759549 -0.390326 2.063019 1.238092 0.103356 -0.059427 -0.278623 0.185150 -0.430487 -0.495446 -0.082855 8.749648 2.364236 -0.996951 0.820182 0.738644 0.278743 -0.159721 -0.612842 -0.132378 0.061218 -0.292799 -0.337527 
100.888977 -41.243885 3.683135 -2.394110 6.120619 4.735425 0.570778 0.147148 -0.058901 1.743164 0.077420 -1.109038 0.043972 18.213229 5.242444 -1.075965 2.418130 1.809161 0.930889 0.041971 -1.026302 -0.202478 -0.124748 -0.394687 -0.178242 1.721554 0.094661 -0.649434 -1.908841 -1.141614 0.242101 0.650053 -0.157671 -0.649652 0.062735 0.378086 0.224262 
151.162231 -25.146644 5.226067 -4.663462 7.530053 6.314360 2.156735 0.678746 -1.683838 0.415032 0.128572 -0.354337 0.206222 10.685420 2.948871 -1.689194 -1.754663 -1.045137 0.587557 1.240680 -0.593965 -1.114153 -0.305017 0.260725 0.365668 -8.290838 -0.849818 0.320208 -2.895185 -2.567397 -1.009725 0.600413 1.002479 0.009768 -0.136571 0.072519 0.192559 
153.905441 -19.873045 9.580877 -5.772498 2.611293 2.645151 1.745893 2.628507 -1.246831 -0.485143 -0.532614 -0.587587 0.775309 1.631553 3.542809 -0.435549 -3.372239 -3.325633 -1.088560 1.242796 0.978655 -0.182942 -0.397889 -0.249650 0.206875 -7.568405 -0.889157 1.469327 0.565687 -0.409254 -1.078118 -0.612568 0.855850 0.994783 0.347302 -0.123086 -0.315913 
152.168045 -21.883538 12.311685 -5.534560 0.785575 -0.336907 -0.020386 3.164339 0.273473 0.049147 -0.667207 -0.853636 0.619973 -4.451389 1.170557 1.249461 -0.623290 -1.863645 -1.568678 0.015543 1.117735 0.875413 0.389588 0.014553 -0.266158 -4.484100 -2.231869 2.338001 2.226013 1.474071 0.115239 -1.121927 -0.562979 0.282548 0.695330 0.350313 -0.121328 
146.968506 -28.775823 11.921990 -3.273577 1.364714 -1.082139 -1.391464 2.659592 0.988640 1.265683 0.246562 -0.558481 0.242993 -7.336647 -0.920930 4.240454 1.079788 -0.377491 -0.858083 -1.001058 -0.147304 0.382154 0.992771 0.450977 -0.035781 -1.110908 -1.228965 1.157764 0.961031 1.256950 1.112409 -0.491194 -1.049693 -0.769269 -0.186237 0.044462 0.266262 
0.000000 -36.556832 10.469826 2.946347 2.945150 -1.091889 -1.736552 1.162223 -0.021135 0.813455 1.318334 0.048318 0.548410 -6.673206 -1.287373 3.564988 1.298771 0.650254 0.656140 -0.966844 -0.981652 -0.663124 0.017114 0.103478 0.266366 1.211629 0.004688 -2.038221 -0.695083 0.847879 1.055571 0.390846 -0.076960 -0.430461 -0.677905 -0.195431 -0.025062 
398.154602 -42.122235 9.347244 3.856400 3.962257 0.218370 -0.079183 0.725904 -0.974663 -0.060565 0.280790 -0.351526 0.775726 -4.913389 -0.911554 0.164011 -0.310378 1.318266 1.253058 -0.219366 -0.301224 -0.478768 -0.363039 0.060115 -0.085905 6.335434 1.245954 -3.060068 -1.558319 -0.940899 -0.311869 1.207217 0.711570 0.400202 0.010592 -0.262347 -0.281842 
124.805397 -46.383611 8.646718 3.274369 2.324393 1.544643 0.769564 0.723490 -0.623584 -0.144080 0.592256 0.168547 0.376601 5.997663 1.204535 -2.555148 -1.817867 -1.231543 0.032403 1.447590 0.441488 0.137280 0.038297 -0.421217 -0.297319 8.256722 1.099788 -2.283207 -0.151483 -1.051020 -0.628465 0.677692 0.174087 -0.056715 -0.001201 -0.049164 -0.070594 
0.000000 -30.126909 11.756314 -1.253897 0.326523 -2.244716 -0.014377 3.621084 -0.091688 0.213996 0.357384 -1.193959 0.181089 11.600055 1.288023 -4.402403 -0.613344 -0.783774 -0.003871 1.136017 0.046949 -0.592198 -0.365442 -0.038212 -0.227093 -1.932598 -2.557622 1.157336 0.448900 1.532141 0.488544 -1.408086 0.081504 -0.430246 -0.129246 0.620062 0.081460 
136.891235 -23.183500 11.222764 -5.530438 1.097705 -0.022904 0.761821 2.995524 -0.529685 -1.328476 -0.138628 0.092122 -0.077584 2.132466 -3.910708 -0.240476 -0.920068 1.832740 1.009490 -1.368581 0.604496 -0.723212 -0.220196 0.818907 -0.134399 -6.553521 -4.017946 2.994231 -0.660315 0.936220 0.519218 -0.993053 0.659658 0.473953 0.265346 -0.113086 0.171090 
136.039017 -25.861977 3.934898 -1.734850 -1.513612 1.420764 2.004604 0.883921 1.117304 -1.232429 -0.083007 0.443854 -0.087710 -1.506986 -6.747868 1.586059 -1.933974 1.088666 1.034564 -0.850089 1.366266 0.355708 0.165250 -0.264384 0.115087 -1.808621 0.062669 0.207268 -0.077031 -0.741967 -0.141130 0.734362 -0.350893 0.563931 0.012107 -0.696748 0.114967 
58.534245 -26.197473 -2.272972 -2.358321 -2.770242 2.154427 2.830950 1.295345 2.202846 -0.617060 0.191873 -0.436646 0.152589 -1.484776 -3.785369 0.174059 -1.074130 0.348805 0.727230 0.100142 -0.097289 0.404649 -0.195982 -0.574589 0.095535 0.159684 2.816720 -0.301263 0.840289 -0.823028 -0.243378 0.434601 -1.203391 -0.172882 -0.106891 0.082570 -0.199706 
0.000000 -28.831529 -3.635841 -1.386732 -3.661873 2.118375 3.459065 1.084206 0.922726 -0.423132 -0.474972 -0.705324 0.103360 -1.187619 -1.114428 0.983533 -0.253395 -0.557391 0.547808 0.019113 -1.040517 0.009945 -0.048532 -0.099245 -0.284325 2.687793 4.039783 0.067950 1.296125 -0.540104 -0.559248 0.372086 0.268236 -0.455169 0.157788 0.361774 -0.243666 
0.000000 -28.572710 -4.501829 -0.391254 -3.277032 1.039646 3.926567 1.333571 0.121813 -0.597171 0.094808 -0.635136 -0.416060 3.890809 4.294198 0.309958 1.518120 -0.731404 -0.391265 0.844314 0.439183 -0.505690 0.119593 0.148960 -0.391797 2.291587 4.421170 -1.549341 1.283769 0.217126 -1.034432 0.575774 0.764237 -0.170158 -0.028471 0.156125 0.179627 
0.000000 -21.049911 4.952554 -0.766816 -0.625633 0.655567 2.676535 2.772834 1.801093 -1.434512 -0.235785 -0.407405 -0.680234 3.395555 7.727912 -2.115149 2.314142 -0.123138 -1.521055 1.170662 0.487957 -0.330371 -0.105473 0.213004 0.074930 -6.059241 -0.626334 -0.989504 -0.406192 0.565623 -0.675746 -0.386528 -0.276537 0.455256 0.081154 0.084173 0.367911 
153.784851 -21.781601 10.953995 -4.621553 1.351252 0.793370 0.884457 3.674894 1.097726 -1.257912 -0.116138 -0.209127 -0.266201 -8.227672 3.041530 -1.669050 0.705736 0.399842 -1.742757 0.071258 -0.113891 0.404821 0.281901 0.317305 0.344026 -6.299872 -3.721288 3.466990 -0.880049 -0.183643 -0.044010 -1.722410 -0.317044 0.563863 0.064734 0.180247 0.358634 
0.000000 -37.505255 11.035614 -4.104915 0.785840 1.455251 -0.808978 2.915349 1.573311 -0.624870 0.328017 0.227205 0.007817 -9.204190 0.285336 4.818831 0.554045 -0.490424 -1.609074 -2.274158 -0.146132 0.797356 0.023996 0.573498 0.792197 3.583101 -1.275289 3.569809 -0.333595 -0.824767 0.745672 -0.909219 -0.465911 0.192358 0.076266 -0.139071 -0.189234 
397.697845 -40.189980 11.524668 5.016109 2.459342 -0.187478 -2.333692 -0.873421 0.805461 0.336800 -0.068146 0.937870 1.318193 -1.061470 0.490953 5.470568 0.038547 -1.249692 -0.251413 -1.747180 -1.045713 0.789536 0.434434 0.039163 -0.034442 4.929475 0.072782 -1.975360 -0.461627 -0.262123 1.003618 1.107130 -0.075021 -0.319446 0.258296 -0.365851 -0.713102 
129.746552 -39.628195 12.017520 6.836221 0.862933 -1.044132 -1.311804 -0.579010 -0.518114 0.954203 1.196885 0.305531 -0.061067 0.654760 0.430901 0.868110 -0.369209 -1.014670 0.398161 -0.059898 -0.296173 0.158464 0.540588 -0.158204 -0.634007 1.425565 0.424495 -3.112284 -0.344434 0.061710 -0.017311 1.100410 0.963108 -0.292509 -0.319620 -0.228820 -0.133249 
125.385254 -38.880460 12.386470 6.752329 1.720924 -2.216817 -1.537371 -0.993217 0.213115 0.653729 1.013029 0.621462 0.050179 1.789661 1.339942 -0.754001 -0.650322 -1.126272 -0.286035 0.453641 0.880503 0.204518 -0.204807 -0.418476 -0.300939 2.486091 0.252918 -2.383008 -0.307298 0.542552 -0.276807 0.851556 0.341414 -0.425479 -0.710172 -0.125914 0.268674 
127.422417 -36.048873 14.697405 5.328220 -0.437711 -3.296677 -1.883873 0.328272 1.242892 1.363239 0.787272 -0.531421 -0.662946 5.626943 0.936737 -3.897906 -0.983804 0.070434 -0.155453 1.643214 0.386655 -0.692494 -0.879757 -0.410031 -0.096658 2.210352 -1.105513 -2.018032 0.573162 0.643498 0.623086 0.155582 -1.122481 -0.402680 -0.488918 0.239803 0.336152 
130.511276 -27.626575 14.259943 -1.043483 -0.246683 -2.075948 -1.848276 2.293211 0.986425 -0.731259 -0.746485 -0.198600 -0.143136 6.210364 -0.871084 -4.790064 0.496002 0.160723 0.960138 0.764805 -1.364458 -0.600841 -1.182643 0.061130 0.371365 -1.208050 -0.949095 0.698693 0.755376 -0.344225 0.375270 -0.896038 -0.782999 0.475050 0.044241 0.063321 0.108435 
138.542007 -23.628145 12.955237 -4.251909 0.554294 -2.975232 0.036403 1.857882 -1.486025 0.161557 -1.578015 -0.409161 0.079784 3.210842 -0.961453 -2.500519 0.526948 -0.618016 0.595087 -0.148863 -1.179342 0.257606 -0.791274 -0.283389 0.120211 -2.745178 0.240821 2.067534 -0.181590 -0.017655 -0.659394 -0.439349 0.698062 0.316769 0.471782 -0.105628 -0.083590 
146.588333 -21.204891 12.337038 -6.044522 0.807212 -3.311980 -0.658102 1.995486 -1.372260 -0.216047 -2.329034 -0.765379 0.097286 0.720008 -0.389441 -0.654996 0.132823 0.125412 -0.358650 -0.113892 0.031667 0.032697 -0.239080 -0.150126 0.204186 -3.906665 0.003170 1.592247 -0.374364 0.704260 0.047725 0.250083 0.921691 0.049005 0.627538 0.338960 0.092533 
153.523926 -22.188129 12.176355 -5.561901 0.819939 -2.724409 -0.680897 1.630098 -1.422691 0.226951 -2.056175 -0.709413 0.488155 -4.602487 -0.955113 0.683974 -0.221780 0.790505 0.690537 0.351304 0.664039 0.355617 0.463802 0.394531 0.305278 -5.926350 -0.559936 1.004208 -1.415978 0.797042 0.978374 0.440619 0.318097 -0.276306 0.639177 0.450496 -0.129137 
159.300644 -30.409866 10.426813 -4.676574 0.363652 -1.730971 0.722973 2.698094 -0.044182 0.495187 -1.401431 0.023683 0.707842 -11.132692 -1.509312 1.353419 -2.699133 1.719497 1.598098 0.767346 0.667861 -0.519914 1.039275 0.750865 -0.054087 -2.719866 -0.822245 -0.569360 -0.777620 1.078807 0.888551 -1.110272 -0.382611 -0.053922 0.009410 -0.202906 -0.572431 
0.000000 -44.453513 9.157731 -2.855062 -4.578327 0.714585 2.515299 3.164790 -0.086970 -0.812878 0.022375 0.792318 0.379980 -10.042220 -2.599603 -0.454747 -1.777020 2.948119 2.467638 -1.869240 -0.101182 0.247772 0.482621 -0.011281 -0.839585 10.212871 -0.876346 -2.014864 1.581876 -0.975375 -0.413725 -1.767830 0.028252 0.199769 -0.484069 -0.344955 -0.310786 
0.000000 -50.494306 5.227607 -5.586068 -3.190388 4.165267 5.658249 -1.040387 -0.246547 0.990732 -0.436188 0.001122 -0.971328 9.293051 -3.262004 -2.676309 0.464618 -0.231253 0.770648 -2.768314 0.724365 -0.120376 0.071136 0.060955 -0.675660 12.058671 0.441859 -0.080922 1.008544 -2.162600 -2.065266 0.757168 -0.188454 -0.764769 0.027981 -0.179018 0.373650 
0.000000 -25.867411 2.633723 -8.207681 -3.649090 0.252079 4.056594 -2.371837 1.361760 -1.053630 0.164647 0.914227 -0.971339 14.075122 -1.715884 -0.616591 0.240068 -1.377081 -1.662894 -0.354903 -0.478090 -1.281765 0.538582 -0.369317 -0.092285 -4.148339 1.623925 1.496691 -0.408118 -0.449930 -1.160331 1.729584 -0.790414 0.042940 -0.003066 -0.345437 0.635489 
0.000000 -22.344062 1.795838 -6.819249 -2.710252 1.411105 2.332462 -1.750193 -1.202727 -1.572799 0.640977 -0.737512 -1.155897 0.996373 -0.014154 0.317072 -0.351617 -1.131113 -1.550014 0.690855 -0.856464 -0.034497 0.065005 -0.629919 0.595318 -7.747560 1.384119 -0.372223 -0.748770 -0.357496 0.153191 0.214789 0.732649 0.495414 -0.516970 0.527683 0.256729 
0.000000 -23.874664 2.605414 -7.573536 -4.352324 -2.010147 0.956566 -0.990128 -0.351167 -1.122624 0.294657 -0.345611 0.219297 -1.419997 1.052353 -1.361036 -1.257472 -2.092074 -1.356512 0.074674 0.987208 -0.290937 -0.495358 0.686050 0.421173 -1.102991 1.113867 0.157675 0.213735 0.223376 0.357149 -0.564643 0.599958 -0.446560 -0.320487 0.730074 -0.635206 
0.000000 -25.184056 3.900544 -9.541321 -5.225195 -2.773044 -0.380561 -1.600845 0.771689 -2.154672 -0.349740 0.634588 -0.313550 -1.209608 2.213579 0.632422 0.075854 -0.684362 -0.835715 -0.438431 0.343452 -0.927617 -0.575969 0.830230 -0.675094 -0.985816 0.557462 1.843395 0.945580 0.871623 0.400810 -0.085205 -0.594500 -0.078839 0.400870 -0.336851 -0.461798 
0.000000 -26.293880 7.032572 -6.308693 -4.200616 -3.378871 -0.714864 -1.866989 0.335738 -2.977858 -0.857282 1.314849 -1.130891 -3.391629 2.167278 2.325754 0.633688 -0.348827 -0.554891 -0.095735 -0.201792 -0.448616 0.306382 0.012348 -0.502422 -2.041687 -0.648623 -0.295964 -0.498135 0.671175 0.491690 0.547242 0.116698 0.380231 0.678415 -0.456684 0.395022 
0.000000 -31.967314 8.235099 -4.889814 -3.957819 -3.470698 -1.490344 -1.792316 0.368104 -3.051904 0.263024 0.659285 -1.318394 -5.292983 0.916332 0.040494 -0.920417 0.657988 0.147665 0.656053 0.576848 -0.167156 0.780860 -0.083137 0.114951 -0.298302 -1.184692 -1.692406 -1.123211 0.343741 0.200162 0.050368 0.276228 0.363511 -0.254625 0.173183 0.595123 
111.703629 -36.879845 8.865235 -6.227705 -6.041450 -2.062894 -0.419535 -0.554883 1.489433 -3.312170 0.704438 1.148574 -0.900990 -3.988233 -0.202106 -1.059058 -1.612734 0.338655 -0.154567 0.005000 0.350663 0.278406 -0.202867 0.358714 0.687824 -0.683279 -1.332638 -1.250354 0.444832 -0.124291 -0.755457 -0.838700 -0.669791 0.210703 -0.269629 0.052870 0.058459 
0.000000 -39.943780 7.830887 -7.007930 -7.183288 -2.793389 -1.799477 -1.782315 1.069431 -2.495092 -0.142711 1.376712 0.057254 -6.659541 -1.748944 -2.460214 -0.030753 0.409406 -1.363249 -1.021347 -0.762733 0.254249 0.241602 0.022602 0.231869 1.505688 -0.631200 -0.021812 1.630432 0.568303 0.036203 -0.173800 -1.069856 -0.551381 0.514021 -0.153145 -0.346827 
99.617699 -50.198926 5.367348 -11.148133 -6.102956 -1.244083 -3.146033 -2.597576 -0.036034 -2.803671 1.187641 1.193779 -0.437252 -0.976857 -1.464506 -1.102682 1.648130 1.475262 -0.082161 -0.342599 -1.789049 -0.824357 0.825175 0.052423 -0.005831 5.405128 0.758104 1.713817 0.569359 0.145601 0.977183 0.543189 -0.236792 -0.462158 -0.040801 0.060644 0.004777 
0.000000 -41.897494 4.901875 -9.213294 -3.887029 0.157134 -1.963799 -2.467513 -2.508668 -4.143805 1.507639 1.481559 0.045593 4.150716 -0.232736 0.967419 1.107964 0.700608 0.591117 0.065031 -1.236317 -0.670067 0.159999 0.143890 0.241423 2.563786 0.615885 1.035051 -0.270083 -0.387327 0.336639 0.203815 0.276366 0.077145 -0.332588 0.045733 0.123627 
