107.113541 -51.618229 5.952498 2.180207 0.175152 0.085051 -1.859821 -0.106921 1.643004 0.594422 0.049854 0.274166 0.858644 -3.620039 -2.700286 -0.896469 -0.853554 0.112102 0.455506 -0.247084 -0.600487 -0.450145 -0.252580 0.204670 -0.095952 -0.655305 -0.109168 0.537785 0.442430 -0.028572 0.199810 0.149426 -0.008724 0.208947 0.245441 -0.011103 -0.191733 
109.766998 -58.858307 0.551926 0.387270 -1.531955 0.309256 -0.948809 -0.601088 0.442031 -0.305868 -0.455305 0.683505 0.666740 -4.930649 -2.918622 0.179101 0.031307 0.054958 0.855126 0.051769 -0.617935 -0.032250 0.238302 0.182464 -0.479418 7.009585 3.239046 0.553733 1.582734 -0.305534 -0.406461 0.401681 0.455574 0.459894 0.139293 -0.022841 0.143266 
115.076118 -61.479527 0.115253 2.538409 0.237766 0.194966 -0.149568 -0.003383 0.407134 0.529922 0.526457 0.639095 -0.100192 10.399132 3.777807 0.210997 2.311913 -0.498965 -0.357416 0.556278 0.310661 0.469643 0.026005 0.158987 0.190580 10.267509 3.367482 -1.006618 1.504923 -0.745756 -1.012017 0.055682 0.167013 0.254520 -0.366594 -0.338389 0.433476 
323.762573 -38.060044 8.107540 0.809263 3.091871 -0.688674 -1.663641 0.511468 1.063353 0.633418 -0.403294 1.001478 1.047901 15.604368 3.816342 -1.834136 3.041152 -1.436553 -1.168908 0.163134 -0.283910 0.476789 -0.494887 -0.494314 0.387533 -2.655322 -1.969619 -0.376117 -0.740858 -0.097222 -0.234190 -0.031687 -0.838604 -0.056547 0.037205 -0.544174 -0.182247 
131.067429 -30.270790 7.747936 -1.129862 6.320070 -2.678140 -2.487384 0.322884 -0.160685 1.483500 -0.463316 -0.349533 0.674875 5.088488 -0.161431 -0.541238 0.830196 -0.693409 -0.825795 0.492903 -1.366547 0.356549 0.100415 -0.929361 -0.173913 -6.889075 -1.956650 0.875596 -2.076499 0.900960 0.450436 0.229476 -0.339026 -0.338425 0.336142 0.126295 -0.038240 
129.453552 -27.883068 7.784678 -0.273212 4.752264 -2.075491 -3.315232 1.497275 -1.669740 1.346516 -0.202464 -0.857243 0.700075 1.826219 -0.096959 -0.082943 -1.111845 0.365366 -0.268036 0.622086 -0.961962 -0.200060 0.177397 -0.241725 0.311053 -2.137694 -0.624220 0.319722 -0.897587 0.661885 0.946002 -0.439309 0.489790 -0.100464 -0.121151 0.709171 0.236544 
128.668091 -26.618353 7.554018 -1.295748 4.096379 -1.947408 -3.023456 1.567056 -2.084609 1.083380 -0.108522 -0.832983 1.296980 0.813100 -1.409871 0.098205 -0.964977 0.630362 1.066209 -0.385715 -0.386966 0.155621 -0.141886 0.488981 0.299174 -2.286127 -2.019894 0.970283 -0.262760 0.717853 0.931226 -0.686739 0.599540 0.143159 0.144143 0.459015 -0.188735 
124.394279 -26.256867 4.964935 -0.076801 2.822309 -0.814767 -1.182813 0.725845 -2.443672 1.657758 -0.486235 0.120719 1.298423 -2.746035 -4.136747 1.857622 -1.637366 1.801073 1.594417 -0.751391 0.237117 0.086258 0.465682 0.676305 -0.066417 -1.532576 -0.340056 0.379835 -0.382821 0.700157 -0.702630 -0.031134 0.444351 -0.374455 0.509832 -0.379463 -0.118691 
115.924408 -32.110423 -0.719476 2.419496 0.821646 1.654737 0.165378 0.064274 -1.610375 1.255897 0.822842 0.519627 1.164146 -2.252052 -2.089982 0.857875 -1.730619 2.030676 -0.339050 -0.447984 0.501735 -0.593290 0.877778 -0.269946 0.061793 1.331388 2.594844 -1.187429 0.015615 -0.618900 -1.440919 0.252083 -0.251527 -0.439488 -0.280195 -0.503964 0.047062 
115.889969 -30.760971 0.784970 1.638948 -0.638929 3.246585 -1.860914 -0.170123 -1.440203 0.471179 1.269320 -0.419173 1.422008 -0.083260 1.052941 -0.517236 -1.606137 0.563272 -1.287421 -0.247226 -0.265936 -0.792718 -0.094708 -0.331623 0.027706 -1.443191 1.370373 -0.733832 0.446878 -1.052597 0.081245 0.119636 -0.227426 0.584985 -0.781023 0.051071 -0.166049 
109.344910 -32.276943 1.386406 1.385024 -2.390628 2.781282 -2.409464 -0.430179 -2.142248 -0.329540 0.633427 -0.143620 1.219558 -5.138434 0.650764 -0.609790 -0.836863 -0.074518 -0.176560 -0.208713 0.046882 0.576680 -0.684269 -0.167803 -0.270305 -5.041312 -0.422264 -0.426143 0.828661 0.030676 1.008499 -0.300590 0.511765 0.594262 -0.116473 0.064664 -0.057391 
102.432510 -41.037839 2.086497 0.419368 -2.312655 3.097549 -2.214034 -0.587548 -1.346439 1.624539 -0.099218 -0.754779 0.881398 -10.165884 0.208414 -1.369523 0.051186 0.624625 0.729576 -0.848405 0.757594 0.395806 -0.327654 -0.202295 -0.087076 -0.876037 1.104040 0.408658 0.674914 -0.439669 0.739950 0.152786 0.240198 -0.638188 0.294283 0.200266 0.139885 
102.978355 -52.608711 1.803234 -1.354021 -2.288256 4.030532 -0.950312 -2.126990 -0.627059 0.462073 -0.021880 -0.548209 1.045406 -6.890509 2.858844 0.207527 0.512965 -0.953856 1.303339 0.096859 0.527277 -0.699696 -0.095703 0.232729 0.009464 7.697865 1.730432 0.751348 1.473441 -1.063161 -0.604749 1.391266 -0.391254 -0.541951 0.380037 0.237278 -0.085519 
104.829002 -54.818856 7.804185 0.834421 -1.286724 1.189837 0.392644 -0.393830 -0.291885 0.225146 -0.290624 -0.289322 0.900327 5.229845 3.669278 0.133173 2.998068 -1.501697 -0.479921 1.934127 -0.024914 -0.688095 0.432421 0.272262 -0.258115 8.623248 -2.011391 -0.622562 1.188149 0.352603 -1.153703 0.442585 -0.455398 0.295551 0.283489 0.152811 -0.016201 
232.936218 -42.149021 9.141790 -1.087676 3.707880 1.027138 -1.910154 1.741264 -0.676887 -0.914118 0.842963 -0.003686 0.529177 10.355987 -1.163938 -1.037597 2.889263 -0.248649 -1.004067 0.982030 -0.383518 -0.108595 0.471274 0.538350 -0.022937 -1.060172 -3.947296 0.432363 -1.630517 0.729906 0.789661 -1.056528 0.006104 0.876157 -0.128029 0.222259 0.227433 
106.333038 -34.106881 5.476309 -1.240772 4.491801 0.692538 -1.615490 1.570229 -1.058921 0.007955 0.651925 0.787379 0.854452 3.109502 -4.225313 0.997898 -0.262965 -0.041885 1.099400 -0.178929 -0.012705 1.064219 0.176364 0.716780 0.196752 -6.269708 -0.679383 1.410500 -1.876866 0.163574 1.128485 -0.756904 0.035246 0.399636 -0.159995 -0.278898 0.053602 
105.536369 -35.930017 0.691163 0.908121 3.181950 0.943369 0.288646 1.383406 -0.702297 1.214319 1.195690 1.429874 0.922681 -2.183428 -2.522704 1.783404 -0.864470 0.078499 1.252903 -0.531778 -0.313027 0.690677 0.151284 -0.019445 0.084267 -0.868907 3.048163 -0.483659 -0.450156 0.086527 -0.782920 -0.373587 -0.322442 -0.453710 -0.215700 -0.823051 0.010380 
105.799255 -38.473738 0.430900 2.326036 2.762861 0.849537 0.890315 0.506673 -1.684975 1.389310 0.954494 0.748489 1.022985 1.371688 1.871012 0.030580 -1.163277 0.131169 -0.466440 -0.926103 -0.657589 0.156798 -0.255037 -0.929322 0.217512 2.585197 2.555746 -1.101355 -0.183258 -0.114223 -1.158734 0.106980 0.270708 -0.579914 -0.217996 -0.293095 0.143636 
109.925964 -33.186640 4.433188 0.969280 0.855396 1.205707 -0.644235 -0.468800 -2.017475 1.527915 0.685617 -0.428771 1.357704 2.986965 2.588788 -0.419306 -1.230986 -0.149947 -1.064565 -0.317817 0.228388 -0.469151 -0.284708 -0.605636 0.371539 -0.719759 -0.671386 0.343795 0.293589 -0.234633 0.054677 0.176892 0.717529 -0.100760 0.148749 0.437017 -0.081878 
108.968681 -32.499807 5.608476 1.487424 0.300888 0.549644 -1.238815 -0.128962 -1.228198 0.451008 0.385078 -0.462783 1.766063 -0.067830 0.528240 0.718170 -0.576099 -0.338097 -0.357086 -0.572319 0.777470 -0.044723 0.042462 -0.055288 0.053756 -2.020638 -0.858557 0.494043 0.468579 0.588847 0.309723 -0.376914 0.052620 0.109562 0.222464 0.493209 -0.207964 
108.537659 -33.322301 5.489668 2.405620 -0.296802 0.529513 -1.358406 -1.613437 -0.462535 1.438469 0.770540 -0.539347 1.465216 -1.054311 0.871674 0.568781 -0.293827 1.027748 -0.445118 -1.071645 0.333629 -0.250027 0.160221 0.380782 -0.044389 -1.184992 0.593901 -0.428729 0.253668 1.119988 0.059812 0.109746 -0.352350 -0.428367 -0.249090 0.206367 -0.094535 
106.773270 -34.608429 7.351824 2.624986 -0.286767 2.605139 -2.129051 -2.272251 -0.560940 -0.049045 0.705520 0.298781 1.677285 -2.437814 1.716042 -0.139287 -0.068763 1.901879 -0.237463 -0.352828 0.072769 -0.901457 -0.455719 0.357446 -0.135314 -1.183294 -0.034686 -0.466036 0.481318 -0.064225 0.301900 0.358670 -0.057820 0.019636 -0.263128 -0.201683 -0.149756 
101.049667 -38.197928 8.921753 2.127045 -0.434329 4.333272 -1.833331 -2.319092 -0.316997 -0.364444 -0.140898 0.175544 1.194589 -3.420898 0.802302 -0.363290 0.668808 0.899298 0.158682 -0.354304 0.217989 -0.210754 -0.366035 -0.022583 -0.343900 0.069309 -1.087287 -0.116715 0.800183 -1.170990 -0.022337 -0.318945 -0.060134 0.807107 0.338066 -0.013706 0.194865 
101.184013 -41.450226 8.956428 1.898405 1.050849 4.403735 -1.811688 -2.980860 -0.124962 -0.470554 -0.026550 0.253616 0.989484 -2.299195 -0.458532 -0.372716 1.531602 -0.440100 -0.282136 -0.990718 -0.047500 0.712758 0.220412 0.330033 0.254417 1.074155 -0.379410 -0.061187 -0.277946 -0.870635 -0.448064 -0.169524 -0.280360 0.869747 0.325297 0.091364 0.394055 
101.402267 -42.796319 8.004688 1.381613 2.628875 3.453072 -2.397603 -4.300528 -0.411997 1.061072 0.299926 0.835610 1.703422 -1.272589 0.043482 -0.485664 0.112917 -0.841972 -0.737446 -0.693351 -0.342732 1.528739 0.284559 0.160144 0.444209 -0.391988 0.601902 0.122851 -1.588278 0.122681 0.138078 0.845844 0.133338 0.039296 -0.114487 -0.475783 -0.121694 
99.319611 -43.995403 9.043392 0.927077 1.276683 2.719792 -3.286580 -4.367563 -0.810426 2.586924 0.542568 0.573905 1.877903 -3.083171 0.745272 -0.127015 -1.644955 -0.194737 -0.005980 0.700970 0.219175 0.791350 -0.008563 -0.621532 0.011029 -3.128047 -0.437268 0.069073 -0.673392 0.109124 0.888206 1.184319 0.609047 -1.291947 -0.476034 -0.169458 -0.408256 
98.339668 -48.962660 9.495232 1.127584 -0.661035 3.063597 -2.409562 -2.898588 0.026354 2.643773 0.282801 -0.407454 1.725480 -7.528682 -0.831054 -0.347517 -1.233868 -0.623723 1.038967 1.675287 0.875362 -1.055155 -0.667510 -0.178771 -0.372302 -3.172035 -2.150738 -0.330100 0.741691 0.012660 0.717700 0.065712 -0.142925 -1.080439 -0.204364 0.451398 -0.166048 
101.908371 -59.052768 7.381283 0.232043 -1.191054 1.472345 -1.208646 -1.016989 0.940299 0.476614 -0.792452 0.216362 1.133298 -9.427242 -3.556204 -0.787214 -0.161574 -0.169417 1.429420 0.832393 -0.066675 -1.369528 -0.417292 0.281264 -0.321067 9.563571 -3.426142 0.424709 1.304402 -0.540059 -1.374432 -1.201975 -1.059668 0.331934 0.563883 -0.485140 -0.101773 
103.194290 -67.817143 2.382823 -0.446845 -0.984182 2.724762 0.449277 -1.233802 -0.106996 -0.095283 -0.551783 0.155073 1.083346 11.598459 -7.683339 0.501901 1.374935 -1.703841 -1.709896 -0.728663 -1.243974 -0.391287 0.460256 -1.149050 -0.575849 13.876413 -1.466538 0.380398 1.547093 -0.331233 -1.313713 -0.394382 -0.130425 0.882534 0.729153 -0.442748 0.093652 
0.000000 -35.855850 -7.985394 1.235845 1.558816 -1.935337 -4.628439 -2.474315 -1.547649 -0.305961 0.128060 -2.081738 -0.018399 18.325584 -6.489281 -0.026418 2.932613 -0.831883 -1.198006 0.043630 -0.327524 0.395541 1.041015 -0.604232 -0.133763 -4.600543 4.304019 -0.664701 0.924966 2.521017 1.435033 1.062618 0.890587 0.803434 0.186688 1.179866 0.481147 
0.000000 -31.165976 -10.595739 -0.499680 4.881044 1.060997 -1.946735 -1.146542 -0.762045 0.695798 1.530246 -1.053392 0.815820 2.397374 0.924700 -0.827501 3.224868 3.338193 1.160170 1.396573 0.537201 1.215580 0.833633 1.210682 0.386446 -8.246649 4.592903 -0.017909 -0.752247 1.188561 0.513798 0.351374 0.019217 0.208563 -0.488629 0.709530 0.217287 
133.068954 -31.061103 -6.135994 -0.419157 8.008552 4.741049 -2.308100 0.318831 -0.473248 2.125199 1.795326 0.339626 0.754492 1.832285 2.696525 -0.062236 1.428119 1.545239 -0.170410 0.746377 -0.289090 0.812667 0.063756 0.814828 0.300812 -0.174381 0.171366 0.177501 -1.651200 -1.742564 -0.772921 -0.732417 -0.405325 -0.597110 -0.431499 -0.600043 -0.213171 
133.501526 -27.501405 -5.202690 -0.624151 7.737282 4.151475 -2.287554 0.346213 -1.340225 2.321133 1.657758 0.576264 1.417445 2.048611 1.267431 -0.472498 -0.077532 -0.146935 -0.385673 -0.068262 -0.273450 0.021360 -0.029365 0.010596 -0.039897 -0.925022 -0.351276 -0.504314 -0.644103 -0.736041 0.029359 -0.444524 0.291309 -0.317662 -0.060431 -0.513209 -0.386269 
131.582077 -26.963881 -3.601132 -1.364154 7.853488 4.447180 -3.079445 0.182308 -1.020147 2.167919 1.736596 0.360817 0.674697 -0.017759 1.993972 -1.070864 0.139913 0.073158 -0.111691 -0.142671 0.293528 0.177344 -0.057107 -0.211590 -0.471726 -1.308584 0.377474 -0.258353 -0.158950 0.032944 0.556568 -0.037531 0.034042 0.127325 -0.025499 -0.055129 0.161545 
127.987900 -27.536923 -1.214747 -2.765880 8.017108 4.297791 -2.510936 0.060871 -0.753170 2.675821 1.543544 0.153084 0.473992 -0.568558 2.022379 -0.989205 -0.395432 -0.081046 0.727464 -0.143324 -0.205365 0.276010 -0.080363 -0.099663 0.283193 -1.601741 -0.770665 1.039211 -0.596581 0.019523 0.585819 -0.247463 -0.289707 -0.066759 -0.125715 0.051773 0.419990 
126.385094 -28.100996 0.443625 -3.342564 7.062625 4.285089 -1.624517 -0.104339 -1.430878 2.719938 1.575870 0.161491 1.241083 -3.221242 0.452643 1.007557 -1.053249 0.112204 1.059948 -0.637597 -0.285887 0.043826 -0.308537 -0.108044 0.368255 -0.781982 -0.806732 1.589685 -0.437185 -0.676111 -0.139272 0.065678 0.103325 -0.266387 -0.344800 0.072743 -0.011923 
120.259102 -33.979407 -0.309461 -0.750766 5.910611 4.522199 -0.391041 -1.214322 -1.324943 2.763472 0.926471 -0.063005 1.210501 -2.132521 0.408915 2.190164 -1.269802 -1.433267 0.448920 -0.011968 0.001284 -0.256763 -0.769963 0.045824 0.259348 4.035935 0.692079 -0.427110 -0.147719 -1.230789 -0.803309 1.012468 -0.144607 -0.330297 -0.083609 -0.016378 -0.036897 
118.636536 -32.366039 1.261455 1.037764 4.523021 1.418554 -0.726678 -0.128276 -1.428310 2.206411 0.035945 0.253139 1.759779 4.850628 1.836802 0.153337 -1.348687 -2.349374 -0.546670 1.387339 -0.575101 -0.616769 -0.475754 -0.140801 0.294461 3.504785 0.851604 -1.613555 0.090991 0.238596 -0.600850 0.549858 -0.333120 -0.071299 0.243119 -0.302128 -0.127470 
127.511185 -24.278151 3.364142 -0.444091 3.213236 -0.176548 -1.484380 1.560357 -2.475145 1.529935 -0.025037 -0.344607 1.799422 4.877049 2.112122 -1.036947 -1.087819 -0.956075 -0.752780 1.087748 -0.664956 -0.399362 -0.283724 -0.558432 0.004407 -1.803131 -0.180511 -0.191074 0.237256 0.906569 -0.012754 -0.571415 0.364349 0.210270 -0.003190 -0.018413 -0.117138 
129.533676 -22.611940 5.485699 -1.036130 2.347383 -0.493597 -2.232239 2.047220 -2.758222 1.407688 -0.531504 -0.863725 1.768593 1.244367 1.475779 -0.228811 -0.874176 -0.536236 -0.572178 0.244510 0.153598 -0.196230 -0.482133 -0.177627 0.060184 -2.875086 -0.232233 0.380496 0.336928 0.259647 0.340296 -0.813239 0.453118 0.227347 -0.039137 0.475323 -0.118978 
128.026566 -21.789417 6.315699 -0.901714 1.464884 -1.249021 -2.628736 2.049376 -2.167949 1.137475 -0.989304 -0.699862 1.919790 -0.873123 1.647656 -0.275954 -0.413964 -0.436780 -0.072189 -0.538730 0.241280 0.055333 -0.361998 0.392214 -0.233549 -1.315673 -0.467087 0.161404 0.430545 0.302363 0.338770 -0.364350 -0.051730 0.129871 0.121650 0.199703 -0.165891 
123.185295 -24.358186 8.781012 -1.588038 1.519456 -1.367157 -2.376617 0.969761 -2.275662 1.518355 -1.255501 -0.079297 1.301494 -1.386979 0.541604 0.093997 -0.013085 0.068491 0.105362 -0.484191 0.050138 0.063512 -0.238833 0.221779 -0.271598 0.090700 -1.099018 0.234663 0.309675 0.376849 0.036919 0.156006 -0.063696 -0.088111 0.189255 -0.225334 0.101900 
119.090469 -24.563374 7.398907 -0.713720 1.438714 -1.112040 -2.418013 1.080995 -2.067673 1.264498 -1.466969 -0.256304 1.376593 -0.691723 -0.550380 0.193371 0.205386 0.316918 0.001649 -0.226717 0.113889 -0.120888 0.016512 -0.058454 -0.029749 0.097243 -0.122122 0.013746 0.019967 0.144775 -0.046220 0.198762 -0.043827 -0.050566 0.142419 0.121116 -0.022270 
114.591446 -25.741632 7.680253 -1.201296 1.930227 -0.733321 -2.373320 0.516326 -2.047884 1.276578 -1.222477 -0.196206 1.241996 -1.192493 0.297361 0.121490 0.026850 0.358041 0.012921 -0.086666 -0.037515 -0.037620 0.046006 0.464011 -0.316139 -0.387950 -0.199736 0.300120 -0.081483 -0.089937 0.175010 0.303237 -0.180900 0.000023 0.126415 0.406037 -0.090353 
112.805428 -26.948361 7.993630 -0.470741 1.492414 -0.395957 -2.392171 0.907663 -2.142702 1.189258 -1.374958 0.671717 0.744315 -1.467623 -0.949851 0.793612 0.042420 0.137045 0.351668 0.379756 -0.247911 -0.120842 0.269341 0.753620 -0.210456 0.113877 -2.883925 1.119657 -0.141933 -0.172821 0.597083 0.015722 0.220786 -0.410266 0.488718 -0.306902 0.187345 
111.439957 -28.676878 5.780550 0.385929 2.015067 -0.459232 -1.669984 1.275839 -2.543705 1.034895 -0.683794 1.311035 0.821085 -0.964740 -5.470489 2.360804 -0.257017 0.012399 1.207087 -0.055223 0.404056 -0.858152 1.023442 -0.149793 0.058551 -0.319801 -4.554830 -0.090649 -0.357301 -0.422756 0.347055 -0.138469 0.514855 -0.322794 0.070632 -0.642445 -0.065221 
111.407494 -28.877842 -2.947348 4.250866 0.978381 -0.371158 0.022004 0.797216 -1.334590 -0.527047 0.671927 0.372131 0.861417 -2.107224 -10.059511 0.612315 -0.672182 -0.708466 1.045778 0.102817 0.781799 -0.766429 0.410606 -0.531269 -0.340898 -0.553930 -0.415270 -1.885619 -0.092013 -0.307618 -0.435285 0.432204 0.001987 0.300056 -0.717764 -0.314742 -0.145935 
0.000000 -32.891327 -14.338471 1.610559 0.670703 -1.876164 0.421572 1.481474 -0.980106 -0.497963 0.137417 0.248497 0.139288 -2.072600 -6.301029 -1.410434 -0.441042 -0.602838 0.336518 0.809186 0.408030 -0.258040 -0.412086 -0.779277 -0.233318 0.406592 4.215772 -0.091313 0.846684 0.401519 -0.899088 0.088580 -0.352993 0.419115 -0.310793 -0.071937 0.147366 
0.000000 -33.023042 -15.549405 1.429998 0.096296 -1.576834 0.695040 2.415588 -0.518529 -1.043126 -0.152246 -1.186424 0.394781 -1.294041 -1.627966 0.429688 1.021186 0.094572 -0.752399 0.279977 0.075813 0.071801 -0.210981 -0.675143 -0.046166 0.437891 2.228619 0.226028 0.825211 0.309618 -0.533163 -0.833189 -0.716170 0.079779 0.482566 0.595812 0.014040 
0.000000 -35.479408 -17.594403 2.469935 2.713076 -1.687021 -1.083226 2.041427 -0.828481 -0.354360 -0.284545 -1.101789 0.046957 -1.196817 -1.843791 -0.958378 1.209380 0.016397 -0.729809 -0.857193 -1.024310 -0.098482 0.553046 0.412346 -0.205238 2.009352 3.803145 0.224180 -0.528238 0.189347 0.504370 -0.617811 -0.221487 0.021018 0.419416 0.926849 0.255096 
0.000000 -35.416677 -19.236987 -0.486757 2.515055 -1.544039 -0.764578 0.701202 -2.567150 -1.240089 0.953846 -0.361731 -0.015695 2.724663 5.978323 0.878049 -0.035289 0.473265 0.256341 -0.955645 -0.367161 0.113838 0.627850 1.178555 0.464026 2.434647 6.398145 1.089332 -0.732147 0.298555 0.381685 0.502207 1.057720 0.289096 -0.422205 0.150946 0.408457 
0.000000 -30.030081 -5.637757 4.226032 2.642497 -0.740490 -0.570544 0.130138 -1.562803 -0.126685 0.971155 1.255320 0.975008 3.672477 10.952500 1.220286 -0.254914 0.613508 0.033560 0.147221 1.091130 0.479710 -0.291365 0.714238 0.611677 -1.424917 -0.319466 -1.142924 -0.039722 0.284176 -0.265135 0.663101 0.411546 0.067138 -0.584025 -0.568805 -0.234284 
126.143463 -28.071722 2.668012 1.953815 2.005228 -0.317024 -0.697457 0.995644 -0.384890 -0.280670 0.371115 1.066746 1.207658 -0.125170 5.339391 -1.407799 -0.114734 1.041618 -0.273928 0.370557 0.455932 0.248115 -0.540201 0.040944 -0.004543 -3.249544 -4.903833 -0.676437 0.100139 0.286164 -0.015987 -0.226853 -0.489680 -0.138934 -0.012414 -0.286566 -0.384885 
122.474350 -30.280422 5.041026 1.410434 2.413029 1.342747 -1.118401 0.871253 -0.650939 0.369545 -0.109246 1.337208 0.965922 -2.826611 1.144834 -0.132587 -0.054637 1.185835 0.001586 -0.306486 0.111771 0.201842 -0.316193 0.141106 -0.158093 -0.809242 -3.118579 0.310433 -0.380813 0.126242 0.324846 -0.778642 0.253119 -0.638560 0.603372 -0.011531 -0.112792 
118.493164 -33.724944 4.957680 1.688641 1.895954 2.054646 -0.694284 0.382673 -0.161348 0.123015 -0.261271 1.348958 0.891472 -1.743655 -0.897766 -0.786933 -0.876359 1.294103 0.375763 -1.186728 0.962170 -1.029004 0.666544 0.017882 -0.230127 1.768920 -1.082280 -0.507059 -0.338516 0.187665 0.017638 -0.169832 0.052515 -0.580781 0.531883 -0.029925 -0.024095 
116.529404 -33.767731 3.245495 -0.163432 0.660310 3.930953 -0.366875 -1.502202 1.273400 -1.688463 1.223843 1.372972 0.505668 0.711229 -1.019727 -1.146706 -0.731668 1.561165 0.036862 -0.646150 0.216802 -0.959719 0.747573 0.081256 -0.206283 2.920164 0.743407 0.325622 0.391855 -1.239681 -0.592975 0.850732 -1.315311 1.002562 -0.533262 -0.239753 0.150881 
117.431152 -32.302485 2.918225 -0.604770 0.432618 5.176977 -0.620561 -0.909627 0.272255 -1.796424 1.233874 1.511471 0.478905 4.096674 0.589047 -0.135688 -0.092649 -1.185259 -0.810187 0.514736 -1.668452 0.976119 -0.399980 -0.461624 0.071635 2.160985 0.791878 0.534059 0.500763 -1.857795 -0.596830 0.557372 -0.897369 0.918037 -0.599597 -0.275312 0.001954 
117.714722 -25.574383 4.423590 -0.434808 0.475012 1.560436 -1.987248 -0.472730 -2.063503 0.263774 0.423882 0.449724 0.648939 5.033200 0.564028 -0.078587 0.269857 -2.154425 -1.156799 0.468594 -1.577936 0.876355 -0.451622 -0.469368 -0.202374 -2.540487 -0.438413 0.410620 0.046889 0.504472 0.480316 -0.125773 0.831557 -0.394007 0.311749 0.257102 0.082580 
118.723953 -22.236085 4.046282 -0.761945 0.972332 0.868127 -2.934159 0.027560 -2.883616 -0.043715 0.330630 0.572734 0.074157 -0.984301 -0.287779 0.685552 0.001130 -0.176314 0.150446 0.263189 -0.005337 0.188105 0.223517 0.052579 0.236795 -7.035826 -0.599028 0.760661 -0.269960 1.202772 1.142094 -0.443016 1.258196 -0.358194 0.251380 0.236576 0.332643 
117.440506 -27.542985 3.848031 0.936297 0.477271 1.207807 -1.686355 0.053648 -2.074177 0.639984 0.870916 0.554881 1.122528 -9.038452 -0.634027 1.442735 -0.270062 0.251119 1.127389 -0.417437 0.938457 0.159967 0.051138 0.003783 0.462911 -2.700351 -0.123561 -0.045969 -0.011831 0.128796 0.176521 -0.346835 0.269537 -0.184994 -0.221261 -0.019934 -0.149034 
112.186401 -40.312989 2.778228 2.123526 0.432207 1.370364 -0.679380 -0.807314 -1.006702 0.276220 0.432905 0.580301 0.999979 -6.385002 -0.534901 0.593615 -0.022532 0.081279 0.503487 -0.430481 0.533738 -0.181882 -0.219005 0.012710 -0.061274 1.326725 0.049563 -0.424560 0.123765 -0.084920 -0.311951 -0.006522 -0.202360 -0.170925 -0.135072 0.004463 -0.262093 
